timestep,x_cm,y_cm,z_cm,yaw_deg,teleport_flag,throttle_cmd,steering_cmd,cmd_move_cm,cmd_turn_deg,lidar_cm_0,lidar_cm_1,lidar_cm_2,lidar_cm_3,lidar_cm_4,lidar_cm_5,lidar_cm_6,lidar_cm_7,lidar_cm_8,lidar_cm_9,lidar_cm_10,lidar_cm_11,lidar_cm_12,lidar_cm_13,lidar_cm_14,lidar_cm_15,lidar_cm_16,lidar_class_0,lidar_class_1,lidar_class_2,lidar_class_3,lidar_class_4,lidar_class_5,lidar_class_6,lidar_class_7,lidar_class_8,lidar_class_9,lidar_class_10,lidar_class_11,lidar_class_12,lidar_class_13,lidar_class_14,lidar_class_15,lidar_class_16
0,985.694,3612.079,-153.500,68.029,1,0.08000,0.12000,4.800,0.240,850.000,375.000,-1,375.000,-1,300.000,300.000,300.000,325.000,-1,-1,-1,-1,750.000,700.000,-1,-1,1,0,2,0,2,0,0,0,0,2,2,2,2,0,0,2,2
1,989.211,3621.011,-153.449,68.509,0,0.16000,0.24000,9.600,0.480,825.000,375.000,-1,375.000,-1,300.000,300.000,300.000,325.000,-1,-1,-1,-1,750.000,700.000,-1,-1,1,0,2,0,2,0,0,0,0,2,2,2,2,0,0,2,2
2,994.318,3634.475,-153.369,69.229,0,0.24000,0.36000,14.400,0.720,825.000,375.000,-1,375.000,-1,300.000,300.000,300.000,325.000,-1,-1,-1,-1,750.000,700.000,-1,-1,1,0,2,0,2,0,0,0,0,2,2,2,2,0,0,2,2
3,1000.825,3652.539,-153.256,70.189,0,0.32000,0.48000,19.200,0.960,800.000,375.000,-1,375.000,-1,300.000,300.000,300.000,325.000,-1,-1,-1,-1,750.000,700.000,-1,-1,1,0,2,0,2,0,0,0,0,2,2,2,2,0,0,2,2
4,1008.485,3675.284,-153.103,71.389,0,0.40000,0.60000,24.000,1.200,775.000,400.000,-1,375.000,-1,325.000,300.000,300.000,325.000,-1,-1,-1,-1,775.000,700.000,-1,-1,1,0,2,0,2,0,0,0,0,2,2,2,2,0,0,2,2
5,1016.988,3702.800,-152.906,72.829,0,0.48000,0.72000,28.800,1.440,725.000,400.000,-1,375.000,-1,325.000,300.000,300.000,325.000,-1,-1,875.000,-1,775.000,700.000,-1,-1,1,0,2,0,2,0,0,0,0,2,2,0,2,0,0,2,2
6,1026.039,3735.158,-152.659,74.373,0,0.56000,0.77208,33.600,1.544,700.000,400.000,-1,375.000,-1,325.000,300.000,300.000,325.000,-1,925.000,775.000,-1,775.000,725.000,-1,-1,1,0,2,0,2,0,0,0,0,2,0,0,2,1,0,2,2
7,1035.377,3772.405,-152.355,75.925,0,0.64000,0.77597,38.400,1.552,675.000,400.000,-1,375.000,-1,325.000,325.000,300.000,325.000,-1,825.000,750.000,-1,775.000,725.000,-1,-1,1,0,2,0,2,0,0,0,0,2,0,0,2,1,0,2,2
8,1044.737,3814.579,-151.991,77.488,0,0.72000,0.78145,43.200,1.563,625.000,400.000,-1,375.000,-1,325.000,325.000,300.000,325.000,-1,750.000,700.000,-1,750.000,725.000,-1,-1,1,0,2,0,2,0,0,0,0,2,0,0,2,1,0,2,2
9,1053.842,3861.707,-151.562,79.065,0,0.80000,0.78858,48.000,1.577,600.000,400.000,-1,375.000,-1,325.000,325.000,300.000,325.000,-1,700.000,675.000,-1,725.000,725.000,-1,-1,1,1,2,0,2,0,0,0,0,2,0,0,2,1,0,2,2
10,1062.411,3913.807,-150.864,80.660,0,0.88000,0.79750,52.800,1.595,550.000,400.000,-1,400.000,-1,325.000,325.000,325.000,300.000,-1,675.000,675.000,-1,725.000,750.000,-1,-1,1,1,2,0,2,0,0,0,0,2,0,0,2,1,0,2,2
11,1070.413,3970.849,-149.618,82.015,0,0.96000,0.67750,57.600,1.355,550.000,400.000,-1,400.000,-1,325.000,325.000,325.000,300.000,-1,575.000,575.000,-1,750.000,750.000,-1,-1,1,1,2,0,2,0,0,0,0,2,0,0,2,1,0,2,2
12,1077.590,4030.418,-148.205,83.130,0,1.00000,0.55750,60.000,1.115,500.000,425.000,-1,400.000,-1,350.000,325.000,325.000,300.000,-1,575.000,575.000,-1,750.000,800.000,-1,-1,1,1,2,0,2,0,0,0,0,2,0,0,2,1,0,2,2
13,1083.857,4090.090,-146.773,84.005,0,1.00000,0.43750,60.000,0.875,475.000,425.000,-1,400.000,-1,350.000,325.000,325.000,300.000,-1,575.000,575.000,-1,775.000,825.000,-1,-1,1,1,2,0,2,0,0,0,0,2,0,0,2,1,0,2,2
14,1089.462,4149.828,-145.328,84.640,0,1.00000,0.31750,60.000,0.635,450.000,425.000,-1,400.000,-1,350.000,350.000,325.000,300.000,-1,600.000,600.000,-1,800.000,850.000,-1,-1,1,1,2,0,2,0,0,0,0,2,0,0,2,1,0,2,2
15,1094.655,4209.602,-143.895,85.035,0,1.00000,0.19750,60.000,0.395,425.000,425.000,-1,425.000,-1,350.000,350.000,325.000,300.000,-1,600.000,600.000,-1,850.000,875.000,-1,-1,1,1,2,0,2,0,0,1,0,2,0,0,2,1,0,2,2
16,1099.686,4269.391,-142.505,85.190,0,1.00000,0.07750,60.000,0.155,400.000,450.000,-1,425.000,-1,350.000,350.000,300.000,300.000,-1,625.000,600.000,-1,875.000,900.000,-1,-1,1,1,2,0,2,0,0,1,0,2,0,0,2,1,0,2,2
17,1104.806,4329.172,-141.195,85.105,0,1.00000,-0.04250,60.000,-0.085,-1,450.000,-1,425.000,-1,375.000,350.000,275.000,300.000,-1,625.000,625.000,-1,925.000,900.000,-1,-1,2,1,2,0,2,0,0,1,0,2,0,0,2,1,0,2,2
18,1110.266,4388.923,-140.007,84.780,0,1.00000,-0.16250,60.000,-0.325,-1,475.000,-1,425.000,-1,375.000,350.000,250.000,300.000,-1,675.000,650.000,-1,950.000,925.000,-1,-1,2,1,2,0,2,0,0,1,0,2,0,0,2,1,0,2,2
19,1116.314,4448.618,-138.987,84.215,0,1.00000,-0.28250,60.000,-0.565,-1,500.000,-1,450.000,-1,375.000,375.000,250.000,300.000,-1,700.000,675.000,-1,950.000,925.000,-1,-1,2,1,2,0,2,0,0,1,0,2,0,0,2,1,0,2,2
20,1123.158,4508.226,-138.177,83.450,0,1.00000,-0.38257,60.000,-0.765,-1,500.000,-1,450.000,-1,375.000,375.000,225.000,300.000,-1,750.000,750.000,-1,975.000,950.000,-1,-1,2,1,2,0,2,0,0,1,0,2,0,0,2,1,0,2,2
21,1130.622,4567.060,-137.326,82.770,0,0.98843,-0.33977,59.306,-0.680,1000.000,500.000,-1,450.000,-1,375.000,375.000,200.000,300.000,-1,900.000,900.000,-1,975.000,925.000,-1,-1,1,0,2,0,2,0,0,1,0,2,0,0,2,1,0,2,2
22,1138.535,4624.222,-137.056,82.119,0,0.96178,-0.32556,57.707,-0.651,925.000,500.000,-1,425.000,-1,375.000,375.000,200.000,300.000,-1,-1,-1,-1,975.000,900.000,-1,-1,1,0,2,0,2,0,0,1,0,2,2,2,2,1,0,2,2
23,1146.831,4679.598,-137.419,81.480,0,0.93323,-0.31964,55.994,-0.639,875.000,475.000,-1,425.000,-1,375.000,350.000,175.000,300.000,-1,-1,-1,-1,950.000,850.000,-1,-1,1,0,2,0,2,0,0,1,0,2,2,2,2,1,0,2,2
24,1155.453,4733.117,-137.893,80.848,0,0.90349,-0.31566,54.209,-0.631,825.000,450.000,-1,400.000,-1,350.000,350.000,175.000,275.000,-1,-1,-1,-1,950.000,800.000,-1,-1,1,0,2,0,2,0,0,1,0,2,2,2,2,1,0,2,2
25,1164.352,4784.756,-138.413,80.221,0,0.87335,-0.31351,52.401,-0.627,775.000,450.000,-1,400.000,-1,350.000,325.000,175.000,275.000,-1,-1,-1,-1,925.000,750.000,-1,-1,1,0,2,0,2,0,0,1,0,2,2,2,2,1,0,2,2
26,1173.493,4834.537,-138.979,79.595,0,0.84356,-0.31307,50.613,-0.626,725.000,425.000,-1,375.000,-1,325.000,325.000,175.000,275.000,-1,-1,-1,-1,875.000,725.000,-1,-1,1,0,2,0,2,0,0,1,0,2,2,2,2,0,0,2,2
27,1182.849,4882.519,-139.591,78.967,0,0.81475,-0.31418,48.885,-0.628,700.000,425.000,-1,375.000,-1,325.000,325.000,175.000,275.000,-1,-1,-1,-1,825.000,700.000,-1,-1,1,0,2,0,2,0,0,1,0,2,2,2,2,0,0,2,2
28,1192.403,4928.789,-139.704,78.333,0,0.78743,-0.31668,47.246,-0.633,675.000,400.000,-1,375.000,-1,325.000,300.000,175.000,275.000,-1,-1,-1,-1,800.000,675.000,-1,-1,1,0,2,0,2,0,0,1,0,2,2,2,2,0,0,2,2
29,1202.148,4973.455,-139.659,77.693,0,0.76195,-0.32041,45.717,-0.641,700.000,400.000,-1,375.000,-1,325.000,300.000,200.000,275.000,-1,-1,-1,-1,800.000,675.000,-1,-1,1,0,2,0,2,0,0,1,0,2,2,2,2,0,0,2,2
30,1212.084,5016.638,-139.675,77.042,0,0.73852,-0.32523,44.311,-0.650,700.000,400.000,-1,375.000,-1,325.000,300.000,200.000,275.000,-1,-1,-1,-1,775.000,650.000,-1,-1,1,0,2,0,2,0,0,1,0,2,2,2,2,0,0,2,2
31,1222.218,5058.463,-139.751,76.380,0,0.71725,-0.33100,43.035,-0.662,725.000,400.000,-1,350.000,-1,325.000,300.000,200.000,275.000,-1,-1,-1,-1,775.000,650.000,-1,-1,1,0,2,0,2,0,0,1,0,2,2,2,2,0,0,2,2
32,1232.561,5099.056,-139.888,75.705,0,0.69816,-0.33760,41.890,-0.675,750.000,400.000,-1,350.000,975.000,325.000,300.000,225.000,275.000,-1,-1,-1,-1,750.000,625.000,-1,-1,1,0,2,0,0,0,0,1,0,2,2,2,2,0,0,2,2
33,1243.129,5138.539,-140.085,75.015,0,0.68121,-0.34492,40.873,-0.690,800.000,400.000,-1,350.000,950.000,325.000,300.000,225.000,275.000,-1,-1,-1,-1,750.000,625.000,-1,-1,1,0,2,0,0,0,0,1,0,2,2,2,2,0,0,2,2
34,1253.941,5177.029,-140.723,74.309,0,0.66632,-0.35288,39.979,-0.706,825.000,400.000,-1,350.000,975.000,300.000,300.000,225.000,275.000,500.000,-1,-1,-1,750.000,625.000,-1,-1,1,0,2,0,0,0,0,1,0,1,2,2,2,0,0,2,2
35,1265.019,5214.634,-141.661,73.587,0,0.65338,-0.36141,39.203,-0.723,875.000,400.000,-1,350.000,-1,300.000,300.000,225.000,275.000,375.000,-1,-1,-1,725.000,625.000,-1,-1,1,0,2,0,2,0,0,1,0,1,2,2,2,0,0,2,2
36,1276.385,5251.456,-142.557,72.846,0,0.64228,-0.37045,38.537,-0.741,925.000,400.000,-1,375.000,-1,325.000,300.000,250.000,300.000,350.000,-1,-1,-1,725.000,650.000,-1,-1,1,0,2,0,2,0,0,1,0,1,2,2,2,0,0,2,2
37,1289.714,5292.692,-143.574,72.087,0,0.72228,-0.37953,43.337,-0.759,975.000,375.000,-1,375.000,-1,325.000,300.000,250.000,300.000,350.000,-1,-1,-1,725.000,650.000,-1,-1,1,0,2,0,2,0,0,1,0,1,2,2,2,0,0,2,2
38,1301.899,5329.252,-144.770,71.568,0,0.64228,-0.25953,38.537,-0.519,-1,400.000,-1,375.000,-1,325.000,300.000,250.000,300.000,350.000,-1,-1,-1,700.000,650.000,-1,-1,2,0,2,0,2,0,0,1,0,1,2,2,2,0,0,2,2
39,1312.770,5361.189,-145.853,71.202,0,0.56228,-0.18272,33.737,-0.365,-1,400.000,-1,375.000,-1,325.000,300.000,250.000,300.000,350.000,-1,-1,-1,700.000,675.000,-1,-1,2,0,2,0,2,0,0,1,0,1,2,2,2,0,0,2,2
40,1323.381,5391.699,-146.858,70.824,0,0.53836,-0.18921,32.302,-0.378,-1,400.000,-1,375.000,-1,325.000,325.000,250.000,300.000,350.000,-1,-1,-1,700.000,675.000,-1,-1,2,0,2,0,2,0,0,1,0,1,2,2,2,0,0,2,2
41,1334.058,5421.737,-147.829,70.432,0,0.53132,-0.19581,31.879,-0.392,-1,400.000,-1,375.000,-1,325.000,325.000,250.000,300.000,375.000,-1,-1,-1,700.000,675.000,-1,-1,2,0,2,0,2,0,0,1,0,1,2,2,2,0,0,2,2
42,1344.816,5451.337,-148.766,70.027,0,0.52491,-0.20268,31.494,-0.405,-1,400.000,-1,375.000,-1,325.000,325.000,250.000,300.000,375.000,-1,-1,-1,700.000,700.000,-1,-1,2,0,2,0,2,0,0,1,0,1,2,2,2,0,0,2,2
43,1355.669,5480.530,-149.262,69.607,0,0.51909,-0.20981,31.145,-0.420,-1,400.000,-1,375.000,-1,325.000,325.000,250.000,300.000,375.000,-1,-1,-1,700.000,675.000,-1,-1,2,0,2,0,2,0,0,1,0,1,2,2,2,0,0,2,2
44,1366.631,5509.347,-149.611,69.173,0,0.51386,-0.21717,30.832,-0.434,-1,400.000,-1,375.000,-1,325.000,325.000,250.000,300.000,400.000,-1,-1,-1,675.000,675.000,-1,-1,2,0,2,0,2,0,0,1,0,1,2,2,2,0,0,2,2
45,1377.718,5537.818,-149.941,68.723,0,0.50922,-0.22478,30.553,-0.450,-1,400.000,-1,375.000,-1,325.000,325.000,250.000,300.000,400.000,-1,-1,-1,675.000,675.000,-1,-1,2,0,2,0,2,0,0,1,0,1,2,2,2,0,0,2,2
46,1388.945,5565.971,-150.250,68.258,0,0.50515,-0.23260,30.309,-0.465,-1,400.000,-1,375.000,-1,325.000,325.000,275.000,300.000,425.000,-1,-1,-1,675.000,675.000,-1,-1,2,0,2,0,2,0,0,1,0,1,2,2,2,0,0,2,2
47,1400.329,5593.833,-150.539,67.777,0,0.50163,-0.24064,30.098,-0.481,-1,400.000,-1,375.000,-1,325.000,325.000,275.000,300.000,425.000,800.000,-1,-1,675.000,675.000,-1,-1,2,0,2,0,2,0,0,1,0,1,1,2,2,0,0,2,2
48,1411.885,5621.431,-150.808,67.279,0,0.49866,-0.24890,29.920,-0.498,-1,375.000,-1,375.000,-1,325.000,325.000,275.000,300.000,450.000,725.000,-1,-1,675.000,675.000,1000.000,-1,2,0,2,0,2,0,0,1,0,1,1,2,2,0,0,1,2
49,1423.631,5648.789,-151.058,66.764,0,0.49623,-0.25735,29.774,-0.515,1000.000,375.000,-1,375.000,-1,325.000,325.000,275.000,300.000,450.000,700.000,-1,-1,675.000,650.000,950.000,-1,1,0,2,0,2,0,0,1,0,1,1,2,2,0,0,1,2
50,1435.585,5675.934,-151.287,66.232,0,0.49433,-0.26601,29.660,-0.532,950.000,375.000,-1,375.000,-1,325.000,325.000,300.000,300.000,475.000,700.000,-1,-1,650.000,650.000,925.000,-1,1,0,2,0,2,0,0,1,0,1,1,2,2,0,0,1,2
51,1447.765,5702.886,-151.496,65.682,0,0.49295,-0.27487,29.577,-0.550,925.000,375.000,-1,375.000,-1,325.000,325.000,300.000,300.000,475.000,675.000,-1,-1,650.000,650.000,900.000,-1,1,0,2,0,2,0,0,1,0,1,1,2,2,0,0,1,2
52,1462.090,5734.136,-151.723,65.373,0,0.57295,-0.15487,34.377,-0.310,875.000,375.000,-1,375.000,-1,325.000,325.000,300.000,300.000,500.000,700.000,-1,-1,650.000,650.000,875.000,-1,1,0,2,0,2,0,0,1,0,1,1,2,2,0,0,1,2
53,1477.410,5767.449,-151.933,65.303,0,0.61111,-0.03487,36.667,-0.070,850.000,375.000,-1,375.000,-1,300.000,300.000,300.000,300.000,525.000,725.000,-1,-1,650.000,650.000,850.000,-1,1,0,2,0,2,0,0,0,0,1,1,2,2,0,0,1,2
54,1492.697,5800.919,-152.111,65.452,0,0.61327,0.07467,36.796,0.149,825.000,375.000,-1,375.000,-1,300.000,300.000,300.000,300.000,525.000,750.000,-1,-1,650.000,650.000,800.000,-1,1,0,2,0,2,0,0,0,0,1,1,2,2,0,0,1,2
55,1507.993,5834.603,-152.159,65.578,0,0.61657,0.06280,36.994,0.126,775.000,375.000,-1,375.000,-1,300.000,300.000,300.000,300.000,550.000,800.000,-1,-1,650.000,625.000,775.000,-1,1,0,2,0,2,0,0,0,0,1,1,2,2,0,0,1,2
56,1523.319,5868.514,-151.943,65.679,0,0.62021,0.05071,37.213,0.101,750.000,375.000,-1,375.000,-1,300.000,300.000,300.000,300.000,575.000,700.000,-1,-1,650.000,625.000,750.000,-1,1,0,2,0,2,0,0,0,0,1,0,2,2,0,0,1,2
57,1538.698,5902.664,-151.714,65.756,0,0.62422,0.03839,37.453,0.077,725.000,375.000,-1,375.000,-1,300.000,300.000,300.000,300.000,600.000,650.000,725.000,-1,650.000,625.000,700.000,-1,1,0,2,0,2,0,0,0,0,1,0,0,2,0,0,1,2
58,1554.153,5937.066,-151.455,65.808,0,0.62858,0.02584,37.715,0.052,700.000,375.000,-1,375.000,-1,300.000,300.000,325.000,300.000,600.000,625.000,675.000,-1,650.000,625.000,675.000,-1,1,0,2,0,2,0,0,0,0,1,0,0,2,1,0,1,2
59,1571.079,5974.796,-151.127,65.839,0,0.68921,0.01587,41.352,0.032,650.000,375.000,-1,350.000,-1,300.000,300.000,325.000,300.000,600.000,600.000,650.000,-1,625.000,625.000,650.000,-1,1,0,2,0,2,0,0,0,0,1,0,0,2,1,0,1,2
60,1588.040,6012.623,-150.780,65.849,0,0.69093,0.00475,41.456,0.009,625.000,375.000,-1,350.000,-1,300.000,300.000,325.000,300.000,600.000,575.000,600.000,-1,600.000,625.000,600.000,-1,1,0,2,0,2,0,0,0,0,1,0,0,2,1,0,1,2
61,1605.059,6050.554,-150.271,65.836,0,0.69290,-0.00665,41.574,-0.013,575.000,375.000,-1,350.000,-1,300.000,300.000,325.000,300.000,600.000,550.000,550.000,-1,550.000,625.000,575.000,-1,1,0,2,0,2,0,0,0,0,1,0,0,2,1,0,1,2
62,1622.157,6088.597,-149.541,65.799,0,0.69514,-0.01834,41.708,-0.037,550.000,375.000,-1,375.000,-1,300.000,300.000,300.000,300.000,600.000,500.000,525.000,-1,525.000,650.000,525.000,-1,1,0,2,0,2,0,0,0,0,1,0,0,2,1,0,1,2
63,1639.357,6126.761,-148.798,65.738,0,0.69767,-0.03033,41.860,-0.061,500.000,375.000,-1,375.000,-1,300.000,300.000,300.000,300.000,600.000,450.000,475.000,-1,500.000,650.000,500.000,-1,1,0,2,0,2,0,0,0,0,1,0,0,2,1,0,1,2
64,1656.685,6165.054,-148.041,65.653,0,0.70052,-0.04260,42.031,-0.085,475.000,375.000,-1,375.000,-1,300.000,300.000,300.000,300.000,600.000,425.000,450.000,-1,475.000,650.000,450.000,-1,1,0,2,0,2,0,0,0,0,1,0,0,2,1,0,1,2
65,1674.165,6203.487,-147.268,65.543,0,0.70369,-0.05517,42.222,-0.110,425.000,375.000,-1,375.000,-1,300.000,300.000,300.000,300.000,625.000,400.000,425.000,-1,450.000,675.000,425.000,-1,1,0,2,0,2,0,0,0,0,1,0,0,2,1,0,1,2
66,1693.864,6246.184,-146.399,65.234,0,0.78369,-0.15453,47.022,-0.309,375.000,350.000,-1,375.000,-1,300.000,300.000,300.000,300.000,625.000,375.000,400.000,-1,425.000,675.000,375.000,-1,1,1,2,0,2,0,0,0,0,1,0,0,2,1,0,1,2
67,1715.834,6293.110,-145.418,64.912,0,0.86358,-0.16096,51.815,-0.322,325.000,325.000,-1,375.000,-1,300.000,300.000,300.000,300.000,625.000,350.000,375.000,-1,400.000,675.000,325.000,-1,1,1,2,0,2,0,0,0,0,1,0,0,2,1,0,1,2
68,1738.374,6340.528,-144.399,64.576,0,0.87504,-0.16774,52.503,-0.335,275.000,300.000,-1,375.000,-1,300.000,300.000,300.000,325.000,625.000,325.000,350.000,-1,350.000,675.000,275.000,-1,1,1,2,0,2,1,0,0,0,1,0,0,2,1,0,1,2
69,1761.498,6388.422,-143.209,64.228,0,0.88640,-0.17419,53.184,-0.348,225.000,275.000,-1,375.000,-1,275.000,300.000,275.000,325.000,650.000,300.000,325.000,-1,325.000,675.000,225.000,-1,1,1,2,1,2,1,1,0,0,1,0,0,2,1,0,1,2
70,1785.217,6436.770,-141.520,63.867,0,0.89755,-0.18022,53.853,-0.360,175.000,250.000,-1,375.000,-1,250.000,300.000,275.000,325.000,675.000,325.000,325.000,-1,300.000,700.000,200.000,-1,1,1,2,1,2,1,1,0,0,1,0,0,2,1,0,1,2
71,1809.540,6485.546,-138.051,63.496,0,0.90841,-0.18577,54.505,-0.372,150.000,225.000,-1,375.000,-1,225.000,275.000,300.000,300.000,700.000,325.000,300.000,-1,275.000,700.000,150.000,-1,1,1,2,1,2,1,1,0,0,1,0,0,2,1,0,1,2
72,1834.471,6534.718,-128.367,63.114,0,0.91885,-0.19076,55.131,-0.382,150.000,250.000,-1,425.000,-1,250.000,325.000,375.000,275.000,750.000,250.000,200.000,950.000,325.000,850.000,150.000,-1,1,1,2,0,2,1,1,0,0,1,0,0,0,1,0,1,2
73,1859.965,6584.172,-119.367,62.729,0,0.92730,-0.19281,55.638,-0.386,125.000,275.000,-1,475.000,-1,275.000,375.000,425.000,275.000,800.000,225.000,125.000,550.000,350.000,975.000,150.000,-1,1,1,2,0,2,1,1,1,0,1,0,0,0,1,0,1,2
74,1885.780,6633.477,-111.100,62.364,0,0.92758,-0.18233,55.655,-0.365,125.000,300.000,-1,525.000,-1,300.000,450.000,425.000,250.000,825.000,225.000,100.000,400.000,425.000,-1,150.000,-1,1,1,2,0,2,1,1,1,0,1,0,0,0,1,2,1,2
75,1911.869,6682.589,-103.220,62.022,0,0.92685,-0.17103,55.611,-0.342,125.000,325.000,-1,575.000,-1,375.000,500.000,400.000,250.000,875.000,225.000,50.000,325.000,525.000,-1,150.000,-1,1,1,2,0,2,1,0,1,0,1,0,0,0,1,2,1,2
76,1938.177,6731.456,-96.066,61.704,0,0.92499,-0.15884,55.499,-0.318,125.000,375.000,-1,625.000,-1,475.000,550.000,375.000,225.000,900.000,200.000,50.000,275.000,-1,-1,150.000,-1,1,1,2,0,2,1,0,1,0,1,0,0,0,2,2,1,2
77,1964.643,6780.024,-89.526,61.413,0,0.92184,-0.14576,55.311,-0.292,125.000,450.000,-1,650.000,-1,650.000,575.000,300.000,225.000,950.000,200.000,25.000,250.000,-1,-1,150.000,-1,1,1,2,0,2,0,0,1,0,1,0,0,0,2,2,1,2
78,1991.200,6828.231,-83.797,61.149,0,0.91730,-0.13178,55.038,-0.264,100.000,700.000,-1,675.000,-1,675.000,625.000,225.000,225.000,975.000,175.000,25.000,225.000,-1,-1,150.000,-1,1,1,2,0,2,0,0,1,0,1,0,0,0,2,2,1,2
79,5575.424,2295.763,-97.253,166.089,1,0.00000,0.00000,54.675,-0.234,-1,400.000,-1,325.000,600.000,300.000,275.000,425.000,275.000,400.000,125.000,350.000,575.000,775.000,575.000,-1,825.000,2,0,2,0,0,0,0,0,0,1,1,1,1,0,0,2,0
80,5570.769,2296.936,-97.665,165.849,0,0.08000,-0.12000,4.800,-0.240,-1,400.000,-1,325.000,625.000,300.000,275.000,425.000,275.000,400.000,125.000,375.000,600.000,775.000,575.000,-1,850.000,2,0,2,0,0,0,0,0,0,1,1,1,1,0,0,2,0
81,5561.481,2299.361,-98.492,165.369,0,0.16000,-0.24000,9.600,-0.480,-1,400.000,-1,325.000,650.000,300.000,300.000,400.000,275.000,400.000,125.000,350.000,600.000,775.000,575.000,-1,925.000,2,0,2,0,0,0,0,0,0,1,1,1,1,0,0,2,0
82,5547.595,2303.173,-99.736,164.649,0,0.24000,-0.36000,14.400,-0.720,-1,400.000,-1,325.000,750.000,300.000,300.000,400.000,275.000,400.000,100.000,325.000,600.000,800.000,575.000,-1,-1,2,0,2,0,0,0,0,0,0,1,1,1,1,0,0,2,2
83,5529.167,2308.566,-101.395,163.689,0,0.32000,-0.48000,19.200,-0.960,-1,400.000,-1,350.000,875.000,300.000,300.000,400.000,275.000,425.000,100.000,300.000,625.000,800.000,600.000,-1,-1,2,0,2,0,0,0,0,0,0,1,1,1,1,0,0,2,2
84,5506.280,2315.787,-103.465,162.489,0,0.40000,-0.60000,24.000,-1.200,-1,400.000,-1,350.000,-1,300.000,300.000,375.000,300.000,450.000,75.000,275.000,625.000,800.000,625.000,-1,-1,2,0,2,0,2,0,0,0,0,1,1,1,1,0,0,2,2
85,5479.022,2325.087,-105.909,161.161,0,0.48000,-0.66387,28.800,-1.328,-1,400.000,-1,350.000,-1,300.000,300.000,350.000,300.000,475.000,75.000,250.000,650.000,825.000,650.000,-1,-1,2,0,2,0,2,0,0,0,0,1,1,1,1,0,0,2,2
86,5447.484,2336.676,-108.667,159.825,0,0.56000,-0.66813,33.600,-1.336,-1,400.000,-1,350.000,-1,325.000,300.000,350.000,300.000,500.000,75.000,200.000,675.000,825.000,675.000,-1,-1,2,0,2,0,2,0,0,0,0,1,1,1,1,0,0,2,2
87,5414.381,2349.730,-111.484,158.478,0,0.59307,-0.67317,35.584,-1.346,-1,400.000,-1,375.000,-1,325.000,300.000,325.000,300.000,525.000,75.000,175.000,700.000,850.000,725.000,-1,-1,2,0,2,0,2,0,0,0,0,1,1,1,1,0,0,2,2
88,5381.469,2363.618,-114.055,157.121,0,0.59537,-0.67858,35.722,-1.357,-1,400.000,-1,375.000,-1,325.000,325.000,325.000,325.000,550.000,50.000,175.000,725.000,850.000,750.000,-1,-1,2,0,2,0,2,0,0,0,0,1,1,1,1,0,0,2,2
89,5348.751,2378.355,-115.237,155.753,0,0.59806,-0.68408,35.884,-1.368,-1,400.000,-1,375.000,-1,325.000,325.000,325.000,325.000,575.000,100.000,175.000,750.000,850.000,750.000,-1,-1,2,0,2,0,2,0,0,0,0,1,1,1,1,0,0,2,2
90,5316.232,2393.953,-116.465,154.374,0,0.60110,-0.68965,36.066,-1.379,-1,400.000,-1,375.000,-1,325.000,325.000,325.000,325.000,625.000,125.000,200.000,775.000,850.000,750.000,-1,-1,2,0,2,0,2,0,0,0,0,1,1,1,1,0,0,2,2
91,5283.923,2410.428,-117.768,152.983,0,0.60445,-0.69531,36.267,-1.391,-1,400.000,-1,375.000,-1,325.000,325.000,325.000,325.000,675.000,150.000,225.000,800.000,850.000,750.000,-1,-1,2,0,2,0,2,0,0,0,0,1,1,1,1,0,0,2,2
92,5251.835,2427.792,-119.050,151.581,0,0.60808,-0.70103,36.485,-1.402,-1,400.000,-1,375.000,-1,325.000,325.000,325.000,325.000,725.000,200.000,250.000,825.000,850.000,775.000,-1,-1,2,0,2,0,2,0,0,0,0,1,1,1,1,0,0,2,2
93,5219.982,2446.058,-120.314,150.167,0,0.61197,-0.70683,36.718,-1.414,-1,400.000,-1,375.000,-1,325.000,325.000,300.000,325.000,750.000,225.000,275.000,850.000,850.000,775.000,-1,-1,2,0,2,0,2,0,0,0,0,1,1,1,1,0,0,2,2
94,5188.383,2465.239,-121.557,148.742,0,0.61608,-0.71269,36.965,-1.425,-1,400.000,-1,400.000,-1,325.000,325.000,300.000,325.000,775.000,275.000,300.000,875.000,850.000,775.000,-1,-1,2,0,2,0,2,0,0,0,0,1,1,1,1,0,0,2,2
95,5157.058,2485.346,-122.805,147.305,0,0.62039,-0.71862,37.224,-1.437,-1,400.000,-1,400.000,-1,325.000,325.000,300.000,325.000,825.000,300.000,325.000,900.000,850.000,775.000,-1,-1,2,0,2,0,2,0,0,0,0,1,1,1,1,0,0,2,2
96,5126.028,2506.390,-124.049,145.855,0,0.62489,-0.72461,37.493,-1.449,-1,400.000,-1,400.000,-1,325.000,325.000,300.000,325.000,850.000,350.000,350.000,925.000,850.000,775.000,-1,-1,2,0,2,0,2,0,0,0,0,1,1,1,1,0,0,2,2
97,5091.533,2530.862,-125.407,144.646,0,0.70489,-0.60461,42.293,-1.209,-1,400.000,-1,400.000,-1,325.000,325.000,300.000,325.000,900.000,400.000,375.000,975.000,850.000,775.000,-1,-1,2,0,2,0,2,0,0,0,0,1,1,1,1,0,0,2,2
98,5057.017,2556.238,-126.734,143.677,0,0.71400,-0.48461,42.840,-0.969,-1,425.000,-1,400.000,-1,325.000,325.000,300.000,325.000,950.000,425.000,425.000,1000.000,875.000,775.000,-1,-1,2,0,2,0,2,0,0,0,0,1,1,1,1,0,0,2,2
99,5022.561,2582.252,-128.185,142.948,0,0.71956,-0.36461,43.174,-0.729,-1,425.000,-1,400.000,-1,325.000,325.000,300.000,325.000,1000.000,475.000,450.000,-1,875.000,775.000,-1,-1,2,0,2,0,2,0,0,0,0,1,1,1,2,0,0,2,2
100,4988.060,2608.765,-129.870,142.459,0,0.72520,-0.24461,43.512,-0.489,-1,400.000,-1,400.000,-1,325.000,325.000,300.000,325.000,-1,525.000,500.000,-1,850.000,775.000,-1,-1,2,0,2,0,2,0,0,0,0,2,1,1,2,0,0,2,2
101,4953.404,2635.638,-131.538,142.209,0,0.73090,-0.12461,43.854,-0.249,-1,400.000,-1,400.000,-1,325.000,325.000,325.000,325.000,-1,575.000,550.000,-1,850.000,775.000,-1,-1,2,0,2,0,2,0,0,0,0,2,1,1,2,0,0,2,2
102,4918.600,2662.883,-133.171,141.946,0,0.73666,-0.13165,44.200,-0.263,-1,400.000,-1,400.000,-1,325.000,325.000,325.000,325.000,-1,625.000,600.000,-1,850.000,775.000,-1,-1,2,0,2,0,2,0,0,0,0,2,1,1,2,0,0,2,2
103,4883.764,2690.649,-134.754,141.443,0,0.74247,-0.25165,44.548,-0.503,-1,400.000,-1,400.000,-1,325.000,325.000,325.000,325.000,-1,700.000,650.000,-1,825.000,750.000,-1,-1,2,0,2,0,2,0,0,0,0,2,1,1,2,0,0,2,2
104,4848.953,2719.007,-136.280,140.833,0,0.74832,-0.30474,44.899,-0.609,-1,400.000,-1,400.000,-1,325.000,325.000,325.000,325.000,-1,750.000,725.000,-1,825.000,750.000,-1,-1,2,0,2,0,2,0,0,0,0,2,1,1,2,0,0,2,2
105,4814.166,2747.950,-137.923,140.238,0,0.75422,-0.29748,45.253,-0.595,-1,400.000,-1,400.000,-1,325.000,325.000,325.000,325.000,-1,800.000,775.000,-1,825.000,750.000,-1,-1,2,0,2,0,2,0,0,0,0,2,1,1,2,0,0,2,2
106,4779.402,2777.476,-139.575,139.658,0,0.76017,-0.29017,45.610,-0.580,-1,400.000,-1,400.000,-1,325.000,325.000,325.000,325.000,-1,850.000,825.000,-1,800.000,750.000,-1,-1,2,0,2,0,2,0,0,0,0,2,1,1,2,0,0,2,2
107,4744.660,2807.579,-141.197,139.092,0,0.76617,-0.28281,45.970,-0.566,-1,400.000,-1,400.000,-1,325.000,325.000,325.000,300.000,-1,925.000,875.000,-1,800.000,725.000,-1,-1,2,0,2,0,2,0,0,0,0,2,1,1,2,0,0,2,2
108,4709.936,2838.255,-142.787,138.542,0,0.77221,-0.27539,46.333,-0.551,-1,400.000,-1,375.000,-1,325.000,325.000,325.000,300.000,-1,975.000,925.000,-1,800.000,725.000,-1,-1,2,0,2,0,2,0,0,0,0,2,1,1,2,0,0,2,2
109,4675.230,2869.498,-144.366,138.006,0,0.77829,-0.26791,46.697,-0.536,-1,400.000,-1,375.000,-1,325.000,325.000,300.000,300.000,-1,-1,975.000,-1,775.000,725.000,-1,-1,2,0,2,0,2,0,0,0,0,2,2,1,2,0,0,2,2
110,4640.539,2901.304,-145.966,137.485,0,0.78441,-0.26038,47.065,-0.521,-1,400.000,-1,375.000,-1,325.000,325.000,300.000,300.000,-1,-1,-1,-1,775.000,725.000,-1,-1,2,0,2,0,2,0,0,0,0,2,2,2,2,0,0,2,2
111,4605.859,2933.667,-147.532,136.979,0,0.79058,-0.25279,47.435,-0.506,-1,400.000,-1,375.000,-1,325.000,325.000,300.000,300.000,-1,-1,-1,-1,750.000,725.000,-1,-1,2,0,2,0,2,0,0,0,0,2,2,2,2,0,0,2,2
112,4571.187,2966.581,-149.013,136.489,0,0.79678,-0.24515,47.807,-0.490,-1,400.000,-1,375.000,-1,325.000,325.000,300.000,325.000,-1,-1,-1,-1,750.000,700.000,-1,-1,2,0,2,0,2,0,0,0,0,2,2,2,2,0,0,2,2
113,4536.521,3000.042,-150.452,136.014,0,0.80302,-0.23745,48.181,-0.475,-1,375.000,-1,375.000,-1,325.000,300.000,300.000,325.000,-1,-1,-1,-1,725.000,700.000,-1,-1,2,0,2,0,2,0,0,0,0,2,2,2,2,0,0,2,2
114,4501.854,3034.044,-152.130,135.555,0,0.80930,-0.22970,48.558,-0.459,-1,375.000,-1,375.000,-1,325.000,300.000,300.000,325.000,-1,-1,-1,-1,725.000,700.000,-1,-1,2,0,2,0,2,0,0,0,0,2,2,2,2,0,0,2,2
115,4467.307,3068.465,-153.959,135.104,0,0.81281,-0.22536,48.768,-0.451,-1,375.000,-1,375.000,-1,325.000,300.000,300.000,325.000,-1,-1,-1,-1,725.000,700.000,-1,-1,2,0,2,0,2,0,0,0,0,2,2,2,2,0,0,2,2
116,4436.023,3099.866,-155.578,134.893,0,0.73874,-0.10536,44.325,-0.211,-1,375.000,-1,375.000,-1,325.000,300.000,300.000,325.000,-1,-1,-1,-1,700.000,700.000,-1,-1,2,0,2,0,2,0,0,0,0,2,2,2,2,0,0,2,2
117,4404.723,3131.250,-157.163,134.923,0,0.73874,0.01464,44.325,0.029,-1,375.000,-1,375.000,-1,325.000,300.000,300.000,325.000,-1,-1,-1,-1,700.000,675.000,-1,-1,2,0,2,0,2,0,0,0,0,2,2,2,2,0,0,2,2
118,4373.276,3162.487,-158.718,135.192,0,0.73874,0.13464,44.325,0.269,-1,375.000,-1,375.000,-1,325.000,300.000,300.000,325.000,-1,-1,-1,-1,700.000,675.000,-1,-1,2,0,2,0,2,0,0,0,0,2,2,2,2,0,0,2,2
119,4341.640,3193.532,-160.245,135.541,0,0.73874,0.17441,44.325,0.349,-1,375.000,-1,375.000,-1,325.000,300.000,325.000,325.000,-1,-1,-1,-1,700.000,675.000,-1,-1,2,0,2,0,2,0,0,0,0,2,2,2,2,0,0,2,2
120,4309.815,3224.384,-161.771,135.890,0,0.73874,0.17441,44.325,0.349,-1,375.000,-1,375.000,-1,325.000,300.000,325.000,325.000,-1,-1,-1,-1,675.000,675.000,-1,-1,2,0,2,0,2,0,0,0,0,2,2,2,2,0,0,2,2
121,4277.803,3255.042,-163.292,136.238,0,0.73874,0.17441,44.325,0.349,-1,375.000,-1,375.000,-1,325.000,300.000,325.000,325.000,-1,-1,-1,-1,675.000,675.000,-1,-1,2,0,2,0,2,0,0,0,0,2,2,2,2,0,0,2,2
122,4245.604,3285.504,-164.766,136.587,0,0.73874,0.17441,44.325,0.349,-1,375.000,-1,375.000,-1,325.000,300.000,325.000,325.000,-1,-1,-1,-1,675.000,650.000,-1,-1,2,0,2,0,2,0,0,0,0,2,2,2,2,0,0,2,2
123,4213.221,3315.769,-166.196,136.936,0,0.73874,0.17441,44.325,0.349,-1,375.000,-1,375.000,-1,300.000,300.000,325.000,325.000,-1,-1,-1,-1,675.000,650.000,-1,-1,2,0,2,0,2,0,0,0,0,2,2,2,2,0,0,2,2
124,4180.655,3345.837,-167.644,137.285,0,0.73874,0.17441,44.325,0.349,-1,375.000,-1,375.000,-1,300.000,300.000,325.000,325.000,-1,-1,-1,-1,650.000,650.000,-1,-1,2,0,2,0,2,0,0,0,0,2,2,2,2,0,0,2,2
125,4147.905,3375.706,-169.041,137.634,0,0.73874,0.17441,44.325,0.349,-1,375.000,-1,375.000,-1,300.000,300.000,325.000,325.000,-1,-1,-1,-1,650.000,650.000,-1,-1,2,0,2,0,2,0,0,0,0,2,2,2,2,0,0,2,2
126,4114.975,3405.375,-170.360,137.982,0,0.73874,0.17441,44.325,0.349,-1,375.000,-1,375.000,-1,300.000,300.000,325.000,325.000,-1,-1,-1,-1,650.000,650.000,-1,-1,2,0,2,0,2,0,0,0,0,2,2,2,2,0,0,2,2
127,4081.864,3434.843,-171.624,138.331,0,0.73874,0.17441,44.325,0.349,-1,375.000,-1,375.000,-1,300.000,300.000,325.000,325.000,-1,800.000,-1,-1,650.000,650.000,-1,-1,2,0,2,0,2,0,0,0,0,2,0,2,2,0,0,2,2
128,4048.575,3464.109,-172.832,138.680,0,0.73874,0.17441,44.325,0.349,-1,375.000,-1,375.000,-1,300.000,300.000,325.000,325.000,-1,750.000,800.000,-1,625.000,625.000,-1,-1,2,0,2,0,2,0,0,0,0,2,0,0,2,0,0,2,2
129,4015.108,3493.171,-173.874,139.029,0,0.73874,0.17441,44.325,0.349,-1,375.000,-1,375.000,-1,300.000,300.000,325.000,325.000,-1,675.000,725.000,-1,625.000,625.000,-1,-1,2,0,2,0,2,0,0,0,0,2,0,0,2,0,0,2,2
130,3981.465,3522.030,-174.725,139.378,0,0.73874,0.17441,44.325,0.349,-1,350.000,-1,375.000,-1,300.000,300.000,325.000,325.000,-1,600.000,650.000,-1,625.000,625.000,-1,-1,2,0,2,0,2,0,0,0,0,2,0,0,2,0,0,2,2
131,3947.647,3550.683,-175.529,139.727,0,0.73874,0.17441,44.325,0.349,-1,350.000,-1,350.000,-1,300.000,300.000,325.000,325.000,-1,550.000,625.000,-1,625.000,625.000,-1,-1,2,0,2,0,2,0,0,0,0,2,0,0,2,0,0,2,2
132,3913.655,3579.129,-176.284,140.075,0,0.73874,0.17441,44.325,0.349,-1,350.000,-1,350.000,-1,300.000,300.000,325.000,325.000,-1,500.000,575.000,-1,625.000,625.000,-1,-1,2,0,2,0,2,0,0,0,0,2,0,0,2,0,0,2,2
133,3879.490,3607.368,-176.992,140.424,0,0.73874,0.17441,44.325,0.349,-1,350.000,-1,350.000,-1,300.000,300.000,300.000,325.000,-1,475.000,550.000,-1,625.000,625.000,-1,-1,2,0,2,0,2,0,0,0,0,2,0,0,2,0,0,2,2
134,3845.154,3635.399,-177.531,140.773,0,0.73874,0.17441,44.325,0.349,-1,350.000,-1,350.000,-1,300.000,300.000,300.000,325.000,-1,425.000,500.000,-1,625.000,625.000,-1,-1,2,0,2,0,2,0,0,0,0,2,0,0,2,0,0,2,2
135,3810.649,3663.220,-178.033,141.122,0,0.73874,0.17441,44.325,0.349,-1,350.000,-1,350.000,-1,300.000,300.000,300.000,325.000,-1,375.000,450.000,-1,625.000,625.000,-1,-1,2,0,2,0,2,0,0,0,0,2,0,0,2,0,0,2,2
136,3775.974,3690.830,-178.465,141.471,0,0.73874,0.17441,44.325,0.349,-1,350.000,-1,350.000,-1,300.000,300.000,300.000,325.000,-1,350.000,400.000,-1,625.000,625.000,-1,-1,2,0,2,0,2,0,0,0,0,2,0,0,2,0,0,2,2
137,3741.132,3718.229,-178.827,141.819,0,0.73874,0.17441,44.325,0.349,-1,375.000,-1,350.000,-1,300.000,300.000,300.000,325.000,-1,350.000,375.000,-1,625.000,650.000,-1,-1,2,0,2,0,2,0,0,0,0,2,0,0,2,0,0,2,2
138,3706.124,3745.415,-179.091,142.168,0,0.73874,0.17441,44.325,0.349,-1,375.000,-1,350.000,-1,300.000,300.000,300.000,325.000,-1,325.000,350.000,-1,650.000,650.000,-1,-1,2,0,2,0,2,0,0,0,0,2,0,0,2,0,0,2,2
139,3670.951,3772.388,-179.191,142.517,0,0.73874,0.17441,44.325,0.349,-1,375.000,-1,375.000,-1,300.000,300.000,300.000,325.000,-1,300.000,325.000,-1,650.000,650.000,-1,-1,2,0,2,0,2,0,0,0,0,2,0,0,2,0,0,2,2
140,3635.614,3799.146,-179.237,142.866,0,0.73874,0.17441,44.325,0.349,-1,375.000,-1,375.000,-1,300.000,300.000,300.000,325.000,-1,300.000,325.000,-1,650.000,650.000,-1,-1,2,0,2,0,2,0,0,0,0,2,0,0,2,0,0,2,2
141,3600.115,3825.688,-179.230,143.215,0,0.73874,0.17441,44.325,0.349,-1,375.000,-1,375.000,-1,300.000,300.000,300.000,325.000,-1,275.000,300.000,-1,650.000,675.000,-1,-1,2,0,2,0,2,0,0,0,0,2,0,0,2,0,0,2,2
142,3564.455,3852.014,-179.169,143.564,0,0.73874,0.17441,44.325,0.349,-1,375.000,-1,375.000,-1,300.000,300.000,300.000,325.000,-1,275.000,300.000,-1,650.000,675.000,-1,-1,2,0,2,0,2,0,0,0,0,2,0,0,2,0,0,2,2
143,3528.636,3878.122,-179.057,143.912,0,0.73874,0.17441,44.325,0.349,-1,375.000,-1,375.000,-1,300.000,300.000,300.000,325.000,-1,275.000,300.000,-1,650.000,675.000,-1,-1,2,0,2,0,2,0,0,0,0,2,0,0,2,0,0,2,2
144,3492.658,3904.011,-178.806,144.261,0,0.73874,0.17441,44.325,0.349,-1,375.000,-1,375.000,-1,300.000,300.000,300.000,325.000,-1,275.000,300.000,-1,675.000,700.000,-1,-1,2,0,2,0,2,0,0,0,0,2,0,0,2,0,0,2,2
145,3456.523,3929.682,-178.353,144.610,0,0.73874,0.17441,44.325,0.349,-1,375.000,-1,375.000,-1,300.000,300.000,300.000,325.000,-1,300.000,300.000,-1,675.000,700.000,-1,-1,2,0,2,0,2,0,0,0,0,2,0,0,2,0,0,2,2
146,3420.233,3955.131,-177.856,144.959,0,0.73874,0.17441,44.325,0.349,-1,375.000,-1,375.000,-1,300.000,300.000,300.000,325.000,-1,300.000,325.000,-1,675.000,700.000,-1,-1,2,0,2,0,2,0,0,0,0,2,0,0,2,0,0,2,2
147,3383.789,3980.359,-177.316,145.308,0,0.73874,0.17441,44.325,0.349,-1,375.000,-1,375.000,-1,300.000,300.000,300.000,325.000,-1,325.000,325.000,-1,675.000,700.000,-1,-1,2,0,2,0,2,0,0,0,0,2,0,0,2,0,0,2,2
148,3347.657,4005.269,-176.589,145.417,0,0.73143,0.05441,43.886,0.109,-1,375.000,-1,375.000,-1,300.000,300.000,325.000,325.000,-1,325.000,325.000,-1,675.000,725.000,-1,-1,2,0,2,0,2,0,0,0,0,2,0,0,2,0,0,2,2
149,3311.583,4030.262,-175.636,145.285,0,0.73143,-0.06559,43.886,-0.131,-1,375.000,-1,375.000,-1,300.000,300.000,325.000,325.000,-1,350.000,325.000,-1,700.000,725.000,-1,-1,2,0,2,0,2,0,0,0,0,2,0,0,2,0,0,2,2
150,3275.671,4055.488,-174.590,144.914,0,0.73143,-0.18559,43.886,-0.371,-1,375.000,-1,375.000,-1,300.000,325.000,325.000,325.000,-1,375.000,350.000,-1,700.000,725.000,-1,-1,2,0,2,0,2,0,0,0,0,2,0,0,2,0,0,2,2
151,3240.031,4081.095,-173.484,144.303,0,0.73143,-0.30559,43.886,-0.611,-1,375.000,-1,375.000,-1,300.000,325.000,325.000,325.000,-1,375.000,350.000,-1,725.000,750.000,-1,-1,2,0,2,0,2,0,0,0,0,2,0,0,2,0,0,2,2
152,3204.775,4107.229,-172.316,143.452,0,0.73143,-0.42559,43.886,-0.851,-1,375.000,-1,400.000,-1,325.000,325.000,325.000,325.000,-1,400.000,375.000,-1,725.000,775.000,-1,-1,2,0,2,0,2,0,0,0,0,2,0,0,2,0,0,2,2
153,3170.023,4134.030,-170.954,142.361,0,0.73143,-0.54559,43.886,-1.091,-1,375.000,-1,400.000,-1,325.000,325.000,300.000,325.000,-1,425.000,400.000,-1,725.000,775.000,-1,-1,2,0,2,0,2,0,0,0,0,2,0,0,2,0,0,2,2
154,3135.903,4161.631,-169.533,141.029,0,0.73143,-0.66559,43.886,-1.331,-1,375.000,-1,400.000,-1,325.000,325.000,300.000,325.000,-1,450.000,425.000,-1,750.000,800.000,-1,-1,2,0,2,0,2,0,0,0,0,2,0,0,2,0,0,2,2
155,3102.553,4190.157,-168.047,139.458,0,0.73143,-0.78559,43.886,-1.571,-1,400.000,-1,400.000,-1,325.000,325.000,300.000,325.000,-1,500.000,450.000,-1,750.000,825.000,-1,-1,2,0,2,0,2,0,0,0,0,2,0,0,2,0,0,2,2
156,3070.001,4219.590,-166.494,137.880,0,0.73143,-0.78918,43.886,-1.578,-1,400.000,-1,400.000,-1,325.000,325.000,300.000,325.000,-1,525.000,475.000,-1,775.000,850.000,-1,-1,2,0,2,0,2,0,0,0,0,2,0,0,2,0,0,2,2
157,3038.272,4249.909,-164.899,136.302,0,0.73143,-0.78918,43.886,-1.578,-1,400.000,-1,400.000,-1,325.000,325.000,300.000,325.000,-1,550.000,500.000,-1,775.000,875.000,-1,-1,2,0,2,0,2,0,0,0,0,2,0,0,2,0,0,2,2
158,3007.390,4281.091,-163.280,134.723,0,0.73143,-0.78918,43.886,-1.578,-1,400.000,-1,400.000,-1,325.000,325.000,300.000,325.000,-1,575.000,525.000,-1,800.000,900.000,-1,-1,2,0,2,0,2,0,0,0,0,2,0,0,2,0,0,2,2
159,2977.379,4313.112,-161.633,133.145,0,0.73143,-0.78918,43.886,-1.578,-1,400.000,-1,400.000,-1,325.000,325.000,300.000,325.000,-1,600.000,575.000,-1,800.000,925.000,-1,-1,2,0,2,0,2,0,0,0,0,2,0,0,2,0,0,2,2
160,2948.261,4345.946,-159.942,131.566,0,0.73143,-0.78918,43.886,-1.578,-1,400.000,-1,400.000,-1,325.000,325.000,300.000,325.000,-1,625.000,600.000,-1,800.000,925.000,-1,-1,2,0,2,0,2,0,0,0,0,2,0,0,2,0,0,2,2
161,2920.058,4379.571,-158.027,129.988,0,0.73143,-0.78918,43.886,-1.578,-1,400.000,-1,425.000,-1,325.000,325.000,300.000,325.000,-1,675.000,650.000,-1,825.000,950.000,-1,-1,2,0,2,0,2,0,0,0,0,2,0,0,2,0,0,2,2
162,2892.793,4413.959,-156.056,128.410,0,0.73143,-0.78918,43.886,-1.578,-1,400.000,-1,425.000,-1,325.000,325.000,300.000,300.000,-1,725.000,725.000,-1,875.000,950.000,-1,-1,2,0,2,0,2,0,0,0,0,2,0,0,2,0,0,2,2
163,2866.485,4449.086,-154.070,126.831,0,0.73143,-0.78918,43.886,-1.578,-1,400.000,-1,425.000,-1,325.000,325.000,300.000,300.000,-1,800.000,800.000,-1,900.000,950.000,-1,-1,2,0,2,0,2,0,0,0,0,2,0,0,2,0,0,2,2
164,2841.154,4484.924,-152.070,125.253,0,0.73143,-0.78918,43.886,-1.578,-1,400.000,-1,425.000,-1,325.000,325.000,300.000,300.000,-1,850.000,850.000,-1,925.000,975.000,-1,-1,2,0,2,0,2,0,0,0,0,2,0,0,2,0,0,2,2
165,2816.821,4521.446,-150.119,123.675,0,0.73143,-0.78918,43.886,-1.578,-1,400.000,-1,425.000,-1,325.000,350.000,300.000,300.000,-1,925.000,925.000,-1,950.000,975.000,-1,-1,2,0,2,0,2,0,0,0,0,2,0,0,2,0,0,2,2
166,2793.502,4558.624,-148.371,122.096,0,0.73143,-0.78918,43.886,-1.578,-1,425.000,-1,425.000,-1,325.000,350.000,300.000,300.000,-1,-1,1000.000,-1,975.000,975.000,-1,-1,2,0,2,0,2,0,0,0,0,2,2,0,2,0,0,2,2
167,2771.216,4596.430,-146.614,120.518,0,0.73143,-0.78918,43.886,-1.578,-1,425.000,-1,425.000,-1,350.000,350.000,300.000,300.000,-1,-1,-1,-1,1000.000,950.000,-1,-1,2,0,2,0,2,0,0,0,0,2,2,2,2,0,0,2,2
168,2749.980,4634.836,-144.848,118.940,0,0.73143,-0.78918,43.886,-1.578,-1,425.000,-1,425.000,-1,350.000,350.000,300.000,300.000,-1,-1,-1,-1,1000.000,950.000,-1,-1,2,0,2,0,2,0,0,0,0,2,2,2,2,0,0,2,2
169,2729.811,4673.813,-143.076,117.361,0,0.73143,-0.78918,43.886,-1.578,-1,425.000,-1,425.000,-1,350.000,350.000,300.000,300.000,-1,-1,-1,-1,-1,950.000,-1,-1,2,0,2,0,2,0,0,0,0,2,2,2,2,2,0,2,2
170,2710.722,4713.330,-141.355,115.783,0,0.73143,-0.78918,43.886,-1.578,-1,425.000,-1,425.000,-1,350.000,350.000,300.000,300.000,-1,-1,-1,-1,-1,925.000,-1,-1,2,0,2,0,2,0,0,0,0,2,2,2,2,2,0,2,2
171,2692.729,4753.358,-139.793,114.205,0,0.73143,-0.78918,43.886,-1.578,-1,425.000,-1,425.000,-1,350.000,350.000,300.000,300.000,-1,-1,-1,-1,-1,925.000,-1,-1,2,0,2,0,2,0,0,0,0,2,2,2,2,2,0,2,2
172,2675.845,4793.866,-138.489,112.626,0,0.73143,-0.78918,43.886,-1.578,-1,425.000,-1,425.000,-1,350.000,350.000,300.000,300.000,-1,-1,-1,-1,-1,900.000,-1,-1,2,0,2,0,2,0,0,0,0,2,2,2,2,2,0,2,2
173,2660.084,4834.824,-137.190,111.048,0,0.73143,-0.78918,43.886,-1.578,-1,425.000,-1,425.000,-1,350.000,350.000,300.000,300.000,-1,-1,-1,-1,-1,900.000,-1,-1,2,0,2,0,2,0,0,0,0,2,2,2,2,2,0,2,2
174,2645.456,4876.200,-135.894,109.469,0,0.73143,-0.78918,43.886,-1.578,-1,425.000,-1,425.000,-1,350.000,350.000,300.000,300.000,-1,-1,-1,-1,-1,875.000,-1,-1,2,0,2,0,2,0,0,0,0,2,2,2,2,2,0,2,2
175,2631.974,4917.964,-134.590,107.891,0,0.73143,-0.78918,43.886,-1.578,-1,425.000,-1,400.000,-1,350.000,325.000,300.000,300.000,-1,-1,-1,-1,1000.000,850.000,-1,-1,2,0,2,0,2,0,0,0,0,2,2,2,2,0,0,2,2
176,2619.647,4960.083,-133.291,106.313,0,0.73143,-0.78918,43.886,-1.578,-1,425.000,-1,400.000,-1,350.000,325.000,300.000,300.000,-1,-1,-1,-1,975.000,825.000,-1,-1,2,0,2,0,2,0,0,0,0,2,2,2,2,0,0,2,2
177,2609.548,4997.842,-132.151,104.974,0,0.65143,-0.66918,39.086,-1.338,-1,425.000,-1,400.000,-1,325.000,325.000,275.000,300.000,-1,-1,-1,-1,975.000,825.000,-1,-1,2,0,2,0,2,0,0,0,0,2,2,2,2,0,0,2,2
178,2600.341,5035.115,-131.034,103.876,0,0.63989,-0.54918,38.394,-1.098,-1,425.000,-1,400.000,-1,325.000,325.000,275.000,300.000,-1,-1,-1,-1,950.000,800.000,-1,-1,2,0,2,0,2,0,0,0,0,2,2,2,2,0,0,2,2
179,2591.692,5072.522,-129.923,103.018,0,0.63989,-0.42918,38.394,-0.858,-1,425.000,-1,400.000,-1,325.000,325.000,300.000,300.000,-1,-1,-1,-1,950.000,800.000,-1,-1,2,0,2,0,2,0,0,0,0,2,2,2,2,0,0,2,2
180,2583.448,5110.020,-128.821,102.399,0,0.63989,-0.30918,38.394,-0.618,-1,425.000,-1,400.000,-1,325.000,325.000,300.000,300.000,-1,-1,-1,-1,925.000,800.000,-1,-1,2,0,2,0,2,0,0,0,0,2,2,2,2,0,0,2,2
181,2575.452,5147.572,-127.732,102.021,0,0.63989,-0.18918,38.394,-0.378,-1,425.000,-1,400.000,-1,325.000,325.000,300.000,300.000,-1,-1,-1,-1,925.000,775.000,-1,-1,2,0,2,0,2,0,0,0,0,2,2,2,2,0,0,2,2
182,2567.547,5185.143,-126.683,101.883,0,0.63989,-0.06918,38.394,-0.138,-1,425.000,-1,400.000,-1,325.000,325.000,300.000,300.000,-1,-1,-1,-1,900.000,775.000,-1,-1,2,0,2,0,2,0,0,0,0,2,2,2,2,0,0,2,2
183,2559.575,5222.699,-125.948,101.984,0,0.63989,0.05082,38.394,0.102,-1,425.000,-1,400.000,-1,325.000,325.000,300.000,300.000,-1,-1,-1,-1,900.000,750.000,-1,-1,2,0,2,0,2,0,0,0,0,2,2,2,2,0,0,2,2
184,2551.379,5260.208,-125.283,102.326,0,0.63989,0.17082,38.394,0.342,-1,425.000,-1,400.000,-1,325.000,325.000,300.000,300.000,-1,-1,-1,-1,875.000,750.000,-1,-1,2,0,2,0,2,0,0,0,0,2,2,2,2,0,0,2,2
185,2542.803,5297.631,-124.709,102.907,0,0.63989,0.29082,38.394,0.582,-1,425.000,-1,400.000,-1,325.000,325.000,300.000,300.000,-1,-1,-1,-1,875.000,750.000,-1,-1,2,0,2,0,2,0,0,0,0,2,2,2,2,0,0,2,2
186,2533.691,5334.928,-124.433,103.729,0,0.63989,0.41082,38.394,0.822,-1,425.000,-1,400.000,-1,325.000,325.000,300.000,300.000,-1,-1,-1,-1,875.000,750.000,-1,-1,2,0,2,0,2,0,0,0,0,2,2,2,2,0,0,2,2
187,2523.889,5372.049,-124.219,104.791,0,0.63989,0.53082,38.394,1.062,-1,425.000,-1,400.000,-1,325.000,325.000,300.000,300.000,-1,-1,-1,-1,875.000,750.000,-1,-1,2,0,2,0,2,0,0,0,0,2,2,2,2,0,0,2,2
188,2513.247,5408.938,-124.049,106.092,0,0.63989,0.65082,38.394,1.302,-1,425.000,-1,400.000,-1,325.000,325.000,300.000,300.000,-1,-1,-1,-1,850.000,725.000,-1,-1,2,0,2,0,2,0,0,0,0,2,2,2,2,0,0,2,2
189,2501.609,5445.550,-123.930,107.634,0,0.64028,0.77082,38.417,1.542,-1,425.000,-1,400.000,-1,325.000,325.000,300.000,300.000,-1,-1,-1,-1,850.000,725.000,-1,-1,2,0,2,0,2,0,0,0,0,2,2,2,2,0,0,2,2
190,2488.915,5481.851,-123.862,109.274,0,0.64095,0.81978,38.457,1.640,-1,425.000,-1,400.000,-1,325.000,325.000,300.000,300.000,-1,-1,-1,-1,850.000,725.000,-1,-1,2,0,2,0,2,0,0,0,0,2,2,2,2,0,0,2,2
191,2475.169,5517.816,-123.845,110.918,0,0.64169,0.82203,38.502,1.644,-1,425.000,-1,400.000,-1,325.000,325.000,300.000,300.000,-1,-1,-1,-1,850.000,725.000,-1,-1,2,0,2,0,2,0,0,0,0,2,2,2,2,0,0,2,2
192,2458.723,5557.873,-123.879,112.322,0,0.72169,0.70203,43.302,1.404,-1,425.000,-1,400.000,-1,325.000,325.000,300.000,300.000,-1,-1,-1,-1,850.000,725.000,-1,-1,2,0,2,0,2,0,0,0,0,2,2,2,2,0,0,2,2
193,2440.284,5600.309,-123.978,113.486,0,0.77115,0.58203,46.269,1.164,-1,425.000,-1,400.000,-1,325.000,325.000,300.000,300.000,-1,-1,-1,-1,825.000,725.000,-1,-1,2,0,2,0,2,0,0,0,0,2,2,2,2,0,0,2,2
194,2420.929,5642.957,-124.141,114.410,0,0.78058,0.46203,46.835,0.924,-1,425.000,-1,400.000,-1,325.000,325.000,300.000,300.000,-1,-1,-1,-1,825.000,725.000,-1,-1,2,0,2,0,2,0,0,0,0,2,2,2,2,0,0,2,2
195,2400.910,5685.705,-124.374,115.094,0,0.78672,0.34203,47.203,0.684,-1,425.000,-1,375.000,-1,325.000,325.000,300.000,300.000,-1,-1,-1,-1,800.000,700.000,-1,-1,2,0,2,0,2,0,0,0,0,2,2,2,2,0,0,2,2
196,2380.400,5728.631,-124.694,115.538,0,0.79289,0.22203,47.574,0.444,-1,425.000,-1,375.000,-1,325.000,325.000,300.000,300.000,-1,-1,-1,-1,800.000,700.000,-1,-1,2,0,2,0,2,0,0,0,0,2,2,2,2,0,0,2,2
197,2359.576,5771.819,-125.099,115.742,0,0.79911,0.10203,47.946,0.204,-1,400.000,-1,375.000,-1,325.000,325.000,300.000,300.000,-1,-1,-1,-1,775.000,700.000,-1,-1,2,0,2,0,2,0,0,0,0,2,2,2,2,0,0,2,2
198,2338.616,5815.358,-125.607,115.706,0,0.80537,-0.01797,48.322,-0.036,-1,400.000,-1,375.000,-1,325.000,325.000,300.000,300.000,-1,-1,-1,-1,775.000,675.000,-1,-1,2,0,2,0,2,0,0,0,0,2,2,2,2,0,0,2,2
199,2317.699,5859.339,-125.998,115.436,0,0.81168,-0.13501,48.701,-0.270,-1,400.000,-1,375.000,-1,325.000,300.000,300.000,300.000,-1,-1,-1,-1,750.000,675.000,-1,-1,2,0,2,0,2,0,0,0,0,2,2,2,2,0,0,2,2
200,2296.827,5903.764,-126.325,115.166,0,0.81807,-0.13526,49.084,-0.271,-1,400.000,975.000,375.000,-1,325.000,300.000,300.000,300.000,-1,-1,-1,-1,750.000,675.000,-1,975.000,2,0,1,0,2,0,0,0,0,2,2,2,2,0,1,2,1
201,2276.002,5948.637,-126.696,114.895,0,0.82450,-0.13548,49.470,-0.271,-1,400.000,925.000,375.000,-1,325.000,300.000,300.000,300.000,-1,-1,-1,-1,725.000,650.000,-1,925.000,2,0,1,0,2,0,0,0,0,2,2,2,2,0,1,2,1
202,2255.229,5993.962,-127.124,114.623,0,0.83099,-0.13565,49.859,-0.271,-1,400.000,875.000,375.000,-1,325.000,300.000,300.000,300.000,-1,-1,-1,-1,725.000,625.000,-1,875.000,2,0,1,0,2,0,0,0,0,2,2,2,2,0,1,2,1
203,2234.508,6039.743,-127.623,114.352,0,0.83753,-0.13579,50.252,-0.272,-1,375.000,825.000,375.000,-1,300.000,300.000,300.000,300.000,-1,-1,-1,-1,700.000,600.000,-1,825.000,2,0,1,0,2,0,0,0,0,2,2,2,2,0,1,2,1
204,2213.843,6085.983,-127.790,114.080,0,0.84412,-0.13588,50.647,-0.272,-1,375.000,775.000,375.000,-1,300.000,300.000,300.000,300.000,-1,-1,-1,-1,700.000,575.000,-1,775.000,2,0,1,0,2,0,0,0,0,2,2,2,2,0,1,2,1
205,2193.237,6132.685,-127.933,113.808,0,0.85077,-0.13592,51.046,-0.272,-1,375.000,725.000,375.000,-1,325.000,300.000,300.000,300.000,-1,-1,-1,-1,700.000,550.000,950.000,725.000,2,0,1,0,2,0,0,0,0,2,2,2,2,1,1,1,1
206,2172.692,6179.854,-128.113,113.536,0,0.85747,-0.13592,51.448,-0.272,-1,375.000,675.000,375.000,-1,325.000,300.000,300.000,300.000,-1,-1,-1,-1,650.000,525.000,875.000,675.000,2,0,1,0,2,0,0,0,0,2,2,2,2,1,1,1,1
207,2152.211,6227.492,-128.316,113.265,0,0.86423,-0.13587,51.854,-0.272,-1,400.000,625.000,375.000,-1,325.000,300.000,300.000,300.000,-1,-1,-1,-1,600.000,500.000,825.000,625.000,2,0,1,1,2,0,0,0,0,2,2,2,2,1,1,1,1
208,2131.797,6275.602,-128.542,112.993,0,0.87105,-0.13576,52.263,-0.272,-1,400.000,575.000,350.000,-1,325.000,300.000,300.000,300.000,-1,-1,-1,-1,550.000,450.000,750.000,575.000,2,0,1,1,2,0,0,0,0,2,2,2,2,1,1,1,1
209,2111.450,6324.189,-128.792,112.722,0,0.87792,-0.13560,52.675,-0.271,-1,400.000,525.000,325.000,-1,325.000,300.000,300.000,300.000,-1,-1,-1,-1,500.000,425.000,675.000,500.000,2,0,1,1,2,0,1,0,0,2,2,2,2,1,1,1,1
210,2091.176,6373.255,-129.066,112.451,0,0.88484,-0.13539,53.090,-0.271,-1,375.000,475.000,300.000,-1,300.000,275.000,325.000,300.000,-1,-1,-1,-1,450.000,375.000,600.000,450.000,2,1,1,1,2,1,1,0,0,2,2,2,2,1,1,1,1
211,2070.974,6422.805,-129.364,112.181,0,0.89182,-0.13511,53.509,-0.270,-1,325.000,425.000,275.000,-1,275.000,250.000,325.000,300.000,-1,-1,-1,-1,400.000,350.000,550.000,400.000,2,1,1,1,2,1,1,0,0,2,2,2,2,1,1,1,1
212,2052.988,6468.071,-129.442,111.671,0,0.81182,-0.25511,48.709,-0.510,-1,300.000,375.000,250.000,-1,250.000,225.000,300.000,300.000,-1,550.000,-1,-1,350.000,300.000,475.000,350.000,2,1,1,1,2,1,1,0,0,2,0,2,2,1,1,1,1
213,2037.309,6509.086,-128.788,110.920,0,0.73182,-0.37511,43.909,-0.750,600.000,250.000,325.000,225.000,-1,225.000,200.000,300.000,300.000,-1,450.000,700.000,-1,300.000,275.000,400.000,325.000,1,1,1,1,2,1,1,0,0,2,0,0,2,1,1,1,1
214,2023.978,6545.852,-126.924,109.930,0,0.65182,-0.49511,39.109,-0.990,500.000,225.000,300.000,225.000,-1,200.000,200.000,300.000,325.000,-1,325.000,450.000,-1,275.000,275.000,350.000,325.000,1,1,1,1,2,1,1,0,0,2,0,0,2,1,1,1,1
215,2012.905,6578.326,-125.230,108.828,0,0.57182,-0.55117,34.309,-1.102,400.000,200.000,275.000,200.000,-1,175.000,175.000,275.000,350.000,-1,275.000,375.000,-1,225.000,250.000,300.000,325.000,1,1,1,1,2,1,1,0,0,2,0,0,2,1,1,1,1
216,2003.918,6606.433,-123.765,107.732,0,0.49182,-0.54791,29.509,-1.096,350.000,175.000,250.000,200.000,-1,150.000,175.000,275.000,350.000,975.000,225.000,350.000,-1,200.000,250.000,250.000,325.000,1,1,1,1,2,1,1,0,0,0,0,0,2,1,1,1,1
217,1996.841,6630.107,-122.448,106.643,0,0.41182,-0.54445,24.709,-1.089,275.000,150.000,250.000,175.000,-1,150.000,150.000,275.000,375.000,900.000,225.000,325.000,-1,175.000,225.000,225.000,350.000,1,1,1,1,2,1,1,0,0,0,0,0,2,1,1,1,1
218,1991.500,6649.286,-120.892,105.561,0,0.33182,-0.54086,19.909,-1.082,250.000,150.000,225.000,175.000,-1,125.000,150.000,275.000,375.000,875.000,225.000,300.000,-1,175.000,225.000,200.000,375.000,1,1,1,1,2,1,1,0,0,0,0,0,2,1,1,1,1
219,1987.720,6663.915,-116.340,104.487,0,0.25182,-0.53721,15.109,-1.074,250.000,150.000,225.000,200.000,-1,150.000,150.000,300.000,375.000,925.000,200.000,250.000,-1,175.000,250.000,200.000,450.000,1,1,1,1,2,1,1,0,0,0,0,0,2,1,1,1,1
220,1985.328,6673.942,-113.060,103.420,0,0.17182,-0.53357,10.309,-1.067,250.000,150.000,250.000,200.000,-1,150.000,150.000,350.000,350.000,975.000,175.000,200.000,-1,175.000,275.000,200.000,550.000,1,1,1,1,2,1,1,0,0,0,0,0,2,1,1,1,1
221,1984.148,6679.324,-111.066,102.360,0,0.09182,-0.53003,5.509,-1.060,250.000,150.000,250.000,200.000,-1,150.000,175.000,350.000,350.000,-1,175.000,175.000,-1,175.000,275.000,175.000,-1,1,1,1,1,2,1,1,0,0,2,0,0,2,1,1,1,2
222,1984.009,6680.019,-110.337,101.306,0,0.01182,-0.52665,0.709,-1.053,225.000,150.000,275.000,225.000,-1,150.000,175.000,375.000,350.000,-1,175.000,175.000,-1,175.000,300.000,175.000,-1,1,1,1,1,2,1,1,0,0,2,0,0,2,1,1,1,2
223,1984.738,6675.993,-110.834,100.259,0,-0.06818,-0.52352,-4.091,-1.047,225.000,150.000,275.000,225.000,-1,150.000,175.000,375.000,325.000,-1,175.000,175.000,-1,175.000,300.000,175.000,-1,1,1,1,1,2,1,1,0,0,2,0,0,2,1,1,1,2
224,1986.162,6667.217,-112.503,99.218,0,-0.14818,-0.52071,-8.891,-1.041,225.000,150.000,275.000,225.000,-1,150.000,175.000,375.000,325.000,-1,200.000,175.000,-1,175.000,325.000,175.000,-1,1,1,1,1,2,1,1,0,0,2,0,0,2,1,1,1,2
225,1987.606,6657.178,-114.432,98.181,0,-0.16905,-0.51825,-10.143,-1.036,200.000,150.000,300.000,225.000,-1,150.000,175.000,375.000,325.000,-1,200.000,175.000,-1,200.000,325.000,175.000,-1,1,1,1,1,2,1,1,0,0,2,0,0,2,1,1,1,2
226,1988.882,6647.004,-116.336,97.150,0,-0.17088,-0.51595,-10.253,-1.032,200.000,150.000,300.000,225.000,-1,150.000,175.000,350.000,325.000,-1,200.000,175.000,-1,200.000,350.000,175.000,-1,1,1,1,1,2,1,1,0,0,2,0,0,2,1,1,1,2
227,1989.987,6636.699,-118.215,96.122,0,-0.17274,-0.51374,-10.365,-1.027,200.000,175.000,300.000,250.000,-1,150.000,175.000,350.000,325.000,-1,200.000,200.000,-1,200.000,375.000,150.000,-1,1,1,1,1,2,1,1,0,0,2,0,0,2,1,1,1,2
228,1990.918,6626.263,-120.070,95.099,0,-0.17463,-0.51160,-10.478,-1.023,200.000,175.000,325.000,250.000,-1,150.000,200.000,350.000,325.000,-1,225.000,200.000,-1,200.000,375.000,150.000,-1,1,1,1,1,2,1,1,0,0,2,0,0,2,1,1,1,2
229,1991.672,6615.697,-121.900,94.080,0,-0.17654,-0.50955,-10.593,-1.019,175.000,175.000,325.000,250.000,-1,150.000,200.000,350.000,300.000,-1,225.000,225.000,-1,200.000,400.000,150.000,-1,1,1,1,1,2,1,1,0,0,2,0,0,2,1,1,1,2
230,1992.245,6605.003,-123.707,93.065,0,-0.17848,-0.50757,-10.709,-1.015,175.000,175.000,325.000,250.000,-1,150.000,200.000,325.000,300.000,-1,250.000,225.000,-1,200.000,425.000,150.000,-1,1,1,1,1,2,1,1,0,0,2,0,0,2,1,1,1,2
231,1992.632,6594.185,-125.493,92.053,0,-0.18043,-0.50567,-10.826,-1.011,175.000,175.000,350.000,250.000,-1,175.000,200.000,325.000,300.000,-1,250.000,250.000,-1,200.000,450.000,150.000,-1,1,1,1,1,2,1,1,0,0,2,0,0,2,1,1,1,2
232,1992.832,6583.242,-127.258,91.046,0,-0.18240,-0.50385,-10.944,-1.008,175.000,175.000,350.000,275.000,-1,175.000,200.000,325.000,300.000,-1,250.000,250.000,-1,200.000,475.000,150.000,-1,1,1,1,1,2,1,1,0,0,2,0,0,2,1,1,1,2
233,1992.840,6572.179,-129.005,90.041,0,-0.18439,-0.50210,-11.063,-1.004,175.000,175.000,375.000,275.000,-1,175.000,200.000,300.000,300.000,-1,275.000,275.000,-1,200.000,525.000,150.000,-1,1,1,1,1,2,1,1,0,0,2,0,0,2,1,1,1,2
234,1992.653,6560.998,-130.613,89.041,0,-0.18638,-0.50042,-11.183,-1.001,175.000,175.000,375.000,275.000,-1,175.000,200.000,300.000,300.000,-1,275.000,300.000,-1,200.000,675.000,150.000,-1,1,1,1,1,2,1,1,0,0,2,0,0,2,1,0,1,2
235,1992.267,6549.701,-131.372,88.043,0,-0.18839,-0.49882,-11.304,-0.998,175.000,175.000,400.000,275.000,-1,175.000,225.000,300.000,300.000,-1,275.000,325.000,-1,225.000,675.000,175.000,-1,1,1,1,1,2,1,1,0,0,2,0,0,2,1,0,1,2
236,1991.679,6538.291,-131.591,87.048,0,-0.19041,-0.49728,-11.425,-0.995,175.000,200.000,425.000,300.000,-1,175.000,225.000,300.000,300.000,-1,275.000,300.000,-1,225.000,675.000,175.000,-1,1,1,1,1,2,1,1,0,0,2,0,0,2,1,0,1,2
237,1990.885,6526.772,-131.768,86.057,0,-0.19244,-0.49582,-11.546,-0.992,200.000,200.000,450.000,300.000,-1,200.000,225.000,300.000,300.000,-1,275.000,300.000,-1,225.000,675.000,175.000,-1,1,1,1,1,2,1,1,0,0,2,0,0,2,1,0,1,2
238,1989.881,6515.147,-131.944,85.068,0,-0.19447,-0.49442,-11.668,-0.989,200.000,200.000,475.000,325.000,-1,200.000,225.000,300.000,300.000,-1,275.000,300.000,-1,250.000,675.000,200.000,-1,1,1,1,1,2,1,1,0,0,2,0,0,2,1,0,1,2
239,1988.666,6503.419,-132.132,84.082,0,-0.19651,-0.49308,-11.791,-0.986,200.000,200.000,525.000,325.000,-1,200.000,250.000,300.000,300.000,-1,275.000,325.000,-1,250.000,675.000,200.000,-1,1,1,1,1,2,1,1,0,0,2,0,0,2,1,0,1,2
240,1987.234,6491.592,-132.330,83.098,0,-0.19855,-0.49182,-11.913,-0.984,200.000,225.000,575.000,350.000,-1,200.000,250.000,300.000,325.000,-1,275.000,325.000,-1,275.000,675.000,200.000,-1,1,1,1,1,2,1,1,0,0,2,0,0,2,1,0,1,2
241,1985.583,6479.670,-132.539,82.117,0,-0.20060,-0.49061,-12.036,-0.981,225.000,225.000,625.000,350.000,-1,225.000,250.000,300.000,325.000,-1,300.000,325.000,-1,275.000,675.000,200.000,-1,1,1,1,1,2,1,1,0,0,2,0,0,2,1,0,1,2
242,1983.710,6467.657,-132.759,81.138,0,-0.20264,-0.48947,-12.158,-0.979,225.000,225.000,725.000,350.000,-1,225.000,275.000,300.000,325.000,-1,300.000,325.000,-1,275.000,675.000,225.000,-1,1,1,1,1,2,1,1,0,0,2,0,0,2,1,0,1,2
243,1981.612,6455.557,-132.991,80.161,0,-0.20468,-0.48839,-12.281,-0.977,225.000,250.000,-1,375.000,-1,225.000,275.000,300.000,325.000,-1,300.000,325.000,-1,300.000,675.000,225.000,-1,1,1,2,1,2,1,1,0,0,2,0,0,2,1,0,1,2
244,1980.177,6448.215,-133.154,78.944,0,-0.12468,-0.60839,-7.481,-1.217,225.000,250.000,-1,375.000,-1,250.000,275.000,300.000,325.000,-1,300.000,325.000,-1,300.000,675.000,225.000,-1,1,1,2,0,2,1,1,0,0,2,0,0,2,1,0,1,2
245,1979.596,6445.597,-133.242,77.488,0,-0.04468,-0.72839,-2.681,-1.457,225.000,250.000,-1,375.000,-1,250.000,275.000,300.000,325.000,-1,300.000,300.000,-1,300.000,700.000,225.000,-1,1,1,2,0,2,1,1,0,0,2,0,0,2,1,0,1,2
246,1980.117,6447.652,-133.250,75.791,0,0.03532,-0.84839,2.119,-1.697,225.000,250.000,-1,375.000,-1,250.000,275.000,300.000,325.000,975.000,275.000,300.000,-1,300.000,700.000,225.000,-1,1,1,2,0,2,1,1,0,0,1,0,0,2,1,0,1,2
247,1982.030,6454.301,-133.139,73.944,0,0.11532,-0.92352,6.919,-1.847,200.000,250.000,-1,375.000,-1,250.000,300.000,300.000,325.000,950.000,275.000,300.000,-1,300.000,700.000,200.000,-1,1,1,2,0,2,1,1,0,0,1,0,0,2,1,0,1,2
248,1985.631,6465.453,-132.796,72.108,0,0.19532,-0.91812,11.719,-1.836,200.000,250.000,-1,375.000,-1,250.000,300.000,300.000,325.000,950.000,300.000,300.000,-1,325.000,700.000,200.000,-1,1,1,2,0,2,1,1,0,0,1,0,0,2,1,0,1,2
249,1991.204,6481.004,-132.189,70.284,0,0.27532,-0.91201,16.519,-1.824,175.000,250.000,-1,375.000,-1,250.000,300.000,300.000,325.000,925.000,300.000,300.000,-1,325.000,700.000,175.000,-1,1,1,2,0,2,1,1,0,0,1,0,0,2,1,0,1,2
250,1999.026,6500.836,-129.581,68.473,0,0.35532,-0.90509,21.319,-1.810,175.000,250.000,-1,400.000,-1,250.000,325.000,300.000,300.000,925.000,300.000,275.000,-1,325.000,725.000,175.000,-1,1,1,2,0,2,1,1,0,0,1,0,0,2,1,0,1,2
251,2009.367,6524.821,-125.473,66.679,0,0.43532,-0.89728,26.119,-1.795,175.000,275.000,-1,425.000,-1,275.000,350.000,350.000,300.000,925.000,275.000,200.000,-1,375.000,800.000,175.000,-1,1,1,2,0,2,1,0,0,0,1,0,0,2,1,0,1,2
252,2022.482,6552.821,-121.172,64.902,0,0.51532,-0.88846,30.919,-1.777,175.000,300.000,-1,425.000,-1,300.000,350.000,375.000,300.000,950.000,275.000,175.000,-1,450.000,850.000,175.000,-1,1,1,2,0,2,1,0,0,0,1,0,0,2,1,0,1,2
253,2038.617,6584.688,-116.798,63.145,0,0.59532,-0.87853,35.719,-1.757,175.000,325.000,-1,450.000,-1,350.000,375.000,375.000,275.000,950.000,250.000,150.000,825.000,550.000,900.000,200.000,-1,1,1,2,0,2,1,0,1,0,1,0,0,0,1,0,1,2
254,2058.007,6620.267,-112.556,61.410,0,0.67532,-0.86737,40.519,-1.735,175.000,400.000,-1,475.000,-1,400.000,400.000,350.000,275.000,975.000,250.000,150.000,675.000,-1,975.000,200.000,-1,1,1,2,0,2,0,0,1,0,1,0,0,0,2,0,1,2
255,2080.872,6659.395,-108.410,59.700,0,0.75532,-0.85488,45.319,-1.710,175.000,500.000,-1,500.000,-1,425.000,400.000,300.000,275.000,975.000,275.000,125.000,600.000,-1,-1,250.000,-1,1,1,2,0,2,0,0,1,0,1,0,0,0,2,2,1,2
256,2107.417,6701.907,-104.702,58.018,0,0.83532,-0.84097,50.119,-1.682,175.000,575.000,-1,500.000,-1,450.000,425.000,250.000,275.000,1000.000,275.000,125.000,550.000,-1,-1,-1,-1,1,0,2,0,2,0,0,1,0,1,0,0,0,2,2,2,2
257,2136.948,6746.300,-101.841,56.367,0,0.88863,-0.82559,53.318,-1.651,200.000,575.000,-1,500.000,-1,450.000,425.000,200.000,275.000,-1,275.000,100.000,550.000,-1,-1,-1,-1,1,0,2,0,2,0,0,1,0,2,0,0,0,2,2,2,2
258,2167.366,6789.338,-100.012,54.749,0,0.87838,-0.80908,52.703,-1.618,250.000,550.000,-1,500.000,-1,425.000,400.000,175.000,275.000,-1,275.000,125.000,600.000,-1,-1,-1,-1,1,0,2,0,2,0,0,1,0,2,0,0,0,2,2,2,2
259,2198.547,6830.962,-99.298,53.163,0,0.86680,-0.79315,52.008,-1.586,-1,525.000,-1,475.000,-1,400.000,400.000,150.000,275.000,-1,300.000,150.000,700.000,-1,-1,-1,-1,2,0,2,0,2,0,0,1,0,2,0,0,0,2,2,2,2
260,2230.392,6871.114,-99.706,51.581,0,0.85411,-0.79075,51.247,-1.581,-1,475.000,-1,450.000,-1,375.000,375.000,100.000,275.000,-1,350.000,200.000,900.000,1000.000,975.000,-1,-1,2,0,2,0,2,0,0,1,0,2,0,0,0,0,0,2,2
261,2262.807,6909.749,-101.190,50.003,0,0.84054,-0.78904,50.432,-1.578,-1,425.000,-1,425.000,-1,350.000,350.000,100.000,300.000,-1,500.000,375.000,-1,825.000,900.000,-1,-1,2,0,2,0,2,0,0,1,0,2,0,0,2,0,0,2,2
262,2295.710,6946.844,-101.940,48.427,0,0.82641,-0.78804,49.585,-1.576,-1,375.000,-1,400.000,-1,325.000,325.000,75.000,300.000,-1,725.000,650.000,-1,725.000,850.000,-1,-1,2,0,2,0,2,0,0,1,0,2,0,0,2,0,0,2,2
263,2329.033,6982.393,-93.894,46.852,0,0.81209,-0.78771,48.725,-1.575,-1,375.000,-1,375.000,-1,300.000,300.000,100.000,300.000,-1,-1,-1,-1,700.000,725.000,-1,-1,2,0,2,0,2,0,0,1,0,2,2,2,2,0,0,2,2
264,2362.722,7016.408,-86.836,45.276,0,0.79791,-0.78805,47.875,-1.576,-1,375.000,-1,350.000,-1,300.000,300.000,125.000,275.000,-1,-1,-1,-1,700.000,675.000,-1,-1,2,0,2,0,2,0,0,1,0,2,2,2,2,0,0,2,2
265,2396.741,7048.914,-80.817,43.698,0,0.78420,-0.78901,47.052,-1.578,-1,375.000,-1,350.000,-1,300.000,300.000,150.000,275.000,400.000,-1,-1,-1,675.000,625.000,-1,-1,2,0,2,0,2,0,0,1,0,1,2,2,2,0,0,2,2
266,2431.066,7079.947,-75.806,42.116,0,0.77123,-0.79055,46.274,-1.581,-1,375.000,-1,325.000,-1,300.000,275.000,175.000,250.000,300.000,-1,-1,-1,675.000,600.000,-1,-1,2,0,2,0,2,0,0,1,0,1,2,2,2,0,0,2,2
267,2465.688,7109.550,-71.778,40.531,0,0.75920,-0.79263,45.552,-1.585,-1,375.000,-1,325.000,-1,300.000,275.000,225.000,250.000,250.000,-1,-1,-1,675.000,575.000,-1,-1,2,0,2,0,2,0,0,1,0,1,2,2,2,0,0,2,2
268,2500.607,7137.767,-68.680,38.941,0,0.74826,-0.79520,44.896,-1.590,-1,375.000,-1,325.000,-1,300.000,275.000,250.000,250.000,225.000,-1,-1,-1,700.000,600.000,-1,-1,2,0,2,0,2,0,0,1,0,1,2,2,2,0,0,2,2
269,2535.834,7164.646,-66.471,37.344,0,0.73851,-0.79822,44.311,-1.596,-1,375.000,-1,350.000,-1,300.000,300.000,300.000,250.000,225.000,-1,-1,-1,700.000,600.000,-1,-1,2,0,2,0,2,0,0,1,0,1,2,2,2,0,0,2,2
270,2571.385,7190.231,-65.436,35.741,0,0.72999,-0.80165,43.799,-1.603,-1,375.000,-1,350.000,-1,300.000,300.000,350.000,250.000,225.000,-1,-1,-1,725.000,625.000,-1,-1,2,0,2,0,2,0,0,1,0,1,2,2,2,0,0,2,2
271,2607.278,7214.560,-65.387,34.130,0,0.72270,-0.80544,43.362,-1.611,-1,400.000,-1,350.000,-1,300.000,300.000,375.000,275.000,225.000,-1,-1,-1,750.000,650.000,-1,-1,2,0,2,0,2,0,0,1,0,1,2,2,2,0,0,2,2
272,2643.537,7237.669,-66.224,32.511,0,0.71662,-0.80958,42.997,-1.619,-1,400.000,-1,375.000,-1,325.000,300.000,375.000,275.000,225.000,-1,-1,-1,775.000,725.000,-1,-1,2,0,2,0,2,0,0,0,0,1,2,2,2,0,0,2,2
273,2684.451,7262.381,-68.117,31.132,0,0.79662,-0.68958,47.797,-1.379,-1,400.000,-1,400.000,-1,325.000,325.000,325.000,275.000,225.000,225.000,-1,-1,800.000,825.000,-1,-1,2,0,2,0,2,0,0,0,0,1,1,2,2,0,0,2,2
274,2727.537,7287.250,-68.327,29.993,0,0.82914,-0.56958,49.749,-1.139,-1,400.000,-1,425.000,-1,325.000,325.000,300.000,300.000,225.000,200.000,-1,-1,825.000,925.000,-1,-1,2,0,2,0,2,0,0,0,0,1,1,2,2,0,0,2,2
275,2770.910,7311.384,-65.614,29.094,0,0.82725,-0.44958,49.635,-0.899,-1,400.000,-1,425.000,-1,325.000,325.000,300.000,300.000,275.000,250.000,-1,-1,825.000,925.000,-1,-1,2,0,2,0,2,0,0,0,0,1,1,2,2,0,0,2,2
276,2814.528,7335.002,-63.034,28.434,0,0.82671,-0.32958,49.603,-0.659,-1,400.000,-1,425.000,-1,325.000,325.000,300.000,300.000,325.000,300.000,-1,-1,825.000,925.000,-1,-1,2,0,2,0,2,0,0,0,0,1,1,2,2,0,0,2,2
277,2858.350,7358.318,-60.602,28.015,0,0.82731,-0.20958,49.639,-0.419,-1,400.000,-1,425.000,-1,325.000,325.000,300.000,300.000,375.000,350.000,-1,-1,825.000,900.000,-1,-1,2,0,2,0,2,0,0,0,0,1,1,2,2,0,0,2,2
278,2902.328,7381.540,-58.166,27.836,0,0.82888,-0.08958,49.733,-0.179,-1,400.000,-1,400.000,-1,325.000,325.000,300.000,300.000,400.000,400.000,-1,-1,800.000,900.000,-1,-1,2,0,2,0,2,0,0,0,0,1,1,2,2,0,0,2,2
279,2946.407,7404.876,-55.714,27.897,0,0.83125,0.03042,49.875,0.061,-1,400.000,-1,400.000,-1,325.000,325.000,300.000,300.000,450.000,475.000,-1,-1,800.000,900.000,-1,-1,2,0,2,0,2,0,0,0,0,1,1,2,2,0,0,2,2
280,2990.524,7428.529,-53.239,28.198,0,0.83428,0.15042,50.057,0.301,-1,400.000,-1,400.000,-1,325.000,325.000,300.000,300.000,500.000,525.000,-1,-1,800.000,900.000,-1,-1,2,0,2,0,2,0,0,0,0,1,1,2,2,0,0,2,2
281,3034.699,7452.527,-50.747,28.513,0,0.83787,0.15736,50.272,0.315,-1,400.000,-1,400.000,-1,325.000,325.000,300.000,300.000,550.000,600.000,-1,-1,800.000,875.000,-1,-1,2,0,2,0,2,0,0,0,0,1,1,2,2,0,0,2,2
282,3078.949,7476.867,-48.190,28.814,0,0.84171,0.15053,50.503,0.301,-1,400.000,-1,425.000,-1,325.000,325.000,300.000,325.000,600.000,675.000,-1,-1,800.000,875.000,-1,-1,2,0,2,0,2,0,0,0,0,1,1,2,2,0,0,2,2
283,3123.288,7501.547,-45.713,29.101,0,0.84576,0.14361,50.745,0.287,-1,400.000,-1,425.000,-1,325.000,325.000,300.000,325.000,625.000,775.000,-1,-1,800.000,875.000,-1,-1,2,0,2,0,2,0,0,0,0,1,1,2,2,0,0,2,2
284,3167.731,7526.563,-43.558,29.374,0,0.84999,0.13660,50.999,0.273,-1,400.000,-1,425.000,-1,325.000,325.000,300.000,325.000,675.000,-1,-1,-1,800.000,875.000,-1,-1,2,0,2,0,2,0,0,0,0,1,2,2,2,0,0,2,2
285,3212.290,7551.910,-41.435,29.633,0,0.85440,0.12949,51.264,0.259,-1,400.000,-1,425.000,-1,325.000,325.000,300.000,325.000,725.000,-1,-1,-1,825.000,875.000,-1,-1,2,0,2,0,2,0,0,0,0,1,2,2,2,0,0,2,2
286,3256.978,7577.583,-39.522,29.878,0,0.85897,0.12230,51.538,0.245,-1,400.000,-1,425.000,-1,325.000,325.000,300.000,300.000,775.000,-1,-1,-1,825.000,850.000,-1,-1,2,0,2,0,2,0,0,0,0,1,2,2,2,0,0,2,2
287,3301.809,7603.579,-37.600,30.108,0,0.86370,0.11503,51.822,0.230,-1,400.000,-1,400.000,-1,325.000,325.000,300.000,300.000,825.000,-1,-1,-1,825.000,850.000,-1,-1,2,0,2,0,2,0,0,0,0,1,2,2,2,0,0,2,2
288,3346.794,7629.890,-35.690,30.323,0,0.86858,0.10766,52.115,0.215,-1,400.000,-1,400.000,-1,325.000,325.000,300.000,300.000,875.000,-1,-1,-1,825.000,850.000,-1,-1,2,0,2,0,2,0,0,0,0,1,2,2,2,0,0,2,2
289,3391.946,7656.512,-33.896,30.523,0,0.87360,0.10021,52.416,0.200,-1,400.000,-1,400.000,-1,325.000,325.000,300.000,300.000,925.000,-1,-1,-1,850.000,825.000,-1,-1,2,0,2,0,2,0,0,0,0,1,2,2,2,0,0,2,2
290,3437.279,7683.437,-32.159,30.709,0,0.87876,0.09268,52.726,0.185,-1,400.000,-1,400.000,-1,325.000,325.000,300.000,300.000,975.000,-1,-1,-1,850.000,825.000,-1,-1,2,0,2,0,2,0,0,0,0,1,2,2,2,0,0,2,2
291,3482.803,7710.660,-30.432,30.879,0,0.88405,0.08506,53.043,0.170,-1,400.000,-1,400.000,-1,325.000,325.000,300.000,300.000,1000.000,-1,-1,-1,850.000,825.000,-1,-1,2,0,2,0,2,0,0,0,0,1,2,2,2,0,0,2,2
292,3528.532,7738.174,-28.741,31.034,0,0.88947,0.07736,53.368,0.155,-1,400.000,-1,400.000,-1,325.000,325.000,300.000,325.000,-1,-1,-1,-1,850.000,825.000,-1,-1,2,0,2,0,2,0,0,0,0,2,2,2,2,0,0,2,2
293,3574.479,7765.970,-27.006,31.173,0,0.89501,0.06958,53.700,0.139,-1,400.000,-1,400.000,-1,325.000,325.000,300.000,325.000,-1,-1,-1,-1,850.000,825.000,-1,-1,2,0,2,0,2,0,0,0,0,2,2,2,2,0,0,2,2
294,3620.655,7794.042,-25.226,31.296,0,0.90066,0.06171,54.040,0.123,-1,400.000,-1,400.000,-1,325.000,325.000,300.000,325.000,-1,-1,-1,-1,875.000,800.000,-1,-1,2,0,2,0,2,0,0,0,0,2,2,2,2,0,0,2,2
295,3667.075,7822.381,-23.536,31.404,0,0.90644,0.05375,54.386,0.108,-1,400.000,-1,400.000,-1,325.000,325.000,300.000,325.000,-1,-1,-1,-1,875.000,800.000,-1,-1,2,0,2,0,2,0,0,0,0,2,2,2,2,0,0,2,2
296,3713.751,7850.978,-21.857,31.495,0,0.91233,0.04572,54.740,0.091,-1,400.000,-1,400.000,-1,325.000,325.000,300.000,325.000,-1,-1,-1,-1,875.000,800.000,-1,-1,2,0,2,0,2,0,0,0,0,2,2,2,2,0,0,2,2
297,3760.696,7879.825,-20.217,31.570,0,0.91833,0.03759,55.100,0.075,-1,400.000,-1,400.000,-1,325.000,325.000,300.000,325.000,-1,-1,-1,-1,875.000,775.000,-1,-1,2,0,2,0,2,0,0,0,0,2,2,2,2,0,0,2,2
298,3807.965,7908.940,-18.807,31.630,0,0.92527,0.02981,55.516,0.060,-1,400.000,-1,400.000,-1,325.000,325.000,300.000,325.000,-1,-1,-1,-1,875.000,775.000,-1,-1,2,0,2,0,2,0,0,0,0,2,2,2,2,0,0,2,2
299,3855.429,7938.227,-17.410,31.676,0,0.92954,0.02291,55.773,0.046,-1,400.000,-1,400.000,-1,325.000,325.000,300.000,325.000,-1,-1,-1,-1,875.000,775.000,-1,-1,2,0,2,0,2,0,0,0,0,2,2,2,2,0,0,2,2
