timestep,x_cm,y_cm,z_cm,yaw_deg,basis_xx,basis_xy,basis_xz,basis_yx,basis_yy,basis_yz,basis_zx,basis_zy,basis_zz,teleport_flag,throttle_cmd,steering_cmd,cmd_move_cm,cmd_turn_deg,lidar_cm_0,lidar_cm_1,lidar_cm_2,lidar_cm_3,lidar_cm_4,lidar_cm_5,lidar_cm_6,lidar_cm_7,lidar_cm_8,lidar_cm_9,lidar_cm_10,lidar_cm_11,lidar_cm_12,lidar_cm_13,lidar_cm_14,lidar_cm_15,lidar_cm_16,lidar_class_0,lidar_class_1,lidar_class_2,lidar_class_3,lidar_class_4,lidar_class_5,lidar_class_6,lidar_class_7,lidar_class_8,lidar_class_9,lidar_class_10,lidar_class_11,lidar_class_12,lidar_class_13,lidar_class_14,lidar_class_15,lidar_class_16
0,7538.426,2295.994,-238.611,177.211,-0.998727,-0.048652,0.013338,0.048314,-0.998530,-0.024548,0.014512,-0.023872,0.999610,1,0.08000,-0.12000,4.800,-0.240,-1,400.000,-1,350.000,850.000,325.000,300.000,325.000,325.000,-1,525.000,750.000,725.000,825.000,625.000,-1,950.000,2,0,2,0,0,0,0,0,0,2,0,0,1,0,0,2,0
1,7528.841,2296.541,-238.448,176.731,-0.998278,-0.057015,0.013766,0.056657,-0.998078,-0.025105,0.015171,-0.024282,0.999590,0,0.16000,-0.24000,9.600,-0.480,-1,400.000,-1,350.000,850.000,325.000,300.000,325.000,325.000,-1,500.000,725.000,725.000,825.000,625.000,-1,950.000,2,0,2,0,0,0,0,0,0,2,0,0,1,0,0,2,0
2,7514.476,2297.543,-238.196,176.011,-0.997474,-0.069551,0.014420,0.069161,-0.997268,-0.025953,0.016185,-0.024891,0.999559,0,0.24000,-0.36000,14.400,-0.720,-1,400.000,-1,350.000,850.000,325.000,300.000,325.000,325.000,-1,450.000,675.000,725.000,800.000,625.000,-1,950.000,2,0,2,0,0,0,0,0,0,2,0,0,1,0,0,2,0
3,7495.347,2299.199,-237.849,175.051,-0.996156,-0.086248,0.015311,0.085813,-0.995942,-0.027106,0.017587,-0.025688,0.999515,0,0.32000,-0.48000,19.200,-0.960,-1,400.000,-1,350.000,875.000,325.000,300.000,325.000,325.000,-1,425.000,650.000,750.000,800.000,625.000,-1,950.000,2,0,2,0,0,0,0,0,0,2,0,0,1,0,0,2,0
4,7471.485,2301.770,-237.393,173.851,-0.994114,-0.107084,0.016456,0.106587,-0.993893,-0.028581,0.019416,-0.026659,0.999456,0,0.40000,-0.60000,24.000,-1.200,-1,400.000,-1,350.000,875.000,325.000,300.000,325.000,325.000,-1,400.000,600.000,750.000,800.000,625.000,-1,950.000,2,0,2,0,0,0,0,0,0,2,0,0,1,0,0,2,0
5,7442.928,2305.501,-236.821,172.556,-0.991417,-0.129510,0.017873,0.128932,-0.991187,-0.030398,0.021652,-0.027832,0.999378,0,0.48000,-0.64736,28.800,-1.295,-1,400.000,-1,350.000,900.000,325.000,300.000,325.000,325.000,-1,350.000,550.000,775.000,800.000,625.000,-1,950.000,2,0,2,0,0,0,0,0,0,2,0,0,1,0,0,2,0
6,7409.718,2310.607,-236.119,171.260,-0.988203,-0.151894,0.019581,0.151212,-0.987965,-0.032569,0.024292,-0.029224,0.999278,0,0.56000,-0.64814,33.600,-1.296,-1,400.000,-1,350.000,925.000,325.000,300.000,325.000,325.000,-1,325.000,500.000,800.000,800.000,625.000,-1,950.000,2,0,2,0,0,0,0,0,0,2,0,0,1,0,0,2,0
7,7371.905,2317.300,-235.267,169.961,-0.984469,-0.174227,0.021594,0.173414,-0.984223,-0.035107,0.027370,-0.030817,0.999150,0,0.64000,-0.64904,38.400,-1.298,-1,400.000,-1,350.000,950.000,325.000,300.000,325.000,325.000,-1,300.000,450.000,825.000,800.000,625.000,-1,975.000,2,0,2,0,0,0,0,0,0,2,0,0,1,0,0,2,0
8,7329.786,2325.746,-234.247,168.662,-0.980212,-0.196500,0.023920,0.195523,-0.979962,-0.038007,0.030909,-0.032578,0.998991,0,0.71596,-0.64998,42.958,-1.300,-1,400.000,-1,350.000,975.000,325.000,300.000,325.000,325.000,800.000,275.000,400.000,850.000,800.000,625.000,-1,1000.000,2,0,2,0,0,0,0,0,0,1,0,0,1,0,0,2,0
9,7288.031,2335.109,-233.142,167.360,-0.975438,-0.218700,0.026286,0.217543,-0.975193,-0.040921,0.034583,-0.034198,0.998817,0,0.71318,-0.65088,42.791,-1.302,-1,400.000,-1,350.000,-1,325.000,300.000,325.000,325.000,700.000,250.000,350.000,875.000,800.000,625.000,-1,-1,2,0,2,0,2,0,0,0,0,1,0,0,1,0,0,2,2
10,7246.662,2345.381,-231.748,166.057,-0.970161,-0.240817,0.028194,0.239516,-0.969944,-0.042899,0.037678,-0.034866,0.998682,0,0.71041,-0.65159,42.625,-1.303,-1,400.000,-1,350.000,-1,325.000,300.000,325.000,325.000,675.000,250.000,350.000,925.000,825.000,625.000,-1,-1,2,0,2,0,2,0,0,0,0,1,0,0,1,0,0,2,2
11,7205.698,2356.547,-230.289,164.752,-0.964373,-0.262826,0.030117,0.261372,-0.964190,-0.044964,0.040856,-0.035491,0.998535,0,0.70765,-0.65212,42.459,-1.304,-1,400.000,-1,350.000,-1,325.000,300.000,325.000,325.000,650.000,250.000,325.000,950.000,825.000,625.000,-1,-1,2,0,2,0,2,0,0,0,0,1,0,0,1,0,0,2,2
12,7165.155,2368.597,-228.734,163.447,-0.958078,-0.284709,0.032041,0.283091,-0.957935,-0.047114,0.044107,-0.036068,0.998376,0,0.70492,-0.65246,42.295,-1.305,-1,400.000,-1,350.000,-1,325.000,300.000,325.000,325.000,625.000,250.000,325.000,975.000,825.000,625.000,-1,-1,2,0,2,0,2,0,0,0,0,1,0,0,1,0,0,2,2
13,7125.051,2381.517,-226.768,162.142,-0.951328,-0.306437,0.032738,0.304652,-0.951143,-0.050145,0.046505,-0.037731,0.998205,0,0.70221,-0.65262,42.133,-1.305,-1,400.000,-1,350.000,-1,325.000,300.000,325.000,325.000,625.000,250.000,325.000,1000.000,825.000,625.000,-1,-1,2,0,2,0,2,0,0,0,0,1,0,0,1,0,0,2,2
14,7085.404,2395.295,-224.758,160.837,-0.944086,-0.328006,0.033367,0.326058,-0.943866,-0.052946,0.048860,-0.039106,0.998040,0,0.69954,-0.65261,41.973,-1.305,-1,400.000,-1,350.000,-1,325.000,300.000,325.000,325.000,625.000,275.000,350.000,-1,825.000,625.000,-1,-1,2,0,2,0,2,0,0,0,0,1,0,0,2,0,0,2,2
15,7046.229,2409.917,-222.658,159.532,-0.936358,-0.349397,0.034000,0.347281,-0.936106,-0.055693,0.051287,-0.040341,0.997869,0,0.69691,-0.65242,41.815,-1.305,-1,400.000,-1,350.000,-1,300.000,300.000,325.000,325.000,625.000,300.000,375.000,-1,825.000,625.000,-1,-1,2,0,2,0,2,0,0,0,0,1,0,0,2,0,0,2,2
16,7006.886,2425.440,-220.440,158.467,-0.929689,-0.366713,0.034648,0.364421,-0.929399,-0.058438,0.053632,-0.041703,0.997690,0,0.70491,-0.53242,42.294,-1.065,-1,400.000,-1,350.000,-1,300.000,300.000,325.000,325.000,650.000,300.000,375.000,-1,825.000,625.000,-1,-1,2,0,2,0,2,0,0,0,1,1,0,0,2,0,0,2,2
17,6967.981,2441.441,-218.112,157.642,-0.924295,-0.380032,0.035422,0.377559,-0.923970,-0.061065,0.055936,-0.043068,0.997505,0,0.70110,-0.41242,42.066,-0.825,-1,400.000,-1,350.000,-1,300.000,300.000,325.000,325.000,650.000,325.000,400.000,-1,825.000,625.000,-1,-1,2,0,2,0,2,0,0,0,1,1,0,0,2,0,0,2,2
18,6929.510,2457.725,-215.704,157.058,-0.920349,-0.389418,0.036220,0.386759,-0.919983,-0.063630,0.058100,-0.044553,0.997316,0,0.69625,-0.29242,41.775,-0.585,-1,400.000,-1,350.000,-1,300.000,300.000,325.000,325.000,675.000,325.000,400.000,-1,825.000,625.000,-1,-1,2,0,2,0,2,0,0,0,1,1,0,0,2,0,1,2,2
19,6891.460,2474.102,-213.229,156.713,-0.917970,-0.394919,0.037016,0.392072,-0.917554,-0.066143,0.060086,-0.046204,0.997123,0,0.69041,-0.17242,41.425,-0.345,-1,400.000,-1,350.000,-1,300.000,300.000,325.000,300.000,700.000,325.000,425.000,-1,825.000,675.000,-1,-1,2,0,2,0,2,0,0,0,1,1,0,0,2,0,1,2,2
20,6853.812,2490.387,-210.700,156.608,-0.917229,-0.396562,0.037799,0.393527,-0.916749,-0.068609,0.061860,-0.048055,0.996927,0,0.68365,-0.05242,41.019,-0.105,-1,400.000,-1,350.000,-1,300.000,300.000,325.000,300.000,700.000,325.000,450.000,-1,850.000,725.000,-1,-1,2,0,2,0,2,0,0,0,1,1,0,0,2,0,1,2,2
21,6816.545,2506.403,-208.129,156.743,-0.918148,-0.394358,0.038556,0.391135,-0.917588,-0.071031,0.063390,-0.050137,0.996729,0,0.67604,0.06758,40.563,0.135,-1,400.000,-1,350.000,-1,300.000,300.000,325.000,300.000,725.000,325.000,475.000,-1,850.000,800.000,-1,-1,2,0,2,0,2,0,0,0,1,1,0,0,2,0,1,2,2
22,6779.666,2522.053,-205.524,157.004,-0.919922,-0.390129,0.039283,0.386718,-0.919271,-0.073414,0.064753,-0.052343,0.996528,0,0.66770,0.13052,40.062,0.261,-1,400.000,-1,350.000,-1,300.000,300.000,325.000,300.000,750.000,325.000,500.000,-1,875.000,-1,-1,-1,2,0,2,0,2,0,0,0,1,1,0,0,2,0,2,2,2
23,6743.183,2537.334,-202.885,157.272,-0.921722,-0.385785,0.039983,0.382186,-0.920975,-0.075758,0.066050,-0.054547,0.996324,0,0.65923,0.13385,39.554,0.268,-1,400.000,-1,350.000,-1,325.000,300.000,325.000,325.000,750.000,350.000,500.000,-1,875.000,-1,-1,-1,2,0,2,0,2,0,0,0,1,1,0,0,2,0,2,2,2
24,6707.070,2552.256,-200.214,157.547,-0.923554,-0.381307,0.040657,0.377520,-0.922705,-0.078066,0.067281,-0.056750,0.996119,0,0.65124,0.13768,39.075,0.275,-1,400.000,-1,350.000,-1,325.000,300.000,325.000,325.000,775.000,350.000,525.000,-1,900.000,-1,-1,-1,2,0,2,1,2,0,0,0,0,1,0,0,2,0,2,2,2
25,6671.299,2566.830,-197.530,157.831,-0.925422,-0.376679,0.041328,0.372696,-0.924462,-0.080424,0.068500,-0.059023,0.995904,0,0.64377,0.14201,38.626,0.284,-1,425.000,-1,375.000,-1,325.000,300.000,325.000,325.000,800.000,350.000,525.000,-1,900.000,-1,-1,-1,2,0,2,1,2,0,0,0,0,1,0,0,2,0,2,2,2
26,6635.840,2581.065,-194.831,158.125,-0.927329,-0.371884,0.041995,0.367700,-0.926249,-0.082822,0.069698,-0.061361,0.995679,0,0.63682,0.14680,38.209,0.294,-1,425.000,-1,375.000,-1,325.000,300.000,325.000,325.000,800.000,375.000,525.000,-1,900.000,-1,-1,-1,2,0,2,1,2,0,0,0,0,1,0,0,2,0,2,2,2
27,6600.663,2594.970,-192.362,158.429,-0.929340,-0.366884,0.041506,0.362523,-0.928010,-0.085877,0.070025,-0.064762,0.995441,0,0.63043,0.15204,37.826,0.304,-1,425.000,-1,400.000,-1,325.000,325.000,325.000,325.000,825.000,375.000,550.000,-1,900.000,-1,-1,-1,2,0,2,1,2,0,0,0,0,1,0,0,2,0,2,2,2
28,6565.736,2608.554,-189.916,158.744,-0.931403,-0.361687,0.040877,0.357162,-0.929801,-0.088911,0.070165,-0.068213,0.995200,0,0.62459,0.15769,37.476,0.315,-1,425.000,-1,400.000,-1,325.000,325.000,325.000,325.000,850.000,400.000,600.000,-1,900.000,-1,-1,-1,2,0,2,1,2,0,0,0,0,1,0,0,2,0,2,2,2
29,6531.027,2621.825,-187.523,159.072,-0.933516,-0.356285,0.040122,0.351629,-0.931640,-0.091670,0.070040,-0.071467,0.994981,0,0.61933,0.16375,37.160,0.328,-1,425.000,-1,425.000,-1,325.000,325.000,325.000,325.000,850.000,400.000,625.000,-1,900.000,-1,-1,-1,2,0,2,1,2,0,0,0,0,1,0,0,2,0,2,2,2
30,6491.706,2636.468,-184.809,159.571,-0.936652,-0.348051,0.039298,0.343254,-0.934447,-0.094795,0.069715,-0.075300,0.994721,0,0.69933,0.24974,41.960,0.499,-1,425.000,-1,425.000,-1,325.000,325.000,325.000,325.000,875.000,425.000,675.000,-1,900.000,-1,-1,-1,2,0,2,1,2,0,0,0,0,1,0,0,2,0,2,2,2
31,6449.003,2651.948,-181.969,160.071,-0.939715,-0.339790,0.038438,0.334874,-0.937179,-0.097751,0.069238,-0.078987,0.994468,0,0.75704,0.24987,45.422,0.500,-1,425.000,-1,450.000,-1,325.000,325.000,300.000,325.000,900.000,450.000,725.000,850.000,900.000,-1,-1,-1,2,0,2,1,2,0,0,0,0,1,0,0,1,0,2,2,2
32,6406.113,2667.074,-179.828,160.571,-0.942731,-0.331571,0.036329,0.326872,-0.940040,-0.097360,0.066432,-0.079909,0.994586,0,0.75800,0.25012,45.480,0.500,-1,425.000,-1,475.000,-1,325.000,325.000,300.000,325.000,925.000,550.000,850.000,825.000,875.000,-1,-1,-1,2,0,2,1,2,0,0,0,0,1,0,0,1,0,2,2,2
33,6363.025,2681.849,-177.735,161.072,-0.945679,-0.323328,0.033920,0.318899,-0.942856,-0.096567,0.063205,-0.080504,0.994748,0,0.75919,0.25035,45.551,0.501,-1,425.000,-1,475.000,-1,325.000,325.000,300.000,325.000,950.000,675.000,950.000,825.000,850.000,-1,-1,-1,2,0,2,1,2,0,0,0,0,1,0,0,1,0,2,2,2
34,6319.731,2696.272,-175.693,161.573,-0.948557,-0.315062,0.031222,0.310946,-0.945624,-0.095433,0.059591,-0.080815,0.994946,0,0.76057,0.25053,45.634,0.501,-1,425.000,-1,475.000,-1,325.000,325.000,325.000,300.000,975.000,850.000,-1,825.000,850.000,-1,-1,-1,2,0,2,1,2,0,1,0,0,1,0,2,1,0,2,2,2
35,6276.226,2710.345,-173.702,162.074,-0.951363,-0.306777,0.028230,0.303014,-0.948341,-0.093980,0.055603,-0.080855,0.995174,0,0.76208,0.25061,45.725,0.501,-1,400.000,-1,500.000,-1,325.000,325.000,325.000,300.000,-1,-1,-1,825.000,825.000,-1,-1,-1,2,0,2,1,2,0,1,0,0,2,2,2,1,0,2,2,2
36,6232.509,2724.065,-171.758,162.575,-0.954091,-0.298476,0.024943,0.295100,-0.951005,-0.092231,0.051249,-0.080636,0.995425,0,0.76368,0.25055,45.821,0.501,-1,400.000,-1,500.000,-1,325.000,300.000,325.000,300.000,-1,-1,-1,825.000,800.000,-1,-1,-1,2,0,2,1,2,0,1,0,0,2,2,2,1,0,2,2,2
37,6188.581,2737.431,-169.862,163.076,-0.956738,-0.290167,0.021360,0.287205,-0.953612,-0.090208,0.046544,-0.080171,0.995694,0,0.76528,0.25030,45.917,0.501,-1,400.000,-1,-1,-1,300.000,300.000,325.000,275.000,-1,-1,-1,850.000,775.000,-1,-1,-1,2,0,2,2,2,0,1,0,0,2,2,2,1,0,2,2,2
38,6144.450,2750.439,-168.010,163.576,-0.959297,-0.281856,0.017481,0.279332,-0.956160,-0.087934,0.041500,-0.079472,0.995973,0,0.76683,0.24981,46.010,0.500,-1,375.000,-1,-1,-1,300.000,300.000,325.000,275.000,-1,-1,-1,850.000,750.000,-1,-1,-1,2,0,2,2,2,0,1,0,0,2,2,2,1,0,2,2,2
39,6100.127,2763.087,-166.201,164.074,-0.961765,-0.273554,0.013309,0.271484,-0.958644,-0.085432,0.036129,-0.078553,0.996255,0,0.76822,0.24904,46.093,0.498,-1,375.000,-1,-1,-1,300.000,300.000,325.000,275.000,-1,-1,-1,900.000,725.000,-1,-1,-1,2,0,2,2,2,0,1,0,1,2,2,2,1,0,2,2,2
40,6055.630,2775.369,-164.435,164.569,-0.964133,-0.265271,0.008848,0.263666,-0.961060,-0.082726,0.030449,-0.077426,0.996533,0,0.76936,0.24793,46.162,0.496,-1,375.000,-1,-1,-1,300.000,300.000,325.000,300.000,-1,-1,-1,925.000,700.000,-1,-1,-1,2,0,2,2,2,0,1,0,1,2,2,2,1,0,2,2,2
41,6010.983,2787.280,-162.710,165.062,-0.966398,-0.257019,0.004104,0.255884,-0.963405,-0.079839,0.024474,-0.076106,0.996799,0,0.77016,0.24645,46.209,0.493,-1,350.000,-1,-1,-1,275.000,325.000,325.000,300.000,-1,-1,-1,950.000,675.000,-1,-1,-1,2,0,2,2,2,0,1,0,1,2,2,2,1,0,2,2,2
42,5966.215,2798.814,-161.236,165.552,-0.968554,-0.248803,-0.000417,0.248085,-0.965630,-0.077538,0.018889,-0.075203,0.996989,0,0.77050,0.24457,46.230,0.489,-1,350.000,-1,-1,-1,275.000,325.000,350.000,325.000,-1,-1,-1,1000.000,650.000,-1,-1,-1,2,0,2,2,2,0,1,0,1,2,2,2,1,0,2,2,2
43,5921.365,2809.967,-159.910,166.036,-0.970603,-0.240651,-0.004001,0.240264,-0.967790,-0.075208,0.014227,-0.073959,0.997160,0,0.77028,0.24224,46.217,0.484,-1,350.000,-1,-1,-1,275.000,350.000,350.000,325.000,-1,-1,-1,-1,625.000,-1,-1,-1,2,0,2,2,2,0,1,0,1,2,2,2,2,0,2,2,2
44,5871.804,2822.067,-158.520,166.280,-0.971586,-0.236555,-0.007941,0.236504,-0.968954,-0.072065,0.009353,-0.071895,0.997368,0,0.85028,0.12224,51.017,0.244,-1,325.000,-1,-1,-1,275.000,350.000,350.000,350.000,-1,-1,-1,-1,600.000,-1,-1,-1,2,0,2,2,2,0,1,0,1,2,2,2,2,0,2,2,2
45,5817.580,2835.307,-158.484,166.285,-0.971546,-0.236607,-0.010715,0.236805,-0.969495,-0.063266,0.004581,-0.064003,0.997939,0,0.93028,0.00224,55.817,0.004,-1,325.000,-1,-1,-1,250.000,400.000,350.000,350.000,-1,-1,-1,-1,575.000,-1,-1,-1,2,0,2,2,2,0,1,0,1,2,2,2,2,0,2,2,2
46,5761.960,2849.134,-160.460,166.049,-0.970441,-0.240804,-0.016057,0.241296,-0.969376,-0.045686,-0.004563,-0.048210,0.998827,0,0.95522,-0.11776,57.313,-0.236,-1,300.000,-1,-1,-1,225.000,425.000,375.000,325.000,-1,-1,-1,-1,550.000,-1,-1,-1,2,0,2,2,2,0,1,0,1,2,2,2,2,0,2,2,2
47,5706.560,2863.393,-162.914,165.574,-0.968259,-0.249016,-0.021591,0.249530,-0.968025,-0.025725,-0.014495,-0.030297,0.999436,0,0.95341,-0.23776,57.205,-0.476,-1,275.000,-1,-1,-1,225.000,475.000,400.000,300.000,-1,-1,-1,-1,500.000,-1,975.000,-1,2,0,2,2,2,0,1,0,1,2,2,2,2,0,2,0,2
48,5651.478,2878.304,-165.867,164.858,-0.964905,-0.261192,-0.027163,0.261368,-0.965234,-0.003084,-0.025413,-0.010076,0.999626,0,0.95107,-0.35776,57.064,-0.716,-1,250.000,-1,-1,-1,200.000,525.000,425.000,275.000,-1,-1,0.000,-1,450.000,-1,750.000,-1,2,0,2,2,2,0,1,0,1,2,2,0,2,0,2,0,2
49,5596.815,2894.080,-169.343,163.903,-0.960249,-0.277244,-0.032529,0.276615,-0.960716,0.022561,-0.037506,0.012666,0.999216,0,0.94822,-0.47776,56.893,-0.956,-1,225.000,-1,-1,-1,175.000,550.000,450.000,250.000,-1,-1,0.000,-1,400.000,-1,575.000,-1,2,0,2,2,2,1,1,0,1,2,2,0,2,0,2,0,2
50,5542.680,2910.929,-173.367,162.707,-0.954136,-0.297036,-0.037338,0.295009,-0.954104,0.051538,-0.050933,0.038159,0.997973,0,0.94492,-0.59776,56.695,-1.196,-1,200.000,-1,-1,-1,200.000,575.000,475.000,225.000,-1,-1,0.000,-1,350.000,-1,425.000,-1,2,0,2,2,2,1,1,0,1,2,2,0,2,0,2,0,2
51,5489.187,2929.052,-177.960,161.272,-0.946402,-0.320365,-0.041111,0.316218,-0.944948,0.084142,-0.065804,0.066633,0.995605,0,0.94127,-0.71776,56.476,-1.436,975.000,200.000,-1,-1,-1,250.000,600.000,525.000,175.000,-1,-1,0.000,-1,325.000,-1,300.000,-1,0,1,2,2,2,1,1,0,1,2,2,0,2,1,2,0,2
52,5436.461,2948.640,-183.134,159.596,-0.936890,-0.346944,-0.043221,0.339836,-0.932720,0.120600,-0.082154,0.098301,0.991760,0,0.93740,-0.83776,56.244,-1.676,775.000,225.000,-1,-1,-1,300.000,625.000,625.000,175.000,-1,-1,0.000,450.000,400.000,-1,200.000,-1,0,1,2,2,2,1,1,0,1,2,2,0,1,1,2,0,2
53,1639.833,-6231.355,-281.510,16.113,0.959869,-0.277528,0.040371,0.277088,0.960707,0.016244,-0.043292,-0.004406,0.999053,1,0.00000,0.00000,55.945,-1.916,-1,400.000,-1,400.000,-1,325.000,325.000,275.000,300.000,-1,850.000,700.000,-1,875.000,850.000,-1,-1,2,0,2,0,2,0,0,0,0,2,0,0,2,0,0,2,2
54,1644.438,-6230.003,-281.740,16.353,0.958696,-0.281551,0.040399,0.281117,0.959538,0.016151,-0.043311,-0.004127,0.999053,0,0.08000,0.12000,4.800,0.240,-1,400.000,-1,400.000,-1,325.000,325.000,275.000,300.000,-1,850.000,700.000,-1,875.000,850.000,-1,-1,2,0,2,0,2,0,0,0,0,2,0,0,2,0,0,2,2
55,1653.627,-6227.223,-282.203,16.833,0.956298,-0.289580,0.040461,0.289162,0.957147,0.015961,-0.043349,-0.003564,0.999054,0,0.16000,0.24000,9.600,0.480,-1,400.000,-1,400.000,-1,325.000,325.000,275.000,300.000,-1,850.000,700.000,-1,875.000,850.000,-1,-1,2,0,2,0,2,0,0,0,0,2,0,0,2,0,0,2,2
56,1667.357,-6222.881,-282.899,17.553,0.952576,-0.301585,0.040568,0.301190,0.953435,0.015667,-0.043404,-0.002706,0.999054,0,0.24000,0.36000,14.400,0.720,-1,400.000,-1,400.000,-1,325.000,325.000,275.000,300.000,-1,850.000,700.000,-1,875.000,850.000,-1,-1,2,0,2,0,2,0,0,0,0,2,0,0,2,0,0,2,2
57,1685.563,-6216.784,-283.832,18.513,0.947377,-0.317518,0.040740,0.317155,0.948251,0.015263,-0.043478,-0.001539,0.999053,0,0.32000,0.48000,19.200,0.960,-1,400.000,-1,400.000,-1,325.000,325.000,275.000,300.000,-1,850.000,675.000,-1,875.000,850.000,-1,-1,2,0,2,0,2,0,0,0,0,2,0,0,2,0,0,2,2
58,1708.157,-6208.689,-285.005,19.713,0.940501,-0.337307,0.041001,0.336985,0.941395,0.014740,-0.043571,-0.000047,0.999050,0,0.40000,0.60000,24.000,1.200,-1,400.000,-1,400.000,-1,325.000,325.000,275.000,275.000,-1,825.000,675.000,-1,900.000,850.000,-1,-1,2,0,2,0,2,0,0,0,0,2,0,0,2,0,0,2,2
59,1735.016,-6198.297,-286.421,21.153,0.931702,-0.360858,0.041385,0.360587,0.932619,0.014097,-0.043683,0.001788,0.999044,0,0.48000,0.72000,28.800,1.440,-1,400.000,-1,425.000,-1,325.000,325.000,275.000,275.000,-1,825.000,700.000,-1,900.000,875.000,-1,-1,2,0,2,0,2,0,0,0,0,2,0,0,2,0,0,2,2
60,1765.983,-6185.258,-288.084,22.833,0.920687,-0.388042,0.041932,0.387833,0.921633,0.013335,-0.043820,0.003985,0.999031,0,0.56000,0.84000,33.600,1.680,-1,400.000,-1,425.000,-1,325.000,325.000,275.000,275.000,-1,825.000,700.000,-1,925.000,875.000,-1,-1,2,0,2,0,2,0,0,0,0,2,0,0,2,0,0,2,2
61,1800.855,-6169.180,-289.994,24.753,0.907122,-0.418697,0.042692,0.418563,0.908102,0.012464,-0.043987,0.006563,0.999011,0,0.64000,0.96000,38.400,1.920,-1,400.000,-1,425.000,-1,325.000,325.000,275.000,275.000,-1,825.000,700.000,-1,925.000,875.000,-1,-1,2,0,2,0,2,0,0,0,0,2,0,0,2,0,0,2,2
62,1837.255,-6150.871,-291.919,26.702,0.892310,-0.449325,0.043476,0.449255,0.893324,0.011926,-0.044197,0.008890,0.998983,0,0.67908,0.97431,40.745,1.949,-1,400.000,-1,425.000,-1,325.000,325.000,275.000,275.000,-1,850.000,725.000,-1,950.000,875.000,-1,-1,2,0,2,0,2,0,0,0,0,2,0,0,2,0,0,2,2
63,1873.059,-6131.309,-293.635,28.651,0.876476,-0.479453,0.043758,0.479417,0.877505,0.011994,-0.044148,0.010466,0.998970,0,0.67999,0.97493,40.799,1.950,-1,425.000,-1,425.000,-1,325.000,350.000,275.000,275.000,-1,850.000,750.000,-1,950.000,900.000,-1,-1,2,0,2,0,2,0,0,0,0,2,0,0,2,0,0,2,2
64,1908.377,-6110.416,-295.515,30.606,0.859545,-0.509095,0.044778,0.509116,0.860617,0.011787,-0.044537,0.012665,0.998927,0,0.68392,0.97743,41.035,1.955,-1,425.000,-1,425.000,-1,325.000,350.000,275.000,275.000,-1,900.000,775.000,-1,975.000,900.000,-1,-1,2,0,2,0,2,0,0,0,0,2,0,0,2,0,0,2,2
65,1943.169,-6088.195,-297.556,32.566,0.841529,-0.538203,0.046554,0.538305,0.842673,0.011385,-0.045357,0.015479,0.998851,0,0.68805,0.97976,41.283,1.960,-1,425.000,-1,425.000,-1,325.000,350.000,275.000,275.000,-1,925.000,825.000,-1,975.000,900.000,-1,-1,2,0,2,0,2,0,0,0,0,2,0,0,2,0,0,2,2
66,1977.393,-6064.647,-299.616,34.530,0.822472,-0.566735,0.048480,0.566926,0.823694,0.011055,-0.046198,0.018392,0.998763,0,0.69237,0.98189,41.542,1.964,-1,425.000,-1,425.000,-1,325.000,350.000,275.000,275.000,-1,975.000,875.000,-1,975.000,900.000,-1,-1,2,0,2,0,2,0,0,0,0,2,0,0,2,0,0,2,2
67,2011.006,-6039.776,-301.693,36.497,0.802396,-0.594647,0.050555,0.594934,0.803702,0.010811,-0.047059,0.021402,0.998663,0,0.69689,0.98382,41.813,1.968,-1,425.000,-1,425.000,-1,325.000,350.000,275.000,275.000,-1,-1,925.000,-1,975.000,900.000,-1,-1,2,0,2,0,2,0,0,0,0,2,2,0,2,0,0,2,2
68,2043.965,-6013.589,-303.783,38.468,0.781321,-0.621895,0.052776,0.622286,0.782717,0.010663,-0.047940,0.024511,0.998549,0,0.70159,0.98554,42.095,1.971,-1,425.000,-1,425.000,-1,350.000,350.000,275.000,275.000,-1,-1,975.000,-1,975.000,900.000,-1,-1,2,0,2,0,2,0,0,0,0,2,2,0,2,0,0,2,2
69,2076.225,-5986.092,-305.965,40.442,0.759287,-0.648440,0.054858,0.648928,0.760773,0.010814,-0.048747,0.027388,0.998436,0,0.70647,0.98704,42.388,1.974,-1,425.000,-1,425.000,-1,350.000,350.000,275.000,275.000,-1,-1,-1,-1,-1,900.000,-1,-1,2,0,2,0,2,0,0,0,0,2,2,2,2,2,0,2,2
70,2107.741,-5957.294,-308.327,42.419,0.736320,-0.674250,0.056740,0.674800,0.737908,0.011722,-0.049772,0.029657,0.998320,0,0.71154,0.98829,42.692,1.977,-1,425.000,-1,425.000,-1,350.000,350.000,275.000,300.000,-1,-1,-1,-1,-1,875.000,-1,-1,2,0,2,0,2,0,0,0,0,2,2,2,2,2,0,2,2
71,2138.469,-5927.205,-310.712,44.398,0.712445,-0.699276,0.058614,0.699889,0.714138,0.012743,-0.050770,0.031944,0.998199,0,0.71677,0.98929,43.006,1.979,-1,425.000,-1,425.000,-1,350.000,350.000,275.000,300.000,-1,-1,-1,-1,-1,875.000,-1,-1,2,0,2,0,2,0,0,0,0,2,2,2,2,2,0,2,2
72,2168.362,-5895.837,-313.116,46.378,0.687695,-0.723478,0.060465,0.724155,0.689498,0.013877,-0.051730,0.034243,0.998074,0,0.72217,0.99003,43.330,1.980,-1,425.000,-1,425.000,-1,350.000,350.000,275.000,300.000,-1,-1,-1,-1,-1,875.000,-1,-1,2,0,2,0,2,0,0,0,0,2,2,2,2,2,0,2,2
73,2200.493,-5860.003,-315.806,48.118,0.665221,-0.744023,0.062537,0.744759,0.667160,0.015230,-0.053053,0.036444,0.997926,0,0.80217,0.87003,48.130,1.740,-1,425.000,-1,425.000,-1,350.000,350.000,275.000,300.000,-1,-1,-1,-1,-1,875.000,-1,-1,2,0,2,0,2,0,0,0,0,2,2,2,2,2,0,2,2
74,2234.786,-5819.683,-318.733,49.618,0.645301,-0.761182,0.064718,0.761948,0.647411,0.017172,-0.054970,0.038231,0.997756,0,0.88217,0.75003,52.930,1.500,-1,425.000,-1,425.000,-1,350.000,350.000,275.000,300.000,-1,-1,-1,-1,-1,875.000,-1,-1,2,0,2,0,2,0,0,0,0,2,2,2,2,2,0,2,2
75,2271.092,-5775.044,-321.755,50.878,0.628161,-0.775213,0.066770,0.775921,0.630498,0.020459,-0.057958,0.038956,0.997559,0,0.95898,0.63003,57.539,1.260,-1,425.000,-1,425.000,-1,350.000,350.000,275.000,300.000,-1,-1,-1,-1,-1,850.000,-1,-1,2,0,2,0,2,0,0,0,0,2,2,2,2,2,0,2,2
76,2306.867,-5729.422,-324.971,51.898,0.614017,-0.786292,0.068765,0.786942,0.616579,0.023499,-0.060876,0.039685,0.997356,0,0.96627,0.51003,57.976,1.020,-1,425.000,-1,425.000,-1,350.000,350.000,275.000,300.000,-1,-1,-1,-1,-1,825.000,-1,-1,2,0,2,0,2,0,0,0,0,2,2,2,2,2,0,2,2
77,2342.284,-5682.967,-328.535,52.678,0.603012,-0.794566,0.071003,0.795226,0.605782,0.025391,-0.063187,0.041152,0.997153,0,0.97359,0.39003,58.415,0.780,-1,425.000,-1,425.000,-1,350.000,350.000,275.000,300.000,-1,-1,-1,-1,-1,825.000,-1,-1,2,0,2,0,2,0,0,0,0,2,2,2,2,2,0,2,2
78,2377.524,-5635.829,-332.412,53.218,0.595166,-0.800175,0.074144,0.800868,0.598216,0.027347,-0.066236,0.043103,0.996873,0,0.98090,0.27003,58.854,0.540,-1,425.000,-1,425.000,-1,325.000,325.000,275.000,300.000,-1,-1,-1,-1,-1,800.000,-1,-1,2,0,2,0,2,0,0,0,0,2,2,2,2,2,0,2,2
79,2412.777,-5588.156,-336.403,53.518,0.590636,-0.803240,0.077168,0.803948,0.593975,0.029335,-0.069399,0.044713,0.996586,0,0.98819,0.15003,59.291,0.300,-1,425.000,-1,425.000,-1,325.000,325.000,275.000,300.000,-1,-1,-1,-1,-1,775.000,-1,-1,2,1,2,0,2,0,0,0,0,2,2,2,2,2,0,2,2
80,2448.237,-5540.098,-340.520,53.578,0.589463,-0.803817,0.080076,0.804519,0.593099,0.031332,-0.072678,0.045954,0.996296,0,0.99540,0.03003,59.724,0.060,-1,-1,-1,400.000,-1,325.000,325.000,300.000,300.000,-1,-1,-1,-1,-1,-1,-1,-1,2,2,2,0,2,0,0,0,0,2,2,2,2,2,2,2,2
81,2484.012,-5491.929,-344.769,53.398,0.591659,-0.801919,0.082862,0.802592,0.595598,0.033309,-0.076063,0.046797,0.996004,0,1.00000,-0.08997,60.000,-0.180,-1,-1,-1,400.000,-1,325.000,325.000,300.000,300.000,-1,-1,-1,-1,-1,-1,-1,-1,2,2,2,0,2,0,0,0,0,2,2,2,2,2,2,2,2
82,2520.140,-5444.025,-349.324,52.978,0.597301,-0.797544,0.084589,0.798120,0.601468,0.035217,-0.078964,0.046477,0.995793,0,1.00000,-0.20997,60.000,-0.420,-1,-1,-1,400.000,-1,-1,325.000,300.000,300.000,-1,-1,-1,-1,-1,-1,-1,-1,2,2,2,0,2,2,0,0,0,2,2,2,2,2,2,2,2
83,2556.817,-5396.540,-354.079,52.318,0.606282,-0.790601,0.085859,0.791037,0.610643,0.037082,-0.081746,0.045436,0.995617,0,1.00000,-0.32997,60.000,-0.660,-1,-1,-1,375.000,-1,-1,325.000,300.000,300.000,-1,-1,-1,-1,-1,-1,-1,-1,2,2,2,0,2,2,0,0,0,2,2,2,2,2,2,2,2
84,2594.236,-5349.637,-358.687,51.418,0.618637,-0.781005,0.085549,0.781206,0.623059,0.038922,-0.083701,0.042752,0.995573,0,1.00000,-0.44997,60.000,-0.900,-1,-1,-1,375.000,-1,-1,325.000,300.000,300.000,-1,-1,-1,-1,-1,-1,-1,-1,2,2,2,0,2,2,1,0,0,2,2,2,2,2,2,2,2
85,2632.530,-5303.443,-366.369,50.346,0.633252,-0.769631,0.081603,0.768070,0.637909,0.056037,-0.095183,0.027191,0.995088,0,1.00000,-0.53599,60.000,-1.072,-1,-1,-1,350.000,-1,-1,525.000,275.000,300.000,-1,-1,-1,-1,-1,-1,-1,-1,2,2,2,0,2,2,1,0,0,2,2,2,2,2,2,2,2
86,2671.666,-5257.958,-375.673,49.291,0.647739,-0.758023,0.076393,0.753699,0.652208,0.081007,-0.111230,0.005106,0.993782,0,1.00000,-0.52765,60.000,-1.055,-1,-1,-1,350.000,975.000,925.000,525.000,225.000,325.000,-1,-1,-1,-1,-1,975.000,-1,-1,2,2,2,1,1,1,1,1,0,2,2,2,2,2,1,2,2
87,2711.611,-5213.180,-386.083,48.254,0.662247,-0.745936,0.070766,0.737909,0.665672,0.111224,-0.130073,-0.021439,0.991273,0,1.00000,-0.51836,60.000,-1.037,-1,-1,-1,375.000,825.000,800.000,475.000,200.000,350.000,-1,-1,-1,-1,-1,875.000,-1,-1,2,2,2,1,0,1,1,1,0,2,2,2,2,2,1,2,2
88,2752.334,-5169.105,-397.554,47.238,0.676893,-0.733184,0.065246,0.720289,0.678026,0.146506,-0.151655,-0.052173,0.987056,0,1.00000,-0.50801,60.000,-1.016,-1,-1,-1,375.000,700.000,700.000,425.000,175.000,375.000,-1,-1,-1,-1,-1,800.000,-1,900.000,2,2,2,1,0,1,1,1,0,2,2,2,2,2,1,2,1
89,2793.801,-5125.725,-410.239,46.245,0.691808,-0.719585,0.059987,0.700491,0.688966,0.186113,-0.175253,-0.086735,0.980695,0,1.00000,-0.49649,60.000,-0.993,-1,-1,-1,375.000,550.000,600.000,400.000,150.000,400.000,-1,-1,-1,-1,-1,725.000,-1,350.000,2,2,2,1,0,1,1,1,0,2,2,2,2,2,1,2,0
90,2835.976,-5083.029,-423.946,45.278,0.707199,-0.704876,0.054953,0.677851,0.698070,0.230687,-0.200967,-0.125891,0.971475,0,1.00000,-0.48367,60.000,-0.967,-1,975.000,-1,350.000,425.000,500.000,350.000,125.000,475.000,550.000,0.000,-1,-1,-1,650.000,-1,225.000,2,1,2,1,0,1,1,1,0,0,0,2,2,2,1,2,0
91,1639.849,2295.802,-1.131,-19.420,0.943276,0.330939,0.026652,-0.326195,0.938721,-0.111355,-0.061871,0.096344,0.993423,1,0.00000,0.00000,55.200,-1.207,-1,400.000,-1,400.000,-1,325.000,325.000,325.000,300.000,-1,450.000,450.000,-1,-1,825.000,-1,-1,2,0,2,0,2,0,0,0,0,2,1,1,2,2,0,2,2
92,1644.383,2294.225,-1.432,-19.180,0.944642,0.326997,0.026920,-0.322242,0.940078,-0.111417,-0.061740,0.096574,0.993409,0,0.08000,0.12000,4.800,0.240,-1,425.000,-1,400.000,-1,325.000,325.000,325.000,300.000,-1,450.000,450.000,-1,-1,825.000,-1,-1,2,0,2,0,2,0,0,0,0,2,1,1,2,2,0,2,2
93,1653.476,2291.148,-2.027,-18.700,0.947324,0.319096,0.027461,-0.314319,0.942743,-0.111533,-0.061478,0.097026,0.993381,0,0.16000,0.24000,9.600,0.480,-1,425.000,-1,400.000,-1,325.000,325.000,325.000,300.000,-1,475.000,450.000,-1,-1,825.000,-1,-1,2,0,2,0,2,0,0,0,0,2,1,1,2,2,0,2,2
94,1667.172,2286.704,-2.900,-17.980,0.951223,0.307204,0.028281,-0.302396,0.946616,-0.111687,-0.061082,0.097687,0.993341,0,0.24000,0.36000,14.400,0.720,-1,425.000,-1,400.000,-1,325.000,325.000,325.000,300.000,-1,475.000,475.000,-1,-1,825.000,-1,-1,2,0,2,0,2,0,0,0,0,2,1,1,2,2,0,2,2
95,1685.531,2281.086,-4.031,-17.020,0.956187,0.291277,0.029391,-0.286426,0.951551,-0.111855,-0.060548,0.098536,0.993290,0,0.32000,0.48000,19.200,0.960,-1,425.000,-1,400.000,-1,325.000,325.000,325.000,300.000,-1,500.000,500.000,-1,-1,825.000,-1,-1,2,0,2,0,2,0,0,0,0,2,1,1,2,2,0,2,2
96,1708.621,2274.544,-5.393,-15.820,0.962014,0.271258,0.030802,-0.266355,0.957345,-0.112005,-0.059870,0.099546,0.993230,0,0.40000,0.60000,24.000,1.200,-1,425.000,-1,400.000,-1,325.000,325.000,325.000,300.000,-1,525.000,525.000,-1,-1,825.000,-1,-1,2,0,2,0,2,0,0,0,0,2,1,1,2,2,0,2,2
97,1735.561,2267.540,-6.900,-14.578,0.967595,0.250414,0.032456,-0.245440,0.962905,-0.112128,-0.059330,0.100528,0.993164,0,0.46393,0.62112,27.836,1.242,-1,425.000,-1,400.000,-1,325.000,325.000,325.000,300.000,-1,550.000,575.000,-1,-1,825.000,-1,-1,2,0,2,0,2,0,0,0,0,2,1,1,2,2,0,2,2
98,1763.156,2260.988,-8.369,-13.358,0.972626,0.229850,0.034163,-0.224799,0.967926,-0.112183,-0.058853,0.101432,0.993100,0,0.47272,0.60954,28.363,1.219,-1,425.000,-1,400.000,-1,325.000,325.000,325.000,300.000,-1,575.000,625.000,-1,-1,800.000,-1,-1,2,0,2,0,2,0,0,0,0,2,1,1,2,2,0,2,2
99,1791.403,2254.901,-9.800,-12.163,0.977130,0.209586,0.035923,-0.204454,0.972428,-0.112169,-0.058442,0.102259,0.993040,0,0.48161,0.59779,28.897,1.196,-1,425.000,-1,400.000,-1,325.000,325.000,325.000,300.000,-1,625.000,700.000,-1,-1,800.000,-1,-1,2,0,2,0,2,0,0,0,0,2,1,1,2,2,0,2,2
100,1820.297,2249.291,-11.190,-10.991,0.981128,0.189642,0.037736,-0.184424,0.976435,-0.112085,-0.058103,0.103010,0.992982,0,0.49058,0.58587,29.435,1.172,-1,425.000,-1,400.000,-1,325.000,325.000,325.000,300.000,-1,650.000,775.000,-1,-1,800.000,-1,-1,2,0,2,0,2,0,0,0,0,2,1,1,2,2,0,2,2
101,1849.832,2244.167,-12.540,-9.844,0.984642,0.170037,0.039600,-0.164729,0.979967,-0.111929,-0.057839,0.103687,0.992927,0,0.49962,0.57377,29.977,1.148,-1,425.000,-1,400.000,-1,325.000,325.000,325.000,300.000,-1,700.000,850.000,-1,-1,800.000,-1,-1,2,0,2,0,2,0,0,0,0,2,1,1,2,2,0,2,2
102,1880.002,2239.540,-13.849,-8.721,0.987694,0.150789,0.041515,-0.145385,0.983049,-0.111701,-0.057654,0.104291,0.992874,0,0.50873,0.56150,30.524,1.123,-1,425.000,-1,400.000,-1,325.000,325.000,325.000,300.000,-1,750.000,975.000,-1,-1,800.000,-1,-1,2,0,2,0,2,0,0,0,0,2,1,1,2,2,0,2,2
103,1910.801,2235.419,-15.116,-7.622,0.990307,0.131914,0.043479,-0.126410,0.985703,-0.111398,-0.057553,0.104822,0.992824,0,0.51790,0.54905,31.074,1.098,-1,425.000,-1,400.000,-1,325.000,325.000,325.000,300.000,-1,800.000,-1,-1,-1,800.000,-1,-1,2,0,2,0,2,0,0,0,0,2,1,2,2,2,0,2,2
104,1942.220,2231.812,-16.521,-6.550,0.992525,0.113438,0.045013,-0.107924,0.988028,-0.110243,-0.056979,0.104561,0.992885,0,0.52711,0.53644,31.627,1.073,-1,450.000,-1,400.000,-1,350.000,325.000,325.000,300.000,-1,875.000,-1,-1,-1,800.000,-1,-1,2,0,2,0,2,0,0,0,0,2,1,2,2,2,0,2,2
105,1974.252,2228.724,-18.293,-5.502,0.994321,0.095380,0.047214,-0.089877,0.990141,-0.107437,-0.056996,0.102583,0.993090,0,0.53637,0.52365,32.182,1.047,-1,450.000,-1,400.000,-1,350.000,325.000,325.000,325.000,-1,950.000,-1,-1,-1,800.000,-1,-1,2,0,2,0,2,0,0,0,0,2,1,2,2,2,0,2,2
106,2006.891,2226.166,-20.443,-4.481,0.995781,0.077720,0.048779,-0.072216,0.991748,-0.105924,-0.056609,0.101955,0.993177,0,0.54567,0.51070,32.740,1.021,-1,450.000,-1,400.000,-1,350.000,325.000,325.000,325.000,-1,-1,-1,-1,-1,825.000,-1,-1,2,0,2,0,2,0,0,0,0,2,2,2,2,2,0,2,2
107,2040.129,2224.141,-22.810,-3.486,0.996888,0.060483,0.050565,-0.054907,0.992935,-0.105194,-0.056570,0.102090,0.993165,0,0.55500,0.49757,33.300,0.995,-1,425.000,-1,400.000,-1,350.000,325.000,325.000,325.000,-1,-1,-1,-1,-1,825.000,-1,-1,2,0,2,0,2,0,0,0,0,2,2,2,2,2,0,2,2
108,2073.957,2222.654,-25.155,-2.517,0.997670,0.043690,0.052403,-0.038040,0.993812,-0.104360,-0.056638,0.102124,0.993158,0,0.56437,0.48427,33.862,0.969,-1,425.000,-1,400.000,-1,325.000,325.000,325.000,300.000,-1,-1,-1,-1,1000.000,800.000,-1,-1,2,0,2,0,2,0,0,0,0,2,2,2,2,0,0,2,2
109,2112.600,2221.447,-27.777,-1.789,0.998030,0.031052,0.054522,-0.025296,0.994333,-0.103260,-0.057419,0.101677,0.993159,0,0.64437,0.36427,38.662,0.729,-1,425.000,-1,400.000,-1,325.000,325.000,300.000,300.000,-1,-1,-1,-1,1000.000,800.000,-1,-1,2,0,2,0,2,0,0,0,0,2,2,2,2,0,0,2,2
110,2156.051,2220.459,-30.681,-1.300,0.998124,0.022574,0.056916,-0.016685,0.994654,-0.101908,-0.058912,0.100768,0.993164,0,0.72437,0.24427,43.462,0.489,-1,425.000,-1,400.000,-1,325.000,325.000,300.000,300.000,-1,-1,-1,-1,975.000,800.000,-1,-1,2,0,2,0,2,0,0,0,0,2,2,2,2,0,0,2,2
111,2202.245,2219.609,-33.742,-1.052,0.998063,0.018262,0.059466,-0.012222,0.994872,-0.100398,-0.060994,0.099477,0.993169,0,0.77003,0.12427,46.202,0.249,-1,425.000,-1,400.000,-1,325.000,325.000,300.000,300.000,-1,-1,-1,-1,950.000,800.000,-1,-1,2,0,2,0,2,0,0,0,0,2,2,2,2,0,0,2,2
112,2251.796,2218.705,-37.018,-1.043,0.997899,0.018117,0.062199,-0.011911,0.995042,-0.098741,-0.063679,0.097792,0.993167,0,0.82598,0.00427,49.559,0.009,-1,425.000,-1,400.000,-1,325.000,325.000,300.000,300.000,-1,-1,-1,-1,950.000,775.000,-1,-1,2,0,2,0,2,0,0,0,0,2,2,2,2,0,0,2,2
113,2301.951,2217.586,-40.343,-1.275,0.997643,0.022141,0.064954,-0.015766,0.995153,-0.097066,-0.066788,0.095814,0.993156,0,0.83611,-0.11573,50.167,-0.231,-1,425.000,-1,400.000,-1,325.000,325.000,300.000,300.000,-1,-1,-1,-1,925.000,775.000,-1,-1,2,0,2,0,2,0,0,0,0,2,2,2,2,0,0,2,2
114,2352.694,2216.036,-43.735,-1.746,0.997243,0.030335,0.067720,-0.023792,0.995153,-0.095415,-0.070286,0.093541,0.993131,0,0.84608,-0.23573,50.765,-0.471,-1,425.000,-1,400.000,-1,325.000,325.000,300.000,300.000,-1,-1,-1,-1,900.000,775.000,-1,-1,2,0,2,0,2,0,0,0,0,2,2,2,2,0,0,2,2
115,2403.999,2213.831,-47.205,-2.457,0.996599,0.042700,0.070484,-0.035993,0.994938,-0.093828,-0.074133,0.090972,0.993090,0,0.85585,-0.35573,51.351,-0.711,-1,425.000,-1,400.000,-1,325.000,325.000,300.000,300.000,-1,-1,-1,-1,875.000,750.000,-1,-1,2,0,2,0,2,0,0,0,0,2,2,2,2,0,0,2,2
116,2455.798,2210.741,-50.763,-3.409,0.995555,0.059231,0.073225,-0.052367,0.994349,-0.092349,-0.078281,0.088104,0.993031,0,0.86483,-0.47573,51.890,-0.951,-1,425.000,-1,375.000,-1,325.000,325.000,325.000,300.000,-1,-1,-1,-1,850.000,750.000,-1,-1,2,0,2,0,2,0,0,0,0,2,2,2,2,0,0,2,2
117,2507.590,2206.746,-54.380,-4.407,0.994172,0.076558,0.075907,-0.069552,0.993420,-0.090994,-0.082374,0.085184,0.992954,0,0.86575,-0.49892,51.945,-0.998,-1,400.000,-1,375.000,-1,325.000,325.000,325.000,300.000,-1,-1,-1,-1,850.000,725.000,-1,-1,2,0,2,0,2,0,0,0,0,2,2,2,2,0,0,2,2
118,2559.331,2201.859,-58.048,-5.393,0.992503,0.093664,0.078521,-0.086534,0.992197,-0.089756,-0.086315,0.082289,0.992864,0,0.86616,-0.49298,51.970,-0.986,-1,400.000,-1,375.000,-1,325.000,325.000,325.000,300.000,-1,-1,-1,-1,825.000,725.000,-1,-1,2,0,2,0,2,0,0,0,0,2,2,2,2,0,0,2,2
119,2610.977,2196.092,-62.025,-6.367,0.990625,0.110548,0.080262,-0.103477,0.990777,-0.087482,-0.089193,0.078356,0.992927,0,0.86609,-0.48691,51.965,-0.974,-1,400.000,-1,375.000,-1,325.000,325.000,325.000,325.000,-1,-1,-1,-1,800.000,725.000,-1,-1,2,0,2,0,2,0,0,0,0,2,2,2,2,0,0,2,2
120,2662.485,2189.465,-66.456,-7.328,0.988600,0.127202,0.080564,-0.120374,0.989117,-0.084600,-0.090449,0.073938,0.993153,0,0.86554,-0.48075,51.932,-0.962,-1,400.000,-1,375.000,-1,325.000,325.000,325.000,325.000,-1,-1,-1,-1,775.000,725.000,-1,-1,2,0,2,0,2,0,0,0,0,2,2,2,2,0,0,2,2
121,2713.816,2181.995,-71.348,-8.277,0.986355,0.143598,0.080525,-0.136911,0.987083,-0.083207,-0.091434,0.071047,0.993273,0,0.86452,-0.47454,51.871,-0.949,-1,400.000,-1,375.000,-1,325.000,325.000,325.000,325.000,-1,-1,-1,-1,775.000,725.000,-1,-1,2,0,2,0,2,0,0,0,0,2,2,2,2,0,0,2,2
122,2764.931,2173.701,-76.282,-9.214,0.983869,0.159747,0.080513,-0.153203,0.984802,-0.081815,-0.092359,0.068160,0.993390,0,0.86305,-0.46833,51.783,-0.937,-1,400.000,-1,375.000,-1,325.000,325.000,325.000,300.000,-1,-1,-1,-1,750.000,725.000,-1,-1,2,0,2,0,2,0,0,0,0,2,2,2,2,0,0,2,2
123,2815.793,2164.604,-81.248,-10.138,0.981153,0.175647,0.080536,-0.169248,0.982287,-0.080421,-0.093236,0.065275,0.993502,0,0.86114,-0.46216,51.669,-0.924,-1,400.000,-1,375.000,-1,325.000,325.000,325.000,300.000,-1,-1,-1,-1,750.000,725.000,-1,-1,2,0,2,0,2,0,0,0,0,2,2,2,2,0,0,2,2
124,2866.367,2154.722,-86.239,-11.054,0.978205,0.191358,0.080604,-0.185107,0.979536,-0.079023,-0.094076,0.062381,0.993609,0,0.85885,-0.45786,51.531,-0.916,-1,400.000,-1,375.000,-1,325.000,325.000,325.000,300.000,-1,-1,-1,-1,750.000,725.000,-1,-1,2,0,2,0,2,0,0,0,0,2,2,2,2,0,0,2,2
125,2916.622,2144.070,-91.249,-11.965,0.975017,0.206943,0.080724,-0.200841,0.976544,-0.077620,-0.094893,0.059468,0.993710,0,0.85619,-0.45544,51.371,-0.911,-1,400.000,-1,375.000,-1,325.000,325.000,325.000,300.000,-1,-1,-1,-1,725.000,725.000,-1,-1,2,0,2,0,2,0,0,0,0,2,2,2,2,0,0,2,2
126,2966.528,2132.665,-96.270,-12.872,0.971591,0.222410,0.080905,-0.216458,0.973313,-0.076211,-0.095696,0.056533,0.993804,0,0.85320,-0.45341,51.192,-0.907,-1,400.000,-1,375.000,-1,325.000,325.000,325.000,300.000,-1,-1,-1,-1,725.000,725.000,-1,-1,2,0,2,0,2,0,0,0,0,2,2,2,2,0,0,2,2
127,3016.058,2120.520,-101.296,-13.775,0.967925,0.237769,0.081156,-0.231969,0.969843,-0.074796,-0.096493,0.053571,0.993891,0,0.84994,-0.45176,50.997,-0.904,-1,400.000,-1,375.000,-1,325.000,325.000,325.000,300.000,-1,-1,-1,-1,725.000,725.000,-1,-1,2,0,2,0,2,0,0,0,0,2,2,2,2,0,0,2,2
128,3065.189,2107.652,-106.322,-14.676,0.964021,0.253029,0.081481,-0.247382,0.966135,-0.073378,-0.097289,0.050581,0.993970,0,0.84647,-0.45049,50.788,-0.901,-1,375.000,-1,375.000,-1,325.000,325.000,325.000,300.000,-1,-1,-1,-1,700.000,725.000,-1,-1,2,0,2,0,2,0,0,0,0,2,2,2,2,0,0,2,2
129,3113.901,2094.072,-111.331,-15.575,0.959881,0.268200,0.081839,-0.262706,0.962186,-0.071995,-0.098053,0.047607,0.994042,0,0.84283,-0.44962,50.570,-0.899,-1,375.000,-1,375.000,-1,325.000,325.000,325.000,300.000,-1,-1,-1,-1,700.000,725.000,-1,-1,2,0,2,0,2,0,0,0,0,2,2,2,2,0,0,2,2
130,3162.180,2079.794,-116.314,-16.474,0.955504,0.283290,0.082218,-0.277948,0.957994,-0.070658,-0.098781,0.044661,0.994106,0,0.83909,-0.44913,50.346,-0.898,-1,375.000,-1,375.000,-1,325.000,325.000,300.000,300.000,-1,-1,-1,-1,700.000,700.000,-1,-1,2,0,2,0,2,0,0,0,0,2,2,2,2,0,0,2,2
131,3210.013,2064.829,-121.234,-17.372,0.950882,0.298306,0.082679,-0.293099,0.953551,-0.069518,-0.099577,0.041870,0.994149,0,0.83532,-0.44904,50.119,-0.898,-1,375.000,-1,375.000,-1,300.000,300.000,300.000,300.000,-1,-1,-1,-1,675.000,700.000,-1,-1,2,0,2,0,2,0,0,0,0,2,2,2,2,0,0,2,2
132,3257.392,2049.187,-125.785,-18.270,0.946149,0.313243,0.081736,-0.308128,0.948810,-0.069406,-0.099293,0.040483,0.994234,0,0.83156,-0.44932,49.894,-0.899,-1,375.000,-1,375.000,-1,300.000,325.000,300.000,300.000,-1,-1,-1,-1,700.000,700.000,-1,-1,2,0,2,0,2,0,0,0,0,2,2,2,2,0,0,2,2
133,3304.310,2032.875,-130.292,-19.170,0.941184,0.328124,0.080672,-0.323106,0.943823,-0.069285,-0.098874,0.039144,0.994330,0,0.82789,-0.44998,49.674,-0.900,-1,375.000,-1,375.000,-1,300.000,325.000,325.000,300.000,-1,-1,-1,-1,700.000,725.000,-1,-1,2,0,2,0,2,0,0,0,0,2,2,2,2,0,0,2,2
134,3350.768,2015.899,-134.869,-20.072,0.935980,0.342959,0.079496,-0.338043,0.938588,-0.069140,-0.098326,0.037840,0.994435,0,0.82436,-0.45102,49.462,-0.902,-1,375.000,-1,375.000,-1,325.000,325.000,325.000,300.000,-1,800.000,-1,-1,700.000,725.000,-1,-1,2,0,2,0,2,0,0,0,0,2,0,2,2,0,0,2,2
135,3396.764,1998.263,-139.583,-20.977,0.930559,0.357752,0.077932,-0.352937,0.933091,-0.069116,-0.097444,0.036812,0.994560,0,0.82102,-0.45241,49.261,-0.905,-1,375.000,-1,375.000,-1,325.000,325.000,325.000,300.000,-1,750.000,800.000,-1,700.000,725.000,-1,-1,2,0,2,0,2,0,0,0,0,2,0,0,2,0,0,2,2
136,3442.302,1979.970,-144.301,-21.885,0.924871,0.372516,0.076454,-0.367820,0.927344,-0.068856,-0.096549,0.035561,0.994693,0,0.81792,-0.45415,49.075,-0.908,-1,375.000,-1,400.000,-1,325.000,325.000,325.000,300.000,-1,725.000,725.000,-1,700.000,725.000,-1,-1,2,0,2,0,2,0,0,0,0,2,0,0,2,0,0,2,2
137,3487.387,1961.019,-149.021,-22.798,0.918910,0.387257,0.075073,-0.382698,0.921342,-0.068346,-0.095635,0.034074,0.994833,0,0.81510,-0.45624,48.906,-0.912,-1,375.000,-1,400.000,-1,325.000,325.000,300.000,300.000,-1,700.000,675.000,-1,700.000,725.000,-1,-1,2,0,2,0,2,0,0,0,0,2,0,0,2,0,0,2,2
138,3534.801,1940.432,-154.038,-23.470,0.914391,0.398060,0.073746,-0.393636,0.916771,-0.067692,-0.094554,0.032868,0.994977,0,0.86151,-0.33624,51.690,-0.672,-1,400.000,-1,400.000,-1,325.000,325.000,300.000,300.000,-1,675.000,650.000,-1,700.000,725.000,-1,-1,2,0,2,0,2,0,0,0,0,2,0,0,2,0,0,2,2
139,3581.951,1919.535,-159.061,-23.903,0.911443,0.404980,0.072547,-0.400686,0.913767,-0.066931,-0.093397,0.031935,0.995117,0,0.85956,-0.21624,51.574,-0.432,-1,400.000,-1,400.000,-1,325.000,325.000,300.000,300.000,-1,625.000,650.000,-1,700.000,725.000,-1,-1,2,0,2,0,2,0,0,0,0,2,0,0,2,0,0,2,2
140,3628.958,1898.512,-164.082,-24.095,0.910156,0.408056,0.071464,-0.403882,0.912420,-0.066092,-0.092174,0.031291,0.995251,0,0.85824,-0.09624,51.494,-0.192,-1,400.000,-1,400.000,-1,325.000,325.000,300.000,300.000,-1,600.000,625.000,-1,700.000,725.000,-1,-1,2,0,2,0,2,0,0,0,0,2,0,0,2,0,0,2,2
141,3675.942,1877.547,-169.080,-24.048,0.910568,0.407303,0.070495,-0.403234,0.912767,-0.065262,-0.090927,0.031000,0.995375,0,0.85749,0.02376,51.449,0.048,-1,400.000,-1,400.000,-1,325.000,325.000,300.000,300.000,-1,550.000,600.000,-1,700.000,725.000,-1,-1,2,0,2,0,2,0,0,0,0,2,0,0,2,0,0,2,2
142,3723.017,1856.824,-174.048,-23.760,0.912673,0.402717,0.069621,-0.398737,0.914797,-0.064461,-0.089649,0.031071,0.995489,0,0.85726,0.14376,51.435,0.288,-1,400.000,-1,400.000,-1,325.000,325.000,300.000,300.000,-1,550.000,575.000,-1,700.000,725.000,-1,-1,2,0,2,0,2,0,0,0,0,2,0,0,2,0,0,2,2
143,3770.294,1836.529,-178.979,-23.233,0.916413,0.394272,0.068824,-0.390365,0.918453,-0.063704,-0.088328,0.031513,0.995593,0,0.85749,0.26376,51.450,0.528,-1,375.000,-1,400.000,-1,325.000,325.000,300.000,300.000,-1,550.000,550.000,-1,700.000,725.000,-1,-1,2,0,2,0,2,0,0,0,0,2,0,0,2,0,0,2,2
144,3817.875,1816.854,-183.731,-22.465,0.921672,0.381917,0.068271,-0.378005,0.923612,-0.063668,-0.087372,0.032874,0.995633,0,0.85814,0.38376,51.488,0.768,-1,375.000,-1,400.000,-1,325.000,325.000,300.000,300.000,-1,575.000,575.000,-1,700.000,725.000,-1,-1,2,0,2,0,2,0,0,0,0,2,0,0,2,0,0,2,2
145,3865.850,1797.998,-188.244,-21.458,0.928297,0.365586,0.067911,-0.361575,0.930105,-0.064562,-0.086767,0.035378,0.995600,0,0.85913,0.50376,51.548,1.008,-1,375.000,-1,375.000,-1,325.000,325.000,300.000,300.000,-1,625.000,625.000,-1,700.000,700.000,-1,-1,2,0,2,0,2,0,0,0,0,2,0,0,2,0,0,2,2
146,3914.297,1780.165,-192.435,-20.210,0.936186,0.345198,0.066281,-0.341073,0.937705,-0.066178,-0.084997,0.039348,0.995604,0,0.86041,0.62376,51.625,1.248,-1,375.000,-1,375.000,-1,325.000,325.000,300.000,300.000,-1,650.000,650.000,-1,700.000,700.000,-1,-1,2,0,2,0,2,0,0,0,0,2,0,0,2,0,0,2,2
147,3963.276,1763.567,-196.580,-18.723,0.944970,0.320684,0.064764,-0.316450,0.946184,-0.067790,-0.083018,0.043565,0.995595,0,0.86193,0.74376,51.716,1.488,-1,375.000,-1,375.000,-1,325.000,325.000,300.000,300.000,-1,675.000,675.000,-1,700.000,700.000,-1,-1,2,0,2,0,2,0,0,0,0,2,0,0,2,0,0,2,2
148,4013.571,1748.029,-200.708,-17.170,0.953429,0.294870,0.063442,-0.290539,0.954346,-0.069360,-0.080998,0.047698,0.995572,0,0.87736,0.77640,52.642,1.553,-1,375.000,-1,375.000,-1,325.000,325.000,300.000,300.000,-1,700.000,700.000,-1,700.000,700.000,-1,-1,2,0,2,0,2,0,0,0,0,2,0,0,2,0,0,2,2
149,4064.277,1733.854,-204.510,-15.620,0.961188,0.268904,0.061717,-0.264603,0.961829,-0.069784,-0.078127,0.050745,0.995651,0,0.87750,0.77511,52.650,1.550,-1,375.000,-1,375.000,-1,325.000,325.000,300.000,300.000,-1,700.000,675.000,-1,700.000,700.000,-1,-1,2,0,2,0,2,0,0,0,0,2,0,0,2,0,0,2,2
150,4115.355,1721.053,-208.189,-14.072,0.968228,0.242794,0.059877,-0.238559,0.968602,-0.070005,-0.074994,0.053496,0.995748,0,0.87765,0.77381,52.659,1.548,-1,375.000,-1,375.000,-1,325.000,325.000,300.000,300.000,-1,700.000,675.000,-1,700.000,700.000,-1,-1,2,0,2,0,2,0,0,0,0,2,0,0,2,0,0,2,2
151,4166.770,1709.631,-211.806,-12.527,0.974544,0.216558,0.058030,-0.212394,0.974650,-0.070322,-0.071788,0.056207,0.995835,0,0.87780,0.77251,52.668,1.545,-1,375.000,-1,400.000,-1,325.000,325.000,300.000,300.000,-1,675.000,650.000,-1,700.000,700.000,-1,-1,2,0,2,0,2,0,0,0,0,2,0,0,2,0,0,2,2
152,4215.631,1699.939,-215.180,-11.222,0.979331,0.194278,0.056278,-0.190190,0.979199,-0.070688,-0.068841,0.058523,0.995910,0,0.83024,0.65251,49.815,1.305,-1,375.000,-1,400.000,-1,325.000,325.000,300.000,300.000,-1,675.000,625.000,-1,700.000,700.000,-1,-1,2,0,2,0,2,0,0,0,0,2,0,0,2,0,0,2,2
153,4264.668,1691.155,-218.516,-10.157,0.982875,0.176024,0.054523,-0.172018,0.982526,-0.071085,-0.066083,0.060489,0.995979,0,0.83030,0.53251,49.818,1.065,-1,375.000,-1,400.000,-1,325.000,325.000,300.000,300.000,-1,650.000,600.000,-1,700.000,700.000,-1,-1,2,0,2,0,2,0,0,0,0,2,0,0,2,0,0,2,2
154,4313.822,1683.079,-221.826,-9.332,0.985405,0.161842,0.052766,-0.157925,0.984860,-0.071486,-0.063537,0.062110,0.996045,0,0.83022,0.41251,49.813,0.825,-1,375.000,-1,400.000,-1,325.000,325.000,300.000,300.000,-1,625.000,600.000,-1,700.000,700.000,-1,-1,2,0,2,0,2,0,0,0,0,2,0,0,2,0,0,2,2
155,4363.044,1675.507,-225.120,-8.747,0.987099,0.151766,0.051013,-0.147942,0.986382,-0.071862,-0.061225,0.063387,0.996109,0,0.83003,0.29251,49.802,0.585,-1,375.000,-1,400.000,-1,325.000,325.000,300.000,300.000,-1,625.000,575.000,-1,700.000,700.000,-1,-1,2,0,2,0,2,0,0,0,0,2,0,0,2,0,0,2,2
156,4412.303,1668.296,-228.405,-8.329,0.988269,0.144557,0.049269,-0.140830,0.987397,-0.072203,-0.059085,0.064417,0.996172,0,0.82974,0.20896,49.785,0.418,-1,375.000,-1,400.000,-1,325.000,325.000,300.000,300.000,-1,600.000,550.000,-1,700.000,700.000,-1,-1,2,0,2,0,2,0,0,0,0,2,0,0,2,0,0,2,2
157,4461.595,1661.445,-231.675,-7.914,0.989375,0.137400,0.047531,-0.133773,0.988353,-0.072544,-0.056945,0.065415,0.996232,0,0.82944,0.20729,49.766,0.415,-1,375.000,-1,400.000,-1,325.000,325.000,275.000,300.000,-1,600.000,525.000,-1,700.000,700.000,-1,-1,2,0,2,0,2,0,0,0,0,2,0,0,2,0,0,2,2
158,4510.921,1654.949,-234.930,-7.504,0.990416,0.130299,0.045798,-0.126775,0.989250,-0.072888,-0.054802,0.066383,0.996288,0,0.82921,0.20548,49.753,0.411,-1,375.000,-1,375.000,-1,325.000,325.000,275.000,300.000,-1,575.000,500.000,-1,700.000,700.000,-1,-1,2,0,2,0,2,0,0,0,0,2,0,0,2,0,0,2,2
159,4560.285,1648.805,-238.081,-7.096,0.991385,0.123257,0.044306,-0.119802,0.990064,-0.073627,-0.052941,0.067684,0.996301,0,0.82907,0.20353,49.744,0.407,-1,375.000,-1,375.000,-1,325.000,325.000,275.000,300.000,-1,550.000,500.000,-1,700.000,700.000,-1,-1,2,0,2,0,2,0,0,0,0,2,0,0,2,0,0,2,2
160,4609.687,1643.009,-240.859,-6.694,0.992283,0.116270,0.043080,-0.112794,0.990719,-0.075848,-0.051499,0.070404,0.996188,0,0.82903,0.20145,49.742,0.403,-1,375.000,-1,375.000,-1,325.000,325.000,275.000,275.000,-1,550.000,500.000,-1,700.000,700.000,-1,-1,2,0,2,0,2,0,0,0,0,2,0,0,2,0,0,2,2
161,4659.658,1637.499,-243.106,-6.293,0.993108,0.109338,0.042212,-0.105915,0.991450,-0.076219,-0.050185,0.071222,0.996197,0,0.83790,0.20020,50.274,0.400,-1,375.000,-1,375.000,-1,325.000,325.000,275.000,275.000,-1,575.000,525.000,-1,700.000,700.000,-1,-1,2,0,2,0,2,0,0,0,0,2,0,0,2,0,0,2,2
162,4709.636,1632.342,-245.234,-5.892,0.993896,0.102394,0.041057,-0.099066,0.992158,-0.076214,-0.048539,0.071682,0.996246,0,0.83740,0.20047,50.244,0.401,-1,375.000,-1,375.000,-1,325.000,325.000,275.000,300.000,-1,600.000,575.000,-1,700.000,700.000,-1,-1,2,0,2,0,2,0,0,0,0,2,0,0,2,0,0,2,2
163,4759.619,1627.538,-247.345,-5.491,0.994637,0.095440,0.039864,-0.092210,0.992816,-0.076246,-0.046854,0.072161,0.996292,0,0.83689,0.20060,50.213,0.401,-1,375.000,-1,375.000,-1,325.000,325.000,275.000,300.000,-1,625.000,600.000,-1,675.000,700.000,-1,-1,2,0,2,0,2,0,0,0,0,2,0,0,2,0,0,2,2
164,4809.604,1623.087,-249.438,-5.090,0.995328,0.088484,0.038635,-0.085352,0.993424,-0.076314,-0.045134,0.072660,0.996335,0,0.83638,0.20058,50.183,0.401,-1,375.000,-1,375.000,-1,325.000,325.000,275.000,300.000,-1,650.000,625.000,-1,675.000,700.000,-1,-1,2,0,2,0,2,0,0,0,0,2,0,0,2,0,0,2,2
165,4859.588,1618.988,-251.513,-4.689,0.995970,0.081529,0.037375,-0.078498,0.993981,-0.076420,-0.043381,0.073178,0.996375,0,0.83587,0.20041,50.152,0.401,-1,400.000,-1,375.000,-1,325.000,325.000,275.000,300.000,-1,650.000,625.000,-1,675.000,700.000,-1,-1,2,0,2,0,2,0,0,0,0,2,0,0,2,0,0,2,2
166,4909.570,1615.240,-253.568,-4.289,0.996562,0.074581,0.036086,-0.071654,0.994487,-0.076563,-0.041597,0.073714,0.996412,0,0.83538,0.20009,50.123,0.400,-1,400.000,-1,375.000,-1,325.000,325.000,275.000,300.000,-1,675.000,650.000,-1,675.000,700.000,-1,-1,2,0,2,0,2,0,0,0,0,2,0,0,2,0,0,2,2
167,4959.548,1611.843,-255.605,-3.890,0.997103,0.067647,0.034771,-0.064824,0.994941,-0.076745,-0.039787,0.074269,0.996444,0,0.83490,0.19963,50.094,0.399,-1,375.000,-1,375.000,-1,325.000,325.000,275.000,300.000,-1,700.000,675.000,-1,675.000,700.000,-1,-1,2,0,2,0,2,0,0,0,0,2,0,0,2,0,0,2,2
168,5009.522,1608.794,-257.621,-3.492,0.997594,0.060731,0.033433,-0.058014,0.995344,-0.076966,-0.037951,0.074841,0.996473,0,0.83446,0.19902,50.067,0.398,-1,375.000,-1,375.000,-1,325.000,325.000,275.000,300.000,-1,700.000,675.000,-1,675.000,700.000,-1,-1,2,0,2,0,2,0,0,0,0,2,0,0,2,0,0,2,2
169,5061.333,1605.921,-259.696,-3.175,0.997960,0.055222,0.032032,-0.052614,0.995624,-0.077228,-0.036156,0.075385,0.996499,0,0.86485,0.15847,51.891,0.317,-1,375.000,-1,375.000,-1,325.000,325.000,275.000,300.000,-1,700.000,675.000,-1,675.000,700.000,-1,-1,2,0,2,0,2,0,0,0,0,2,0,0,2,0,0,2,2
170,5113.532,1603.313,-261.770,-2.862,0.998291,0.049787,0.030603,-0.047289,0.995868,-0.077524,-0.034336,0.075944,0.996521,0,0.87108,0.15630,52.265,0.313,-1,375.000,-1,375.000,-1,325.000,325.000,275.000,300.000,-1,725.000,700.000,-1,675.000,700.000,-1,-1,2,0,2,0,2,0,0,0,0,2,0,0,2,0,0,2,2
171,5160.940,1601.003,-263.653,-2.789,0.998392,0.048523,0.029310,-0.046119,0.995902,-0.077795,-0.032965,0.076318,0.996538,0,0.79108,0.03630,47.465,0.073,-1,375.000,-1,375.000,-1,325.000,325.000,275.000,300.000,-1,725.000,700.000,-1,650.000,700.000,-1,975.000,2,0,2,0,2,0,0,0,0,2,0,0,2,0,0,2,1
172,5203.548,1598.803,-265.355,-2.957,0.998279,0.051432,0.028159,-0.049101,0.995742,-0.078017,-0.032052,0.076501,0.996554,0,0.71108,-0.08370,42.665,-0.167,-1,375.000,-1,375.000,-1,325.000,300.000,275.000,300.000,-1,750.000,725.000,-1,650.000,675.000,-1,925.000,2,0,2,0,2,0,0,0,0,2,0,0,2,0,0,2,1
173,5241.348,1596.581,-266.795,-3.364,0.997918,0.058509,0.027120,-0.056223,0.995325,-0.078533,-0.031588,0.076844,0.996543,0,0.63108,-0.20370,37.865,-0.407,-1,375.000,-1,375.000,1000.000,300.000,300.000,275.000,300.000,-1,750.000,725.000,-1,650.000,675.000,-1,900.000,2,0,2,0,1,0,0,0,0,2,0,0,2,0,0,2,1
174,5274.332,1594.269,-267.653,-4.012,0.997229,0.069748,0.025863,-0.067500,0.994551,-0.079452,-0.031264,0.077486,0.996503,0,0.55108,-0.32370,33.065,-0.647,-1,375.000,-1,375.000,975.000,300.000,300.000,300.000,300.000,-1,775.000,750.000,-1,650.000,700.000,-1,875.000,2,0,2,0,1,0,0,0,0,2,0,0,2,0,0,2,1
175,5302.497,1591.898,-268.246,-4.811,0.996192,0.083614,0.024701,-0.081414,0.993497,-0.079598,-0.031196,0.077284,0.996521,0,0.47108,-0.39956,28.265,-0.799,-1,375.000,-1,375.000,950.000,300.000,300.000,300.000,300.000,-1,775.000,775.000,-1,675.000,700.000,-1,850.000,2,0,2,0,1,0,0,0,0,2,0,0,2,0,1,2,1
176,5325.850,1589.604,-268.768,-5.611,0.994955,0.097478,0.023738,-0.095312,0.992251,-0.079704,-0.031324,0.077039,0.996536,0,0.39108,-0.39998,23.465,-0.800,-1,375.000,-1,375.000,950.000,300.000,300.000,300.000,300.000,-1,775.000,775.000,-1,675.000,675.000,-1,850.000,2,0,2,0,1,0,0,0,0,2,0,0,2,0,1,2,1
177,5344.398,1587.519,-269.208,-6.411,0.993518,0.111329,0.022971,-0.109182,0.990815,-0.079786,-0.031643,0.076761,0.996547,0,0.31108,-0.40012,18.665,-0.800,-1,375.000,-1,375.000,925.000,300.000,300.000,300.000,300.000,-1,800.000,775.000,-1,675.000,675.000,-1,825.000,2,0,2,0,1,0,0,0,0,2,0,0,2,0,1,2,1
178,5358.153,1585.779,-269.554,-7.211,0.991884,0.125154,0.022397,-0.123011,0.989187,-0.079861,-0.032149,0.076458,0.996554,0,0.23108,-0.39997,13.865,-0.800,-1,375.000,-1,375.000,925.000,325.000,300.000,300.000,300.000,-1,775.000,800.000,-1,675.000,675.000,-1,825.000,2,0,2,0,1,0,0,0,0,2,0,0,2,0,1,2,1
179,5367.130,1584.515,-269.796,-8.010,0.990056,0.138941,0.022010,-0.136787,0.987369,-0.079946,-0.032840,0.076140,0.996556,0,0.15108,-0.39956,9.065,-0.799,-1,375.000,-1,375.000,950.000,325.000,300.000,300.000,300.000,-1,775.000,775.000,-1,675.000,675.000,-1,825.000,2,0,2,0,1,0,0,0,0,2,0,0,2,0,1,2,1
180,5371.345,1583.861,-269.921,-8.808,0.988035,0.152680,0.021808,-0.150500,0.985363,-0.080055,-0.033711,0.075815,0.996552,0,0.07108,-0.39890,4.265,-0.798,-1,375.000,-1,375.000,950.000,325.000,300.000,300.000,300.000,-1,750.000,775.000,-1,675.000,675.000,-1,825.000,2,0,2,0,1,0,0,0,0,2,0,0,2,0,1,2,1
181,5370.817,1583.950,-269.920,-9.604,0.985825,0.166359,0.021783,-0.164139,0.983171,-0.080208,-0.034760,0.075495,0.996540,0,-0.00892,-0.39803,-0.535,-0.796,-1,375.000,-1,375.000,950.000,300.000,300.000,300.000,300.000,-1,750.000,775.000,-1,675.000,675.000,-1,825.000,2,0,2,0,1,0,0,0,0,2,0,0,2,0,1,2,1
182,5365.570,1584.913,-269.780,-10.398,0.983428,0.179970,0.021931,-0.177694,0.980794,-0.080421,-0.035983,0.075191,0.996520,0,-0.08892,-0.39696,-5.335,-0.794,-1,375.000,-1,375.000,975.000,300.000,300.000,300.000,300.000,-1,750.000,775.000,-1,675.000,675.000,-1,850.000,2,0,2,0,1,0,0,0,0,2,0,0,2,0,1,2,1
183,5355.627,1586.879,-269.493,-11.189,0.980847,0.193505,0.022246,-0.191159,0.978235,-0.080715,-0.037380,0.074917,0.996489,0,-0.16892,-0.39573,-10.135,-0.791,-1,375.000,-1,375.000,1000.000,300.000,300.000,300.000,300.000,-1,750.000,775.000,-1,675.000,700.000,-1,875.000,2,0,2,0,1,0,0,0,0,2,0,0,2,0,1,2,1
184,5341.018,1589.978,-269.048,-11.978,0.978086,0.206956,0.022721,-0.204524,0.975495,-0.081111,-0.038950,0.074687,0.996446,0,-0.24892,-0.39438,-14.935,-0.789,-1,375.000,-1,375.000,-1,300.000,300.000,300.000,275.000,-1,775.000,775.000,-1,675.000,700.000,-1,900.000,2,0,2,0,2,0,0,0,0,2,0,0,2,0,0,2,1
185,5321.770,1594.337,-268.436,-12.764,0.975148,0.220320,0.023349,-0.217784,0.972577,-0.081632,-0.040694,0.074518,0.996389,0,-0.32892,-0.39294,-19.735,-0.786,-1,375.000,-1,375.000,-1,300.000,300.000,300.000,275.000,-1,800.000,775.000,-1,675.000,700.000,-1,925.000,2,0,2,0,2,0,0,0,0,2,0,0,2,0,0,2,1
186,5297.918,1600.084,-267.554,-13.547,0.972039,0.233596,0.023936,-0.230971,0.969507,-0.081904,-0.042338,0.074085,0.996353,0,-0.40892,-0.39146,-24.535,-0.783,-1,375.000,-1,375.000,-1,300.000,300.000,300.000,275.000,-1,800.000,775.000,-1,675.000,700.000,-1,950.000,2,0,2,0,2,0,0,0,0,2,0,0,2,0,0,2,1
187,5269.854,1607.250,-266.301,-14.327,0.968746,0.246790,0.025019,-0.244061,0.966314,-0.081680,-0.044334,0.073021,0.996345,0,-0.48275,-0.38995,-28.965,-0.780,-1,375.000,-1,375.000,-1,300.000,300.000,300.000,275.000,-1,800.000,750.000,-1,675.000,700.000,-1,1000.000,2,0,2,0,2,0,0,0,0,2,0,0,2,0,0,2,1
188,5241.680,1614.852,-264.949,-15.104,0.965278,0.259895,0.026344,-0.257052,0.962967,-0.081361,-0.046513,0.071764,0.996337,0,-0.48637,-0.38848,-29.182,-0.777,-1,375.000,-1,375.000,-1,300.000,300.000,300.000,275.000,-1,800.000,775.000,-1,675.000,700.000,-1,-1,2,0,2,0,2,0,0,0,0,2,0,0,2,0,0,2,2
189,5213.398,1622.895,-263.563,-15.878,0.961642,0.272908,0.027668,-0.269951,0.959450,-0.081131,-0.048687,0.070550,0.996319,0,-0.49006,-0.38715,-29.404,-0.774,-1,375.000,-1,375.000,-1,300.000,300.000,300.000,300.000,-1,800.000,775.000,-1,675.000,700.000,-1,-1,2,0,2,0,2,0,0,0,0,2,0,0,2,0,0,2,2
190,5185.012,1631.383,-262.129,-16.650,0.957843,0.285830,0.028935,-0.282761,0.955762,-0.081030,-0.050816,0.069433,0.996292,0,-0.49381,-0.38594,-29.629,-0.772,-1,375.000,-1,375.000,-1,300.000,300.000,300.000,300.000,-1,825.000,775.000,-1,675.000,675.000,-1,-1,2,0,2,0,2,0,0,0,0,2,0,0,2,0,0,2,2
191,5161.292,1638.717,-260.763,-17.182,0.955141,0.294695,0.029338,-0.291557,0.953080,-0.081440,-0.051961,0.069233,0.996246,0,-0.41381,-0.26594,-24.829,-0.532,-1,375.000,-1,375.000,-1,325.000,300.000,300.000,300.000,-1,825.000,775.000,-1,675.000,675.000,-1,-1,2,0,2,0,2,0,0,0,0,2,0,0,2,0,0,2,2
192,5142.187,1644.731,-259.651,-17.474,0.953621,0.299546,0.029653,-0.296358,0.951568,-0.081796,-0.052719,0.069214,0.996208,0,-0.33381,-0.14594,-20.029,-0.292,-1,375.000,-1,375.000,-1,325.000,300.000,300.000,300.000,-1,825.000,775.000,-1,675.000,675.000,-1,-1,2,0,2,0,2,0,0,0,0,2,0,0,2,0,0,2,2
193,5127.666,1649.317,-258.792,-17.525,0.953343,0.300404,0.029908,-0.297179,0.951284,-0.082113,-0.053119,0.069394,0.996174,0,-0.25381,-0.02594,-15.229,-0.052,-1,375.000,-1,375.000,-1,325.000,300.000,300.000,300.000,-1,825.000,775.000,-1,675.000,675.000,-1,-1,2,0,2,0,2,0,0,0,0,2,0,0,2,0,0,2,2
194,5117.711,1652.425,-258.200,-17.337,0.954318,0.297273,0.030088,-0.294031,0.952244,-0.082318,-0.053122,0.069711,0.996152,0,-0.17381,0.09406,-10.429,0.188,-1,375.000,-1,375.000,-1,325.000,325.000,300.000,300.000,-1,825.000,775.000,-1,675.000,675.000,-1,-1,2,0,2,0,2,0,0,0,0,2,0,0,2,0,0,2,2
195,5112.325,1654.062,-257.875,-16.909,0.956508,0.290140,0.030196,-0.286901,0.954409,-0.082412,-0.052731,0.070165,0.996141,0,-0.09381,0.21406,-5.629,0.428,-1,375.000,-1,375.000,-1,325.000,325.000,300.000,300.000,-1,825.000,775.000,-1,675.000,675.000,-1,-1,2,0,2,0,2,0,0,0,0,2,0,0,2,0,0,2,2
196,5111.530,1654.297,-257.817,-16.404,0.959025,0.281704,0.030226,-0.278483,0.956899,-0.082410,-0.052139,0.070615,0.996140,0,-0.01381,0.25260,-0.829,0.505,-1,375.000,-1,375.000,-1,325.000,325.000,300.000,300.000,-1,825.000,750.000,-1,675.000,675.000,-1,-1,2,0,2,0,2,0,0,0,0,2,0,0,2,0,0,2,2
197,5115.350,1653.209,-258.022,-15.900,0.961467,0.273260,0.030171,-0.270066,0.959316,-0.082322,-0.051439,0.071002,0.996149,0,0.06619,0.25225,3.971,0.505,-1,375.000,-1,375.000,-1,325.000,325.000,300.000,300.000,-1,825.000,750.000,-1,675.000,675.000,-1,-1,2,0,2,0,2,0,0,0,0,2,0,0,2,0,0,2,2
198,5123.806,1650.881,-258.485,-15.396,0.963833,0.264810,0.030023,-0.261653,0.961659,-0.082158,-0.050628,0.071331,0.996167,0,0.14619,0.25185,8.771,0.504,-1,375.000,-1,375.000,-1,325.000,325.000,300.000,300.000,-1,800.000,750.000,-1,675.000,675.000,-1,-1,2,0,2,0,2,0,0,0,0,2,0,0,2,0,0,2,2
199,5136.921,1647.394,-259.202,-14.893,0.966123,0.256357,0.029776,-0.253249,0.963926,-0.081925,-0.049704,0.071609,0.996194,0,0.22619,0.25137,13.571,0.503,-1,375.000,-1,375.000,-1,325.000,300.000,300.000,300.000,-1,800.000,750.000,-1,675.000,675.000,-1,-1,2,0,2,0,2,0,0,0,0,2,0,0,2,0,0,2,2
200,5154.716,1642.828,-260.168,-14.392,0.968338,0.247904,0.029421,-0.244856,0.966117,-0.081633,-0.048661,0.071844,0.996228,0,0.30619,0.25079,18.371,0.502,-1,375.000,-1,375.000,-1,325.000,300.000,300.000,300.000,-1,800.000,750.000,-1,675.000,675.000,-1,-1,2,0,2,0,2,0,0,0,0,2,0,0,2,0,0,2,2
201,5177.209,1637.265,-261.367,-13.891,0.970475,0.239457,0.028977,-0.236473,0.968227,-0.081350,-0.047536,0.072095,0.996264,0,0.38619,0.25009,23.171,0.500,-1,375.000,-1,375.000,-1,325.000,300.000,300.000,300.000,-1,800.000,775.000,-1,675.000,675.000,-1,-1,2,0,2,0,2,0,0,0,0,2,0,0,2,0,0,2,2
202,5204.420,1630.787,-262.732,-13.393,0.972541,0.231015,0.028212,-0.228109,0.970236,-0.081286,-0.046151,0.072619,0.996291,0,0.46619,0.24925,27.971,0.499,-1,375.000,-1,375.000,-1,300.000,300.000,300.000,300.000,-1,800.000,775.000,-1,675.000,675.000,-1,-1,2,0,2,0,2,0,0,0,0,2,0,0,2,0,0,2,2
203,5236.364,1623.475,-264.158,-12.896,0.974550,0.222579,0.026662,-0.219785,0.972114,-0.081786,-0.044123,0.073844,0.996293,0,0.54619,0.24824,32.771,0.496,-1,375.000,-1,375.000,-1,300.000,300.000,300.000,275.000,-1,800.000,775.000,-1,675.000,700.000,-1,1000.000,2,0,2,0,2,0,0,0,0,2,0,0,2,0,0,2,1
204,5273.059,1615.407,-265.769,-12.402,0.976480,0.214166,0.024877,-0.211498,0.973894,-0.082450,-0.041885,0.075250,0.996285,0,0.62619,0.24702,37.571,0.494,-1,375.000,-1,375.000,-1,300.000,300.000,300.000,275.000,-1,775.000,750.000,-1,675.000,700.000,-1,950.000,2,0,2,0,2,0,0,0,0,2,0,0,2,0,0,2,1
205,5314.518,1606.663,-267.325,-11.911,0.978312,0.205798,0.023522,-0.203251,0.975640,-0.082560,-0.039940,0.075989,0.996308,0,0.70619,0.24558,42.371,0.491,-1,375.000,-1,375.000,-1,300.000,300.000,300.000,275.000,-1,800.000,775.000,-1,675.000,700.000,-1,925.000,2,0,2,0,2,0,0,0,0,2,0,0,2,0,0,2,1
206,5360.754,1597.320,-268.736,-11.423,0.980062,0.197489,0.021852,-0.195126,0.977373,-0.081660,-0.037484,0.075768,0.996421,0,0.78619,0.24386,47.171,0.488,-1,375.000,-1,375.000,1000.000,300.000,300.000,300.000,275.000,-1,750.000,775.000,-1,675.000,700.000,-1,875.000,2,0,2,0,1,0,0,0,0,2,0,0,2,0,1,2,1
207,5411.781,1587.458,-270.265,-10.940,0.981728,0.189234,0.019995,-0.187066,0.979018,-0.080806,-0.034867,0.075589,0.996529,0,0.86619,0.24183,51.971,0.484,-1,375.000,-1,375.000,950.000,325.000,300.000,300.000,300.000,-1,725.000,750.000,-1,675.000,650.000,-1,800.000,2,0,2,0,1,0,0,0,0,2,0,0,2,0,1,2,1
208,5467.608,1577.151,-271.906,-10.461,0.983310,0.181047,0.017954,-0.179083,0.980574,-0.080021,-0.032093,0.075470,0.996631,0,0.94619,0.23942,56.771,0.479,-1,375.000,-1,375.000,875.000,325.000,325.000,300.000,300.000,-1,675.000,725.000,-1,700.000,625.000,-1,750.000,2,0,2,0,1,0,0,0,0,2,0,0,2,0,1,2,1
209,5526.698,1566.745,-273.610,-9.988,0.984805,0.172944,0.015791,-0.171186,0.982039,-0.079344,-0.029229,0.075435,0.996722,0,1.00000,0.23658,60.000,0.473,-1,375.000,1000.000,375.000,800.000,325.000,325.000,300.000,300.000,-1,675.000,725.000,-1,700.000,575.000,-1,675.000,2,0,1,0,1,0,0,0,0,2,0,0,2,0,1,2,1
210,5585.872,1556.821,-275.284,-9.521,0.986209,0.164940,0.013625,-0.163383,0.983410,-0.078812,-0.026399,0.075499,0.996796,0,1.00000,0.23330,60.000,0.467,-1,375.000,950.000,400.000,725.000,325.000,325.000,300.000,300.000,-1,650.000,700.000,-1,700.000,550.000,-1,625.000,2,0,1,0,1,0,0,0,0,2,0,0,2,0,1,2,1
211,5643.707,1547.356,-276.912,-9.295,0.986879,0.161049,0.011515,-0.159673,0.984051,-0.078415,-0.023960,0.075548,0.996854,0,0.97675,0.11330,58.605,0.227,-1,375.000,900.000,375.000,650.000,325.000,325.000,300.000,300.000,-1,650.000,700.000,-1,700.000,500.000,-1,575.000,2,1,1,1,1,1,1,0,0,2,0,0,2,0,1,2,1
212,5701.943,1537.812,-278.567,-9.308,0.986864,0.161279,0.009411,-0.160068,0.984012,-0.078098,-0.021856,0.075565,0.996901,0,0.98355,-0.00670,59.013,-0.013,-1,375.000,850.000,350.000,575.000,300.000,300.000,300.000,300.000,-1,650.000,700.000,-1,700.000,475.000,-1,500.000,2,1,1,1,1,1,1,0,0,2,0,0,2,0,1,2,1
213,5760.542,1527.941,-280.269,-9.561,0.986161,0.165630,0.007328,-0.164570,0.983291,-0.077821,-0.020095,0.075538,0.996940,0,0.99041,-0.12670,59.425,-0.253,-1,375.000,800.000,325.000,500.000,300.000,275.000,300.000,300.000,-1,625.000,700.000,-1,700.000,425.000,-1,450.000,2,1,1,1,1,1,1,0,0,2,0,0,2,0,1,2,1
214,5819.464,1517.494,-282.041,-10.055,0.984715,0.174093,0.005280,-0.173168,0.981834,-0.077551,-0.018685,0.075451,0.996974,0,0.99735,-0.24670,59.841,-0.493,-1,350.000,725.000,300.000,450.000,275.000,275.000,300.000,300.000,-1,625.000,700.000,-1,700.000,400.000,-1,400.000,2,1,1,1,1,1,1,0,0,2,0,0,2,0,1,2,1
215,5878.404,1506.264,-283.598,-10.788,0.982422,0.186631,0.003976,-0.185748,0.979448,-0.078612,-0.018565,0.076492,0.996897,0,1.00000,-0.36670,60.000,-0.733,-1,350.000,650.000,275.000,375.000,275.000,250.000,300.000,300.000,-1,625.000,725.000,-1,675.000,350.000,-1,350.000,2,1,1,1,1,1,1,0,0,2,0,0,2,1,1,2,1
216,5937.145,1494.035,-285.038,-11.762,0.979130,0.203214,0.003002,-0.202317,0.975997,-0.080609,-0.019311,0.078320,0.996741,0,1.00000,-0.48670,60.000,-0.973,-1,325.000,575.000,250.000,325.000,250.000,225.000,300.000,300.000,-1,650.000,750.000,-1,600.000,325.000,-1,275.000,2,1,1,1,1,1,1,0,0,2,0,0,2,1,1,2,1
217,5995.613,1480.558,-284.140,-12.975,0.974598,0.223957,-0.001495,-0.223470,0.971994,-0.072719,-0.014832,0.071206,0.997351,0,1.00000,-0.60670,60.000,-1.213,-1,300.000,525.000,225.000,275.000,225.000,200.000,275.000,300.000,-1,575.000,675.000,-1,525.000,300.000,-1,250.000,2,1,1,1,1,1,1,0,0,2,0,0,2,1,1,2,1
218,6053.718,1465.597,-281.062,-14.428,0.968506,0.248785,-0.010134,-0.248961,0.966959,-0.054854,-0.003848,0.055649,0.998443,0,1.00000,-0.72670,60.000,-1.453,-1,300.000,500.000,225.000,250.000,225.000,200.000,275.000,350.000,-1,425.000,525.000,-1,500.000,275.000,-1,225.000,2,1,1,1,1,1,1,0,0,2,0,0,2,1,1,2,1
219,6111.358,1448.930,-276.988,-16.122,0.960494,0.277427,-0.022041,-0.278100,0.959793,-0.038176,0.010564,0.042797,0.999028,0,1.00000,-0.84670,60.000,-1.693,-1,300.000,475.000,200.000,250.000,225.000,200.000,275.000,400.000,925.000,325.000,400.000,-1,475.000,275.000,-1,225.000,2,1,1,1,1,1,1,0,0,0,0,0,2,1,1,2,1
220,6168.403,1430.330,-271.927,-18.055,0.950087,0.309770,-0.037111,-0.310688,0.950256,-0.022077,0.028427,0.032505,0.999067,0,1.00000,-0.96670,60.000,-1.933,-1,275.000,450.000,200.000,250.000,225.000,200.000,275.000,425.000,775.000,225.000,325.000,-1,450.000,275.000,-1,225.000,2,1,1,1,1,1,1,0,0,0,0,0,2,1,1,2,1
221,6224.766,1409.752,-265.970,-20.055,0.937798,0.342829,-0.054795,-0.343612,0.939097,-0.005274,0.049649,0.023774,0.998484,0,1.00000,-1.00000,60.000,-2.000,-1,275.000,475.000,200.000,275.000,225.000,175.000,300.000,475.000,625.000,150.000,225.000,-1,475.000,250.000,-1,200.000,2,1,1,1,1,1,1,0,0,0,0,0,2,1,1,2,1
222,-4919.492,-9511.013,370.490,15.138,0.964615,-0.261013,0.037298,0.261962,0.964798,-0.023265,-0.029913,0.032212,0.999033,1,0.00000,0.00000,60.000,-2.000,800.000,425.000,-1,400.000,-1,350.000,325.000,275.000,300.000,-1,-1,-1,-1,950.000,875.000,-1,-1,1,0,2,0,2,0,0,0,0,2,2,2,2,1,0,2,2
223,-4914.853,-9509.779,370.323,14.898,0.965686,-0.256970,0.037644,0.257925,0.965888,-0.023118,-0.030419,0.032034,0.999024,0,0.08000,-0.12000,4.800,-0.240,800.000,425.000,-1,400.000,-1,350.000,325.000,275.000,300.000,-1,-1,-1,-1,950.000,875.000,-1,-1,1,0,2,0,2,0,0,0,0,2,2,2,2,1,0,2,2
224,-4905.555,-9507.389,369.987,14.418,0.967777,-0.248873,0.038341,0.249839,0.968018,-0.022833,-0.031432,0.031676,0.999004,0,0.16000,-0.24000,9.600,-0.480,800.000,425.000,-1,400.000,-1,350.000,325.000,275.000,300.000,-1,-1,-1,-1,950.000,875.000,-1,-1,1,0,2,0,2,0,0,0,0,2,2,2,2,1,0,2,2
225,-4891.564,-9503.979,369.479,13.698,0.970785,-0.236693,0.039402,0.237676,0.971085,-0.022428,-0.032954,0.031138,0.998972,0,0.24000,-0.36000,14.400,-0.720,800.000,425.000,-1,400.000,-1,325.000,325.000,275.000,300.000,-1,-1,-1,-1,950.000,850.000,-1,-1,1,0,2,0,2,0,0,0,0,2,2,2,2,1,0,2,2
226,-4872.837,-9499.746,368.794,12.738,0.974555,-0.220394,0.040840,0.221400,0.974937,-0.021931,-0.034983,0.030415,0.998925,0,0.32000,-0.48000,19.200,-0.960,800.000,425.000,-1,400.000,-1,325.000,325.000,275.000,300.000,-1,-1,-1,-1,975.000,850.000,-1,-1,1,0,2,0,2,0,0,0,0,2,2,2,2,1,0,2,2
227,-4849.321,-9494.945,367.928,11.538,0.978880,-0.199934,0.042672,0.200965,0.979365,-0.021382,-0.037516,0.029506,0.998860,0,0.40000,-0.60000,24.000,-1.200,825.000,425.000,-1,400.000,-1,325.000,325.000,275.000,325.000,-1,-1,-1,-1,1000.000,850.000,-1,-1,1,0,2,0,2,0,0,0,0,2,2,2,2,1,0,2,2
228,-4820.967,-9489.896,366.876,10.098,0.983496,-0.175265,0.044914,0.176326,0.984111,-0.020838,-0.040548,0.028414,0.998774,0,0.48000,-0.72000,28.800,-1.440,825.000,425.000,-1,400.000,-1,325.000,325.000,275.000,325.000,-1,-1,-1,-1,1000.000,825.000,-1,-1,1,0,2,0,2,0,0,0,0,2,2,2,2,0,0,2,2
229,-4787.748,-9484.848,365.640,8.642,0.987511,-0.150212,0.047528,0.151306,0.988278,-0.020320,-0.043918,0.027257,0.998663,0,0.56000,-0.72789,33.600,-1.456,850.000,425.000,-1,400.000,-1,325.000,325.000,275.000,325.000,-1,-1,-1,-1,1000.000,800.000,-1,-1,1,0,2,0,2,0,0,0,0,2,2,2,2,0,0,2,2
230,-4749.652,-9480.019,364.217,7.225,0.990780,-0.125715,0.050506,0.126847,0.991724,-0.019846,-0.047593,0.026069,0.998527,0,0.64000,-0.70894,38.400,-1.418,875.000,425.000,-1,400.000,-1,325.000,325.000,300.000,325.000,-1,-1,-1,-1,975.000,800.000,-1,-1,1,0,2,0,2,0,0,0,0,2,2,2,2,0,0,2,2
231,-4706.677,-9475.618,362.604,5.848,0.993340,-0.101862,0.053847,0.103034,0.994488,-0.019441,-0.051570,0.024860,0.998360,0,0.72000,-0.68816,43.200,-1.376,875.000,425.000,-1,400.000,-1,325.000,325.000,300.000,325.000,-1,-1,-1,-1,950.000,775.000,-1,-1,1,0,2,0,2,0,0,0,0,2,2,2,2,0,0,2,2
232,-4658.825,-9471.838,360.799,4.517,0.995233,-0.078734,0.057546,0.079950,0.996615,-0.019133,-0.055844,0.023642,0.998160,0,0.80000,-0.66558,48.000,-1.331,900.000,425.000,-1,400.000,-1,325.000,325.000,300.000,325.000,-1,-1,-1,-1,925.000,750.000,-1,-1,1,0,2,0,2,0,0,0,0,2,2,2,2,0,0,2,2
233,-4606.108,-9468.859,358.727,3.234,0.996518,-0.056406,0.061399,0.057682,0.998150,-0.019217,-0.060202,0.022692,0.997928,0,0.88000,-0.64134,52.800,-1.283,925.000,400.000,-1,375.000,-1,325.000,300.000,300.000,325.000,-1,-1,-1,-1,875.000,-1,-1,-1,1,0,2,0,2,0,0,0,0,2,2,2,2,0,2,2,2
234,-4550.900,-9466.946,355.503,1.985,0.997419,-0.034634,0.062895,0.035881,0.999179,-0.018812,-0.062192,0.021020,0.997843,0,0.92068,-0.62459,55.241,-1.249,950.000,400.000,-1,375.000,-1,325.000,300.000,325.000,325.000,-1,-1,-1,-1,875.000,-1,-1,-1,1,0,2,0,2,0,0,0,0,2,2,2,2,0,2,2,2
235,-4496.556,-9466.236,351.947,0.749,0.997891,-0.013068,0.063589,0.014183,0.999753,-0.017110,-0.063350,0.017976,0.997829,0,0.90581,-0.61816,54.348,-1.236,1000.000,400.000,-1,375.000,-1,325.000,300.000,325.000,325.000,-1,-1,-1,-1,850.000,-1,-1,-1,1,0,2,0,2,0,0,0,0,2,2,2,2,0,2,2,2
236,-4443.167,-9466.682,348.436,-0.478,0.997900,0.008334,0.064239,-0.007352,0.999853,-0.015507,-0.064358,0.015002,0.997814,0,0.88985,-0.61323,53.391,-1.226,-1,400.000,-1,375.000,-1,325.000,300.000,325.000,325.000,-1,-1,-1,-1,850.000,-1,-1,-1,2,0,2,0,2,0,0,0,0,2,2,2,2,0,2,2,2
237,-4390.801,-9468.233,344.979,-1.697,0.997456,0.029614,0.064838,-0.028764,0.999488,-0.014007,-0.065219,0.012106,0.997798,0,0.87314,-0.60978,52.389,-1.220,-1,400.000,-1,375.000,-1,325.000,300.000,325.000,325.000,-1,-1,-1,-1,825.000,-1,-1,-1,2,0,2,0,2,0,0,0,0,2,2,2,2,0,2,2,2
238,-4339.506,-9470.843,341.587,-2.913,0.996566,0.050812,0.065382,-0.050091,0.998665,-0.012615,-0.065935,0.009296,0.997781,0,0.85602,-0.60776,51.361,-1.216,-1,400.000,-1,375.000,-1,325.000,300.000,325.000,325.000,-1,-1,-1,-1,800.000,-1,-1,-1,2,0,2,0,2,0,0,0,0,2,2,2,2,0,2,2,2
239,-4289.308,-9474.465,338.266,-4.127,0.995230,0.071965,0.065866,-0.071371,0.997385,-0.011334,-0.066509,0.006579,0.997764,0,0.83881,-0.60713,50.329,-1.214,-1,400.000,-1,375.000,-1,325.000,300.000,325.000,325.000,-1,-1,-1,-1,800.000,-1,-1,-1,2,0,2,0,2,0,0,0,0,2,2,2,2,0,2,2,2
240,-4240.212,-9479.056,335.022,-5.343,0.993447,0.093110,0.066285,-0.092638,0.995648,-0.010166,-0.066943,0.003959,0.997749,0,0.82183,-0.60782,49.310,-1.216,-1,400.000,-1,375.000,-1,300.000,300.000,325.000,325.000,-1,-1,-1,-1,800.000,-1,-1,-1,2,0,2,1,2,0,0,0,0,2,2,2,2,0,2,2,2
241,-4192.209,-9484.578,331.858,-6.562,0.991211,0.114279,0.066636,-0.113925,0.993448,-0.009111,-0.067240,0.001439,0.997736,0,0.80533,-0.60975,48.320,-1.219,-1,400.000,-1,-1,-1,300.000,300.000,325.000,325.000,-1,-1,-1,-1,775.000,-1,-1,-1,2,0,2,2,2,0,0,0,0,2,2,2,2,0,2,2,2
242,-4145.272,-9490.997,328.777,-7.788,0.988515,0.135503,0.066912,-0.135261,0.990776,-0.008169,-0.067402,-0.000976,0.997725,0,0.78956,-0.61284,47.374,-1.226,-1,400.000,-1,-1,-1,300.000,350.000,325.000,325.000,-1,-1,-1,-1,775.000,-1,-1,-1,2,0,2,2,2,0,1,0,0,2,2,2,2,0,2,2,2
243,-4099.365,-9498.286,325.779,-9.022,0.985346,0.156809,0.067109,-0.156671,0.987624,-0.007339,-0.067430,-0.003283,0.997719,0,0.77471,-0.61701,46.483,-1.234,-1,375.000,-1,-1,-1,300.000,425.000,325.000,325.000,-1,-1,-1,-1,750.000,-1,-1,-1,2,0,2,2,2,1,1,0,0,2,2,2,2,0,2,2,2
244,-4054.439,-9506.422,322.866,-10.266,0.981692,0.178218,0.067223,-0.178180,0.983976,-0.006619,-0.067326,-0.005480,0.997716,0,0.76094,-0.62220,45.656,-1.244,-1,375.000,-1,-1,-1,325.000,-1,325.000,325.000,-1,-1,-1,-1,750.000,-1,-1,-1,2,0,2,2,2,1,2,0,0,2,2,2,2,0,2,2,2
245,-4005.040,-9516.697,319.693,-11.751,0.976733,0.203645,0.067236,-0.203710,0.979013,-0.005954,-0.067038,-0.007881,0.997719,0,0.84094,-0.74220,50.456,-1.484,-1,375.000,-1,-1,-1,375.000,-1,325.000,325.000,-1,-1,-1,-1,-1,-1,-1,-1,2,0,2,2,2,1,2,0,0,2,2,2,2,2,2,2,2
246,-3952.628,-9529.172,316.301,-13.389,0.970547,0.231545,0.066531,-0.231732,0.972767,-0.004997,-0.065876,-0.010568,0.997772,0,0.89793,-0.81913,53.876,-1.638,-1,375.000,-1,-1,-1,500.000,-1,325.000,325.000,-1,-1,-1,-1,-1,-1,-1,-1,2,0,2,2,2,1,2,0,0,2,2,2,2,2,2,2,2
247,-3900.592,-9543.154,313.007,-15.040,0.963522,0.259474,0.065560,-0.259762,0.965663,-0.004239,-0.064409,-0.012946,0.997840,0,0.89803,-0.82565,53.882,-1.651,-1,400.000,-1,-1,-1,-1,-1,325.000,325.000,850.000,-1,-1,-1,-1,-1,-1,-1,2,1,2,2,2,2,2,0,0,1,2,2,2,2,2,2,2
248,-3848.907,-9558.665,309.708,-16.706,0.955640,0.287422,0.064348,-0.287793,0.957686,-0.003633,-0.062670,-0.015047,0.997921,0,0.89938,-0.83276,53.963,-1.666,-1,500.000,-1,-1,-1,-1,-1,350.000,325.000,750.000,-1,-1,-1,-1,-1,-1,-1,2,1,2,2,2,2,2,0,0,1,2,2,2,2,2,2,2
249,-3797.546,-9575.743,299.454,-18.386,0.946026,0.315412,0.074495,-0.313673,0.948911,-0.034298,-0.081508,0.009080,0.996631,0,0.90204,-0.84042,54.122,-1.681,-1,700.000,-1,-1,-1,-1,-1,375.000,275.000,900.000,-1,-1,-1,-1,-1,-1,-1,2,1,2,2,2,2,2,0,0,1,2,2,2,2,2,2,2
250,-3746.486,-9594.411,288.397,-20.084,0.935512,0.343161,0.084009,-0.338044,0.938564,-0.069455,-0.102682,0.036577,0.994042,0,0.90603,-0.84857,54.362,-1.697,-1,-1,-1,-1,-1,-1,-1,400.000,200.000,-1,-1,-1,-1,-1,-1,-1,-1,2,2,2,2,2,2,2,0,0,2,2,2,2,2,2,2,2
251,-9511.017,-2951.695,260.632,-64.267,0.434066,0.900819,-0.010609,-0.900716,0.434182,0.014038,0.017251,0.003462,0.999845,1,0.00000,0.00000,54.682,-1.714,-1,375.000,-1,350.000,950.000,300.000,300.000,300.000,300.000,-1,375.000,375.000,-1,650.000,600.000,-1,925.000,2,0,2,0,0,0,0,0,0,2,0,0,2,0,0,2,0
252,-9508.951,-2956.028,260.751,-64.507,0.430282,0.902629,-0.010909,-0.902522,0.430404,0.014352,0.017650,0.003670,0.999837,0,0.08000,-0.12000,4.800,-0.240,-1,375.000,-1,350.000,950.000,300.000,300.000,300.000,300.000,-1,375.000,375.000,-1,650.000,600.000,-1,925.000,2,0,2,0,0,0,0,0,0,2,0,0,2,0,0,2,0
253,-9504.891,-2964.727,260.988,-64.987,0.422690,0.906201,-0.011496,-0.906086,0.422827,0.014997,0.018451,0.004077,0.999821,0,0.16000,-0.24000,9.600,-0.480,-1,375.000,-1,350.000,950.000,300.000,300.000,300.000,300.000,1000.000,375.000,375.000,-1,650.000,600.000,-1,925.000,2,0,2,0,0,0,0,0,0,0,0,0,2,0,0,2,0
254,-9498.967,-2977.852,261.338,-65.707,0.411246,0.911441,-0.012345,-0.911312,0.411405,0.016005,0.019667,0.004668,0.999796,0,0.24000,-0.36000,14.400,-0.720,-1,375.000,-1,350.000,975.000,300.000,300.000,300.000,300.000,1000.000,375.000,350.000,-1,650.000,600.000,-1,950.000,2,0,2,0,0,0,0,0,0,0,0,0,2,0,0,2,0
255,-9491.298,-2995.454,261.777,-66.459,0.399212,0.916761,-0.013403,-0.916610,0.399402,0.017434,0.021336,0.005325,0.999758,0,0.32000,-0.37613,19.200,-0.752,-1,375.000,-1,350.000,975.000,300.000,300.000,300.000,300.000,1000.000,350.000,350.000,-1,650.000,600.000,-1,950.000,2,0,2,0,0,0,0,0,0,0,0,0,2,0,0,2,0
256,-9482.002,-3017.581,262.298,-67.211,0.387100,0.921922,-0.014635,-0.921739,0.387330,0.019317,0.023477,0.006012,0.999706,0,0.40000,-0.37613,24.000,-0.752,-1,375.000,-1,350.000,-1,300.000,300.000,300.000,300.000,1000.000,350.000,325.000,-1,650.000,600.000,-1,975.000,2,0,2,0,2,0,0,0,0,0,0,0,2,0,0,2,0
257,-9471.196,-3044.277,262.899,-67.963,0.374909,0.926923,-0.016010,-0.926694,0.375191,0.021682,0.026104,0.006708,0.999637,0,0.48000,-0.37613,28.800,-0.752,-1,375.000,-1,350.000,-1,300.000,300.000,325.000,300.000,975.000,325.000,325.000,-1,650.000,600.000,-1,-1,2,0,2,0,2,0,0,0,0,0,0,0,2,0,0,2,2
258,-9458.999,-3075.585,263.578,-68.716,0.362641,0.931765,-0.017491,-0.931471,0.362987,0.024558,0.029231,0.007386,0.999545,0,0.56000,-0.37613,33.600,-0.752,-1,375.000,-1,350.000,-1,300.000,300.000,325.000,300.000,975.000,325.000,300.000,-1,675.000,600.000,-1,-1,2,0,2,0,2,0,0,0,0,0,0,0,2,0,0,2,2
259,-9445.531,-3111.546,264.330,-69.468,0.350295,0.936446,-0.019039,-0.936062,0.350721,0.027975,0.032875,0.008023,0.999427,0,0.64000,-0.37613,38.400,-0.752,-1,375.000,-1,350.000,-1,300.000,300.000,325.000,300.000,950.000,300.000,275.000,-1,675.000,600.000,-1,-1,2,0,2,0,2,0,0,0,0,0,0,0,2,0,0,2,2
260,-9430.911,-3152.198,265.154,-70.220,0.337875,0.940965,-0.020615,-0.940461,0.338394,0.031961,0.037050,0.008589,0.999277,0,0.72000,-0.37613,43.200,-0.752,-1,375.000,-1,350.000,-1,300.000,300.000,325.000,300.000,950.000,275.000,250.000,-1,675.000,625.000,-1,-1,2,0,2,0,2,0,0,0,0,0,0,0,2,0,0,2,2
261,-9416.093,-3195.167,266.329,-70.972,0.325454,0.945333,-0.020629,-0.944688,0.326013,0.035783,0.040552,0.007842,0.999147,0,0.75753,-0.37613,45.452,-0.752,-1,375.000,-1,350.000,-1,300.000,300.000,325.000,300.000,950.000,275.000,250.000,-1,675.000,625.000,-1,-1,2,0,2,0,2,0,0,0,0,0,0,0,2,0,0,2,2
262,-9401.840,-3238.327,267.909,-71.725,0.313059,0.949547,-0.018837,-0.948729,0.313579,0.039765,0.043666,0.005422,0.999031,0,0.75753,-0.37613,45.452,-0.752,-1,375.000,-1,350.000,-1,300.000,300.000,325.000,300.000,925.000,275.000,275.000,-1,675.000,625.000,-1,-1,2,0,2,0,2,0,0,0,0,0,0,0,2,0,0,2,2
263,-9388.155,-3281.670,269.691,-72.477,0.300657,0.953594,-0.016256,-0.952553,0.301089,0.044597,0.047422,0.002076,0.998873,0,0.75753,-0.37613,45.452,-0.752,-1,375.000,-1,350.000,-1,300.000,300.000,300.000,300.000,925.000,275.000,275.000,-1,675.000,650.000,-1,-1,2,0,2,0,2,0,0,0,0,0,0,0,2,0,0,2,2
264,-9375.041,-3325.189,271.466,-73.229,0.288234,0.957466,-0.013424,-0.956190,0.288543,0.049425,0.051196,-0.001410,0.998688,0,0.75753,-0.37613,45.452,-0.752,-1,375.000,-1,375.000,-1,300.000,300.000,300.000,300.000,900.000,250.000,275.000,-1,675.000,650.000,-1,-1,2,0,2,0,2,0,0,0,0,0,0,0,2,0,0,2,2
265,-9362.499,-3368.877,273.855,-73.981,0.275689,0.961169,-0.012206,-0.959785,0.275947,0.051627,0.052991,-0.002518,0.998592,0,0.75753,-0.37613,45.452,-0.752,-1,375.000,-1,375.000,-1,300.000,300.000,300.000,325.000,900.000,275.000,325.000,-1,675.000,675.000,-1,-1,2,0,2,0,2,0,0,0,0,0,0,0,2,0,0,2,2
266,-9350.531,-3412.725,276.799,-74.734,0.262979,0.964712,-0.013182,-0.963214,0.263305,0.053752,0.055326,-0.001439,0.998467,0,0.75753,-0.37613,45.452,-0.752,-1,375.000,-1,375.000,-1,300.000,300.000,300.000,325.000,950.000,300.000,350.000,-1,675.000,675.000,-1,-1,2,0,2,0,2,0,0,0,0,0,0,0,2,0,0,2,2
267,-9339.140,-3456.727,279.753,-75.486,0.250221,0.968086,-0.014074,-0.966470,0.250617,0.055912,0.057655,-0.000388,0.998336,0,0.75753,-0.37613,45.452,-0.752,-1,375.000,-1,375.000,-1,300.000,300.000,300.000,325.000,950.000,325.000,375.000,-1,700.000,700.000,-1,-1,2,0,2,0,2,0,0,0,0,0,0,0,2,0,0,2,2
268,-9328.327,-3500.875,282.710,-76.238,0.237422,0.971293,-0.014852,-0.969555,0.237885,0.058090,0.059956,0.000608,0.998201,0,0.75753,-0.37613,45.452,-0.752,-1,375.000,-1,375.000,-1,300.000,300.000,300.000,325.000,975.000,350.000,400.000,-1,725.000,700.000,-1,-1,2,0,2,0,2,0,0,0,0,0,0,0,2,0,0,2,2
269,-9317.377,-3547.380,285.817,-76.751,0.228669,0.973381,-0.015519,-0.971506,0.229191,0.060396,0.062345,0.001266,0.998054,0,0.79627,-0.25613,47.776,-0.512,-1,375.000,-1,375.000,-1,300.000,300.000,300.000,325.000,1000.000,400.000,425.000,-1,725.000,725.000,-1,-1,2,0,2,0,2,0,0,0,0,0,0,0,2,0,0,2,2
270,-9306.648,-3593.936,288.922,-77.023,0.223993,0.974458,-0.016077,-0.972440,0.224563,0.062702,0.064711,0.001590,0.997903,0,0.79627,-0.13613,47.776,-0.272,-1,375.000,-1,375.000,-1,300.000,300.000,300.000,325.000,1000.000,425.000,450.000,-1,750.000,725.000,-1,-1,2,0,2,0,2,0,0,0,0,0,0,0,2,0,0,2,2
271,-9295.945,-3640.499,292.027,-77.055,0.223407,0.974584,-0.016565,-0.972416,0.224015,0.064994,0.067053,0.001588,0.997748,0,0.79627,-0.01613,47.776,-0.032,-1,375.000,-1,375.000,-1,325.000,300.000,300.000,300.000,-1,450.000,475.000,-1,775.000,750.000,-1,-1,2,0,2,0,2,0,0,0,0,2,0,0,2,0,0,2,2
272,-9285.074,-3687.022,295.129,-76.847,0.226913,0.973766,-0.017019,-0.971441,0.227547,0.067261,0.069369,0.001270,0.997590,0,0.79627,0.10387,47.776,0.208,-1,375.000,-1,375.000,-1,325.000,325.000,300.000,300.000,-1,475.000,500.000,-1,775.000,775.000,-1,-1,2,0,2,0,2,0,0,0,0,2,0,0,2,0,0,2,2
273,-9273.839,-3733.459,298.227,-76.400,0.234500,0.971959,-0.017472,-0.969472,0.235150,0.069492,0.071652,0.000642,0.997429,0,0.79627,0.22387,47.776,0.448,-1,400.000,-1,400.000,-1,325.000,325.000,300.000,300.000,-1,500.000,525.000,-1,800.000,800.000,-1,-1,2,0,2,0,2,0,0,0,0,2,0,0,2,0,0,2,2
274,-9262.048,-3779.758,301.320,-75.712,0.246145,0.969067,-0.017957,-0.966412,0.246799,0.071677,0.073891,-0.000289,0.997266,0,0.79627,0.34387,47.776,0.688,-1,400.000,-1,400.000,-1,325.000,325.000,300.000,300.000,-1,475.000,525.000,-1,800.000,800.000,-1,-1,2,0,2,0,2,0,0,0,0,2,0,0,2,0,0,2,2
275,-9249.509,-3825.860,304.405,-74.784,0.261808,0.964943,-0.018504,-0.962117,0.262457,0.073801,0.076070,-0.001519,0.997101,0,0.79627,0.46387,47.776,0.928,-1,400.000,-1,400.000,-1,325.000,325.000,300.000,300.000,-1,425.000,475.000,-1,825.000,825.000,-1,-1,2,0,2,0,2,0,0,0,0,2,0,0,2,0,0,2,2
276,-9236.033,-3871.697,307.701,-73.616,0.281506,0.959387,-0.018180,-0.956423,0.282066,0.075461,0.077524,-0.003855,0.996983,0,0.79627,0.58387,47.776,1.168,-1,400.000,-1,400.000,-1,325.000,325.000,300.000,300.000,-1,400.000,475.000,-1,825.000,850.000,-1,-1,2,0,2,0,2,0,0,0,0,2,0,0,2,0,0,2,2
277,-9221.560,-3917.229,310.970,-72.366,0.302477,0.952995,-0.017575,-0.949997,0.302923,0.075780,0.077541,-0.006226,0.996970,0,0.79627,0.62499,47.776,1.250,-1,400.000,-1,425.000,-1,325.000,325.000,300.000,300.000,-1,450.000,500.000,-1,825.000,850.000,-1,-1,2,0,2,0,2,0,0,0,0,2,0,0,2,0,0,2,2
278,-9206.097,-3962.434,314.177,-71.116,0.323280,0.946146,-0.017260,-0.943137,0.323636,0.075851,0.077352,-0.008243,0.996970,0,0.79627,0.62499,47.776,1.250,-1,425.000,-1,425.000,-1,325.000,325.000,300.000,300.000,-1,475.000,525.000,-1,825.000,875.000,-1,-1,2,0,2,0,2,0,0,0,0,2,0,0,2,0,0,2,2
279,-9189.652,-4007.290,317.437,-69.866,0.343909,0.938846,-0.017172,-0.935841,0.344193,0.075721,0.077001,-0.009971,0.996981,0,0.79627,0.62499,47.776,1.250,-1,425.000,-1,425.000,-1,325.000,325.000,300.000,300.000,-1,525.000,575.000,-1,825.000,875.000,-1,-1,2,0,2,0,2,0,0,0,0,2,0,0,2,0,0,2,2
280,-9172.232,-4051.778,320.946,-68.616,0.364312,0.931108,-0.017742,-0.928196,0.364589,0.074342,0.075689,-0.010616,0.997075,0,0.79627,0.62499,47.776,1.250,-1,400.000,-1,425.000,-1,350.000,350.000,300.000,300.000,-1,600.000,625.000,-1,825.000,875.000,-1,-1,2,0,2,0,2,0,0,0,0,2,0,0,2,0,0,2,2
281,-9153.846,-4095.874,324.259,-67.366,0.384600,0.922919,-0.017395,-0.920132,0.384808,0.072668,0.073760,-0.011942,0.997204,0,0.79627,0.62499,47.776,1.250,-1,400.000,-1,425.000,-1,325.000,350.000,300.000,300.000,-1,725.000,725.000,-1,800.000,875.000,-1,-1,2,0,2,0,2,0,0,0,0,2,0,0,2,0,0,2,2
282,-9134.503,-4139.559,327.508,-66.117,0.404712,0.914289,-0.016838,-0.911630,0.404842,0.070944,0.071680,-0.013362,0.997338,0,0.79627,0.62499,47.776,1.250,-1,400.000,-1,425.000,-1,325.000,325.000,300.000,300.000,-1,875.000,825.000,-1,800.000,875.000,-1,-1,2,0,2,0,2,0,0,0,0,2,0,0,2,0,0,2,2
283,-9114.211,-4182.812,330.739,-64.867,0.424624,0.905223,-0.016295,-0.902691,0.424682,0.069237,0.069596,-0.014690,0.997467,0,0.79627,0.62499,47.776,1.250,-1,400.000,-1,425.000,-1,325.000,325.000,300.000,300.000,-1,975.000,950.000,-1,775.000,875.000,-1,-1,2,0,2,0,2,0,0,0,0,2,0,0,2,0,0,2,2
284,-9092.980,-4225.611,333.949,-63.617,0.444325,0.895727,-0.015769,-0.893318,0.444320,0.067545,0.067508,-0.015925,0.997592,0,0.79627,0.62499,47.776,1.250,-1,400.000,-1,425.000,-1,325.000,325.000,300.000,300.000,-1,-1,-1,-1,775.000,875.000,-1,-1,2,0,2,0,2,0,0,0,0,2,2,2,2,0,0,2,2
285,-9070.820,-4267.938,337.138,-62.367,0.463808,0.885804,-0.015263,-0.883517,0.463745,0.065863,0.065420,-0.017063,0.997712,0,0.79627,0.62499,47.776,1.250,-1,400.000,-1,425.000,-1,325.000,325.000,300.000,300.000,-1,-1,-1,-1,750.000,850.000,-1,-1,2,0,2,0,2,0,0,0,0,2,2,2,2,0,0,2,2
286,-9047.743,-4309.770,340.302,-61.117,0.483062,0.875461,-0.014778,-0.873292,0.482949,0.064191,0.063334,-0.018102,0.997828,0,0.79627,0.62499,47.776,1.250,-1,400.000,-1,425.000,-1,325.000,325.000,300.000,300.000,-1,-1,-1,-1,750.000,850.000,-1,-1,2,0,2,0,2,0,0,0,0,2,2,2,2,0,0,2,2
287,-9023.759,-4351.090,343.440,-59.867,0.502080,0.864702,-0.014317,-0.862649,0.501923,0.062524,0.061251,-0.019041,0.997941,0,0.79627,0.62499,47.776,1.250,-1,400.000,-1,425.000,-1,325.000,325.000,300.000,300.000,-1,-1,-1,-1,725.000,825.000,-1,-1,2,0,2,0,2,0,0,0,0,2,2,2,2,0,0,2,2
288,-8998.878,-4391.876,346.550,-58.617,0.520853,0.853534,-0.013881,-0.851593,0.520658,0.060860,0.059174,-0.019878,0.998050,0,0.79627,0.62499,47.776,1.250,-1,375.000,-1,400.000,-1,325.000,325.000,300.000,300.000,-1,-1,-1,-1,725.000,825.000,-1,-1,2,0,2,0,2,0,0,0,0,2,2,2,2,0,0,2,2
289,-8973.114,-4432.110,349.429,-57.367,0.539327,0.841973,-0.014410,-0.840118,0.539154,0.059292,0.057692,-0.019872,0.998137,0,0.79627,0.62499,47.776,1.250,-1,375.000,-1,400.000,-1,325.000,325.000,300.000,300.000,-1,-1,-1,-1,725.000,800.000,-1,-1,2,0,2,0,2,0,0,0,0,2,2,2,2,0,0,2,2
290,-8946.479,-4471.773,352.164,-56.117,0.557519,0.830020,-0.015492,-0.828236,0.557398,0.057722,0.056546,-0.019351,0.998212,0,0.79627,0.62499,47.776,1.250,-1,375.000,-1,400.000,-1,325.000,325.000,300.000,300.000,-1,-1,-1,-1,725.000,800.000,-1,-1,2,0,2,0,2,0,0,0,0,2,2,2,2,0,0,2,2
291,-8918.985,-4510.845,354.865,-54.867,0.575444,0.817673,-0.016610,-0.815962,0.575379,0.056083,0.055414,-0.018720,0.998288,0,0.79627,0.62499,47.776,1.250,-1,375.000,-1,400.000,-1,325.000,325.000,300.000,300.000,-1,-1,-1,-1,725.000,775.000,-1,-1,2,0,2,0,2,0,0,0,0,2,2,2,2,0,0,2,2
292,-8890.644,-4549.308,357.501,-53.617,0.593091,0.804939,-0.017797,-0.803308,0.593088,0.054242,0.054216,-0.017874,0.998369,0,0.79627,0.62499,47.776,1.250,-1,375.000,-1,400.000,-1,325.000,325.000,300.000,300.000,-1,-1,-1,-1,700.000,750.000,-1,-1,2,0,2,0,2,0,0,0,0,2,2,2,2,0,0,2,2
293,-8861.472,-4587.144,360.131,-52.367,0.610452,0.791824,-0.019041,-0.790281,0.610518,0.052198,0.052957,-0.016817,0.998455,0,0.79627,0.62499,47.776,1.250,-1,375.000,-1,400.000,-1,300.000,325.000,300.000,300.000,-1,-1,-1,-1,700.000,750.000,-1,-1,2,0,2,0,2,0,0,0,0,2,2,2,2,0,0,2,2
294,-8831.481,-4624.334,363.055,-51.117,0.627552,0.778318,-0.019990,-0.776796,0.627646,0.051469,0.052606,-0.016771,0.998474,0,0.79627,0.62499,47.776,1.250,-1,375.000,-1,400.000,-1,300.000,325.000,300.000,300.000,-1,-1,-1,-1,725.000,725.000,-1,-1,2,0,2,0,2,0,0,0,0,2,2,2,2,0,0,2,2
295,-8800.686,-4660.862,365.979,-49.867,0.644353,0.764441,-0.020967,-0.762929,0.644475,0.050913,0.052433,-0.016809,0.998483,0,0.79627,0.62499,47.776,1.250,-1,375.000,-1,375.000,-1,300.000,325.000,300.000,300.000,-1,-1,-1,-1,725.000,725.000,-1,-1,2,0,2,0,2,0,0,0,0,2,2,2,2,0,0,2,2
296,-8769.101,-4696.709,368.801,-48.617,0.660854,0.750195,-0.021920,-0.748665,0.660993,0.050886,0.052663,-0.017217,0.998464,0,0.79627,0.62499,47.776,1.250,-1,375.000,-1,375.000,-1,300.000,325.000,300.000,300.000,-1,-1,-1,-1,725.000,725.000,-1,-1,2,0,2,0,2,0,0,0,0,2,2,2,2,0,0,2,2
297,-8736.742,-4731.858,371.492,-47.367,0.677046,0.735586,-0.022865,-0.734002,0.677190,0.051520,0.053381,-0.018098,0.998410,0,0.79627,0.62499,47.776,1.250,-1,375.000,-1,375.000,-1,300.000,325.000,300.000,300.000,-1,-1,-1,-1,725.000,725.000,-1,-1,2,0,2,0,2,0,0,0,0,2,2,2,2,0,0,2,2
298,-8707.081,-4762.958,373.912,-46.357,0.689885,0.723527,-0.023833,-0.721894,0.690043,0.052064,0.054115,-0.018713,0.998359,0,0.71627,0.50499,42.976,1.010,-1,375.000,-1,375.000,-1,300.000,325.000,300.000,300.000,-1,-1,-1,-1,750.000,725.000,-1,-1,2,0,2,0,2,0,0,0,0,2,2,2,2,0,0,2,2
299,-8680.364,-4790.228,376.061,-45.587,0.699519,0.714184,-0.024787,-0.712505,0.699698,0.052518,0.054851,-0.019076,0.998312,0,0.63627,0.38499,38.176,0.770,-1,375.000,-1,375.000,-1,300.000,325.000,300.000,300.000,-1,-1,-1,-1,750.000,725.000,-1,-1,2,0,2,0,2,0,0,0,0,2,2,2,2,0,0,2,2
