timestep,x_cm,y_cm,z_cm,yaw_deg,basis_xx,basis_xy,basis_xz,basis_yx,basis_yy,basis_yz,basis_zx,basis_zy,basis_zz,teleport_flag,throttle_cmd,steering_cmd,cmd_move_cm,cmd_turn_deg,lidar_cm_0,lidar_cm_1,lidar_cm_2,lidar_cm_3,lidar_cm_4,lidar_cm_5,lidar_cm_6,lidar_cm_7,lidar_cm_8,lidar_cm_9,lidar_cm_10,lidar_cm_11,lidar_cm_12,lidar_cm_13,lidar_cm_14,lidar_cm_15,lidar_cm_16,lidar_class_0,lidar_class_1,lidar_class_2,lidar_class_3,lidar_class_4,lidar_class_5,lidar_class_6,lidar_class_7,lidar_class_8,lidar_class_9,lidar_class_10,lidar_class_11,lidar_class_12,lidar_class_13,lidar_class_14,lidar_class_15,lidar_class_16
0,-1639.480,9515.804,94.680,85.768,0.073472,-0.996951,0.026290,0.997223,0.073763,0.010257,-0.012165,0.025464,0.999602,1,0.08000,0.12000,4.800,0.240,-1,400.000,-1,375.000,-1,325.000,325.000,325.000,275.000,-1,475.000,600.000,-1,925.000,850.000,-1,-1,2,0,2,0,2,0,0,0,0,2,1,1,2,0,0,2,2
1,-1638.851,9525.384,94.549,86.248,0.065126,-0.997550,0.025563,0.997804,0.065409,0.010403,-0.012049,0.024829,0.999619,0,0.16000,0.24000,9.600,0.480,-1,400.000,-1,375.000,-1,325.000,325.000,325.000,275.000,-1,500.000,600.000,-1,925.000,850.000,-1,-1,2,0,2,0,2,0,0,0,0,2,1,1,2,0,0,2,2
2,-1638.090,9539.763,94.361,86.968,0.052597,-0.998315,0.024494,0.998545,0.052870,0.010616,-0.011893,0.023900,0.999644,0,0.24000,0.36000,14.400,0.720,-1,400.000,-1,375.000,-1,325.000,325.000,325.000,275.000,-1,525.000,625.000,-1,925.000,850.000,-1,-1,2,0,2,0,2,0,0,0,0,2,1,1,2,0,0,2,2
3,-1637.395,9558.951,94.124,87.928,0.035879,-0.999089,0.023106,0.999288,0.036137,0.010888,-0.011713,0.022699,0.999674,0,0.32000,0.48000,19.200,0.960,-1,400.000,-1,400.000,-1,325.000,325.000,325.000,275.000,-1,550.000,650.000,-1,925.000,875.000,-1,-1,2,0,2,0,2,0,0,0,0,2,1,1,2,0,0,2,2
4,-1637.030,9582.948,93.850,89.128,0.014964,-0.999658,0.021426,0.999822,0.015207,0.011208,-0.011530,0.021255,0.999708,0,0.40000,0.60000,24.000,1.200,-1,400.000,-1,400.000,-1,325.000,325.000,325.000,275.000,-1,600.000,700.000,-1,925.000,875.000,-1,-1,2,0,2,0,2,0,0,0,0,2,1,1,2,0,0,2,2
5,-1637.315,9611.747,93.551,90.568,-0.010144,-0.999759,0.019483,0.999884,-0.009920,0.011562,-0.011366,0.019598,0.999743,0,0.48000,0.72000,28.800,1.440,-1,400.000,-1,400.000,-1,325.000,325.000,325.000,275.000,-1,650.000,725.000,-1,925.000,900.000,-1,-1,2,0,2,0,2,0,0,0,0,2,1,1,2,0,0,2,2
6,-1638.633,9645.321,93.243,92.248,-0.039431,-0.999073,0.017301,0.999159,-0.039227,0.011933,-0.011243,0.017757,0.999779,0,0.56000,0.84000,33.600,1.680,-1,425.000,-1,400.000,-1,325.000,325.000,325.000,275.000,-1,700.000,800.000,-1,925.000,-1,-1,-1,2,0,2,0,2,0,0,0,0,2,1,1,2,0,2,2,2
7,-1641.424,9683.619,92.941,94.168,-0.072861,-0.997231,0.014902,0.997279,-0.072681,0.012294,-0.011176,0.015757,0.999813,0,0.64000,0.96000,38.400,1.920,-1,425.000,-1,425.000,-1,325.000,325.000,325.000,300.000,-1,800.000,875.000,-1,-1,-1,-1,-1,2,0,2,0,2,0,0,0,0,2,1,1,2,2,2,2,2
8,-1645.757,9723.713,92.679,96.168,-0.107599,-0.994116,0.012472,0.994132,-0.107442,0.012587,-0.011173,0.013753,0.999843,0,0.67213,1.00000,40.328,2.000,-1,425.000,-1,425.000,-1,325.000,325.000,300.000,300.000,-1,850.000,975.000,-1,-1,-1,-1,-1,2,0,2,0,2,0,0,0,0,2,1,1,2,2,2,2,2
9,-1651.518,9763.852,92.466,98.168,-0.142207,-0.989785,0.010095,0.989773,-0.142075,0.012781,-0.011216,0.011809,0.999867,0,0.67583,1.00000,40.550,2.000,-1,425.000,-1,425.000,-1,325.000,325.000,300.000,300.000,775.000,925.000,-1,-1,1000.000,-1,-1,-1,2,0,2,0,2,0,0,0,0,1,1,2,2,1,2,2,2
10,-1658.716,9803.982,92.121,100.168,-0.176645,-0.984238,0.008489,0.984216,-0.176534,0.012470,-0.010775,0.010557,0.999886,0,0.67952,1.00000,40.771,2.000,-1,425.000,-1,425.000,-1,350.000,350.000,300.000,300.000,800.000,1000.000,-1,-1,975.000,-1,-1,-1,2,0,2,0,2,0,0,0,0,1,1,2,2,1,2,2,2
11,-1667.357,9844.052,91.078,102.168,-0.210905,-0.977461,0.009453,0.977444,-0.210772,0.013394,-0.011100,0.012065,0.999866,0,0.68318,1.00000,40.991,2.000,-1,425.000,-1,425.000,-1,350.000,350.000,300.000,300.000,850.000,-1,-1,-1,975.000,-1,-1,-1,2,0,2,0,2,0,0,0,0,1,2,2,2,0,2,2,2
12,-1677.444,9884.008,90.076,104.168,-0.244908,-0.969491,0.010347,0.969479,-0.244752,0.014368,-0.011397,0.013550,0.999843,0,0.68682,1.00000,41.209,2.000,-1,425.000,-1,425.000,-1,350.000,350.000,300.000,300.000,900.000,-1,-1,-1,975.000,-1,-1,-1,2,0,2,0,2,0,0,0,0,1,2,2,2,0,2,2,2
13,-1688.979,9923.795,89.258,106.168,-0.278624,-0.960331,0.011571,0.960324,-0.278429,0.015975,-0.012120,0.015563,0.999805,0,0.69043,1.00000,41.426,2.000,-1,425.000,-1,425.000,-1,350.000,350.000,300.000,300.000,975.000,-1,-1,-1,975.000,-1,-1,-1,2,0,2,0,2,0,0,0,0,1,2,2,2,0,2,2,2
14,-1701.963,9963.359,88.286,108.168,-0.311998,-0.950011,0.011643,0.949987,-0.311769,0.018044,-0.013512,0.016691,0.999769,0,0.69399,1.00000,41.640,2.000,-1,425.000,-1,425.000,-1,350.000,350.000,300.000,300.000,-1,-1,-1,-1,975.000,-1,-1,-1,2,0,2,0,2,0,0,0,0,2,2,2,2,0,2,2,2
15,-1716.393,10002.644,87.297,110.168,-0.344990,-0.938539,0.011221,0.938486,-0.344729,0.020129,-0.015024,0.017475,0.999734,0,0.69752,1.00000,41.851,2.000,-1,425.000,-1,425.000,-1,350.000,350.000,300.000,300.000,-1,-1,-1,-1,950.000,-1,-1,-1,2,0,2,0,2,0,0,0,0,2,2,2,2,0,2,2,2
16,-1732.264,10041.594,86.358,112.168,-0.377557,-0.925926,0.010601,0.925840,-0.377269,0.022090,-0.016454,0.018155,0.999700,0,0.70100,1.00000,42.060,2.000,-1,425.000,-1,425.000,-1,350.000,350.000,300.000,300.000,-1,-1,-1,-1,950.000,-1,-1,-1,2,0,2,0,2,0,0,0,0,2,2,2,2,0,2,2,2
17,-1749.568,10080.155,85.392,114.168,-0.409668,-0.912181,0.009957,0.912056,-0.409347,0.024243,-0.018039,0.019013,0.999657,0,0.70443,1.00000,42.266,2.000,-1,425.000,-1,425.000,-1,350.000,350.000,300.000,300.000,-1,-1,-1,-1,925.000,-1,-1,-1,2,0,2,0,2,0,0,0,0,2,2,2,2,0,2,2,2
18,-1768.297,10118.270,84.412,116.168,-0.441281,-0.897321,0.009240,0.897152,-0.440924,0.026554,-0.019754,0.020008,0.999605,0,0.70780,1.00000,42.468,2.000,-1,425.000,-1,-1,-1,325.000,350.000,300.000,300.000,-1,-1,-1,-1,925.000,-1,-1,-1,2,0,2,2,2,0,0,0,0,2,2,2,2,0,2,2,2
19,-1790.486,10160.007,83.345,117.997,-0.469719,-0.882778,0.008199,0.882546,-0.469326,0.029076,-0.021820,0.020893,0.999544,0,0.78780,0.91435,47.268,1.829,-1,425.000,-1,925.000,-1,325.000,350.000,300.000,325.000,-1,-1,-1,-1,900.000,-1,-1,-1,2,0,2,1,2,0,0,0,0,2,2,2,2,0,2,2,2
20,-1816.370,10205.186,82.205,119.808,-0.497410,-0.867489,0.006809,0.867178,-0.496982,0.031787,-0.024190,0.021716,0.999471,0,0.86780,0.90555,52.068,1.811,-1,400.000,-1,775.000,-1,325.000,325.000,300.000,325.000,-1,-1,-1,-1,875.000,-1,-1,-1,2,0,2,1,2,0,0,0,0,2,2,2,2,0,2,2,2
21,-1843.971,10250.053,81.095,121.599,-0.524299,-0.851518,0.005164,0.851118,-0.523844,0.034444,-0.026624,0.022454,0.999393,0,0.87794,0.89551,52.677,1.791,-1,400.000,-1,675.000,-1,325.000,325.000,300.000,325.000,-1,-1,-1,-1,875.000,-1,-1,-1,2,0,2,1,2,0,0,0,0,2,2,2,2,0,2,2,2
22,-1872.930,10294.023,80.031,123.369,-0.550352,-0.834926,0.003280,0.834426,-0.549877,0.036998,-0.029086,0.023099,0.999310,0,0.87750,0.88467,52.650,1.769,-1,400.000,-1,625.000,-1,325.000,350.000,300.000,325.000,-1,-1,-1,-1,850.000,-1,-1,-1,2,0,2,1,2,0,1,0,0,2,2,2,2,0,2,2,2
23,-1903.161,10337.013,78.449,125.115,-0.575585,-0.817734,0.003552,0.817188,-0.575031,0.039283,-0.030080,0.025514,0.999222,0,0.87592,0.87312,52.555,1.746,-1,400.000,-1,575.000,-1,325.000,350.000,300.000,325.000,-1,-1,-1,-1,850.000,-1,-1,-1,2,0,2,1,2,0,1,0,0,2,2,2,2,0,2,2,2
24,-1936.710,10381.717,76.727,126.887,-0.600638,-0.799513,0.003648,0.798913,-0.599997,0.041727,-0.031172,0.027977,0.999122,0,0.93154,0.88581,55.893,1.772,-1,400.000,-1,525.000,-1,325.000,350.000,300.000,325.000,-1,-1,-1,-1,850.000,975.000,-1,-1,2,0,2,1,2,0,1,0,0,2,2,2,2,0,0,2,2
25,-1971.446,10425.180,74.275,128.631,-0.624828,-0.780751,0.004289,0.779992,-0.623958,0.047853,-0.034685,0.033245,0.998845,0,0.92730,0.87226,55.638,1.745,-1,400.000,-1,450.000,-1,325.000,325.000,300.000,300.000,-1,-1,-1,-1,825.000,925.000,-1,-1,2,0,2,1,2,0,0,0,0,2,2,2,2,0,0,2,2
26,-2007.249,10467.320,69.678,130.347,-0.648359,-0.761307,0.006438,0.760016,-0.646716,0.064306,-0.044793,0.046586,0.997909,0,0.92160,0.85811,55.296,1.716,-1,375.000,-1,400.000,-1,300.000,300.000,300.000,275.000,-1,-1,-1,-1,750.000,775.000,-1,-1,2,0,2,1,2,0,0,0,1,2,2,2,2,0,0,2,2
27,-2043.991,10508.071,66.262,132.034,-0.670814,-0.741595,0.006734,0.739837,-0.668539,0.075477,-0.051471,0.055613,0.997125,0,0.91447,0.84351,54.868,1.687,-1,375.000,-1,375.000,-1,300.000,300.000,300.000,850.000,-1,-1,-1,-1,725.000,725.000,-1,-1,2,0,2,0,2,0,0,0,1,2,2,2,2,0,0,2,2
28,-2081.543,10547.374,63.891,133.691,-0.692147,-0.721731,0.006133,0.719688,-0.689495,0.081514,-0.054602,0.060834,0.996653,0,0.90597,0.82860,54.358,1.657,-1,375.000,-1,350.000,-1,300.000,300.000,325.000,-1,-1,-1,-1,-1,700.000,675.000,-1,-1,2,0,2,0,2,0,0,0,2,2,2,2,2,0,0,2,2
29,-2119.778,10585.186,62.590,135.319,-0.712351,-0.701808,0.004691,0.699697,-0.709657,0.082529,-0.054591,0.062072,0.996578,0,0.89624,0.81358,53.774,1.627,-1,375.000,-1,350.000,-1,300.000,300.000,325.000,-1,-1,-1,-1,-1,700.000,675.000,-1,-1,2,0,2,0,2,0,0,0,2,2,2,2,2,0,0,2,2
30,-2158.590,10621.462,61.958,136.935,-0.731657,-0.681668,0.002712,0.679802,-0.729349,0.076938,-0.050468,0.058136,0.997032,0,0.88545,0.80838,53.127,1.617,-1,375.000,-1,375.000,-1,300.000,300.000,325.000,-1,-1,-1,-1,-1,700.000,700.000,-1,-1,2,0,2,0,2,0,0,0,2,2,2,2,2,0,0,2,2
31,-2197.881,10656.170,62.310,138.548,-0.750265,-0.661136,0.000865,0.659699,-0.748546,0.066905,-0.043586,0.050767,0.997759,0,0.87378,0.80639,52.427,1.613,-1,375.000,-1,400.000,-1,325.000,325.000,300.000,-1,-1,-1,-1,-1,725.000,775.000,-1,-1,2,0,2,0,2,0,0,0,2,2,2,2,2,0,0,2,2
32,-2237.569,10689.286,61.310,140.158,-0.768451,-0.639908,-0.000236,0.638604,-0.766908,0.063530,-0.040834,0.048669,0.997980,0,0.86150,0.80510,51.690,1.610,-1,400.000,-1,400.000,-1,325.000,325.000,300.000,-1,-1,-1,-1,-1,750.000,775.000,-1,-1,2,0,2,0,2,0,0,0,2,2,2,2,2,0,0,2,2
33,-2277.578,10720.806,59.455,141.767,-0.786113,-0.618082,-0.001142,0.616738,-0.784522,0.064499,-0.040761,0.049999,0.997917,0,0.84889,0.80449,50.934,1.609,-1,400.000,-1,400.000,-1,325.000,325.000,300.000,-1,-1,-1,-1,-1,725.000,775.000,-1,-1,2,0,2,0,2,0,0,0,2,2,2,2,2,0,0,2,2
34,-2315.658,10749.359,57.784,143.136,-0.800649,-0.599131,-0.001991,0.597752,-0.799022,0.065240,-0.040679,0.051045,0.997868,0,0.79328,0.68449,47.597,1.369,-1,400.000,-1,400.000,-1,325.000,325.000,300.000,-1,-1,-1,-1,-1,725.000,750.000,-1,-1,2,0,2,0,2,0,0,0,2,2,2,2,2,0,0,2,2
35,-2353.744,10776.761,56.184,144.265,-0.812290,-0.583247,-0.002801,0.581834,-0.810638,0.065850,-0.040678,0.051859,0.997826,0,0.78197,0.56449,46.918,1.129,-1,375.000,-1,400.000,-1,325.000,325.000,300.000,-1,-1,-1,-1,-1,700.000,750.000,-1,-1,2,0,2,0,2,0,0,0,2,2,2,2,2,0,0,2,2
36,-2391.745,10803.217,54.642,145.154,-0.821233,-0.570582,-0.003565,0.569134,-0.819563,0.066354,-0.040782,0.052463,0.997790,0,0.77174,0.44449,46.305,0.889,-1,375.000,-1,400.000,-1,325.000,325.000,300.000,-1,-1,-1,-1,-1,700.000,725.000,-1,-1,2,0,2,0,2,0,0,0,2,2,2,2,2,0,0,2,2
37,-2429.598,10828.931,50.881,145.803,-0.827800,-0.560995,0.005709,0.559971,-0.825580,0.069650,-0.034360,0.060854,0.997555,0,0.76269,0.32449,45.761,0.649,-1,400.000,-1,400.000,-1,325.000,325.000,325.000,-1,-1,-1,-1,-1,725.000,725.000,-1,-1,2,0,2,0,2,0,0,0,2,2,2,2,2,0,0,2,2
38,-2467.320,10853.998,47.680,146.388,-0.833541,-0.552315,0.012531,0.551672,-0.830934,0.072151,-0.029438,0.067053,0.997315,0,0.75486,0.29254,45.292,0.585,-1,400.000,-1,400.000,-1,325.000,325.000,325.000,-1,-1,-1,-1,-1,750.000,725.000,-1,-1,2,0,2,0,2,0,0,0,2,2,2,2,2,0,0,2,2
39,-2504.943,10878.447,45.116,146.978,-0.839188,-0.543588,0.016594,0.543208,-0.836349,0.073790,-0.026233,0.070937,0.997136,0,0.74782,0.29482,44.869,0.590,-1,400.000,-1,400.000,-1,325.000,325.000,325.000,-1,-1,-1,0.000,-1,750.000,725.000,-1,-1,2,0,2,0,2,0,0,0,2,2,2,0,2,0,0,2,2
40,-2542.493,10902.300,43.201,147.573,-0.844779,-0.534807,0.018177,0.534551,-0.841839,0.074574,-0.024580,0.072715,0.997050,0,0.74143,0.29743,44.486,0.595,-1,400.000,-1,375.000,-1,325.000,325.000,325.000,275.000,-1,-1,0.000,-1,750.000,725.000,-1,-1,2,0,2,0,2,0,0,0,0,2,2,0,2,0,0,2,2
41,-2579.998,10925.578,41.996,148.174,-0.850330,-0.525950,0.017778,0.525695,-0.847396,0.074595,-0.024168,0.072776,0.997055,0,0.73572,0.30035,44.143,0.601,-1,400.000,-1,375.000,-1,325.000,325.000,325.000,275.000,-1,-1,0.000,-1,750.000,700.000,-1,-1,2,0,2,0,2,0,0,0,0,2,2,0,2,0,0,2,2
42,-2617.490,10948.303,41.394,148.781,-0.855844,-0.517015,0.015033,0.516617,-0.853043,0.073656,-0.025257,0.070804,0.997170,0,0.73068,0.30355,43.841,0.607,-1,400.000,-1,375.000,-1,325.000,325.000,325.000,300.000,-1,-1,0.000,-1,750.000,700.000,-1,-1,2,0,2,0,2,0,0,0,0,2,2,0,2,0,0,2,2
43,-2654.997,10970.494,41.379,149.395,-0.861309,-0.507983,0.010027,0.507320,-0.858770,0.071704,-0.027814,0.066846,0.997376,0,0.72633,0.30701,43.580,0.614,-1,375.000,-1,375.000,-1,325.000,300.000,325.000,300.000,-1,-1,-1,-1,725.000,700.000,-1,-1,2,0,2,0,2,0,0,0,0,2,2,2,2,0,0,2,2
44,-2692.551,10992.167,41.938,150.016,-0.866697,-0.498827,0.002838,0.497820,-0.864556,0.068687,-0.031809,0.060944,0.997634,0,0.72266,0.31073,43.359,0.621,-1,375.000,-1,375.000,-1,300.000,300.000,325.000,325.000,-1,-1,-1,-1,675.000,675.000,-1,-1,2,0,2,0,2,0,0,0,0,2,2,2,2,0,0,2,2
45,-2730.185,11013.333,40.823,150.645,-0.872115,-0.489290,0.003271,0.488339,-0.869964,0.068468,-0.030655,0.061309,0.997648,0,0.71963,0.31468,43.178,0.629,-1,375.000,-1,375.000,-1,300.000,300.000,325.000,325.000,-1,-1,-1,-1,675.000,675.000,-1,-1,2,0,2,0,2,0,0,0,0,2,2,2,2,0,0,2,2
46,-2767.926,11034.009,39.613,151.283,-0.877503,-0.479551,0.004384,0.478694,-0.875309,0.068452,-0.028989,0.062165,0.997645,0,0.71724,0.31885,43.034,0.638,-1,375.000,-1,375.000,-1,300.000,300.000,325.000,325.000,-1,-1,-1,-1,675.000,675.000,-1,-1,2,0,2,0,2,0,0,0,0,2,2,2,2,0,0,2,2
47,-2805.804,11054.208,38.565,151.930,-0.882844,-0.469633,0.005561,0.468890,-0.880642,0.067912,-0.026997,0.062563,0.997676,0,0.71545,0.32323,42.927,0.646,-1,375.000,-1,375.000,-1,300.000,300.000,325.000,325.000,-1,-1,-1,-1,675.000,675.000,-1,-1,2,0,2,0,2,0,0,0,0,2,2,2,2,0,0,2,2
48,-2843.846,11073.939,37.643,152.585,-0.888139,-0.459525,0.006788,0.458906,-0.885954,0.067010,-0.024779,0.062629,0.997729,0,0.71424,0.32779,42.854,0.656,-1,375.000,-1,375.000,-1,300.000,300.000,325.000,325.000,-1,-1,-1,-1,675.000,675.000,-1,-1,2,0,2,0,2,0,0,0,0,2,2,2,2,0,0,2,2
49,-2882.078,11093.209,36.784,153.250,-0.893390,-0.449211,0.008017,0.448717,-0.891230,0.066041,-0.022522,0.062597,0.997785,0,0.71358,0.33254,42.815,0.665,-1,375.000,-1,375.000,-1,300.000,300.000,325.000,325.000,-1,-1,-1,-1,675.000,675.000,-1,-1,2,0,2,0,2,0,0,0,0,2,2,2,2,0,0,2,2
50,-2920.527,11112.024,35.987,153.925,-0.898593,-0.438685,0.009250,0.438316,-0.896467,0.065005,-0.020225,0.062468,0.997842,0,0.71343,0.33746,42.806,0.675,-1,375.000,-1,375.000,-1,300.000,300.000,325.000,325.000,-1,-1,-1,-1,675.000,675.000,-1,-1,2,0,2,0,2,0,0,0,0,2,2,2,2,0,0,2,2
51,-2957.776,11129.902,35.247,154.360,-0.901874,-0.431874,0.010430,0.431613,-0.899785,0.064013,-0.018260,0.062233,0.997895,0,0.68862,0.21746,41.317,0.435,-1,375.000,-1,375.000,-1,300.000,300.000,325.000,325.000,-1,-1,575.000,-1,675.000,675.000,-1,-1,2,0,2,0,2,0,0,0,0,2,2,0,2,0,0,2,2
52,-2995.140,11147.680,34.534,154.555,-0.903315,-0.428820,0.011616,0.428658,-0.901269,0.062983,-0.016539,0.061873,0.997947,0,0.68965,0.09746,41.379,0.195,-1,375.000,-1,375.000,-1,300.000,300.000,325.000,325.000,-1,675.000,525.000,-1,675.000,675.000,-1,-1,2,0,2,0,2,0,0,0,0,2,0,1,2,0,0,2,2
53,-3032.581,11165.530,33.840,154.510,-0.902956,-0.429541,0.012818,0.429469,-0.900958,0.061891,-0.015036,0.061389,0.998001,0,0.69130,-0.02254,41.478,-0.045,-1,375.000,-1,375.000,-1,300.000,300.000,325.000,325.000,-1,500.000,475.000,-1,675.000,675.000,-1,-1,2,0,2,0,2,0,0,0,0,2,0,1,2,0,0,2,2
54,-3070.076,11183.569,33.159,154.309,-0.901420,-0.432718,0.014038,0.432730,-0.899475,0.060734,-0.013654,0.060821,0.998055,0,0.69348,-0.10061,41.609,-0.201,-1,375.000,-1,375.000,-1,300.000,300.000,325.000,325.000,-1,450.000,475.000,-1,675.000,675.000,-1,-1,2,0,2,0,2,0,0,0,0,2,0,0,2,0,0,2,2
55,-3107.649,11201.798,32.494,154.118,-0.899951,-0.435723,0.015279,0.435820,-0.898064,0.059514,-0.012210,0.060218,0.998111,0,0.69603,-0.09530,41.762,-0.191,-1,375.000,-1,375.000,-1,300.000,300.000,325.000,325.000,-1,400.000,450.000,-1,675.000,675.000,-1,-1,2,0,2,0,2,0,0,0,0,2,0,0,2,0,0,2,2
56,-3145.311,11220.218,31.919,153.938,-0.898557,-0.438549,0.016457,0.438721,-0.896711,0.058600,-0.010941,0.059875,0.998146,0,0.69874,-0.08991,41.925,-0.180,-1,375.000,-1,375.000,-1,300.000,300.000,325.000,325.000,-1,400.000,450.000,-1,675.000,675.000,-1,-1,2,0,2,0,2,0,0,0,0,2,0,0,2,0,0,2,2
57,-3183.073,11238.824,31.418,153.769,-0.897239,-0.441194,0.017595,0.441437,-0.895422,0.057909,-0.009794,0.059725,0.998167,0,0.70162,-0.08445,42.097,-0.169,-1,375.000,-1,375.000,-1,300.000,300.000,325.000,325.000,-1,425.000,450.000,-1,675.000,675.000,-1,-1,2,0,2,0,2,0,0,0,0,2,0,0,2,0,0,2,2
58,-3220.946,11257.614,31.066,153.612,-0.895992,-0.443650,0.019300,0.443993,-0.894185,0.057479,-0.008242,0.060070,0.998160,0,0.70464,-0.07891,42.278,-0.158,-1,375.000,-1,375.000,-1,300.000,300.000,325.000,325.000,-1,425.000,450.000,-1,675.000,675.000,-1,-1,2,0,2,0,2,0,0,0,0,2,0,0,2,0,0,2,2
59,-3258.941,11276.586,30.811,153.465,-0.894819,-0.445920,0.021327,0.446383,-0.893013,0.057192,-0.006458,0.060696,0.998135,0,0.70780,-0.07330,42.468,-0.147,-1,375.000,-1,375.000,-1,300.000,300.000,325.000,325.000,-1,425.000,450.000,-1,675.000,675.000,-1,-1,2,0,2,0,2,0,0,0,0,2,0,0,2,0,0,2,2
60,-3297.069,11295.736,30.590,153.330,-0.893724,-0.448009,0.023360,0.448593,-0.891923,0.056901,-0.004657,0.061333,0.998107,0,0.71111,-0.06762,42.667,-0.135,-1,375.000,-1,375.000,-1,300.000,300.000,325.000,325.000,-1,425.000,425.000,-1,675.000,675.000,-1,-1,2,0,2,0,2,0,0,0,0,2,0,0,2,0,0,2,2
61,-3335.339,11315.062,30.403,153.206,-0.892710,-0.449916,0.025400,0.450623,-0.890918,0.056608,-0.002839,0.061980,0.998073,0,0.71455,-0.06186,42.873,-0.124,-1,375.000,-1,375.000,-1,300.000,300.000,325.000,325.000,-1,425.000,425.000,-1,675.000,700.000,-1,-1,2,0,2,0,2,0,0,0,0,2,0,0,2,0,0,2,2
62,-3373.762,11334.559,30.352,153.094,-0.891787,-0.451649,0.027021,0.452455,-0.890020,0.056120,-0.001297,0.062273,0.998058,0,0.71811,-0.05603,43.087,-0.112,-1,375.000,-1,375.000,-1,300.000,300.000,325.000,325.000,-1,425.000,425.000,-1,675.000,700.000,-1,-1,2,0,2,0,2,0,0,0,0,2,0,0,2,0,0,2,2
63,-3416.456,11356.247,30.395,153.070,-0.891553,-0.452013,0.028578,0.452916,-0.889825,0.055481,0.000351,0.062408,0.998051,0,0.79811,-0.01185,47.887,-0.024,-1,375.000,-1,375.000,-1,300.000,300.000,325.000,325.000,-1,425.000,450.000,-1,675.000,700.000,-1,-1,2,0,2,0,2,0,0,0,0,2,0,0,2,0,0,2,2
64,-3460.971,11378.890,30.596,153.039,-0.891244,-0.452512,0.030292,0.453519,-0.889588,0.054348,0.002354,0.062175,0.998062,0,0.83238,-0.01585,49.943,-0.032,-1,375.000,-1,375.000,-1,300.000,300.000,325.000,325.000,-1,450.000,450.000,-1,675.000,700.000,-1,-1,2,0,2,0,2,0,0,0,0,2,0,0,2,0,0,2,2
65,-3505.683,11401.674,30.880,152.998,-0.890859,-0.453149,0.032032,0.454258,-0.889287,0.053086,0.004430,0.061843,0.998076,0,0.83636,-0.02021,50.182,-0.040,-1,375.000,-1,375.000,-1,300.000,300.000,325.000,325.000,-1,450.000,450.000,-1,675.000,725.000,-1,-1,2,0,2,0,2,0,0,0,0,2,0,0,2,0,1,2,2
66,-3550.578,11424.600,31.184,152.949,-0.890397,-0.453924,0.033854,0.455138,-0.888905,0.051933,0.006519,0.061649,0.998077,0,0.84017,-0.02480,50.410,-0.050,-1,375.000,-1,375.000,-1,300.000,300.000,325.000,325.000,-1,450.000,450.000,-1,675.000,-1,-1,-1,2,0,2,0,2,0,0,0,0,2,0,0,2,0,2,2,2
67,-3595.643,11447.671,31.523,152.889,-0.889855,-0.454846,0.035690,0.456163,-0.888442,0.050860,0.008575,0.061538,0.998068,0,0.84379,-0.02961,50.627,-0.059,-1,375.000,-1,375.000,-1,300.000,325.000,325.000,325.000,-1,475.000,450.000,-1,675.000,-1,-1,-1,2,0,2,0,2,0,0,0,0,2,0,0,2,0,2,2,2
68,-3640.861,11470.889,31.903,152.820,-0.889228,-0.455922,0.037521,0.457341,-0.887893,0.049858,0.010584,0.061495,0.998051,0,0.84718,-0.03468,50.831,-0.069,-1,375.000,-1,375.000,-1,300.000,325.000,325.000,325.000,-1,450.000,475.000,-1,700.000,-1,-1,-1,2,0,2,0,2,0,0,0,0,2,0,0,2,0,2,2,2
69,-3686.215,11494.258,32.322,152.740,-0.888513,-0.457161,0.039347,0.458679,-0.887254,0.048929,0.012542,0.061521,0.998027,0,0.85033,-0.04000,51.020,-0.080,-1,375.000,-1,400.000,-1,325.000,325.000,325.000,325.000,-1,450.000,450.000,-1,700.000,-1,-1,-1,2,0,2,0,2,0,0,0,0,2,0,0,2,0,2,2,2
70,-3731.685,11517.778,32.782,152.649,-0.887705,-0.458569,0.041166,0.460187,-0.886520,0.048073,0.014450,0.061619,0.997995,0,0.85321,-0.04560,51.193,-0.091,-1,375.000,-1,400.000,-1,325.000,325.000,325.000,325.000,-1,425.000,450.000,-1,700.000,-1,-1,-1,2,0,2,0,2,0,0,0,0,2,0,0,2,0,2,2,2
71,-3777.250,11541.450,33.331,152.546,-0.886802,-0.460151,0.042930,0.461867,-0.885674,0.047543,0.016145,0.061989,0.997946,0,0.85580,-0.05148,51.348,-0.103,-1,375.000,-1,400.000,-1,325.000,325.000,325.000,325.000,-1,425.000,425.000,-1,700.000,-1,-1,-1,2,0,2,0,2,0,0,0,0,2,0,0,2,0,2,2,2
72,-3822.888,11565.277,34.095,152.431,-0.885814,-0.461900,0.044513,0.463720,-0.884682,0.047980,0.017218,0.063143,0.997856,0,0.85805,-0.05767,51.483,-0.115,-1,375.000,-1,400.000,-1,325.000,325.000,325.000,325.000,-1,450.000,450.000,-1,700.000,-1,-1,-1,2,0,2,0,2,0,0,0,0,2,0,0,2,0,2,2,2
73,-3868.573,11589.259,34.836,152.302,-0.884728,-0.463851,0.045803,0.465758,-0.883590,0.048360,0.018039,0.064118,0.997779,0,0.85994,-0.06417,51.596,-0.128,-1,375.000,-1,400.000,-1,325.000,325.000,325.000,300.000,-1,475.000,450.000,-1,725.000,-1,-1,-1,2,0,2,0,2,0,0,0,0,2,0,0,2,0,2,2,2
74,-3913.996,11612.990,35.694,152.414,-0.885563,-0.462091,0.047438,0.464117,-0.884419,0.048979,0.019322,0.065390,0.997673,0,0.85416,0.05583,51.249,0.112,-1,375.000,-1,400.000,-1,325.000,325.000,325.000,300.000,-1,500.000,475.000,-1,725.000,-1,-1,-1,2,0,2,0,2,0,0,0,0,2,0,0,2,0,2,2,2
75,-3959.598,11636.459,36.597,152.766,-0.888314,-0.456618,0.048975,0.458767,-0.887168,0.049659,0.020774,0.066581,0.997565,0,0.85477,0.17583,51.286,0.352,-1,375.000,-1,400.000,-1,325.000,325.000,325.000,300.000,-1,500.000,475.000,-1,725.000,-1,-1,-1,2,0,2,0,2,0,0,0,0,2,0,0,2,0,2,2,2
76,-4005.417,11659.445,37.567,153.357,-0.892914,-0.447400,0.050380,0.449671,-0.891771,0.050401,0.022378,0.067659,0.997458,0,0.85437,0.29583,51.262,0.592,-1,375.000,-1,400.000,-1,325.000,325.000,325.000,300.000,-1,525.000,500.000,-1,725.000,-1,-1,-1,2,0,2,1,2,0,0,0,1,2,0,0,2,0,2,2,2
77,-4051.480,11681.723,38.751,154.189,-0.899273,-0.434395,0.051081,0.436743,-0.898143,0.050945,0.023747,0.068122,0.997394,0,0.85280,0.41583,51.168,0.832,-1,375.000,-1,825.000,-1,325.000,325.000,325.000,350.000,-1,575.000,525.000,-1,750.000,-1,-1,-1,2,0,2,1,2,0,0,0,1,2,0,0,2,0,2,2,2
78,-4097.743,11703.171,40.057,155.126,-0.906213,-0.419635,0.051804,0.422059,-0.905116,0.051291,0.025365,0.068345,0.997339,0,0.84988,0.46876,50.993,0.938,-1,375.000,-1,850.000,-1,325.000,325.000,325.000,400.000,-1,600.000,550.000,-1,750.000,-1,-1,-1,2,0,2,1,2,0,0,0,1,2,0,0,2,0,2,2,2
79,-4144.116,11723.778,41.472,156.041,-0.912746,-0.405132,0.052559,0.407629,-0.911698,0.051440,0.027077,0.068376,0.997292,0,0.84577,0.45733,50.746,0.915,-1,375.000,-1,800.000,-1,325.000,325.000,325.000,475.000,-1,625.000,575.000,-1,750.000,-1,-1,-1,2,0,2,1,2,0,0,0,1,2,0,0,2,0,2,2,2
80,-4190.524,11743.542,42.933,156.932,-0.918889,-0.390902,0.053274,0.393471,-0.917884,0.051673,0.028700,0.068444,0.997242,0,0.84069,0.44556,50.442,0.891,-1,375.000,-1,750.000,-1,325.000,325.000,325.000,575.000,-1,650.000,600.000,-1,750.000,-1,-1,-1,2,0,2,1,2,0,0,0,1,2,0,0,2,0,2,2,2
81,-4236.892,11762.464,44.434,157.799,-0.924655,-0.376965,0.053950,0.379604,-0.923688,0.051984,0.030237,0.068547,0.997190,0,0.83467,0.43354,50.080,0.867,-1,400.000,-1,725.000,-1,325.000,325.000,325.000,700.000,-1,675.000,625.000,-1,775.000,-1,-1,-1,2,0,2,1,2,0,0,0,1,2,0,0,2,0,2,2,2
82,-4283.146,11780.552,45.972,158.642,-0.930058,-0.363336,0.054585,0.366044,-0.929123,0.052366,0.031689,0.068684,0.997135,0,0.82776,0.42135,49.665,0.843,-1,400.000,-1,675.000,-1,325.000,325.000,325.000,825.000,-1,700.000,650.000,-1,775.000,-1,-1,-1,2,0,2,1,2,0,0,0,1,2,0,0,2,0,2,2,2
83,-4329.220,11797.811,46.626,159.460,-0.935224,-0.349942,0.053815,0.352754,-0.933980,0.056963,0.030329,0.072256,0.996925,0,0.82002,0.40911,49.201,0.818,-1,375.000,-1,650.000,-1,325.000,325.000,325.000,950.000,-1,825.000,750.000,-1,750.000,-1,-1,-1,2,0,2,1,2,0,0,0,1,2,0,0,2,0,2,2,2
84,-4375.058,11814.242,46.403,160.272,-0.940277,-0.336494,0.051484,0.339399,-0.938348,0.065659,0.026216,0.079211,0.996513,0,0.81158,0.40596,48.695,0.812,-1,375.000,-1,575.000,-1,300.000,300.000,325.000,-1,-1,-1,975.000,-1,725.000,1000.000,-1,-1,2,0,2,1,2,0,0,0,2,2,2,0,2,0,1,2,2
85,-4420.608,11829.848,46.380,161.080,-0.945101,-0.323059,0.049158,0.325998,-0.942504,0.073561,0.022568,0.085548,0.996078,0,0.80250,0.40398,48.150,0.808,-1,375.000,-1,525.000,-1,300.000,300.000,325.000,-1,-1,-1,-1,-1,700.000,925.000,-1,-1,2,0,2,1,2,0,0,0,2,2,2,2,2,0,1,2,2
86,-4466.604,11844.675,46.669,162.128,-0.950984,-0.305635,0.047091,0.308578,-0.947843,0.079834,0.020235,0.090452,0.995695,0,0.80547,0.52398,48.328,1.048,-1,350.000,-1,475.000,-1,300.000,275.000,350.000,-1,-1,-1,-1,-1,700.000,850.000,-1,-1,2,0,2,1,2,0,0,0,2,2,2,2,2,0,1,2,2
87,-4512.305,11858.281,47.392,163.416,-0.957710,-0.284159,0.045235,0.287100,-0.954157,0.084600,0.019121,0.094009,0.995388,0,0.79474,0.64398,47.685,1.288,-1,350.000,-1,450.000,-1,275.000,275.000,350.000,-1,-1,-1,-1,-1,675.000,775.000,-1,-1,2,0,2,1,2,0,0,0,2,2,2,2,2,0,1,2,2
88,-4557.681,11870.484,48.533,164.944,-0.965024,-0.258568,0.043263,0.261479,-0.961220,0.087665,0.018918,0.095912,0.995210,0,0.78316,0.76398,46.990,1.528,-1,350.000,-1,400.000,-1,275.000,275.000,350.000,-1,-1,-1,-1,-1,675.000,725.000,-1,975.000,2,0,2,1,2,0,0,0,2,2,2,2,2,0,1,2,0
89,-4602.665,11881.255,49.933,166.534,-0.971885,-0.231789,0.041384,0.234656,-0.967975,0.089230,0.019376,0.096432,0.995151,0,0.77096,0.79490,46.257,1.590,-1,350.000,-1,375.000,-1,275.000,275.000,350.000,-1,-1,-1,-1,-1,675.000,675.000,-1,900.000,2,0,2,1,2,0,0,0,2,2,2,2,2,0,1,2,0
90,-4652.641,11891.701,51.822,168.195,-0.978251,-0.203637,0.039470,0.206446,-0.974320,0.089895,0.020150,0.096088,0.995169,0,0.85096,0.83062,51.057,1.661,-1,350.000,-1,350.000,950.000,275.000,275.000,350.000,-1,-1,-1,-1,-1,675.000,625.000,-1,850.000,2,0,2,1,1,0,0,0,2,2,2,2,2,0,1,2,0
91,-4703.261,11900.791,54.719,169.824,-0.983624,-0.175915,0.039223,0.178738,-0.980063,0.086769,0.023177,0.092359,0.995456,0,0.85719,0.81463,51.431,1.629,-1,350.000,-1,350.000,875.000,275.000,275.000,350.000,-1,-1,-1,-1,-1,700.000,600.000,-1,-1,2,0,2,1,1,0,0,0,2,2,2,2,2,0,1,2,2
92,-4753.490,11908.373,57.852,171.420,-0.988102,-0.148605,0.039639,0.151461,-0.984980,0.082913,0.026723,0.087931,0.995768,0,0.84665,0.79815,50.799,1.596,-1,350.000,-1,350.000,950.000,275.000,275.000,325.000,-1,-1,-1,-1,-1,750.000,575.000,-1,-1,2,0,2,1,0,0,0,0,2,2,2,2,2,0,1,2,2
93,-4803.204,11914.492,61.152,172.988,-0.991741,-0.121653,0.040617,0.124547,-0.989095,0.078610,0.030611,0.083019,0.996078,0,0.83484,0.78387,50.091,1.568,-1,350.000,-1,350.000,-1,300.000,275.000,325.000,-1,-1,-1,-1,-1,775.000,600.000,-1,-1,2,0,2,1,2,0,0,0,2,2,2,2,2,0,0,2,2
94,-4852.299,11919.180,64.568,174.551,-0.994620,-0.094665,0.042057,0.097591,-0.992467,0.074064,0.034729,0.077770,0.996366,0,0.82199,0.78162,49.319,1.563,-1,375.000,-1,350.000,-1,300.000,275.000,325.000,-1,-1,-1,-1,-1,825.000,650.000,-1,-1,2,0,2,1,2,0,0,0,2,2,2,2,2,0,0,2,2
95,-4900.686,11922.467,66.551,176.112,-0.996533,-0.067609,0.048496,0.071114,-0.994674,0.074605,0.043194,0.077795,0.996033,0,0.80831,0.78004,48.499,1.560,-1,375.000,-1,350.000,-1,300.000,300.000,325.000,-1,-1,-1,-1,-1,900.000,675.000,-1,-1,2,0,2,1,2,0,0,0,2,2,2,2,2,0,0,2,2
96,-4949.512,11924.656,68.623,177.432,-0.997529,-0.044676,0.054216,0.048709,-0.995955,0.075507,0.050623,0.077962,0.995670,0,0.81458,0.66004,48.875,1.320,-1,400.000,-1,350.000,-1,300.000,300.000,325.000,-1,-1,-1,-1,-1,1000.000,725.000,-1,-1,2,0,2,1,2,0,0,0,2,2,2,2,2,0,0,2,2
97,-4996.453,11925.875,70.869,178.512,-0.997955,-0.025895,0.058435,0.030305,-0.996656,0.075890,0.056275,0.077506,0.995402,0,0.78262,0.54004,46.957,1.080,-1,425.000,-1,375.000,-1,325.000,300.000,350.000,-1,-1,850.000,550.000,-1,-1,775.000,-1,-1,2,0,2,0,2,0,0,0,2,2,0,0,2,2,0,2,2
98,-5041.641,11926.372,73.224,179.370,-0.998051,-0.010957,0.061429,0.015613,-0.996998,0.075830,0.060414,0.076642,0.995227,0,0.75318,0.42932,45.191,0.859,-1,425.000,-1,375.000,-1,325.000,325.000,350.000,975.000,-1,575.000,125.000,-1,1000.000,800.000,-1,-1,2,0,2,0,2,0,0,0,1,2,0,0,2,1,0,2,2
99,-5085.237,11926.195,75.564,180.233,-0.997948,0.004054,0.063897,0.000798,-0.997129,0.075721,0.064020,0.075617,0.995080,0,0.72661,0.43130,43.596,0.863,-1,450.000,-1,400.000,-1,350.000,325.000,350.000,875.000,-1,325.000,0.000,-1,1000.000,825.000,-1,-1,2,0,2,0,2,0,0,0,1,2,0,0,2,1,0,2,2
100,-5127.325,11925.386,77.866,181.102,-0.997647,0.019175,0.065821,-0.014172,-0.997035,0.075638,0.067076,0.074527,0.994961,0,0.70160,0.43441,42.096,0.869,-1,475.000,-1,400.000,-1,350.000,325.000,350.000,775.000,-1,100.000,0.000,-1,975.000,-1,-1,-1,2,0,2,0,2,0,0,0,1,2,0,0,2,1,2,2,2
101,-5168.003,11923.981,80.108,181.979,-0.997146,0.034436,0.067184,-0.029325,-0.996704,0.075641,0.069567,0.073455,0.994869,0,0.67837,0.43852,40.702,0.877,-1,475.000,-1,425.000,-1,350.000,350.000,350.000,700.000,-1,0.000,0.000,-1,975.000,-1,-1,-1,2,0,2,0,2,0,0,0,1,2,0,0,2,1,2,2,2
102,-5207.376,11922.011,82.275,182.866,-0.996441,0.049865,0.067960,-0.044681,-0.996123,0.075778,0.071476,0.072472,0.994806,0,0.65706,0.44349,39.423,0.887,-1,475.000,-1,425.000,-1,375.000,350.000,350.000,575.000,-1,0.000,0.000,-1,950.000,-1,-1,-1,2,0,2,0,2,0,0,0,1,2,0,0,2,1,2,2,2
103,-5245.554,11919.500,84.432,183.764,-0.995589,0.065483,0.067185,-0.060353,-0.995299,0.075742,0.071829,0.071353,0.994861,0,0.63769,0.44922,38.261,0.898,-1,500.000,-1,425.000,-1,375.000,350.000,350.000,475.000,-1,0.000,0.000,-1,925.000,-1,-1,-1,2,0,2,0,2,0,0,0,1,2,0,0,2,1,2,2,2
104,-5282.645,11916.468,86.217,184.675,-0.994603,0.081311,0.064449,-0.076395,-0.994223,0.075393,0.070207,0.070062,0.995069,0,0.62025,0.45562,37.215,0.911,-1,500.000,-1,425.000,-1,375.000,350.000,350.000,425.000,-1,0.000,0.000,-1,925.000,-1,-1,-1,2,0,2,0,2,0,0,0,1,2,0,0,2,1,2,2,2
105,-5318.752,11912.930,87.780,185.601,-0.993375,0.097372,0.061024,-0.092810,-0.992961,0.073590,0.067760,0.067439,0.995420,0,0.60469,0.46259,36.281,0.925,-1,500.000,-1,425.000,-1,375.000,350.000,350.000,375.000,-1,50.000,0.000,-1,900.000,-1,-1,-1,2,0,2,0,2,0,0,0,1,2,0,0,2,1,2,2,2
106,-5353.976,11908.895,89.394,186.541,-0.991852,0.113672,0.057513,-0.109477,-0.991416,0.071483,0.065145,0.064605,0.995782,0,0.59093,0.47008,35.456,0.940,-1,475.000,-1,425.000,-1,375.000,350.000,350.000,325.000,-1,125.000,0.000,-1,875.000,-1,-1,-1,2,0,2,0,2,0,0,0,1,2,0,0,2,1,2,2,2
107,-5388.411,11904.367,91.050,187.497,-0.990016,0.130224,0.053949,-0.126399,-0.989569,0.069107,0.062386,0.061598,0.996149,0,0.57887,0.47803,34.732,0.956,-1,475.000,-1,425.000,-1,375.000,350.000,350.000,300.000,-1,-1,25.000,-1,850.000,-1,-1,-1,2,0,2,0,2,0,0,0,1,2,2,0,2,1,2,2,2
108,-5422.144,11899.347,92.739,188.470,-0.987849,0.147033,0.050365,-0.143576,-0.987403,0.066495,0.059508,0.058455,0.996515,0,0.56843,0.48638,34.106,0.973,-1,475.000,-1,425.000,-1,350.000,350.000,350.000,275.000,-1,-1,-1,-1,825.000,-1,-1,-1,2,0,2,0,2,0,0,0,1,2,2,2,2,1,2,2,2
109,-5460.549,11893.129,94.835,189.202,-0.986092,0.159684,0.046081,-0.156689,-0.985662,0.062610,0.055418,0.054519,0.996974,0,0.64843,0.36638,38.906,0.733,-1,475.000,-1,425.000,-1,350.000,350.000,350.000,250.000,-1,-1,-1,-1,775.000,975.000,-1,-1,2,0,2,0,2,0,0,0,0,2,2,2,2,1,1,2,2
110,-5500.969,11886.227,97.100,189.695,-0.984878,0.168192,0.041562,-0.165670,-0.984468,0.058102,0.050689,0.050337,0.997445,0,0.68344,0.24638,41.006,0.493,-1,450.000,-1,425.000,-1,350.000,350.000,325.000,275.000,-1,-1,-1,-1,750.000,925.000,-1,-1,2,0,2,0,2,0,0,0,0,2,2,2,2,1,1,2,2
111,-5541.096,11879.127,99.321,190.039,-0.984020,0.174131,0.037193,-0.172036,-0.983630,0.053618,0.045921,0.046363,0.997869,0,0.67918,0.17194,40.751,0.344,-1,450.000,-1,400.000,-1,350.000,350.000,325.000,275.000,-1,-1,-1,-1,700.000,875.000,-1,-1,2,0,2,1,2,0,0,0,0,2,2,2,2,1,1,2,2
112,-5581.044,11871.793,101.447,190.407,-0.983026,0.180470,0.033037,-0.178740,-0.982654,0.049427,0.041384,0.042683,0.998231,0,0.67693,0.18385,40.616,0.368,-1,450.000,-1,400.000,-1,350.000,350.000,325.000,275.000,-1,-1,-1,-1,650.000,825.000,-1,-1,2,1,2,1,2,0,0,0,0,2,2,2,2,1,1,2,2
113,-5620.873,11864.199,103.479,190.799,-0.981887,0.187219,0.029093,-0.185802,-0.981532,0.045531,0.037080,0.039301,0.998539,0,0.67578,0.19612,40.547,0.392,-1,425.000,-1,400.000,-1,350.000,325.000,325.000,275.000,-1,-1,-1,-1,625.000,775.000,-1,-1,2,1,2,1,2,1,1,0,0,2,2,2,2,1,1,2,2
114,-5660.639,11856.315,105.417,191.216,-0.980597,0.194389,0.025358,-0.193236,-0.980255,0.041939,0.033010,0.036226,0.998798,0,0.67568,0.20875,40.541,0.418,-1,400.000,-1,400.000,-1,325.000,325.000,325.000,300.000,-1,-1,-1,-1,575.000,750.000,-1,-1,2,1,2,1,2,1,1,0,0,2,2,2,2,1,1,2,2
115,-5700.394,11848.113,107.259,191.660,-0.979144,0.201989,0.021833,-0.201059,-0.978816,0.038666,0.029180,0.033470,0.999014,0,0.67655,0.22173,40.593,0.443,-1,375.000,-1,375.000,-1,325.000,300.000,325.000,300.000,-1,-1,-1,-1,550.000,700.000,-1,-1,2,1,2,1,2,1,1,0,0,2,2,2,2,1,1,2,2
116,-5740.186,11839.562,109.000,192.130,-0.977519,0.210030,0.018520,-0.209285,-0.977202,0.035730,0.025602,0.031051,0.999190,0,0.67834,0.23506,40.700,0.470,-1,350.000,-1,375.000,-1,300.000,300.000,325.000,300.000,-1,-1,-1,-1,525.000,650.000,-1,-1,2,1,2,1,2,1,1,0,0,2,2,2,2,1,1,2,2
117,-5784.549,11829.452,110.814,192.840,-0.974898,0.222141,0.015102,-0.221562,-0.974592,0.032883,0.022023,0.028711,0.999345,0,0.75834,0.35506,45.500,0.710,-1,325.000,-1,350.000,-1,275.000,300.000,325.000,300.000,-1,-1,-1,-1,475.000,600.000,-1,-1,2,1,2,1,2,1,1,0,0,2,2,2,2,1,1,2,2
118,-5833.421,11817.552,112.598,193.685,-0.971560,0.236502,0.011737,-0.236061,-0.971261,0.030465,0.018605,0.026828,0.999467,0,0.83834,0.42251,50.300,0.845,-1,300.000,750.000,325.000,-1,275.000,275.000,325.000,300.000,-1,-1,-1,-1,450.000,550.000,-1,-1,2,1,1,1,2,1,1,0,0,2,2,2,2,1,1,2,2
119,-5886.754,11803.710,113.938,194.550,-0.967901,0.251145,0.009699,-0.250790,-0.967626,0.028346,0.016504,0.025004,0.999551,0,0.91834,0.43237,55.100,0.865,-1,275.000,675.000,325.000,-1,250.000,250.000,325.000,300.000,-1,-1,-1,-1,425.000,525.000,-1,-1,2,1,1,1,2,1,1,0,0,2,2,2,2,1,1,2,2
120,-5941.077,11788.711,115.724,195.437,-0.963897,0.266112,0.009318,-0.265818,-0.963703,0.024850,0.015592,0.021476,0.999648,0,0.93926,0.44338,56.356,0.887,-1,250.000,600.000,300.000,-1,225.000,250.000,350.000,300.000,-1,-1,-1,-1,400.000,475.000,-1,-1,2,1,1,1,2,1,1,0,0,2,2,2,2,1,1,2,2
121,-5995.868,11772.643,117.464,196.346,-0.959516,0.281404,0.011870,-0.281150,-0.959468,0.019372,0.016840,0.015251,0.999742,0,0.95163,0.45464,57.098,0.909,-1,225.000,525.000,275.000,-1,200.000,225.000,325.000,325.000,-1,-1,-1,-1,375.000,425.000,-1,-1,2,1,1,1,2,1,1,0,0,2,2,2,2,1,1,2,2
122,-6051.146,11755.448,122.119,197.278,-0.954642,0.296957,0.021795,-0.296389,-0.954717,0.025880,0.028493,0.018246,0.999427,0,0.96484,0.46595,57.890,0.932,-1,225.000,525.000,275.000,-1,200.000,225.000,350.000,325.000,-1,-1,-1,-1,425.000,425.000,-1,-1,2,1,1,1,2,1,1,0,1,2,2,2,2,1,1,2,2
123,-6106.928,11737.072,126.912,198.232,-0.949255,0.312817,0.032577,-0.311894,-0.949628,0.030492,0.040474,0.018784,0.999004,0,0.97883,0.47727,58.730,0.955,-1,250.000,475.000,275.000,-1,200.000,200.000,375.000,425.000,-1,-1,-1,-1,550.000,400.000,-1,-1,2,1,1,1,2,1,1,0,1,2,2,2,2,1,1,2,2
124,-6163.223,11717.458,131.851,199.209,-0.943293,0.328976,0.044417,-0.327733,-0.944192,0.033070,0.052818,0.016638,0.998466,0,0.99354,0.48850,59.613,0.977,-1,250.000,-1,250.000,-1,175.000,200.000,400.000,-1,-1,-1,-1,-1,925.000,400.000,-1,-1,2,1,2,1,2,1,1,0,2,2,2,2,2,1,1,2,2
125,2295.753,-8855.080,37.629,66.233,0.403496,-0.914472,-0.030514,0.914868,0.402698,0.029151,-0.014370,-0.039678,0.999109,1,0.00000,0.00000,60.000,0.999,-1,375.000,650.000,400.000,-1,325.000,325.000,300.000,300.000,-1,-1,-1,-1,575.000,600.000,-1,775.000,2,1,1,0,2,0,0,0,0,2,2,2,2,1,1,2,1
126,2297.705,-8850.695,37.574,65.993,0.407321,-0.912779,-0.030380,0.913173,0.406526,0.029171,-0.014276,-0.039624,0.999113,0,0.08000,-0.12000,4.800,-0.240,-1,375.000,650.000,400.000,-1,325.000,325.000,300.000,300.000,-1,-1,-1,-1,575.000,600.000,-1,775.000,2,1,1,0,2,0,0,0,0,2,2,2,2,1,1,2,1
127,2301.651,-8841.944,37.462,65.730,0.411505,-0.910909,-0.030138,0.911296,0.410714,0.029197,-0.014218,-0.039480,0.999119,0,0.16000,-0.13151,9.600,-0.263,-1,375.000,650.000,400.000,-1,325.000,325.000,300.000,300.000,-1,-1,-1,-1,550.000,600.000,-1,775.000,2,1,1,0,2,0,0,0,0,2,2,2,2,1,1,2,1
128,2307.631,-8828.844,37.295,65.468,0.415669,-0.909028,-0.029796,0.909405,0.414884,0.029226,-0.014205,-0.039245,0.999129,0,0.24000,-0.13114,14.400,-0.262,-1,375.000,625.000,400.000,-1,325.000,325.000,300.000,300.000,-1,-1,-1,-1,550.000,575.000,-1,750.000,2,1,1,0,2,0,0,0,0,2,2,2,2,1,1,2,1
129,2315.682,-8811.413,37.071,65.206,0.419813,-0.907136,-0.029360,0.907499,0.419035,0.029252,-0.014233,-0.038925,0.999141,0,0.32000,-0.13079,19.200,-0.262,-1,375.000,600.000,400.000,-1,325.000,325.000,300.000,300.000,-1,-1,-1,-1,525.000,575.000,-1,725.000,2,1,1,0,2,0,0,0,0,2,2,2,2,1,1,2,1
130,2325.846,-8789.672,36.787,64.945,0.423938,-0.905232,-0.028840,0.905578,0.423168,0.029271,-0.014292,-0.038526,0.999155,0,0.40000,-0.13045,24.000,-0.261,-1,350.000,575.000,400.000,1000.000,325.000,325.000,300.000,300.000,-1,-1,-1,-1,500.000,550.000,925.000,700.000,2,1,1,0,1,1,0,0,0,2,2,2,2,1,1,1,1
131,2338.161,-8763.637,36.441,64.685,0.428043,-0.903317,-0.028249,0.903644,0.427283,0.029273,-0.014373,-0.038057,0.999172,0,0.48000,-0.13012,28.800,-0.260,-1,350.000,550.000,400.000,950.000,325.000,325.000,300.000,300.000,-1,-1,-1,-1,475.000,525.000,850.000,675.000,2,1,1,0,1,1,0,0,0,2,2,2,2,1,1,1,1
132,2352.666,-8733.329,36.028,64.426,0.432128,-0.901390,-0.027601,0.901696,0.431379,0.029251,-0.014460,-0.037528,0.999191,0,0.56000,-0.12978,33.600,-0.260,-1,325.000,525.000,400.000,900.000,300.000,325.000,300.000,300.000,-1,-1,-1,-1,450.000,500.000,775.000,650.000,2,1,1,0,1,1,0,0,0,2,2,2,2,1,1,1,1
133,2369.399,-8698.767,35.543,64.167,0.436191,-0.899451,-0.026914,0.899736,0.435456,0.029194,-0.014539,-0.036950,0.999211,0,0.64000,-0.12942,38.400,-0.259,-1,325.000,475.000,375.000,850.000,275.000,325.000,300.000,300.000,-1,-1,-1,-1,425.000,450.000,675.000,600.000,2,1,1,1,1,1,1,0,0,2,2,2,2,1,1,1,1
134,2388.399,-8659.969,34.934,63.909,0.440232,-0.897495,-0.026428,0.897768,0.439510,0.029042,-0.014450,-0.036511,0.999229,0,0.72000,-0.12904,43.200,-0.258,-1,300.000,450.000,350.000,775.000,250.000,300.000,300.000,300.000,-1,-1,-1,-1,375.000,425.000,600.000,550.000,2,1,1,1,1,1,1,0,0,2,2,2,2,1,1,1,1
135,2409.703,-8616.956,34.219,63.651,0.444248,-0.895526,-0.026032,0.895790,0.443541,0.028830,-0.014272,-0.036127,0.999245,0,0.80000,-0.12861,48.000,-0.257,-1,275.000,400.000,325.000,700.000,225.000,250.000,300.000,300.000,-1,-1,-1,-1,350.000,375.000,500.000,500.000,2,1,1,1,1,1,1,0,0,2,2,2,2,1,1,1,1
136,2433.350,-8569.747,34.030,63.395,0.448161,-0.893624,-0.024251,0.893871,0.447588,0.025670,-0.012085,-0.033182,0.999376,0,0.88000,-0.12813,52.800,-0.256,-1,225.000,350.000,275.000,625.000,200.000,225.000,300.000,300.000,-1,-1,-1,-1,300.000,325.000,425.000,450.000,2,1,1,1,1,1,1,0,0,2,2,2,2,1,1,1,1
137,2457.944,-8521.193,34.717,63.140,0.451964,-0.891801,-0.020483,0.892010,0.451654,0.018098,-0.006888,-0.026451,0.999626,0,0.90713,-0.12759,54.428,-0.255,-1,200.000,300.000,225.000,525.000,175.000,200.000,325.000,300.000,-1,-1,-1,-1,250.000,275.000,375.000,375.000,2,1,1,1,1,1,1,0,0,2,2,2,2,1,1,1,1
138,2482.948,-8472.366,36.274,62.886,0.455743,-0.889988,-0.014840,0.890111,0.455702,0.006188,0.001256,-0.016029,0.999871,0,0.91428,-0.12695,54.857,-0.254,-1,175.000,250.000,200.000,450.000,150.000,175.000,350.000,300.000,-1,-1,-1,-1,225.000,225.000,325.000,325.000,2,1,1,1,1,1,1,0,0,2,2,2,2,1,1,1,1
139,2508.365,-8423.265,38.813,62.634,0.459621,-0.888084,-0.007476,0.888031,0.459677,-0.009856,0.012190,-0.002109,0.999923,0,0.92148,-0.12621,55.289,-0.252,-1,150.000,200.000,175.000,375.000,150.000,150.000,400.000,275.000,-1,750.000,325.000,-1,200.000,200.000,275.000,275.000,2,1,1,1,1,1,1,0,0,2,0,0,2,1,1,1,1
140,2534.194,-8373.889,42.318,62.383,0.463763,-0.885958,0.001711,0.885574,0.463504,-0.030393,0.026134,0.015610,0.999537,0,0.92873,-0.12537,55.724,-0.251,-1,125.000,175.000,125.000,275.000,125.000,125.000,450.000,275.000,-1,375.000,200.000,825.000,150.000,150.000,250.000,200.000,2,1,1,1,1,1,1,0,0,2,0,0,0,1,1,1,1
141,5575.425,4263.559,135.572,-71.601,0.315287,0.948848,-0.016789,-0.948585,0.315622,0.023858,0.027936,0.008404,0.999574,1,0.00000,0.00000,56.162,-0.249,-1,375.000,-1,400.000,-1,300.000,325.000,300.000,325.000,-1,725.000,550.000,-1,700.000,775.000,-1,-1,2,0,2,0,2,0,0,0,0,2,0,0,2,0,0,2,2
142,5576.959,4259.010,135.705,-71.361,0.319255,0.947518,-0.016941,-0.947252,0.319593,0.023946,0.028103,0.008403,0.999570,0,0.08000,0.12000,4.800,0.240,-1,375.000,-1,400.000,-1,300.000,325.000,300.000,325.000,-1,700.000,550.000,-1,700.000,775.000,-1,-1,2,0,2,0,2,0,0,0,0,2,0,0,2,0,0,2,2
143,5580.102,4249.940,135.973,-70.888,0.327063,0.944845,-0.017246,-0.944575,0.327409,0.024122,0.028439,0.008401,0.999560,0,0.16000,0.23665,9.600,0.473,-1,375.000,-1,400.000,-1,300.000,325.000,300.000,325.000,-1,700.000,550.000,-1,700.000,775.000,-1,-1,2,0,2,0,2,0,0,0,0,2,0,0,2,0,0,2,2
144,5584.930,4236.373,136.378,-70.414,0.334843,0.942107,-0.017707,-0.941831,0.335203,0.024373,0.028898,0.008516,0.999546,0,0.24000,0.23665,14.400,0.473,-1,375.000,-1,400.000,-1,300.000,325.000,300.000,325.000,-1,675.000,525.000,-1,700.000,775.000,-1,-1,2,0,2,0,2,0,0,0,0,2,0,0,2,0,0,2,2
145,5591.515,4218.337,136.925,-69.941,0.342595,0.939305,-0.018318,-0.939020,0.342973,0.024700,0.029484,0.008739,0.999527,0,0.32000,0.23665,19.200,0.473,-1,375.000,-1,400.000,-1,300.000,325.000,300.000,325.000,-1,675.000,525.000,-1,700.000,775.000,-1,-1,2,0,2,0,2,0,0,0,0,2,0,0,2,0,0,2,2
146,5599.933,4195.862,137.621,-69.468,0.350318,0.936437,-0.019074,-0.936144,0.350720,0.025106,0.030199,0.009061,0.999503,0,0.40000,0.23665,24.000,0.473,-1,375.000,-1,400.000,-1,300.000,325.000,325.000,325.000,-1,650.000,525.000,-1,700.000,775.000,-1,-1,2,0,2,0,2,0,0,0,0,2,0,0,2,0,0,2,2
147,5610.256,4168.976,138.474,-68.994,0.358011,0.933504,-0.019965,-0.933201,0.358442,0.025592,0.031046,0.009469,0.999473,0,0.48000,0.23665,28.800,0.473,-1,375.000,-1,400.000,-1,300.000,325.000,325.000,325.000,-1,650.000,500.000,-1,725.000,775.000,-1,-1,2,0,2,0,2,0,0,0,0,2,0,0,2,0,0,2,2
148,5622.559,4137.709,139.495,-68.521,0.365673,0.930507,-0.020980,-0.930192,0.366139,0.026162,0.032026,0.009949,0.999438,0,0.56000,0.23665,33.600,0.473,-1,375.000,-1,400.000,-1,300.000,325.000,325.000,325.000,-1,650.000,500.000,-1,725.000,775.000,-1,-1,2,0,2,0,2,0,0,0,0,2,0,0,2,0,0,2,2
149,5636.915,4102.093,140.695,-68.048,0.373304,0.927446,-0.022108,-0.927117,0.373811,0.026821,0.033139,0.010484,0.999396,0,0.64000,0.23665,38.400,0.473,-1,375.000,-1,400.000,-1,325.000,325.000,325.000,325.000,-1,625.000,500.000,-1,725.000,800.000,-1,-1,2,0,2,0,2,0,0,0,0,2,0,0,2,0,0,2,2
150,5653.395,4062.160,142.088,-67.575,0.380904,0.924320,-0.023332,-0.923975,0.381457,0.027573,0.034386,0.011055,0.999347,0,0.72000,0.23665,43.200,0.473,-1,375.000,-1,400.000,-1,325.000,325.000,325.000,325.000,-1,625.000,500.000,-1,750.000,800.000,-1,-1,2,0,2,0,2,0,0,0,0,2,0,0,2,0,0,2,2
151,5672.072,4017.943,143.760,-67.101,0.388484,0.921134,-0.024320,-0.920769,0.389078,0.028336,0.035564,0.011385,0.999303,0,0.80000,0.23665,48.000,0.473,-1,375.000,-1,400.000,-1,325.000,325.000,325.000,325.000,-1,625.000,525.000,-1,750.000,800.000,-1,-1,2,0,2,0,2,0,0,0,0,2,0,0,2,0,0,2,2
152,5693.018,3969.475,145.528,-66.628,0.396027,0.917880,-0.025662,-0.917513,0.396670,0.028665,0.036490,0.012193,0.999260,0,0.88000,0.23665,52.800,0.473,-1,375.000,-1,400.000,-1,325.000,325.000,325.000,325.000,-1,650.000,525.000,-1,775.000,825.000,-1,-1,2,0,2,0,2,0,0,0,0,2,0,0,2,0,0,2,2
153,5714.417,3921.062,147.303,-66.155,0.403539,0.914561,-0.027098,-0.914203,0.404234,0.028781,0.037276,0.013159,0.999218,0,0.88220,0.23665,52.932,0.473,-1,400.000,-1,400.000,-1,325.000,325.000,325.000,325.000,-1,650.000,550.000,-1,775.000,825.000,-1,-1,2,0,2,0,2,0,0,0,0,2,0,0,2,0,0,2,2
154,5736.215,3872.827,149.125,-65.681,0.411023,0.911179,-0.028523,-0.910831,0.411770,0.028868,0.038049,0.014114,0.999176,0,0.88220,0.23665,52.932,0.473,-1,400.000,-1,400.000,-1,325.000,325.000,325.000,325.000,-1,675.000,575.000,-1,775.000,825.000,-1,-1,2,0,2,0,2,0,0,0,0,2,0,0,2,0,0,2,2
155,5758.411,3824.774,151.029,-65.208,0.418476,0.907732,-0.030014,-0.907403,0.419276,0.028772,0.038701,0.015194,0.999135,0,0.88220,0.23665,52.932,0.473,-1,400.000,-1,400.000,-1,325.000,325.000,325.000,325.000,-1,700.000,575.000,-1,800.000,850.000,-1,-1,2,0,2,0,2,0,0,0,0,2,0,0,2,0,0,2,2
156,5781.003,3776.905,152.950,-64.735,0.425911,0.904224,-0.031286,-0.903918,0.426754,0.028520,0.039140,0.016134,0.999103,0,0.88220,0.23665,52.932,0.473,-1,400.000,-1,400.000,-1,325.000,325.000,325.000,325.000,-1,725.000,625.000,-1,800.000,850.000,-1,-1,2,0,2,0,2,0,0,0,0,2,0,0,2,0,0,2,2
157,5803.989,3729.225,154.747,-64.261,0.433361,0.900665,-0.031637,-0.900377,0.434207,0.028013,0.038967,0.016345,0.999107,0,0.88220,0.23665,52.932,0.473,-1,400.000,-1,400.000,-1,325.000,325.000,325.000,300.000,-1,775.000,650.000,-1,800.000,850.000,-1,-1,2,0,2,0,2,0,0,0,0,2,0,0,2,0,0,2,2
158,5827.369,3681.737,156.590,-63.788,0.440785,0.897045,-0.031927,-0.896776,0.441631,0.027463,0.038736,0.016526,0.999113,0,0.88220,0.23665,52.932,0.473,-1,400.000,-1,400.000,-1,325.000,325.000,325.000,300.000,-1,825.000,725.000,-1,800.000,850.000,-1,-1,2,0,2,0,2,0,0,0,0,2,0,0,2,0,0,2,2
159,5851.140,3634.443,158.442,-63.315,0.448191,0.893366,-0.031965,-0.893116,0.449026,0.026831,0.038323,0.016523,0.999129,0,0.88220,0.23665,52.932,0.473,-1,400.000,-1,400.000,-1,325.000,325.000,325.000,300.000,-1,875.000,775.000,-1,825.000,875.000,-1,-1,2,0,2,0,2,0,0,0,0,2,0,0,2,0,0,2,2
160,5875.301,3587.347,160.246,-62.842,0.455593,0.889632,-0.031449,-0.889396,0.456394,0.026061,0.037538,0.016098,0.999166,0,0.88220,0.23665,52.932,0.473,-1,400.000,-1,400.000,-1,325.000,325.000,325.000,300.000,-1,975.000,850.000,-1,825.000,875.000,-1,-1,2,0,2,0,2,0,0,0,0,2,0,0,2,0,0,2,2
161,5899.850,3540.452,162.103,-62.368,0.462965,0.885838,-0.030886,-0.885616,0.463730,0.025265,0.036703,0.015656,0.999204,0,0.88220,0.23665,52.932,0.473,-1,400.000,-1,400.000,-1,325.000,325.000,325.000,300.000,-1,-1,950.000,-1,825.000,875.000,-1,-1,2,0,2,0,2,0,0,0,0,2,2,0,2,0,0,2,2
162,5924.785,3493.762,164.011,-61.895,0.470307,0.881984,-0.030272,-0.881776,0.471035,0.024441,0.035816,0.015199,0.999243,0,0.88220,0.23665,52.932,0.473,-1,400.000,-1,400.000,-1,325.000,325.000,325.000,300.000,-1,-1,-1,-1,825.000,875.000,-1,-1,2,0,2,0,2,0,0,0,0,2,2,2,2,0,0,2,2
163,5950.105,3447.279,165.961,-61.422,0.477615,0.878068,-0.029665,-0.877875,0.478308,0.023600,0.034911,0.014770,0.999281,0,0.88220,0.23665,52.932,0.473,-1,400.000,-1,400.000,-1,325.000,325.000,325.000,325.000,-1,-1,-1,-1,825.000,875.000,-1,-1,2,0,2,0,2,0,0,0,0,2,2,2,2,0,0,2,2
164,5975.809,3401.007,167.804,-60.948,0.484861,0.874085,-0.029747,-0.873914,0.485544,0.022856,0.034421,0.014914,0.999296,0,0.88220,0.23665,52.932,0.473,-1,400.000,-1,400.000,-1,325.000,325.000,300.000,325.000,-1,-1,-1,-1,850.000,875.000,-1,-1,2,0,2,0,2,0,0,0,0,2,2,2,2,0,0,2,2
165,6001.894,3354.949,169.675,-60.475,0.492071,0.870041,-0.029894,-0.869893,0.492746,0.022083,0.033943,0.015138,0.999309,0,0.88220,0.23665,52.932,0.473,-1,400.000,-1,425.000,-1,325.000,325.000,300.000,325.000,-1,-1,-1,-1,850.000,900.000,-1,-1,2,0,2,0,2,0,0,0,0,2,2,2,2,0,0,2,2
166,6028.358,3309.108,171.314,-60.002,0.499243,0.865924,-0.030535,-0.865847,0.499906,0.020074,0.032647,0.016417,0.999332,0,0.88220,0.23665,52.932,0.473,-1,400.000,-1,425.000,-1,325.000,325.000,325.000,300.000,-1,-1,-1,-1,850.000,875.000,-1,-1,2,0,2,0,2,0,0,0,0,2,2,2,2,0,0,2,2
167,6055.201,3263.488,172.968,-59.528,0.506382,0.861744,-0.031219,-0.861742,0.507030,0.017915,0.031267,0.017831,0.999352,0,0.88220,0.23665,52.932,0.473,-1,400.000,-1,425.000,-1,325.000,325.000,325.000,300.000,-1,-1,-1,-1,850.000,875.000,-1,-1,2,0,2,0,2,0,0,0,0,2,2,2,2,0,0,2,2
168,6082.419,3218.090,174.636,-59.055,0.513489,0.857502,-0.031943,-0.857579,0.514116,0.015604,0.029803,0.019381,0.999368,0,0.88220,0.23665,52.932,0.473,-1,400.000,-1,425.000,-1,325.000,325.000,325.000,300.000,-1,-1,-1,-1,850.000,875.000,-1,-1,2,0,2,0,2,0,0,0,0,2,2,2,2,0,0,2,2
169,6107.681,3177.121,176.078,-58.342,0.524134,0.851018,-0.032432,-0.851150,0.524741,0.013778,0.028743,0.020383,0.999379,0,0.80220,0.35665,48.132,0.713,-1,400.000,-1,425.000,-1,325.000,325.000,325.000,300.000,-1,-1,-1,-1,875.000,850.000,-1,-1,2,0,2,0,2,0,0,0,0,2,2,2,2,0,0,2,2
170,6131.035,3140.621,177.272,-57.389,0.538234,0.842164,-0.032629,-0.842325,0.538823,0.012560,0.028159,0.020724,0.999389,0,0.72220,0.47665,43.332,0.953,-1,400.000,-1,425.000,-1,325.000,325.000,325.000,300.000,-1,-1,-1,-1,875.000,850.000,-1,-1,2,0,2,0,2,0,0,0,0,2,2,2,2,0,0,2,2
171,6152.356,3108.526,178.338,-56.403,0.552660,0.832762,-0.032762,-0.832949,0.553233,0.011409,0.027626,0.020984,0.999398,0,0.64220,0.49300,38.532,0.986,-1,400.000,-1,425.000,-1,325.000,325.000,325.000,300.000,-1,-1,-1,-1,875.000,850.000,-1,-1,2,0,2,0,2,0,0,0,0,2,2,2,2,0,0,2,2
172,6171.503,3080.755,179.275,-55.417,0.566924,0.823116,-0.032832,-0.823323,0.567479,0.010348,0.027149,0.021165,0.999407,0,0.56220,0.49300,33.732,0.986,-1,400.000,-1,425.000,-1,325.000,325.000,325.000,300.000,-1,-1,-1,-1,875.000,850.000,-1,-1,2,0,2,0,2,0,0,0,0,2,2,2,2,0,0,2,2
173,6188.332,3057.222,180.065,-54.431,0.581023,0.813228,-0.032754,-0.813450,0.581559,0.009392,0.026687,0.021187,0.999419,0,0.48220,0.49300,28.932,0.986,-1,425.000,-1,425.000,-1,325.000,325.000,325.000,300.000,-1,-1,-1,-1,875.000,850.000,-1,-1,2,0,2,0,2,0,0,0,0,2,2,2,2,0,0,2,2
174,6202.705,3037.837,180.628,-53.445,0.594967,0.803108,-0.032121,-0.803330,0.595473,0.008551,0.025995,0.020716,0.999447,0,0.40220,0.49300,24.132,0.986,-1,400.000,-1,425.000,-1,325.000,325.000,325.000,300.000,-1,-1,-1,-1,875.000,850.000,-1,-1,2,0,2,0,2,0,0,0,0,2,2,2,2,0,0,2,2
175,6214.484,3022.509,181.078,-52.458,0.608728,0.792750,-0.031594,-0.792968,0.609211,0.007939,0.025541,0.020220,0.999469,0,0.32220,0.49300,19.332,0.986,-1,400.000,-1,425.000,-1,325.000,325.000,325.000,300.000,-1,-1,-1,-1,875.000,850.000,-1,-1,2,0,2,0,2,0,0,0,0,2,2,2,2,0,0,2,2
176,6223.536,3011.140,181.422,-51.472,0.622300,0.782156,-0.031203,-0.782370,0.622769,0.007469,0.025275,0.019764,0.999485,0,0.24220,0.49300,14.532,0.986,-1,400.000,-1,425.000,-1,325.000,325.000,325.000,300.000,-1,-1,-1,-1,875.000,850.000,-1,-1,2,0,2,0,2,0,0,0,0,2,2,2,2,0,0,2,2
177,6235.773,2996.175,181.829,-50.726,0.632459,0.773988,-0.030629,-0.774199,0.632904,0.006875,0.024706,0.019365,0.999507,0,0.32220,0.37300,19.332,0.746,-1,400.000,-1,425.000,-1,325.000,325.000,325.000,300.000,-1,-1,-1,-1,875.000,850.000,-1,-1,2,0,2,0,2,0,0,0,0,2,2,2,2,0,0,2,2
178,6251.213,2977.629,182.318,-50.220,0.639304,0.768374,-0.029854,-0.768582,0.639720,0.006245,0.023896,0.018953,0.999535,0,0.40220,0.25300,24.132,0.506,-1,400.000,-1,425.000,-1,325.000,325.000,325.000,300.000,-1,-1,-1,-1,875.000,850.000,-1,-1,2,0,2,0,2,0,0,0,0,2,2,2,2,0,0,2,2
179,6269.828,2955.481,182.893,-49.954,0.642904,0.765402,-0.028884,-0.765606,0.643286,0.005564,0.022840,0.018537,0.999567,0,0.48220,0.13300,28.932,0.266,-1,400.000,-1,400.000,-1,325.000,325.000,325.000,300.000,-1,-1,-1,-1,850.000,825.000,-1,-1,2,0,2,0,2,0,0,0,0,2,2,2,2,0,0,2,2
180,6291.542,2929.668,183.555,-49.928,0.643296,0.765115,-0.027730,-0.765315,0.643638,0.004812,0.021529,0.018127,0.999604,0,0.56220,0.01300,33.732,0.026,-1,400.000,-1,400.000,-1,325.000,325.000,325.000,300.000,-1,-1,-1,-1,850.000,825.000,-1,-1,2,0,2,0,2,0,0,0,0,2,2,2,2,0,0,2,2
181,6316.236,2900.090,184.305,-50.142,0.640482,0.767519,-0.026400,-0.767714,0.640780,0.003955,0.019952,0.017735,0.999644,0,0.64220,-0.10700,38.532,-0.214,-1,400.000,-1,400.000,-1,325.000,325.000,325.000,300.000,-1,-1,-1,-1,850.000,825.000,-1,-1,2,0,2,0,2,0,0,0,0,2,2,2,2,0,0,2,2
182,6343.742,2866.607,185.145,-50.596,0.634432,0.772577,-0.024910,-0.772767,0.634683,0.002954,0.018092,0.017375,0.999685,0,0.72220,-0.22700,43.332,-0.454,-1,400.000,-1,400.000,-1,325.000,325.000,325.000,300.000,-1,-1,-1,-1,850.000,825.000,-1,-1,2,0,2,0,2,0,0,0,0,2,2,2,2,0,0,2,2
183,6373.842,2829.049,185.920,-51.290,0.625063,0.780204,-0.024018,-0.780402,0.625276,0.001759,0.016391,0.017644,0.999710,0,0.80220,-0.34700,48.132,-0.694,-1,400.000,-1,400.000,-1,325.000,325.000,300.000,300.000,-1,-1,-1,-1,825.000,800.000,-1,-1,2,0,2,0,2,0,0,0,0,2,2,2,2,0,0,2,2
184,6405.074,2788.750,186.682,-52.224,0.612294,0.790285,-0.023382,-0.790495,0.612468,0.000401,0.014637,0.018238,0.999727,0,0.84974,-0.46700,50.985,-0.934,-1,400.000,-1,400.000,-1,325.000,325.000,300.000,300.000,-1,-1,-1,-1,825.000,800.000,-1,-1,2,0,2,0,2,0,0,0,0,2,2,2,2,0,0,2,2
185,6435.473,2747.819,187.424,-53.398,0.596003,0.802656,-0.022882,-0.802880,0.596140,-0.001063,0.012788,0.019005,0.999738,0,0.84974,-0.58700,50.985,-1.174,-1,400.000,-1,400.000,-1,325.000,325.000,300.000,300.000,-1,-1,-1,-1,825.000,800.000,-1,-1,2,0,2,0,2,0,0,0,0,2,2,2,2,0,0,2,2
186,6464.854,2706.151,188.143,-54.812,0.576045,0.817107,-0.022544,-0.817346,0.576141,-0.002645,0.010828,0.019950,0.999742,0,0.84974,-0.70700,50.985,-1.414,-1,400.000,-1,400.000,-1,325.000,325.000,300.000,300.000,-1,-1,-1,-1,825.000,800.000,-1,-1,2,0,2,0,2,0,0,0,0,2,2,2,2,0,0,2,2
187,6493.019,2663.653,188.838,-56.466,0.552255,0.833385,-0.022007,-0.833630,0.552309,-0.004116,0.008725,0.020619,0.999749,0,0.84974,-0.82700,50.985,-1.654,-1,400.000,-1,400.000,-1,325.000,325.000,300.000,300.000,-1,-1,-1,-1,800.000,775.000,-1,-1,2,0,2,0,2,0,0,0,0,2,2,2,2,0,0,2,2
188,6519.764,2620.246,189.447,-58.360,0.524451,0.851173,-0.021359,-0.851417,0.524457,-0.005777,0.006284,0.021215,0.999755,0,0.84974,-0.94700,50.985,-1.894,-1,400.000,-1,400.000,-1,325.000,325.000,300.000,300.000,-1,-1,-1,-1,800.000,775.000,-1,-1,2,0,2,0,2,0,0,0,0,2,2,2,2,0,0,2,2
189,6544.979,2575.933,190.047,-60.360,0.494466,0.868941,-0.021084,-0.869188,0.494422,-0.007603,0.003818,0.022085,0.999749,0,0.84974,-1.00000,50.985,-2.000,-1,400.000,-1,400.000,-1,325.000,325.000,325.000,300.000,-1,-1,-1,-1,800.000,750.000,-1,-1,2,0,2,0,2,0,0,0,0,2,2,2,2,0,0,2,2
190,6568.631,2530.766,190.522,-62.360,0.463873,0.885654,-0.020958,-0.885900,0.463789,-0.009026,0.001726,0.022753,0.999740,0,0.84974,-1.00000,50.985,-2.000,-1,400.000,-1,400.000,-1,325.000,325.000,325.000,300.000,-1,-1,-1,-1,775.000,750.000,-1,-1,2,0,2,0,2,0,0,0,0,2,2,2,2,0,0,2,2
191,6590.692,2484.802,190.636,-64.360,0.432694,0.901310,-0.020396,-0.901541,0.432602,-0.008934,0.000771,0.022254,0.999752,0,0.84974,-1.00000,50.985,-2.000,-1,400.000,-1,400.000,-1,325.000,325.000,325.000,300.000,-1,-1,-1,-1,775.000,725.000,-1,-1,2,0,2,0,2,0,0,0,0,2,2,2,2,0,0,2,2
192,6611.136,2438.095,190.640,-66.360,0.400983,0.915865,-0.020092,-0.916085,0.400886,-0.008835,-0.000037,0.021949,0.999759,0,0.84974,-1.00000,50.985,-2.000,-1,400.000,-1,400.000,-1,325.000,325.000,325.000,300.000,-1,-1,-1,-1,775.000,725.000,-1,-1,2,0,2,0,2,0,0,0,0,2,2,2,2,0,0,2,2
193,6629.938,2390.704,190.612,-68.360,0.368784,0.929304,-0.019821,-0.929515,0.368681,-0.008765,-0.000837,0.021656,0.999765,0,0.84974,-1.00000,50.985,-2.000,-1,400.000,-1,400.000,-1,325.000,325.000,325.000,300.000,-1,-1,-1,-1,775.000,725.000,-1,-1,2,0,2,0,2,0,0,0,0,2,2,2,2,0,0,2,2
194,6647.074,2342.685,190.557,-70.360,0.336135,0.941610,-0.019611,-0.941812,0.336026,-0.008706,-0.001608,0.021396,0.999770,0,0.84974,-1.00000,50.985,-2.000,-1,400.000,-1,400.000,-1,325.000,325.000,325.000,300.000,-1,-1,-1,-1,750.000,725.000,-1,-1,2,0,2,0,2,0,0,0,0,2,2,2,2,0,0,2,2
195,6662.523,2294.097,190.477,-72.360,0.303076,0.952768,-0.019452,-0.952964,0.302961,-0.008652,-0.002351,0.021159,0.999773,0,0.84974,-1.00000,50.985,-2.000,-1,400.000,-1,375.000,-1,325.000,325.000,325.000,300.000,-1,-1,-1,-1,750.000,700.000,-1,-1,2,0,2,0,2,0,0,0,0,2,2,2,2,0,0,2,2
196,6676.268,2245.000,190.368,-74.360,0.269646,0.962765,-0.019336,-0.962955,0.269527,-0.008596,-0.003064,0.020938,0.999776,0,0.84974,-1.00000,50.985,-2.000,-1,400.000,-1,375.000,-1,325.000,325.000,325.000,300.000,-1,-1,-1,-1,750.000,700.000,-1,-1,2,0,2,0,2,0,0,0,0,2,2,2,2,0,0,2,2
197,6688.291,2195.454,190.232,-76.360,0.235888,0.971589,-0.019255,-0.971773,0.235764,-0.008532,-0.003750,0.020724,0.999778,0,0.84974,-1.00000,50.985,-2.000,-1,400.000,-1,375.000,-1,325.000,325.000,325.000,300.000,-1,-1,-1,-1,750.000,700.000,-1,-1,2,0,2,0,2,0,0,0,0,2,2,2,2,0,0,2,2
198,6698.577,2145.517,190.004,-78.360,0.201837,0.979235,-0.018989,-0.979410,0.201714,-0.008206,-0.004205,0.020254,0.999786,0,0.84974,-1.00000,50.985,-2.000,-1,400.000,-1,375.000,-1,325.000,325.000,325.000,300.000,-1,-1,-1,-1,725.000,700.000,-1,-1,2,0,2,0,2,0,0,0,0,2,2,2,2,0,0,2,2
199,6707.114,2095.252,189.697,-80.360,0.167535,0.985692,-0.018550,-0.985856,0.167419,-0.007690,-0.004474,0.019576,0.999798,0,0.84974,-1.00000,50.985,-2.000,-1,375.000,-1,375.000,-1,325.000,300.000,325.000,300.000,-1,-1,-1,-1,725.000,675.000,-1,-1,2,0,2,0,2,0,0,0,0,2,2,2,2,0,0,2,2
200,6713.892,2044.720,189.381,-82.360,0.133030,0.990946,-0.018157,-0.991100,0.132918,-0.007261,-0.004782,0.018961,0.999809,0,0.84974,-1.00000,50.985,-2.000,-1,375.000,-1,375.000,-1,325.000,300.000,325.000,300.000,-1,-1,-1,-1,725.000,675.000,-1,-1,2,0,2,0,2,0,0,0,0,2,2,2,2,0,0,2,2
201,6718.902,1993.982,189.064,-84.360,0.098364,0.994992,-0.017757,-0.995137,0.098255,-0.006940,-0.005161,0.018353,0.999818,0,0.84974,-1.00000,50.985,-2.000,-1,375.000,-1,375.000,-1,300.000,300.000,325.000,300.000,-1,-1,-1,-1,725.000,675.000,-1,-1,2,0,2,0,2,0,0,0,0,2,2,2,2,0,0,2,2
202,6722.139,1943.100,188.998,-86.360,0.063565,0.997841,-0.016521,-0.997965,0.063472,-0.006106,-0.005044,0.016875,0.999845,0,0.84974,-1.00000,50.985,-2.000,-1,375.000,-1,375.000,-1,300.000,300.000,300.000,300.000,-1,-1,-1,-1,700.000,675.000,-1,-1,2,0,2,0,2,0,0,0,0,2,2,2,2,0,0,2,2
203,6723.597,1892.137,189.178,-88.360,0.028677,0.999458,-0.016142,-0.999581,0.028609,-0.004388,-0.003924,0.016261,0.999860,0,0.84974,-1.00000,50.985,-2.000,-1,375.000,-1,375.000,-1,300.000,300.000,300.000,300.000,-1,-1,-1,-1,725.000,675.000,-1,-1,2,0,2,0,2,0,0,0,0,2,2,2,2,0,0,2,2
204,6723.277,1841.153,189.337,-90.360,-0.006246,0.999857,-0.015705,-0.999977,-0.006289,-0.002703,-0.002801,0.015688,0.999873,0,0.84974,-1.00000,50.985,-2.000,-1,375.000,-1,375.000,-1,300.000,300.000,325.000,300.000,-1,-1,-1,-1,725.000,675.000,-1,-1,2,0,2,0,2,0,0,0,0,2,2,2,2,0,0,2,2
205,6721.177,1790.212,189.476,-92.360,-0.041159,0.999037,-0.015205,-0.999151,-0.041180,-0.001046,-0.001671,0.015149,0.999884,0,0.84974,-1.00000,50.985,-2.000,-1,375.000,-1,375.000,-1,300.000,300.000,325.000,300.000,-1,-1,-1,-1,725.000,700.000,-1,-1,2,0,2,0,2,0,0,0,0,2,2,2,2,0,0,2,2
206,6717.300,1739.375,189.594,-94.360,-0.076022,0.996999,-0.014634,-0.997106,-0.076021,0.000583,-0.000531,0.014636,0.999893,0,0.84974,-1.00000,50.985,-2.000,-1,375.000,-1,375.000,-1,300.000,300.000,325.000,300.000,-1,900.000,-1,-1,725.000,700.000,-1,-1,2,0,2,0,2,0,0,0,0,2,0,2,2,0,0,2,2
207,6711.652,1688.704,189.693,-96.360,-0.110790,0.993745,-0.013985,-0.993844,-0.110771,0.002187,0.000625,0.014141,0.999900,0,0.84974,-1.00000,50.985,-2.000,-1,375.000,-1,375.000,-1,325.000,300.000,325.000,300.000,-1,825.000,825.000,-1,725.000,700.000,-1,-1,2,0,2,0,2,0,0,0,0,2,0,0,2,0,0,2,2
208,6704.314,1637.276,189.778,-98.120,-0.141279,0.989881,-0.013249,-0.989968,-0.141240,0.003797,0.001887,0.013653,0.999905,0,0.86580,-0.88000,51.948,-1.760,-1,375.000,-1,375.000,-1,325.000,300.000,300.000,325.000,-1,725.000,725.000,-1,750.000,700.000,-1,-1,2,0,2,0,2,0,0,0,0,2,0,0,2,0,0,2,2
209,6695.615,1586.062,189.852,-99.640,-0.167505,0.985793,-0.012442,-0.985866,-0.167449,0.005389,0.003229,0.013169,0.999908,0,0.86580,-0.76000,51.948,-1.520,-1,375.000,-1,375.000,-1,325.000,300.000,300.000,325.000,-1,650.000,650.000,-1,750.000,725.000,-1,-1,2,0,2,0,2,0,0,0,0,2,0,0,2,0,0,2,2
210,6685.774,1535.054,189.917,-100.920,-0.189501,0.981812,-0.011567,-0.981870,-0.189429,0.006970,0.004653,0.012678,0.999909,0,0.86580,-0.64000,51.948,-1.280,-1,400.000,-1,375.000,-1,325.000,325.000,300.000,300.000,-1,575.000,575.000,-1,750.000,725.000,-1,-1,2,0,2,0,2,0,0,0,0,2,0,0,2,0,0,2,2
211,6675.008,1484.234,189.990,-101.960,-0.207305,0.978218,-0.010677,-0.978257,-0.207220,0.008601,0.006201,0.012228,0.999906,0,0.86580,-0.52000,51.948,-1.040,-1,400.000,-1,375.000,-1,325.000,325.000,300.000,300.000,-1,525.000,550.000,-1,750.000,725.000,-1,-1,2,0,2,0,2,0,0,0,0,2,0,0,2,0,0,2,2
212,6663.534,1433.569,190.067,-102.760,-0.220957,0.975235,-0.009750,-0.975252,-0.220859,0.010254,0.007847,0.011774,0.999900,0,0.86580,-0.40000,51.948,-0.800,-1,400.000,-1,375.000,-1,325.000,325.000,300.000,300.000,-1,475.000,500.000,-1,775.000,725.000,-1,-1,2,0,2,0,2,0,0,0,0,2,0,0,2,0,0,2,2
213,6651.565,1383.018,190.184,-103.320,-0.230491,0.973033,-0.008953,-0.973028,-0.230381,0.011848,0.009466,0.011442,0.999890,0,0.86580,-0.28000,51.948,-0.560,-1,400.000,-1,400.000,-1,325.000,325.000,300.000,300.000,-1,450.000,475.000,-1,775.000,725.000,-1,-1,2,0,2,0,2,0,0,0,0,2,0,0,2,0,0,2,2
214,6639.315,1332.535,190.485,-103.640,-0.235933,0.971727,-0.009015,-0.971714,-0.235811,0.012876,0.010386,0.011798,0.999876,0,0.86580,-0.16000,51.948,-0.320,-1,400.000,-1,400.000,-1,325.000,325.000,300.000,300.000,-1,450.000,475.000,-1,800.000,725.000,-1,-1,2,0,2,0,2,0,0,0,0,2,0,0,2,0,0,2,2
215,6626.993,1282.069,190.773,-103.720,-0.237301,0.971395,-0.008995,-0.971370,-0.237166,0.013844,0.011315,0.012023,0.999864,0,0.86580,-0.04000,51.948,-0.080,-1,400.000,-1,400.000,-1,325.000,325.000,300.000,300.000,-1,450.000,500.000,-1,800.000,725.000,-1,-1,2,0,2,0,2,0,0,0,0,2,0,0,2,0,0,2,2
216,6614.813,1231.569,191.273,-103.560,-0.234583,0.972060,-0.008413,-0.972027,-0.234454,0.013969,0.011607,0.011455,0.999867,0,0.86580,0.08000,51.948,0.160,-1,400.000,-1,400.000,-1,325.000,325.000,300.000,300.000,-1,500.000,525.000,-1,800.000,725.000,-1,-1,2,0,2,0,2,0,0,0,0,2,0,0,2,0,0,2,2
217,6602.890,1181.008,191.778,-103.268,-0.229621,0.973248,-0.007948,-0.973212,-0.229501,0.013714,0.011523,0.010884,0.999874,0,0.86580,0.14595,51.948,0.292,-1,400.000,-1,400.000,-1,325.000,325.000,300.000,300.000,-1,550.000,575.000,-1,800.000,725.000,-1,-1,2,0,2,0,2,0,0,0,0,2,0,0,2,0,0,2,2
218,6591.225,1130.387,192.297,-102.977,-0.224653,0.974410,-0.007468,-0.974372,-0.224541,0.013451,0.011430,0.010298,0.999882,0,0.86580,0.14595,51.948,0.292,-1,400.000,-1,400.000,-1,325.000,325.000,300.000,300.000,-1,600.000,650.000,-1,800.000,750.000,-1,-1,2,0,2,0,2,0,0,0,0,2,0,0,2,0,0,2,2
219,6579.818,1079.706,192.830,-102.685,-0.219679,0.975547,-0.006972,-0.975507,-0.219575,0.013181,0.011328,0.009697,0.999889,0,0.86580,0.14595,51.948,0.292,-1,400.000,-1,400.000,-1,325.000,325.000,300.000,300.000,-1,650.000,700.000,-1,825.000,750.000,-1,-1,2,0,2,0,2,0,0,0,0,2,0,0,2,0,0,2,2
220,6568.669,1028.969,193.377,-102.393,-0.214699,0.976659,-0.006462,-0.976616,-0.214604,0.012905,0.011217,0.009081,0.999896,0,0.86580,0.14595,51.948,0.292,-1,400.000,-1,400.000,-1,325.000,325.000,300.000,300.000,-1,725.000,775.000,-1,825.000,750.000,-1,-1,2,0,2,0,2,0,0,0,0,2,0,0,2,0,0,2,2
221,6557.779,978.175,193.938,-102.101,-0.209713,0.977745,-0.005937,-0.977700,-0.209627,0.012623,0.011097,0.008451,0.999903,0,0.86580,0.14595,51.948,0.292,-1,400.000,-1,400.000,-1,325.000,325.000,300.000,300.000,-1,775.000,825.000,-1,825.000,750.000,-1,-1,2,0,2,0,2,0,0,0,0,2,0,0,2,0,0,2,2
222,6547.148,927.326,194.519,-101.809,-0.204722,0.978805,-0.005431,-0.978759,-0.204644,0.012317,0.010944,0.007838,0.999909,0,0.86580,0.14595,51.948,0.292,-1,400.000,-1,400.000,-1,325.000,325.000,300.000,300.000,-1,825.000,900.000,-1,825.000,775.000,-1,-1,2,0,2,0,2,0,0,0,0,2,0,0,2,0,0,2,2
223,6536.775,876.424,195.116,-101.517,-0.199725,0.979840,-0.004927,-0.979793,-0.199656,0.011997,0.010772,0.007224,0.999916,0,0.86580,0.14595,51.948,0.292,-1,400.000,-1,400.000,-1,325.000,325.000,300.000,300.000,-1,900.000,950.000,-1,825.000,775.000,-1,-1,2,0,2,0,2,0,0,0,0,2,0,0,2,0,0,2,2
224,6526.663,825.470,195.765,-101.225,-0.194723,0.980849,-0.004261,-0.980800,-0.194662,0.011749,0.010694,0.006467,0.999922,0,0.86580,0.14595,51.948,0.292,-1,400.000,-1,400.000,-1,325.000,325.000,300.000,300.000,-1,950.000,-1,-1,825.000,775.000,-1,-1,2,0,2,0,2,0,0,0,0,2,0,2,2,0,0,2,2
225,6516.810,774.465,196.432,-100.933,-0.189715,0.981833,-0.003573,-0.981782,-0.189664,0.011500,0.010614,0.005689,0.999927,0,0.86580,0.14595,51.948,0.292,-1,400.000,-1,400.000,-1,325.000,325.000,300.000,300.000,-1,-1,-1,-1,850.000,800.000,-1,-1,2,0,2,0,2,0,0,0,0,2,2,2,2,0,0,2,2
226,6507.217,723.410,197.115,-100.641,-0.184703,0.982790,-0.002872,-0.982738,-0.184660,0.011248,0.010524,0.004900,0.999933,0,0.86580,0.14595,51.948,0.292,-1,400.000,-1,400.000,-1,325.000,325.000,300.000,300.000,-1,-1,-1,-1,850.000,800.000,-1,-1,2,0,2,0,2,0,0,0,0,2,2,2,2,0,0,2,2
227,6497.884,672.307,197.689,-100.350,-0.179680,0.983724,-0.001674,-0.983671,-0.179652,0.010801,0.010324,0.003587,0.999940,0,0.86580,0.14595,51.948,0.292,-1,400.000,-1,400.000,-1,325.000,325.000,300.000,300.000,-1,-1,-1,-1,850.000,800.000,-1,-1,2,0,2,0,2,0,0,0,0,2,2,2,2,0,0,2,2
228,6488.812,621.157,198.175,-100.058,-0.174649,0.984631,-0.000160,-0.984581,-0.174639,0.010053,0.009870,0.001914,0.999949,0,0.86580,0.14595,51.948,0.292,-1,400.000,-1,400.000,-1,325.000,325.000,300.000,300.000,-1,-1,-1,-1,875.000,825.000,-1,-1,2,0,2,0,2,0,0,0,0,2,2,2,2,0,0,2,2
229,6480.000,569.962,198.346,-99.766,-0.169626,0.985508,0.000121,-0.985468,-0.169621,0.009046,0.008935,0.001415,0.999959,0,0.86580,0.14595,51.948,0.292,-1,400.000,-1,400.000,-1,325.000,325.000,300.000,300.000,-1,-1,-1,-1,875.000,825.000,-1,-1,2,0,2,0,2,0,0,0,0,2,2,2,2,0,0,2,2
230,6471.450,518.722,198.416,-99.474,-0.164603,0.986360,-0.000024,-0.986330,-0.164598,0.007770,0.007660,0.001302,0.999970,0,0.86580,0.14595,51.948,0.292,-1,400.000,-1,400.000,-1,325.000,325.000,300.000,300.000,-1,-1,-1,-1,875.000,850.000,-1,-1,2,0,2,0,2,0,0,0,0,2,2,2,2,0,0,2,2
231,6463.161,467.440,198.486,-99.182,-0.159575,0.987186,-0.000163,-0.987165,-0.159571,0.006463,0.006354,0.001192,0.999979,0,0.86580,0.14595,51.948,0.292,-1,400.000,-1,400.000,-1,325.000,325.000,300.000,300.000,-1,-1,-1,-1,875.000,850.000,-1,-1,2,0,2,0,2,0,0,0,0,2,2,2,2,0,0,2,2
232,6455.132,416.116,198.558,-98.890,-0.154543,0.987986,-0.000296,-0.987973,-0.154539,0.005125,0.005017,0.001084,0.999987,0,0.86580,0.14595,51.948,0.292,-1,400.000,-1,400.000,-1,325.000,325.000,300.000,275.000,-1,-1,-1,-1,875.000,850.000,-1,-1,2,0,2,0,2,0,0,0,0,2,2,2,2,0,0,2,2
233,6447.366,364.751,198.631,-98.598,-0.149507,0.988761,-0.000422,-0.988754,-0.149504,0.003757,0.003652,0.000979,0.999993,0,0.86580,0.14595,51.948,0.292,-1,400.000,-1,400.000,-1,325.000,325.000,300.000,275.000,-1,-1,-1,-1,875.000,875.000,-1,-1,2,0,2,0,2,0,0,0,0,2,2,2,2,0,0,2,2
234,6439.861,313.348,198.705,-98.306,-0.144467,0.989510,-0.000541,-0.989507,-0.144465,0.002361,0.002258,0.000877,0.999997,0,0.86580,0.14595,51.948,0.292,-1,400.000,-1,400.000,-1,325.000,325.000,300.000,275.000,-1,-1,-1,-1,875.000,875.000,-1,-1,2,0,2,0,2,0,0,0,0,2,2,2,2,0,0,2,2
235,6432.619,261.908,198.780,-98.014,-0.139423,0.990233,-0.000653,-0.990233,-0.139422,0.000937,0.000837,0.000777,0.999999,0,0.86580,0.14595,51.948,0.292,-1,400.000,-1,400.000,-1,325.000,325.000,300.000,275.000,-1,-1,-1,-1,875.000,875.000,-1,-1,2,0,2,0,2,0,0,0,0,2,2,2,2,0,0,2,2
236,6425.638,210.431,198.881,-97.723,-0.134375,0.990930,-0.000675,-0.990930,-0.134376,-0.000598,-0.000683,0.000589,1.000000,0,0.86580,0.14595,51.948,0.292,-1,400.000,-1,400.000,-1,325.000,325.000,300.000,275.000,-1,-1,-1,-1,875.000,875.000,-1,-1,2,0,2,0,2,0,0,0,0,2,2,2,2,0,0,2,2
237,6418.920,158.919,198.999,-97.431,-0.129324,0.991602,-0.000634,-0.991600,-0.129326,-0.002214,-0.002277,0.000342,0.999997,0,0.86580,0.14595,51.948,0.292,-1,425.000,-1,425.000,-1,325.000,325.000,300.000,275.000,-1,-1,-1,-1,875.000,900.000,-1,-1,2,0,2,0,2,0,0,0,0,2,2,2,2,0,0,2,2
238,6412.464,107.373,199.122,-97.139,-0.124271,0.992248,-0.000575,-0.992241,-0.124272,-0.003860,-0.003901,0.000090,0.999992,0,0.86580,0.14595,51.948,0.292,-1,425.000,-1,425.000,-1,325.000,350.000,300.000,275.000,-1,-1,-1,-1,875.000,900.000,-1,-1,2,0,2,0,2,0,0,0,0,2,2,2,2,0,0,2,2
239,6406.271,55.796,199.247,-96.847,-0.119215,0.992868,-0.000498,-0.992853,-0.119216,-0.005534,-0.005553,-0.000165,0.999985,0,0.86580,0.14595,51.948,0.292,-1,425.000,-1,425.000,-1,350.000,350.000,300.000,275.000,-1,-1,-1,-1,875.000,900.000,-1,-1,2,0,2,0,2,0,0,0,0,2,2,2,2,0,0,2,2
240,6400.236,5.149,199.138,-96.795,-0.118323,0.992975,0.000523,-0.992950,-0.118316,-0.007247,-0.007135,-0.001377,0.999974,0,0.85008,0.02595,51.005,0.052,-1,425.000,-1,425.000,-1,350.000,350.000,300.000,300.000,-1,-1,-1,-1,875.000,900.000,-1,-1,2,0,2,0,2,0,0,0,0,2,2,2,2,0,0,2,2
241,6394.036,-45.477,198.582,-96.983,-0.121593,0.992579,0.001468,-0.992541,-0.121575,-0.009003,-0.008757,-0.002552,0.999958,0,0.85008,-0.09405,51.005,-0.188,-1,425.000,-1,425.000,-1,350.000,350.000,300.000,300.000,-1,-1,-1,-1,875.000,900.000,-1,-1,2,0,2,0,2,0,0,0,0,2,2,2,2,0,0,2,2
242,6387.457,-96.056,197.593,-97.411,-0.129005,0.991644,0.000839,-0.991586,-0.128988,-0.010909,-0.010710,-0.002239,0.999940,0,0.85008,-0.21405,51.005,-0.428,-1,425.000,-1,425.000,-1,350.000,350.000,300.000,300.000,-1,-1,-1,-1,875.000,900.000,-1,-1,2,0,2,0,2,0,0,0,0,2,2,2,2,0,0,2,2
243,6380.288,-146.554,196.597,-98.079,-0.140557,0.990073,0.000234,-0.989992,-0.140543,-0.012812,-0.012652,-0.002033,0.999918,0,0.85008,-0.33405,51.005,-0.668,-1,425.000,-1,425.000,-1,325.000,350.000,300.000,275.000,-1,-1,-1,-1,875.000,900.000,-1,-1,2,0,2,0,2,0,0,0,0,2,2,2,2,0,0,2,2
244,6372.320,-196.933,195.594,-98.987,-0.156228,0.987721,-0.000363,-0.987613,-0.156216,-0.014716,-0.014592,-0.001941,0.999892,0,0.85008,-0.45405,51.005,-0.908,-1,400.000,-1,425.000,-1,325.000,350.000,300.000,275.000,-1,-1,-1,-1,875.000,900.000,-1,-1,2,0,2,0,2,0,0,0,0,2,2,2,2,0,0,2,2
245,6363.345,-247.141,194.584,-100.135,-0.175984,0.984392,-0.000968,-0.984254,-0.175976,-0.016627,-0.016538,-0.001973,0.999861,0,0.85008,-0.57405,51.005,-1.148,-1,400.000,-1,425.000,-1,325.000,350.000,300.000,275.000,-1,-1,-1,-1,875.000,875.000,-1,-1,2,0,2,0,2,0,0,0,0,2,2,2,2,0,0,2,2
246,6353.155,-297.118,193.565,-101.524,-0.199776,0.979840,-0.001598,-0.979667,-0.199771,-0.018551,-0.018496,-0.002140,0.999827,0,0.85008,-0.69405,51.005,-1.388,-1,400.000,-1,425.000,-1,325.000,325.000,300.000,275.000,-1,-1,-1,-1,875.000,875.000,-1,-1,2,0,2,0,2,0,0,0,0,2,2,2,2,0,0,2,2
247,6341.550,-346.785,192.538,-103.152,-0.227531,0.973768,-0.002269,-0.973556,-0.227529,-0.020492,-0.020471,-0.002454,0.999787,0,0.85008,-0.81405,51.005,-1.628,-1,425.000,-1,400.000,-1,325.000,325.000,300.000,275.000,-1,-1,-1,-1,875.000,850.000,-1,-1,2,0,2,0,2,0,0,0,0,2,2,2,2,0,0,2,2
248,6328.332,-396.047,191.501,-105.020,-0.259151,0.965832,-0.002996,-0.965576,-0.259152,-0.022455,-0.022464,-0.002927,0.999743,0,0.85008,-0.93405,51.005,-1.868,-1,425.000,-1,400.000,-1,325.000,325.000,300.000,275.000,-1,-1,-1,-1,875.000,850.000,-1,-1,2,0,2,0,2,0,0,0,0,2,2,2,2,0,0,2,2
249,6313.403,-444.818,190.454,-107.020,-0.292697,0.956198,-0.003794,-0.955892,-0.292700,-0.024451,-0.024491,-0.003530,0.999694,0,0.85008,-1.00000,51.005,-2.000,-1,425.000,-1,400.000,-1,325.000,325.000,300.000,275.000,-1,-1,-1,-1,875.000,850.000,-1,-1,2,0,2,0,2,0,0,0,0,2,2,2,2,0,0,2,2
250,6296.781,-493.038,189.397,-109.020,-0.325886,0.945398,-0.004670,-0.945036,-0.325892,-0.026492,-0.026568,-0.004220,0.999638,0,0.85008,-1.00000,51.005,-2.000,-1,425.000,-1,400.000,-1,325.000,325.000,300.000,275.000,-1,-1,-1,-1,875.000,825.000,-1,-1,2,0,2,0,2,0,0,0,0,2,2,2,2,0,0,2,2
251,6278.486,-540.649,188.270,-111.020,-0.358684,0.933444,-0.005348,-0.933024,-0.358686,-0.028487,-0.028510,-0.005228,0.999580,0,0.85008,-1.00000,51.005,-2.000,-1,425.000,-1,400.000,-1,325.000,325.000,300.000,275.000,-1,-1,-1,-1,875.000,825.000,-1,-1,2,0,2,0,2,0,0,0,0,2,2,2,2,0,0,2,2
252,6260.418,-583.175,186.980,-113.020,-0.391078,0.920345,-0.004808,-0.919883,-0.391039,-0.030081,-0.029565,-0.007341,0.999536,0,0.77008,-1.00000,46.205,-2.000,-1,425.000,-1,400.000,-1,325.000,325.000,300.000,275.000,-1,-1,-1,-1,875.000,825.000,-1,-1,2,0,2,0,2,0,0,0,0,2,2,2,2,0,0,2,2
253,6242.907,-620.694,185.637,-115.020,-0.423012,0.906115,-0.003962,-0.905592,-0.422910,-0.032408,-0.031041,-0.010122,0.999467,0,0.69008,-1.00000,41.405,-2.000,-1,425.000,-1,400.000,-1,325.000,325.000,300.000,275.000,-1,-1,-1,-1,875.000,800.000,-1,-1,2,0,2,0,2,0,0,0,0,2,2,2,2,0,0,2,2
254,6226.278,-653.304,184.453,-117.020,-0.454427,0.890778,-0.003334,-0.890200,-0.454262,-0.034499,-0.032245,-0.012709,0.999399,0,0.61008,-1.00000,36.605,-2.000,-1,400.000,-1,400.000,-1,325.000,325.000,300.000,275.000,-1,-1,-1,-1,850.000,800.000,-1,-1,2,0,2,0,2,0,0,0,0,2,2,2,2,0,0,2,2
255,6210.850,-681.116,183.427,-119.020,-0.485283,0.874352,-0.002894,-0.873728,-0.485057,-0.036334,-0.033173,-0.015104,0.999335,0,0.53008,-1.00000,31.805,-2.000,-1,400.000,-1,400.000,-1,325.000,325.000,300.000,275.000,-1,-1,-1,-1,850.000,800.000,-1,-1,2,0,2,0,2,0,0,0,0,2,2,2,2,0,0,2,2
256,6196.934,-704.259,182.559,-121.020,-0.515541,0.856861,-0.002613,-0.856197,-0.515257,-0.037902,-0.033823,-0.017303,0.999278,0,0.45008,-1.00000,27.005,-2.000,-1,400.000,-1,400.000,-1,325.000,325.000,300.000,300.000,-1,-1,-1,-1,825.000,800.000,-1,-1,2,0,2,0,2,0,0,0,0,2,2,2,2,0,0,2,2
257,6184.835,-722.878,181.848,-123.020,-0.545164,0.838326,-0.002460,-0.837632,-0.544827,-0.039192,-0.034196,-0.019305,0.999229,0,0.37008,-1.00000,22.205,-2.000,-1,400.000,-1,400.000,-1,325.000,325.000,300.000,300.000,-1,-1,-1,-1,825.000,800.000,-1,-1,2,0,2,0,2,0,0,0,0,2,2,2,2,0,0,2,2
258,6174.847,-737.132,181.326,-125.020,-0.574102,0.818780,-0.002585,-0.818081,-0.573737,-0.039600,-0.033906,-0.020620,0.999212,0,0.29008,-1.00000,17.405,-2.000,-1,400.000,-1,400.000,-1,325.000,325.000,300.000,300.000,-1,-1,-1,-1,825.000,800.000,-1,-1,2,0,2,0,2,0,0,0,0,2,2,2,2,0,0,2,2
259,6167.258,-747.196,180.935,-127.020,-0.602333,0.798240,-0.002771,-0.797551,-0.601950,-0.039602,-0.033280,-0.021643,0.999212,0,0.21008,-1.00000,12.605,-2.000,-1,400.000,-1,400.000,-1,325.000,325.000,300.000,300.000,-1,-1,-1,-1,825.000,800.000,-1,-1,2,0,2,0,2,0,0,0,0,2,2,2,2,0,0,2,2
260,6162.344,-753.260,180.706,-129.020,-0.629826,0.776730,-0.002928,-0.776056,-0.629428,-0.039460,-0.032493,-0.022581,0.999217,0,0.13008,-1.00000,7.805,-2.000,-1,400.000,-1,400.000,-1,325.000,325.000,300.000,300.000,-1,-1,-1,-1,825.000,800.000,-1,-1,2,0,2,0,2,0,0,0,0,2,2,2,2,0,0,2,2
261,6160.372,-755.527,180.629,-131.020,-0.656551,0.754276,-0.003053,-0.753622,-0.656140,-0.039176,-0.031552,-0.023420,0.999228,0,0.05008,-1.00000,3.005,-2.000,-1,400.000,-1,400.000,-1,325.000,325.000,300.000,300.000,-1,-1,-1,-1,825.000,800.000,-1,-1,2,0,2,0,2,0,0,0,0,2,2,2,2,0,0,2,2
262,6161.597,-754.214,180.694,-133.020,-0.682472,0.730905,-0.003146,-0.730276,-0.682052,-0.038747,-0.030466,-0.024147,0.999244,0,-0.02992,-1.00000,-1.795,-2.000,-1,400.000,-1,400.000,-1,325.000,325.000,300.000,300.000,-1,-1,-1,-1,825.000,775.000,-1,-1,2,0,2,0,2,0,0,0,0,2,2,2,2,0,0,2,2
263,6166.263,-749.553,180.890,-135.020,-0.707560,0.706646,-0.003210,-0.706048,-0.707135,-0.038170,-0.029242,-0.024741,0.999266,0,-0.10992,-1.00000,-6.595,-2.000,-1,400.000,-1,400.000,-1,325.000,325.000,300.000,300.000,-1,-1,-1,-1,825.000,775.000,-1,-1,2,0,2,0,2,0,0,0,0,2,2,2,2,0,0,2,2
264,6174.599,-741.784,181.267,-137.020,-0.731787,0.681525,-0.003228,-0.680954,-0.731353,-0.037738,-0.028080,-0.025418,0.999282,0,-0.18992,-1.00000,-11.395,-2.000,-1,400.000,-1,400.000,-1,325.000,325.000,300.000,300.000,-1,-1,-1,-1,825.000,775.000,-1,-1,2,0,2,0,2,0,0,0,0,2,2,2,2,0,0,2,2
265,6186.826,-731.163,181.845,-139.020,-0.755126,0.655572,-0.003230,-0.655020,-0.754676,-0.037605,-0.027090,-0.026280,0.999287,0,-0.26992,-1.00000,-16.195,-2.000,-1,400.000,-1,400.000,-1,325.000,325.000,300.000,300.000,-1,-1,-1,-1,800.000,775.000,-1,-1,2,0,2,0,2,0,0,0,0,2,2,2,2,0,0,2,2
266,6203.147,-717.956,182.524,-141.020,-0.777542,0.628823,-0.003276,-0.628292,-0.777080,-0.037366,-0.026042,-0.026995,0.999296,0,-0.34992,-1.00000,-20.995,-2.000,-1,400.000,-1,400.000,-1,325.000,325.000,300.000,300.000,-1,-1,-1,-1,800.000,775.000,-1,-1,2,0,2,0,2,0,0,0,0,2,2,2,2,0,0,2,2
267,6216.044,-708.160,183.006,-142.780,-0.796483,0.604652,-0.003332,-0.604143,-0.796016,-0.037012,-0.025032,-0.027466,0.999309,0,-0.26992,-0.88000,-16.195,-1.760,-1,400.000,-1,400.000,-1,325.000,325.000,300.000,300.000,-1,-1,-1,-1,800.000,775.000,-1,-1,2,0,2,0,2,0,0,0,0,2,2,2,2,0,0,2,2
268,6225.298,-701.511,183.352,-144.300,-0.812238,0.583317,-0.003380,-0.582824,-0.811765,-0.036783,-0.024200,-0.027906,0.999318,0,-0.18992,-0.76000,-11.395,-1.520,-1,400.000,-1,400.000,-1,325.000,325.000,300.000,300.000,-1,-1,-1,-1,800.000,750.000,-1,-1,2,0,2,0,2,0,0,0,0,2,2,2,2,0,0,2,2
269,6230.738,-697.783,183.573,-145.580,-0.825063,0.565031,-0.003412,-0.564551,-0.824583,-0.036673,-0.023535,-0.028331,0.999321,0,-0.10992,-0.64000,-6.595,-1.280,-1,400.000,-1,400.000,-1,325.000,325.000,300.000,300.000,-1,-1,-1,-1,800.000,750.000,-1,-1,2,0,2,0,2,0,0,0,0,2,2,2,2,0,0,2,2
270,6232.237,-696.795,183.676,-146.620,-0.835181,0.549965,-0.003421,-0.549493,-0.834693,-0.036679,-0.023027,-0.028754,0.999321,0,-0.02992,-0.52000,-1.795,-1.040,-1,400.000,-1,400.000,-1,325.000,325.000,300.000,300.000,-1,-1,-1,-1,800.000,750.000,-1,-1,2,0,2,0,2,0,0,0,0,2,2,2,2,0,0,2,2
271,6229.706,-698.413,183.664,-147.420,-0.842778,0.538250,-0.003401,-0.537783,-0.842280,-0.036797,-0.022671,-0.029183,0.999317,0,0.05008,-0.40000,3.005,-0.800,-1,400.000,-1,400.000,-1,325.000,325.000,300.000,300.000,-1,-1,-1,-1,800.000,750.000,-1,-1,2,0,2,0,2,0,0,0,0,2,2,2,2,0,0,2,2
272,6223.088,-702.552,183.541,-147.980,-0.848000,0.529986,-0.003349,-0.529520,-0.847489,-0.037024,-0.022461,-0.029623,0.999309,0,0.13008,-0.28000,7.805,-0.560,-1,400.000,-1,400.000,-1,325.000,325.000,300.000,300.000,-1,-1,-1,-1,800.000,750.000,-1,-1,2,0,2,0,2,0,0,0,0,2,2,2,2,0,0,2,2
273,6212.364,-709.175,183.277,-148.300,-0.850949,0.525239,-0.003248,-0.524774,-0.850427,-0.037223,-0.022314,-0.029970,0.999302,0,0.21008,-0.16000,12.605,-0.320,-1,400.000,-1,400.000,-1,325.000,325.000,300.000,300.000,-1,-1,-1,-1,800.000,750.000,-1,-1,2,0,2,0,2,0,0,0,0,2,2,2,2,0,0,2,2
274,6197.544,-718.300,182.868,-148.380,-0.851684,0.524047,-0.003100,-0.523584,-0.851153,-0.037385,-0.022230,-0.030218,0.999296,0,0.29008,-0.04000,17.405,-0.080,-1,400.000,-1,400.000,-1,325.000,325.000,300.000,300.000,-1,-1,-1,-1,800.000,750.000,-1,-1,2,0,2,0,2,0,0,0,0,2,2,2,2,0,0,2,2
275,6178.668,-729.995,182.326,-148.220,-0.850221,0.526418,-0.002920,-0.525955,-0.849681,-0.037582,-0.022265,-0.030417,0.999289,0,0.37008,0.08000,22.205,0.160,-1,400.000,-1,400.000,-1,325.000,325.000,300.000,300.000,-1,-1,-1,-1,800.000,750.000,-1,-1,2,0,2,0,2,0,0,0,0,2,2,2,2,0,0,2,2
276,6155.812,-744.377,181.642,-147.820,-0.846529,0.532335,-0.002721,-0.531870,-0.845982,-0.037799,-0.022424,-0.030551,0.999282,0,0.45008,0.20000,27.005,0.400,-1,400.000,-1,400.000,-1,325.000,325.000,300.000,300.000,-1,-1,-1,-1,800.000,750.000,-1,-1,2,0,2,0,2,0,0,0,0,2,2,2,2,0,0,2,2
277,6129.084,-761.615,180.801,-147.180,-0.840535,0.541751,-0.002519,-0.541280,-0.839982,-0.038023,-0.022715,-0.030596,0.999274,0,0.53008,0.32000,31.805,0.640,-1,400.000,-1,400.000,-1,325.000,325.000,300.000,300.000,-1,-1,-1,-1,825.000,775.000,-1,-1,2,0,2,0,2,0,0,0,0,2,2,2,2,0,0,2,2
278,6098.631,-781.925,179.805,-146.300,-0.832122,0.554588,-0.002343,-0.554108,-0.831563,-0.038305,-0.023192,-0.030576,0.999263,0,0.61008,0.44000,36.605,0.880,-1,400.000,-1,400.000,-1,325.000,325.000,300.000,300.000,-1,-1,-1,-1,825.000,775.000,-1,-1,2,0,2,0,2,0,0,0,0,2,2,2,2,0,0,2,2
279,6065.068,-805.270,178.864,-145.180,-0.821139,0.570724,-0.002284,-0.570203,-0.820547,-0.039633,-0.024494,-0.031241,0.999212,0,0.68139,0.56000,40.883,1.120,-1,400.000,-1,400.000,-1,325.000,325.000,300.000,300.000,-1,-1,-1,-1,825.000,775.000,-1,-1,2,0,2,0,2,0,0,0,0,2,2,2,2,0,0,2,2
280,6032.069,-829.405,177.853,-143.820,-0.807378,0.590030,-0.002262,-0.589463,-0.806759,-0.040903,-0.025959,-0.031691,0.999161,0,0.68139,0.68000,40.883,1.360,-1,400.000,-1,400.000,-1,325.000,325.000,300.000,300.000,-1,-1,-1,-1,850.000,775.000,-1,-1,2,0,2,0,2,0,0,0,0,2,2,2,2,0,0,2,2
281,5999.757,-854.451,176.764,-142.220,-0.790605,0.612322,-0.002276,-0.611705,-0.789964,-0.042112,-0.027584,-0.031902,0.999110,0,0.68139,0.80000,40.883,1.600,-1,400.000,-1,400.000,-1,325.000,325.000,300.000,300.000,-1,-1,-1,-1,850.000,775.000,-1,-1,2,0,2,0,2,0,0,0,0,2,2,2,2,0,0,2,2
282,5968.265,-880.522,175.593,-140.380,-0.770553,0.637372,-0.002320,-0.636700,-0.769898,-0.043259,-0.029358,-0.031856,0.999061,0,0.68139,0.92000,40.883,1.840,-1,400.000,-1,400.000,-1,325.000,325.000,300.000,300.000,-1,-1,-1,-1,850.000,800.000,-1,-1,2,0,2,0,2,0,0,0,0,2,2,2,2,0,0,2,2
283,5937.629,-907.593,174.349,-138.536,-0.749663,0.661816,-0.002369,-0.661089,-0.748998,-0.044312,-0.031100,-0.031653,0.999015,0,0.68139,0.92184,40.883,1.844,-1,400.000,-1,400.000,-1,325.000,325.000,300.000,300.000,-1,-1,-1,-1,875.000,800.000,-1,-1,2,0,2,0,2,0,0,0,0,2,2,2,2,0,0,2,2
284,5907.879,-935.635,173.032,-136.692,-0.727995,0.685578,-0.002428,-0.684798,-0.727326,-0.045270,-0.032802,-0.031294,0.998972,0,0.68139,0.92184,40.883,1.844,-1,400.000,-1,400.000,-1,325.000,325.000,300.000,300.000,-1,-1,-1,-1,875.000,800.000,-1,-1,2,0,2,0,2,0,0,0,0,2,2,2,2,0,0,2,2
285,5875.526,-967.888,171.537,-135.089,-0.708537,0.705669,-0.002333,-0.704842,-0.707859,-0.046194,-0.034248,-0.031086,0.998930,0,0.76139,0.80184,45.683,1.604,-1,400.000,-1,400.000,-1,325.000,325.000,300.000,300.000,-1,-1,-1,-1,875.000,825.000,-1,-1,2,0,2,0,2,0,0,0,0,2,2,2,2,0,0,2,2
286,5840.632,-1004.370,169.808,-133.725,-0.691554,0.722321,-0.002312,-0.721448,-0.690870,-0.047023,-0.035563,-0.030851,0.998891,0,0.84139,0.68184,50.483,1.364,-1,400.000,-1,400.000,-1,325.000,325.000,300.000,300.000,-1,-1,-1,-1,900.000,825.000,-1,-1,2,0,2,0,2,0,0,0,0,2,2,2,2,0,0,2,2
287,5803.211,-1045.063,167.844,-132.601,-0.677261,0.735738,-0.002487,-0.734822,-0.676579,-0.047730,-0.036799,-0.030498,0.998857,0,0.92139,0.56184,55.283,1.124,-1,400.000,-1,400.000,-1,325.000,325.000,300.000,300.000,-1,-1,-1,-1,900.000,825.000,-1,-1,2,0,2,0,2,0,0,0,0,2,2,2,2,0,0,2,2
288,5766.373,-1086.383,165.792,-131.718,-0.665834,0.746095,-0.002753,-0.745139,-0.665160,-0.048267,-0.037844,-0.030086,0.998831,0,0.92262,0.44184,55.357,0.884,-1,400.000,-1,400.000,-1,325.000,325.000,300.000,300.000,-1,-1,-1,-1,925.000,850.000,-1,-1,2,0,2,0,2,0,0,0,0,2,2,2,2,0,0,2,2
289,5730.001,-1128.115,163.671,-131.074,-0.657405,0.753531,-0.003150,-0.752542,-0.656746,-0.048642,-0.038722,-0.029607,0.998811,0,0.92262,0.32184,55.357,0.644,-1,400.000,-1,400.000,-1,325.000,325.000,300.000,300.000,-1,-1,-1,-1,950.000,875.000,-1,-1,2,0,2,0,2,0,0,0,0,2,2,2,2,0,0,2,2
290,5693.925,-1170.102,161.493,-130.670,-0.652068,0.758151,-0.003683,-0.757133,-0.651430,-0.048860,-0.039443,-0.029072,0.998799,0,0.92262,0.20184,55.357,0.404,-1,425.000,-1,400.000,-1,325.000,325.000,300.000,300.000,-1,-1,-1,-1,975.000,900.000,-1,-1,2,0,2,0,2,0,0,0,0,2,2,2,2,0,0,2,2
291,5657.968,-1212.191,159.267,-130.507,-0.649883,0.760022,-0.004352,-0.758980,-0.649273,-0.048926,-0.040010,-0.028493,0.998793,0,0.92262,0.08184,55.357,0.164,-1,425.000,-1,400.000,-1,325.000,325.000,300.000,300.000,-1,-1,-1,-1,975.000,900.000,-1,-1,2,0,2,0,2,0,0,0,0,2,2,2,2,0,0,2,2
292,5621.956,-1254.234,156.748,-130.583,-0.650901,0.759147,-0.004902,-0.758040,-0.650276,-0.050154,-0.041262,-0.028930,0.998729,0,0.92262,-0.03816,55.357,-0.076,-1,425.000,-1,400.000,-1,350.000,325.000,300.000,300.000,-1,-1,-1,-1,1000.000,925.000,-1,-1,2,0,2,0,2,0,0,0,0,2,2,2,2,0,0,2,2
293,5585.793,-1296.147,154.141,-130.787,-0.653611,0.756810,-0.005542,-0.755629,-0.652969,-0.051538,-0.042623,-0.029498,0.998656,0,0.92262,-0.10216,55.357,-0.204,-1,425.000,-1,425.000,-1,350.000,325.000,300.000,300.000,-1,-1,-1,-1,1000.000,925.000,-1,-1,2,0,2,0,2,0,0,0,0,2,2,2,2,0,0,2,2
294,5549.482,-1337.932,151.300,-130.992,-0.656329,0.754449,-0.006144,-0.753152,-0.655639,-0.053835,-0.044644,-0.030706,0.998531,0,0.92262,-0.10216,55.357,-0.204,-1,425.000,-1,425.000,-1,350.000,350.000,300.000,300.000,-1,-1,-1,-1,1000.000,925.000,-1,-1,2,0,2,0,2,0,0,0,0,2,2,2,2,0,0,2,2
295,5513.022,-1379.587,148.395,-131.196,-0.659039,0.752077,-0.006854,-0.750648,-0.658300,-0.056286,-0.046843,-0.031950,0.998391,0,0.92262,-0.10216,55.357,-0.204,-1,425.000,-1,425.000,-1,350.000,350.000,300.000,300.000,-1,-1,-1,-1,975.000,925.000,-1,-1,2,0,2,0,2,0,0,0,0,2,2,2,2,0,0,2,2
296,5479.638,-1417.554,145.732,-131.326,-0.660772,0.750549,-0.007578,-0.748979,-0.659983,-0.058754,-0.049100,-0.033147,0.998244,0,0.84262,-0.06516,50.557,-0.130,-1,425.000,-1,425.000,-1,350.000,350.000,300.000,300.000,-1,-1,-1,-1,975.000,925.000,-1,-1,2,0,2,0,2,0,0,0,0,2,2,2,2,0,0,2,2
297,5448.741,-1452.531,143.231,-131.457,-0.662497,0.749018,-0.008337,-0.747307,-0.661664,-0.061092,-0.051275,-0.034243,0.998097,0,0.77781,-0.06516,46.669,-0.130,-1,425.000,-1,425.000,-1,350.000,350.000,300.000,300.000,-1,-1,-1,-1,975.000,925.000,-1,-1,2,0,2,0,2,0,0,0,0,2,2,2,2,0,0,2,2
298,5417.765,-1487.437,140.685,-131.587,-0.664216,0.747484,-0.009188,-0.745622,-0.663342,-0.063452,-0.053524,-0.035295,0.997943,0,0.77781,-0.06516,46.669,-0.130,-1,425.000,-1,425.000,-1,350.000,350.000,300.000,300.000,-1,-1,-1,-1,950.000,925.000,-1,-1,2,0,2,0,2,0,0,0,0,2,2,2,2,0,0,2,2
299,5386.709,-1522.273,138.092,-131.717,-0.665929,0.745946,-0.010131,-0.743922,-0.665016,-0.065833,-0.055845,-0.036303,0.997779,0,0.77781,-0.06516,46.669,-0.130,-1,425.000,-1,425.000,-1,350.000,350.000,300.000,300.000,-1,-1,-1,-1,950.000,925.000,-1,-1,2,0,2,0,2,0,0,0,0,2,2,2,2,0,0,2,2
