timestep,x_cm,y_cm,z_cm,yaw_deg,teleport_flag,throttle_cmd,steering_cmd,cmd_move_cm,cmd_turn_deg,lidar_cm_0,lidar_cm_1,lidar_cm_2,lidar_cm_3,lidar_cm_4,lidar_cm_5,lidar_cm_6,lidar_cm_7,lidar_cm_8,lidar_cm_9,lidar_cm_10,lidar_cm_11,lidar_cm_12,lidar_cm_13,lidar_cm_14,lidar_cm_15,lidar_cm_16,lidar_class_0,lidar_class_1,lidar_class_2,lidar_class_3,lidar_class_4,lidar_class_5,lidar_class_6,lidar_class_7,lidar_class_8,lidar_class_9,lidar_class_10,lidar_class_11,lidar_class_12,lidar_class_13,lidar_class_14,lidar_class_15,lidar_class_16
0,-8853.964,-8859.752,245.978,-76.500,1,0.08000,0.12000,4.800,0.240,-1,425.000,850.000,375.000,-1,350.000,325.000,300.000,300.000,800.000,-1,-1,-1,625.000,525.000,825.000,675.000,2,0,1,1,2,0,0,0,0,1,2,2,2,1,1,1,1
1,-8851.645,-8869.068,245.602,-76.020,0,0.16000,0.24000,9.600,0.480,-1,425.000,825.000,375.000,-1,350.000,325.000,300.000,300.000,800.000,-1,-1,-1,600.000,525.000,825.000,650.000,2,0,1,1,2,0,0,0,0,1,2,2,2,1,1,1,1
2,-8847.991,-8882.996,245.035,-75.300,0,0.24000,0.36000,14.400,0.720,-1,425.000,825.000,375.000,-1,350.000,325.000,300.000,300.000,825.000,-1,-1,-1,600.000,500.000,825.000,625.000,2,0,1,1,2,0,0,0,0,1,2,2,2,1,1,1,1
3,-8842.883,-8901.505,244.261,-74.572,0,0.32000,0.36383,19.200,0.728,-1,425.000,800.000,350.000,-1,350.000,325.000,300.000,300.000,825.000,-1,-1,-1,575.000,475.000,800.000,575.000,2,1,1,1,2,0,1,0,0,1,2,2,2,1,1,1,1
4,-8836.207,-8924.557,243.275,-73.850,0,0.40000,0.36111,24.000,0.722,-1,425.000,775.000,350.000,875.000,350.000,325.000,300.000,300.000,850.000,-1,-1,-1,575.000,450.000,775.000,525.000,2,1,1,1,1,1,1,0,0,1,2,2,2,1,1,1,1
5,-8827.851,-8952.119,242.070,-73.134,0,0.48000,0.35796,28.800,0.716,-1,400.000,725.000,325.000,675.000,325.000,300.000,300.000,300.000,875.000,-1,-1,-1,550.000,450.000,750.000,500.000,2,1,1,1,1,1,1,0,0,1,2,2,2,1,1,1,1
6,-8817.706,-8984.150,240.639,-72.425,0,0.56000,0.35432,33.600,0.709,-1,375.000,700.000,325.000,550.000,325.000,300.000,300.000,325.000,925.000,-1,-1,-1,525.000,425.000,700.000,450.000,2,1,1,1,1,1,1,0,0,1,2,2,2,1,1,1,1
7,-8805.664,-9020.613,238.971,-71.725,0,0.64000,0.35009,38.400,0.700,-1,350.000,650.000,300.000,475.000,300.000,275.000,300.000,325.000,950.000,-1,-1,-1,500.000,400.000,650.000,400.000,2,1,1,1,1,1,1,0,0,1,2,2,2,1,1,1,1
8,-8791.624,-9061.468,237.058,-71.035,0,0.72000,0.34518,43.200,0.690,-1,350.000,600.000,275.000,400.000,275.000,250.000,300.000,325.000,1000.000,-1,-1,-1,450.000,350.000,600.000,325.000,2,1,1,1,1,1,1,0,0,1,2,2,2,1,1,1,1
9,-8775.488,-9106.675,234.356,-70.356,0,0.80000,0.33945,48.000,0.679,-1,300.000,550.000,250.000,325.000,250.000,225.000,300.000,325.000,-1,-1,-1,-1,425.000,325.000,550.000,275.000,2,1,1,1,1,1,1,0,0,2,2,2,2,1,1,1,1
10,-8757.421,-9155.490,233.814,-69.690,0,0.86752,0.33277,52.051,0.666,-1,300.000,525.000,250.000,275.000,250.000,225.000,300.000,350.000,-1,-1,-1,-1,400.000,325.000,500.000,250.000,2,1,1,1,1,1,1,0,0,2,2,2,2,1,1,1,1
11,-8738.726,-9204.293,234.685,-69.040,0,0.87102,0.32500,52.261,0.650,-1,275.000,500.000,225.000,275.000,225.000,225.000,275.000,400.000,1000.000,-1,-1,-1,375.000,300.000,475.000,225.000,2,1,1,1,1,1,1,0,0,1,2,2,2,1,1,1,1
12,-8719.429,-9253.049,235.284,-68.407,0,0.87394,0.31647,52.436,0.633,-1,275.000,500.000,225.000,250.000,225.000,200.000,275.000,425.000,975.000,-1,-1,-1,375.000,300.000,450.000,225.000,2,1,1,1,1,1,1,0,1,1,2,2,2,1,1,1,1
13,-8699.560,-9301.719,235.220,-67.793,0,0.87616,0.30710,52.569,0.614,-1,250.000,500.000,225.000,225.000,225.000,200.000,275.000,475.000,950.000,75.000,-1,-1,350.000,300.000,425.000,225.000,2,1,1,1,1,1,1,0,1,1,0,2,2,1,1,1,1
14,-8679.156,-9350.258,238.016,-67.199,0,0.87755,0.29679,52.653,0.594,-1,250.000,525.000,225.000,225.000,225.000,200.000,275.000,500.000,925.000,50.000,200.000,-1,350.000,300.000,550.000,225.000,2,1,1,1,1,1,1,0,1,1,0,0,2,1,1,1,1
15,-6887.288,327.966,544.947,73.222,1,0.00000,0.00000,52.677,0.571,-1,400.000,-1,425.000,-1,325.000,325.000,325.000,325.000,-1,550.000,475.000,-1,-1,-1,-1,-1,2,0,2,0,2,0,0,0,0,2,1,1,2,2,2,2,2
16,-6885.922,332.568,544.818,73.462,0,0.08000,0.12000,4.800,0.240,-1,400.000,-1,425.000,-1,325.000,325.000,325.000,325.000,-1,550.000,475.000,-1,-1,-1,-1,-1,2,0,2,0,2,0,0,0,0,2,1,1,2,2,2,2,2
17,-6883.266,341.793,544.558,73.942,0,0.16000,0.24000,9.600,0.480,-1,400.000,-1,425.000,-1,325.000,325.000,325.000,325.000,-1,575.000,500.000,-1,-1,-1,-1,-1,2,0,2,0,2,0,0,0,0,2,1,1,2,2,2,2,2
18,-6879.457,355.680,544.161,74.662,0,0.24000,0.36000,14.400,0.720,-1,400.000,-1,425.000,-1,325.000,325.000,325.000,325.000,-1,575.000,500.000,-1,-1,-1,-1,-1,2,0,2,0,2,0,0,0,0,2,1,1,2,2,2,2,2
19,-6874.676,374.275,543.624,75.579,0,0.32000,0.45841,19.200,0.917,-1,400.000,-1,425.000,-1,325.000,325.000,325.000,300.000,-1,600.000,525.000,-1,-1,-1,-1,-1,2,0,2,0,2,0,0,0,0,2,1,1,2,2,2,2,2
20,-6869.077,397.613,542.964,76.511,0,0.40000,0.46631,24.000,0.933,-1,400.000,-1,425.000,-1,325.000,325.000,325.000,300.000,-1,625.000,575.000,-1,-1,-1,-1,-1,2,0,2,0,2,0,0,0,0,2,1,1,2,2,2,2,2
21,-6862.826,425.726,542.170,77.464,0,0.48000,0.47624,28.800,0.952,-1,400.000,-1,425.000,-1,325.000,325.000,350.000,300.000,-1,675.000,600.000,-1,1000.000,-1,-1,-1,2,0,2,0,2,0,0,0,0,2,1,1,2,0,2,2,2
22,-6856.093,458.645,541.236,78.440,0,0.56000,0.48820,33.600,0.976,-1,400.000,-1,425.000,-1,325.000,325.000,350.000,300.000,-1,725.000,650.000,-1,1000.000,-1,-1,-1,2,0,2,0,2,0,0,0,0,2,1,1,2,0,2,2,2
23,-6849.344,494.864,540.193,79.445,0,0.61404,0.50222,36.842,1.004,-1,400.000,-1,425.000,-1,325.000,325.000,350.000,325.000,-1,775.000,725.000,-1,975.000,975.000,-1,-1,2,0,2,0,2,0,0,0,0,2,1,1,2,0,0,2,2
24,-6843.151,531.793,539.105,80.480,0,0.62409,0.51765,37.445,1.035,-1,400.000,-1,425.000,-1,325.000,325.000,350.000,325.000,-1,850.000,775.000,-1,950.000,950.000,-1,-1,2,0,2,0,2,0,0,0,0,2,1,1,2,0,0,2,2
25,-6837.554,569.451,537.968,81.547,0,0.63453,0.53338,38.072,1.067,-1,400.000,-1,425.000,-1,325.000,325.000,350.000,325.000,-1,925.000,850.000,-1,925.000,950.000,-1,-1,2,0,2,0,2,0,0,0,0,2,1,1,2,0,0,2,2
26,-6832.598,607.853,536.780,82.646,0,0.64535,0.54942,38.721,1.099,-1,400.000,-1,425.000,-1,325.000,325.000,350.000,325.000,-1,975.000,900.000,-1,925.000,925.000,-1,-1,2,0,2,0,2,0,0,0,0,2,1,1,2,0,0,2,2
27,-6828.328,647.013,534.870,83.777,0,0.65654,0.56578,39.392,1.132,-1,400.000,-1,425.000,-1,325.000,325.000,350.000,325.000,-1,-1,975.000,-1,900.000,925.000,-1,-1,2,0,2,0,2,0,0,0,0,2,2,1,2,0,0,2,2
28,-6824.794,686.942,532.325,84.942,0,0.66808,0.58244,40.085,1.165,-1,400.000,-1,425.000,-1,325.000,325.000,350.000,325.000,-1,-1,-1,-1,900.000,950.000,-1,-1,2,0,2,0,2,0,0,0,0,2,2,2,2,0,0,2,2
29,-6822.048,727.647,528.828,86.141,0,0.67997,0.59943,40.798,1.199,-1,400.000,-1,425.000,-1,325.000,325.000,350.000,325.000,-1,-1,-1,-1,875.000,925.000,-1,-1,2,0,2,0,2,0,0,0,0,2,2,2,2,0,0,2,2
30,-6820.122,773.205,524.868,87.580,0,0.75997,0.71943,45.598,1.439,-1,400.000,-1,400.000,-1,325.000,325.000,350.000,325.000,-1,-1,-1,-1,875.000,925.000,-1,-1,2,0,2,0,2,0,0,0,0,2,2,2,2,0,0,2,2
31,-6819.412,821.267,520.640,89.154,0,0.80112,0.78694,48.067,1.574,-1,400.000,-1,400.000,-1,300.000,325.000,350.000,325.000,-1,-1,-1,-1,875.000,900.000,-1,-1,2,0,2,0,2,0,0,0,0,2,2,2,2,0,0,2,2
32,-6820.234,869.926,516.298,90.967,0,0.81111,0.90694,48.666,1.814,-1,400.000,-1,400.000,-1,300.000,325.000,350.000,325.000,-1,0.000,-1,-1,850.000,900.000,-1,-1,2,0,2,0,2,0,0,0,0,2,0,2,2,0,0,2,2
33,-6822.785,919.152,511.840,92.967,0,0.82153,0.99980,49.292,2.000,-1,400.000,-1,400.000,-1,300.000,325.000,350.000,325.000,-1,0.000,-1,-1,850.000,875.000,-1,-1,2,0,2,0,2,0,0,0,0,2,0,2,2,0,0,2,2
34,-6827.091,968.907,507.268,94.947,0,0.83235,0.98976,49.941,1.980,950.000,400.000,-1,400.000,-1,325.000,300.000,350.000,325.000,-1,0.000,-1,-1,825.000,850.000,-1,-1,1,0,2,0,2,0,0,0,0,2,0,2,2,0,0,2,2
35,-6833.175,1019.135,502.584,96.906,0,0.84326,0.97972,50.595,1.959,875.000,400.000,-1,400.000,-1,325.000,300.000,350.000,325.000,-1,-1,-1,-1,825.000,850.000,-1,-1,1,0,2,0,2,0,0,0,0,2,2,2,2,0,0,2,2
36,-6841.056,1069.778,497.788,98.845,0,0.85421,0.96971,51.253,1.939,800.000,400.000,-1,400.000,-1,325.000,300.000,350.000,325.000,-1,-1,-1,-1,800.000,825.000,-1,-1,1,0,2,0,2,0,0,0,0,2,2,2,2,0,0,2,2
37,-6850.752,1120.775,492.880,100.765,0,0.86516,0.95973,51.910,1.919,725.000,400.000,-1,400.000,-1,325.000,300.000,350.000,325.000,-1,-1,-1,-1,800.000,800.000,-1,-1,1,0,2,0,2,0,0,0,0,2,2,2,2,0,0,2,2
38,-6861.837,1171.009,487.966,102.444,0,0.85738,0.83973,51.443,1.679,675.000,400.000,-1,375.000,-1,325.000,300.000,350.000,325.000,-1,-1,-1,-1,775.000,800.000,975.000,-1,1,0,2,0,2,0,0,0,0,2,2,2,2,0,0,1,2
39,-6874.329,1221.548,482.941,103.884,0,0.86767,0.71973,52.060,1.439,625.000,400.000,-1,375.000,-1,325.000,300.000,350.000,350.000,-1,-1,-1,-1,775.000,775.000,900.000,-1,1,0,2,0,2,0,0,0,0,2,2,2,2,0,0,1,2
40,-6888.015,1272.328,477.408,105.083,0,0.87654,0.59973,52.593,1.199,600.000,400.000,-1,375.000,-1,325.000,300.000,350.000,350.000,-1,0.000,-1,-1,750.000,775.000,825.000,-1,1,0,2,0,2,0,0,0,0,2,0,2,2,0,0,1,2
41,-6902.562,1322.919,471.620,106.043,0,0.87734,0.47973,52.640,0.959,550.000,400.000,-1,375.000,-1,325.000,300.000,350.000,350.000,-1,0.000,-1,-1,750.000,750.000,775.000,-1,1,0,2,0,2,0,0,0,0,2,0,2,2,0,0,1,2
42,-6917.746,1373.331,465.793,106.762,0,0.87749,0.35973,52.650,0.719,525.000,400.000,-1,375.000,-1,325.000,300.000,350.000,350.000,-1,0.000,-1,-1,750.000,750.000,725.000,-1,1,0,2,0,2,0,0,0,0,2,0,2,2,0,0,1,2
43,-6933.342,1423.582,459.774,107.242,0,0.87692,0.23973,52.615,0.479,500.000,400.000,-1,375.000,-1,325.000,300.000,350.000,350.000,-1,50.000,-1,-1,725.000,750.000,675.000,-1,1,0,2,0,2,0,0,0,0,2,0,2,2,0,0,1,2
44,-6949.122,1473.689,453.827,107.481,0,0.87555,0.11973,52.533,0.239,475.000,400.000,-1,375.000,-1,325.000,325.000,325.000,350.000,-1,100.000,-1,-1,725.000,750.000,625.000,-1,1,0,2,0,2,0,0,0,0,2,0,2,2,1,0,1,2
45,-6964.861,1523.666,447.916,107.481,0,0.87328,-0.00027,52.397,-0.001,450.000,400.000,-1,375.000,-1,325.000,325.000,325.000,350.000,-1,125.000,-1,-1,700.000,750.000,600.000,-1,1,0,2,0,2,0,0,0,0,2,0,2,2,1,0,1,2
46,-6980.333,1573.523,442.051,107.240,0,0.87005,-0.12027,52.203,-0.241,425.000,375.000,-1,400.000,-1,325.000,325.000,325.000,350.000,-1,175.000,-1,-1,700.000,750.000,575.000,-1,1,0,2,0,2,0,0,0,0,2,0,2,2,1,0,1,2
47,-6995.312,1623.264,436.243,106.759,0,0.86580,-0.24027,51.948,-0.481,400.000,375.000,-1,400.000,-1,325.000,325.000,325.000,350.000,-1,225.000,-1,-1,675.000,750.000,550.000,-1,1,0,2,0,2,0,0,1,0,2,0,2,2,1,0,1,2
48,-7009.696,1672.850,430.505,106.176,0,0.86050,-0.29151,51.630,-0.583,400.000,375.000,-1,400.000,-1,325.000,325.000,325.000,350.000,-1,275.000,-1,-1,675.000,750.000,550.000,-1,1,0,2,0,2,0,0,1,0,2,0,2,2,1,0,1,2
49,-7023.481,1722.230,424.845,105.598,0,0.85447,-0.28925,51.268,-0.578,375.000,375.000,-1,400.000,-1,325.000,325.000,300.000,350.000,-1,350.000,-1,-1,650.000,750.000,525.000,-1,1,0,2,0,2,0,0,1,0,2,0,2,2,1,0,1,2
50,-7036.670,1771.372,419.265,105.023,0,0.84801,-0.28741,50.881,-0.575,375.000,375.000,-1,400.000,-1,325.000,325.000,300.000,350.000,-1,400.000,-1,-1,650.000,750.000,525.000,-1,1,0,2,0,2,0,0,1,0,2,0,2,2,1,0,1,2
51,-7049.266,1820.248,413.688,104.451,0,0.84122,-0.28601,50.473,-0.572,350.000,375.000,-1,400.000,-1,300.000,325.000,275.000,350.000,-1,450.000,-1,-1,650.000,750.000,525.000,-1,1,0,2,0,2,0,0,1,0,2,0,2,2,1,0,1,2
52,-7061.273,1868.838,408.165,103.881,0,0.83419,-0.28505,50.051,-0.570,350.000,375.000,-1,400.000,-1,300.000,325.000,275.000,350.000,-1,500.000,-1,-1,650.000,750.000,500.000,-1,1,0,2,0,2,0,0,1,0,2,0,2,2,1,0,1,2
53,-7072.699,1917.126,402.685,103.312,0,0.82702,-0.28452,49.621,-0.569,325.000,375.000,-1,400.000,-1,300.000,300.000,250.000,350.000,-1,550.000,300.000,-1,625.000,750.000,500.000,-1,1,0,2,0,2,0,0,1,0,2,0,0,2,1,0,1,2
54,-7083.549,1965.104,397.386,102.743,0,0.81983,-0.28442,49.190,-0.569,325.000,375.000,-1,400.000,-1,300.000,300.000,250.000,350.000,-1,575.000,325.000,-1,625.000,750.000,500.000,-1,1,0,2,0,2,0,0,1,0,2,0,0,2,1,0,1,2
55,-7093.832,2012.771,392.208,102.174,0,0.81272,-0.28474,48.763,-0.569,325.000,375.000,-1,400.000,-1,300.000,300.000,250.000,350.000,-1,600.000,325.000,-1,625.000,750.000,525.000,-1,1,0,2,0,2,0,0,1,0,2,0,0,2,1,0,1,2
56,-7104.433,2063.389,386.957,101.829,0,0.86194,-0.17248,51.717,-0.345,325.000,350.000,-1,400.000,-1,300.000,300.000,225.000,350.000,-1,600.000,350.000,-1,625.000,750.000,575.000,-1,1,0,2,0,2,0,0,1,0,2,0,0,2,1,0,1,2
57,-7114.689,2113.784,381.880,101.504,0,0.85713,-0.16248,51.428,-0.325,325.000,350.000,-1,400.000,-1,300.000,300.000,225.000,350.000,-1,600.000,350.000,-1,625.000,725.000,850.000,-1,1,0,2,0,2,0,0,1,0,2,0,0,2,1,0,0,2
58,-7124.614,2163.911,376.887,101.199,0,0.85167,-0.15244,51.100,-0.305,325.000,350.000,-1,400.000,-1,300.000,325.000,225.000,350.000,-1,600.000,350.000,-1,625.000,725.000,825.000,-1,1,0,2,0,2,0,0,1,0,2,0,0,2,0,0,0,2
59,-7134.212,2213.733,371.980,100.905,0,0.84563,-0.14707,50.738,-0.294,350.000,350.000,-1,400.000,-1,300.000,325.000,225.000,350.000,-1,600.000,375.000,-1,625.000,725.000,825.000,-1,1,0,2,0,2,0,0,1,0,2,0,0,2,0,0,0,2
60,-7143.486,2263.215,367.160,100.615,0,0.83906,-0.14472,50.344,-0.289,400.000,350.000,-1,400.000,-1,300.000,325.000,200.000,350.000,-1,600.000,375.000,-1,600.000,725.000,800.000,-1,1,0,2,0,2,0,0,1,0,2,0,0,2,0,0,0,2
61,-7152.438,2312.328,362.427,100.330,0,0.83202,-0.14280,49.921,-0.286,725.000,350.000,-1,400.000,-1,300.000,325.000,200.000,350.000,600.000,600.000,375.000,-1,600.000,725.000,800.000,-1,0,0,2,0,2,0,0,1,0,1,0,0,2,0,0,0,2
62,-7161.069,2361.046,357.779,100.047,0,0.82461,-0.14129,49.477,-0.283,725.000,375.000,-1,400.000,-1,300.000,325.000,200.000,350.000,550.000,600.000,375.000,-1,600.000,725.000,775.000,-1,0,0,2,0,2,0,0,1,0,1,0,0,2,0,0,0,2
63,-7169.384,2409.351,353.216,99.767,0,0.81693,-0.14020,49.016,-0.280,700.000,350.000,-1,400.000,-1,300.000,325.000,200.000,350.000,525.000,600.000,375.000,-1,600.000,725.000,775.000,-1,0,0,2,0,2,0,0,1,0,1,0,0,2,0,0,0,2
64,-7177.386,2457.231,348.737,99.488,0,0.80908,-0.13954,48.545,-0.279,700.000,350.000,-1,375.000,-1,300.000,300.000,200.000,350.000,500.000,600.000,375.000,-1,600.000,725.000,750.000,-1,0,0,2,0,2,0,0,1,0,1,0,0,2,0,0,0,2
65,-7185.079,2504.682,344.277,99.209,0,0.80118,-0.13929,48.071,-0.279,675.000,350.000,-1,375.000,-1,300.000,300.000,200.000,350.000,475.000,575.000,375.000,-1,600.000,725.000,750.000,-1,0,0,2,0,2,0,0,1,0,1,0,0,2,0,0,0,2
66,-7192.468,2551.705,339.848,98.930,0,0.79333,-0.13944,47.600,-0.279,675.000,350.000,-1,375.000,-1,300.000,300.000,200.000,325.000,450.000,550.000,375.000,-1,575.000,725.000,750.000,-1,0,0,2,0,2,0,0,1,0,1,0,0,2,0,0,0,2
67,-7199.557,2598.307,335.617,98.650,0,0.78564,-0.13997,47.139,-0.280,675.000,350.000,-1,375.000,-1,300.000,300.000,200.000,325.000,450.000,550.000,350.000,-1,575.000,725.000,725.000,-1,0,0,2,0,2,0,0,1,0,1,0,0,2,0,0,0,2
68,-7206.353,2644.502,331.817,98.368,0,0.77820,-0.14089,46.692,-0.282,650.000,350.000,-1,375.000,-1,300.000,300.000,200.000,325.000,425.000,525.000,350.000,-1,575.000,725.000,725.000,-1,0,0,2,0,2,0,0,1,0,1,0,0,2,0,0,0,2
69,-7212.859,2690.309,328.401,98.084,0,0.77110,-0.14217,46.266,-0.284,650.000,350.000,-1,375.000,-1,300.000,300.000,200.000,325.000,400.000,525.000,350.000,-1,575.000,725.000,725.000,-1,0,0,2,0,2,0,0,1,0,1,0,0,2,0,0,0,2
70,-7219.081,2735.748,325.247,97.796,0,0.76439,-0.14378,45.863,-0.288,675.000,350.000,-1,375.000,-1,300.000,300.000,200.000,325.000,400.000,525.000,375.000,-1,575.000,725.000,750.000,-1,0,0,2,0,2,0,0,1,0,1,0,0,2,0,0,0,2
71,-7225.022,2780.846,322.157,97.505,0,0.75813,-0.14573,45.488,-0.291,675.000,350.000,-1,375.000,-1,300.000,300.000,225.000,325.000,375.000,525.000,375.000,-1,600.000,725.000,750.000,-1,0,0,2,0,2,0,0,1,0,1,0,0,2,0,0,0,2
72,-7230.687,2825.632,319.127,97.209,0,0.75237,-0.14798,45.142,-0.296,700.000,350.000,-1,400.000,-1,300.000,300.000,225.000,325.000,375.000,525.000,375.000,-1,600.000,725.000,750.000,-1,0,0,2,0,2,0,0,1,0,1,0,0,2,0,0,0,2
73,-7236.078,2870.134,316.151,96.908,0,0.74713,-0.15052,44.828,-0.301,700.000,350.000,-1,400.000,-1,300.000,300.000,250.000,325.000,375.000,500.000,375.000,-1,600.000,725.000,750.000,-1,0,0,2,0,2,0,0,1,0,1,0,0,2,0,0,0,2
74,-7241.200,2914.384,313.252,96.601,0,0.74243,-0.15333,44.546,-0.307,700.000,350.000,-1,400.000,-1,300.000,325.000,275.000,325.000,375.000,500.000,375.000,-1,600.000,725.000,750.000,-1,0,0,2,0,2,0,0,1,0,1,0,0,2,0,0,0,2
75,-7246.052,2958.414,310.395,96.289,0,0.73827,-0.15640,44.296,-0.313,700.000,350.000,-1,400.000,-1,300.000,325.000,300.000,325.000,375.000,500.000,375.000,-1,600.000,725.000,750.000,-1,0,0,2,0,2,0,0,1,0,1,0,0,2,0,0,0,2
76,-7250.636,3002.255,307.576,95.969,0,0.73466,-0.15971,44.080,-0.319,700.000,350.000,-1,400.000,-1,300.000,325.000,300.000,325.000,375.000,500.000,350.000,-1,600.000,725.000,750.000,-1,0,0,2,0,2,0,0,0,0,1,0,0,2,0,0,0,2
77,-7254.952,3045.938,304.791,95.643,0,0.73160,-0.16325,43.896,-0.326,700.000,350.000,-1,400.000,-1,300.000,325.000,300.000,325.000,400.000,500.000,325.000,-1,600.000,750.000,750.000,-1,0,0,2,0,2,0,0,0,0,1,0,0,2,0,0,0,2
78,-7258.999,3089.494,302.035,95.309,0,0.72906,-0.16700,43.744,-0.334,700.000,350.000,-1,400.000,-1,300.000,325.000,300.000,325.000,400.000,500.000,325.000,-1,600.000,750.000,775.000,-1,0,0,2,0,2,0,0,0,0,1,0,0,2,0,0,0,2
79,-7262.776,3132.953,299.305,94.967,0,0.72704,-0.17096,43.622,-0.342,700.000,350.000,-1,400.000,-1,300.000,300.000,300.000,325.000,425.000,500.000,300.000,-1,600.000,750.000,775.000,-1,0,0,2,0,2,0,0,0,0,1,0,0,2,0,0,0,2
80,-7266.279,3176.342,296.598,94.617,0,0.72551,-0.17510,43.531,-0.350,700.000,350.000,-1,400.000,-1,300.000,300.000,300.000,325.000,450.000,475.000,275.000,-1,600.000,750.000,775.000,-1,0,0,2,0,2,0,0,0,0,1,0,0,2,0,0,0,2
81,-7269.506,3219.690,293.908,94.258,0,0.72447,-0.17943,43.468,-0.359,700.000,350.000,-1,400.000,-1,300.000,300.000,275.000,325.000,450.000,450.000,275.000,-1,600.000,750.000,775.000,-1,0,0,2,0,2,0,0,0,0,1,0,0,2,0,0,0,2
82,-7272.453,3263.023,291.294,93.890,0,0.72388,-0.18393,43.433,-0.368,700.000,350.000,-1,375.000,-1,300.000,300.000,275.000,325.000,475.000,425.000,275.000,-1,600.000,750.000,775.000,-1,0,0,2,0,2,0,0,0,0,1,0,0,2,0,0,0,2
83,-7275.113,3306.364,289.348,93.513,0,0.72372,-0.18859,43.423,-0.377,700.000,350.000,-1,400.000,-1,300.000,300.000,275.000,325.000,500.000,425.000,275.000,-1,600.000,750.000,775.000,-1,0,0,2,0,2,0,0,0,0,1,0,0,2,0,0,0,2
84,-7277.482,3349.739,287.866,93.126,0,0.72398,-0.19341,43.439,-0.387,725.000,350.000,-1,400.000,-1,300.000,300.000,275.000,325.000,550.000,450.000,300.000,-1,600.000,775.000,800.000,-1,0,0,2,0,2,0,0,0,0,1,0,0,2,0,0,0,2
85,-7279.552,3393.168,286.391,92.729,0,0.72464,-0.19838,43.478,-0.397,725.000,350.000,-1,400.000,-1,300.000,300.000,300.000,325.000,575.000,475.000,325.000,-1,600.000,775.000,825.000,-1,0,0,2,0,2,0,0,0,0,1,0,0,2,0,0,0,2
86,-7281.316,3436.673,284.918,92.322,0,0.72567,-0.20350,43.540,-0.407,750.000,350.000,-1,400.000,-1,300.000,325.000,300.000,325.000,625.000,500.000,350.000,-1,600.000,800.000,850.000,-1,0,0,2,0,2,0,0,0,0,1,0,0,2,0,0,0,2
87,-7282.773,3475.385,283.626,92.155,0,0.64567,-0.08350,38.740,-0.167,750.000,350.000,-1,400.000,-1,300.000,325.000,300.000,325.000,650.000,500.000,350.000,-1,600.000,800.000,875.000,-1,0,0,2,0,2,0,0,0,0,1,0,0,2,0,0,0,2
88,-7284.093,3509.300,282.514,92.228,0,0.56567,0.03650,33.940,0.073,775.000,350.000,-1,400.000,-1,300.000,325.000,300.000,325.000,675.000,500.000,375.000,-1,600.000,800.000,875.000,-1,0,0,2,0,2,0,0,0,0,1,0,0,2,0,0,0,2
89,-7285.384,3538.412,281.582,92.541,0,0.48567,0.15650,29.140,0.313,775.000,350.000,-1,400.000,-1,300.000,325.000,300.000,325.000,700.000,500.000,375.000,-1,625.000,800.000,900.000,-1,0,0,2,0,2,0,0,0,0,1,0,0,2,0,0,0,2
90,-7286.698,3562.717,280.830,93.094,0,0.40567,0.27650,24.340,0.553,800.000,350.000,-1,400.000,-1,300.000,325.000,300.000,325.000,725.000,500.000,375.000,-1,625.000,800.000,900.000,-1,0,0,2,0,2,0,0,0,0,1,0,0,2,0,0,0,2
91,-7288.023,3582.212,280.255,93.887,0,0.32567,0.39650,19.540,0.793,800.000,350.000,-1,400.000,-1,300.000,325.000,300.000,325.000,750.000,500.000,375.000,-1,625.000,800.000,900.000,-1,0,0,2,0,2,0,0,0,0,1,0,0,2,0,0,0,2
92,-7289.287,3596.898,279.853,94.920,0,0.24567,0.51650,14.740,1.033,800.000,350.000,-1,400.000,-1,300.000,325.000,300.000,325.000,750.000,475.000,350.000,-1,625.000,800.000,900.000,-1,0,0,2,0,2,0,0,0,0,1,0,0,2,0,0,0,2
93,-7290.359,3606.780,279.620,96.193,0,0.16567,0.63650,9.940,1.273,800.000,350.000,-1,400.000,-1,300.000,325.000,300.000,325.000,750.000,450.000,350.000,-1,600.000,800.000,900.000,-1,0,0,2,0,2,0,0,0,0,1,0,0,2,0,0,0,2
94,-7291.049,3611.874,279.546,97.706,0,0.08567,0.75650,5.140,1.513,800.000,350.000,-1,400.000,-1,300.000,325.000,300.000,325.000,750.000,450.000,325.000,-1,600.000,775.000,875.000,-1,0,0,2,0,2,0,0,0,0,1,0,0,2,0,0,0,2
95,-7291.104,3612.210,279.618,99.370,0,0.00567,0.83191,0.340,1.664,800.000,350.000,-1,400.000,-1,300.000,325.000,300.000,325.000,750.000,425.000,300.000,-1,600.000,775.000,875.000,-1,0,0,2,0,2,0,0,0,0,1,0,0,2,0,0,0,2
96,-7290.251,3607.833,279.819,101.034,0,-0.07433,0.83187,-4.460,1.664,800.000,350.000,-1,400.000,-1,300.000,300.000,300.000,325.000,750.000,400.000,300.000,-1,600.000,750.000,850.000,-1,0,0,2,0,2,0,0,0,0,1,0,0,2,0,0,0,2
97,-7288.396,3599.600,280.120,102.698,0,-0.14065,0.83237,-8.439,1.665,800.000,350.000,-1,400.000,-1,300.000,300.000,300.000,325.000,750.000,400.000,275.000,-1,600.000,750.000,850.000,-1,0,0,2,0,2,0,0,0,0,1,0,0,2,0,0,0,2
98,-7286.323,3591.507,280.408,104.365,0,-0.13925,0.83329,-8.355,1.667,825.000,350.000,-1,375.000,-1,300.000,300.000,300.000,325.000,750.000,375.000,275.000,-1,600.000,725.000,850.000,-1,0,0,2,0,2,0,0,0,0,1,0,0,2,0,0,0,2
99,-7284.040,3583.565,280.681,106.033,0,-0.13773,0.83417,-8.264,1.668,825.000,350.000,-1,375.000,-1,300.000,300.000,300.000,325.000,750.000,350.000,275.000,-1,600.000,725.000,825.000,-1,0,0,2,0,2,0,0,0,0,1,0,0,2,0,0,0,2
100,-7281.558,3575.786,280.941,107.703,0,-0.13608,0.83501,-8.165,1.670,825.000,350.000,-1,375.000,-1,300.000,300.000,300.000,325.000,775.000,350.000,250.000,-1,600.000,700.000,825.000,-1,0,0,2,0,2,0,0,0,0,1,0,0,2,0,0,0,2
101,-7278.884,3568.184,281.186,109.375,0,-0.13432,0.83580,-8.059,1.672,825.000,350.000,-1,375.000,-1,300.000,300.000,300.000,325.000,800.000,350.000,250.000,-1,575.000,700.000,825.000,-1,0,0,2,0,2,0,0,0,0,1,0,0,2,0,0,0,2
102,-7276.030,3560.768,281.416,111.048,0,-0.13244,0.83654,-7.946,1.673,825.000,350.000,-1,375.000,-1,300.000,300.000,300.000,325.000,825.000,325.000,250.000,-1,575.000,700.000,825.000,-1,0,0,2,0,2,0,0,0,0,1,0,0,2,0,0,0,2
103,-7273.007,3553.549,281.632,112.722,0,-0.13045,0.83724,-7.827,1.674,825.000,350.000,-1,375.000,-1,300.000,300.000,300.000,325.000,875.000,325.000,250.000,-1,575.000,675.000,825.000,-1,0,0,2,0,2,0,0,0,0,1,0,0,2,0,0,0,2
104,-7269.826,3546.535,281.832,114.398,0,-0.12835,0.83789,-7.701,1.676,825.000,350.000,-1,375.000,-1,300.000,300.000,300.000,325.000,925.000,300.000,250.000,-1,575.000,675.000,825.000,-1,0,0,2,0,2,0,0,0,0,1,0,0,2,0,0,0,2
105,-7266.499,3539.737,282.017,116.075,0,-0.12615,0.83850,-7.569,1.677,850.000,350.000,-1,375.000,-1,300.000,300.000,300.000,325.000,1000.000,300.000,250.000,-1,575.000,650.000,825.000,-1,0,0,2,0,2,0,0,0,0,1,0,0,2,0,0,0,2
106,-7263.038,3533.160,282.187,117.753,0,-0.12386,0.83906,-7.432,1.678,850.000,350.000,-1,375.000,-1,300.000,300.000,325.000,325.000,-1,300.000,250.000,-1,575.000,650.000,850.000,-1,0,0,2,0,2,0,0,0,0,2,0,0,2,0,0,0,2
107,-7259.457,3526.812,282.340,119.433,0,-0.12148,0.83957,-7.289,1.679,850.000,350.000,-1,375.000,-1,300.000,300.000,325.000,325.000,-1,275.000,250.000,-1,575.000,650.000,850.000,-1,0,0,2,0,2,0,0,0,0,2,0,0,2,0,0,0,2
108,-7255.767,3520.698,282.474,121.113,0,-0.11902,0.84004,-7.141,1.680,850.000,350.000,-1,350.000,-1,300.000,300.000,325.000,325.000,-1,275.000,250.000,-1,575.000,650.000,850.000,-1,0,0,2,0,2,0,0,0,0,2,0,0,2,0,0,0,2
109,-7251.982,3514.823,282.591,122.794,0,-0.11648,0.84046,-6.989,1.681,875.000,350.000,-1,350.000,-1,300.000,300.000,325.000,325.000,-1,275.000,250.000,-1,575.000,625.000,850.000,-1,0,0,2,0,2,0,0,0,0,2,0,0,2,0,0,0,2
110,-7248.114,3509.191,282.692,124.475,0,-0.11388,0.84083,-6.833,1.682,875.000,350.000,-1,350.000,-1,300.000,300.000,325.000,325.000,-1,250.000,250.000,-1,575.000,625.000,850.000,-1,0,0,2,0,2,0,0,0,0,2,0,0,2,0,0,0,2
111,-7244.177,3503.803,282.783,126.158,0,-0.11121,0.84117,-6.673,1.682,875.000,350.000,-1,350.000,-1,300.000,300.000,325.000,325.000,-1,250.000,250.000,-1,575.000,625.000,850.000,-1,0,0,2,0,2,0,0,0,0,2,0,0,2,0,0,0,2
112,-7243.022,3502.329,282.874,128.080,0,-0.03121,0.96117,-1.873,1.922,900.000,350.000,-1,350.000,-1,300.000,300.000,325.000,325.000,-1,250.000,250.000,-1,575.000,625.000,875.000,-1,0,0,2,0,2,0,0,0,0,2,0,0,2,0,0,0,2
113,-7244.907,3504.569,282.860,130.080,0,0.04879,1.00000,2.927,2.000,925.000,350.000,-1,350.000,-1,300.000,300.000,325.000,325.000,-1,250.000,250.000,-1,575.000,600.000,875.000,-1,0,0,2,0,2,0,0,0,0,2,0,0,2,0,0,0,2
114,-7250.085,3510.304,282.756,132.080,0,0.12879,1.00000,7.727,2.000,950.000,350.000,-1,350.000,-1,300.000,300.000,325.000,325.000,-1,225.000,250.000,-1,600.000,600.000,900.000,-1,0,0,2,0,2,0,0,0,0,2,0,0,2,0,0,0,2
115,-7258.800,3519.304,282.580,134.080,0,0.20879,1.00000,12.527,2.000,975.000,350.000,-1,350.000,-1,300.000,300.000,325.000,325.000,-1,225.000,250.000,-1,600.000,600.000,900.000,1000.000,0,0,2,0,2,0,0,0,0,2,0,0,2,0,0,0,0
116,-7271.281,3531.323,282.356,136.080,0,0.28879,1.00000,17.327,2.000,1000.000,350.000,-1,350.000,-1,300.000,300.000,325.000,325.000,-1,225.000,250.000,-1,600.000,600.000,925.000,975.000,0,0,2,0,2,0,0,0,0,2,0,0,2,0,0,0,0
117,-7287.746,3546.106,282.110,138.080,0,0.36879,1.00000,22.127,2.000,-1,350.000,-1,350.000,-1,300.000,300.000,325.000,325.000,-1,225.000,250.000,-1,600.000,600.000,950.000,950.000,2,0,2,0,2,0,0,0,0,2,0,0,2,0,0,0,0
118,-7308.397,3563.386,281.888,140.080,0,0.44879,1.00000,26.927,2.000,-1,350.000,-1,350.000,-1,300.000,300.000,325.000,325.000,-1,225.000,250.000,-1,625.000,600.000,975.000,925.000,2,0,2,0,2,0,0,0,0,2,0,0,2,0,0,0,0
119,-7333.426,3582.884,281.725,142.080,0,0.52879,1.00000,31.727,2.000,-1,350.000,-1,350.000,-1,300.000,300.000,325.000,325.000,-1,200.000,250.000,-1,625.000,600.000,1000.000,925.000,2,0,2,0,2,0,0,0,0,2,0,0,2,0,0,0,0
120,-7363.007,3604.313,281.712,144.080,0,0.60879,1.00000,36.527,2.000,-1,350.000,-1,350.000,-1,300.000,300.000,325.000,325.000,-1,200.000,250.000,-1,625.000,600.000,-1,900.000,2,0,2,0,2,0,0,0,0,2,0,0,2,0,0,2,0
121,-7397.301,3627.375,282.048,146.080,0,0.68879,1.00000,41.327,2.000,-1,375.000,-1,350.000,1000.000,300.000,300.000,325.000,325.000,-1,225.000,275.000,-1,625.000,600.000,-1,900.000,2,0,2,0,0,0,0,0,0,2,0,0,2,0,0,2,0
122,-7436.453,3651.765,282.712,148.080,0,0.76879,1.00000,46.127,2.000,-1,375.000,-1,350.000,975.000,300.000,300.000,325.000,325.000,-1,225.000,300.000,-1,625.000,600.000,-1,900.000,2,0,2,0,0,0,0,0,0,2,0,0,2,0,0,2,0
123,-7480.593,3677.167,283.661,150.080,0,0.84879,1.00000,50.927,2.000,-1,375.000,-1,350.000,975.000,300.000,300.000,325.000,325.000,-1,225.000,300.000,-1,625.000,600.000,-1,900.000,2,0,2,0,0,0,0,0,0,2,0,0,2,0,0,2,0
124,-7529.834,3703.261,284.955,152.080,0,0.92879,1.00000,55.727,2.000,-1,375.000,-1,350.000,975.000,300.000,300.000,325.000,325.000,-1,250.000,325.000,-1,625.000,600.000,-1,950.000,2,0,2,0,0,0,0,0,0,2,0,0,2,0,0,2,0
125,-7580.453,3727.862,286.466,154.080,0,0.93801,1.00000,56.280,2.000,-1,375.000,-1,350.000,1000.000,300.000,300.000,300.000,325.000,-1,250.000,350.000,-1,625.000,600.000,-1,1000.000,2,0,2,0,0,0,0,0,0,2,0,0,2,0,0,2,0
126,-7631.894,3750.679,288.155,156.080,0,0.93792,1.00000,56.275,2.000,-1,375.000,-1,350.000,-1,300.000,300.000,300.000,325.000,1000.000,250.000,375.000,-1,625.000,600.000,-1,-1,2,0,2,0,2,0,0,0,0,0,0,0,2,0,0,2,2
127,-7684.096,3771.686,290.008,158.080,0,0.93783,1.00000,56.270,2.000,-1,375.000,-1,350.000,-1,300.000,300.000,300.000,325.000,975.000,275.000,375.000,-1,625.000,625.000,-1,-1,2,0,2,0,2,0,0,0,0,0,0,0,2,0,0,2,2
128,-7736.995,3790.856,292.012,160.080,0,0.93775,1.00000,56.265,2.000,-1,375.000,-1,350.000,-1,300.000,300.000,300.000,325.000,975.000,275.000,400.000,-1,625.000,625.000,-1,-1,2,0,2,0,2,0,0,0,0,0,0,0,2,0,0,2,2
129,-7790.525,3808.166,294.312,162.080,0,0.93767,1.00000,56.260,2.000,-1,350.000,-1,350.000,-1,300.000,300.000,300.000,325.000,975.000,300.000,425.000,-1,625.000,625.000,-1,-1,2,0,2,0,2,0,0,0,0,0,0,0,2,0,0,2,2
130,-7844.624,3823.597,297.200,164.080,0,0.93760,1.00000,56.256,2.000,-1,350.000,-1,350.000,-1,300.000,300.000,300.000,300.000,975.000,325.000,450.000,-1,625.000,625.000,-1,-1,2,0,2,0,2,0,0,0,0,0,0,0,2,0,0,2,2
131,-7899.223,3837.130,300.380,166.080,0,0.93753,1.00000,56.252,2.000,-1,350.000,-1,350.000,-1,300.000,300.000,300.000,300.000,975.000,350.000,450.000,-1,650.000,625.000,-1,-1,2,0,2,0,2,0,0,0,0,0,0,0,2,0,0,2,2
132,-7954.258,3848.748,303.927,168.080,0,0.93747,1.00000,56.248,2.000,-1,375.000,-1,350.000,-1,300.000,300.000,300.000,300.000,1000.000,375.000,450.000,-1,650.000,650.000,-1,-1,2,0,2,0,2,0,0,0,0,0,0,0,2,0,0,2,2
133,-8009.662,3858.437,307.813,170.080,0,0.93741,1.00000,56.244,2.000,-1,375.000,-1,375.000,-1,300.000,300.000,325.000,300.000,1000.000,375.000,450.000,-1,675.000,650.000,-1,-1,2,0,2,0,2,0,0,0,0,0,0,0,2,0,0,2,2
134,-8060.585,3865.739,311.410,171.840,0,0.85741,0.88000,51.444,1.760,-1,375.000,-1,375.000,-1,300.000,300.000,325.000,300.000,1000.000,375.000,450.000,-1,675.000,675.000,-1,-1,2,0,2,0,2,0,0,0,0,0,0,0,2,0,0,2,2
135,-8106.917,3871.133,314.703,173.360,0,0.77741,0.76000,46.644,1.520,-1,375.000,-1,375.000,-1,300.000,300.000,325.000,300.000,1000.000,400.000,475.000,-1,700.000,700.000,-1,-1,2,0,2,0,2,0,0,0,0,0,0,0,2,0,0,2,2
136,-8148.578,3875.042,317.679,174.640,0,0.69741,0.64000,41.844,1.280,-1,375.000,-1,375.000,-1,300.000,300.000,325.000,300.000,1000.000,400.000,475.000,-1,700.000,725.000,-1,-1,2,0,2,0,2,0,0,0,0,0,0,0,2,0,0,2,2
137,-8185.517,3877.832,320.330,175.680,0,0.61741,0.52000,37.044,1.040,-1,375.000,-1,375.000,-1,300.000,300.000,300.000,300.000,1000.000,400.000,450.000,-1,725.000,725.000,-1,-1,2,0,2,0,2,0,0,0,0,0,0,0,2,0,0,2,2
138,-8217.701,3879.812,322.650,176.480,0,0.53741,0.40000,32.244,0.800,-1,375.000,-1,375.000,-1,300.000,300.000,300.000,300.000,-1,400.000,450.000,-1,725.000,750.000,-1,-1,2,0,2,0,2,0,0,0,0,2,0,0,2,0,0,2,2
139,-8245.109,3881.229,324.634,177.040,0,0.45741,0.28000,27.444,0.560,-1,375.000,-1,375.000,-1,300.000,300.000,300.000,300.000,-1,400.000,450.000,-1,725.000,750.000,-1,-1,2,0,2,0,2,0,0,0,0,2,0,0,2,0,0,2,2
140,-8267.729,3882.272,326.277,177.360,0,0.37741,0.16000,22.644,0.320,-1,375.000,-1,375.000,-1,300.000,300.000,300.000,300.000,-1,375.000,450.000,-1,750.000,750.000,-1,-1,2,0,2,0,2,0,0,0,0,2,0,0,2,0,0,2,2
141,-8285.556,3883.070,327.579,177.440,0,0.29741,0.04000,17.844,0.080,-1,375.000,-1,375.000,-1,325.000,325.000,300.000,300.000,-1,375.000,450.000,-1,750.000,775.000,-1,-1,2,0,2,0,2,0,0,0,0,2,0,0,2,0,0,2,2
142,-8298.585,3883.689,328.537,177.280,0,0.21741,-0.08000,13.044,-0.160,-1,375.000,-1,400.000,-1,325.000,325.000,300.000,300.000,-1,350.000,450.000,-1,750.000,775.000,-1,-1,2,0,2,0,2,0,0,0,0,2,0,0,2,0,0,2,2
143,-8306.817,3884.137,329.149,176.880,0,0.13741,-0.20000,8.244,-0.400,-1,375.000,-1,400.000,-1,325.000,325.000,300.000,300.000,-1,350.000,425.000,-1,750.000,775.000,-1,-1,2,0,2,0,2,0,0,0,0,2,0,0,2,0,0,2,2
144,-8310.254,3884.363,329.415,176.240,0,0.05741,-0.32000,3.444,-0.640,-1,375.000,-1,400.000,-1,325.000,325.000,300.000,300.000,-1,350.000,425.000,-1,750.000,775.000,-1,-1,2,0,2,0,2,0,0,0,0,2,0,0,2,0,0,2,2
145,-8308.903,3884.254,329.332,175.360,0,-0.02259,-0.44000,-1.356,-0.880,-1,375.000,-1,400.000,-1,325.000,325.000,300.000,300.000,-1,350.000,400.000,-1,750.000,775.000,-1,-1,2,0,2,0,2,0,0,0,0,2,0,0,2,0,0,2,2
146,-8302.779,3883.636,328.903,174.240,0,-0.10259,-0.56000,-6.156,-1.120,-1,375.000,-1,400.000,-1,325.000,325.000,300.000,300.000,-1,350.000,400.000,-1,750.000,775.000,-1,-1,2,0,2,0,2,0,0,0,0,2,0,0,2,0,0,2,2
147,-8291.907,3882.278,328.126,172.880,0,-0.18259,-0.68000,-10.956,-1.360,-1,375.000,-1,375.000,-1,325.000,325.000,300.000,300.000,-1,350.000,400.000,-1,750.000,775.000,-1,-1,2,0,2,0,2,0,0,0,0,2,0,0,2,0,0,2,2
148,-8276.334,3879.889,327.006,171.280,0,-0.26259,-0.80000,-15.756,-1.600,-1,375.000,-1,375.000,-1,325.000,325.000,300.000,300.000,-1,350.000,400.000,-1,750.000,775.000,-1,-1,2,0,2,0,2,0,0,0,0,2,0,0,2,0,0,2,2
149,-8260.212,3876.895,325.846,169.478,0,-0.27329,-0.90077,-16.397,-1.802,-1,375.000,-1,375.000,-1,300.000,325.000,300.000,300.000,-1,350.000,400.000,-1,750.000,750.000,-1,-1,2,0,2,0,2,0,0,0,0,2,0,0,2,0,0,2,2
150,-8244.088,3873.373,324.683,167.678,0,-0.27508,-0.90017,-16.505,-1.800,-1,375.000,-1,375.000,-1,300.000,300.000,300.000,300.000,-1,375.000,400.000,-1,750.000,750.000,-1,-1,2,0,2,0,2,0,0,0,0,2,0,0,2,0,0,2,2
151,-8227.976,3869.319,323.518,165.879,0,-0.27689,-0.89952,-16.613,-1.799,-1,375.000,-1,375.000,-1,300.000,300.000,300.000,300.000,-1,375.000,400.000,-1,725.000,750.000,-1,-1,2,0,2,0,2,0,0,0,0,2,0,0,2,0,0,2,2
152,-8211.894,3864.733,322.351,164.081,0,-0.27872,-0.89880,-16.723,-1.798,-1,375.000,-1,375.000,-1,300.000,300.000,300.000,300.000,-1,375.000,400.000,-1,725.000,725.000,-1,-1,2,0,2,0,2,0,0,0,0,2,0,0,2,0,0,2,2
153,-8195.858,3859.610,321.185,162.285,0,-0.28057,-0.89802,-16.834,-1.796,-1,375.000,-1,375.000,-1,300.000,300.000,300.000,300.000,-1,350.000,400.000,-1,725.000,725.000,-1,-1,2,0,2,0,2,0,0,0,0,2,0,0,2,0,0,2,2
154,-8179.884,3853.951,320.020,160.491,0,-0.28245,-0.89719,-16.947,-1.794,-1,375.000,-1,375.000,-1,300.000,300.000,300.000,300.000,-1,350.000,400.000,-1,725.000,725.000,-1,-1,2,0,2,0,2,0,0,0,0,2,0,0,2,0,0,2,2
155,-8163.988,3847.753,318.857,158.698,0,-0.28436,-0.89629,-17.062,-1.793,-1,375.000,-1,375.000,-1,300.000,300.000,300.000,300.000,-1,350.000,400.000,-1,725.000,700.000,-1,-1,2,0,2,0,2,0,0,0,0,2,0,0,2,0,0,2,2
156,-8148.187,3841.015,317.697,156.908,0,-0.28629,-0.89534,-17.178,-1.791,-1,375.000,-1,375.000,-1,300.000,300.000,300.000,300.000,925.000,325.000,375.000,-1,700.000,700.000,-1,-1,2,0,2,0,2,0,0,0,0,1,0,0,2,0,0,2,2
157,-8132.497,3833.738,316.541,155.119,0,-0.28826,-0.89432,-17.296,-1.789,-1,375.000,-1,375.000,-1,300.000,300.000,300.000,300.000,850.000,325.000,375.000,-1,700.000,700.000,-1,-1,2,0,2,0,2,0,0,0,0,1,0,0,2,0,0,2,2
158,-8116.934,3825.922,315.389,153.333,0,-0.29026,-0.89324,-17.415,-1.786,-1,375.000,-1,375.000,-1,300.000,300.000,300.000,300.000,825.000,325.000,375.000,-1,700.000,675.000,-1,-1,2,0,2,0,2,0,0,0,0,1,0,0,2,0,0,2,2
159,-8101.514,3817.567,314.243,151.548,0,-0.29229,-0.89210,-17.537,-1.784,-1,375.000,-1,375.000,-1,300.000,300.000,300.000,300.000,775.000,300.000,350.000,-1,700.000,675.000,-1,-1,2,0,2,0,2,0,0,0,0,1,0,0,2,0,0,2,2
160,-8086.255,3808.674,313.102,149.767,0,-0.29436,-0.89090,-17.661,-1.782,-1,375.000,-1,375.000,-1,300.000,300.000,300.000,300.000,750.000,300.000,350.000,-1,675.000,675.000,-1,-1,2,0,2,0,2,0,0,0,0,1,0,0,2,0,0,2,2
161,-8071.172,3799.245,311.969,147.987,0,-0.29646,-0.88964,-17.788,-1.779,-1,375.000,-1,375.000,-1,300.000,300.000,300.000,300.000,725.000,300.000,325.000,-1,675.000,675.000,-1,-1,2,0,2,0,2,0,0,0,0,1,0,0,2,0,0,2,2
162,-8056.282,3789.280,310.889,146.211,0,-0.29861,-0.88831,-17.917,-1.777,-1,375.000,-1,375.000,-1,300.000,300.000,300.000,300.000,700.000,300.000,325.000,-1,675.000,675.000,-1,-1,2,0,2,0,2,0,0,0,0,1,0,0,2,0,0,2,2
163,-8045.581,3781.696,310.178,144.674,0,-0.21861,-0.76831,-13.117,-1.537,-1,375.000,-1,375.000,-1,300.000,300.000,300.000,300.000,700.000,300.000,300.000,-1,675.000,675.000,-1,-1,2,0,2,0,2,0,0,0,0,1,0,0,2,0,0,2,2
164,-8038.906,3776.735,309.732,143.377,0,-0.13861,-0.64831,-8.317,-1.297,-1,375.000,-1,375.000,-1,300.000,300.000,300.000,300.000,675.000,275.000,300.000,-1,675.000,675.000,-1,-1,2,0,2,0,2,0,0,0,0,1,0,0,2,0,0,2,2
165,-8036.123,3774.586,309.544,142.321,0,-0.05861,-0.52831,-3.517,-1.057,-1,375.000,-1,375.000,-1,300.000,300.000,300.000,300.000,675.000,275.000,300.000,-1,675.000,675.000,-1,-1,2,0,2,0,2,0,0,0,0,1,0,0,2,0,0,2,2
166,-8037.127,3775.384,309.606,141.504,0,0.02139,-0.40831,1.283,-0.817,-1,375.000,-1,375.000,-1,300.000,300.000,300.000,300.000,650.000,275.000,300.000,-1,675.000,675.000,-1,-1,2,0,2,0,2,0,0,0,0,1,0,0,2,0,0,2,2
167,-8041.850,3779.219,309.917,140.928,0,0.10139,-0.28831,6.083,-0.577,-1,375.000,-1,375.000,-1,300.000,300.000,300.000,300.000,650.000,275.000,300.000,-1,675.000,675.000,-1,-1,2,0,2,0,2,0,0,0,0,1,0,0,2,0,0,2,2
168,-8050.259,3786.128,310.479,140.591,0,0.18139,-0.16831,10.883,-0.337,-1,375.000,-1,375.000,-1,300.000,300.000,300.000,300.000,650.000,275.000,300.000,-1,675.000,675.000,-1,-1,2,0,2,0,2,0,0,0,0,1,0,0,2,0,0,2,2
169,-8062.360,3796.105,311.298,140.494,0,0.26139,-0.04831,15.683,-0.097,-1,375.000,-1,375.000,-1,300.000,300.000,300.000,300.000,675.000,275.000,300.000,-1,675.000,675.000,-1,-1,2,0,2,0,2,0,0,0,0,1,0,0,2,0,0,2,2
170,-8078.197,3809.096,312.382,140.638,0,0.34139,0.07169,20.483,0.143,-1,375.000,-1,375.000,-1,300.000,300.000,300.000,300.000,675.000,275.000,300.000,-1,675.000,675.000,-1,-1,2,0,2,0,2,0,0,0,0,1,0,0,2,0,0,2,2
171,-8097.851,3825.000,313.745,141.021,0,0.42139,0.19169,25.283,0.383,-1,375.000,-1,375.000,-1,300.000,300.000,300.000,300.000,675.000,275.000,300.000,-1,700.000,675.000,-1,-1,2,0,2,0,2,0,0,0,0,1,0,0,2,0,0,2,2
172,-8121.442,3843.668,315.510,141.644,0,0.50139,0.31169,30.083,0.623,-1,375.000,-1,375.000,-1,300.000,300.000,300.000,300.000,700.000,275.000,300.000,-1,700.000,700.000,-1,-1,2,0,2,0,2,0,0,0,0,1,0,0,2,0,0,2,2
173,-8149.036,3865.009,317.596,142.284,0,0.58139,0.31954,34.883,0.639,-1,375.000,-1,375.000,-1,300.000,300.000,300.000,300.000,725.000,275.000,300.000,-1,725.000,700.000,-1,-1,2,0,2,0,2,0,0,0,0,1,0,0,2,0,0,2,2
174,-8180.694,3888.937,320.035,142.916,0,0.66139,0.31627,39.683,0.633,-1,375.000,-1,375.000,-1,300.000,325.000,300.000,300.000,725.000,275.000,300.000,-1,725.000,725.000,-1,-1,2,0,2,0,2,0,0,0,0,1,0,0,2,0,0,2,2
175,-8216.471,3915.371,322.821,143.541,0,0.74139,0.31252,44.483,0.625,-1,375.000,-1,375.000,-1,325.000,325.000,300.000,325.000,750.000,275.000,300.000,-1,750.000,725.000,-1,-1,2,0,2,0,2,0,0,0,0,1,0,0,2,0,0,2,2
176,-8256.422,3944.229,325.951,144.158,0,0.82139,0.30825,49.283,0.616,-1,375.000,-1,400.000,-1,325.000,325.000,300.000,325.000,775.000,275.000,300.000,-1,775.000,750.000,-1,-1,2,0,2,0,2,0,0,0,0,1,0,0,2,0,0,2,2
177,-8300.597,3975.432,329.436,144.764,0,0.90139,0.30344,54.083,0.607,-1,400.000,-1,400.000,-1,325.000,325.000,300.000,325.000,800.000,275.000,275.000,-1,800.000,775.000,-1,-1,2,0,2,0,2,0,0,0,0,1,0,0,2,0,0,2,2
178,-8346.694,4007.279,333.581,145.361,0,0.93381,0.29806,56.029,0.596,-1,400.000,-1,400.000,-1,325.000,325.000,300.000,300.000,825.000,300.000,300.000,-1,800.000,800.000,-1,-1,2,0,2,0,2,0,0,0,0,1,0,0,2,0,0,2,2
179,-8393.220,4038.726,338.019,145.945,0,0.93595,0.29238,56.157,0.585,-1,400.000,-1,400.000,-1,325.000,325.000,300.000,300.000,875.000,350.000,325.000,-1,825.000,825.000,-1,-1,2,0,2,0,2,0,0,0,0,1,0,0,2,0,0,2,2
180,-8440.176,4069.784,342.499,146.519,0,0.93829,0.28659,56.297,0.573,-1,400.000,-1,400.000,-1,325.000,325.000,300.000,300.000,900.000,400.000,375.000,-1,850.000,850.000,-1,-1,2,0,2,0,2,0,0,0,0,1,0,0,2,0,0,2,2
181,-8487.561,4100.462,346.850,147.080,0,0.94082,0.28067,56.449,0.561,-1,400.000,-1,400.000,-1,325.000,325.000,300.000,300.000,950.000,450.000,425.000,-1,900.000,875.000,-1,-1,2,0,2,0,2,0,0,0,0,1,0,0,2,0,0,2,2
182,-8535.376,4130.772,351.237,147.629,0,0.94355,0.27465,56.613,0.549,-1,400.000,-1,400.000,-1,325.000,325.000,300.000,300.000,975.000,500.000,475.000,-1,950.000,875.000,-1,-1,2,0,2,0,2,0,0,0,0,1,0,0,2,0,0,2,2
183,-8584.279,4161.132,355.718,148.167,0,0.95933,0.26898,57.560,0.538,-1,400.000,-1,400.000,-1,325.000,325.000,300.000,300.000,1000.000,550.000,525.000,-1,1000.000,900.000,-1,-1,2,0,2,0,2,0,0,0,0,1,0,0,2,0,0,2,2
184,-8633.480,4191.049,360.369,148.698,0,0.95973,0.26538,57.584,0.531,-1,425.000,-1,400.000,-1,325.000,325.000,300.000,300.000,-1,625.000,600.000,-1,-1,925.000,-1,-1,2,0,2,0,2,0,0,0,0,2,0,0,2,2,0,2,2
185,-8682.983,4220.534,365.078,149.221,0,0.96030,0.26162,57.618,0.523,-1,425.000,-1,400.000,-1,325.000,325.000,300.000,300.000,-1,700.000,675.000,-1,-1,925.000,-1,-1,2,0,2,0,2,0,0,0,0,2,0,0,2,2,0,2,2
186,-8732.788,4249.595,369.651,149.737,0,0.96105,0.25770,57.663,0.515,-1,400.000,-1,400.000,-1,325.000,325.000,300.000,300.000,-1,800.000,775.000,-1,-1,975.000,-1,-1,2,0,2,0,2,0,0,0,0,2,0,0,2,2,0,2,2
187,-8782.896,4278.241,374.095,150.244,0,0.96198,0.25363,57.719,0.507,-1,400.000,-1,400.000,-1,325.000,325.000,300.000,300.000,-1,925.000,900.000,-1,-1,-1,-1,-1,2,0,2,0,2,0,0,0,0,2,0,0,2,2,2,2,2
188,-8833.310,4306.483,378.504,150.743,0,0.96309,0.24941,57.785,0.499,-1,400.000,-1,400.000,-1,325.000,325.000,300.000,300.000,-1,-1,-1,-1,-1,-1,-1,-1,2,0,2,0,2,0,0,0,0,2,2,2,2,2,2,2,2
189,-8884.031,4334.329,382.879,151.233,0,0.96437,0.24503,57.862,0.490,-1,425.000,-1,400.000,-1,325.000,325.000,300.000,300.000,-1,-1,-1,-1,-1,-1,-1,-1,2,0,2,0,2,0,0,0,0,2,2,2,2,2,2,2,2
190,-8935.060,4361.790,387.218,151.714,0,0.96582,0.24052,57.949,0.481,-1,425.000,-1,400.000,-1,325.000,325.000,300.000,300.000,-1,-1,-1,-1,-1,-1,-1,-1,2,0,2,0,2,0,0,0,0,2,2,2,2,2,2,2,2
191,-8986.400,4388.875,391.513,152.186,0,0.96745,0.23587,58.047,0.472,-1,450.000,-1,400.000,-1,350.000,325.000,300.000,300.000,-1,-1,-1,-1,-1,-1,-1,-1,2,0,2,0,2,0,0,0,0,2,2,2,2,2,2,2,2
192,-9038.053,4415.595,395.676,152.648,0,0.96924,0.23107,58.154,0.462,-1,450.000,-1,425.000,-1,350.000,350.000,300.000,275.000,-1,-1,-1,-1,-1,-1,-1,-1,2,0,2,0,2,0,0,0,0,2,2,2,2,2,2,2,2
193,-9088.232,4440.778,399.559,153.350,0,0.93573,0.35107,56.144,0.702,-1,475.000,-1,425.000,-1,350.000,350.000,300.000,300.000,-1,-1,-1,-1,-1,-1,-1,-1,2,0,2,0,2,0,0,0,0,2,2,2,2,2,2,2,2
194,-9138.930,4465.186,402.828,154.292,0,0.93778,0.47107,56.267,0.942,-1,475.000,-1,450.000,-1,350.000,350.000,300.000,300.000,-1,-1,-1,-1,-1,-1,-1,-1,2,0,2,0,2,0,0,0,0,2,2,2,2,2,2,2,2
195,-9190.207,4488.662,405.903,155.401,0,0.93993,0.55429,56.396,1.109,-1,475.000,-1,450.000,-1,375.000,350.000,275.000,300.000,-1,-1,-1,-1,-1,-1,-1,-1,2,0,2,0,2,0,0,0,0,2,2,2,2,2,2,2,2
196,-9241.975,4511.166,408.950,156.505,0,0.94080,0.55234,56.448,1.105,-1,475.000,-1,475.000,-1,375.000,375.000,275.000,325.000,-1,-1,-1,-1,-1,-1,-1,-1,2,0,2,0,2,0,0,0,0,2,2,2,2,2,2,2,2
197,-9294.168,4532.667,411.706,157.610,0,0.94080,0.55234,56.448,1.105,-1,475.000,-1,475.000,-1,375.000,375.000,275.000,325.000,-1,-1,-1,-1,-1,-1,-1,-1,2,0,2,0,2,0,0,0,0,2,2,2,2,2,2,2,2
198,-9346.765,4553.159,413.542,158.715,0,0.94080,0.55234,56.448,1.105,-1,450.000,-1,475.000,-1,375.000,375.000,275.000,325.000,-1,-1,-1,-1,-1,-1,-1,-1,2,0,2,0,2,0,0,0,0,2,2,2,2,2,2,2,2
199,-9399.748,4572.632,415.168,159.819,0,0.94080,0.55234,56.448,1.105,-1,450.000,-1,475.000,-1,350.000,350.000,275.000,300.000,-1,-1,-1,-1,-1,-1,-1,-1,2,0,2,0,2,0,0,0,0,2,2,2,2,2,2,2,2
200,-9453.096,4591.081,416.686,160.924,0,0.94080,0.55234,56.448,1.105,-1,450.000,-1,450.000,-1,350.000,350.000,275.000,300.000,-1,-1,-1,-1,-1,-1,-1,-1,2,0,2,0,2,0,0,0,0,2,2,2,2,2,2,2,2
201,-9502.157,4607.222,418.022,161.789,0,0.86080,0.43234,51.648,0.865,-1,450.000,-1,450.000,-1,350.000,350.000,300.000,300.000,-1,-1,-1,-1,-1,-1,-1,-1,2,0,2,0,2,0,0,0,0,2,2,2,2,2,2,2,2
202,-9547.707,4621.660,419.242,162.413,0,0.79639,0.31234,47.783,0.625,-1,450.000,-1,450.000,-1,350.000,350.000,300.000,300.000,-1,-1,-1,-1,-1,-1,-1,-1,2,0,2,0,2,0,0,0,0,2,2,2,2,2,2,2,2
203,-9593.352,4635.792,420.438,162.798,0,0.79639,0.19234,47.783,0.385,-1,450.000,-1,450.000,-1,350.000,350.000,300.000,275.000,-1,-1,-1,-1,-1,-1,-1,-1,2,0,2,0,2,0,0,0,0,2,2,2,2,2,2,2,2
204,-9639.092,4649.617,421.607,163.181,0,0.79639,0.19172,47.783,0.383,-1,450.000,-1,450.000,-1,350.000,350.000,300.000,275.000,-1,-1,-1,-1,-1,-1,-1,-1,2,0,2,0,2,0,0,0,0,2,2,2,2,2,2,2,2
205,-9684.922,4663.137,422.751,163.565,0,0.79639,0.19172,47.783,0.383,-1,450.000,-1,450.000,-1,350.000,350.000,300.000,300.000,-1,-1,-1,-1,-1,-1,-1,-1,2,0,2,0,2,0,0,0,0,2,2,2,2,2,2,2,2
206,-9730.843,4676.349,423.869,163.948,0,0.79639,0.19172,47.783,0.383,-1,450.000,-1,450.000,-1,350.000,350.000,300.000,300.000,-1,-1,-1,-1,-1,-1,-1,-1,2,0,2,0,2,0,0,0,0,2,2,2,2,2,2,2,2
207,-9776.850,4689.254,424.474,164.332,0,0.79639,0.19172,47.783,0.383,-1,450.000,-1,450.000,-1,350.000,350.000,300.000,300.000,-1,-1,-1,-1,-1,-1,-1,-1,2,0,2,0,2,0,0,0,0,2,2,2,2,2,2,2,2
208,-9822.943,4701.850,424.339,164.715,0,0.79639,0.19172,47.783,0.383,-1,450.000,-1,450.000,-1,350.000,350.000,300.000,300.000,-1,-1,-1,-1,-1,1000.000,-1,-1,2,0,2,0,2,0,0,0,0,2,2,2,2,2,0,2,2
209,-9869.120,4714.138,424.132,165.099,0,0.79639,0.19172,47.783,0.383,-1,425.000,-1,450.000,-1,350.000,350.000,300.000,325.000,-1,-1,-1,-1,975.000,975.000,-1,-1,2,0,2,0,2,0,0,0,0,2,2,2,2,0,0,2,2
210,-9915.377,4726.116,423.309,165.482,0,0.79639,0.19172,47.783,0.383,-1,425.000,-1,450.000,-1,350.000,350.000,275.000,325.000,-1,-1,-1,-1,950.000,950.000,-1,-1,2,0,2,0,2,0,0,0,0,2,2,2,2,0,0,2,2
211,-9961.714,4737.785,421.752,165.865,0,0.79639,0.19172,47.783,0.383,-1,425.000,-1,425.000,-1,350.000,350.000,275.000,325.000,-1,-1,-1,-1,925.000,925.000,-1,-1,2,0,2,0,2,0,0,0,0,2,2,2,2,0,0,2,2
212,-10008.465,4749.224,420.170,166.251,0,0.80218,0.19282,48.131,0.386,-1,425.000,-1,425.000,-1,350.000,350.000,275.000,325.000,-1,-1,-1,-1,900.000,900.000,-1,-1,2,0,2,0,2,0,0,0,0,2,2,2,2,0,0,2,2
213,-10056.124,4760.541,418.505,166.642,0,0.81640,0.19544,48.984,0.391,-1,425.000,-1,425.000,-1,325.000,350.000,275.000,325.000,-1,-1,-1,-1,875.000,850.000,-1,-1,2,0,2,0,2,0,0,0,0,2,2,2,2,0,0,2,2
214,-10104.708,4771.724,416.743,167.038,0,0.83090,0.19800,49.854,0.396,-1,425.000,-1,425.000,-1,325.000,325.000,275.000,300.000,-1,-1,-1,-1,875.000,825.000,-1,-1,2,0,2,0,2,0,0,0,0,2,2,2,2,0,0,2,2
215,-10154.234,4782.759,414.944,167.439,0,0.84568,0.20050,50.741,0.401,-1,400.000,-1,425.000,-1,325.000,325.000,300.000,300.000,-1,-1,-1,-1,850.000,800.000,-1,-1,2,0,2,0,2,0,0,0,0,2,2,2,2,0,0,2,2
216,-10204.720,4793.633,413.108,167.845,0,0.86074,0.20293,51.644,0.406,-1,400.000,-1,400.000,-1,325.000,325.000,300.000,300.000,-1,-1,-1,-1,825.000,775.000,-1,-1,2,0,2,0,2,0,0,0,0,2,2,2,2,0,0,2,2
217,-10256.185,4804.333,411.235,168.255,0,0.87609,0.20530,52.565,0.411,-1,400.000,-1,400.000,-1,325.000,325.000,300.000,300.000,-1,-1,-1,-1,800.000,750.000,-1,-1,2,0,2,0,2,0,0,0,0,2,2,2,2,0,0,2,2
218,-10308.646,4814.844,409.324,168.671,0,0.89173,0.20759,53.504,0.415,-1,400.000,-1,400.000,-1,325.000,325.000,300.000,300.000,-1,-1,-1,-1,800.000,725.000,-1,-1,2,0,2,0,2,0,0,0,0,2,2,2,2,0,0,2,2
219,-10362.123,4825.151,407.375,169.090,0,0.90767,0.20982,54.460,0.420,-1,400.000,-1,375.000,-1,325.000,325.000,300.000,300.000,-1,-1,-1,-1,775.000,700.000,975.000,-1,2,0,2,0,2,0,0,0,0,2,2,2,2,0,0,1,2
220,-10416.632,4835.240,405.388,169.514,0,0.92392,0.21197,55.435,0.424,-1,400.000,975.000,375.000,-1,325.000,300.000,300.000,300.000,-1,-1,-1,-1,750.000,675.000,925.000,-1,2,0,1,0,2,0,0,0,0,2,2,2,2,0,0,1,2
221,-10475.665,4845.970,402.717,169.698,0,1.00000,0.09197,60.000,0.184,975.000,375.000,925.000,375.000,-1,300.000,300.000,300.000,300.000,-1,-1,-1,-1,725.000,675.000,850.000,950.000,1,0,1,0,2,0,0,0,0,2,2,2,2,1,0,1,1
222,-10534.687,4856.758,399.776,169.642,0,1.00000,-0.02803,60.000,-0.056,875.000,375.000,850.000,375.000,-1,300.000,300.000,300.000,325.000,-1,-1,-1,-1,675.000,650.000,775.000,875.000,1,0,1,0,2,0,0,0,0,2,2,2,2,1,0,1,1
223,-10593.653,4867.850,396.654,169.346,0,1.00000,-0.14803,60.000,-0.296,825.000,375.000,800.000,375.000,975.000,300.000,300.000,300.000,325.000,-1,-1,-1,-1,625.000,650.000,725.000,825.000,1,0,1,0,1,0,0,0,0,2,2,2,2,1,0,1,1
224,-10652.512,4879.494,393.650,168.810,0,1.00000,-0.26803,60.000,-0.536,750.000,375.000,750.000,375.000,925.000,300.000,300.000,300.000,325.000,-1,-1,-1,-1,575.000,650.000,650.000,775.000,1,0,1,0,1,0,0,0,0,2,2,2,2,1,1,1,1
225,-10711.208,4891.934,390.686,168.034,0,1.00000,-0.38803,60.000,-0.776,650.000,375.000,700.000,375.000,875.000,300.000,300.000,300.000,325.000,-1,-1,-1,-1,525.000,600.000,600.000,725.000,1,0,1,0,1,0,0,0,0,2,2,2,2,1,1,1,1
226,-10769.675,4905.413,387.772,167.018,0,1.00000,-0.50803,60.000,-1.016,575.000,375.000,650.000,375.000,825.000,300.000,300.000,325.000,325.000,-1,-1,-1,-1,475.000,550.000,525.000,675.000,1,0,1,0,1,0,0,0,0,2,2,2,2,1,1,1,1
227,-10827.832,4920.171,384.915,165.762,0,1.00000,-0.62803,60.000,-1.256,500.000,375.000,600.000,375.000,775.000,300.000,300.000,325.000,325.000,-1,-1,-1,-1,450.000,525.000,475.000,625.000,1,1,1,0,1,0,0,0,0,2,2,2,2,1,1,1,1
228,-10885.583,4936.441,382.127,164.266,0,1.00000,-0.74803,60.000,-1.496,425.000,325.000,550.000,375.000,725.000,300.000,300.000,325.000,325.000,-1,-1,-1,-1,400.000,475.000,400.000,575.000,1,1,1,0,1,1,0,0,0,2,2,2,2,1,1,1,1
229,-10942.878,4954.254,379.414,162.730,0,1.00000,-0.76776,60.000,-1.536,350.000,300.000,500.000,350.000,675.000,275.000,300.000,325.000,325.000,-1,-1,-1,-1,350.000,450.000,350.000,525.000,1,1,1,1,1,1,1,0,0,2,2,2,2,1,1,1,1
230,-10999.689,4973.554,376.781,161.236,0,1.00000,-0.74723,60.000,-1.494,300.000,250.000,450.000,325.000,650.000,250.000,275.000,325.000,325.000,-1,-1,-1,-1,300.000,400.000,275.000,475.000,1,1,1,1,1,1,1,0,0,2,2,2,2,1,1,1,1
231,-11055.994,4994.285,374.244,159.787,0,1.00000,-0.72436,60.000,-1.449,225.000,225.000,400.000,300.000,600.000,225.000,250.000,325.000,325.000,-1,500.000,500.000,-1,275.000,350.000,225.000,450.000,1,1,1,1,1,1,1,0,0,2,0,0,2,1,1,1,1
232,-11111.777,5016.383,375.899,158.389,0,1.00000,-0.69897,60.000,-1.398,200.000,200.000,375.000,275.000,575.000,200.000,225.000,375.000,325.000,-1,300.000,225.000,-1,250.000,325.000,175.000,400.000,1,1,1,1,1,1,1,0,0,2,0,0,2,1,1,1,1
233,-11167.026,5039.781,380.640,157.047,0,1.00000,-0.67089,60.000,-1.342,175.000,200.000,375.000,250.000,575.000,200.000,225.000,475.000,300.000,-1,200.000,100.000,-1,250.000,325.000,175.000,400.000,1,1,1,1,1,1,1,1,0,2,0,0,2,1,1,1,1
234,-11221.739,5064.408,385.244,155.767,0,1.00000,-0.63992,60.000,-1.280,175.000,200.000,375.000,250.000,600.000,175.000,200.000,475.000,275.000,-1,175.000,50.000,600.000,250.000,325.000,175.000,375.000,1,1,1,1,1,1,1,1,0,2,0,0,0,1,1,1,1
235,2951.695,-5575.424,235.003,119.343,1,0.00000,0.00000,60.000,-1.212,-1,400.000,950.000,400.000,600.000,325.000,350.000,300.000,300.000,-1,700.000,675.000,-1,725.000,550.000,-1,575.000,2,0,1,1,1,0,0,0,0,2,1,1,2,1,1,2,1
236,2949.330,-5571.247,234.766,119.523,0,0.08000,0.08960,4.800,0.179,-1,400.000,950.000,400.000,600.000,325.000,350.000,300.000,300.000,-1,725.000,675.000,-1,725.000,525.000,-1,575.000,2,0,1,1,1,0,0,0,0,2,1,1,2,1,1,2,1
237,2944.573,-5562.908,234.280,119.700,0,0.16000,0.08874,9.600,0.177,-1,400.000,950.000,400.000,575.000,325.000,350.000,300.000,300.000,-1,725.000,675.000,-1,725.000,525.000,-1,550.000,2,0,1,1,1,0,0,0,0,2,1,1,2,1,1,2,1
238,2937.401,-5550.422,233.544,119.875,0,0.24000,0.08736,14.400,0.175,-1,400.000,925.000,400.000,550.000,325.000,350.000,300.000,300.000,-1,750.000,700.000,-1,700.000,525.000,-1,525.000,2,0,1,1,1,0,0,0,0,2,1,1,2,1,1,2,1
239,2927.787,-5533.802,232.560,120.046,0,0.32000,0.08545,19.200,0.171,-1,400.000,900.000,375.000,525.000,325.000,350.000,300.000,300.000,-1,775.000,750.000,-1,700.000,500.000,-1,525.000,2,0,1,1,1,0,0,0,0,2,1,1,2,1,1,2,1
240,2915.711,-5513.061,231.330,120.212,0,0.40000,0.08298,24.000,0.166,-1,400.000,875.000,375.000,500.000,325.000,325.000,300.000,300.000,-1,825.000,775.000,-1,675.000,500.000,-1,500.000,2,0,1,1,1,0,0,0,0,2,1,1,2,1,1,2,1
241,2901.149,-5488.214,229.862,120.371,0,0.48000,0.07989,28.800,0.160,-1,400.000,825.000,350.000,450.000,325.000,325.000,300.000,325.000,-1,875.000,825.000,-1,650.000,475.000,-1,450.000,2,0,1,1,1,0,1,0,0,2,1,1,2,1,1,2,1
242,2884.084,-5459.270,228.184,120.524,0,0.56000,0.07613,33.600,0.152,-1,400.000,800.000,350.000,425.000,325.000,325.000,300.000,325.000,-1,925.000,875.000,-1,625.000,450.000,-1,425.000,2,0,1,1,1,0,1,0,0,2,1,1,2,1,1,2,1
243,2864.498,-5426.240,226.272,120.667,0,0.64000,0.07164,38.400,0.143,-1,400.000,750.000,325.000,375.000,325.000,300.000,275.000,325.000,-1,975.000,950.000,-1,600.000,425.000,-1,375.000,2,0,1,1,1,0,1,0,0,2,1,1,2,1,1,2,1
244,2842.378,-5389.133,223.484,120.800,0,0.72000,0.06632,43.200,0.133,-1,400.000,700.000,300.000,325.000,325.000,275.000,275.000,325.000,-1,-1,1000.000,-1,575.000,400.000,-1,325.000,2,1,1,1,1,1,1,0,0,2,2,1,2,1,1,2,1
245,2817.714,-5347.954,220.376,120.920,0,0.80000,0.06005,48.000,0.120,-1,375.000,650.000,275.000,275.000,300.000,250.000,275.000,325.000,-1,-1,-1,-1,525.000,350.000,-1,275.000,2,1,1,1,1,1,1,0,0,2,2,2,2,1,1,2,1
246,2790.501,-5302.708,218.751,121.025,0,0.88000,0.05271,52.800,0.105,-1,350.000,600.000,250.000,250.000,275.000,250.000,275.000,325.000,-1,-1,-1,-1,500.000,350.000,-1,250.000,2,1,1,1,1,1,1,0,0,2,2,2,2,1,1,2,1
247,2760.737,-5253.394,219.145,121.113,0,0.96000,0.04413,57.600,0.088,-1,325.000,600.000,250.000,250.000,275.000,250.000,275.000,375.000,-1,-1,-1,-1,500.000,325.000,-1,250.000,2,1,1,1,1,1,1,0,1,2,2,2,2,1,1,2,1
248,2729.797,-5202.268,219.591,121.181,0,0.99599,0.03410,59.759,0.068,-1,325.000,650.000,250.000,225.000,250.000,225.000,275.000,375.000,-1,-1,-1,-1,500.000,325.000,-1,225.000,2,1,1,1,1,1,1,0,1,2,2,2,2,1,1,2,1
249,2698.831,-5151.193,219.912,121.227,0,0.99548,0.02289,59.729,0.046,-1,300.000,750.000,250.000,225.000,250.000,225.000,275.000,375.000,-1,-1,-1,-1,500.000,325.000,-1,225.000,2,1,1,1,1,1,1,0,1,2,2,2,2,1,1,2,1
250,2667.898,-5100.214,219.654,121.249,0,0.99382,0.01081,59.629,0.022,-1,300.000,850.000,225.000,225.000,225.000,225.000,275.000,400.000,-1,100.000,250.000,-1,525.000,325.000,-1,225.000,2,1,1,1,1,1,1,0,1,2,0,0,2,1,1,2,1
251,-8855.085,-7543.220,277.743,131.661,1,0.00000,0.00000,60.000,-0.218,250.000,300.000,-1,375.000,-1,275.000,300.000,225.000,225.000,-1,-1,-1,-1,475.000,650.000,300.000,-1,0,0,2,0,2,0,0,0,1,2,2,2,2,0,0,0,2
252,6888.017,-2300.507,118.841,-81.271,1,0.08000,-0.12000,4.800,-0.240,500.000,325.000,-1,375.000,-1,275.000,300.000,225.000,475.000,-1,-1,275.000,225.000,550.000,825.000,875.000,-1,0,0,2,0,2,0,0,0,1,2,2,1,1,0,0,1,2
253,6889.394,-2310.008,119.643,-81.751,0,0.16000,-0.24000,9.600,-0.480,550.000,325.000,-1,375.000,-1,275.000,300.000,225.000,475.000,-1,-1,275.000,225.000,575.000,825.000,950.000,-1,0,0,2,0,2,0,0,0,1,2,2,1,1,0,0,1,2
254,6891.281,-2324.284,120.871,-82.471,0,0.24000,-0.36000,14.400,-0.720,675.000,325.000,-1,375.000,-1,275.000,300.000,250.000,475.000,-1,-1,300.000,250.000,600.000,825.000,1000.000,-1,1,0,2,0,2,0,0,0,1,2,2,1,1,0,0,1,2
255,6893.477,-2343.358,122.556,-83.431,0,0.32000,-0.48000,19.200,-0.960,750.000,325.000,-1,375.000,-1,275.000,300.000,250.000,475.000,-1,-1,350.000,250.000,625.000,850.000,-1,-1,1,0,2,0,2,0,0,0,1,2,2,1,1,0,0,2,2
256,6895.723,-2367.252,124.731,-84.631,0,0.40000,-0.60000,24.000,-1.200,825.000,325.000,-1,400.000,-1,275.000,300.000,250.000,450.000,-1,-1,425.000,250.000,650.000,875.000,-1,-1,1,0,2,0,2,0,0,0,0,2,2,1,1,0,0,2,2
257,6897.697,-2395.985,127.437,-86.071,0,0.48000,-0.72000,28.800,-1.440,900.000,350.000,-1,400.000,-1,300.000,300.000,250.000,450.000,-1,-1,-1,250.000,700.000,900.000,-1,-1,1,0,2,0,2,0,0,0,0,2,2,2,1,0,0,2,2
258,6899.015,-2429.559,130.715,-87.751,0,0.56000,-0.84000,33.600,-1.680,975.000,375.000,-1,400.000,-1,300.000,300.000,275.000,425.000,-1,-1,-1,275.000,750.000,950.000,-1,-1,1,0,2,0,2,0,0,0,0,2,2,2,1,0,0,2,2
259,6899.236,-2467.958,134.603,-89.671,0,0.64000,-0.96000,38.400,-1.920,-1,375.000,-1,400.000,-1,300.000,325.000,275.000,400.000,-1,-1,-1,275.000,800.000,-1,-1,-1,2,0,2,0,2,0,0,0,0,2,2,2,1,0,2,2,2
260,6898.088,-2507.331,138.728,-91.671,0,0.65649,-1.00000,39.389,-2.000,-1,400.000,-1,425.000,-1,325.000,325.000,275.000,375.000,-1,-1,-1,300.000,900.000,-1,-1,-1,2,0,2,0,2,0,0,0,0,2,2,2,1,0,2,2,2
261,6895.529,-2547.213,143.026,-93.671,0,0.66607,-1.00000,39.964,-2.000,-1,425.000,-1,425.000,-1,325.000,325.000,300.000,350.000,-1,-1,-1,300.000,-1,-1,-1,-1,2,0,2,0,2,0,0,0,0,2,2,2,1,2,2,2,2
262,6891.524,-2587.549,147.474,-95.671,0,0.67558,-1.00000,40.535,-2.000,-1,425.000,-1,450.000,-1,350.000,350.000,300.000,325.000,-1,-1,-1,325.000,-1,-1,-1,-1,2,0,2,0,2,0,0,0,0,2,2,2,1,2,2,2,2
263,6886.038,-2628.283,151.458,-97.671,0,0.68502,-1.00000,41.101,-2.000,-1,450.000,-1,450.000,-1,350.000,350.000,300.000,325.000,-1,-1,-1,350.000,-1,-1,-1,-1,2,0,2,0,2,0,0,0,0,2,2,2,1,2,2,2,2
264,6879.039,-2669.354,156.224,-99.671,0,0.69438,-1.00000,41.663,-2.000,-1,450.000,-1,450.000,-1,350.000,350.000,300.000,300.000,-1,-1,-1,375.000,-1,-1,-1,-1,2,0,2,0,2,0,0,0,0,2,2,2,1,2,2,2,2
265,6870.499,-2710.700,161.373,-101.671,0,0.70365,-1.00000,42.219,-2.000,-1,450.000,-1,450.000,-1,350.000,350.000,300.000,300.000,-1,-1,-1,400.000,-1,-1,-1,-1,2,0,2,0,2,0,0,0,0,2,2,2,1,2,2,2,2
266,6860.390,-2752.257,166.431,-103.671,0,0.71282,-1.00000,42.769,-2.000,-1,425.000,-1,450.000,-1,350.000,350.000,300.000,300.000,-1,-1,-1,425.000,-1,-1,-1,-1,2,0,2,0,2,0,0,0,0,2,2,2,1,2,2,2,2
267,6848.691,-2793.961,171.450,-105.671,0,0.72189,-1.00000,43.313,-2.000,-1,425.000,-1,450.000,-1,350.000,350.000,300.000,300.000,-1,-1,-1,475.000,-1,-1,-1,-1,2,0,2,0,2,0,0,0,0,2,2,2,1,2,2,2,2
268,6835.380,-2835.742,176.425,-107.671,0,0.73085,-1.00000,43.851,-2.000,-1,425.000,-1,450.000,-1,350.000,350.000,300.000,300.000,-1,-1,-1,500.000,-1,-1,-1,-1,2,0,2,0,2,0,0,0,0,2,2,2,1,2,2,2,2
269,6820.441,-2877.533,181.349,-109.671,0,0.73969,-1.00000,44.381,-2.000,-1,425.000,-1,450.000,-1,350.000,350.000,325.000,300.000,-1,-1,-1,550.000,-1,-1,-1,-1,2,0,2,0,2,0,0,0,0,2,2,2,1,2,2,2,2
270,6803.859,-2919.264,186.218,-111.671,0,0.74840,-1.00000,44.904,-2.000,-1,450.000,-1,450.000,-1,350.000,350.000,325.000,300.000,-1,-1,-1,575.000,-1,-1,-1,-1,2,0,2,0,2,0,0,0,0,2,2,2,1,2,2,2,2
271,6784.101,-2964.338,191.411,-113.671,0,0.82024,-1.00000,49.214,-2.000,-1,450.000,-1,450.000,-1,350.000,350.000,325.000,300.000,-1,-1,-1,625.000,-1,-1,-1,-1,2,0,2,0,2,0,0,0,0,2,2,2,1,2,2,2,2
272,6762.654,-3008.959,196.265,-115.671,0,0.82513,-1.00000,49.508,-2.000,-1,475.000,-1,425.000,-1,350.000,350.000,325.000,275.000,-1,-1,-1,650.000,-1,-1,-1,-1,2,0,2,0,2,0,0,0,0,2,2,2,1,2,2,2,2
273,6739.530,-3053.059,200.822,-117.671,0,0.82993,-1.00000,49.796,-2.000,-1,475.000,-1,425.000,-1,350.000,350.000,325.000,275.000,-1,-1,-1,700.000,-1,-1,-1,-1,2,0,2,0,2,0,0,0,0,2,2,2,1,2,2,2,2
274,6714.740,-3096.573,205.215,-119.671,0,0.83465,-1.00000,50.079,-2.000,-1,475.000,-1,425.000,-1,350.000,350.000,325.000,275.000,-1,-1,-1,750.000,-1,-1,-1,-1,2,0,2,0,2,0,0,0,0,2,2,2,1,2,2,2,2
275,6688.300,-3139.431,208.729,-121.671,0,0.83929,-1.00000,50.357,-2.000,-1,475.000,-1,450.000,-1,350.000,350.000,325.000,275.000,-1,-1,-1,800.000,-1,-1,-1,-1,2,0,2,0,2,0,0,0,0,2,2,2,1,2,2,2,2
276,6663.201,-3177.450,211.742,-123.431,0,0.75929,-0.88000,45.557,-1.760,-1,475.000,-1,475.000,-1,375.000,350.000,325.000,275.000,-1,-1,-1,850.000,-1,-1,-1,-1,2,0,2,0,2,0,0,0,1,2,2,2,1,2,2,2,2
277,6639.853,-3210.857,213.938,-124.951,0,0.67929,-0.76000,40.757,-1.520,-1,475.000,-1,475.000,-1,375.000,350.000,300.000,275.000,-1,-1,-1,900.000,-1,-1,-1,-1,2,0,2,0,2,0,0,0,0,2,2,2,1,2,2,2,2
278,6618.601,-3239.862,215.615,-126.231,0,0.59929,-0.64000,35.957,-1.280,-1,475.000,-1,475.000,-1,350.000,350.000,300.000,300.000,-1,-1,-1,950.000,-1,-1,-1,-1,2,0,2,0,2,0,0,0,0,2,2,2,1,2,2,2,2
279,6597.879,-3267.091,216.817,-127.271,0,0.57029,-0.52000,34.218,-1.040,-1,475.000,-1,475.000,-1,350.000,350.000,300.000,300.000,-1,-1,-1,975.000,-1,-1,-1,-1,2,0,2,0,2,0,0,0,0,2,2,2,1,2,2,2,2
280,6576.686,-3294.108,217.966,-128.112,0,0.57229,-0.42061,34.337,-0.841,-1,450.000,-1,475.000,-1,350.000,350.000,300.000,300.000,-1,-1,-1,-1,-1,-1,-1,-1,2,0,2,0,2,0,0,0,0,2,2,2,2,2,2,2,2
281,6555.051,-3320.882,219.050,-128.940,0,0.57372,-0.41427,34.423,-0.829,-1,450.000,-1,475.000,-1,350.000,350.000,300.000,300.000,-1,-1,-1,-1,-1,-1,-1,-1,2,0,2,0,2,0,0,0,0,2,2,2,2,2,2,2,2
282,6532.981,-3347.412,220.068,-129.756,0,0.57515,-0.40784,34.509,-0.816,-1,450.000,-1,475.000,-1,350.000,350.000,300.000,300.000,-1,-1,-1,-1,-1,-1,-1,-1,2,0,2,0,2,0,0,0,0,2,2,2,2,2,2,2,2
283,6510.486,-3373.696,220.639,-130.559,0,0.57660,-0.40134,34.596,-0.803,-1,450.000,-1,475.000,-1,350.000,350.000,300.000,300.000,-1,-1,-1,-1,-1,-1,-1,-1,2,0,2,0,2,0,0,0,0,2,2,2,2,2,2,2,2
284,6487.573,-3399.734,221.008,-131.348,0,0.57807,-0.39476,34.684,-0.790,-1,450.000,-1,450.000,-1,350.000,350.000,300.000,300.000,-1,-1,-1,-1,-1,-1,-1,-1,2,0,2,0,2,0,0,0,0,2,2,2,2,2,2,2,2
285,6464.249,-3425.524,221.219,-132.125,0,0.57955,-0.38809,34.773,-0.776,-1,450.000,-1,450.000,-1,350.000,350.000,300.000,300.000,-1,-1,-1,-1,-1,-1,-1,-1,2,0,2,0,2,0,0,0,0,2,2,2,2,2,2,2,2
286,6440.523,-3451.068,221.194,-132.887,0,0.58105,-0.38134,34.863,-0.763,-1,450.000,-1,450.000,-1,350.000,350.000,300.000,300.000,-1,-1,-1,-1,-1,-1,-1,-1,2,0,2,0,2,0,0,0,0,2,2,2,2,2,2,2,2
287,6416.401,-3476.366,221.081,-133.636,0,0.58258,-0.37450,34.955,-0.749,-1,450.000,-1,450.000,-1,350.000,350.000,300.000,300.000,-1,-1,-1,-1,1000.000,1000.000,-1,-1,2,0,2,0,2,0,0,0,0,2,2,2,2,0,0,2,2
288,6391.892,-3501.419,220.881,-134.371,0,0.58414,-0.36757,35.048,-0.735,-1,450.000,-1,450.000,-1,350.000,350.000,325.000,300.000,-1,-1,-1,-1,975.000,975.000,-1,-1,2,0,2,0,2,0,0,0,0,2,2,2,2,0,0,2,2
289,6367.001,-3526.230,220.594,-135.092,0,0.58572,-0.36056,35.143,-0.721,-1,450.000,-1,450.000,-1,350.000,350.000,325.000,300.000,-1,-1,-1,-1,950.000,950.000,-1,-1,2,0,2,0,2,0,0,0,0,2,2,2,2,0,0,2,2
290,6341.737,-3550.799,220.220,-135.799,0,0.58735,-0.35345,35.241,-0.707,-1,450.000,-1,450.000,-1,350.000,350.000,325.000,300.000,-1,-1,-1,-1,925.000,925.000,-1,-1,2,0,2,0,2,0,0,0,0,2,2,2,2,0,0,2,2
291,6312.805,-3578.479,219.522,-136.266,0,0.66735,-0.23345,40.041,-0.467,-1,450.000,-1,450.000,-1,350.000,350.000,325.000,300.000,-1,-1,-1,-1,900.000,900.000,-1,-1,2,0,2,0,2,0,0,0,0,2,2,2,2,0,0,2,2
292,6282.033,-3607.500,218.646,-136.678,0,0.70497,-0.20605,42.298,-0.412,-1,450.000,-1,450.000,-1,350.000,350.000,325.000,300.000,-1,-1,-1,-1,875.000,875.000,-1,-1,2,0,2,0,2,0,0,0,0,2,2,2,2,0,0,2,2
293,6251.000,-3636.364,217.172,-137.072,0,0.70635,-0.19703,42.381,-0.394,-1,425.000,-1,425.000,-1,350.000,350.000,325.000,300.000,-1,-1,-1,-1,850.000,825.000,-1,-1,2,0,2,0,2,0,0,0,0,2,2,2,2,0,0,2,2
294,6219.710,-3665.089,215.299,-137.448,0,0.70794,-0.18778,42.476,-0.376,-1,425.000,-1,425.000,-1,350.000,350.000,325.000,300.000,-1,-1,-1,-1,825.000,800.000,-1,-1,2,0,2,0,2,0,0,0,0,2,2,2,2,0,0,2,2
295,6188.161,-3693.691,213.388,-137.805,0,0.70973,-0.17829,42.584,-0.357,-1,425.000,-1,425.000,-1,350.000,350.000,325.000,325.000,-1,-1,-1,-1,775.000,775.000,-1,-1,2,0,2,0,2,0,0,0,0,2,2,2,2,0,0,2,2
296,6156.355,-3722.188,211.437,-138.142,0,0.71175,-0.16857,42.705,-0.337,-1,400.000,-1,400.000,-1,325.000,325.000,325.000,325.000,-1,-1,-1,-1,750.000,750.000,-1,-1,2,0,2,0,2,0,0,0,0,2,2,2,2,0,0,2,2
297,6124.290,-3750.597,208.964,-138.459,0,0.71399,-0.15861,42.839,-0.317,-1,400.000,-1,400.000,-1,325.000,325.000,325.000,325.000,-1,-1,-1,-1,725.000,725.000,-1,-1,2,0,2,0,2,0,0,0,0,2,2,2,2,0,0,2,2
298,6091.968,-3778.937,206.439,-138.756,0,0.71646,-0.14841,42.988,-0.297,-1,400.000,-1,400.000,-1,325.000,325.000,300.000,325.000,-1,-1,-1,-1,700.000,700.000,-1,-1,2,0,2,0,2,0,0,0,0,2,2,2,2,0,0,2,2
299,6059.386,-3807.229,203.862,-139.032,0,0.71918,-0.13796,43.151,-0.276,-1,400.000,-1,400.000,-1,325.000,325.000,300.000,325.000,-1,-1,-1,-1,700.000,700.000,-1,-1,2,0,2,0,2,0,0,0,0,2,2,2,2,0,0,2,2
