timestep,x_cm,y_cm,z_cm,yaw_deg,teleport_flag,throttle_cmd,steering_cmd,cmd_move_cm,cmd_turn_deg,lidar_cm_0,lidar_cm_1,lidar_cm_2,lidar_cm_3,lidar_cm_4,lidar_cm_5,lidar_cm_6,lidar_cm_7,lidar_cm_8,lidar_cm_9,lidar_cm_10,lidar_cm_11,lidar_cm_12,lidar_cm_13,lidar_cm_14,lidar_cm_15,lidar_cm_16,lidar_class_0,lidar_class_1,lidar_class_2,lidar_class_3,lidar_class_4,lidar_class_5,lidar_class_6,lidar_class_7,lidar_class_8,lidar_class_9,lidar_class_10,lidar_class_11,lidar_class_12,lidar_class_13,lidar_class_14,lidar_class_15,lidar_class_16
0,1818.149,-10126.688,-53.741,177.303,1,0.08000,0.12000,9.600,1.080,-1,350.000,-1,375.000,-1,275.000,300.000,325.000,300.000,-1,900.000,400.000,700.000,600.000,750.000,-1,-1,2,0,2,0,2,0,0,0,0,2,0,0,0,0,0,2,2
2,1770.182,-10127.866,-50.347,182.703,0,0.24000,0.36000,28.800,3.240,-1,350.000,-1,350.000,-1,275.000,300.000,350.000,325.000,-1,600.000,325.000,800.000,600.000,700.000,-1,-1,2,0,2,0,2,0,0,0,0,2,0,0,0,0,0,2,2
4,1685.194,-10142.887,-44.926,192.423,0,0.40000,0.60000,48.000,5.400,-1,350.000,-1,350.000,-1,275.000,275.000,375.000,300.000,-1,400.000,225.000,1000.000,625.000,700.000,-1,-1,2,0,2,0,2,0,0,0,0,2,0,0,0,0,0,2,2
6,1570.541,-10191.493,-36.759,206.463,0,0.56000,0.84000,67.200,7.560,-1,375.000,-1,400.000,-1,300.000,300.000,325.000,375.000,-1,50.000,100.000,-1,725.000,950.000,-1,-1,2,0,2,0,2,0,0,0,0,2,0,0,2,0,0,2,2
8,1445.667,-10295.787,-29.489,224.103,0,0.72000,1.00000,86.400,9.000,-1,375.000,-1,400.000,-1,300.000,300.000,325.000,350.000,-1,175.000,300.000,-1,800.000,900.000,-1,-1,2,0,2,0,2,0,0,0,0,2,0,0,2,0,0,2,2
10,1338.622,-10465.888,-26.841,242.103,0,0.88000,1.00000,105.600,9.000,-1,475.000,-1,400.000,-1,350.000,325.000,325.000,350.000,1000.000,450.000,700.000,-1,925.000,775.000,-1,-1,2,0,2,0,2,0,0,0,0,0,0,0,2,0,0,2,2
12,1281.506,-10688.400,-31.801,260.103,0,0.96030,1.00000,115.236,9.000,-1,550.000,-1,475.000,-1,425.000,400.000,325.000,375.000,-1,-1,-1,-1,-1,825.000,-1,-1,2,0,2,0,2,0,0,0,0,2,2,2,2,2,0,2,2
14,1295.945,-10917.707,-53.724,278.103,0,0.96030,1.00000,115.236,9.000,-1,400.000,-1,350.000,600.000,325.000,300.000,300.000,325.000,-1,-1,-1,-1,650.000,525.000,1000.000,600.000,2,0,2,0,0,0,0,0,0,2,2,2,2,0,0,0,0
16,1380.536,-11131.329,-96.039,296.103,0,0.96030,1.00000,115.236,9.000,925.000,350.000,-1,300.000,400.000,300.000,275.000,275.000,275.000,-1,-1,-1,-1,575.000,475.000,850.000,450.000,0,0,2,0,0,0,0,0,0,2,2,2,2,0,0,0,0
18,1527.001,-11308.355,-146.523,314.103,0,0.96030,1.00000,115.236,9.000,850.000,325.000,925.000,275.000,250.000,250.000,225.000,275.000,225.000,-1,-1,-1,-1,500.000,400.000,675.000,275.000,0,0,0,0,0,0,0,0,0,2,2,2,2,0,0,0,0
20,1721.001,-11431.457,-198.098,332.103,0,0.96030,1.00000,115.236,9.000,1000.000,350.000,1000.000,250.000,100.000,275.000,225.000,300.000,175.000,-1,-1,-1,750.000,575.000,400.000,975.000,125.000,0,0,0,0,0,0,0,0,0,2,2,2,0,0,0,0,0
22,1943.547,-11488.585,-240.654,350.103,0,0.96030,1.00000,115.236,9.000,925.000,350.000,925.000,250.000,75.000,275.000,250.000,300.000,150.000,-1,475.000,300.000,400.000,625.000,375.000,825.000,125.000,0,0,0,0,0,0,0,0,0,2,0,0,0,0,0,0,0
24,2172.854,-11474.146,-272.670,368.103,0,0.96030,1.00000,115.236,9.000,875.000,350.000,850.000,300.000,100.000,275.000,275.000,300.000,150.000,-1,375.000,0.000,300.000,600.000,475.000,800.000,125.000,0,0,0,0,0,0,0,0,0,2,0,0,0,0,0,0,0
26,2386.476,-11389.555,-286.660,386.103,0,0.96030,1.00000,115.236,9.000,-1,425.000,-1,350.000,400.000,350.000,325.000,275.000,175.000,-1,25.000,0.000,250.000,650.000,475.000,925.000,475.000,2,0,2,0,0,0,0,0,0,2,0,0,0,0,0,0,0
28,2557.981,-11251.214,-283.616,403.023,0,0.88030,0.88000,105.636,7.920,-1,375.000,-1,300.000,275.000,325.000,300.000,275.000,250.000,-1,175.000,100.000,375.000,600.000,425.000,875.000,325.000,2,0,2,0,0,0,0,0,0,2,0,0,0,0,0,0,0
30,2676.794,-11095.006,-274.075,415.623,0,0.81878,0.64000,98.254,5.760,-1,325.000,-1,275.000,175.000,275.000,250.000,300.000,225.000,-1,350.000,250.000,475.000,550.000,375.000,800.000,200.000,2,0,2,0,0,0,0,0,0,2,0,0,0,0,0,0,0
32,2768.691,-10921.421,-260.491,423.903,0,0.81878,0.40000,98.254,3.600,-1,300.000,-1,225.000,75.000,250.000,200.000,300.000,175.000,-1,550.000,425.000,550.000,475.000,325.000,675.000,75.000,2,0,2,0,0,0,0,0,0,2,0,0,0,0,0,0,0
34,2845.015,-10740.358,-239.108,427.863,0,0.81878,0.16000,98.254,1.440,-1,375.000,-1,250.000,25.000,275.000,225.000,350.000,125.000,-1,0.000,0.000,325.000,725.000,400.000,-1,50.000,2,0,2,0,0,0,0,0,0,2,0,0,0,0,0,2,0
36,2919.062,-10558.340,-207.638,427.503,0,0.81878,-0.08000,98.254,-0.720,-1,375.000,-1,275.000,50.000,275.000,250.000,350.000,125.000,-1,50.000,50.000,325.000,775.000,475.000,-1,50.000,2,0,2,0,0,0,0,0,0,2,0,0,0,0,0,2,0
38,3002.917,-10380.654,-167.602,423.769,0,0.81878,-0.21489,98.254,-1.934,-1,450.000,-1,525.000,-1,375.000,375.000,200.000,275.000,225.000,0.000,75.000,725.000,-1,-1,-1,-1,2,0,2,0,2,0,0,0,0,0,0,0,0,2,2,2,2
40,3098.568,-10209.029,-126.426,419.901,0,0.81878,-0.21489,98.254,-1.934,-1,475.000,-1,500.000,-1,375.000,400.000,275.000,275.000,500.000,100.000,325.000,900.000,-1,-1,-1,-1,2,0,2,0,2,0,0,0,0,0,0,0,0,2,2,2,2
42,3205.577,-10044.248,-92.117,416.033,0,0.81878,-0.21489,98.254,-1.934,-1,475.000,-1,425.000,-1,375.000,375.000,275.000,275.000,875.000,525.000,700.000,-1,-1,900.000,-1,-1,2,0,2,0,2,0,0,0,0,0,0,0,2,2,0,2,2
44,3323.459,-9887.060,-63.400,412.165,0,0.81878,-0.21489,98.254,-1.934,-1,500.000,-1,400.000,-1,375.000,350.000,275.000,250.000,-1,900.000,-1,-1,-1,775.000,-1,-1,2,0,2,0,2,0,0,0,0,2,0,2,2,2,0,2,2
46,3451.676,-9738.183,-40.040,408.297,0,0.81878,-0.21489,98.254,-1.934,-1,450.000,-1,350.000,725.000,325.000,300.000,325.000,250.000,-1,-1,-1,-1,-1,650.000,-1,-1,2,0,2,0,0,0,0,0,0,2,2,2,2,2,0,2,2
48,3589.643,-9598.293,-22.265,404.429,0,0.81878,-0.21489,98.254,-1.934,-1,375.000,-1,300.000,400.000,300.000,275.000,375.000,225.000,-1,-1,-1,-1,900.000,525.000,-1,500.000,2,0,2,0,0,0,0,0,0,2,2,2,2,0,0,2,0
50,3736.733,-9468.029,-1.000,400.561,0,0.81878,-0.21489,98.254,-1.934,-1,400.000,-1,400.000,-1,325.000,325.000,275.000,325.000,-1,-1,-1,-1,-1,725.000,-1,-1,2,0,2,0,2,0,0,0,0,2,2,2,2,2,0,2,2
52,3884.921,-9354.186,16.705,396.319,0,0.73878,-0.25648,88.654,-2.308,-1,400.000,-1,375.000,-1,325.000,325.000,300.000,325.000,-1,225.000,-1,-1,-1,725.000,-1,-1,2,0,2,0,2,0,0,0,0,2,0,2,2,2,0,2,2
54,4009.542,-9273.469,29.967,391.702,0,0.57878,-0.25648,69.454,-2.308,-1,425.000,-1,375.000,-1,325.000,325.000,325.000,300.000,-1,275.000,-1,-1,-1,825.000,-1,-1,2,0,2,0,2,0,0,0,0,2,0,2,2,2,0,2,2
56,4120.282,-9213.992,40.441,387.086,0,0.52386,-0.25648,62.864,-2.308,-1,425.000,-1,375.000,-1,325.000,300.000,350.000,300.000,-1,400.000,575.000,-1,-1,925.000,-1,-1,2,0,2,0,2,0,0,0,0,2,0,0,2,2,0,2,2
58,4235.450,-9163.621,50.114,382.469,0,0.52386,-0.25648,62.864,-2.308,-1,425.000,-1,375.000,-1,325.000,300.000,350.000,300.000,-1,500.000,550.000,-1,-1,-1,-1,-1,2,0,2,0,2,0,0,0,0,2,0,0,2,2,2,2,2
60,4354.299,-9122.683,60.215,377.852,0,0.52386,-0.25648,62.864,-2.308,-1,475.000,-1,450.000,-1,325.000,325.000,375.000,300.000,-1,475.000,525.000,-1,-1,-1,-1,-1,2,0,2,0,2,0,0,0,0,2,0,0,2,2,2,2,2
62,4502.428,-9078.678,72.083,376.476,0,0.68386,-0.01648,82.064,-0.148,-1,500.000,-1,500.000,-1,375.000,375.000,375.000,300.000,-1,675.000,725.000,-1,-1,-1,-1,-1,2,0,2,0,2,0,0,0,0,2,0,0,2,2,2,2,2
64,4685.397,-9017.589,86.457,379.419,0,0.84386,0.22352,101.264,2.012,-1,525.000,-1,550.000,-1,400.000,400.000,400.000,300.000,-1,975.000,-1,-1,-1,-1,-1,-1,2,0,2,0,2,0,0,0,0,2,0,2,2,2,2,2,2
66,4873.110,-8931.649,101.843,386.682,0,0.86220,0.46352,103.464,4.172,-1,525.000,-1,550.000,-1,425.000,425.000,400.000,375.000,-1,-1,-1,-1,-1,-1,-1,-1,2,0,2,0,2,0,0,0,0,2,2,2,2,2,2,2,2
68,5043.983,-8811.523,105.815,398.265,0,0.87387,0.70352,104.864,6.332,-1,325.000,-1,350.000,-1,275.000,275.000,350.000,425.000,-1,-1,-1,-1,550.000,575.000,-1,875.000,2,0,2,0,2,0,0,0,0,2,2,2,2,0,0,2,0
70,5181.252,-8653.647,106.522,412.543,0,0.87194,0.78736,104.632,7.086,-1,375.000,-1,325.000,975.000,275.000,275.000,350.000,350.000,-1,-1,-1,-1,700.000,575.000,-1,-1,2,0,2,0,0,0,0,0,0,2,2,2,2,0,0,2,2
72,5268.989,-8496.137,111.912,423.475,0,0.71194,0.54736,85.432,4.926,-1,425.000,-1,375.000,-1,325.000,300.000,350.000,325.000,-1,100.000,-1,-1,-1,700.000,-1,-1,2,0,2,0,2,0,0,0,0,2,0,2,2,2,0,2,2
74,5326.759,-8347.851,119.324,430.088,0,0.66818,0.30736,80.182,2.766,-1,475.000,-1,425.000,-1,350.000,350.000,325.000,325.000,-1,125.000,-1,-1,-1,750.000,-1,950.000,2,0,2,0,2,0,0,0,0,2,0,2,2,2,1,2,1
76,5374.135,-8191.105,128.337,434.188,0,0.68705,0.22489,82.446,2.024,-1,400.000,-1,375.000,800.000,325.000,300.000,300.000,350.000,-1,-1,-1,-1,1000.000,600.000,-1,700.000,2,0,2,0,1,0,0,0,0,2,2,2,2,1,1,2,1
78,5411.640,-8027.371,130.477,438.037,0,0.70409,0.20975,84.491,1.888,1000.000,450.000,-1,375.000,550.000,350.000,325.000,300.000,325.000,-1,-1,-1,-1,875.000,525.000,975.000,525.000,1,0,2,1,1,0,1,0,0,2,2,2,2,1,1,1,1
80,5439.371,-7858.146,132.622,441.541,0,0.71773,0.18915,86.127,1.702,850.000,500.000,975.000,350.000,375.000,400.000,375.000,300.000,325.000,-1,-1,-1,-1,750.000,500.000,825.000,400.000,1,0,1,1,1,0,1,0,0,2,2,2,2,1,1,1,1
82,5457.955,-7685.316,134.594,444.592,0,0.72600,0.16241,87.120,1.462,675.000,525.000,800.000,375.000,250.000,475.000,450.000,300.000,350.000,-1,-1,-1,-1,600.000,475.000,650.000,300.000,1,1,1,1,1,0,1,0,0,2,2,2,2,1,1,1,1
84,5468.632,-7511.191,132.873,447.072,0,0.72646,0.12901,87.176,1.161,425.000,350.000,475.000,275.000,50.000,325.000,350.000,300.000,275.000,-1,-1,-1,-1,400.000,350.000,400.000,75.000,1,1,1,1,1,0,1,0,1,2,2,2,2,1,1,1,1
86,5473.276,-7338.513,115.778,448.862,0,0.71658,0.08907,85.990,0.802,275.000,225.000,300.000,225.000,0.000,200.000,225.000,300.000,125.000,-1,-1,-1,-1,250.000,250.000,250.000,0.000,1,1,1,1,1,1,1,0,1,2,2,2,2,1,1,1,1
88,-7660.124,-15979.449,-17.509,-75.119,1,0.00000,0.00000,83.399,0.397,375.000,300.000,-1,350.000,-1,275.000,275.000,300.000,325.000,-1,-1,-1,-1,475.000,600.000,400.000,-1,0,0,2,0,2,0,0,0,0,2,2,2,2,0,0,0,2
90,-7653.960,-16007.577,-17.888,-78.359,0,0.16000,-0.24000,19.200,-2.160,350.000,300.000,-1,350.000,-1,275.000,275.000,275.000,300.000,-1,-1,-1,-1,475.000,600.000,375.000,-1,0,0,2,0,2,0,0,0,0,2,2,2,2,0,0,0,2
92,-7645.907,-16074.270,-18.643,-84.412,0,0.32000,-0.33635,38.400,-3.027,475.000,350.000,-1,400.000,-1,300.000,325.000,250.000,325.000,-1,75.000,0.000,-1,575.000,750.000,650.000,-1,0,0,2,0,2,0,0,0,0,2,0,0,2,0,0,0,2
94,-7644.272,-16179.820,-17.052,-90.499,0,0.48000,-0.33903,57.600,-3.051,575.000,350.000,-1,400.000,-1,300.000,325.000,250.000,300.000,-1,250.000,100.000,-1,575.000,750.000,825.000,-1,0,0,2,0,2,0,0,0,0,2,0,0,2,0,0,0,2
96,-7657.386,-16323.169,-15.229,-96.675,0,0.64000,-0.34471,76.800,-3.102,750.000,350.000,-1,400.000,875.000,300.000,300.000,250.000,300.000,-1,-1,300.000,-1,575.000,750.000,-1,-1,0,0,2,0,1,0,0,0,0,2,2,0,2,0,0,2,2
98,-7693.696,-16501.847,-14.011,-102.993,0,0.80000,-0.35335,96.000,-3.180,-1,325.000,-1,375.000,675.000,275.000,300.000,250.000,300.000,-1,-1,-1,-1,575.000,700.000,-1,775.000,2,0,2,0,1,0,0,0,0,2,2,2,2,0,1,2,1
100,-7761.675,-16711.827,-14.896,-109.512,0,0.96000,-0.36540,115.200,-3.289,800.000,300.000,-1,350.000,425.000,275.000,275.000,250.000,275.000,-1,-1,-1,-1,525.000,525.000,700.000,475.000,0,0,2,0,1,0,0,0,0,2,2,2,2,0,1,0,1
102,-7861.490,-16929.967,-9.042,-116.306,0,1.00000,-0.38176,120.000,-3.436,-1,375.000,-1,325.000,300.000,325.000,325.000,300.000,275.000,-1,375.000,225.000,800.000,650.000,475.000,-1,350.000,2,0,2,1,1,0,1,0,1,2,0,0,0,0,1,2,1
104,-7994.213,-17129.585,-7.631,-126.417,0,1.00000,-0.62176,120.000,-5.596,825.000,325.000,-1,200.000,75.000,250.000,200.000,300.000,225.000,-1,-1,-1,-1,500.000,300.000,700.000,100.000,0,1,2,1,1,1,1,0,1,2,2,2,2,1,1,0,1
106,-8169.253,-17292.979,-13.364,-140.849,0,1.00000,-0.86176,120.000,-7.756,250.000,175.000,400.000,75.000,0.000,125.000,75.000,275.000,175.000,-1,-1,-1,-1,275.000,100.000,200.000,0.000,1,1,1,1,1,1,1,0,1,2,2,2,2,1,1,1,1
108,-7749.941,13575.226,-216.761,66.868,1,0.08000,0.12000,9.600,1.080,-1,425.000,-1,450.000,-1,350.000,350.000,275.000,300.000,-1,-1,-1,-1,975.000,-1,-1,-1,2,0,2,0,2,0,0,0,0,2,2,2,2,0,2,2,2
110,-7732.743,13620.036,-219.947,69.522,0,0.24000,0.14401,28.800,1.296,-1,425.000,-1,450.000,-1,350.000,350.000,275.000,300.000,-1,-1,-1,-1,950.000,-1,-1,-1,2,0,2,0,2,0,0,0,0,2,2,2,2,0,2,2,2
112,-7705.082,13701.884,-226.089,71.808,0,0.40000,0.12028,48.000,1.082,-1,425.000,-1,450.000,-1,350.000,350.000,275.000,275.000,-1,-1,-1,-1,925.000,-1,-1,-1,2,0,2,0,2,0,0,0,0,2,2,2,2,0,2,2,2
114,-7668.890,13821.318,-235.752,73.486,0,0.56000,0.08306,67.200,0.748,-1,425.000,-1,450.000,-1,350.000,350.000,275.000,275.000,-1,-1,-1,-1,925.000,-1,-1,-1,2,0,2,0,2,0,0,0,0,2,2,2,2,0,2,2,2
116,-7624.371,13978.329,-249.694,74.304,0,0.72000,0.03166,86.400,0.285,-1,450.000,-1,450.000,-1,375.000,350.000,275.000,275.000,-1,-1,-1,-1,950.000,975.000,-1,-1,2,0,2,0,2,0,0,0,0,2,2,2,2,0,0,2,2
118,-7572.711,14160.292,-269.349,73.999,0,0.79797,-0.03420,95.756,-0.308,-1,400.000,-1,375.000,-1,325.000,325.000,275.000,250.000,-1,-1,-1,-1,775.000,725.000,-1,-1,2,0,2,0,2,0,0,0,0,2,2,2,2,0,0,2,2
120,-7514.027,14350.769,-294.633,72.398,0,0.84190,-0.10767,101.028,-0.969,875.000,400.000,-1,400.000,-1,325.000,325.000,225.000,300.000,-1,-1,-1,-1,800.000,825.000,-1,-1,0,0,2,0,2,0,0,0,0,2,2,2,2,0,0,2,2
122,-7441.832,14550.718,-320.961,69.258,0,0.90513,-0.20204,108.616,-1.818,875.000,425.000,-1,425.000,-1,325.000,325.000,225.000,300.000,-1,-1,-1,-1,725.000,800.000,-1,-1,0,0,2,0,2,0,0,0,0,2,2,2,2,0,0,2,2
124,-7352.455,14753.522,-348.809,65.184,0,0.92732,-0.23049,111.278,-2.074,700.000,400.000,-1,400.000,1000.000,325.000,325.000,225.000,300.000,-1,-1,-1,-1,600.000,675.000,725.000,925.000,0,0,2,0,1,0,0,0,0,2,2,2,2,0,0,0,0
126,-7246.443,14952.191,-380.598,60.806,0,0.94214,-0.24751,113.057,-2.228,500.000,325.000,1000.000,375.000,800.000,300.000,325.000,250.000,275.000,-1,-1,-1,-1,500.000,550.000,525.000,725.000,0,0,0,0,1,0,0,0,0,2,2,2,2,0,0,0,0
128,-7130.505,15137.105,-411.601,57.272,0,0.86944,-0.13629,104.333,-1.227,300.000,275.000,750.000,300.000,600.000,250.000,250.000,275.000,250.000,875.000,-1,-1,-1,425.000,450.000,300.000,500.000,0,0,0,0,0,0,0,0,0,0,2,2,2,0,0,0,0
130,-7034.045,15288.911,-437.503,58.059,0,0.70944,0.10371,85.133,0.933,150.000,225.000,550.000,225.000,325.000,200.000,200.000,250.000,225.000,925.000,-1,-1,-1,325.000,325.000,150.000,275.000,0,0,0,0,0,0,0,0,0,0,2,2,2,0,0,0,0
132,-6966.272,15413.040,-458.468,62.848,0,0.54944,0.30834,65.933,2.775,-1,375.000,-1,275.000,325.000,275.000,250.000,300.000,175.000,575.000,0.000,0.000,150.000,675.000,450.000,-1,350.000,2,0,2,0,0,0,0,0,0,0,0,0,0,0,0,2,0
134,-6925.432,15507.642,-460.177,68.038,0,0.38944,0.28210,46.733,2.539,-1,375.000,-1,275.000,250.000,275.000,250.000,300.000,225.000,625.000,0.000,0.000,200.000,700.000,425.000,-1,275.000,2,0,2,0,0,0,0,0,0,0,0,0,0,0,0,2,0
136,-6904.983,15568.975,-460.883,72.974,0,0.22944,0.27349,27.533,2.461,-1,400.000,-1,275.000,225.000,300.000,250.000,300.000,225.000,650.000,0.000,0.000,225.000,750.000,425.000,-1,250.000,2,0,2,0,0,0,0,0,0,0,0,0,0,0,0,2,0
138,-6898.721,15594.478,-461.038,77.879,0,0.06944,0.27226,8.333,2.450,-1,400.000,-1,275.000,225.000,300.000,250.000,300.000,225.000,650.000,0.000,0.000,250.000,800.000,450.000,-1,250.000,2,0,2,0,0,0,0,0,0,0,0,0,0,0,0,2,0
140,-6900.300,15582.449,-461.044,82.777,0,-0.09056,0.27216,-10.867,2.449,-1,400.000,-1,300.000,250.000,325.000,275.000,300.000,200.000,625.000,0.000,0.000,250.000,850.000,475.000,-1,300.000,2,0,2,0,0,0,0,0,0,0,0,0,0,0,0,2,0
142,-6902.256,15551.189,-461.179,88.667,0,-0.09056,0.38226,-10.867,3.440,-1,400.000,-1,325.000,275.000,325.000,300.000,300.000,200.000,575.000,0.000,0.000,250.000,900.000,525.000,-1,400.000,2,0,2,0,0,0,0,0,0,0,0,0,0,0,0,2,0
144,-6903.015,15558.217,-461.081,95.545,0,0.06944,0.38209,8.333,3.439,-1,400.000,-1,350.000,375.000,325.000,325.000,300.000,200.000,500.000,0.000,0.000,275.000,-1,600.000,-1,625.000,2,0,2,0,0,0,0,0,0,0,0,0,0,2,0,2,0
146,-6911.744,15602.818,-460.234,102.434,0,0.22944,0.38313,27.533,3.448,-1,425.000,-1,375.000,500.000,325.000,325.000,300.000,200.000,475.000,0.000,0.000,375.000,-1,675.000,-1,-1,2,0,2,0,0,0,0,0,0,0,0,0,0,2,0,2,2
148,-6937.423,15682.616,-458.187,109.381,0,0.38944,0.38715,46.733,3.484,-1,425.000,-1,400.000,-1,325.000,325.000,300.000,200.000,525.000,25.000,25.000,500.000,950.000,775.000,-1,-1,2,0,2,0,2,0,0,0,0,0,0,0,1,0,0,2,2
150,-6986.890,15789.851,-454.717,116.464,0,0.51515,0.39611,61.818,3.565,-1,450.000,-1,425.000,-1,350.000,350.000,300.000,200.000,575.000,150.000,150.000,525.000,875.000,-1,-1,-1,2,0,2,0,2,0,0,0,0,0,0,0,1,0,2,2,2
152,-7055.823,15900.797,-450.349,123.681,0,0.54005,0.40277,64.806,3.625,-1,425.000,-1,450.000,-1,375.000,350.000,300.000,225.000,675.000,275.000,275.000,550.000,800.000,-1,-1,-1,2,0,2,0,2,0,0,0,0,0,0,0,1,0,2,2,2
154,-7136.141,15999.297,-445.672,131.062,0,0.52701,0.41281,63.241,3.715,850.000,400.000,-1,500.000,-1,350.000,400.000,300.000,250.000,775.000,425.000,250.000,575.000,725.000,-1,-1,-1,0,0,2,0,2,0,0,0,0,0,0,0,0,0,2,2,2
156,-7227.353,16085.110,-441.117,138.667,0,0.52106,0.42597,62.528,3.834,650.000,350.000,-1,450.000,-1,325.000,350.000,300.000,275.000,-1,725.000,800.000,550.000,600.000,1000.000,775.000,-1,0,0,2,0,2,0,0,0,0,2,0,0,0,0,0,0,2
158,-7329.248,16157.633,-438.659,146.544,0,0.52211,0.44167,62.654,3.975,425.000,325.000,-1,375.000,-1,275.000,300.000,300.000,275.000,-1,-1,975.000,600.000,525.000,725.000,500.000,-1,0,0,2,0,2,0,0,0,0,2,2,1,0,0,0,0,2
160,-7441.581,16215.679,-436.776,154.732,0,0.52935,0.45948,63.522,4.135,275.000,275.000,-1,325.000,-1,250.000,250.000,275.000,275.000,-1,-1,675.000,650.000,425.000,550.000,300.000,925.000,0,0,2,0,2,0,0,0,0,2,2,0,0,0,0,0,0
162,-7563.725,16257.444,-433.039,163.265,0,0.54157,0.47901,64.988,4.311,1000.000,375.000,-1,400.000,-1,325.000,325.000,325.000,275.000,-1,0.000,0.000,325.000,650.000,700.000,-1,-1,0,0,2,0,2,0,0,0,0,2,0,0,0,0,0,2,2
164,-7694.345,16280.629,-417.803,172.168,0,0.55728,0.49988,66.874,4.499,850.000,375.000,-1,375.000,925.000,300.000,325.000,325.000,325.000,-1,0.000,0.000,450.000,625.000,650.000,950.000,925.000,0,0,2,0,0,0,0,0,0,2,0,0,0,0,0,0,0
166,-7835.246,16282.717,-400.051,181.446,0,0.59095,0.51293,70.914,4.616,750.000,350.000,-1,350.000,750.000,300.000,300.000,325.000,325.000,-1,100.000,75.000,700.000,575.000,575.000,775.000,850.000,0,0,2,0,0,0,0,0,0,2,0,0,0,0,0,0,1
168,-7977.233,16262.118,-380.644,190.491,0,0.60019,0.49860,72.023,4.487,700.000,325.000,-1,325.000,675.000,275.000,275.000,325.000,300.000,-1,225.000,225.000,-1,550.000,550.000,675.000,675.000,0,0,2,0,0,0,0,0,0,2,0,0,2,0,0,0,0
170,-8115.369,16219.729,-360.053,199.219,0,0.60264,0.48001,72.317,4.320,700.000,300.000,-1,300.000,500.000,250.000,250.000,325.000,275.000,-1,350.000,375.000,-1,500.000,500.000,600.000,525.000,0,0,2,0,0,0,0,0,0,2,0,0,2,0,0,0,0
172,-8245.151,16157.800,-336.210,207.583,0,0.59797,0.45953,71.757,4.136,-1,350.000,-1,375.000,950.000,300.000,300.000,300.000,300.000,800.000,0.000,0.000,-1,625.000,650.000,-1,-1,2,0,2,0,0,0,0,0,0,0,0,0,2,0,0,2,2
174,-8370.486,16072.058,-306.980,216.784,0,0.67337,0.57117,80.805,5.141,-1,350.000,-1,350.000,-1,300.000,300.000,325.000,275.000,875.000,50.000,100.000,-1,950.000,675.000,-1,-1,2,0,2,0,2,0,0,0,0,0,0,0,2,0,0,2,2
176,-8505.070,15937.656,-269.488,227.508,0,0.83337,0.59613,100.005,5.365,-1,375.000,-1,375.000,-1,300.000,300.000,325.000,300.000,850.000,150.000,225.000,-1,-1,-1,-1,-1,2,0,2,0,2,0,0,0,0,0,0,0,2,2,2,2,2
178,-8624.504,15763.137,-228.206,238.347,0,0.87884,0.60501,105.461,5.445,-1,525.000,-1,550.000,-1,375.000,400.000,325.000,300.000,875.000,200.000,200.000,950.000,-1,-1,-1,-1,2,0,2,0,2,0,0,0,0,0,0,0,1,2,2,2,2
180,-8707.566,15570.571,-189.829,249.472,0,0.87464,0.62315,104.957,5.608,-1,650.000,-1,-1,-1,500.000,575.000,325.000,350.000,900.000,275.000,325.000,975.000,-1,-1,-1,-1,2,0,2,2,2,0,0,0,0,0,0,0,1,2,2,2,2
182,-8751.039,15363.984,-162.646,261.024,0,0.88391,0.64848,106.070,5.836,750.000,375.000,-1,600.000,-1,325.000,375.000,275.000,450.000,-1,-1,-1,-1,725.000,-1,-1,-1,0,0,2,0,2,0,0,0,0,2,2,2,2,0,2,2,2
184,-8751.012,15143.045,-162.962,272.954,0,0.92793,0.65933,111.351,5.934,650.000,375.000,-1,500.000,-1,325.000,350.000,300.000,500.000,-1,-1,-1,-1,625.000,-1,825.000,-1,0,0,2,0,2,0,0,0,0,2,2,2,2,0,2,0,2
186,-8705.389,14922.045,-171.092,284.512,0,0.94488,0.63527,113.385,5.717,675.000,350.000,-1,450.000,-1,300.000,350.000,325.000,525.000,-1,-1,-1,-1,600.000,-1,725.000,-1,0,0,2,0,2,0,0,0,0,2,2,2,2,0,2,0,2
188,-8616.143,14708.541,-184.447,295.292,0,0.97229,0.58351,116.675,5.252,625.000,325.000,-1,375.000,-1,275.000,300.000,350.000,475.000,-1,-1,-1,-1,525.000,725.000,575.000,-1,0,0,2,0,2,0,0,0,0,2,2,2,2,0,0,0,2
190,-8490.168,14510.643,-201.743,304.753,0,0.97757,0.50482,117.309,4.543,775.000,325.000,-1,350.000,-1,275.000,275.000,350.000,400.000,-1,250.000,100.000,-1,550.000,650.000,700.000,-1,0,0,2,0,2,0,0,0,0,2,0,0,2,0,0,0,2
192,-8338.766,14336.665,-215.182,313.060,0,0.95415,0.44746,114.498,4.027,1000.000,350.000,-1,375.000,-1,275.000,300.000,375.000,400.000,-1,100.000,75.000,-1,575.000,650.000,875.000,-1,0,0,2,0,2,0,0,0,0,2,0,0,2,0,0,0,2
194,-8172.402,14190.083,-224.034,320.426,0,0.91362,0.39745,109.635,3.577,-1,350.000,-1,375.000,-1,300.000,300.000,350.000,425.000,-1,100.000,150.000,-1,600.000,650.000,1000.000,-1,2,0,2,0,2,0,0,0,0,2,0,0,2,0,0,0,2
196,-7992.818,14067.822,-231.548,327.487,0,0.91931,0.39115,110.317,3.520,950.000,350.000,-1,325.000,-1,275.000,275.000,400.000,350.000,-1,300.000,350.000,-1,600.000,550.000,900.000,975.000,0,0,2,0,2,0,0,0,0,2,0,0,2,0,0,0,0
198,-7805.088,13971.179,-238.734,334.569,0,0.86758,0.39625,104.110,3.566,875.000,350.000,-1,325.000,1000.000,275.000,275.000,375.000,350.000,-1,250.000,325.000,-1,625.000,575.000,800.000,825.000,0,0,2,0,0,0,0,0,0,2,0,0,2,0,0,0,0
200,-7616.294,13902.905,-244.277,342.042,0,0.82833,0.42306,99.399,3.808,750.000,350.000,-1,350.000,775.000,300.000,275.000,350.000,350.000,-1,200.000,375.000,-1,550.000,575.000,675.000,725.000,0,0,2,0,0,0,0,0,0,2,0,0,2,0,0,0,0
202,-7408.863,13849.614,-247.499,346.417,0,0.89104,0.18306,106.925,1.648,675.000,350.000,975.000,350.000,775.000,300.000,300.000,325.000,350.000,-1,125.000,250.000,-1,500.000,525.000,575.000,650.000,0,0,0,0,0,0,0,0,0,2,0,0,2,0,0,0,0
204,-7193.310,13801.461,-249.156,347.808,0,0.94505,0.09156,113.407,0.824,400.000,275.000,800.000,275.000,600.000,225.000,250.000,325.000,350.000,-1,275.000,425.000,-1,400.000,425.000,375.000,450.000,0,0,0,0,0,0,0,0,0,2,0,0,2,0,0,0,0
206,-6968.200,13758.863,-250.677,349.815,0,0.95831,0.11841,114.998,1.066,150.000,200.000,600.000,200.000,275.000,175.000,175.000,300.000,300.000,-1,425.000,625.000,-1,300.000,300.000,125.000,225.000,0,0,0,0,0,0,0,0,0,2,0,0,2,0,0,0,0
208,-6736.871,13725.255,-229.004,352.445,0,0.98113,0.15918,117.736,1.433,-1,400.000,-1,375.000,-1,325.000,325.000,325.000,300.000,550.000,0.000,0.000,-1,950.000,-1,-1,-1,2,0,2,0,2,0,0,0,0,0,0,0,2,0,2,2,2
210,-6498.720,13701.440,-194.595,354.882,0,1.00000,0.13211,120.000,1.189,-1,425.000,-1,400.000,-1,325.000,325.000,325.000,350.000,800.000,150.000,150.000,-1,-1,850.000,-1,-1,2,0,2,0,2,0,0,0,0,0,0,0,2,2,1,2,2
212,-6259.173,13686.858,-160.958,357.033,0,1.00000,0.11481,120.000,1.033,-1,450.000,-1,400.000,900.000,350.000,325.000,325.000,450.000,-1,375.000,400.000,-1,-1,775.000,-1,900.000,2,0,2,0,1,0,0,0,0,2,0,0,2,2,1,2,1
214,-6019.275,13680.074,-131.648,358.792,0,1.00000,0.09149,120.000,0.823,-1,525.000,-1,425.000,625.000,375.000,350.000,325.000,600.000,-1,700.000,725.000,-1,-1,700.000,-1,700.000,2,0,2,0,1,0,0,0,0,2,0,0,2,2,1,2,1
216,-5779.280,13679.086,-103.524,360.040,0,1.00000,0.06135,120.000,0.552,-1,650.000,-1,475.000,475.000,450.000,400.000,325.000,775.000,-1,950.000,1000.000,-1,-1,775.000,-1,600.000,2,0,2,0,1,0,0,0,0,2,0,0,2,2,1,2,1
218,-5565.878,13690.209,-81.455,364.384,0,0.86126,0.30135,103.351,2.712,-1,450.000,-1,350.000,275.000,350.000,325.000,325.000,450.000,-1,-1,-1,-1,900.000,700.000,-1,450.000,2,0,2,0,1,0,0,0,1,2,2,2,2,0,0,2,1
220,-5367.219,13727.343,-84.180,373.049,0,0.83427,0.54135,100.113,4.872,-1,425.000,-1,375.000,650.000,350.000,325.000,300.000,225.000,-1,-1,-1,-1,850.000,750.000,-1,-1,2,0,2,0,1,0,0,0,1,2,2,2,2,0,0,2,2
222,-5188.152,13793.683,-95.693,382.806,0,0.78289,0.54140,93.947,4.873,-1,400.000,-1,375.000,-1,325.000,300.000,300.000,225.000,-1,-1,-1,-1,750.000,700.000,-1,-1,2,0,2,0,2,0,0,0,1,2,2,2,2,0,0,2,2
224,-5033.817,13883.187,-116.074,392.611,0,0.73199,0.54660,87.839,4.919,700.000,350.000,-1,325.000,-1,300.000,275.000,275.000,275.000,-1,-1,-1,-1,650.000,575.000,-1,-1,1,0,2,0,2,0,0,0,0,2,2,2,2,0,0,2,2
226,-4904.567,13991.935,-144.011,402.624,0,0.69695,0.56011,83.634,5.041,500.000,375.000,-1,375.000,-1,300.000,300.000,225.000,350.000,-1,0.000,-1,425.000,650.000,750.000,600.000,-1,1,0,2,0,2,0,0,0,0,2,0,2,1,1,0,1,2
228,-4799.884,14118.217,-171.347,412.960,0,0.68146,0.57929,81.775,5.214,375.000,400.000,-1,400.000,-1,325.000,325.000,250.000,325.000,-1,0.000,150.000,525.000,525.000,900.000,400.000,-1,1,1,2,0,2,0,0,0,0,2,0,0,1,1,0,1,2
230,-4713.075,14289.422,-208.951,426.605,0,0.84146,0.81689,100.975,7.352,200.000,250.000,-1,425.000,-1,275.000,325.000,250.000,300.000,-1,700.000,625.000,800.000,300.000,-1,200.000,-1,1,1,2,0,2,1,1,0,0,2,1,1,1,1,2,1,2
232,-4666.724,14500.078,-258.570,441.192,0,0.90895,0.80781,109.074,7.270,25.000,100.000,225.000,225.000,-1,100.000,150.000,250.000,300.000,-1,800.000,800.000,-1,100.000,850.000,25.000,-1,1,1,1,1,2,1,1,0,0,2,1,1,2,1,0,1,2
234,-12364.689,-5793.330,-2.178,152.635,1,0.08000,-0.12000,9.600,-1.080,-1,400.000,-1,525.000,-1,325.000,375.000,275.000,275.000,425.000,775.000,700.000,700.000,725.000,-1,-1,-1,2,0,2,0,2,0,0,1,0,1,0,0,0,0,2,2,2
236,-12405.613,-5768.281,3.991,147.235,0,0.24000,-0.36000,28.800,-3.240,-1,375.000,-1,575.000,-1,350.000,400.000,275.000,275.000,400.000,900.000,800.000,750.000,750.000,-1,-1,-1,2,0,2,0,2,0,0,0,0,1,0,0,0,0,2,2,2
238,-12469.425,-5716.351,15.580,138.888,0,0.36606,-0.47003,43.927,-4.230,-1,425.000,-1,600.000,-1,375.000,425.000,275.000,275.000,425.000,625.000,-1,850.000,-1,-1,-1,-1,2,0,2,0,2,0,0,0,0,1,1,2,0,2,2,2,2
240,-12534.692,-5644.636,30.123,130.019,0,0.39826,-0.50052,47.792,-4.505,-1,500.000,-1,600.000,-1,425.000,450.000,275.000,275.000,475.000,550.000,850.000,1000.000,-1,-1,-1,-1,2,0,2,0,2,0,0,0,0,1,1,1,0,2,2,2,2
242,-12585.338,-5566.582,44.216,120.563,0,0.38591,-0.53378,46.310,-4.804,-1,475.000,-1,450.000,550.000,375.000,400.000,300.000,225.000,775.000,850.000,-1,-1,-1,700.000,-1,850.000,2,0,2,0,0,0,0,0,0,1,1,2,2,2,0,2,0
244,-12621.620,-5481.220,54.071,110.474,0,0.38834,-0.56968,46.601,-5.127,-1,450.000,-1,375.000,400.000,375.000,350.000,250.000,250.000,-1,825.000,950.000,-1,825.000,550.000,-1,475.000,2,0,2,0,0,0,0,0,0,2,1,1,2,0,0,2,0
246,-12641.430,-5387.627,63.614,98.799,0,0.40387,-0.70858,48.464,-6.377,-1,375.000,-1,300.000,300.000,325.000,275.000,225.000,275.000,-1,800.000,900.000,-1,625.000,425.000,-1,325.000,2,0,2,0,0,0,0,0,0,2,1,1,2,0,0,2,0
248,-12636.130,-5286.463,74.120,82.812,0,0.43077,-0.94779,51.692,-8.530,800.000,300.000,875.000,250.000,275.000,250.000,225.000,250.000,325.000,-1,825.000,825.000,-1,475.000,375.000,600.000,275.000,0,0,0,0,0,0,0,0,0,2,1,1,2,0,0,0,0
250,-12588.871,-5163.449,90.171,64.812,0,0.59077,-1.00000,70.892,-9.000,350.000,250.000,625.000,250.000,350.000,200.000,200.000,275.000,375.000,400.000,0.000,100.000,-1,350.000,350.000,300.000,300.000,0,0,0,0,1,0,0,0,0,0,0,0,2,0,0,0,1
252,-12490.289,-5040.749,114.056,46.812,0,0.67121,-1.00000,80.546,-9.000,150.000,225.000,550.000,250.000,600.000,200.000,225.000,250.000,425.000,550.000,0.000,0.000,-1,325.000,375.000,150.000,425.000,0,0,1,1,1,0,1,0,0,0,0,0,2,0,1,0,1
254,-12349.063,-4947.802,144.048,29.023,0,0.71717,-0.97655,86.061,-8.789,100.000,225.000,625.000,300.000,-1,200.000,225.000,200.000,400.000,-1,75.000,0.000,1000.000,300.000,475.000,125.000,-1,0,1,1,1,2,1,1,0,0,2,0,0,0,1,1,0,2
256,-12158.123,-4886.347,183.629,14.685,0,0.87717,-0.73655,105.261,-6.629,275.000,275.000,-1,350.000,-1,250.000,275.000,325.000,225.000,-1,350.000,0.000,275.000,400.000,-1,250.000,-1,1,1,2,0,2,1,1,0,0,2,0,0,0,1,2,1,2
258,-11931.865,-4861.435,228.845,3.604,0,0.94732,-0.59409,113.678,-5.347,-1,475.000,-1,525.000,-1,375.000,425.000,300.000,225.000,-1,325.000,75.000,250.000,-1,-1,-1,-1,2,1,2,0,2,1,1,1,0,2,0,0,0,2,2,2,2
260,-11712.454,-4874.792,260.523,-5.734,0,0.90201,-0.49214,108.242,-4.429,-1,-1,-1,475.000,825.000,525.000,450.000,275.000,175.000,-1,-1,825.000,300.000,-1,925.000,-1,-1,2,2,2,0,0,1,0,1,0,2,2,0,0,2,0,2,2
262,-11515.413,-4915.975,273.330,-13.892,0,0.81657,-0.45146,97.988,-4.063,-1,-1,-1,375.000,325.000,500.000,375.000,375.000,150.000,-1,-1,-1,325.000,-1,625.000,-1,500.000,2,2,2,0,0,0,0,1,0,2,2,2,0,2,0,2,0
264,-11345.503,-4977.704,259.295,-22.072,0,0.73506,-0.45669,88.207,-4.110,-1,400.000,-1,275.000,400.000,275.000,250.000,200.000,350.000,-1,-1,-1,-1,850.000,450.000,-1,375.000,2,0,2,0,0,0,0,1,0,2,2,2,2,0,0,2,0
266,-11198.322,-5057.123,239.942,-30.513,0,0.68774,-0.47377,82.528,-4.264,-1,375.000,-1,300.000,425.000,275.000,250.000,250.000,400.000,225.000,0.000,-1,-1,725.000,450.000,-1,400.000,2,0,2,0,0,0,0,1,0,1,1,2,2,0,0,2,0
268,-11039.165,-5167.743,218.993,-35.801,0,0.84774,-0.23377,101.728,-2.104,-1,400.000,-1,325.000,475.000,300.000,275.000,325.000,400.000,300.000,0.000,25.000,-1,750.000,500.000,-1,500.000,2,0,2,0,0,0,0,1,0,1,0,0,2,0,0,2,0
270,-10873.765,-5291.795,203.834,-36.917,0,0.85376,-0.01028,102.451,-0.092,-1,425.000,-1,350.000,700.000,325.000,300.000,450.000,375.000,375.000,0.000,25.000,-1,925.000,550.000,-1,700.000,2,0,2,0,0,0,0,1,0,1,0,0,2,0,0,2,0
272,-10713.005,-5413.867,189.220,-37.335,0,0.83795,-0.02748,100.554,-0.247,-1,325.000,-1,300.000,575.000,275.000,250.000,400.000,400.000,475.000,250.000,400.000,-1,625.000,475.000,-1,500.000,2,0,2,0,0,0,0,0,0,1,0,0,2,0,0,2,0
274,-10554.844,-5536.782,177.313,-38.049,0,0.83443,-0.04359,100.132,-0.392,-1,375.000,-1,300.000,650.000,275.000,250.000,400.000,325.000,625.000,25.000,250.000,-1,700.000,500.000,-1,550.000,2,0,2,0,0,0,0,0,0,1,0,0,2,0,0,2,0
276,-10397.909,-5662.832,172.838,-39.033,0,0.84089,-0.05822,100.906,-0.524,-1,425.000,-1,375.000,-1,325.000,300.000,400.000,350.000,675.000,0.000,50.000,-1,-1,700.000,-1,-1,2,0,2,0,2,0,0,0,0,1,0,0,2,2,0,2,2
278,-10241.240,-5794.009,173.337,-40.258,0,0.85554,-0.07121,102.665,-0.641,-1,475.000,-1,425.000,-1,375.000,350.000,425.000,350.000,900.000,75.000,125.000,-1,-1,825.000,-1,-1,2,0,2,0,2,0,0,0,0,1,0,0,2,2,0,2,2
280,-10084.386,-5932.060,171.937,-41.747,0,0.87576,-0.08841,105.092,-0.796,-1,400.000,-1,375.000,-1,300.000,300.000,325.000,425.000,-1,550.000,725.000,-1,-1,700.000,-1,-1,2,0,2,0,2,0,0,0,0,2,0,0,2,2,0,2,2
282,-9928.447,-6078.614,167.144,-43.758,0,0.89728,-0.11963,107.674,-1.077,-1,550.000,-1,400.000,-1,350.000,325.000,325.000,375.000,-1,600.000,725.000,-1,-1,-1,-1,-1,2,0,2,0,2,0,0,0,0,2,0,0,2,2,2,2,2
284,-9774.918,-6235.793,163.669,-46.355,0,0.92189,-0.15267,110.627,-1.374,-1,850.000,-1,475.000,-1,500.000,425.000,375.000,350.000,-1,550.000,750.000,-1,-1,-1,-1,-1,2,0,2,0,2,0,0,0,0,2,0,0,2,2,2,2,2
286,-9629.241,-6404.734,158.145,-50.548,0,0.92919,-0.29291,111.503,-2.636,-1,950.000,-1,525.000,-1,600.000,500.000,500.000,325.000,-1,875.000,950.000,-1,-1,-1,-1,-1,2,0,2,0,2,0,0,0,0,2,0,0,2,2,2,2,2
288,-9506.750,-6590.941,150.673,-59.060,0,0.92961,-0.53291,111.553,-4.796,-1,450.000,-1,400.000,-1,350.000,350.000,275.000,-1,-1,-1,-1,-1,825.000,775.000,-1,-1,2,0,2,0,2,0,0,0,2,2,2,2,2,0,0,2,2
290,-9418.483,-6795.657,120.313,-69.213,0,0.92984,-0.56381,111.581,-5.074,950.000,375.000,-1,375.000,-1,300.000,300.000,275.000,-1,-1,-1,-1,-1,675.000,650.000,900.000,-1,0,0,2,0,2,0,0,0,2,2,2,2,2,0,0,0,2
292,-9367.688,-7012.750,94.496,-79.373,0,0.92993,-0.56487,111.591,-5.084,725.000,375.000,-1,375.000,-1,325.000,325.000,300.000,-1,675.000,325.000,-1,-1,625.000,725.000,775.000,-1,0,0,2,0,2,0,0,0,2,0,0,2,2,0,0,0,2
294,-9356.132,-7235.480,77.343,-89.588,0,0.93037,-0.56866,111.644,-5.118,600.000,350.000,-1,450.000,-1,300.000,300.000,300.000,-1,775.000,325.000,550.000,-1,575.000,-1,675.000,-1,0,0,2,0,2,0,0,0,2,0,0,0,2,0,2,0,2
296,-9384.588,-7456.936,67.800,-99.909,0,0.93166,-0.57518,111.799,-5.177,500.000,325.000,-1,850.000,-1,300.000,350.000,300.000,-1,950.000,500.000,550.000,-1,575.000,-1,600.000,-1,0,0,2,0,2,0,0,0,2,0,0,0,2,0,2,0,2
298,-9452.847,-7670.091,68.679,-110.385,0,0.93433,-0.58446,112.119,-5.260,850.000,425.000,-1,-1,-1,450.000,650.000,275.000,-1,-1,600.000,525.000,-1,875.000,-1,-1,-1,0,0,2,2,2,0,0,0,2,2,0,0,2,0,2,2,2
299,-9501.567,-7771.340,71.579,-115.696,0,0.93634,-0.59015,112.361,-5.311,-1,550.000,-1,-1,-1,625.000,825.000,275.000,-1,-1,925.000,850.000,-1,-1,-1,-1,-1,2,0,2,2,2,0,0,0,2,2,0,0,2,2,2,2,2
