timestep,x_cm,y_cm,z_cm,yaw_deg,teleport_flag,throttle_cmd,steering_cmd,cmd_move_cm,cmd_turn_deg,lidar_cm_0,lidar_cm_1,lidar_cm_2,lidar_cm_3,lidar_cm_4,lidar_cm_5,lidar_cm_6,lidar_cm_7,lidar_cm_8,lidar_cm_9,lidar_cm_10,lidar_cm_11,lidar_cm_12,lidar_cm_13,lidar_cm_14,lidar_cm_15,lidar_cm_16,lidar_class_0,lidar_class_1,lidar_class_2,lidar_class_3,lidar_class_4,lidar_class_5,lidar_class_6,lidar_class_7,lidar_class_8,lidar_class_9,lidar_class_10,lidar_class_11,lidar_class_12,lidar_class_13,lidar_class_14,lidar_class_15,lidar_class_16
0,3153.463,9310.713,158.256,-53.527,1,0.08000,0.12000,9.600,1.080,-1,375.000,-1,375.000,-1,300.000,300.000,325.000,325.000,250.000,0.000,0.000,-1,875.000,725.000,-1,-1,2,0,2,0,2,0,0,0,0,1,1,1,2,0,0,2,2
2,3184.673,9274.269,158.242,-48.127,0,0.24000,0.36000,28.800,3.240,-1,400.000,-1,375.000,-1,300.000,300.000,325.000,325.000,250.000,0.000,75.000,-1,925.000,725.000,-1,-1,2,0,2,0,2,0,0,0,0,1,1,1,2,0,0,2,2
4,3249.999,9217.868,158.136,-38.407,0,0.40000,0.60000,48.000,5.400,-1,425.000,-1,375.000,-1,325.000,325.000,325.000,325.000,275.000,100.000,225.000,-1,975.000,875.000,-1,-1,2,0,2,0,2,0,0,0,0,1,1,1,2,0,0,2,2
6,3348.600,9163.738,157.828,-25.593,0,0.47261,0.70999,56.713,6.390,-1,450.000,-1,425.000,-1,350.000,350.000,325.000,325.000,300.000,325.000,375.000,-1,1000.000,-1,-1,-1,2,0,2,0,2,0,0,0,0,1,1,0,2,0,2,2,2
8,3459.565,9131.809,157.186,-12.909,0,0.48485,0.70294,58.182,6.326,-1,450.000,-1,475.000,-1,375.000,375.000,300.000,325.000,375.000,425.000,550.000,-1,975.000,-1,-1,-1,2,0,2,0,2,0,0,0,0,1,0,0,2,0,2,2,2
10,3577.575,9124.677,155.908,-0.340,0,0.49608,0.69684,59.530,6.272,-1,450.000,-1,500.000,-1,375.000,375.000,300.000,325.000,475.000,725.000,1000.000,-1,900.000,-1,-1,-1,2,0,2,0,2,0,0,0,0,1,0,0,2,0,2,2,2
12,3724.225,9142.790,149.094,8.963,0,0.65608,0.45684,78.730,4.112,-1,375.000,-1,400.000,-1,300.000,325.000,300.000,325.000,-1,-1,-1,-1,675.000,825.000,-1,-1,2,0,2,0,2,0,0,0,0,2,2,2,2,0,0,2,2
14,3904.640,9184.494,139.331,13.946,0,0.80725,0.21684,96.870,1.952,-1,375.000,-1,400.000,-1,300.000,325.000,325.000,325.000,-1,-1,-1,-1,750.000,800.000,-1,-1,2,0,2,0,2,0,0,0,0,2,2,2,2,0,0,2,2
16,4091.872,9234.185,130.023,14.909,0,0.80698,0.01013,96.837,0.091,-1,375.000,-1,400.000,-1,300.000,325.000,325.000,325.000,850.000,-1,-1,-1,825.000,800.000,-1,-1,2,0,2,0,2,0,0,0,0,1,2,2,2,0,0,2,2
18,4278.999,9284.176,121.705,14.958,0,0.80731,0.00008,96.877,0.001,-1,400.000,-1,400.000,-1,300.000,325.000,350.000,325.000,950.000,-1,-1,-1,900.000,825.000,-1,-1,2,0,2,0,2,0,0,0,0,1,2,2,2,0,0,2,2
20,4466.776,9333.990,113.711,14.807,0,0.81040,-0.01131,97.248,-0.102,-1,450.000,-1,400.000,-1,325.000,325.000,375.000,325.000,-1,-1,575.000,-1,1000.000,850.000,-1,-1,2,0,2,0,2,0,0,0,0,2,2,0,2,0,0,2,2
22,4659.048,9383.971,106.345,14.485,0,0.82714,-0.01913,99.257,-0.172,-1,475.000,-1,425.000,-1,375.000,350.000,400.000,325.000,-1,-1,575.000,-1,-1,900.000,-1,-1,2,0,2,0,2,0,0,0,0,2,2,0,2,2,0,2,2
24,4851.299,9432.512,99.774,14.055,0,0.82603,-0.02567,99.123,-0.231,-1,525.000,-1,450.000,-1,400.000,375.000,450.000,300.000,-1,875.000,600.000,-1,-1,950.000,-1,-1,2,0,2,0,2,0,0,0,0,2,0,0,2,2,0,2,2
26,5044.089,9479.280,89.017,13.483,0,0.82696,-0.03390,99.235,-0.305,-1,450.000,-1,375.000,-1,350.000,325.000,450.000,300.000,-1,-1,-1,-1,850.000,725.000,-1,-1,2,0,2,0,2,0,0,0,0,2,2,2,2,0,0,2,2
28,5238.018,9523.836,73.937,12.743,0,0.82998,-0.04366,99.598,-0.393,-1,375.000,-1,400.000,-1,300.000,325.000,300.000,375.000,-1,-1,-1,-1,650.000,725.000,-1,-1,2,0,2,0,2,0,0,0,0,2,2,2,2,0,0,2,2
30,5433.685,9565.620,57.253,11.808,0,0.83506,-0.05480,100.207,-0.493,-1,375.000,-1,375.000,-1,300.000,300.000,300.000,325.000,-1,-1,-1,-1,650.000,725.000,-1,-1,2,0,2,0,2,0,0,0,0,2,2,2,2,0,0,2,2
32,5630.981,9603.997,41.664,10.740,0,0.83748,-0.05932,100.498,-0.534,-1,375.000,-1,400.000,-1,300.000,325.000,300.000,300.000,-1,-1,-1,-1,675.000,725.000,-1,-1,2,0,2,0,2,0,0,0,0,2,2,2,2,0,0,2,2
34,5828.958,9638.691,27.641,9.673,0,0.83748,-0.05932,100.498,-0.534,-1,375.000,-1,375.000,-1,300.000,300.000,300.000,300.000,-1,-1,-1,-1,675.000,725.000,-1,-1,2,0,2,0,2,0,0,0,0,2,2,2,2,0,0,2,2
36,6027.547,9669.689,14.125,8.605,0,0.83748,-0.05932,100.498,-0.534,-1,375.000,-1,375.000,-1,300.000,300.000,300.000,275.000,-1,-1,-1,-1,675.000,700.000,-1,-1,2,0,2,0,2,0,0,0,0,2,2,2,2,0,0,2,2
38,6226.679,9696.982,1.044,7.537,0,0.83748,-0.05932,100.498,-0.534,-1,375.000,-1,375.000,-1,300.000,300.000,300.000,275.000,-1,-1,725.000,-1,650.000,700.000,-1,-1,2,0,2,0,2,0,0,0,0,2,2,0,2,0,0,2,2
40,6417.669,9726.877,-8.594,9.709,0,0.80556,0.18068,96.667,1.626,-1,375.000,-1,400.000,-1,325.000,325.000,300.000,275.000,-1,500.000,400.000,-1,700.000,775.000,-1,-1,2,0,2,0,2,0,0,0,0,2,0,0,2,0,0,2,2
42,6604.903,9774.633,-17.917,16.202,0,0.80556,0.42068,96.667,3.786,-1,375.000,-1,400.000,-1,300.000,325.000,300.000,275.000,-1,575.000,500.000,-1,700.000,750.000,-1,-1,2,0,2,0,2,0,0,0,0,2,0,0,2,0,0,2,2
44,6781.229,9853.288,-26.566,27.014,0,0.80556,0.66068,96.667,5.946,-1,375.000,-1,375.000,-1,300.000,300.000,300.000,300.000,-1,650.000,575.000,-1,675.000,700.000,-1,-1,2,0,2,0,2,0,0,0,0,2,0,0,2,0,0,2,2
46,6936.788,9967.614,-33.587,39.413,0,0.80556,0.68886,96.667,6.200,-1,375.000,-1,375.000,-1,300.000,300.000,300.000,325.000,-1,550.000,475.000,-1,675.000,675.000,-1,-1,2,0,2,0,2,0,0,0,0,2,0,0,2,0,0,2,2
48,7064.170,10112.675,-38.033,51.813,0,0.80556,0.68886,96.667,6.200,-1,375.000,-1,375.000,-1,300.000,300.000,300.000,325.000,-1,550.000,500.000,-1,700.000,650.000,-1,-1,2,0,2,0,2,0,0,0,0,2,0,0,2,0,0,2,2
50,7157.432,10281.705,-39.042,64.212,0,0.80556,0.68886,96.667,6.200,-1,400.000,-1,375.000,-1,325.000,325.000,300.000,300.000,-1,350.000,400.000,-1,850.000,725.000,-1,-1,2,0,2,0,2,0,0,0,0,2,0,0,2,0,0,2,2
52,7212.224,10466.817,-37.382,76.612,0,0.80556,0.68886,96.667,6.200,-1,425.000,-1,400.000,-1,325.000,325.000,300.000,300.000,-1,525.000,625.000,-1,875.000,850.000,-1,-1,2,0,2,0,2,0,0,0,0,2,0,0,2,0,0,2,2
54,7225.989,10659.378,-34.139,89.011,0,0.80556,0.68886,96.667,6.200,-1,425.000,-1,425.000,-1,350.000,350.000,300.000,300.000,-1,850.000,925.000,-1,900.000,925.000,-1,-1,2,0,2,0,2,0,0,0,0,2,0,0,2,0,0,2,2
56,7197.789,10851.930,-30.612,101.422,0,0.81556,0.68956,97.867,6.206,-1,400.000,-1,400.000,-1,325.000,325.000,300.000,300.000,-1,-1,-1,-1,750.000,775.000,-1,-1,2,0,2,0,2,0,0,0,0,2,2,2,2,0,0,2,2
58,7129.039,11056.455,-30.471,110.594,0,0.90366,0.44956,108.439,4.046,-1,375.000,-1,400.000,-1,325.000,325.000,300.000,300.000,-1,-1,-1,-1,750.000,750.000,-1,925.000,2,0,2,0,2,0,0,0,0,2,2,2,2,0,0,2,1
60,7038.053,11256.049,-29.504,115.446,0,0.91745,0.20956,110.094,1.886,-1,400.000,925.000,400.000,725.000,325.000,325.000,300.000,300.000,-1,-1,-1,-1,750.000,625.000,-1,675.000,2,0,1,0,1,0,0,0,0,2,2,2,2,0,1,2,1
62,6940.134,11455.798,-28.076,115.978,0,0.93001,-0.03044,111.602,-0.274,-1,400.000,700.000,400.000,500.000,325.000,325.000,300.000,300.000,-1,-1,-1,-1,675.000,475.000,-1,475.000,2,0,1,1,1,0,0,0,0,2,2,2,2,1,1,2,1
64,6850.595,11662.684,-26.420,112.190,0,0.94276,-0.27044,113.131,-2.434,-1,350.000,450.000,250.000,275.000,275.000,250.000,300.000,300.000,-1,-1,-1,-1,425.000,300.000,600.000,275.000,2,1,1,1,1,1,1,0,0,2,2,2,2,1,1,1,1
66,6786.142,11882.103,-25.674,104.082,0,0.95751,-0.51044,114.901,-4.594,250.000,150.000,200.000,125.000,75.000,125.000,100.000,300.000,300.000,-1,-1,-1,-1,175.000,125.000,200.000,75.000,1,1,1,1,1,1,1,0,0,2,2,2,2,1,1,1,1
68,-12989.631,10860.383,-240.534,-91.006,1,0.08000,-0.12000,9.600,-1.080,-1,425.000,-1,525.000,-1,375.000,375.000,325.000,325.000,-1,-1,-1,-1,825.000,-1,-1,-1,2,0,2,0,2,0,0,0,0,2,2,2,2,0,2,2,2
70,-12993.124,10812.517,-239.809,-94.965,0,0.24000,-0.22000,28.800,-1.980,925.000,375.000,-1,425.000,-1,325.000,325.000,300.000,325.000,-1,-1,-1,-1,675.000,975.000,-1,-1,0,0,2,0,2,0,0,0,0,2,2,2,2,0,0,2,2
72,-13005.234,10726.983,-240.921,-98.945,0,0.40000,-0.22157,48.000,-1.994,1000.000,375.000,-1,450.000,-1,325.000,350.000,300.000,325.000,-1,-1,-1,-1,700.000,975.000,-1,-1,0,0,2,0,2,0,0,0,0,2,2,2,2,0,0,2,2
74,-13031.268,10604.948,-242.585,-102.977,0,0.56000,-0.22502,67.200,-2.025,-1,375.000,-1,425.000,-1,325.000,350.000,300.000,325.000,-1,-1,-1,-1,700.000,975.000,-1,-1,2,0,2,0,2,0,0,0,0,2,2,2,2,0,0,2,2
76,-13076.581,10448.192,-245.339,-107.099,0,0.72000,-0.23046,86.400,-2.074,-1,375.000,-1,425.000,-1,325.000,325.000,300.000,300.000,-1,-1,-1,-1,700.000,900.000,-1,-1,2,0,2,0,2,0,0,0,0,2,2,2,2,0,0,2,2
78,-13145.182,10262.806,-250.131,-111.347,0,0.84755,-0.23806,101.707,-2.143,-1,375.000,-1,425.000,-1,325.000,325.000,275.000,300.000,-1,-1,-1,-1,650.000,800.000,-1,-1,2,0,2,0,2,0,0,0,0,2,2,2,2,0,0,2,2
80,-13230.076,10077.740,-255.836,-115.753,0,0.84878,-0.24702,101.854,-2.223,-1,375.000,-1,425.000,1000.000,325.000,350.000,300.000,300.000,-1,-1,-1,-1,650.000,750.000,-1,-1,2,0,2,0,1,0,0,0,0,2,2,2,2,0,0,2,2
82,-13329.374,9899.845,-261.964,-120.322,0,0.84907,-0.25613,101.888,-2.305,950.000,350.000,-1,400.000,775.000,300.000,325.000,275.000,325.000,-1,-1,-1,-1,600.000,675.000,900.000,900.000,0,0,2,0,1,0,0,0,0,2,2,2,2,0,0,0,1
84,-13444.047,9728.273,-270.120,-124.820,0,0.87119,-0.23934,104.543,-2.154,625.000,300.000,-1,350.000,550.000,275.000,275.000,275.000,300.000,-1,-1,-1,-1,500.000,550.000,575.000,625.000,0,0,2,0,1,0,0,0,0,2,2,2,2,0,1,0,1
86,-13573.848,9563.027,-279.811,-129.274,0,0.87710,-0.25021,105.252,-2.252,375.000,275.000,-1,300.000,400.000,225.000,250.000,250.000,300.000,-1,-1,-1,-1,425.000,450.000,375.000,425.000,0,0,2,0,1,0,0,0,0,2,2,2,2,0,1,0,1
88,-13717.269,9407.948,-281.176,-133.945,0,0.88120,-0.26277,105.744,-2.365,-1,375.000,-1,325.000,325.000,300.000,300.000,325.000,275.000,-1,50.000,0.000,600.000,700.000,550.000,-1,425.000,2,0,2,1,1,0,1,0,1,2,0,0,0,0,1,2,1
90,-13873.668,9265.255,-277.590,-138.873,0,0.88243,-0.27772,105.891,-2.499,-1,375.000,-1,325.000,200.000,300.000,275.000,325.000,225.000,-1,225.000,125.000,700.000,725.000,625.000,-1,300.000,2,0,2,1,1,0,1,0,1,2,0,0,0,0,1,2,1
92,-14047.646,9135.694,-273.069,-145.107,0,0.92708,-0.40634,111.249,-3.657,-1,400.000,-1,325.000,100.000,300.000,300.000,325.000,175.000,-1,400.000,300.000,775.000,750.000,675.000,-1,150.000,2,0,2,1,1,0,1,0,1,2,0,0,0,0,0,2,1
94,-14244.423,9034.344,-258.372,-155.662,0,0.92231,-0.64634,110.677,-5.817,-1,450.000,-1,475.000,-1,400.000,400.000,250.000,225.000,825.000,25.000,175.000,-1,950.000,-1,-1,-1,2,0,2,1,2,0,0,0,1,0,0,0,2,0,2,2,2
96,-17278.795,-15902.171,-4.202,-170.153,1,0.08000,0.12000,9.600,1.080,-1,325.000,-1,300.000,-1,250.000,250.000,275.000,300.000,1000.000,325.000,350.000,-1,550.000,575.000,-1,-1,2,0,2,0,2,0,0,0,0,0,0,0,2,0,0,2,2
98,-17325.457,-15913.381,-0.955,-165.492,0,0.24000,0.27788,28.800,2.501,-1,300.000,-1,300.000,-1,250.000,250.000,275.000,300.000,975.000,375.000,425.000,-1,525.000,600.000,-1,-1,2,0,2,0,2,0,0,0,0,0,0,0,2,0,0,2,2
100,-17407.445,-15940.573,6.111,-160.562,0,0.40000,0.27229,48.000,2.451,-1,375.000,-1,425.000,-1,325.000,325.000,275.000,300.000,575.000,0.000,0.000,-1,925.000,-1,-1,-1,2,0,2,0,2,0,0,0,0,0,0,0,2,0,2,2,2
102,-17522.188,-15989.590,20.492,-155.773,0,0.56000,0.26374,67.200,2.374,-1,400.000,-1,450.000,-1,325.000,325.000,275.000,300.000,675.000,0.000,50.000,-1,950.000,-1,-1,-1,2,0,2,0,2,0,0,0,0,0,0,0,2,0,2,2,2
104,-17666.582,-16065.577,38.495,-151.176,0,0.72000,0.25240,86.400,2.272,-1,450.000,-1,525.000,-1,350.000,375.000,300.000,300.000,825.000,125.000,175.000,-1,-1,-1,-1,-1,2,0,2,0,2,0,0,0,0,0,0,0,2,2,2,2,2
106,-17822.919,-16164.043,58.706,-146.669,0,0.76999,0.25035,92.399,2.253,-1,475.000,-1,550.000,-1,400.000,400.000,300.000,325.000,975.000,375.000,425.000,-1,-1,-1,-1,-1,2,0,2,0,2,0,0,0,0,0,0,0,2,2,2,2,2
108,-17971.036,-16274.488,77.030,-142.163,0,0.76999,0.25035,92.399,2.253,-1,475.000,-1,600.000,-1,400.000,425.000,300.000,400.000,-1,650.000,750.000,-1,-1,-1,-1,-1,2,0,2,0,2,0,0,0,0,2,0,0,2,2,2,2,2
110,-18110.018,-16396.229,87.041,-137.657,0,0.76999,0.25035,92.399,2.253,-1,375.000,-1,375.000,-1,325.000,325.000,375.000,300.000,-1,-1,-1,-1,725.000,750.000,-1,-1,2,0,2,0,2,0,0,0,0,2,2,2,2,0,0,2,2
112,-18239.005,-16528.513,90.946,-133.150,0,0.76999,0.25035,92.399,2.253,-1,375.000,-1,400.000,-1,325.000,325.000,350.000,300.000,-1,-1,-1,-1,750.000,775.000,-1,-1,2,0,2,0,2,0,0,0,0,2,2,2,2,0,0,2,2
114,-18357.199,-16670.523,94.887,-128.644,0,0.76999,0.25035,92.399,2.253,-1,400.000,-1,400.000,-1,325.000,325.000,325.000,325.000,-1,-1,-1,-1,750.000,775.000,-1,-1,2,0,2,0,2,0,0,0,0,2,2,2,2,0,0,2,2
116,-18463.871,-16821.381,98.781,-124.138,0,0.76999,0.25035,92.399,2.253,-1,400.000,-1,400.000,-1,325.000,325.000,300.000,325.000,-1,-1,-1,-1,775.000,800.000,-1,-1,2,0,2,0,2,0,0,0,0,2,2,2,2,0,0,2,2
118,-18558.360,-16980.153,102.311,-119.631,0,0.76999,0.25035,92.399,2.253,-1,400.000,-1,400.000,-1,325.000,325.000,300.000,325.000,-1,-1,-1,-1,775.000,-1,-1,-1,2,0,2,0,2,0,0,0,0,2,2,2,2,0,2,2,2
120,-18640.082,-17145.858,105.393,-115.125,0,0.76999,0.25035,92.399,2.253,-1,400.000,-1,400.000,-1,325.000,325.000,300.000,325.000,-1,-1,-1,-1,775.000,-1,-1,-1,2,0,2,0,2,0,0,0,0,2,2,2,2,0,2,2,2
122,-18717.322,-17320.115,108.110,-113.859,0,0.79420,0.01035,95.304,0.093,-1,400.000,-1,400.000,-1,325.000,325.000,325.000,300.000,-1,-1,-1,-1,775.000,-1,-1,-1,2,0,2,0,2,0,0,0,0,2,2,2,2,0,2,2,2
124,-18800.503,-17491.581,110.395,-116.912,0,0.79420,-0.22965,95.304,-2.067,-1,400.000,-1,400.000,-1,325.000,325.000,325.000,300.000,-1,-1,-1,-1,775.000,-1,-1,-1,2,0,2,0,2,0,0,0,0,2,2,2,2,0,2,2,2
126,-18898.500,-17652.811,113.161,-124.286,0,0.79420,-0.46965,95.304,-4.227,-1,400.000,-1,-1,-1,325.000,325.000,300.000,-1,-1,-1,-1,-1,775.000,-1,-1,-1,2,0,2,2,2,0,0,0,2,2,2,2,2,0,2,2,2
128,-18898.500,-17795.016,112.776,-133.820,0,0.79420,-0.46965,95.304,-4.227,-1,400.000,-1,-1,-1,325.000,-1,325.000,300.000,-1,-1,-1,-1,-1,-1,-1,-1,2,0,2,2,2,0,2,0,0,2,2,2,2,2,2,2,2
130,-18898.500,-17919.565,112.438,-143.353,0,0.86817,-0.46965,104.181,-4.227,-1,400.000,-1,-1,-1,-1,-1,325.000,300.000,-1,-1,-1,-1,-1,-1,-1,-1,2,0,2,2,2,2,2,0,0,2,2,2,2,2,2,2,2
132,-18898.500,-18031.397,112.182,-148.567,0,0.86817,-0.22965,104.181,-2.067,-1,-1,-1,-1,-1,-1,-1,300.000,325.000,-1,-1,-1,-1,-1,-1,-1,-1,2,2,2,2,2,2,2,0,0,2,2,2,2,2,2,2,2
134,-18898.500,-18121.461,111.332,-155.044,0,0.78962,-0.41983,94.754,-3.778,-1,-1,-1,-1,-1,-1,-1,300.000,325.000,-1,-1,-1,-1,-1,-1,-1,-1,2,2,2,2,2,2,2,0,0,2,2,2,2,2,2,2,2
136,-18898.500,-18177.199,110.807,-165.841,0,0.78962,-0.65983,94.754,-5.938,-1,-1,-1,-1,-1,-1,-1,300.000,325.000,-1,-1,-1,-1,-1,-1,-1,-1,2,2,2,2,2,2,2,0,0,2,2,2,2,2,2,2,2
138,-18898.500,-18202.556,110.567,-174.478,0,0.86962,-0.41983,104.354,-3.778,-1,-1,-1,-1,-1,-1,-1,300.000,325.000,-1,-1,-1,-1,-1,-1,-1,-1,2,2,2,2,2,2,2,0,0,2,2,2,2,2,2,2,2
140,-18898.500,-18197.984,110.610,-183.115,0,0.86962,-0.41983,104.354,-3.778,-1,-1,-1,-1,-1,-1,-1,300.000,300.000,-1,-1,-1,-1,-1,-1,-1,-1,2,2,2,2,2,2,2,0,0,2,2,2,2,2,2,2,2
142,-18898.500,-18161.462,110.954,-191.751,0,0.85653,-0.41983,102.784,-3.778,-1,-1,-1,-1,-1,-1,-1,300.000,300.000,-1,-1,-1,-1,-1,-1,-1,-1,2,2,2,2,2,2,2,0,0,2,2,2,2,2,2,2,2
144,-18898.500,-18114.535,111.396,-196.068,0,0.71279,-0.17983,85.535,-1.618,-1,-1,-1,-1,-1,-1,-1,300.000,325.000,-1,-1,-1,-1,-1,-1,-1,-1,2,2,2,2,2,2,2,0,0,2,2,2,2,2,2,2,2
146,-18898.500,-18061.629,111.895,-196.990,0,0.79279,0.00877,95.135,0.079,-1,-1,-1,-1,-1,-1,-1,300.000,325.000,-1,-1,-1,-1,-1,-1,-1,-1,2,2,2,2,2,2,2,0,0,2,2,2,2,2,2,2,2
148,-18898.500,-18011.998,112.188,-193.592,0,0.81443,0.24877,97.732,2.239,-1,-1,-1,-1,-1,-1,-1,300.000,300.000,-1,-1,-1,-1,-1,-1,-1,-1,2,2,2,2,2,2,2,0,0,2,2,2,2,2,2,2,2
150,-18898.500,-17976.610,112.284,-190.116,0,0.76930,0.13316,92.316,1.198,-1,-1,-1,-1,-1,-1,-1,300.000,300.000,-1,-1,-1,-1,-1,-1,-1,-1,2,2,2,2,2,2,2,0,0,2,2,2,2,2,2,2,2
152,-18898.500,-17943.035,112.375,-190.959,0,0.76930,-0.10684,92.316,-0.962,-1,-1,-1,-1,-1,-1,-1,300.000,300.000,-1,-1,-1,-1,-1,-1,-1,-1,2,2,2,2,2,2,2,0,0,2,2,2,2,2,2,2,2
154,-18898.500,-17897.677,112.497,-193.962,0,0.84930,-0.10684,101.916,-0.962,-1,-1,-1,-1,-1,-1,-1,300.000,300.000,-1,-1,-1,-1,-1,-1,-1,-1,2,2,2,2,2,2,2,0,0,2,2,2,2,2,2,2,2
156,-18898.500,-17841.893,112.649,-194.805,0,0.94902,-0.10684,113.882,-0.962,-1,-1,-1,-1,-1,-1,-1,300.000,300.000,-1,-1,-1,-1,-1,-1,-1,-1,2,2,2,2,2,2,2,0,0,2,2,2,2,2,2,2,2
158,-18898.500,-17784.892,112.803,-195.648,0,0.86902,-0.10684,104.282,-0.962,-1,-1,-1,-1,-1,-1,-1,300.000,300.000,-1,-1,-1,-1,-1,-1,-1,-1,2,2,2,2,2,2,2,0,0,2,2,2,2,2,2,2,2
160,-18898.500,-17733.392,112.942,-196.492,0,0.76763,-0.10684,92.116,-0.962,-1,-1,-1,-1,-1,-1,-1,300.000,300.000,-1,-1,-1,-1,-1,-1,-1,-1,2,2,2,2,2,2,2,0,0,2,2,2,2,2,2,2,2
162,-18898.500,-17670.812,113.112,-199.495,0,0.83154,-0.10684,99.784,-0.962,-1,-1,-1,-1,-1,-1,-1,300.000,300.000,-1,-1,-1,-1,-1,-1,-1,-1,2,2,2,2,2,2,2,0,0,2,2,2,2,2,2,2,2
164,-18898.500,-17606.576,113.286,-198.178,0,0.83154,0.13316,99.784,1.198,-1,-1,-1,-1,-1,-1,-1,300.000,300.000,-1,-1,-1,-1,-1,-1,-1,-1,2,2,2,2,2,2,2,0,0,2,2,2,2,2,2,2,2
166,-18898.500,-17556.098,113.423,-192.541,0,0.88810,0.37316,106.572,3.358,-1,-1,-1,-1,-1,-1,-1,300.000,300.000,-1,-1,-1,-1,-1,-1,-1,-1,2,2,2,2,2,2,2,0,0,2,2,2,2,2,2,2,2
168,-18898.500,-17536.271,113.476,-182.584,0,0.88810,0.61316,106.572,5.518,-1,-1,-1,-1,-1,-1,-1,300.000,300.000,-1,-1,-1,-1,-1,-1,-1,-1,2,2,2,2,2,2,2,0,0,2,2,2,2,2,2,2,2
170,-18898.500,-17559.790,113.413,-170.468,0,0.80810,0.61316,96.972,5.518,-1,-1,-1,-1,-1,-1,-1,300.000,300.000,-1,-1,-1,-1,-1,-1,-1,-1,2,2,2,2,2,2,2,0,0,2,2,2,2,2,2,2,2
172,-18898.500,-17609.007,113.280,-162.671,0,0.76052,0.37316,91.263,3.358,-1,-1,-1,-1,-1,-1,-1,300.000,300.000,-1,-1,-1,-1,-1,-1,-1,-1,2,2,2,2,2,2,2,0,0,2,2,2,2,2,2,2,2
174,-18898.500,-17671.472,113.110,-157.142,0,0.68307,0.36112,81.968,3.250,-1,-1,-1,-1,-1,-1,-1,300.000,300.000,-1,-1,-1,-1,-1,-1,-1,-1,2,2,2,2,2,2,2,0,0,2,2,2,2,2,2,2,2
176,-18898.500,-17753.083,112.889,-147.402,0,0.68307,0.60112,81.968,5.410,-1,-1,-1,-1,-1,-1,-1,325.000,300.000,-1,-1,-1,-1,-1,-1,-1,-1,2,2,2,2,2,2,2,0,0,2,2,2,2,2,2,2,2
178,-18898.500,-17856.185,112.610,-139.197,0,0.68679,0.43058,82.415,3.875,-1,400.000,-1,-1,-1,325.000,-1,325.000,300.000,-1,-1,-1,-1,-1,-1,-1,-1,2,0,2,2,2,0,2,0,0,2,2,2,2,2,2,2,2
180,-18898.500,-17971.613,112.297,-134.687,0,0.68679,0.19058,82.415,1.715,-1,400.000,-1,-1,-1,325.000,-1,325.000,300.000,-1,-1,-1,-1,-1,-1,-1,-1,2,0,2,2,2,0,2,0,0,2,2,2,2,2,2,2,2
182,-18898.500,-18086.215,111.665,-134.496,0,0.64687,-0.04942,77.624,-0.445,-1,375.000,-1,-1,-1,325.000,-1,325.000,325.000,-1,-1,-1,-1,-1,-1,-1,-1,2,0,2,2,2,0,2,0,0,2,2,2,2,2,2,2,2
184,-18898.500,-18191.424,110.674,-138.625,0,0.64687,-0.28942,77.624,-2.605,-1,375.000,-1,-1,-1,300.000,-1,325.000,325.000,-1,-1,-1,-1,-1,-1,-1,-1,2,0,2,2,2,0,2,0,0,2,2,2,2,2,2,2,2
186,-18898.500,-18282.796,109.812,-144.915,0,0.63666,-0.28942,76.399,-2.605,-1,375.000,-1,-1,-1,300.000,-1,300.000,325.000,-1,-1,-1,-1,-1,-1,-1,-1,2,0,2,2,2,0,2,0,0,2,2,2,2,2,2,2,2
188,-18898.500,-18366.769,109.021,-146.884,0,0.63666,-0.04942,76.399,-0.445,-1,375.000,-1,-1,-1,-1,-1,300.000,325.000,-1,-1,-1,-1,-1,-1,-1,-1,2,0,2,2,2,2,2,0,0,2,2,2,2,2,2,2,2
190,-18898.500,-18456.438,108.175,-146.694,0,0.71666,-0.04942,85.999,-0.445,-1,375.000,-1,-1,-1,-1,-1,300.000,300.000,-1,-1,-1,-1,-1,-1,-1,-1,2,0,2,2,2,2,2,0,0,2,2,2,2,2,2,2,2
192,-18898.500,-18567.873,107.125,-146.503,0,0.87666,-0.04942,105.199,-0.445,-1,375.000,-1,-1,-1,-1,-1,325.000,300.000,-1,-1,-1,-1,-1,-1,-1,-1,2,0,2,2,2,2,2,0,0,2,2,2,2,2,2,2,2
194,-18898.500,-18680.294,106.065,-148.473,0,0.84994,-0.04942,101.993,-0.445,-1,-1,-1,-1,-1,-1,-1,325.000,300.000,-1,-1,-1,-1,-1,-1,-1,-1,2,2,2,2,2,2,2,0,0,2,2,2,2,2,2,2,2
196,-18898.500,-18775.627,105.066,-146.122,0,0.68994,0.19058,82.793,1.715,-1,375.000,-1,-1,-1,-1,-1,300.000,325.000,-1,-1,-1,-1,-1,-1,-1,-1,2,0,2,2,2,2,2,0,0,2,2,2,2,2,2,2,2
198,-18898.500,-18873.164,104.025,-139.452,0,0.68994,0.43058,82.793,3.875,-1,-1,-1,-1,-1,300.000,-1,300.000,325.000,-1,-1,-1,-1,-1,-1,-1,-1,2,2,2,2,2,0,2,0,0,2,2,2,2,2,2,2,2
200,-18898.500,-18898.500,103.755,-128.461,0,0.70143,0.67058,84.172,6.035,-1,-1,-1,-1,-1,-1,300.000,300.000,-1,-1,-1,-1,-1,-1,-1,-1,-1,2,2,2,2,2,2,0,0,2,2,2,2,2,2,2,2,2
202,-18898.500,-18898.500,103.755,-118.692,0,0.78143,0.48275,93.772,4.345,-1,-1,-1,-1,-1,-1,-1,300.000,-1,-1,-1,-1,-1,-1,-1,-1,-1,2,2,2,2,2,2,2,0,2,2,2,2,2,2,2,2,2
204,-18898.500,-18898.500,103.755,-113.242,0,0.79076,0.24275,94.892,2.185,-1,-1,-1,-1,-1,-1,-1,300.000,-1,-1,-1,-1,-1,-1,-1,-1,-1,2,2,2,2,2,2,2,0,2,2,2,2,2,2,2,2,2
206,-18898.500,-18898.500,103.754,-112.113,0,0.87076,0.00275,104.492,0.025,-1,-1,-1,-1,-1,-1,-1,300.000,-1,-1,-1,-1,-1,-1,-1,-1,-1,2,2,2,2,2,2,2,0,2,2,2,2,2,2,2,2,2
208,-18898.500,-18898.500,103.755,-115.304,0,0.88765,-0.23725,106.518,-2.135,-1,-1,-1,-1,-1,-1,-1,300.000,-1,-1,-1,-1,-1,-1,-1,-1,-1,2,2,2,2,2,2,2,0,2,2,2,2,2,2,2,2,2
210,-18898.500,-18898.500,103.755,-120.654,0,0.80765,-0.23725,96.918,-2.135,-1,-1,-1,-1,-1,-1,-1,300.000,-1,-1,-1,-1,-1,-1,-1,-1,-1,2,2,2,2,2,2,2,0,2,2,2,2,2,2,2,2,2
212,-18898.500,-18898.500,103.755,-121.685,0,0.64765,0.00275,77.718,0.025,-1,-1,-1,-1,-1,-1,-1,300.000,-1,-1,-1,-1,-1,-1,-1,-1,-1,2,2,2,2,2,2,2,0,2,2,2,2,2,2,2,2,2
214,-18898.500,-18898.500,103.755,-118.395,0,0.64765,0.24275,77.718,2.185,-1,-1,-1,-1,-1,-1,-1,300.000,-1,-1,-1,-1,-1,-1,-1,-1,-1,2,2,2,2,2,2,2,0,2,2,2,2,2,2,2,2,2
216,-18898.500,-18898.500,103.754,-110.786,0,0.72249,0.48275,86.698,4.345,-1,-1,-1,-1,-1,-1,-1,300.000,-1,-1,-1,-1,-1,-1,-1,-1,-1,2,2,2,2,2,2,2,0,2,2,2,2,2,2,2,2,2
218,-18898.500,-18898.500,103.754,-101.016,0,0.75064,0.48275,90.076,4.345,-1,-1,-1,-1,-1,-1,-1,300.000,-1,-1,-1,-1,-1,-1,-1,-1,-1,2,2,2,2,2,2,2,0,2,2,2,2,2,2,2,2,2
220,-18898.500,-18898.500,103.754,-94.941,0,0.75064,0.27752,90.076,2.498,-1,-1,-1,-1,-1,-1,-1,300.000,-1,-1,-1,-1,-1,-1,-1,-1,-1,2,2,2,2,2,2,2,0,2,2,2,2,2,2,2,2,2
222,-18892.844,-18898.500,103.469,-86.747,0,0.83064,0.51520,99.676,4.637,-1,-1,-1,-1,-1,-1,-1,300.000,-1,-1,-1,-1,-1,-1,-1,-1,-1,2,2,2,2,2,2,2,0,2,2,2,2,2,2,2,2,2
224,-18845.594,-18898.500,101.094,-74.234,0,0.92661,0.75520,111.194,6.797,-1,-1,-1,-1,-1,-1,-1,300.000,300.000,-1,-1,-1,-1,-1,-1,-1,-1,2,2,2,2,2,2,2,0,0,2,2,2,2,2,2,2,2
226,-18755.476,-18898.500,96.565,-61.720,0,0.86883,0.75520,104.259,6.797,-1,-1,-1,-1,-1,-1,-1,300.000,300.000,-1,-1,-1,-1,-1,-1,-1,-1,2,2,2,2,2,2,2,0,0,2,2,2,2,2,2,2,2
228,-18622.921,-18898.500,90.143,-47.047,0,0.86883,0.75520,104.259,6.797,-1,400.000,-1,-1,-1,325.000,-1,300.000,300.000,-1,-1,-1,-1,-1,-1,-1,-1,2,0,2,2,2,0,2,0,0,2,2,2,2,2,2,2,2
230,-18457.316,-18898.500,82.378,-30.213,0,0.81751,0.99520,98.101,8.957,-1,375.000,-1,-1,-1,300.000,325.000,300.000,-1,-1,-1,-1,-1,650.000,-1,-1,-1,2,0,2,2,2,0,0,0,2,2,2,2,2,0,2,2,2
232,-18270.044,-18898.500,73.596,-12.277,0,0.81751,1.00000,98.101,9.000,-1,375.000,-1,350.000,-1,300.000,300.000,300.000,-1,-1,-1,-1,-1,700.000,-1,-1,-1,2,0,2,0,2,0,0,0,2,2,2,2,2,0,2,2,2
234,-18065.090,-18887.775,64.193,5.723,0,0.89625,1.00000,107.550,9.000,-1,400.000,-1,350.000,-1,300.000,300.000,300.000,-1,-1,-1,-1,-1,800.000,600.000,-1,875.000,2,0,2,0,2,0,0,0,2,2,2,2,2,0,0,2,0
236,-17862.609,-18817.172,58.206,23.723,0,0.89625,1.00000,107.550,9.000,-1,450.000,-1,400.000,-1,350.000,325.000,300.000,275.000,-1,900.000,-1,-1,975.000,750.000,-1,-1,2,0,2,0,2,0,0,0,0,2,0,2,2,0,0,2,2
238,-17691.856,-18687.455,51.485,41.723,0,0.89625,1.00000,107.550,9.000,-1,425.000,-1,400.000,-1,350.000,325.000,275.000,275.000,-1,-1,-1,-1,875.000,800.000,-1,-1,2,0,2,0,2,0,0,0,0,2,2,2,2,0,0,2,2
240,-17569.545,-18511.321,43.618,59.723,0,0.89625,1.00000,107.550,9.000,-1,400.000,-1,400.000,-1,325.000,325.000,275.000,275.000,-1,-1,-1,-1,800.000,800.000,-1,-1,2,0,2,0,2,0,0,0,0,2,2,2,2,0,0,2,2
242,-17507.649,-18306.011,36.475,77.723,0,0.89625,1.00000,107.550,9.000,-1,375.000,-1,375.000,-1,325.000,325.000,300.000,275.000,-1,-1,-1,-1,700.000,750.000,-1,-1,2,0,2,0,2,0,0,0,0,2,2,2,2,0,0,2,2
244,-17512.226,-18091.623,33.003,95.723,0,0.89625,1.00000,107.550,9.000,-1,375.000,-1,375.000,-1,300.000,300.000,300.000,275.000,-1,-1,600.000,950.000,675.000,725.000,-1,-1,2,0,2,0,2,0,0,0,0,2,2,0,0,0,0,2,2
246,-17582.829,-17889.142,37.082,113.723,0,0.89625,1.00000,107.550,9.000,-1,375.000,-1,400.000,-1,325.000,325.000,325.000,275.000,-1,375.000,225.000,925.000,800.000,750.000,-1,-1,2,0,2,0,2,0,0,0,0,2,0,0,0,0,0,2,2
248,-17712.547,-17718.390,47.930,131.723,0,0.89625,1.00000,107.550,9.000,-1,425.000,-1,375.000,-1,325.000,325.000,325.000,300.000,-1,375.000,325.000,-1,975.000,750.000,-1,-1,2,0,2,0,2,0,0,0,0,2,0,0,2,0,0,2,2
250,-17888.681,-17596.079,64.243,149.723,0,0.89625,1.00000,107.550,9.000,-1,475.000,-1,450.000,-1,375.000,350.000,350.000,300.000,-1,450.000,425.000,-1,-1,950.000,-1,-1,2,0,2,0,2,0,0,0,0,2,0,0,2,2,0,2,2
252,-18093.990,-17534.183,81.088,167.723,0,0.89625,1.00000,107.550,9.000,-1,400.000,-1,400.000,-1,325.000,325.000,300.000,300.000,-1,-1,-1,-1,800.000,800.000,-1,-1,2,0,2,0,2,0,0,0,0,2,2,2,2,0,0,2,2
254,-18308.378,-17538.760,90.258,185.723,0,0.89625,1.00000,107.550,9.000,-1,400.000,-1,400.000,-1,325.000,325.000,300.000,300.000,-1,-1,-1,-1,800.000,-1,-1,-1,2,0,2,0,2,0,0,0,0,2,2,2,2,0,2,2,2
256,-18494.554,-17595.853,98.070,200.483,0,0.80943,0.76000,97.131,6.840,-1,400.000,-1,400.000,-1,325.000,325.000,300.000,300.000,-1,-1,-1,-1,-1,-1,-1,-1,2,0,2,0,2,0,0,0,0,2,2,2,2,2,2,2,2
258,-18664.998,-17688.717,105.068,210.923,0,0.80943,0.52000,97.131,4.680,-1,400.000,-1,-1,-1,325.000,325.000,300.000,325.000,-1,-1,-1,-1,-1,-1,-1,-1,2,0,2,2,2,0,0,0,0,2,2,2,2,2,2,2,2
260,-18822.553,-17802.278,110.229,217.043,0,0.80943,0.28000,97.131,2.520,-1,400.000,-1,-1,-1,325.000,-1,325.000,300.000,-1,-1,-1,-1,-1,-1,-1,-1,2,0,2,2,2,0,2,0,0,2,2,2,2,2,2,2,2
262,-18898.500,-17923.641,112.427,218.843,0,0.80943,0.04000,97.131,0.360,-1,400.000,-1,-1,-1,325.000,-1,325.000,300.000,-1,-1,-1,-1,-1,-1,-1,-1,2,0,2,2,2,0,2,0,0,2,2,2,2,2,2,2,2
264,-18898.500,-18045.406,112.050,219.167,0,0.80943,0.07798,97.131,0.702,-1,375.000,-1,-1,-1,300.000,-1,325.000,325.000,-1,-1,-1,-1,-1,-1,-1,-1,2,0,2,2,2,0,2,0,0,2,2,2,2,2,2,2,2
266,-18898.500,-18147.499,111.087,217.331,0,0.64943,-0.16202,77.931,-1.458,-1,375.000,-1,-1,-1,300.000,-1,300.000,325.000,-1,-1,-1,-1,-1,-1,-1,-1,2,0,2,2,2,0,2,0,0,2,2,2,2,2,2,2,2
268,-18898.500,-18219.506,110.409,213.105,0,0.48943,-0.29474,58.731,-2.653,-1,375.000,-1,-1,-1,-1,-1,300.000,325.000,-1,-1,-1,-1,-1,-1,-1,-1,2,0,2,2,2,2,2,0,0,2,2,2,2,2,2,2,2
270,-18898.500,-18293.779,109.709,211.040,0,0.62281,-0.05474,74.737,-0.493,-1,-1,-1,-1,-1,-1,-1,300.000,325.000,-1,-1,-1,-1,-1,-1,-1,-1,2,2,2,2,2,2,2,0,0,2,2,2,2,2,2,2,2
272,-18898.500,-18371.613,108.975,211.134,0,0.62281,-0.05474,74.737,-0.493,-1,-1,-1,-1,-1,-1,-1,300.000,325.000,-1,-1,-1,-1,-1,-1,-1,-1,2,2,2,2,2,2,2,0,0,2,2,2,2,2,2,2,2
274,-18898.500,-18463.397,108.110,213.389,0,0.71838,0.18526,86.206,1.667,-1,375.000,-1,-1,-1,-1,-1,300.000,300.000,-1,-1,-1,-1,-1,-1,-1,-1,2,0,2,2,2,2,2,0,0,2,2,2,2,2,2,2,2
276,-18898.500,-18569.603,107.109,219.964,0,0.71838,0.42526,86.206,3.827,-1,375.000,-1,-1,-1,300.000,-1,325.000,325.000,-1,-1,-1,-1,-1,-1,-1,-1,2,0,2,2,2,0,2,0,0,2,2,2,2,2,2,2,2
278,-18898.500,-18709.756,105.769,230.858,0,0.78856,0.66526,94.628,5.987,-1,375.000,-1,-1,-1,300.000,300.000,300.000,-1,-1,-1,-1,-1,-1,-1,-1,-1,2,0,2,2,2,0,0,0,2,2,2,2,2,2,2,2,2
280,-18898.500,-18876.435,103.990,246.073,0,0.78856,0.90526,94.628,8.147,-1,-1,-1,-1,-1,-1,-1,300.000,-1,-1,-1,-1,-1,-1,-1,-1,-1,2,2,2,2,2,2,2,0,2,2,2,2,2,2,2,2,2
282,-18898.500,-18898.500,103.754,259.127,0,0.94856,0.66526,113.828,5.987,-1,-1,-1,-1,-1,-1,-1,300.000,-1,-1,-1,-1,-1,-1,-1,-1,-1,2,2,2,2,2,2,2,0,2,2,2,2,2,2,2,2,2
284,-18898.500,-18898.500,103.754,267.862,0,0.96643,0.42526,115.971,3.827,-1,-1,-1,-1,-1,-1,-1,300.000,-1,-1,-1,-1,-1,-1,-1,-1,-1,2,2,2,2,2,2,2,0,2,2,2,2,2,2,2,2,2
286,-18892.467,-18898.500,103.450,272.904,0,0.80643,0.25491,96.771,2.294,-1,-1,-1,-1,-1,-1,-1,300.000,-1,-1,-1,-1,-1,-1,-1,-1,-1,2,2,2,2,2,2,2,0,2,2,2,2,2,2,2,2,2
288,-18870.404,-18898.500,102.341,279.152,0,0.70294,0.38446,84.353,3.460,-1,-1,-1,-1,-1,-1,-1,300.000,-1,-1,-1,-1,-1,-1,-1,-1,-1,2,2,2,2,2,2,2,0,2,2,2,2,2,2,2,2,2
290,-18813.917,-18898.500,99.502,289.313,0,0.86294,0.62446,103.553,5.620,-1,-1,-1,-1,-1,-1,-1,300.000,300.000,-1,-1,-1,-1,-1,-1,-1,-1,2,2,2,2,2,2,2,0,0,2,2,2,2,2,2,2,2
292,-18715.497,-18898.500,94.555,299.473,0,0.91496,0.62446,109.795,5.620,-1,-1,-1,-1,-1,-1,-1,300.000,300.000,-1,-1,-1,-1,-1,-1,-1,-1,2,2,2,2,2,2,2,0,0,2,2,2,2,2,2,2,2
294,-18597.377,-18898.500,88.945,307.473,0,0.84291,0.38446,101.149,3.460,-1,400.000,-1,-1,-1,325.000,-1,300.000,300.000,-1,-1,-1,-1,-1,-1,-1,-1,2,0,2,2,2,0,2,0,0,2,2,2,2,2,2,2,2
296,-18465.994,-18898.500,82.785,311.154,0,0.84291,0.14446,101.149,1.300,-1,375.000,-1,-1,-1,325.000,-1,300.000,300.000,-1,-1,-1,-1,-1,-1,-1,-1,2,0,2,2,2,0,2,0,0,2,2,2,2,2,2,2,2
298,-18319.595,-18898.500,75.920,313.069,0,0.90384,0.13784,108.461,1.241,-1,350.000,-1,-1,-1,300.000,-1,300.000,300.000,-1,-1,-1,-1,-1,-1,-1,-1,2,0,2,2,2,0,2,0,0,2,2,2,2,2,2,2,2
299,-18245.308,-18898.500,72.436,313.229,0,0.90384,0.01784,108.461,0.161,-1,350.000,-1,-1,-1,300.000,-1,300.000,300.000,-1,-1,-1,-1,-1,-1,-1,-1,2,0,2,2,2,0,2,0,0,2,2,2,2,2,2,2,2
