timestep,x_cm,y_cm,z_cm,yaw_deg,teleport_flag,throttle_cmd,steering_cmd,cmd_move_cm,cmd_turn_deg,lidar_cm_0,lidar_cm_1,lidar_cm_2,lidar_cm_3,lidar_cm_4,lidar_cm_5,lidar_cm_6,lidar_cm_7,lidar_cm_8,lidar_cm_9,lidar_cm_10,lidar_cm_11,lidar_cm_12,lidar_cm_13,lidar_cm_14,lidar_cm_15,lidar_cm_16,lidar_class_0,lidar_class_1,lidar_class_2,lidar_class_3,lidar_class_4,lidar_class_5,lidar_class_6,lidar_class_7,lidar_class_8,lidar_class_9,lidar_class_10,lidar_class_11,lidar_class_12,lidar_class_13,lidar_class_14,lidar_class_15,lidar_class_16
0,-12072.609,5482.908,202.850,-118.519,1,0.04280,-0.12000,5.136,-1.080,-1,450.000,-1,200.000,0.000,250.000,200.000,350.000,125.000,-1,75.000,100.000,-1,-1,300.000,-1,0.000,2,1,2,1,1,1,1,0,1,2,0,0,2,2,1,2,1
2,-12079.638,5471.871,203.755,-123.919,0,0.06097,-0.36000,7.316,-3.240,-1,350.000,-1,175.000,0.000,225.000,175.000,350.000,150.000,-1,75.000,100.000,-1,-1,275.000,-1,0.000,2,1,2,1,1,1,1,0,1,2,0,0,2,2,1,2,1
4,4481.628,-15511.528,-116.670,-153.617,1,0.00000,0.00000,12.816,-5.400,950.000,375.000,800.000,400.000,625.000,325.000,325.000,300.000,275.000,-1,-1,-1,-1,675.000,600.000,-1,625.000,0,0,1,0,1,0,0,0,0,2,2,2,2,0,1,2,1
6,4507.103,-15498.096,-115.421,-151.916,0,-0.16000,0.09426,-19.200,0.848,975.000,375.000,825.000,400.000,625.000,325.000,325.000,325.000,275.000,-1,-1,-1,-1,650.000,625.000,-1,650.000,0,0,1,0,1,0,0,0,0,2,2,2,2,0,1,2,1
8,4553.617,-15471.918,-113.025,-150.201,0,-0.22379,0.09585,-26.855,0.863,1000.000,375.000,900.000,400.000,675.000,325.000,325.000,325.000,275.000,-1,-1,-1,-1,675.000,675.000,-1,700.000,0,0,1,0,1,0,0,0,0,2,2,2,2,0,1,2,1
10,4600.461,-15443.641,-110.464,-148.444,0,-0.22940,0.09824,-27.528,0.884,-1,375.000,975.000,400.000,725.000,300.000,325.000,325.000,275.000,-1,-1,-1,-1,675.000,725.000,-1,750.000,2,0,1,0,1,0,0,0,0,2,2,2,2,0,1,2,1
12,4647.532,-15413.179,-107.730,-146.641,0,-0.23503,0.10080,-28.204,0.907,-1,375.000,-1,400.000,775.000,300.000,325.000,325.000,250.000,-1,-1,-1,-1,675.000,750.000,-1,800.000,2,0,2,0,1,0,0,0,0,2,2,2,2,0,0,2,1
14,4694.717,-15380.450,-103.472,-144.790,0,-0.24069,0.10355,-28.883,0.932,625.000,325.000,-1,375.000,800.000,275.000,300.000,275.000,300.000,-1,-1,-1,-1,575.000,675.000,675.000,850.000,0,0,2,0,1,0,0,0,0,2,2,2,2,0,0,0,1
16,4741.887,-15345.370,-99.050,-142.886,0,-0.24636,0.10648,-29.563,0.958,650.000,325.000,-1,375.000,850.000,275.000,300.000,300.000,300.000,-1,-1,-1,-1,575.000,700.000,700.000,900.000,0,0,2,0,1,0,0,0,0,2,2,2,2,0,0,0,1
18,4788.903,-15307.863,-94.413,-140.928,0,-0.25202,0.10960,-30.243,0.986,700.000,325.000,-1,375.000,900.000,275.000,300.000,300.000,300.000,-1,-1,-1,-1,575.000,700.000,750.000,975.000,0,0,2,0,1,0,0,0,0,2,2,2,2,0,0,0,1
20,4835.609,-15267.853,-89.559,-138.910,0,-0.25767,0.11293,-30.920,1.016,775.000,350.000,-1,375.000,950.000,300.000,300.000,325.000,300.000,-1,-1,-1,-1,600.000,700.000,800.000,-1,0,0,2,0,1,0,0,0,0,2,2,2,2,0,0,0,2
22,4881.835,-15225.273,-84.487,-136.830,0,-0.26328,0.11647,-31.593,1.048,825.000,350.000,-1,375.000,-1,300.000,300.000,350.000,300.000,-1,-1,-1,-1,600.000,700.000,850.000,-1,0,0,2,0,2,0,0,0,0,2,2,2,2,0,0,0,2
24,4927.394,-15180.064,-80.061,-134.683,0,-0.26883,0.12023,-32.259,1.082,-1,450.000,-1,625.000,-1,400.000,425.000,275.000,475.000,-1,-1,-1,-1,825.000,-1,-1,-1,2,0,2,0,2,0,0,0,0,2,2,2,2,0,2,2,2
26,4965.704,-15139.800,-79.607,-133.563,0,-0.19157,0.00220,-22.989,0.020,-1,450.000,-1,600.000,-1,400.000,425.000,275.000,450.000,-1,-1,-1,-1,825.000,-1,-1,-1,2,0,2,0,2,0,0,0,0,2,2,2,2,0,2,2,2
28,4977.868,-15127.676,-79.541,-136.764,0,-0.03157,-0.23780,-3.789,-2.140,-1,450.000,-1,625.000,-1,400.000,450.000,275.000,450.000,-1,-1,-1,-1,875.000,-1,-1,-1,2,0,2,0,2,0,0,0,0,2,2,2,2,0,2,2,2
30,4960.905,-15140.409,-79.271,-144.284,0,0.12843,-0.47780,15.411,-4.300,-1,475.000,-1,675.000,-1,425.000,475.000,275.000,450.000,-1,-1,-1,-1,975.000,-1,-1,-1,2,0,2,0,2,0,0,0,0,2,2,2,2,0,2,2,2
32,4907.668,-15167.051,-78.611,-156.125,0,0.28843,-0.71780,34.611,-6.460,925.000,375.000,-1,400.000,-1,325.000,325.000,325.000,325.000,-1,-1,-1,-1,650.000,800.000,-1,-1,0,0,2,0,2,0,0,0,0,2,2,2,2,0,0,2,2
34,4811.946,-15186.922,-83.096,-172.056,0,0.44843,-0.93239,53.811,-8.392,-1,375.000,-1,400.000,-1,325.000,325.000,275.000,325.000,-1,-1,-1,-1,700.000,800.000,-1,-1,2,0,2,0,2,0,0,0,0,2,2,2,2,0,0,2,2
36,4676.361,-15175.461,-85.952,-188.679,0,0.60843,-0.91968,73.011,-8.277,875.000,400.000,-1,400.000,-1,325.000,325.000,275.000,325.000,-1,-1,-1,-1,775.000,875.000,850.000,-1,1,0,2,0,2,0,0,0,0,2,2,2,2,1,0,1,2
38,4513.668,-15112.662,-85.078,-204.911,0,0.76843,-0.89458,92.211,-8.051,650.000,400.000,-1,425.000,-1,325.000,325.000,275.000,350.000,-1,-1,-1,-1,675.000,-1,675.000,-1,1,0,2,0,2,0,0,0,0,2,2,2,2,1,2,1,2
40,4350.667,-14991.446,-79.126,-220.478,0,0.84814,-0.85359,101.777,-7.682,575.000,425.000,-1,500.000,-1,350.000,375.000,325.000,350.000,-1,-1,-1,-1,825.000,-1,-1,-1,1,0,2,0,2,0,0,0,0,2,2,2,2,0,2,2,2
42,4226.752,-14835.546,-69.613,-235.169,0,0.82403,-0.80353,98.884,-7.232,-1,475.000,-1,575.000,-1,400.000,425.000,300.000,400.000,-1,-1,-1,-1,925.000,-1,-1,-1,2,0,2,0,2,0,0,0,0,2,2,2,2,0,2,2,2
44,4148.923,-14661.678,-65.440,-249.517,0,0.78513,-0.79694,94.215,-7.172,-1,400.000,-1,400.000,-1,325.000,325.000,325.000,325.000,-1,-1,-1,-1,775.000,925.000,-1,-1,2,0,2,0,2,0,0,1,0,2,2,2,2,0,0,2,2
46,4115.143,-14471.594,-65.108,-262.829,0,0.84557,-0.67953,101.468,-6.116,-1,425.000,-1,450.000,-1,350.000,350.000,300.000,325.000,725.000,-1,-1,-1,900.000,925.000,-1,-1,2,0,2,0,2,0,0,0,0,1,2,2,2,1,0,2,2
48,4114.517,-14251.549,-63.015,-271.820,0,0.91493,-0.43953,109.792,-3.956,875.000,475.000,-1,475.000,-1,375.000,375.000,300.000,325.000,700.000,-1,-1,-1,825.000,975.000,-1,-1,1,0,2,0,2,0,0,0,0,1,2,2,2,0,0,2,2
50,4135.990,-14032.400,-63.194,-276.492,0,0.91986,-0.19953,110.383,-1.796,750.000,375.000,-1,400.000,-1,325.000,325.000,300.000,325.000,975.000,-1,-1,-1,600.000,700.000,800.000,-1,1,0,2,0,2,0,0,0,0,1,2,2,2,0,0,0,2
52,4165.343,-13794.220,-70.648,-276.843,0,1.00000,0.04047,120.000,0.364,575.000,325.000,-1,350.000,-1,275.000,300.000,300.000,325.000,-1,-1,-1,-1,525.000,650.000,600.000,-1,0,0,2,0,2,0,0,0,0,2,2,2,2,0,0,0,2
54,4182.653,-13554.903,-78.730,-272.875,0,1.00000,0.28047,120.000,2.524,375.000,275.000,-1,325.000,-1,250.000,250.000,300.000,300.000,-1,-1,-1,-1,450.000,575.000,375.000,-1,0,0,2,0,2,0,0,0,0,2,2,2,2,0,0,0,2
56,4174.860,-13324.691,-79.070,-266.747,0,0.92000,0.28047,110.400,2.524,550.000,350.000,-1,425.000,-1,300.000,325.000,300.000,325.000,-1,0.000,0.000,-1,600.000,875.000,750.000,-1,1,0,2,0,2,0,0,0,0,2,0,0,2,0,0,0,2
58,4157.374,-13119.862,-72.660,-264.938,0,0.85548,0.04047,102.657,0.364,500.000,350.000,-1,400.000,-1,300.000,300.000,300.000,325.000,-1,175.000,125.000,-1,575.000,850.000,675.000,-1,1,0,2,0,2,0,0,1,0,2,0,0,2,0,0,0,2
60,4145.162,-12917.504,-65.784,-267.450,0,0.83989,-0.19953,100.787,-1.796,500.000,325.000,-1,400.000,-1,300.000,300.000,300.000,300.000,-1,375.000,300.000,-1,575.000,900.000,900.000,-1,1,0,2,0,2,0,0,1,0,2,0,0,2,0,0,1,2
62,4152.968,-12721.615,-57.788,-274.281,0,0.80866,-0.43953,97.039,-3.956,-1,375.000,-1,450.000,-1,325.000,350.000,300.000,300.000,-1,475.000,200.000,825.000,825.000,-1,-1,-1,2,0,2,0,2,0,0,1,0,2,0,0,0,0,2,2,2
64,4191.683,-12538.884,-49.524,-284.676,0,0.76917,-0.59549,92.300,-5.359,-1,425.000,-1,475.000,-1,350.000,375.000,275.000,300.000,525.000,1000.000,800.000,900.000,900.000,-1,-1,-1,2,0,2,0,2,0,0,0,0,1,0,0,0,1,2,2,2
66,4263.826,-12368.142,-45.171,-295.571,0,0.79417,-0.60892,95.300,-5.480,-1,450.000,-1,450.000,-1,375.000,375.000,275.000,275.000,500.000,-1,-1,-1,-1,-1,-1,-1,2,0,2,0,2,0,0,0,0,1,2,2,2,2,2,2,2
68,4366.398,-12215.147,-45.864,-306.649,0,0.76085,-0.61835,91.302,-5.565,-1,450.000,-1,425.000,-1,350.000,350.000,325.000,275.000,550.000,-1,-1,-1,975.000,875.000,-1,-1,2,0,2,0,2,0,0,0,0,1,2,2,2,0,0,2,2
70,4485.555,-12093.608,-52.412,-316.839,0,0.66975,-0.50613,80.370,-4.555,-1,400.000,-1,375.000,-1,325.000,325.000,300.000,300.000,675.000,-1,-1,-1,775.000,700.000,-1,-1,2,0,2,0,2,0,0,0,0,1,2,2,2,0,0,2,2
72,4588.682,-12011.355,-60.281,-322.709,0,0.50975,-0.26613,61.170,-2.395,-1,400.000,-1,375.000,-1,325.000,300.000,300.000,275.000,825.000,1000.000,-1,-1,750.000,675.000,-1,-1,2,0,2,0,2,0,0,0,0,1,1,2,2,0,0,2,2
74,4665.040,-11957.336,-66.196,-325.491,0,0.34975,-0.15489,41.970,-1.394,-1,375.000,-1,375.000,-1,325.000,300.000,300.000,275.000,1000.000,-1,-1,-1,750.000,675.000,-1,-1,2,0,2,0,2,0,0,0,0,1,2,2,2,0,0,2,2
76,4711.529,-11927.692,-69.831,-328.304,0,0.18975,-0.15675,22.770,-1.411,-1,375.000,-1,350.000,-1,300.000,300.000,300.000,275.000,-1,-1,-1,-1,750.000,650.000,-1,-1,2,0,2,0,2,0,0,0,0,2,2,2,2,0,0,2,2
78,4726.029,-11919.329,-70.970,-331.145,0,0.02975,-0.15812,3.570,-1.423,-1,375.000,-1,350.000,-1,300.000,300.000,300.000,275.000,-1,1000.000,-1,-1,725.000,650.000,-1,-1,2,0,2,0,2,0,0,0,0,2,1,2,2,0,0,2,2
80,4706.631,-11928.960,-69.444,-333.992,0,-0.13025,-0.15798,-15.630,-1.422,-1,375.000,-1,350.000,-1,300.000,300.000,300.000,275.000,-1,950.000,-1,-1,725.000,650.000,-1,-1,2,0,2,0,2,0,0,0,0,2,1,2,2,0,0,2,2
82,4672.939,-11943.882,-66.795,-336.811,0,-0.15422,-0.15614,-18.507,-1.405,-1,375.000,-1,350.000,-1,300.000,300.000,300.000,275.000,-1,875.000,950.000,-1,725.000,650.000,-1,-1,2,0,2,0,2,0,0,0,0,2,1,1,2,0,0,2,2
84,4637.950,-11957.381,-64.048,-339.593,0,-0.15696,-0.15399,-18.835,-1.386,-1,375.000,-1,350.000,-1,300.000,300.000,300.000,300.000,-1,800.000,875.000,-1,725.000,650.000,-1,-1,2,0,2,0,2,0,0,0,0,2,1,1,2,0,0,2,2
86,4629.522,-11960.147,-63.386,-344.257,0,0.00304,-0.25878,0.365,-2.329,-1,375.000,-1,350.000,975.000,300.000,300.000,300.000,300.000,-1,750.000,825.000,-1,725.000,625.000,-1,-1,2,0,2,0,0,0,0,0,0,2,1,1,2,0,0,2,2
88,4658.415,-11954.076,-65.664,-348.922,0,0.16304,-0.25958,19.565,-2.336,-1,375.000,-1,350.000,900.000,300.000,300.000,300.000,300.000,-1,775.000,800.000,-1,700.000,625.000,-1,-1,2,0,2,0,0,0,0,0,0,2,1,1,2,0,0,2,2
90,4725.769,-11945.362,-70.994,-353.648,0,0.32304,-0.26391,38.765,-2.375,-1,375.000,-1,350.000,825.000,300.000,300.000,300.000,300.000,950.000,825.000,850.000,-1,675.000,600.000,-1,950.000,2,0,2,0,0,0,0,0,0,1,1,1,2,0,0,2,0
92,4831.965,-11940.535,-79.423,-358.515,0,0.48304,-0.27296,57.965,-2.457,-1,350.000,-1,325.000,725.000,275.000,275.000,300.000,300.000,975.000,950.000,950.000,-1,650.000,575.000,-1,800.000,2,0,2,0,0,0,0,0,0,1,1,1,2,0,0,2,0
94,4976.530,-11946.628,-89.052,-363.623,0,0.64304,-0.28792,77.165,-2.591,-1,400.000,-1,375.000,-1,325.000,325.000,300.000,275.000,1000.000,50.000,75.000,-1,775.000,675.000,-1,-1,2,0,2,0,2,0,0,0,0,1,0,0,2,0,0,2,2
96,5157.784,-11972.233,-97.359,-369.604,0,0.80304,-0.36666,96.365,-3.300,1000.000,400.000,-1,375.000,-1,325.000,300.000,300.000,275.000,-1,200.000,225.000,-1,750.000,650.000,900.000,-1,1,0,2,0,2,0,0,0,0,2,0,0,2,0,0,1,2
98,5372.131,-12027.842,-106.415,-376.080,0,0.96304,-0.35679,115.565,-3.211,700.000,375.000,950.000,350.000,-1,300.000,300.000,325.000,275.000,-1,375.000,375.000,-1,600.000,625.000,650.000,-1,1,0,1,0,2,0,0,0,0,2,0,0,2,1,0,1,2
100,5596.512,-12112.769,-114.278,-382.248,0,1.00000,-0.33699,120.000,-3.033,425.000,350.000,-1,350.000,-1,300.000,300.000,325.000,275.000,-1,325.000,375.000,-1,450.000,650.000,425.000,-1,1,1,2,0,2,0,0,0,0,2,0,0,2,1,1,1,2
102,5813.224,-12215.826,-117.051,-386.368,0,1.00000,-0.20779,120.000,-1.870,175.000,250.000,-1,375.000,-1,250.000,300.000,300.000,300.000,-1,250.000,375.000,-1,325.000,850.000,200.000,-1,1,1,2,1,2,1,1,0,0,2,0,0,2,1,0,1,2
104,6024.627,-12329.426,-118.364,-388.709,0,1.00000,-0.10164,120.000,-0.915,0.000,175.000,-1,425.000,-1,200.000,275.000,225.000,300.000,-1,450.000,550.000,-1,250.000,975.000,0.000,-1,1,1,2,0,2,1,1,1,0,2,0,0,2,1,0,1,2
106,-11950.239,18520.039,104.628,14.889,1,0.00000,0.00000,120.000,0.325,-1,350.000,-1,400.000,-1,300.000,325.000,325.000,325.000,550.000,0.000,0.000,-1,625.000,775.000,-1,-1,2,0,2,0,2,0,0,0,0,0,0,0,2,0,0,2,2
108,-11922.709,18528.487,105.607,17.605,0,0.16000,0.18183,19.200,1.636,-1,350.000,-1,400.000,-1,300.000,300.000,325.000,325.000,550.000,0.000,0.000,-1,625.000,775.000,-1,-1,2,0,2,0,2,0,0,0,0,0,0,0,2,0,0,2,2
110,-11859.639,18551.663,107.541,20.878,0,0.32000,0.18183,38.400,1.636,-1,350.000,-1,375.000,-1,300.000,300.000,325.000,325.000,600.000,50.000,75.000,-1,625.000,750.000,-1,-1,2,0,2,0,2,0,0,0,0,0,0,0,2,0,0,2,2
112,-11762.739,18593.610,110.200,24.151,0,0.48000,0.18183,57.600,1.636,-1,350.000,-1,375.000,-1,300.000,300.000,325.000,325.000,675.000,125.000,175.000,-1,625.000,775.000,-1,-1,2,0,2,0,2,0,0,0,0,0,0,0,2,0,0,2,2
114,-11634.062,18658.217,113.635,27.424,0,0.64000,0.18183,76.800,1.636,-1,350.000,-1,375.000,-1,300.000,300.000,325.000,325.000,775.000,250.000,275.000,-1,600.000,800.000,-1,-1,2,0,2,0,2,0,0,0,0,0,0,0,2,0,0,2,2
116,-11472.575,18743.017,118.948,27.457,0,0.80000,-0.05817,96.000,-0.524,-1,350.000,-1,375.000,-1,300.000,300.000,325.000,325.000,925.000,375.000,275.000,-1,-1,875.000,-1,-1,2,0,2,0,2,0,0,0,0,0,0,0,2,2,0,2,2
118,-11280.798,18830.461,128.660,23.170,0,0.87846,-0.29817,105.415,-2.684,-1,350.000,-1,425.000,-1,300.000,325.000,-1,325.000,-1,400.000,300.000,-1,-1,-1,-1,-1,2,0,2,0,2,0,0,2,0,2,0,0,2,2,2,2,2
120,-11079.343,18891.992,143.082,14.563,0,0.87846,-0.53817,105.415,-4.844,-1,400.000,-1,500.000,-1,350.000,375.000,-1,325.000,-1,575.000,375.000,-1,-1,-1,-1,-1,2,0,2,0,2,0,0,2,0,2,0,0,2,2,2,2,2
122,-10870.157,18898.500,162.529,4.586,0,0.87846,-0.49427,105.415,-4.448,-1,475.000,-1,600.000,-1,400.000,425.000,-1,325.000,-1,1000.000,700.000,-1,-1,-1,-1,-1,2,0,2,0,2,0,0,2,0,2,0,0,2,2,2,2,2
124,-10649.770,18896.350,171.839,-1.071,0,0.95846,-0.25427,115.015,-2.288,-1,375.000,-1,425.000,-1,325.000,325.000,-1,300.000,-1,-1,-1,-1,650.000,925.000,-1,-1,2,0,2,0,2,0,0,2,0,2,2,2,2,0,0,2,2
126,-10417.747,18886.854,178.238,-2.408,0,0.96757,-0.01427,116.109,-0.128,-1,375.000,-1,425.000,-1,325.000,325.000,-1,300.000,-1,-1,-1,-1,650.000,825.000,-1,-1,2,0,2,0,2,0,0,2,0,2,2,2,2,0,0,2,2
128,-10185.574,18885.069,184.342,0.575,0,0.96757,0.22573,116.109,2.032,-1,375.000,-1,400.000,-1,300.000,325.000,-1,300.000,-1,-1,-1,-1,675.000,750.000,-1,-1,2,0,2,0,2,0,0,2,0,2,2,2,2,0,0,2,2
130,-9953.875,18898.500,191.846,4.723,0,0.96757,0.23043,116.109,2.074,-1,375.000,-1,400.000,-1,300.000,325.000,-1,300.000,-1,-1,450.000,975.000,725.000,725.000,-1,-1,2,0,2,0,2,0,0,2,0,2,2,0,0,0,0,2,2
132,-9725.337,18898.500,199.119,12.111,0,0.96757,0.47043,116.109,4.234,-1,400.000,-1,375.000,-1,325.000,300.000,-1,300.000,-1,575.000,375.000,1000.000,-1,700.000,-1,-1,2,0,2,0,2,0,0,2,0,2,0,0,0,2,0,2,2
134,-9515.568,18898.500,205.794,21.658,0,0.88757,0.47043,106.509,4.234,-1,-1,-1,375.000,-1,325.000,325.000,-1,275.000,-1,450.000,325.000,1000.000,-1,725.000,-1,-1,2,2,2,0,2,0,0,2,0,2,0,0,0,2,0,2,2
136,-9354.524,18898.500,212.928,31.206,0,0.72757,0.47043,87.309,4.234,-1,-1,-1,425.000,-1,350.000,350.000,-1,275.000,-1,325.000,300.000,-1,-1,850.000,-1,-1,2,2,2,0,2,0,0,2,0,2,0,0,2,2,0,2,2
138,-9220.132,18898.500,218.933,36.434,0,0.72757,0.23043,87.309,2.074,-1,-1,-1,425.000,-1,350.000,350.000,275.000,275.000,-1,475.000,500.000,-1,-1,875.000,-1,-1,2,2,2,0,2,0,0,0,0,2,0,0,2,2,0,2,2
140,-9064.039,18898.500,225.910,37.341,0,0.82948,-0.00957,99.538,-0.086,-1,-1,-1,425.000,-1,350.000,350.000,275.000,300.000,-1,750.000,800.000,-1,-1,875.000,-1,-1,2,2,2,0,2,0,0,0,0,2,0,0,2,2,0,2,2
142,-8911.012,18898.500,232.749,36.089,0,0.74948,-0.00957,89.938,-0.086,-1,-1,-1,425.000,-1,350.000,350.000,275.000,300.000,-1,-1,-1,-1,-1,875.000,-1,-1,2,2,2,0,2,0,0,0,0,2,2,2,2,2,0,2,2
144,-8780.508,18898.500,237.817,36.997,0,0.68123,-0.00957,81.747,-0.086,-1,-1,-1,400.000,-1,325.000,325.000,-1,300.000,-1,-1,-1,-1,-1,800.000,-1,-1,2,2,2,0,2,0,0,2,0,2,2,2,2,2,0,2,2
146,-8644.006,18898.500,242.516,37.905,0,0.76123,-0.00957,91.347,-0.086,-1,-1,-1,400.000,-1,325.000,325.000,-1,300.000,-1,-1,-1,-1,-1,800.000,-1,-1,2,2,2,0,2,0,0,2,0,2,2,2,2,2,0,2,2
148,-8471.996,18898.500,248.437,34.492,0,0.92123,-0.24957,110.547,-2.246,-1,-1,-1,400.000,-1,325.000,325.000,-1,300.000,-1,-1,-1,-1,-1,800.000,-1,-1,2,2,2,0,2,0,0,2,0,2,2,2,2,2,0,2,2
150,-8286.642,18898.500,254.817,28.920,0,0.85280,-0.24957,102.336,-2.246,-1,-1,-1,425.000,-1,325.000,325.000,-1,325.000,-1,-1,-1,-1,-1,800.000,-1,-1,2,2,2,0,2,0,0,2,0,2,2,2,2,2,0,2,2
152,-8130.946,18898.500,259.154,27.668,0,0.69280,-0.00957,83.136,-0.086,-1,-1,-1,375.000,-1,300.000,325.000,-1,325.000,-1,-1,-1,-1,-1,700.000,-1,-1,2,2,2,0,2,0,0,2,0,2,2,2,2,2,0,2,2
154,-7993.412,18898.500,261.824,28.575,0,0.69280,-0.00957,83.136,-0.086,-1,-1,-1,375.000,-1,300.000,300.000,-1,325.000,-1,-1,-1,-1,-1,700.000,-1,-1,2,2,2,0,2,0,0,2,0,2,2,2,2,2,0,2,2
156,-7818.463,18898.500,265.219,25.163,0,0.85280,-0.24957,102.336,-2.246,-1,-1,-1,375.000,-1,300.000,300.000,-1,300.000,-1,-1,-1,-1,-1,675.000,-1,-1,2,2,2,0,2,0,0,2,0,2,2,2,2,2,0,2,2
158,-7614.073,18898.500,269.185,17.431,0,0.88457,-0.48957,106.149,-4.406,-1,375.000,-1,350.000,-1,300.000,300.000,-1,300.000,-1,-1,-1,-1,-1,625.000,-1,-1,2,0,2,0,2,0,0,2,0,2,2,2,2,2,0,2,2
160,-7404.541,18898.500,276.252,5.378,0,0.88457,-0.72957,106.149,-6.566,-1,400.000,-1,375.000,-1,325.000,325.000,-1,300.000,-1,300.000,250.000,-1,750.000,700.000,-1,-1,2,0,2,0,2,0,0,2,0,2,0,0,2,0,0,2,2
162,-7187.946,18877.122,284.784,-8.834,0,0.93213,-0.72957,111.856,-6.566,-1,375.000,-1,375.000,-1,300.000,300.000,-1,300.000,-1,650.000,550.000,-1,700.000,650.000,-1,-1,2,0,2,0,2,0,0,2,0,2,0,0,2,0,0,2,2
164,-6973.631,18813.544,292.612,-18.726,0,0.93213,-0.48957,111.856,-4.406,-1,350.000,-1,350.000,-1,300.000,300.000,300.000,300.000,-1,-1,875.000,-1,625.000,625.000,-1,-1,2,0,2,0,2,0,0,0,0,2,2,0,2,0,0,2,2
166,-6768.012,18725.519,302.365,-24.299,0,0.93213,-0.24957,111.856,-2.246,-1,375.000,-1,375.000,-1,300.000,300.000,325.000,300.000,-1,300.000,275.000,-1,675.000,675.000,-1,-1,2,0,2,0,2,0,0,0,0,2,0,0,2,0,0,2,2
168,-6566.106,18629.181,314.757,-25.551,0,0.93213,-0.00957,111.856,-0.086,-1,375.000,-1,375.000,-1,300.000,300.000,300.000,325.000,-1,350.000,350.000,-1,675.000,700.000,-1,-1,2,0,2,0,2,0,0,0,0,2,0,0,2,0,0,2,2
170,-6361.014,18539.919,328.587,-22.483,0,0.93213,0.23043,111.856,2.074,-1,375.000,-1,375.000,-1,300.000,300.000,300.000,300.000,-1,450.000,475.000,-1,675.000,725.000,-1,-1,2,0,2,0,2,0,0,0,0,2,0,0,2,0,0,2,2
172,-6147.467,18473.764,345.155,-15.096,0,0.93213,0.47043,111.856,4.234,-1,400.000,-1,425.000,-1,325.000,325.000,300.000,300.000,-1,275.000,325.000,-1,725.000,825.000,-1,-1,2,0,2,0,2,0,0,0,0,2,0,0,2,0,0,2,2
174,-5926.036,18443.340,364.089,-5.399,0,0.93213,0.53868,111.856,4.848,-1,375.000,-1,425.000,-1,325.000,325.000,300.000,300.000,-1,625.000,650.000,-1,675.000,950.000,-1,-1,2,0,2,0,2,0,0,0,0,2,0,0,2,0,0,2,2
176,-5702.643,18450.645,383.128,4.297,0,0.93213,0.53868,111.856,4.848,-1,350.000,-1,400.000,-1,300.000,325.000,300.000,300.000,-1,875.000,900.000,-1,700.000,-1,-1,-1,2,0,2,0,2,0,0,0,0,2,0,0,2,0,2,2,2
178,-5513.515,18496.248,400.468,17.233,0,0.77213,0.77868,92.656,7.008,-1,350.000,-1,425.000,-1,300.000,300.000,300.000,325.000,-1,475.000,350.000,-1,725.000,-1,-1,-1,2,0,2,0,2,0,0,0,0,2,0,0,2,0,2,2,2
180,-5377.773,18573.188,415.310,34.321,0,0.61213,1.00000,73.456,9.000,-1,350.000,-1,450.000,-1,275.000,325.000,325.000,325.000,-1,300.000,275.000,-1,650.000,-1,-1,-1,2,0,2,0,2,0,0,0,0,2,0,0,2,0,2,2,2
182,-5293.716,18665.686,426.625,52.321,0,0.51263,1.00000,61.516,9.000,-1,350.000,-1,400.000,-1,275.000,300.000,325.000,375.000,-1,250.000,300.000,-1,-1,-1,-1,-1,2,0,2,0,2,0,0,0,0,2,0,0,2,2,2,2,2
184,-5243.480,18777.579,436.924,70.321,0,0.51263,1.00000,61.516,9.000,-1,-1,-1,375.000,-1,-1,300.000,325.000,400.000,-1,175.000,250.000,-1,-1,-1,-1,-1,2,2,2,0,2,2,0,0,0,2,0,0,2,2,2,2,2
186,-5230.279,18898.500,444.378,88.321,0,0.51263,1.00000,61.516,9.000,-1,-1,-1,-1,-1,-1,-1,300.000,400.000,-1,400.000,600.000,-1,-1,-1,-1,-1,2,2,2,2,2,2,2,0,0,2,0,0,2,2,2,2,2
188,-5255.406,18898.500,441.346,106.321,0,0.51263,1.00000,61.516,9.000,-1,-1,-1,-1,-1,-1,-1,275.000,350.000,-1,775.000,-1,-1,-1,-1,-1,-1,2,2,2,2,2,2,2,0,0,2,0,2,2,2,2,2,2
190,-5317.378,18898.500,433.886,121.081,0,0.59263,0.76000,71.116,6.840,-1,-1,-1,-1,-1,-1,-1,275.000,275.000,-1,-1,-1,-1,-1,-1,-1,-1,2,2,2,2,2,2,2,0,0,2,2,2,2,2,2,2,2
192,-5424.883,18898.500,420.951,131.521,0,0.74304,0.52000,89.165,4.680,-1,400.000,-1,-1,-1,325.000,-1,275.000,275.000,-1,-1,-1,-1,-1,-1,-1,-1,2,0,2,2,2,0,2,0,0,2,2,2,2,2,2,2,2
194,-5563.503,18898.500,404.274,139.801,0,0.82304,0.52000,98.765,4.680,1000.000,375.000,-1,-1,-1,325.000,-1,275.000,275.000,-1,-1,-1,-1,675.000,-1,-1,-1,0,0,2,2,2,0,2,0,0,2,2,2,2,0,2,2,2
196,-5756.192,18898.500,384.270,152.401,0,0.97152,0.76000,116.582,6.840,-1,375.000,-1,-1,-1,325.000,325.000,275.000,-1,-1,-1,-1,-1,650.000,-1,-1,-1,2,0,2,2,2,0,0,0,2,2,2,2,2,0,2,2,2
198,-5971.194,18898.500,362.177,163.252,0,0.92930,0.56566,111.517,5.091,-1,350.000,-1,350.000,-1,300.000,300.000,300.000,-1,-1,-1,-1,-1,600.000,-1,975.000,-1,2,0,2,0,2,0,0,0,2,2,2,2,2,0,2,0,2
200,-6189.854,18898.500,339.708,170.194,0,0.92930,0.32566,111.517,2.931,1000.000,325.000,-1,325.000,-1,275.000,275.000,300.000,-1,-1,-1,-1,-1,550.000,525.000,850.000,-1,0,0,2,0,2,0,0,0,2,2,2,2,2,0,0,0,2
202,-6401.414,18898.500,325.605,172.816,0,0.84930,0.08566,101.917,0.771,-1,400.000,-1,375.000,-1,325.000,300.000,300.000,-1,-1,125.000,75.000,-1,725.000,675.000,-1,-1,2,0,2,0,2,0,0,0,2,2,0,0,2,0,0,2,2
204,-6596.640,18898.500,314.306,171.118,0,0.82188,-0.15434,98.625,-1.389,-1,375.000,-1,375.000,-1,300.000,300.000,300.000,-1,-1,300.000,275.000,-1,700.000,675.000,-1,-1,2,0,2,0,2,0,0,0,2,2,0,0,2,0,0,2,2
206,-6786.276,18898.500,303.331,170.714,0,0.77918,-0.01053,93.502,-0.095,-1,375.000,-1,375.000,-1,300.000,300.000,300.000,-1,-1,475.000,475.000,-1,650.000,-1,-1,-1,2,0,2,0,2,0,0,0,2,2,0,0,2,0,2,2,2
208,-6969.672,18898.500,294.102,167.968,0,0.77918,-0.17466,93.502,-1.572,-1,375.000,-1,400.000,-1,325.000,325.000,300.000,-1,-1,250.000,300.000,-1,700.000,-1,-1,-1,2,0,2,0,2,0,0,0,2,2,0,0,2,0,2,2,2
210,-7159.101,18898.500,286.327,163.744,0,0.85918,-0.17466,103.102,-1.572,-1,375.000,-1,375.000,-1,300.000,325.000,300.000,-1,-1,400.000,425.000,-1,675.000,-1,-1,-1,2,0,2,0,2,0,0,0,2,2,0,0,2,0,2,2,2
212,-7358.044,18898.500,278.161,163.840,0,0.86434,0.06534,103.721,0.588,-1,350.000,-1,375.000,-1,300.000,300.000,300.000,-1,-1,550.000,600.000,-1,675.000,-1,-1,-1,2,0,2,0,2,0,0,0,2,2,0,0,2,0,2,2,2
214,-7556.019,18898.500,270.310,168.256,0,0.83034,0.30534,99.641,2.748,-1,400.000,-1,400.000,-1,325.000,325.000,300.000,-1,-1,175.000,150.000,-1,800.000,-1,-1,-1,2,0,2,0,2,0,0,0,2,2,0,0,2,0,2,2,2
216,-7754.214,18898.500,266.464,176.992,0,0.83034,0.54534,99.641,4.908,-1,400.000,-1,400.000,-1,325.000,325.000,300.000,-1,-1,375.000,350.000,-1,825.000,800.000,-1,-1,2,0,2,0,2,0,0,0,2,2,0,0,2,0,0,2,2
218,-7956.950,18890.644,262.465,183.568,0,0.86088,0.30534,103.305,2.748,-1,425.000,-1,400.000,-1,325.000,325.000,300.000,-1,-1,550.000,525.000,-1,900.000,825.000,-1,-1,2,0,2,0,2,0,0,0,2,2,0,0,2,0,0,2,2
220,-8162.597,18870.733,258.452,185.824,0,0.86088,0.06534,103.305,0.588,-1,425.000,-1,425.000,-1,350.000,350.000,300.000,-1,-1,725.000,675.000,-1,1000.000,850.000,-1,-1,2,0,2,0,2,0,0,0,2,2,0,0,2,0,0,2,2
222,-8368.538,18854.356,251.726,183.761,0,0.86088,-0.17466,103.305,-1.572,-1,400.000,-1,400.000,-1,325.000,325.000,300.000,-1,-1,-1,-1,-1,900.000,725.000,-1,-1,2,0,2,0,2,0,0,0,2,2,2,2,2,0,0,2,2
224,-8575.101,18854.111,244.397,178.837,0,0.86088,-0.27353,103.305,-2.462,-1,425.000,-1,400.000,-1,325.000,325.000,300.000,-1,-1,-1,-1,-1,850.000,725.000,-1,-1,2,0,2,0,2,0,0,0,2,2,2,2,2,0,0,2,2
226,-8780.923,18871.596,237.376,173.913,0,0.86088,-0.27353,103.305,-2.462,-1,425.000,-1,375.000,-1,325.000,325.000,300.000,-1,-1,-1,-1,-1,800.000,725.000,-1,-1,2,0,2,0,2,0,0,0,2,2,2,2,2,0,0,2,2
228,-8984.485,18898.500,229.471,168.990,0,0.86088,-0.27353,103.305,-2.462,-1,400.000,-1,375.000,-1,325.000,300.000,300.000,-1,-1,-1,-1,-1,725.000,-1,-1,-1,2,0,2,0,2,0,0,0,2,2,2,2,2,0,2,2,2
230,-9182.051,18898.500,220.642,160.826,0,0.86088,-0.51353,103.305,-4.622,-1,375.000,-1,375.000,-1,300.000,300.000,300.000,-1,-1,-1,-1,-1,700.000,-1,-1,-1,2,0,2,0,2,0,0,0,2,2,2,2,2,0,2,2,2
232,-9357.331,18898.500,212.808,150.503,0,0.78088,-0.51353,93.705,-4.622,-1,375.000,-1,-1,-1,325.000,325.000,300.000,-1,-1,250.000,475.000,-1,750.000,-1,-1,-1,2,0,2,2,2,0,0,0,2,2,0,0,2,0,2,2,2
234,-9488.492,18898.500,206.945,144.499,0,0.62088,-0.27353,74.505,-2.462,-1,400.000,-1,-1,-1,325.000,325.000,275.000,-1,-1,225.000,300.000,-1,825.000,-1,-1,-1,2,0,2,2,2,0,0,0,2,2,0,0,2,0,2,2,2
236,-9599.766,18898.500,203.107,142.816,0,0.62088,-0.03353,74.505,-0.302,-1,425.000,-1,-1,-1,350.000,350.000,275.000,300.000,-1,225.000,225.000,-1,975.000,-1,-1,-1,2,0,2,2,2,0,0,0,0,2,0,0,2,0,2,2,2
238,-9732.872,18898.500,198.873,145.452,0,0.68113,0.20647,81.736,1.858,-1,425.000,-1,-1,-1,350.000,350.000,275.000,-1,-1,400.000,400.000,-1,-1,-1,-1,-1,2,0,2,2,2,0,0,0,2,2,0,0,2,2,2,2,2
240,-9872.132,18898.500,194.442,150.249,0,0.66855,0.20647,80.225,1.858,-1,425.000,-1,-1,-1,350.000,350.000,275.000,-1,-1,625.000,600.000,-1,-1,-1,-1,-1,2,0,2,2,2,0,0,0,2,2,0,0,2,2,2,2,2
242,-10014.638,18898.500,189.909,153.085,0,0.66855,0.09757,80.225,0.878,-1,400.000,-1,-1,-1,350.000,350.000,275.000,-1,-1,850.000,825.000,-1,-1,-1,-1,-1,2,0,2,2,2,0,0,0,2,2,0,0,2,2,2,2,2
244,-10165.060,18898.500,185.112,151.601,0,0.74855,-0.14243,89.825,-1.282,-1,425.000,-1,-1,-1,350.000,375.000,275.000,-1,-1,-1,975.000,-1,-1,-1,-1,-1,2,0,2,2,2,0,0,0,2,2,2,0,2,2,2,2,2
246,-10346.883,18898.500,180.108,150.117,0,0.90855,-0.14243,109.025,-1.282,-1,475.000,-1,-1,-1,375.000,375.000,275.000,-1,-1,-1,-1,-1,-1,-1,-1,-1,2,0,2,2,2,0,0,0,2,2,2,2,2,2,2,2,2
248,-10532.496,18898.500,175.000,146.473,0,0.88074,-0.14243,105.688,-1.282,-1,525.000,-1,-1,-1,400.000,400.000,275.000,275.000,-1,-1,-1,-1,-1,-1,-1,-1,2,0,2,2,2,0,0,0,0,2,2,2,2,2,2,2,2
250,-10682.441,18898.500,170.873,145.148,0,0.72074,-0.01366,86.488,-0.123,-1,575.000,-1,-1,-1,425.000,-1,325.000,275.000,-1,-1,-1,-1,-1,-1,-1,-1,2,0,2,2,2,0,2,0,0,2,2,2,2,2,2,2,2
252,-10833.976,18898.500,165.956,146.223,0,0.80011,0.01318,96.013,0.119,-1,425.000,-1,-1,-1,350.000,350.000,275.000,-1,-1,-1,-1,-1,875.000,-1,-1,-1,2,0,2,2,2,0,0,0,2,2,2,2,2,0,2,2,2
254,-11008.600,18898.500,149.386,147.133,0,0.87121,0.11057,104.545,0.995,-1,425.000,-1,-1,-1,350.000,350.000,275.000,-1,-1,-1,-1,-1,875.000,-1,-1,-1,2,0,2,2,2,0,0,0,2,2,2,2,2,0,2,2,2
256,-11182.521,18898.500,132.883,152.364,0,0.79121,0.35057,94.945,3.155,900.000,400.000,-1,-1,-1,325.000,350.000,275.000,-1,-1,-1,-1,-1,750.000,-1,1000.000,-1,0,0,2,2,2,0,0,0,2,2,2,2,2,0,2,0,2
258,-11351.790,18898.500,116.821,157.978,0,0.77055,0.37188,92.466,3.347,725.000,400.000,-1,-1,-1,325.000,350.000,275.000,-1,-1,-1,-1,-1,625.000,-1,775.000,-1,0,0,2,2,2,0,0,0,2,2,2,2,2,0,2,0,2
260,-11526.261,18898.500,100.411,165.751,0,0.74226,0.37188,89.071,3.347,625.000,375.000,-1,425.000,-1,325.000,325.000,300.000,-1,-1,-1,-1,-1,550.000,-1,625.000,-1,0,0,2,0,2,0,0,0,2,2,2,2,2,0,2,0,2
262,-11700.887,18898.500,84.372,169.205,0,0.74226,0.13188,89.071,1.187,475.000,325.000,-1,350.000,-1,275.000,300.000,300.000,-1,-1,-1,-1,-1,475.000,525.000,475.000,-1,0,0,2,0,2,0,0,0,2,2,2,2,2,0,0,0,2
264,-11868.184,18898.500,69.004,168.339,0,0.67876,-0.10812,81.452,-0.973,325.000,250.000,850.000,275.000,-1,225.000,250.000,300.000,-1,-1,-1,-1,-1,400.000,425.000,325.000,-1,0,0,0,0,2,0,0,0,2,2,2,2,2,0,0,0,2
266,-12027.128,18898.500,54.404,166.674,0,0.67876,-0.15248,81.452,-1.372,175.000,225.000,675.000,225.000,-1,175.000,200.000,275.000,-1,-1,-1,-1,-1,325.000,350.000,150.000,275.000,0,0,0,0,2,0,0,0,2,2,2,2,2,0,0,0,0
268,-12191.439,18898.500,47.835,160.690,0,0.75876,-0.39248,91.052,-3.532,-1,400.000,-1,375.000,-1,325.000,300.000,325.000,-1,-1,0.000,0.000,225.000,775.000,-1,-1,-1,2,0,2,0,2,0,0,0,2,2,0,0,0,0,2,2,2
270,-12375.049,18898.500,58.508,150.385,0,0.87808,-0.63248,105.370,-5.692,-1,400.000,-1,-1,-1,325.000,300.000,325.000,-1,-1,75.000,25.000,400.000,750.000,-1,-1,-1,2,0,2,2,2,0,0,0,2,2,0,0,0,0,2,2,2
272,-12540.586,18898.500,68.129,137.921,0,0.90619,-0.63248,108.743,-5.692,-1,375.000,-1,-1,-1,325.000,-1,325.000,325.000,-1,350.000,250.000,550.000,750.000,-1,-1,-1,2,0,2,2,2,0,2,0,0,2,0,0,0,0,2,2,2
274,-12684.748,18898.500,76.508,129.776,0,0.90619,-0.39248,108.743,-3.532,-1,400.000,-1,-1,-1,325.000,-1,325.000,325.000,-1,475.000,450.000,725.000,-1,-1,-1,-1,2,0,2,2,2,0,2,0,0,2,0,0,0,2,2,2,2
276,-12815.712,18898.500,83.830,125.951,0,0.92306,-0.15248,110.767,-1.372,-1,375.000,-1,-1,-1,300.000,-1,325.000,325.000,-1,700.000,675.000,975.000,-1,-1,-1,-1,2,0,2,2,2,0,2,0,0,2,0,0,0,2,2,2,2
278,-12942.684,18898.500,89.749,124.287,0,0.92306,-0.15248,110.767,-1.372,-1,375.000,-1,-1,-1,300.000,-1,325.000,325.000,-1,675.000,650.000,-1,-1,-1,-1,-1,2,0,2,2,2,0,2,0,0,2,0,0,2,2,2,2,2
280,-13060.282,18898.500,95.230,120.462,0,0.97265,-0.15248,116.718,-1.372,-1,-1,-1,-1,-1,-1,-1,325.000,325.000,-1,725.000,625.000,-1,-1,-1,-1,-1,2,2,2,2,2,2,2,0,0,2,0,0,2,2,2,2,2
282,-13167.380,18898.500,100.221,115.968,0,0.97265,-0.29993,116.718,-2.699,-1,-1,-1,-1,-1,-1,-1,350.000,325.000,-1,875.000,625.000,-1,-1,-1,-1,-1,2,2,2,2,2,2,2,0,0,2,0,0,2,2,2,2,2
284,-13255.017,18898.500,104.306,111.649,0,0.89265,-0.29993,107.118,-2.699,-1,-1,-1,-1,-1,-1,-1,350.000,325.000,-1,-1,775.000,-1,-1,-1,-1,-1,2,2,2,2,2,2,2,0,0,2,2,0,2,2,2,2,2
286,-13314.262,18898.500,107.066,104.727,0,0.87996,-0.34920,105.595,-3.143,-1,-1,-1,-1,-1,-1,-1,375.000,325.000,-1,-1,-1,-1,-1,-1,-1,-1,2,2,2,2,2,2,2,0,0,2,2,2,2,2,2,2,2
288,-13356.847,18898.500,109.051,101.681,0,0.79996,-0.10920,95.995,-0.983,-1,-1,-1,-1,-1,-1,-1,375.000,300.000,-1,-1,-1,-1,-1,-1,-1,-1,2,2,2,2,2,2,2,0,0,2,2,2,2,2,2,2,2
290,-13392.928,18898.500,110.733,102.955,0,0.68562,0.13080,82.274,1.177,-1,-1,-1,-1,-1,-1,-1,375.000,325.000,-1,-1,-1,-1,-1,-1,-1,-1,2,2,2,2,2,2,2,0,0,2,2,2,2,2,2,2,2
292,-13440.441,18898.500,113.201,106.390,0,0.76562,0.13080,91.874,1.177,-1,-1,-1,-1,-1,-1,-1,300.000,375.000,-1,-1,-1,-1,-1,-1,-1,-1,2,2,2,2,2,2,2,0,0,2,2,2,2,2,2,2,2
294,-13507.352,18898.500,113.568,111.984,0,0.80334,0.37080,96.401,3.337,-1,-1,-1,-1,-1,-1,-1,300.000,375.000,-1,-1,-1,-1,-1,-1,-1,-1,2,2,2,2,2,2,2,0,0,2,2,2,2,2,2,2,2
296,-13601.919,18898.500,114.085,119.739,0,0.86857,0.37080,104.229,3.337,-1,-1,-1,-1,-1,-1,-1,325.000,350.000,-1,-1,-1,-1,-1,-1,-1,-1,2,2,2,2,2,2,2,0,0,2,2,2,2,2,2,2,2
298,-13714.177,18898.500,114.700,123.173,0,0.86857,0.13080,104.229,1.177,-1,375.000,-1,-1,-1,-1,-1,300.000,350.000,-1,-1,-1,-1,-1,-1,-1,-1,2,0,2,2,2,2,2,0,0,2,2,2,2,2,2,2,2
299,-13774.526,18898.500,115.030,125.380,0,0.86857,0.24526,104.229,2.207,-1,375.000,-1,-1,-1,300.000,-1,300.000,325.000,-1,-1,-1,-1,-1,-1,-1,-1,2,0,2,2,2,0,2,0,0,2,2,2,2,2,2,2,2
