timestep,x_cm,y_cm,z_cm,yaw_deg,basis_xx,basis_xy,basis_xz,basis_yx,basis_yy,basis_yz,basis_zx,basis_zy,basis_zz,teleport_flag,throttle_cmd,steering_cmd,cmd_move_cm,cmd_turn_deg,lidar_cm_0,lidar_cm_1,lidar_cm_2,lidar_cm_3,lidar_cm_4,lidar_cm_5,lidar_cm_6,lidar_cm_7,lidar_cm_8,lidar_cm_9,lidar_cm_10,lidar_cm_11,lidar_cm_12,lidar_cm_13,lidar_cm_14,lidar_cm_15,lidar_cm_16,lidar_class_0,lidar_class_1,lidar_class_2,lidar_class_3,lidar_class_4,lidar_class_5,lidar_class_6,lidar_class_7,lidar_class_8,lidar_class_9,lidar_class_10,lidar_class_11,lidar_class_12,lidar_class_13,lidar_class_14,lidar_class_15,lidar_class_16
0,4914.664,4263.290,372.782,-177.333,-0.985356,0.046459,-0.164056,-0.036307,-0.997267,-0.064350,-0.166597,-0.057451,0.984350,1,0.08000,-0.12000,4.800,-0.240,-1,400.000,-1,425.000,-1,325.000,325.000,275.000,275.000,-1,-1,-1,-1,825.000,900.000,-1,-1,2,0,2,0,2,0,0,0,0,2,2,2,2,0,0,2,2
1,4905.070,4262.922,371.160,-177.813,-0.985613,0.038100,-0.164665,-0.027822,-0.997544,-0.064285,-0.166710,-0.058779,0.984252,0,0.16000,-0.24000,9.600,-0.480,-1,400.000,-1,425.000,-1,325.000,325.000,275.000,300.000,-1,-1,-1,-1,825.000,875.000,-1,-1,2,0,2,0,2,0,0,0,0,2,2,2,2,0,0,2,2
2,4890.675,4262.551,368.737,-178.533,-0.985865,0.025559,-0.165581,-0.015092,-0.997825,-0.064169,-0.166860,-0.060763,0.984106,0,0.24000,-0.36000,14.400,-0.720,-1,400.000,-1,425.000,-1,325.000,325.000,275.000,300.000,-1,-1,-1,-1,825.000,875.000,-1,-1,2,0,2,0,2,0,0,0,0,2,2,2,2,0,0,2,2
3,4871.474,4262.379,365.529,-179.493,-0.985950,0.008836,-0.166805,0.001881,-0.997949,-0.063980,-0.167028,-0.063394,0.983912,0,0.32000,-0.48000,19.200,-0.960,-1,400.000,-1,425.000,-1,325.000,325.000,300.000,300.000,-1,-1,-1,-1,825.000,875.000,-1,-1,2,0,2,0,2,0,0,0,0,2,2,2,2,0,0,2,2
4,4847.475,4262.666,361.554,-180.693,-0.985655,-0.012063,-0.168340,0.023088,-0.997703,-0.063688,-0.167185,-0.066661,0.983669,0,0.40000,-0.60000,24.000,-1.200,-1,400.000,-1,425.000,-1,325.000,325.000,300.000,300.000,-1,-1,-1,-1,800.000,875.000,-1,-1,2,0,2,0,2,0,0,0,0,2,2,2,2,0,0,2,2
5,4818.693,4263.733,356.836,-182.133,-0.984713,-0.037121,-0.170184,0.048510,-0.996817,-0.063259,-0.167294,-0.070548,0.983380,0,0.48000,-0.72000,28.800,-1.440,-1,400.000,-1,400.000,-1,325.000,325.000,300.000,300.000,-1,-1,-1,-1,800.000,850.000,-1,-1,2,0,2,0,2,0,0,0,0,2,2,2,2,0,0,2,2
6,4785.165,4265.963,351.408,-183.813,-0.982804,-0.066308,-0.172333,0.078114,-0.994974,-0.062649,-0.167313,-0.075033,0.983044,0,0.56000,-0.84000,33.600,-1.680,-1,400.000,-1,400.000,-1,325.000,325.000,300.000,300.000,-1,-1,-1,-1,800.000,850.000,-1,-1,2,0,2,0,2,0,0,0,0,2,2,2,2,0,0,2,2
7,4746.955,4269.793,345.308,-185.733,-0.979560,-0.099567,-0.174780,0.111840,-0.991802,-0.061810,-0.167193,-0.080094,0.982665,0,0.64000,-0.96000,38.400,-1.920,-1,400.000,-1,400.000,-1,325.000,325.000,300.000,300.000,-1,-1,-1,-1,800.000,825.000,-1,-1,2,0,2,0,2,0,0,0,0,2,2,2,2,0,0,2,2
8,4704.144,4275.600,338.573,-187.733,-0.974945,-0.134062,-0.177511,0.146817,-0.987298,-0.060726,-0.167115,-0.085266,0.982244,0,0.72000,-1.00000,43.200,-2.000,-1,400.000,-1,400.000,-1,325.000,325.000,300.000,300.000,-1,-1,-1,-1,800.000,825.000,-1,-1,2,0,2,0,2,0,0,0,0,2,2,2,2,0,0,2,2
9,4657.198,4283.645,331.293,-189.733,-0.969061,-0.168361,-0.180488,0.181597,-0.981578,-0.059392,-0.167164,-0.090330,0.981782,0,0.79379,-1.00000,47.627,-2.000,-1,400.000,-1,400.000,-1,325.000,325.000,300.000,300.000,-1,-1,-1,-1,775.000,800.000,-1,-1,2,0,2,0,2,0,0,0,0,2,2,2,2,0,0,2,2
10,4610.191,4293.398,323.589,-191.733,-0.962186,-0.202379,-0.182320,0.216371,-0.974452,-0.060225,-0.165474,-0.097396,0.981393,0,0.80010,-1.00000,48.006,-2.000,-1,400.000,-1,400.000,-1,325.000,325.000,300.000,300.000,-1,-1,-1,-1,775.000,800.000,-1,-1,2,0,2,0,2,0,0,0,0,2,2,2,2,0,0,2,2
11,4563.179,4304.876,315.897,-193.733,-0.954121,-0.236087,-0.184165,0.250886,-0.966071,-0.061351,-0.163432,-0.104740,0.980979,0,0.80651,-1.00000,48.391,-2.000,-1,400.000,-1,400.000,-1,325.000,325.000,300.000,300.000,-1,-1,-1,-1,750.000,800.000,-1,-1,2,0,2,0,2,0,0,0,0,2,2,2,2,0,0,2,2
12,4516.220,4318.095,307.984,-195.733,-0.945072,-0.269479,-0.184985,0.284811,-0.956607,-0.061524,-0.160379,-0.110830,0.980814,0,0.81302,-1.00000,48.781,-2.000,-1,400.000,-1,400.000,-1,325.000,325.000,300.000,300.000,-1,-1,-1,-1,725.000,800.000,-1,-1,2,0,2,0,2,0,0,0,0,2,2,2,2,1,1,2,2
13,4469.376,4333.066,300.000,-197.733,-0.934937,-0.302514,-0.185415,0.318234,-0.946038,-0.061154,-0.156909,-0.116181,0.980756,0,0.81959,-1.00000,49.175,-2.000,-1,400.000,-1,400.000,-1,325.000,325.000,300.000,300.000,-1,-1,-1,-1,700.000,800.000,-1,-1,2,0,2,0,2,0,0,0,0,2,2,2,2,1,1,2,2
14,4422.710,4349.797,292.128,-199.733,-0.923646,-0.335135,-0.185910,0.351235,-0.934314,-0.060760,-0.153336,-0.121419,0.980686,0,0.82619,-1.00000,49.572,-2.000,-1,400.000,-1,400.000,-1,325.000,325.000,300.000,300.000,-1,-1,-1,-1,675.000,775.000,-1,-1,2,0,2,0,2,0,0,0,0,2,2,2,2,1,1,2,2
15,4376.287,4368.293,284.385,-201.733,-0.911221,-0.367299,-0.186462,0.383776,-0.921450,-0.060373,-0.149640,-0.126573,0.980606,0,0.83281,-1.00000,49.968,-2.000,-1,400.000,-1,400.000,-1,325.000,325.000,300.000,300.000,-1,-1,-1,-1,650.000,750.000,-1,-1,2,0,2,0,2,0,0,0,0,2,2,2,2,1,1,2,2
16,4330.176,4388.555,276.798,-203.731,-0.897705,-0.398943,-0.187004,0.415779,-0.907487,-0.059955,-0.145785,-0.131575,0.980528,0,0.83939,-0.99909,50.363,-1.998,-1,400.000,975.000,400.000,-1,325.000,325.000,300.000,300.000,-1,-1,-1,-1,625.000,725.000,900.000,-1,2,0,1,0,2,0,0,0,0,2,2,2,2,1,1,1,2
17,4284.444,4410.578,269.410,-205.722,-0.883190,-0.429956,-0.187386,0.447102,-0.892506,-0.059438,-0.141687,-0.136276,0.980486,0,0.84590,-0.99554,50.754,-1.991,-1,400.000,925.000,400.000,-1,325.000,325.000,300.000,300.000,-1,-1,-1,-1,575.000,725.000,775.000,-1,2,1,1,0,2,0,0,0,0,2,2,2,2,1,1,1,2
18,4239.163,4434.347,262.187,-207.705,-0.867683,-0.460280,-0.187798,0.477728,-0.876529,-0.058931,-0.137485,-0.140850,0.980438,0,0.85228,-0.99138,51.137,-1.983,1000.000,375.000,900.000,400.000,-1,325.000,325.000,300.000,300.000,-1,-1,-1,-1,550.000,700.000,700.000,-1,1,1,1,0,2,0,0,0,0,2,2,2,2,1,1,1,2
19,4194.403,4459.847,255.140,-209.678,-0.851231,-0.489869,-0.188242,0.507609,-0.859603,-0.058435,-0.133188,-0.145295,0.980383,0,0.85849,-0.98656,51.509,-1.973,775.000,375.000,875.000,400.000,-1,325.000,325.000,300.000,300.000,-1,-1,-1,-1,525.000,675.000,600.000,-1,1,1,1,0,2,0,0,0,0,2,2,2,2,1,1,1,2
20,4150.238,4487.051,248.279,-211.640,-0.833883,-0.518675,-0.188720,0.536702,-0.841780,-0.057950,-0.128804,-0.149609,0.980320,0,0.86445,-0.98104,51.867,-1.962,625.000,350.000,850.000,400.000,-1,325.000,325.000,300.000,300.000,-1,-1,-1,-1,475.000,675.000,525.000,-1,1,1,1,0,2,1,0,0,0,2,2,2,2,1,1,1,2
21,4106.741,4515.930,241.598,-213.589,-0.815700,-0.546651,-0.189226,0.564965,-0.823105,-0.057555,-0.124290,-0.153854,0.980245,0,0.87008,-0.97476,52.205,-1.950,525.000,325.000,850.000,400.000,-1,300.000,325.000,300.000,300.000,-1,-1,-1,-1,450.000,650.000,475.000,-1,1,1,1,0,2,1,0,0,0,2,2,2,2,1,1,1,2
22,4063.990,4546.444,235.061,-215.525,-0.796721,-0.573774,-0.189785,0.592347,-0.803666,-0.056975,-0.119833,-0.157812,0.980171,0,0.87531,-0.96767,52.519,-1.935,425.000,300.000,825.000,400.000,-1,300.000,325.000,300.000,300.000,-1,-1,-1,-1,425.000,650.000,400.000,-1,1,1,1,0,2,1,0,0,0,2,2,2,2,1,1,1,2
23,4022.063,4578.548,228.986,-217.444,-0.777282,-0.600144,-0.188840,0.618634,-0.783702,-0.055705,-0.114563,-0.160121,0.980427,0,0.88003,-0.95972,52.802,-1.919,350.000,300.000,800.000,400.000,-1,275.000,325.000,300.000,300.000,-1,-1,-1,-1,400.000,625.000,350.000,-1,1,1,1,0,2,1,1,0,0,2,2,2,2,1,1,1,2
24,3981.046,4612.193,224.772,-219.346,-0.758574,-0.626255,-0.179917,0.643181,-0.763886,-0.052875,-0.104323,-0.155829,0.982260,0,0.88411,-0.95082,53.047,-1.902,325.000,275.000,825.000,425.000,-1,275.000,325.000,325.000,300.000,-1,-1,-1,-1,375.000,625.000,325.000,-1,1,1,1,1,2,1,1,0,0,2,2,2,2,1,1,1,2
25,3938.228,4649.449,220.810,-221.008,-0.742016,-0.648812,-0.168686,0.663856,-0.746176,-0.050171,-0.093318,-0.149210,0.984392,0,0.94590,-0.83082,56.754,-1.662,300.000,275.000,850.000,400.000,-1,250.000,300.000,325.000,275.000,-1,-1,-1,-1,350.000,625.000,300.000,-1,1,1,1,1,2,1,1,0,0,2,2,2,2,1,1,1,2
26,3896.221,4687.876,217.366,-222.429,-0.727723,-0.667961,-0.155717,0.680961,-0.730764,-0.047707,-0.081926,-0.140755,0.986649,0,0.94884,-0.71082,56.930,-1.422,275.000,275.000,900.000,400.000,-1,250.000,300.000,350.000,275.000,-1,975.000,625.000,-1,350.000,625.000,275.000,-1,1,1,1,1,2,1,1,1,0,2,0,0,2,1,1,1,2
27,3854.923,4727.251,214.420,-223.611,-0.715848,-0.683871,-0.141000,0.694710,-0.717865,-0.045248,-0.070275,-0.130345,0.988975,0,0.95100,-0.59082,57.060,-1.182,250.000,275.000,-1,400.000,-1,250.000,300.000,350.000,275.000,-1,575.000,350.000,-1,375.000,625.000,250.000,-1,1,1,2,1,2,1,1,1,0,2,0,0,2,1,1,1,2
28,3814.222,4767.356,211.842,-224.552,-0.706536,-0.696653,-0.124427,0.705285,-0.707623,-0.042928,-0.058142,-0.118087,0.991300,0,0.95233,-0.47082,57.140,-0.942,250.000,275.000,-1,400.000,-1,250.000,300.000,375.000,275.000,-1,425.000,200.000,-1,375.000,650.000,225.000,-1,1,1,2,1,2,1,1,1,0,2,0,0,2,1,1,1,2
29,3773.998,4807.976,209.630,-225.256,-0.699804,-0.706391,-0.106239,0.712873,-0.700114,-0.040640,-0.045672,-0.104175,0.993510,0,0.95277,-0.35162,57.166,-0.703,225.000,275.000,-1,400.000,-1,250.000,300.000,375.000,250.000,-1,350.000,150.000,700.000,375.000,700.000,200.000,-1,1,1,2,1,2,1,1,1,0,2,0,0,0,1,1,1,2
30,3734.278,4849.044,207.796,-225.933,-0.693078,-0.715678,-0.086298,0.720145,-0.692749,-0.038604,-0.032155,-0.088902,0.995521,0,0.95224,-0.33851,57.134,-0.677,200.000,275.000,-1,400.000,-1,250.000,300.000,400.000,250.000,-1,300.000,100.000,525.000,400.000,825.000,200.000,-1,1,1,2,1,2,1,1,1,0,2,0,0,0,1,1,1,2
31,3695.106,4890.465,205.544,-226.581,-0.686080,-0.724273,-0.068730,0.727246,-0.685370,-0.037159,-0.020192,-0.075478,0.996943,0,0.95017,-0.32406,57.010,-0.648,200.000,275.000,-1,375.000,-1,250.000,300.000,400.000,250.000,-1,275.000,75.000,425.000,425.000,-1,225.000,-1,1,1,2,1,2,1,1,1,0,2,0,0,0,1,2,1,2
32,3656.535,4932.130,202.488,-227.197,-0.678899,-0.732120,-0.055650,0.734147,-0.678017,-0.036334,-0.011131,-0.065523,0.997789,0,0.94629,-0.30818,56.778,-0.616,175.000,275.000,-1,375.000,-1,250.000,300.000,375.000,250.000,-1,250.000,50.000,375.000,425.000,-1,200.000,-1,1,1,2,1,2,1,1,1,0,2,0,0,0,1,2,1,2
33,3618.623,4973.916,201.506,-227.779,-0.672170,-0.739065,-0.044398,0.740387,-0.670642,-0.045448,0.003814,-0.063420,0.997980,0,0.94036,-0.29079,56.421,-0.582,175.000,275.000,-1,400.000,-1,250.000,300.000,350.000,250.000,-1,200.000,50.000,350.000,450.000,-1,225.000,-1,1,1,2,1,2,1,1,1,0,2,0,0,0,1,2,1,2
34,3607.635,5575.425,231.369,-9.093,0.984175,0.158021,-0.080186,-0.158418,0.987371,0.001433,0.079399,0.011293,0.996779,1,0.00000,0.00000,55.926,-0.544,350.000,275.000,-1,325.000,-1,250.000,275.000,325.000,475.000,-1,100.000,0.000,725.000,425.000,550.000,350.000,850.000,0,0,2,0,2,0,0,0,1,2,1,1,1,0,0,0,0
35,3607.677,2951.718,119.834,-51.286,0.616254,0.778128,-0.121439,-0.780937,0.623710,0.033522,0.101827,0.074178,0.992033,1,0.00000,0.00000,4.800,-0.240,-1,375.000,-1,375.000,-1,300.000,300.000,275.000,275.000,-1,425.000,400.000,850.000,700.000,675.000,-1,-1,2,0,2,0,2,0,0,0,0,2,0,0,0,0,0,2,2
36,3610.694,2947.985,120.354,-51.046,0.619460,0.775530,-0.121748,-0.778301,0.626981,0.033801,0.102547,0.073818,0.991985,0,0.08000,0.12000,4.800,0.240,-1,375.000,-1,375.000,-1,300.000,300.000,275.000,275.000,-1,425.000,375.000,850.000,700.000,700.000,-1,-1,2,0,2,0,2,0,0,0,0,2,0,0,0,0,0,2,2
37,3616.792,2940.570,121.398,-50.566,0.625840,0.770290,-0.122379,-0.772990,0.633489,0.034339,0.103977,0.073107,0.991889,0,0.16000,0.24000,9.600,0.480,-1,375.000,-1,375.000,-1,300.000,300.000,275.000,275.000,-1,400.000,375.000,850.000,700.000,700.000,-1,-1,2,0,2,0,2,0,0,0,0,2,0,0,0,0,0,2,2
38,3626.077,2929.564,122.970,-49.846,0.635326,0.762327,-0.123359,-0.764921,0.643167,0.035099,0.106097,0.072060,0.991741,0,0.24000,0.36000,14.400,0.720,-1,375.000,-1,375.000,-1,300.000,300.000,275.000,275.000,-1,375.000,350.000,850.000,700.000,700.000,-1,-1,2,0,2,0,2,0,0,0,0,2,0,0,0,0,0,2,2
39,3638.678,2915.078,125.082,-48.979,0.646589,0.752574,-0.124722,-0.755050,0.654679,0.035982,0.108732,0.070906,0.991539,0,0.32000,0.43336,19.200,0.867,-1,375.000,-1,375.000,-1,300.000,300.000,275.000,275.000,-1,375.000,325.000,825.000,725.000,700.000,-1,-1,2,0,2,0,2,0,0,0,0,2,0,0,0,0,0,2,2
40,3654.700,2897.209,127.746,-48.118,0.657570,0.742699,-0.126491,-0.745079,0.665956,0.036863,0.111616,0.070006,0.991283,0,0.40000,0.43049,24.000,0.861,-1,375.000,-1,375.000,-1,325.000,325.000,275.000,275.000,-1,350.000,325.000,825.000,725.000,725.000,-1,-1,2,0,2,0,2,0,0,0,0,2,0,0,0,0,0,2,2
41,3674.244,2876.055,131.064,-47.265,0.668320,0.732743,-0.128200,-0.735018,0.676997,0.037738,0.114444,0.069008,0.991030,0,0.48000,0.42691,28.800,0.854,-1,375.000,-1,375.000,-1,325.000,325.000,275.000,275.000,-1,350.000,325.000,825.000,750.000,725.000,-1,-1,2,0,2,0,2,0,0,0,0,2,0,0,0,0,0,2,2
42,3697.406,2851.714,135.276,-46.419,0.678991,0.722774,-0.128722,-0.724844,0.687826,0.038693,0.116505,0.067032,0.990926,0,0.56000,0.42264,33.600,0.845,-1,375.000,-1,375.000,-1,325.000,325.000,275.000,275.000,-1,350.000,325.000,850.000,750.000,750.000,-1,-1,2,0,2,0,2,0,0,0,0,2,0,0,0,0,0,2,2
43,3724.279,2824.285,140.069,-45.584,0.689363,0.712755,-0.129456,-0.714636,0.698375,0.039605,0.118638,0.065212,0.990794,0,0.64000,0.41768,38.400,0.835,-1,400.000,-1,400.000,-1,325.000,325.000,275.000,275.000,-1,375.000,350.000,850.000,750.000,775.000,-1,-1,2,0,2,0,2,0,0,0,0,2,0,0,0,0,0,2,2
44,3754.149,2794.674,145.290,-44.749,0.699559,0.702581,-0.130373,-0.704289,0.708761,0.040432,0.120810,0.063536,0.990640,0,0.70098,0.41738,42.059,0.835,-1,400.000,-1,400.000,-1,325.000,325.000,275.000,275.000,-1,400.000,375.000,850.000,775.000,775.000,-1,-1,2,0,2,0,2,0,0,0,0,2,0,0,0,0,0,2,2
45,3784.446,2765.502,150.479,-43.914,0.709600,0.692249,-0.131370,-0.693801,0.718993,0.041114,0.122915,0.061971,0.990480,0,0.70098,0.41738,42.059,0.835,-1,400.000,-1,400.000,-1,325.000,325.000,275.000,275.000,-1,425.000,400.000,875.000,775.000,800.000,-1,-1,2,0,2,0,2,0,0,0,0,2,0,0,0,0,0,2,2
46,3815.165,2736.775,155.635,-43.080,0.719485,0.681762,-0.132443,-0.683174,0.729067,0.041650,0.124955,0.060515,0.990315,0,0.70098,0.41738,42.059,0.835,-1,400.000,-1,400.000,-1,325.000,325.000,275.000,275.000,-1,450.000,425.000,875.000,800.000,825.000,-1,-1,2,0,2,0,2,0,0,0,0,2,0,0,0,0,0,2,2
47,3846.300,2708.498,160.760,-42.245,0.729210,0.671122,-0.133596,-0.672413,0.738981,0.042038,0.126937,0.059177,0.990144,0,0.70098,0.41738,42.059,0.835,-1,400.000,-1,400.000,-1,325.000,325.000,275.000,300.000,-1,450.000,450.000,875.000,825.000,850.000,-1,-1,2,0,2,0,2,0,0,0,0,2,0,0,0,0,0,2,2
48,3877.215,2681.194,165.788,-41.451,0.738295,0.660864,-0.134834,-0.662046,0.748264,0.042389,0.128905,0.057971,0.989961,0,0.68744,0.39702,41.246,0.794,-1,400.000,-1,400.000,-1,325.000,325.000,275.000,300.000,-1,475.000,450.000,875.000,825.000,875.000,-1,-1,2,0,2,0,2,0,0,0,0,2,0,0,0,0,0,2,2
49,3908.505,2654.320,170.798,-40.657,0.747230,0.650475,-0.136126,-0.651553,0.757401,0.042685,0.130867,0.056798,0.989772,0,0.68744,0.39702,41.246,0.794,-1,400.000,-1,400.000,-1,325.000,325.000,275.000,300.000,-1,500.000,475.000,875.000,850.000,900.000,-1,-1,2,0,2,0,2,0,0,0,0,2,0,0,0,0,0,2,2
50,3940.164,2627.883,175.763,-39.863,0.756016,0.639954,-0.137474,-0.640952,0.766388,0.042790,0.132741,0.055764,0.989581,0,0.68744,0.39702,41.246,0.794,-1,400.000,-1,425.000,-1,325.000,325.000,275.000,300.000,-1,500.000,475.000,900.000,900.000,950.000,-1,-1,2,0,2,0,2,0,0,0,0,2,0,0,0,0,0,2,2
51,3972.187,2601.887,180.682,-39.069,0.764652,0.629303,-0.138872,-0.630245,0.775221,0.042705,0.134531,0.054869,0.989389,0,0.68744,0.39702,41.246,0.794,-1,400.000,-1,425.000,-1,325.000,325.000,275.000,275.000,-1,525.000,500.000,900.000,925.000,-1,-1,-1,2,0,2,0,2,0,0,0,0,2,0,0,0,0,2,2,2
52,4004.568,2576.338,185.555,-38.275,0.773136,0.618525,-0.140314,-0.619436,0.783900,0.042431,0.136237,0.054111,0.989197,0,0.68744,0.39702,41.246,0.794,-1,425.000,-1,425.000,-1,350.000,350.000,275.000,275.000,-1,525.000,500.000,900.000,950.000,-1,-1,-1,2,0,2,0,2,0,0,0,0,2,0,0,0,0,2,2,2
53,4037.297,2551.238,190.855,-37.481,0.781800,0.607678,-0.139698,-0.608395,0.792495,0.042510,0.136542,0.051757,0.989281,0,0.68744,0.39702,41.246,0.794,-1,425.000,-1,425.000,-1,350.000,350.000,275.000,275.000,-1,575.000,550.000,925.000,975.000,-1,-1,-1,2,0,2,0,2,0,0,0,0,2,0,0,0,0,2,2,2
54,4070.372,2526.595,196.433,-36.687,0.790407,0.596690,-0.138629,-0.597345,0.800911,0.041477,0.135778,0.050026,0.989475,0,0.68744,0.39702,41.246,0.794,-1,425.000,-1,425.000,-1,350.000,350.000,275.000,275.000,-1,625.000,600.000,950.000,975.000,-1,-1,-1,2,0,2,0,2,0,0,0,0,2,0,0,0,0,2,2,2
55,4103.785,2502.414,202.060,-35.893,0.798865,0.585569,-0.137567,-0.586249,0.809151,0.039833,0.134637,0.048827,0.989691,0,0.68744,0.39702,41.246,0.794,-1,425.000,-1,425.000,-1,350.000,350.000,275.000,275.000,-1,700.000,675.000,975.000,1000.000,-1,-1,-1,2,0,2,0,2,0,0,0,0,2,0,0,0,0,2,2,2
56,4137.530,2478.698,207.628,-35.099,0.807161,0.574330,-0.136517,-0.575047,0.817232,0.038129,0.133465,0.047728,0.989904,0,0.68744,0.39702,41.246,0.794,-1,425.000,-1,425.000,-1,350.000,350.000,275.000,275.000,-1,775.000,750.000,-1,1000.000,-1,-1,-1,2,0,2,0,2,0,0,0,0,2,0,0,2,0,2,2,2
57,4171.600,2455.451,213.135,-34.305,0.815294,0.562976,-0.135479,-0.563741,0.825151,0.036359,0.132260,0.046732,0.990113,0,0.68744,0.39702,41.246,0.794,-1,425.000,-1,425.000,-1,350.000,350.000,275.000,275.000,-1,850.000,825.000,-1,1000.000,-1,-1,-1,2,0,2,0,2,0,0,0,0,2,0,0,2,0,2,2,2
58,4205.990,2432.680,218.584,-33.511,0.823262,0.551510,-0.134451,-0.552333,0.832908,0.034524,0.131026,0.045839,0.990319,0,0.68744,0.39702,41.246,0.794,-1,400.000,-1,425.000,-1,350.000,350.000,275.000,275.000,-1,950.000,900.000,-1,1000.000,-1,-1,-1,2,0,2,0,2,0,0,0,0,2,0,0,2,0,2,2,2
59,4240.691,2410.387,223.974,-32.716,0.831064,0.539934,-0.133430,-0.540826,0.840501,0.032627,0.129765,0.045047,0.990521,0,0.68744,0.39702,41.246,0.794,-1,400.000,-1,425.000,-1,350.000,350.000,275.000,275.000,-1,-1,1000.000,-1,-1,-1,-1,-1,2,0,2,0,2,0,0,0,0,2,2,0,2,2,2,2,2
60,4275.699,2388.577,229.305,-31.922,0.838700,0.528251,-0.132416,-0.529221,0.847929,0.030670,0.128481,0.044355,0.990720,0,0.68744,0.39702,41.246,0.794,-1,425.000,-1,425.000,-1,350.000,350.000,275.000,275.000,-1,-1,-1,-1,-1,-1,-1,-1,2,0,2,0,2,0,0,0,0,2,2,2,2,2,2,2,2
61,4311.005,2367.255,234.579,-31.128,0.846167,0.516463,-0.131408,-0.517521,0.855191,0.028655,0.127178,0.043759,0.990914,0,0.68744,0.39702,41.246,0.794,-1,425.000,-1,450.000,-1,350.000,350.000,275.000,275.000,-1,-1,-1,-1,-1,-1,-1,-1,2,0,2,0,2,0,0,0,0,2,2,2,2,2,2,2,2
62,4346.603,2346.424,239.797,-30.334,0.853464,0.504573,-0.130403,-0.505726,0.862285,0.026585,0.125858,0.043259,0.991105,0,0.68744,0.39702,41.246,0.794,-1,425.000,-1,450.000,-1,350.000,350.000,275.000,275.000,-1,-1,-1,-1,-1,-1,-1,-1,2,0,2,0,2,0,0,0,0,2,2,2,2,2,2,2,2
63,4382.487,2326.088,245.007,-29.540,0.860620,0.492587,-0.129194,-0.493823,0.869216,0.024546,0.124388,0.042674,0.991316,0,0.68744,0.39702,41.246,0.794,-1,425.000,-1,450.000,-1,350.000,350.000,275.000,275.000,-1,-1,-1,-1,-1,-1,-1,-1,2,0,2,0,2,0,0,0,0,2,2,2,2,2,2,2,2
64,4418.649,2306.251,250.156,-28.746,0.867598,0.480504,-0.128024,-0.481833,0.875976,0.022438,0.122928,0.042219,0.991517,0,0.68744,0.39702,41.246,0.794,-1,425.000,-1,450.000,-1,350.000,350.000,275.000,275.000,-1,-1,-1,-1,-1,-1,-1,-1,2,0,2,0,2,0,0,0,0,2,2,2,2,2,2,2,2
65,4455.083,2286.918,255.252,-27.952,0.874398,0.468324,-0.126892,-0.469763,0.882561,0.020216,0.121457,0.041932,0.991711,0,0.68744,0.39702,41.246,0.794,-1,425.000,-1,450.000,-1,350.000,350.000,275.000,275.000,-1,-1,-1,-1,-1,-1,-1,-1,2,0,2,0,2,0,0,0,0,2,2,2,2,2,2,2,2
66,4491.781,2268.091,260.285,-27.158,0.881017,0.456052,-0.125802,-0.457609,0.888973,0.017936,0.120014,0.041767,0.991893,0,0.68744,0.39702,41.246,0.794,-1,425.000,-1,450.000,-1,350.000,350.000,275.000,275.000,-1,-1,-1,-1,-1,-1,-1,-1,2,0,2,0,2,0,0,0,0,2,2,2,2,2,2,2,2
67,4528.736,2249.775,265.083,-26.364,0.887562,0.443702,-0.123946,-0.445307,0.895235,0.015982,0.118052,0.041009,0.992160,0,0.68744,0.39702,41.246,0.794,-1,425.000,-1,450.000,-1,350.000,350.000,275.000,275.000,-1,-1,-1,-1,-1,-1,-1,-1,2,0,2,0,2,0,0,0,0,2,2,2,2,2,2,2,2
68,4565.941,2231.972,269.691,-25.570,0.893998,0.431274,-0.121531,-0.432873,0.901341,0.014295,0.115706,0.039828,0.992485,0,0.68744,0.39702,41.246,0.794,-1,425.000,-1,450.000,-1,350.000,350.000,275.000,275.000,-1,-1,-1,-1,-1,-1,-1,-1,2,0,2,0,2,0,0,0,0,2,2,2,2,2,2,2,2
69,4603.389,2214.686,274.241,-24.776,0.900244,0.418760,-0.119169,-0.420361,0.907270,0.012593,0.113392,0.038757,0.992794,0,0.68744,0.39702,41.246,0.794,-1,425.000,-1,450.000,-1,350.000,350.000,275.000,275.000,-1,-1,-1,-1,-1,-1,-1,-1,2,0,2,0,2,0,0,0,0,2,2,2,2,2,2,2,2
70,4641.074,2197.921,278.734,-23.982,0.906298,0.406162,-0.116861,-0.407771,0.913019,0.010879,0.111115,0.037793,0.993089,0,0.68744,0.39702,41.246,0.794,-1,425.000,-1,475.000,-1,350.000,350.000,275.000,300.000,-1,-1,-1,-1,-1,-1,-1,-1,2,0,2,0,2,0,0,0,0,2,2,2,2,2,2,2,2
71,4678.987,2181.681,283.173,-23.188,0.912160,0.393483,-0.114607,-0.395106,0.918590,0.009151,0.108878,0.036935,0.993369,0,0.68744,0.39702,41.246,0.794,-1,425.000,-1,475.000,-1,350.000,350.000,275.000,300.000,-1,-1,-1,-1,1000.000,-1,-1,-1,2,0,2,0,2,0,0,0,0,2,2,2,2,0,2,2,2
72,4717.122,2165.967,287.508,-22.394,0.917843,0.380724,-0.112307,-0.382378,0.923977,0.007277,0.106540,0.036265,0.993647,0,0.68744,0.39702,41.246,0.794,-1,425.000,-1,475.000,-1,350.000,350.000,275.000,300.000,-1,-1,-1,-1,1000.000,-1,-1,-1,2,0,2,0,2,0,0,0,0,2,2,2,2,0,2,2,2
73,4755.470,2150.783,291.481,-21.600,0.923396,0.367877,-0.109576,-0.369681,0.929150,0.004123,0.103329,0.036700,0.993970,0,0.68744,0.39702,41.246,0.794,-1,425.000,-1,475.000,-1,350.000,350.000,275.000,300.000,-1,-1,-1,-1,975.000,-1,-1,-1,2,0,2,0,2,0,0,0,0,2,2,2,2,0,2,2,2
74,4794.026,2136.133,295.407,-20.806,0.928754,0.354959,-0.106861,-0.356904,0.934141,0.000986,0.100173,0.037223,0.994274,0,0.68744,0.39702,41.246,0.794,-1,425.000,-1,450.000,-1,350.000,350.000,275.000,300.000,-1,-1,-1,-1,950.000,-1,-1,-1,2,0,2,0,2,0,0,0,0,2,2,2,2,0,2,2,2
75,4832.781,2122.019,299.289,-20.012,0.933919,0.341972,-0.104163,-0.344051,0.938948,-0.002133,0.097075,0.037830,0.994558,0,0.68744,0.39702,41.246,0.794,-1,425.000,-1,450.000,-1,350.000,350.000,275.000,300.000,-1,-1,-1,-1,925.000,-1,-1,-1,2,0,2,0,2,0,0,0,0,2,2,2,2,0,2,2,2
76,4871.728,2108.443,303.127,-19.218,0.938890,0.328918,-0.101483,-0.331125,0.943573,-0.005234,0.094036,0.038517,0.994823,0,0.68744,0.39702,41.246,0.794,-1,425.000,-1,450.000,-1,350.000,350.000,275.000,300.000,-1,-1,-1,-1,925.000,-1,-1,-1,2,0,2,0,2,0,0,0,0,2,2,2,2,0,2,2,2
77,4910.859,2095.408,306.926,-18.424,0.943665,0.315801,-0.098821,-0.318127,0.948012,-0.008314,0.091058,0.039283,0.995070,0,0.68744,0.39702,41.246,0.794,-1,425.000,-1,450.000,-1,350.000,350.000,300.000,300.000,-1,-1,-1,-1,900.000,-1,-1,-1,2,0,2,0,2,0,0,0,0,2,2,2,2,0,2,2,2
78,4954.683,2081.279,311.108,-17.870,0.946999,0.306602,-0.095855,-0.309074,0.950966,-0.011734,0.087557,0.040738,0.995326,0,0.76744,0.27702,46.046,0.554,-1,425.000,-1,450.000,-1,350.000,350.000,300.000,300.000,-1,-1,-1,-1,900.000,-1,-1,-1,2,0,2,0,2,0,0,0,0,2,2,2,2,0,2,2,2
79,5003.173,2065.983,315.651,-17.509,0.949251,0.300580,-0.092591,-0.303216,0.952796,-0.015514,0.083558,0.042802,0.995583,0,0.84744,0.18044,50.846,0.361,-1,425.000,-1,450.000,-1,350.000,350.000,300.000,300.000,-1,-1,-1,-1,875.000,-1,-1,-1,2,0,2,0,2,0,0,0,0,2,2,2,2,0,2,2,2
80,5055.903,2049.714,320.497,-17.148,0.951479,0.294542,-0.089069,-0.297337,0.954571,-0.019623,0.079242,0.045154,0.995832,0,0.91972,0.18044,55.183,0.361,-1,425.000,-1,450.000,-1,350.000,350.000,300.000,300.000,-1,-1,-1,-1,875.000,-1,-1,-1,2,0,2,0,2,0,0,0,0,2,2,2,2,0,2,2,2
81,5108.734,2033.778,325.258,-16.787,0.953651,0.288492,-0.085565,-0.291423,0.956300,-0.023737,0.074978,0.047573,0.996050,0,0.91972,0.18044,55.183,0.361,-1,400.000,-1,450.000,-1,350.000,350.000,300.000,300.000,-1,-1,-1,-1,850.000,-1,-1,-1,2,0,2,0,2,0,0,0,0,2,2,2,2,0,2,2,2
82,5161.664,2018.175,329.836,-16.426,0.955752,0.282434,-0.082278,-0.285456,0.958001,-0.027375,0.071090,0.049651,0.996233,0,0.91972,0.18044,55.183,0.361,-1,400.000,-1,450.000,-1,350.000,350.000,300.000,300.000,-1,-1,-1,-1,850.000,-1,-1,-1,2,0,2,0,2,0,0,0,0,2,2,2,2,0,2,2,2
83,5214.691,2002.904,333.881,-16.065,0.957776,0.276390,-0.079205,-0.279362,0.959746,-0.029060,0.067985,0.049960,0.996435,0,0.91972,0.18044,55.183,0.361,-1,400.000,-1,450.000,-1,325.000,350.000,300.000,325.000,-1,-1,-1,-1,850.000,-1,-1,-1,2,0,2,0,2,0,0,0,0,2,2,2,2,0,2,2,2
84,5267.814,1987.966,337.742,-15.705,0.959782,0.270341,-0.075724,-0.273217,0.961471,-0.030428,0.064581,0.049894,0.996664,0,0.91972,0.18044,55.183,0.361,-1,400.000,-1,450.000,-1,325.000,350.000,300.000,325.000,-1,-1,-1,-1,825.000,-1,-1,-1,2,0,2,0,2,0,0,0,0,2,2,2,2,0,2,2,2
85,5321.030,1973.365,341.316,-15.344,0.961672,0.264269,-0.073132,-0.267130,0.963115,-0.032414,0.061868,0.050708,0.996795,0,0.91972,0.18044,55.183,0.361,-1,400.000,-1,450.000,-1,325.000,350.000,300.000,325.000,-1,-1,-1,-1,825.000,-1,-1,-1,2,0,2,0,2,0,0,0,0,2,2,2,2,0,2,2,2
86,5374.337,1959.100,344.470,-14.983,0.963484,0.258168,-0.071047,-0.261110,0.964651,-0.035654,0.059331,0.052903,0.996836,0,0.91972,0.18044,55.183,0.361,-1,400.000,-1,450.000,-1,325.000,350.000,300.000,325.000,-1,-1,-1,-1,800.000,-1,-1,-1,2,0,2,0,2,0,0,0,0,2,2,2,2,0,2,2,2
87,5427.733,1945.171,347.347,-14.622,0.965274,0.252048,-0.068682,-0.255083,0.966108,-0.039595,0.056375,0.055740,0.996853,0,0.91972,0.18044,55.183,0.361,-1,400.000,-1,450.000,-1,325.000,350.000,300.000,325.000,-1,-1,-1,-1,800.000,-1,-1,-1,2,0,2,0,2,0,0,0,0,2,2,2,2,0,2,2,2
88,5481.352,1931.542,350.160,-14.264,0.966999,0.245975,-0.066403,-0.249084,0.967509,-0.043387,0.053574,0.058495,0.996849,0,0.92209,0.17878,55.325,0.358,-1,400.000,-1,450.000,-1,325.000,325.000,300.000,325.000,-1,-1,-1,-1,800.000,-1,-1,-1,2,0,2,0,2,0,0,0,0,2,2,2,2,0,2,2,2
89,5535.341,1918.169,352.940,-13.914,0.968646,0.240018,-0.064156,-0.243187,0.968833,-0.047150,0.050839,0.061273,0.996825,0,0.92701,0.17507,55.621,0.350,-1,400.000,-1,450.000,-1,325.000,325.000,300.000,325.000,-1,-1,-1,-1,775.000,-1,-1,-1,2,0,2,0,2,0,0,0,0,2,2,2,2,0,2,2,2
90,5589.685,1905.052,355.686,-13.572,0.970217,0.234184,-0.061940,-0.237400,0.970078,-0.050885,0.048171,0.064074,0.996782,0,0.93175,0.17114,55.905,0.342,-1,400.000,-1,450.000,-1,325.000,325.000,300.000,325.000,-1,-1,-1,-1,775.000,-1,-1,-1,2,0,2,0,2,0,0,0,0,2,2,2,2,0,2,2,2
91,5644.368,1892.190,358.400,-13.238,0.971712,0.228484,-0.059758,-0.231732,0.971247,-0.054592,0.045566,0.066896,0.996719,0,0.93627,0.16697,56.176,0.334,-1,400.000,-1,425.000,-1,325.000,325.000,300.000,350.000,-1,-1,-1,-1,775.000,-1,-1,-1,2,0,2,0,2,0,0,0,0,2,2,2,2,0,2,2,2
92,5699.374,1879.581,361.081,-12.913,0.973132,0.222925,-0.057610,-0.226193,0.972338,-0.058273,0.043026,0.069738,0.996637,0,0.94055,0.16257,56.433,0.325,-1,400.000,-1,425.000,-1,325.000,325.000,300.000,350.000,-1,-1,-1,-1,775.000,1000.000,-1,-1,2,0,2,0,2,0,0,0,0,2,2,2,2,0,0,2,2
93,5756.915,1866.482,363.797,-12.828,0.973603,0.221428,-0.055376,-0.224702,0.972440,-0.062209,0.040075,0.073010,0.996526,0,0.98356,0.04257,59.014,0.085,-1,375.000,-1,425.000,-1,325.000,325.000,300.000,350.000,-1,-1,-1,-1,750.000,975.000,-1,-1,2,0,2,0,2,0,0,0,0,2,2,2,2,0,0,2,2
94,5814.656,1853.173,366.415,-12.983,0.973140,0.223995,-0.053145,-0.227255,0.971578,-0.066273,0.036789,0.076570,0.996385,0,0.98758,-0.07743,59.255,-0.155,-1,375.000,-1,425.000,-1,325.000,325.000,300.000,350.000,-1,-1,-1,-1,750.000,950.000,-1,-1,2,0,2,0,2,0,0,0,0,2,2,2,2,0,0,2,2
95,5872.531,1839.412,368.656,-13.377,0.971692,0.230635,-0.051201,-0.233840,0.969797,-0.069366,0.033656,0.079375,0.996277,0,0.99148,-0.19743,59.489,-0.395,-1,375.000,-1,425.000,-1,325.000,325.000,300.000,350.000,-1,-1,-1,-1,750.000,925.000,-1,-1,2,0,2,0,2,0,0,0,0,2,2,2,2,0,0,2,2
96,5930.488,1825.014,370.625,-13.952,0.969459,0.240308,-0.049011,-0.243403,0.967242,-0.072092,0.030081,0.081820,0.996193,0,0.99530,-0.28751,59.718,-0.575,-1,375.000,-1,425.000,-1,325.000,325.000,300.000,350.000,-1,-1,-1,-1,750.000,925.000,-1,-1,2,0,2,0,2,0,0,0,0,2,2,2,2,0,0,2,2
97,5988.512,1809.970,372.381,-14.538,0.967061,0.250112,-0.047304,-0.253129,0.964505,-0.075201,0.026817,0.084698,0.996046,0,0.99905,-0.29253,59.943,-0.585,-1,375.000,-1,425.000,-1,300.000,325.000,300.000,350.000,-1,-1,-1,-1,725.000,900.000,-1,-1,2,0,2,0,2,0,0,0,0,2,2,2,2,0,0,2,2
98,6046.432,1794.309,374.055,-15.133,0.964500,0.260059,-0.045918,-0.263005,0.961621,-0.078185,0.023823,0.087487,0.995881,0,1.00000,-0.29771,60.000,-0.595,-1,375.000,-1,425.000,1000.000,300.000,325.000,300.000,350.000,-1,-1,-1,-1,725.000,875.000,-1,-1,2,0,2,0,1,0,0,0,0,2,2,2,2,0,0,2,2
99,6104.184,1778.037,375.451,-15.739,0.961757,0.270134,-0.045287,-0.273070,0.958524,-0.081635,0.021357,0.090880,0.995633,0,1.00000,-0.30305,60.000,-0.606,-1,375.000,-1,425.000,950.000,300.000,325.000,300.000,350.000,-1,-1,-1,-1,725.000,875.000,-1,-1,2,0,2,0,1,0,0,0,0,2,2,2,2,0,0,2,2
100,6161.757,1761.144,376.711,-16.356,0.958849,0.280351,-0.044866,-0.283282,0.955251,-0.085129,0.018993,0.094335,0.995359,0,1.00000,-0.30854,60.000,-0.617,-1,375.000,-1,425.000,900.000,300.000,325.000,300.000,350.000,-1,-1,-1,-1,725.000,850.000,-1,-1,2,0,2,0,1,0,0,0,0,2,2,2,2,0,0,2,2
101,6219.142,1743.621,377.858,-16.984,0.955772,0.290713,-0.044568,-0.293637,0.951803,-0.088592,0.016665,0.097761,0.995070,0,1.00000,-0.31419,60.000,-0.628,-1,375.000,-1,425.000,850.000,300.000,325.000,300.000,350.000,-1,-1,-1,-1,725.000,850.000,-1,-1,2,0,2,0,1,0,0,0,0,2,2,2,2,0,0,2,2
102,6276.328,1725.457,378.886,-17.625,0.952519,0.301225,-0.044396,-0.304139,0.948173,-0.092019,0.014376,0.101153,0.994767,0,1.00000,-0.32001,60.000,-0.640,-1,375.000,-1,400.000,800.000,300.000,325.000,300.000,350.000,-1,-1,-1,-1,725.000,825.000,-1,-1,2,0,2,0,1,0,0,0,0,2,2,2,2,0,0,2,2
103,6333.303,1706.645,379.793,-18.277,0.949083,0.311887,-0.044355,-0.314791,0.944354,-0.095402,0.012132,0.104507,0.994450,0,1.00000,-0.32602,60.000,-0.652,-1,375.000,-1,400.000,750.000,300.000,325.000,300.000,350.000,-1,-1,-1,-1,725.000,800.000,-1,1000.000,2,0,2,0,1,0,0,0,0,2,2,2,2,0,0,2,1
104,6390.056,1687.172,380.573,-18.941,0.945456,0.322702,-0.044449,-0.325597,0.940340,-0.098731,0.009936,0.107818,0.994121,0,1.00000,-0.33222,60.000,-0.664,-1,375.000,-1,400.000,700.000,300.000,325.000,300.000,350.000,-1,-1,-1,-1,725.000,800.000,-1,925.000,2,0,2,0,1,0,0,0,0,2,2,2,2,0,0,2,1
105,6446.575,1667.031,381.214,-19.618,0.941628,0.333675,-0.044698,-0.336565,0.936125,-0.101950,0.007825,0.111043,0.993785,0,1.00000,-0.33862,60.000,-0.677,-1,375.000,-1,400.000,675.000,325.000,325.000,325.000,325.000,-1,-1,-1,-1,750.000,775.000,-1,875.000,2,0,2,0,1,0,0,0,0,2,2,2,2,0,0,2,1
106,6502.847,1646.209,381.577,-20.309,0.937576,0.344829,-0.045216,-0.347727,0.931760,-0.104446,0.006114,0.113649,0.993502,0,1.00000,-0.34523,60.000,-0.690,-1,375.000,-1,400.000,625.000,325.000,325.000,325.000,325.000,-1,-1,-1,-1,750.000,775.000,-1,800.000,2,0,2,0,1,0,0,0,0,2,2,2,2,0,1,2,1
107,6558.859,1624.697,381.768,-21.013,0.933312,0.356153,-0.045635,-0.359040,0.927192,-0.106800,0.004275,0.116063,0.993233,0,1.00000,-0.35206,60.000,-0.704,-1,375.000,-1,400.000,575.000,325.000,325.000,325.000,325.000,-1,-1,-1,-1,750.000,725.000,-1,750.000,2,0,2,0,1,0,0,0,0,2,2,2,2,0,1,2,1
108,6614.597,1602.484,381.843,-21.731,0.928819,0.367640,-0.046228,-0.370527,0.922384,-0.109168,0.002506,0.118526,0.992948,0,1.00000,-0.35911,60.000,-0.718,-1,375.000,-1,400.000,550.000,325.000,325.000,325.000,325.000,-1,-1,-1,-1,750.000,700.000,-1,700.000,2,0,2,0,1,0,0,0,0,2,2,2,2,0,1,2,1
109,6670.047,1579.560,381.879,-22.464,0.924094,0.379303,-0.046682,-0.382165,0.917359,-0.111369,0.000582,0.120756,0.992682,0,1.00000,-0.36638,60.000,-0.733,-1,375.000,-1,400.000,500.000,325.000,325.000,325.000,325.000,-1,-1,-1,-1,750.000,675.000,-1,625.000,2,0,2,0,1,0,0,0,0,2,2,2,2,0,1,2,1
110,6725.192,1555.914,381.944,-23.212,0.919104,0.391160,-0.047351,-0.394014,0.912136,-0.112963,-0.000997,0.122482,0.992470,0,1.00000,-0.37388,60.000,-0.748,-1,375.000,-1,400.000,450.000,325.000,325.000,325.000,325.000,-1,-1,-1,-1,750.000,625.000,-1,575.000,2,0,2,0,1,0,0,0,0,2,2,2,2,0,1,2,1
111,6775.731,1533.711,381.984,-23.719,0.915620,0.399160,-0.048076,-0.402040,0.908479,-0.114150,-0.001888,0.123846,0.992300,0,0.92000,-0.25388,55.200,-0.508,-1,375.000,-1,400.000,425.000,325.000,325.000,325.000,325.000,-1,-1,-1,-1,775.000,600.000,-1,525.000,2,0,2,0,1,0,0,0,0,2,2,2,2,0,1,2,1
112,6821.779,1513.223,381.915,-23.987,0.913761,0.403361,-0.048388,-0.406245,0.906513,-0.114885,-0.002476,0.124635,0.992200,0,0.84000,-0.13388,50.400,-0.268,-1,375.000,-1,375.000,400.000,325.000,325.000,325.000,325.000,-1,-1,-1,-1,775.000,575.000,-1,500.000,2,0,2,0,1,0,0,0,0,2,2,2,2,0,1,2,1
113,6867.274,1492.953,381.805,-24.015,0.913571,0.403776,-0.048507,-0.406670,0.906262,-0.115359,-0.002619,0.125115,0.992139,0,0.83011,-0.01388,49.807,-0.028,-1,375.000,-1,375.000,375.000,325.000,325.000,325.000,325.000,-1,-1,-1,-1,775.000,550.000,-1,450.000,2,0,2,0,1,0,0,0,1,2,2,2,2,0,1,2,1
114,6912.665,1472.932,381.754,-23.803,0.915045,0.400393,-0.048762,-0.403345,0.907699,-0.115740,-0.002081,0.125576,0.992082,0,0.82684,0.10612,49.610,0.212,-1,400.000,-1,375.000,350.000,325.000,325.000,325.000,325.000,-1,-1,-1,-1,775.000,525.000,-1,425.000,2,0,2,0,1,0,0,0,1,2,2,2,2,0,1,2,1
115,6957.972,1453.373,381.785,-23.350,0.918142,0.393195,-0.049132,-0.396252,0.910782,-0.116021,-0.000870,0.125992,0.992031,0,0.82249,0.22612,49.349,0.452,-1,400.000,-1,375.000,325.000,325.000,325.000,325.000,300.000,-1,-1,-1,-1,775.000,525.000,-1,400.000,2,0,2,0,1,0,0,0,1,2,2,2,2,0,1,2,1
116,7003.209,1434.491,381.919,-22.658,0.922770,0.382146,-0.049596,-0.385349,0.915426,-0.116197,0.000997,0.126335,0.991987,0,0.81701,0.34612,49.021,0.692,-1,400.000,-1,375.000,300.000,325.000,300.000,325.000,300.000,-1,-1,-1,-1,775.000,525.000,-1,375.000,2,0,2,0,1,0,0,0,1,2,2,2,2,0,1,2,1
117,7048.377,1416.494,382.178,-21.726,0.928794,0.367190,-0.050134,-0.370580,0.921494,-0.116270,0.003505,0.126570,0.991952,0,0.81039,0.46612,48.623,0.932,-1,400.000,-1,375.000,275.000,325.000,300.000,325.000,275.000,-1,-1,-1,-1,775.000,525.000,-1,350.000,2,0,2,0,1,0,0,0,1,2,2,2,2,0,1,2,1
118,7093.421,1399.458,382.557,-20.718,0.935030,0.350923,-0.050721,-0.354514,0.927799,-0.116225,0.006273,0.126655,0.991927,0,0.80265,0.50388,48.159,1.008,-1,400.000,-1,375.000,275.000,325.000,300.000,325.000,250.000,-1,-1,-1,-1,775.000,525.000,-1,350.000,2,0,2,0,1,0,0,0,1,2,2,2,2,0,1,2,1
119,7143.200,1381.389,383.036,-19.950,0.939568,0.338469,-0.051478,-0.342248,0.932445,-0.115812,0.008802,0.126431,0.991936,0,0.88265,0.38388,52.959,0.768,-1,400.000,-1,375.000,250.000,325.000,325.000,325.000,250.000,-1,-1,-1,-1,800.000,525.000,-1,325.000,2,0,2,1,1,0,0,0,1,2,2,2,2,0,1,2,1
120,7193.619,1363.610,383.497,-19.423,0.942595,0.329897,-0.051799,-0.333773,0.935614,-0.114986,0.010530,0.125675,0.992016,0,0.89104,0.26388,53.462,0.528,-1,400.000,-1,375.000,225.000,325.000,325.000,325.000,225.000,-1,-1,-1,-1,800.000,550.000,-1,300.000,2,0,2,1,1,0,0,0,1,2,2,2,2,0,1,2,1
121,7243.644,1346.253,384.010,-19.135,0.944196,0.325228,-0.052160,-0.329173,0.937356,-0.114054,0.011799,0.124859,0.992104,0,0.88253,0.14388,52.952,0.288,-1,400.000,-1,350.000,200.000,325.000,325.000,325.000,225.000,-1,-1,700.000,-1,825.000,550.000,-1,300.000,2,0,2,1,1,0,0,0,1,2,2,0,2,0,1,2,1
122,7298.221,1327.492,384.717,-18.969,0.945104,0.322557,-0.052296,-0.326522,0.938442,-0.112736,0.012713,0.123623,0.992248,0,0.96186,0.08313,57.712,0.166,-1,400.000,-1,350.000,175.000,325.000,325.000,325.000,200.000,-1,-1,725.000,-1,825.000,575.000,-1,275.000,2,0,2,1,1,0,0,0,1,2,2,0,2,0,1,2,1
123,7352.631,1308.933,386.846,-18.826,0.945709,0.320457,-0.054235,-0.324560,0.939961,-0.105522,0.017164,0.117395,0.992937,0,0.95814,0.07153,57.488,0.143,-1,400.000,-1,350.000,200.000,325.000,325.000,325.000,200.000,-1,475.000,625.000,-1,850.000,675.000,-1,300.000,2,0,2,1,1,0,0,0,1,2,0,0,2,0,1,2,1
124,7406.810,1290.578,389.388,-18.707,0.946125,0.318782,-0.056800,-0.323009,0.941444,-0.096687,0.022652,0.109825,0.993693,0,0.95338,0.05949,57.203,0.119,-1,425.000,-1,375.000,200.000,325.000,325.000,325.000,200.000,-1,375.000,550.000,-1,900.000,800.000,-1,-1,2,0,2,1,1,0,0,0,1,2,0,0,2,0,0,2,2
125,7460.690,1272.424,391.548,-18.612,0.946441,0.317457,-0.058912,-0.321726,0.942630,-0.089116,0.027242,0.103296,0.994278,0,0.94760,0.04709,56.856,0.094,-1,425.000,-1,375.000,250.000,350.000,350.000,300.000,175.000,-1,325.000,500.000,-1,925.000,850.000,-1,-1,2,0,2,1,1,0,0,0,1,2,0,0,2,0,0,2,2
126,7514.206,1254.466,393.349,-18.544,0.946659,0.316500,-0.060537,-0.320753,0.943531,-0.082867,0.030892,0.097864,0.994720,0,0.94081,0.03441,56.449,0.069,-1,425.000,-1,400.000,-1,350.000,350.000,300.000,175.000,-1,300.000,475.000,-1,950.000,900.000,-1,-1,2,0,2,1,2,0,1,0,1,2,0,0,2,0,0,2,2
127,7567.296,1236.697,394.862,-18.500,0.946789,0.315914,-0.061560,-0.320118,0.944142,-0.078230,0.033407,0.093774,0.995033,0,0.93307,0.02156,55.984,0.043,-1,450.000,-1,425.000,-1,350.000,350.000,300.000,175.000,-1,275.000,475.000,-1,975.000,925.000,-1,-1,2,0,2,1,2,0,1,0,1,2,0,0,2,0,0,2,2
128,7619.908,1219.125,396.085,-18.465,0.946928,0.315413,-0.061984,-0.319553,0.944579,-0.075204,0.034829,0.091020,0.995240,0,0.92449,0.01767,55.469,0.035,-1,450.000,-1,450.000,-1,350.000,350.000,300.000,150.000,-1,275.000,475.000,-1,1000.000,950.000,-1,-1,2,0,2,0,2,0,0,0,1,2,0,0,2,0,0,2,2
129,7667.985,1203.125,396.950,-18.405,0.947252,0.314466,-0.061851,-0.318549,0.945024,-0.073867,0.035222,0.089673,0.995348,0,0.84449,0.02989,50.669,0.060,-1,450.000,-1,450.000,-1,350.000,350.000,300.000,150.000,-1,275.000,500.000,-1,-1,950.000,-1,-1,2,0,2,0,2,0,0,0,1,2,0,0,2,2,0,2,2
130,7712.043,1188.512,397.543,-18.349,0.947594,0.313543,-0.061294,-0.317576,0.945357,-0.073793,0.034808,0.089391,0.995388,0,0.77364,0.02820,46.418,0.056,-1,450.000,-1,450.000,-1,350.000,350.000,300.000,150.000,-1,300.000,525.000,-1,-1,950.000,-1,-1,2,0,2,0,2,0,0,0,1,2,0,0,2,2,0,2,2
131,7755.605,1174.111,397.942,-18.295,0.947956,0.312633,-0.060335,-0.316616,0.945601,-0.074791,0.033671,0.090002,0.995372,0,0.76468,0.02706,45.881,0.054,-1,450.000,-1,450.000,-1,350.000,350.000,300.000,150.000,-1,350.000,575.000,600.000,-1,950.000,-1,-1,2,0,2,0,2,0,0,0,1,2,0,0,1,2,0,2,2
132,7799.551,1159.424,398.126,-18.481,0.947021,0.315671,-0.059182,-0.319584,0.944501,-0.076055,0.031889,0.090939,0.995346,0,0.77226,-0.09294,46.335,-0.186,-1,450.000,-1,450.000,-1,350.000,350.000,300.000,150.000,-1,375.000,600.000,575.000,1000.000,925.000,-1,-1,2,0,2,0,2,0,0,0,1,2,0,0,1,0,0,2,2
133,7842.250,1144.799,397.945,-18.907,0.944801,0.322661,-0.056927,-0.326388,0.942063,-0.077389,0.028658,0.091697,0.995374,0,0.75223,-0.21294,45.134,-0.426,-1,450.000,-1,425.000,-1,350.000,350.000,300.000,150.000,-1,425.000,675.000,525.000,1000.000,900.000,-1,-1,2,0,2,0,2,0,0,0,1,2,0,0,1,0,0,2,2
134,7883.769,1130.054,397.565,-19.553,0.941278,0.333235,-0.054321,-0.336742,0.938245,-0.079377,0.024515,0.093008,0.995363,0,0.73431,-0.32343,44.059,-0.647,-1,425.000,-1,425.000,-1,350.000,350.000,300.000,150.000,-1,500.000,750.000,500.000,950.000,875.000,-1,-1,2,0,2,0,2,0,0,0,1,2,0,0,1,0,0,2,2
135,7924.229,1115.170,396.959,-20.199,0.937660,0.343715,-0.051507,-0.346989,0.934241,-0.082413,0.019793,0.095148,0.995266,0,0.71852,-0.32278,43.111,-0.646,-1,425.000,-1,425.000,-1,325.000,325.000,300.000,150.000,-1,600.000,875.000,475.000,925.000,850.000,-1,-1,2,0,2,0,2,0,0,0,1,2,0,0,1,0,0,2,2
136,7963.671,1100.157,396.051,-20.842,0.933944,0.354063,-0.048863,-0.357114,0.930031,-0.086667,0.014759,0.098392,0.995038,0,0.70336,-0.32143,42.202,-0.643,-1,425.000,-1,400.000,-1,325.000,325.000,300.000,150.000,-1,775.000,-1,425.000,900.000,800.000,-1,-1,2,0,2,0,2,0,0,0,1,2,0,2,1,0,0,2,2
137,8002.135,1085.016,396.610,-21.481,0.930232,0.364487,-0.042641,-0.366888,0.926217,-0.086696,0.007895,0.096292,0.995322,0,0.68895,-0.31945,41.337,-0.639,-1,400.000,-1,400.000,-1,325.000,325.000,300.000,150.000,-1,-1,-1,425.000,850.000,775.000,-1,-1,2,0,2,0,2,0,0,0,1,2,2,2,1,0,0,2,2
138,8039.672,1069.756,397.820,-22.115,0.926322,0.374869,-0.037430,-0.376720,0.922520,-0.083891,0.003082,0.091811,0.995772,0,0.67533,-0.31688,40.520,-0.634,-1,400.000,-1,400.000,-1,325.000,325.000,300.000,150.000,-1,-1,-1,450.000,825.000,750.000,-1,-1,2,0,2,0,2,0,0,0,1,2,2,2,1,0,0,2,2
139,8076.333,1054.383,398.882,-22.742,0.922299,0.385088,-0.032752,-0.386476,0.918687,-0.081554,-0.001317,0.087875,0.996131,0,0.66255,-0.31378,39.753,-0.628,-1,375.000,-1,400.000,-1,325.000,325.000,300.000,175.000,-1,-1,-1,450.000,800.000,750.000,-1,-1,2,0,2,0,2,0,0,0,1,2,2,2,1,0,0,2,2
140,8112.170,1038.898,399.799,-23.362,0.918180,0.395129,-0.028611,-0.396128,0.914733,-0.079661,-0.005305,0.084476,0.996411,0,0.65064,-0.31019,39.039,-0.620,-1,375.000,-1,400.000,-1,325.000,325.000,300.000,175.000,-1,-1,-1,450.000,775.000,750.000,-1,-1,2,0,2,0,2,0,0,0,1,2,2,2,1,0,0,2,2
141,8147.234,1023.301,400.576,-23.975,0.913984,0.404979,-0.025009,-0.405653,0.910677,-0.078184,-0.008888,0.081604,0.996625,0,0.63960,-0.30615,38.376,-0.612,-1,375.000,-1,400.000,-1,300.000,325.000,300.000,200.000,-1,-1,-1,425.000,775.000,750.000,-1,-1,2,0,2,0,2,0,0,0,1,2,2,2,1,0,0,2,2
142,8181.576,1007.590,401.216,-24.578,0.909727,0.414626,-0.021952,-0.415031,0.906534,-0.077102,-0.012069,0.079252,0.996782,0,0.62941,-0.30170,37.764,-0.603,-1,375.000,-1,400.000,-1,300.000,325.000,300.000,225.000,-1,-1,-1,400.000,750.000,775.000,-1,-1,2,0,2,0,2,0,0,0,1,2,2,2,1,0,0,2,2
143,8215.245,991.764,401.720,-25.172,0.905426,0.424060,-0.019443,-0.424245,0.902319,-0.076391,-0.014850,0.077415,0.996888,0,0.62005,-0.29688,37.203,-0.594,-1,375.000,-1,400.000,-1,300.000,325.000,300.000,225.000,-1,-1,-1,375.000,750.000,775.000,-1,-1,2,0,2,0,2,0,0,0,1,2,2,2,1,0,0,2,2
144,8248.290,975.819,402.091,-25.755,0.901095,0.433270,-0.017490,-0.433280,0.898047,-0.076030,-0.017234,0.076089,0.996952,0,0.61151,-0.29171,36.690,-0.583,-1,375.000,-1,375.000,-1,300.000,325.000,300.000,250.000,-1,-1,-1,400.000,750.000,775.000,-1,-1,2,0,2,0,2,0,0,0,1,2,2,2,1,0,0,2,2
145,8280.757,959.752,402.330,-26.328,0.896748,0.442248,-0.016100,-0.442123,0.893729,-0.076001,-0.019222,0.075272,0.996978,0,0.60374,-0.28623,36.225,-0.572,-1,375.000,-1,375.000,-1,300.000,300.000,300.000,250.000,-1,-1,-1,400.000,750.000,800.000,-1,-1,2,0,2,0,2,0,0,0,1,2,2,2,1,0,0,2,2
146,8312.690,943.559,402.438,-26.889,0.892400,0.450986,-0.015282,-0.450765,0.889377,-0.076284,-0.020812,0.074965,0.996969,0,0.59672,-0.28045,35.803,-0.561,-1,375.000,-1,375.000,-1,300.000,300.000,300.000,275.000,-1,-1,-1,400.000,750.000,800.000,-1,-1,2,0,2,0,2,0,0,0,1,2,2,2,1,0,0,2,2
147,8344.130,927.236,402.415,-27.437,0.888062,0.459477,-0.015044,-0.459196,0.885003,-0.076864,-0.022003,0.075168,0.996928,0,0.59041,-0.27439,35.424,-0.549,-1,375.000,-1,375.000,-1,300.000,300.000,300.000,300.000,-1,-1,-1,425.000,750.000,825.000,-1,-1,2,0,2,0,2,0,0,0,1,2,2,2,1,0,0,2,2
148,8375.117,910.779,402.157,-27.974,0.883737,0.467728,-0.015500,-0.467445,0.880645,-0.077196,-0.022457,0.075467,0.996895,0,0.58477,-0.26808,35.086,-0.536,-1,375.000,-1,375.000,-1,300.000,325.000,300.000,300.000,-1,-1,-1,425.000,750.000,825.000,-1,-1,2,0,2,0,2,0,0,0,1,2,2,2,1,0,0,2,2
149,8405.688,894.182,401.651,-28.497,0.879435,0.475735,-0.016429,-0.475492,0.876315,-0.077326,-0.022390,0.075816,0.996870,0,0.57976,-0.26153,34.786,-0.523,-1,375.000,-1,400.000,-1,325.000,325.000,300.000,325.000,-1,-1,-1,425.000,750.000,850.000,-1,-1,2,0,2,0,2,0,0,0,1,2,2,2,1,0,0,2,2
150,8435.880,877.443,400.943,-29.006,0.875174,0.483487,-0.017618,-0.483301,0.872011,-0.077567,-0.022140,0.076400,0.996831,0,0.57536,-0.25475,34.521,-0.509,-1,400.000,-1,400.000,-1,325.000,325.000,300.000,350.000,-1,-1,-1,425.000,775.000,875.000,-1,-1,2,0,2,0,2,0,0,0,1,2,2,2,1,0,0,2,2
151,8465.726,860.557,399.943,-29.502,0.870964,0.490992,-0.018653,-0.490854,0.867766,-0.077746,-0.021986,0.076870,0.996799,0,0.57152,-0.24775,34.291,-0.495,-1,400.000,-1,400.000,-1,325.000,325.000,300.000,350.000,-1,-1,-1,425.000,775.000,875.000,-1,-1,2,0,2,0,2,0,0,0,0,2,2,2,1,0,0,2,2
152,8495.257,843.519,398.781,-29.983,0.866812,0.498226,-0.020188,-0.498171,0.863552,-0.078124,-0.021490,0.077775,0.996739,0,0.56822,-0.24054,34.093,-0.481,-1,400.000,-1,400.000,-1,325.000,325.000,300.000,350.000,-1,-1,-1,425.000,800.000,900.000,-1,-1,2,0,2,0,2,0,0,0,0,2,2,2,1,0,0,2,2
153,8524.505,826.328,397.478,-30.449,0.862725,0.505179,-0.022351,-0.505255,0.859371,-0.078735,-0.020567,0.079220,0.996645,0,0.56543,-0.23313,33.926,-0.466,-1,400.000,-1,400.000,-1,325.000,325.000,300.000,325.000,-1,-1,-1,425.000,800.000,925.000,-1,-1,2,0,2,0,2,0,0,0,0,2,2,2,1,0,0,2,2
154,8553.498,808.978,396.033,-30.900,0.858708,0.511846,-0.025162,-0.512104,0.855230,-0.079572,-0.019209,0.081215,0.996511,0,0.56312,-0.22553,33.787,-0.451,-1,400.000,-1,400.000,-1,325.000,325.000,300.000,325.000,-1,-1,-1,425.000,825.000,925.000,-1,-1,2,0,2,0,2,0,0,0,0,2,2,2,1,0,0,2,2
155,8582.264,791.468,394.441,-31.336,0.854767,0.518222,-0.028639,-0.518720,0.851134,-0.080627,-0.017407,0.083773,0.996333,0,0.56127,-0.21774,33.676,-0.435,-1,400.000,-1,400.000,-1,325.000,325.000,325.000,325.000,-1,-1,-1,425.000,850.000,950.000,-1,-1,2,0,2,0,2,0,0,0,0,2,2,2,1,0,0,2,2
156,8610.828,773.790,393.128,-31.755,0.850929,0.524370,-0.030917,-0.525024,0.847202,-0.081227,-0.016400,0.085351,0.996216,0,0.55985,-0.20977,33.591,-0.420,-1,400.000,-1,400.000,-1,325.000,325.000,325.000,325.000,-1,-1,-1,425.000,875.000,975.000,-1,-1,2,0,2,0,2,0,0,0,0,2,2,2,1,0,0,2,2
157,8639.214,755.942,392.476,-32.158,0.847234,0.530355,-0.030294,-0.530938,0.843548,-0.080815,-0.017306,0.084554,0.996269,0,0.55884,-0.20162,33.531,-0.403,-1,400.000,-1,425.000,-1,325.000,325.000,325.000,325.000,-1,-1,-1,450.000,875.000,975.000,-1,-1,2,0,2,0,2,0,0,0,0,2,2,2,1,0,0,2,2
158,8667.448,737.923,391.824,-32.545,0.843652,0.536069,-0.029678,-0.536582,0.840005,-0.080441,-0.018192,0.083788,0.996317,0,0.55823,-0.19329,33.494,-0.387,-1,400.000,-1,425.000,-1,325.000,325.000,325.000,325.000,-1,-1,-1,475.000,875.000,1000.000,-1,-1,2,0,2,0,2,0,0,0,0,2,2,2,1,0,0,2,2
159,8695.553,719.730,391.174,-32.915,0.840192,0.541510,-0.029068,-0.541954,0.836582,-0.080102,-0.019058,0.083054,0.996363,0,0.55799,-0.18478,33.479,-0.370,-1,400.000,-1,425.000,-1,325.000,325.000,325.000,325.000,-1,-1,-1,475.000,875.000,1000.000,-1,-1,2,0,2,0,2,0,0,0,0,2,2,2,1,0,0,2,2
160,8723.552,701.361,390.344,-33.267,0.836885,0.546643,-0.028381,-0.546998,0.833240,-0.080654,-0.020440,0.083022,0.996338,0,0.55811,-0.17610,33.487,-0.352,-1,400.000,-1,425.000,-1,325.000,325.000,325.000,325.000,-1,-1,-1,500.000,875.000,1000.000,-1,-1,2,0,2,0,2,0,0,0,0,2,2,2,1,0,0,2,2
161,8747.374,685.378,389.388,-33.859,0.831262,0.555191,-0.027691,-0.555415,0.827493,-0.082277,-0.022766,0.083773,0.996225,0,0.47811,-0.29610,28.687,-0.592,-1,400.000,-1,425.000,-1,325.000,325.000,325.000,325.000,-1,-1,-1,525.000,850.000,1000.000,-1,-1,2,0,2,0,2,0,0,0,0,2,2,2,1,0,0,2,2
162,8767.037,671.813,388.572,-34.600,0.824079,0.565824,-0.027146,-0.565918,0.820202,-0.083696,-0.025092,0.084335,0.996122,0,0.39811,-0.37065,23.887,-0.741,-1,400.000,-1,425.000,-1,325.000,325.000,325.000,325.000,-1,-1,-1,525.000,850.000,-1,-1,-1,2,0,2,0,2,0,0,0,0,2,2,2,1,0,2,2,2
163,8782.609,660.776,387.906,-35.329,0.816881,0.576185,-0.026749,-0.576166,0.812913,-0.084879,-0.027162,0.084748,0.996032,0,0.31811,-0.36423,19.087,-0.728,-1,400.000,-1,425.000,-1,325.000,325.000,325.000,325.000,-1,-1,-1,550.000,850.000,-1,-1,-1,2,0,2,0,2,0,0,0,0,2,2,2,1,0,2,2,2
164,8794.161,652.368,387.396,-36.047,0.809648,0.586318,-0.026483,-0.586200,0.805610,-0.085803,-0.028973,0.084995,0.995960,0,0.23811,-0.35910,14.287,-0.718,-1,400.000,-1,425.000,-1,325.000,325.000,325.000,325.000,-1,-1,-1,550.000,850.000,-1,-1,-1,2,0,2,0,2,0,0,0,0,2,2,2,1,0,2,2,2
165,8801.762,646.691,387.051,-36.757,0.802360,0.596260,-0.026334,-0.596060,0.798273,-0.086446,-0.030523,0.085057,0.995908,0,0.15811,-0.35527,9.487,-0.711,-1,400.000,-1,425.000,-1,325.000,325.000,325.000,325.000,-1,-1,-1,575.000,850.000,-1,-1,-1,2,0,2,0,2,0,0,0,0,2,2,2,1,0,2,2,2
166,8805.482,643.839,386.879,-37.463,0.794992,0.606051,-0.026283,-0.605786,0.790880,-0.086790,-0.031813,0.084919,0.995880,0,0.07811,-0.35275,4.687,-0.705,-1,400.000,-1,425.000,-1,325.000,325.000,325.000,325.000,-1,-1,-1,575.000,850.000,-1,-1,-1,2,0,2,0,2,0,0,0,0,2,2,2,1,0,2,2,2
167,8805.393,643.908,386.891,-38.166,0.787520,0.615728,-0.026315,-0.615414,0.783408,-0.086821,-0.032842,0.084568,0.995876,0,-0.00189,-0.35151,-0.113,-0.703,-1,400.000,-1,425.000,-1,325.000,325.000,325.000,325.000,-1,-1,-1,575.000,850.000,-1,-1,-1,2,0,2,0,2,0,0,0,0,2,2,2,1,0,2,2,2
168,8801.568,646.991,387.096,-38.869,0.779917,0.625325,-0.026413,-0.624979,0.775831,-0.086525,-0.033614,0.083989,0.995900,0,-0.08189,-0.35154,-4.913,-0.703,-1,400.000,-1,425.000,-1,325.000,325.000,325.000,325.000,-1,-1,-1,575.000,850.000,-1,-1,-1,2,0,2,0,2,0,0,0,0,2,2,2,1,0,2,2,2
169,8794.081,653.178,387.506,-39.575,0.772158,0.634875,-0.026557,-0.634513,0.768125,-0.085893,-0.034132,0.083174,0.995950,0,-0.16189,-0.35280,-9.713,-0.706,-1,400.000,-1,425.000,-1,325.000,325.000,325.000,325.000,-1,-1,-1,600.000,875.000,-1,-1,-1,2,0,2,0,2,0,0,0,0,2,2,2,1,0,2,2,2
170,8783.009,662.561,388.133,-40.285,0.764215,0.644408,-0.026731,-0.644044,0.760261,-0.084918,-0.034399,0.082112,0.996029,0,-0.24189,-0.35522,-14.513,-0.710,-1,400.000,-1,425.000,-1,325.000,325.000,325.000,325.000,-1,-1,-1,600.000,875.000,-1,-1,-1,2,0,2,0,2,0,0,0,0,2,2,2,1,0,2,2,2
171,8771.646,672.438,388.804,-41.003,0.756071,0.653937,-0.026875,-0.653572,0.752201,-0.083890,-0.034643,0.080992,0.996113,0,-0.25093,-0.35874,-15.056,-0.717,-1,400.000,-1,425.000,-1,325.000,325.000,325.000,325.000,-1,-1,-1,600.000,875.000,-1,-1,-1,2,0,2,0,2,0,0,0,0,2,2,2,1,0,2,2,2
172,8760.578,682.308,389.390,-41.727,0.747743,0.663439,-0.027005,-0.663056,0.743919,-0.083315,-0.035185,0.080204,0.996157,0,-0.24718,-0.36228,-14.831,-0.725,-1,400.000,-1,425.000,-1,325.000,325.000,325.000,325.000,-1,-1,-1,625.000,875.000,-1,-1,-1,2,0,2,0,2,0,0,0,0,2,2,2,1,0,2,2,2
173,8749.814,692.156,389.980,-42.458,0.739216,0.672923,-0.027110,-0.672518,0.735438,-0.082769,-0.035760,0.079416,0.996200,0,-0.24315,-0.36564,-14.589,-0.731,-1,400.000,-1,425.000,-1,325.000,325.000,325.000,325.000,-1,-1,-1,650.000,875.000,-1,-1,-1,2,0,2,0,2,0,0,0,0,2,2,2,1,0,2,2,2
174,8739.366,701.965,390.579,-43.196,0.730493,0.682379,-0.027188,-0.681953,0.726760,-0.082223,-0.036348,0.078604,0.996243,0,-0.23886,-0.36883,-14.331,-0.738,-1,400.000,-1,425.000,-1,325.000,325.000,325.000,325.000,-1,-1,-1,675.000,875.000,-1,-1,-1,2,0,2,0,2,0,0,0,0,2,2,2,1,0,2,2,2
175,8729.243,711.719,391.186,-43.940,0.721575,0.691800,-0.027241,-0.691350,0.717889,-0.081678,-0.036949,0.077770,0.996286,0,-0.23430,-0.37185,-14.058,-0.744,-1,400.000,-1,425.000,-1,325.000,325.000,325.000,325.000,-1,-1,-1,700.000,875.000,-1,-1,-1,2,0,2,0,2,0,0,0,0,2,2,2,1,0,2,2,2
176,8719.452,721.402,391.799,-44.689,0.712466,0.701177,-0.027268,-0.700701,0.708827,-0.081135,-0.037562,0.076913,0.996330,0,-0.22951,-0.37469,-13.771,-0.749,-1,400.000,-1,425.000,-1,325.000,325.000,325.000,325.000,-1,-1,-1,775.000,875.000,-1,-1,-1,2,0,2,0,2,0,0,0,0,2,2,2,1,0,2,2,2
177,8710.002,730.999,392.417,-45.444,0.703168,0.710500,-0.027269,-0.709997,0.699577,-0.080596,-0.038187,0.076034,0.996374,0,-0.22449,-0.37735,-13.469,-0.755,-1,400.000,-1,425.000,-1,325.000,325.000,325.000,325.000,-1,-1,-1,-1,875.000,-1,-1,-1,2,0,2,0,2,0,0,0,0,2,2,2,2,0,2,2,2
178,8700.897,740.493,392.921,-46.203,0.693708,0.719738,-0.027318,-0.719191,0.690120,-0.080613,-0.039168,0.075569,0.996371,0,-0.21925,-0.37983,-13.155,-0.760,-1,400.000,-1,425.000,-1,325.000,325.000,325.000,325.000,-1,-1,-1,-1,875.000,-1,-1,-1,2,0,2,0,2,0,0,0,0,2,2,2,2,0,2,2,2
179,8692.142,749.871,393.422,-46.968,0.684067,0.728906,-0.027361,-0.728312,0.680482,-0.080655,-0.040171,0.075101,0.996366,0,-0.21383,-0.38214,-12.830,-0.764,-1,400.000,-1,425.000,-1,325.000,325.000,325.000,325.000,-1,-1,-1,-1,875.000,-1,-1,-1,2,0,2,0,2,0,0,0,0,2,2,2,2,0,2,2,2
180,8683.739,759.116,393.927,-47.736,0.674249,0.737996,-0.027394,-0.737355,0.670669,-0.080690,-0.041177,0.074604,0.996363,0,-0.20823,-0.38428,-12.494,-0.769,-1,400.000,-1,425.000,-1,325.000,325.000,325.000,325.000,-1,-1,-1,-1,875.000,-1,-1,-1,2,0,2,0,2,0,0,0,0,2,2,2,2,0,2,2,2
181,8675.691,768.215,394.433,-48.509,0.664259,0.747000,-0.027417,-0.746312,0.660684,-0.080719,-0.042183,0.074080,0.996360,0,-0.20247,-0.38625,-12.148,-0.773,-1,400.000,-1,425.000,-1,325.000,325.000,325.000,325.000,-1,-1,-1,-1,875.000,-1,-1,-1,2,0,2,0,2,0,0,0,0,2,2,2,2,0,2,2,2
182,8667.997,777.154,394.939,-49.285,0.654099,0.755912,-0.027431,-0.755175,0.650531,-0.080743,-0.043190,0.073529,0.996357,0,-0.19658,-0.38806,-11.795,-0.776,-1,400.000,-1,425.000,-1,325.000,325.000,325.000,325.000,-1,-1,-1,-1,875.000,-1,-1,-1,2,0,2,0,2,0,0,0,0,2,2,2,2,0,2,2,2
183,8660.656,785.921,395.444,-50.064,0.643775,0.764723,-0.027435,-0.763938,0.640216,-0.080762,-0.044196,0.072951,0.996356,0,-0.19057,-0.38971,-11.434,-0.779,-1,400.000,-1,425.000,-1,325.000,325.000,325.000,325.000,-1,-1,-1,-1,875.000,-1,-1,-1,2,0,2,0,2,0,0,0,0,2,2,2,2,0,2,2,2
184,8653.668,794.503,395.947,-50.847,0.633290,0.773428,-0.027431,-0.772593,0.629742,-0.080777,-0.045200,0.072348,0.996355,0,-0.18447,-0.39120,-11.068,-0.782,-1,400.000,-1,425.000,-1,325.000,325.000,325.000,325.000,-1,-1,-1,-1,850.000,-1,-1,-1,2,0,2,0,2,0,0,0,0,2,2,2,2,0,2,2,2
185,8647.028,802.889,396.447,-51.632,0.622650,0.782020,-0.027419,-0.781135,0.619113,-0.080788,-0.046202,0.071721,0.996354,0,-0.17828,-0.39254,-10.697,-0.785,-1,400.000,-1,425.000,-1,325.000,325.000,325.000,325.000,-1,-1,-1,-1,850.000,-1,-1,-1,2,0,2,0,2,0,0,0,0,2,2,2,2,0,2,2,2
186,8643.412,807.546,396.728,-52.177,0.615194,0.787899,-0.027404,-0.786979,0.611665,-0.080803,-0.046903,0.071276,0.996353,0,-0.09828,-0.27254,-5.897,-0.545,-1,400.000,-1,425.000,-1,325.000,325.000,325.000,325.000,-1,-1,-1,-1,850.000,-1,-1,-1,2,0,2,0,2,0,0,0,0,2,2,2,2,0,2,2,2
187,8642.744,808.416,396.781,-52.482,0.610997,0.791159,-0.027390,-0.790218,0.607472,-0.080828,-0.047309,0.071030,0.996352,0,-0.01828,-0.15254,-1.097,-0.305,-1,400.000,-1,425.000,-1,325.000,325.000,325.000,325.000,-1,-1,-1,-1,850.000,-1,-1,-1,2,0,2,0,2,0,0,0,0,2,2,2,2,0,2,2,2
188,8644.996,805.476,396.604,-52.547,0.610101,0.791851,-0.027378,-0.790903,0.606575,-0.080864,-0.047425,0.070989,0.996349,0,0.06172,-0.03254,3.703,-0.065,-1,400.000,-1,425.000,-1,325.000,325.000,325.000,325.000,-1,-1,-1,-1,850.000,-1,-1,-1,2,0,2,0,2,0,0,0,0,2,2,2,2,0,2,2,2
189,8650.187,798.742,396.198,-52.372,0.612514,0.789986,-0.027368,-0.789046,0.608982,-0.080910,-0.047251,0.071154,0.996346,0,0.14172,0.08746,8.503,0.175,-1,400.000,-1,425.000,-1,325.000,325.000,325.000,325.000,-1,-1,-1,-1,875.000,-1,-1,-1,2,0,2,0,2,0,0,0,0,2,2,2,2,0,2,2,2
190,8658.385,788.265,395.574,-51.957,0.618212,0.785535,-0.027355,-0.784617,0.614671,-0.080964,-0.046786,0.071516,0.996342,0,0.22172,0.20746,13.303,0.415,-1,400.000,-1,425.000,-1,325.000,325.000,325.000,325.000,-1,-1,-1,-1,875.000,-1,-1,-1,2,0,2,0,2,0,0,0,0,2,2,2,2,0,2,2,2
191,8669.704,774.137,394.745,-51.302,0.627140,0.778427,-0.027329,-0.777546,0.623585,-0.081018,-0.046025,0.072060,0.996338,0,0.30172,0.32746,18.103,0.655,-1,400.000,-1,425.000,-1,325.000,325.000,325.000,325.000,-1,-1,-1,-1,875.000,-1,-1,-1,2,0,2,0,2,0,0,0,0,2,2,2,2,0,2,2,2
192,8684.242,756.440,393.725,-50.598,0.636651,0.770670,-0.027276,-0.769825,0.633083,-0.081092,-0.045227,0.072625,0.996333,0,0.38172,0.35224,22.903,0.704,-1,400.000,-1,425.000,-1,325.000,325.000,325.000,325.000,-1,-1,-1,-1,875.000,-1,-1,-1,2,0,2,0,2,0,0,0,0,2,2,2,2,0,2,2,2
193,8702.092,735.254,392.530,-49.887,0.646147,0.762729,-0.027185,-0.761917,0.642566,-0.081187,-0.044455,0.073171,0.996328,0,0.46172,0.35529,27.703,0.711,-1,400.000,-1,425.000,-1,325.000,325.000,325.000,325.000,-1,-1,-1,-1,900.000,-1,-1,-1,2,0,2,0,2,0,0,0,0,2,2,2,2,0,2,2,2
194,8723.344,710.662,390.847,-49.169,0.655718,0.754511,-0.027335,-0.753683,0.651997,-0.082833,-0.044676,0.074917,0.996188,0,0.54172,0.35934,32.503,0.719,-1,400.000,-1,425.000,-1,325.000,325.000,325.000,325.000,-1,-1,-1,-1,900.000,-1,-1,-1,2,0,2,0,2,0,0,0,0,2,2,2,2,0,2,2,2
195,8748.092,682.751,388.956,-48.440,0.665334,0.746041,-0.027449,-0.745181,0.661446,-0.084820,-0.045123,0.076888,0.996018,0,0.62172,0.36454,37.303,0.729,-1,400.000,-1,425.000,-1,325.000,325.000,325.000,325.000,-1,-1,-1,-1,900.000,-1,-1,-1,2,0,2,0,2,0,0,0,0,2,2,2,2,0,2,2,2
196,8774.050,654.229,387.060,-47.697,0.675011,0.737295,-0.027493,-0.736396,0.670948,-0.086895,-0.045621,0.078901,0.995838,0,0.64276,0.37107,38.565,0.742,-1,400.000,-1,425.000,-1,325.000,325.000,325.000,325.000,-1,-1,-1,800.000,900.000,-1,-1,-1,2,0,2,0,2,0,0,0,0,2,2,2,1,0,2,2,2
197,8800.058,626.399,385.249,-46.941,0.684759,0.728252,-0.027458,-0.727310,0.680519,-0.088959,-0.046099,0.080886,0.995657,0,0.63487,0.37842,38.092,0.757,-1,400.000,-1,425.000,-1,325.000,350.000,325.000,325.000,-1,-1,-1,725.000,900.000,-1,-1,-1,2,0,2,0,2,0,0,0,0,2,2,2,1,0,2,2,2
198,8826.154,599.220,383.399,-46.168,0.694605,0.718869,-0.027416,-0.717861,0.690139,-0.091565,-0.046902,0.083283,0.995422,0,0.62797,0.38624,37.678,0.772,-1,400.000,-1,425.000,-1,325.000,350.000,325.000,325.000,-1,-1,-1,675.000,900.000,-1,-1,-1,2,0,2,0,2,0,0,0,0,2,2,2,1,0,2,2,2
199,8852.371,572.657,381.555,-45.379,0.704541,0.709137,-0.027316,-0.708045,0.699816,-0.094496,-0.047895,0.085918,0.995150,0,0.62205,0.39452,37.323,0.789,-1,400.000,-1,425.000,-1,325.000,325.000,325.000,325.000,-1,-1,-1,650.000,900.000,-1,-1,-1,2,0,2,0,2,0,0,0,0,2,2,2,1,0,2,2,2
200,8878.748,546.674,379.679,-44.573,0.714527,0.699085,-0.027047,-0.697924,0.709593,-0.096846,-0.048511,0.088076,0.994932,0,0.61709,0.40323,37.026,0.806,-1,400.000,-1,425.000,-1,325.000,325.000,325.000,325.000,-1,-1,-1,650.000,900.000,-1,-1,-1,2,0,2,0,2,0,0,0,0,2,2,2,1,0,2,2,2
201,8905.321,521.239,377.813,-43.748,0.724571,0.688685,-0.026649,-0.687465,0.719462,-0.098826,-0.048887,0.089926,0.994748,0,0.61307,0.41235,36.784,0.825,-1,400.000,-1,425.000,-1,325.000,325.000,325.000,325.000,-1,-1,-1,650.000,875.000,-1,-1,-1,2,0,2,0,2,0,0,0,0,2,2,2,1,0,2,2,2
202,8932.129,496.326,375.931,-42.904,0.734666,0.677926,-0.026127,-0.676661,0.729428,-0.100324,-0.048955,0.091384,0.994612,0,0.60996,0.42186,36.597,0.844,-1,400.000,-1,425.000,-1,325.000,325.000,325.000,325.000,-1,-1,-1,650.000,875.000,-1,-1,-1,2,0,2,0,2,0,0,0,0,2,2,2,1,0,2,2,2
203,8959.210,471.910,374.121,-42.041,0.744828,0.666769,-0.025524,-0.665456,0.739465,-0.101782,-0.048991,0.092796,0.994479,0,0.60773,0.43176,36.464,0.864,-1,400.000,-1,425.000,-1,325.000,325.000,325.000,325.000,-1,-1,-1,675.000,875.000,-1,-1,-1,2,0,2,0,2,0,0,0,0,2,2,2,1,0,2,2,2
204,8986.603,447.967,372.379,-41.157,0.755051,0.655196,-0.024840,-0.653833,0.749568,-0.103197,-0.048995,0.094160,0.994351,0,0.60637,0.44203,36.382,0.884,-1,400.000,-1,425.000,-1,325.000,325.000,325.000,325.000,-1,-1,-1,675.000,875.000,-1,-1,-1,2,0,2,0,2,0,0,0,0,2,2,2,1,0,2,2,2
205,9014.348,424.481,370.706,-40.251,0.765329,0.643189,-0.024071,-0.641774,0.759731,-0.104566,-0.048968,0.095476,0.994227,0,0.60585,0.45267,36.351,0.905,-1,400.000,-1,425.000,-1,325.000,325.000,325.000,325.000,-1,-1,-1,700.000,875.000,-1,-1,-1,2,0,2,0,2,0,0,0,0,2,2,2,1,0,2,2,2
206,9042.483,401.435,369.102,-39.324,0.775653,0.630732,-0.023217,-0.629261,0.769947,-0.105884,-0.048909,0.096739,0.994107,0,0.60616,0.46367,36.369,0.927,-1,400.000,-1,425.000,-1,325.000,325.000,325.000,325.000,-1,-1,-1,700.000,875.000,-1,-1,-1,2,0,2,0,2,0,0,0,0,2,2,2,1,0,2,2,2
207,9071.047,378.818,367.564,-38.374,0.786015,0.617806,-0.022274,-0.616277,0.780207,-0.107149,-0.048819,0.097948,0.993993,0,0.60726,0.47502,36.435,0.950,-1,400.000,-1,425.000,-1,325.000,325.000,325.000,325.000,-1,-1,-1,750.000,875.000,-1,-1,-1,2,0,2,0,2,0,0,0,0,2,2,2,1,0,2,2,2
208,9100.082,356.620,366.025,-37.400,0.796400,0.604409,-0.020884,-0.602788,0.790522,-0.108266,-0.048928,0.098812,0.993903,0,0.60914,0.48674,36.548,0.973,-1,400.000,-1,425.000,-1,325.000,325.000,325.000,325.000,-1,-1,-1,775.000,850.000,-1,-1,-1,2,0,2,0,2,0,0,0,0,2,2,2,1,0,2,2,2
209,9129.625,334.837,364.437,-36.403,0.806794,0.590532,-0.018877,-0.588769,0.800895,-0.109167,-0.049348,0.099190,0.993844,0,0.61178,0.49881,36.707,0.998,-1,400.000,-1,425.000,-1,325.000,325.000,325.000,325.000,-1,-1,-1,825.000,850.000,-1,-1,-1,2,0,2,0,2,0,0,0,0,2,2,2,1,0,2,2,2
210,9159.719,313.469,362.517,-35.380,0.817208,0.576043,-0.018601,-0.574295,0.811160,-0.110473,-0.048549,0.100962,0.993705,0,0.61516,0.51124,36.910,1.022,-1,400.000,-1,425.000,-1,325.000,325.000,325.000,325.000,-1,-1,-1,875.000,850.000,-1,-1,-1,2,0,2,0,2,0,0,0,0,2,2,2,1,0,2,2,2
211,9190.403,292.515,360.660,-34.332,0.827608,0.561010,-0.018258,-0.559277,0.821415,-0.111747,-0.047693,0.102694,0.993569,0,0.61927,0.52403,37.156,1.048,-1,400.000,-1,425.000,-1,325.000,325.000,325.000,325.000,-1,-1,-1,900.000,850.000,1000.000,-1,-1,2,0,2,0,2,0,0,0,0,2,2,2,1,0,0,2,2
212,9221.715,271.982,358.735,-33.258,0.837971,0.545444,-0.017187,-0.543669,0.831690,-0.112770,-0.047215,0.103842,0.993472,0,0.62410,0.53718,37.446,1.074,-1,400.000,-1,425.000,-1,325.000,325.000,325.000,325.000,-1,-1,-1,950.000,850.000,1000.000,-1,-1,2,0,2,0,2,0,0,0,0,2,2,2,1,0,0,2,2
213,9256.831,250.089,356.657,-31.944,0.850238,0.526164,-0.015694,-0.524332,0.843886,-0.113723,-0.046593,0.104921,0.993389,0,0.68971,0.65718,41.382,1.314,-1,400.000,-1,425.000,-1,325.000,325.000,325.000,325.000,-1,-1,-1,1000.000,825.000,975.000,-1,-1,2,0,2,0,2,0,0,0,0,2,2,2,1,0,0,2,2
214,9292.684,228.989,354.482,-30.481,0.863368,0.504345,-0.015204,-0.502568,0.856861,-0.114959,-0.044951,0.106892,0.993254,0,0.69337,0.73134,41.602,1.463,-1,400.000,-1,425.000,-1,325.000,325.000,325.000,325.000,-1,-1,-1,-1,825.000,950.000,-1,-1,2,0,2,0,2,0,0,0,0,2,2,2,2,0,0,2,2
215,9329.292,208.702,352.434,-28.998,0.876099,0.481908,-0.014663,-0.480190,0.869443,-0.116133,-0.043216,0.108785,0.993125,0,0.69760,0.74126,41.856,1.483,-1,400.000,-1,400.000,-1,325.000,325.000,350.000,325.000,-1,-1,-1,-1,825.000,925.000,-1,-1,2,0,2,0,2,0,0,0,0,2,2,2,2,0,0,2,2
216,9366.670,189.251,350.433,-27.496,0.888413,0.458832,-0.013996,-0.457154,0.881576,-0.117615,-0.041627,0.110889,0.992961,0,0.70230,0.75143,42.138,1.503,-1,400.000,-1,400.000,-1,325.000,325.000,350.000,325.000,-1,-1,-1,-1,825.000,900.000,-1,-1,2,0,2,0,2,0,0,0,0,2,2,2,2,0,0,2,2
217,9408.774,168.507,348.292,-26.233,0.898298,0.439194,-0.013034,-0.437492,0.891278,-0.119268,-0.040764,0.112840,0.992777,0,0.78230,0.63143,46.938,1.263,-1,400.000,-1,400.000,-1,325.000,325.000,350.000,325.000,-1,-1,-1,-1,825.000,875.000,-1,-1,2,0,2,0,2,0,0,0,0,2,2,2,2,0,0,2,2
218,9452.144,148.092,346.230,-25.210,0.905988,0.423134,-0.011958,-0.421375,0.898808,-0.120780,-0.040359,0.114464,0.992607,0,0.79892,0.51143,47.935,1.023,-1,400.000,-1,400.000,-1,325.000,325.000,350.000,325.000,-1,-1,-1,-1,800.000,875.000,-1,-1,2,0,2,0,2,0,0,0,0,2,2,2,2,0,0,2,2
219,9496.114,128.124,344.253,-24.427,0.911684,0.410750,-0.010819,-0.408903,0.904365,-0.122159,-0.040393,0.115794,0.992452,0,0.80488,0.39143,48.293,0.783,-1,400.000,-1,400.000,-1,325.000,325.000,350.000,325.000,-1,-1,-1,-1,800.000,850.000,-1,-1,2,0,2,0,2,0,0,0,0,2,2,2,2,0,0,2,2
220,9540.599,108.427,342.340,-23.884,0.915539,0.402113,-0.009649,-0.400146,0.908101,-0.123432,-0.040872,0.116868,0.992306,0,0.81086,0.27143,48.652,0.543,-1,400.000,-1,400.000,-1,325.000,325.000,350.000,325.000,-1,-1,-1,-1,800.000,825.000,-1,-1,2,0,2,0,2,0,0,0,0,2,2,2,2,0,0,2,2
221,9585.514,88.822,340.470,-23.581,0.917664,0.397267,-0.008477,-0.395153,0.910122,-0.124629,-0.041796,0.117718,0.992167,0,0.81680,0.15143,49.008,0.303,-1,400.000,-1,400.000,-1,325.000,325.000,350.000,325.000,-1,-1,-1,-1,800.000,825.000,-1,-1,2,0,2,0,2,0,0,0,0,2,2,2,2,0,0,2,2
222,9630.820,69.235,338.637,-23.382,0.919056,0.394059,-0.007339,-0.391788,0.911416,-0.125791,-0.042880,0.118484,0.992030,0,0.82265,0.09976,49.359,0.200,-1,400.000,-1,400.000,-1,325.000,325.000,350.000,325.000,-1,-1,-1,-1,775.000,800.000,-1,-1,2,0,2,0,2,0,0,0,0,2,2,2,2,0,0,2,2
223,9676.527,49.685,336.847,-23.158,0.920596,0.390465,-0.006248,-0.388044,0.912857,-0.126936,-0.043861,0.119281,0.991891,0,0.82854,0.11168,49.713,0.223,-1,400.000,-1,400.000,-1,325.000,325.000,350.000,350.000,-1,-1,-1,-1,775.000,800.000,-1,-1,2,0,2,0,2,0,0,0,0,2,2,2,2,0,0,2,2
224,9722.654,30.190,334.960,-22.911,0.922268,0.386514,-0.005399,-0.384006,0.914504,-0.127367,-0.044292,0.119540,0.991841,0,0.83463,0.12351,50.078,0.247,-1,400.000,-1,400.000,-1,325.000,325.000,350.000,350.000,-1,-1,-1,-1,775.000,775.000,-1,-1,2,0,2,0,2,0,0,0,0,2,2,2,2,0,0,2,2
225,9769.221,10.767,332.776,-22.641,0.924079,0.382174,-0.004508,-0.379570,0.916275,-0.127934,-0.044762,0.119932,0.991772,0,0.84093,0.13526,50.456,0.271,-1,400.000,-1,400.000,-1,325.000,300.000,350.000,350.000,-1,-1,-1,-1,750.000,775.000,-1,-1,2,0,2,0,2,0,0,0,0,2,2,2,2,0,0,2,2
226,9815.794,-8.402,330.521,-22.372,0.925860,0.377853,-0.003308,-0.375103,0.917995,-0.128772,-0.045620,0.120466,0.991669,0,0.83940,0.13421,50.364,0.268,-1,400.000,-1,375.000,-1,300.000,300.000,350.000,350.000,-1,-1,-1,-1,750.000,750.000,-1,-1,2,0,2,0,2,0,0,0,0,2,2,2,2,0,0,2,2
227,9862.373,-27.321,328.345,-22.107,0.927602,0.373565,-0.002183,-0.370677,0.919673,-0.129620,-0.046414,0.121045,0.991561,0,0.83791,0.13286,50.275,0.266,-1,375.000,-1,375.000,-1,300.000,300.000,350.000,350.000,-1,-1,-1,-1,725.000,750.000,-1,-1,2,0,2,0,2,0,0,0,0,2,2,2,2,0,0,2,2
228,9908.961,-45.996,326.149,-21.844,0.929300,0.369325,-0.001347,-0.366344,0.921324,-0.130206,-0.046847,0.121494,0.991486,0,0.83653,0.13132,50.192,0.263,-1,375.000,-1,375.000,-1,300.000,300.000,350.000,350.000,-1,-1,-1,-1,725.000,725.000,-1,-1,2,0,2,0,2,0,0,0,0,2,2,2,2,0,0,2,2
229,9955.563,-64.433,323.692,-21.585,0.930945,0.365158,-0.001341,-0.362227,0.922997,-0.129875,-0.046187,0.121392,0.991529,0,0.83528,0.12959,50.117,0.259,-1,375.000,-1,375.000,-1,300.000,300.000,350.000,350.000,-1,-1,-1,-1,700.000,725.000,-1,-1,2,0,2,0,2,0,0,0,0,2,2,2,2,0,0,2,2
230,10002.184,-82.638,321.384,-21.329,0.932544,0.361054,-0.001430,-0.358196,0.924650,-0.129294,-0.045360,0.121084,0.991605,0,0.83416,0.12767,50.050,0.255,-1,375.000,-1,375.000,-1,300.000,300.000,350.000,350.000,-1,-1,-1,-1,700.000,725.000,-1,-1,2,0,2,0,2,0,0,0,0,2,2,2,2,0,0,2,2
231,10048.830,-100.617,319.174,-21.078,0.934098,0.357013,-0.001548,-0.354231,0.926263,-0.128676,-0.044505,0.120744,0.991686,0,0.83319,0.12557,49.991,0.251,-1,375.000,-1,375.000,-1,300.000,300.000,350.000,350.000,-1,-1,-1,-1,700.000,725.000,-1,-1,2,0,2,0,2,0,0,0,0,2,2,2,2,0,0,2,2
232,10095.507,-118.377,317.061,-20.832,0.935607,0.353039,-0.001695,-0.350337,0.927833,-0.128023,-0.043625,0.120373,0.991770,0,0.83236,0.12329,49.942,0.247,-1,375.000,-1,375.000,-1,300.000,300.000,350.000,350.000,-1,-1,-1,-1,675.000,700.000,-1,-1,2,0,2,0,2,0,0,0,0,2,2,2,2,0,0,2,2
233,10142.220,-135.927,315.043,-20.590,0.937069,0.349140,-0.001871,-0.346521,0.929359,-0.127337,-0.042720,0.119971,0.991858,0,0.83170,0.12083,49.902,0.242,-1,375.000,-1,375.000,-1,300.000,300.000,350.000,350.000,-1,-1,-1,-1,675.000,700.000,-1,-1,2,0,2,0,2,0,0,0,0,2,2,2,2,0,0,2,2
234,10191.692,-154.290,313.005,-20.363,0.938425,0.345476,-0.002092,-0.342946,0.930787,-0.126585,-0.041785,0.119508,0.991954,0,0.87950,0.11346,52.770,0.227,-1,375.000,-1,375.000,-1,300.000,300.000,325.000,350.000,-1,-1,-1,-1,675.000,700.000,-1,-1,2,0,2,0,2,0,0,0,0,2,2,2,2,0,0,2,2
235,10241.261,-172.455,311.066,-20.126,0.939827,0.341644,-0.002345,-0.339208,0.932263,-0.125793,-0.040790,0.119019,0.992054,0,0.87989,0.11847,52.793,0.237,-1,375.000,-1,375.000,-1,300.000,300.000,325.000,350.000,-1,-1,-1,-1,650.000,700.000,-1,-1,2,0,2,0,2,0,0,0,0,2,2,2,2,0,0,2,2
236,10290.916,-190.410,309.228,-19.879,0.941271,0.337642,-0.002629,-0.335306,0.933785,-0.124960,-0.039737,0.118503,0.992158,0,0.88003,0.12352,52.802,0.247,-1,350.000,-1,375.000,-1,300.000,300.000,325.000,350.000,-1,-1,-1,-1,650.000,675.000,-1,-1,2,0,2,0,2,0,0,0,0,2,2,2,2,0,0,2,2
237,10340.646,-208.140,307.434,-19.622,0.942759,0.333460,-0.003164,-0.331250,0.935330,-0.124221,-0.038463,0.118158,0.992250,0,0.87993,0.12860,52.796,0.257,-1,350.000,-1,375.000,-1,300.000,300.000,325.000,375.000,-1,-1,-1,-1,650.000,675.000,-1,-1,2,0,2,0,2,0,0,0,0,2,2,2,2,0,0,2,2
238,10390.438,-225.629,305.479,-19.355,0.944292,0.329074,-0.004731,-0.327093,0.936825,-0.123970,-0.036363,0.118611,0.992275,0,0.87958,0.13369,52.775,0.267,-1,350.000,-1,375.000,975.000,300.000,300.000,325.000,350.000,-1,-1,-1,-1,650.000,675.000,-1,-1,2,0,2,0,1,0,0,0,0,2,2,2,2,0,0,2,2
239,10440.280,-242.864,303.637,-19.077,0.945858,0.324514,-0.006658,-0.322810,0.938356,-0.123619,-0.033868,0.119075,0.992307,0,0.87898,0.13878,52.739,0.278,-1,350.000,-1,375.000,950.000,300.000,300.000,325.000,350.000,-1,-1,-1,-1,650.000,675.000,-1,1000.000,2,0,2,0,1,0,0,0,0,2,2,2,2,0,0,2,1
240,10490.162,-259.832,302.071,-18.789,0.947455,0.319754,-0.009319,-0.318403,0.939845,-0.123738,-0.030807,0.120203,0.992271,0,0.87815,0.14385,52.689,0.288,-1,350.000,-1,375.000,900.000,300.000,300.000,350.000,350.000,-1,-1,-1,-1,650.000,675.000,-1,975.000,2,0,2,0,1,0,0,0,0,2,2,2,2,0,0,2,1
241,10540.070,-276.521,300.614,-18.492,0.949070,0.314837,-0.011966,-0.313841,0.941361,-0.123867,-0.027733,0.121314,0.992227,0,0.87709,0.14844,52.625,0.297,-1,350.000,-1,375.000,875.000,300.000,300.000,350.000,350.000,-1,725.000,-1,-1,650.000,675.000,-1,950.000,2,0,2,0,1,0,0,0,0,2,0,2,2,0,0,2,1
242,10589.992,-292.923,299.315,-18.190,0.950683,0.309829,-0.014398,-0.309170,0.942904,-0.123878,-0.024805,0.122220,0.992193,0,0.87580,0.15123,52.548,0.302,-1,350.000,-1,375.000,825.000,300.000,300.000,350.000,350.000,-1,650.000,700.000,-1,650.000,675.000,-1,900.000,2,0,2,0,1,0,0,0,0,2,0,0,2,0,0,2,1
243,10639.914,-309.029,298.319,-17.882,0.952278,0.304756,-0.017038,-0.304480,0.944534,-0.123073,-0.021415,0.122388,0.992251,0,0.87429,0.15379,52.457,0.308,-1,350.000,-1,375.000,800.000,300.000,300.000,350.000,350.000,-1,575.000,600.000,-1,650.000,675.000,-1,850.000,2,0,2,0,1,0,0,0,0,2,0,0,2,0,0,2,1
244,10689.826,-324.832,297.435,-17.570,0.953863,0.299599,-0.019622,-0.299697,0.946167,-0.122271,-0.018067,0.122510,0.992303,0,0.87257,0.15613,52.354,0.312,-1,350.000,-1,375.000,775.000,300.000,300.000,350.000,350.000,-1,500.000,475.000,-1,650.000,675.000,-1,825.000,2,0,2,0,1,0,0,0,0,2,0,0,2,0,1,2,1
245,10739.714,-340.325,296.659,-17.254,0.955436,0.294365,-0.022145,-0.294827,0.947797,-0.121479,-0.014770,0.122594,0.992347,0,0.87066,0.15824,52.239,0.316,-1,350.000,975.000,375.000,750.000,300.000,300.000,350.000,350.000,-1,425.000,400.000,-1,650.000,625.000,-1,775.000,2,0,1,0,1,0,0,0,0,2,0,0,2,1,1,2,1
246,10794.210,-357.169,295.913,-17.177,0.955758,0.293099,-0.024878,-0.293917,0.948186,-0.120649,-0.011773,0.122624,0.992383,0,0.95066,0.03824,57.039,0.076,-1,375.000,925.000,375.000,725.000,300.000,300.000,350.000,350.000,-1,375.000,300.000,-1,650.000,600.000,-1,725.000,2,0,1,0,1,0,0,0,0,2,0,0,2,1,1,2,1
247,10851.483,-375.052,295.210,-17.341,0.954846,0.295802,-0.027764,-0.296962,0.947342,-0.119822,-0.009141,0.122657,0.992407,0,1.00000,-0.08176,60.000,-0.164,-1,375.000,875.000,375.000,675.000,300.000,300.000,350.000,350.000,-1,325.000,225.000,-1,625.000,575.000,-1,675.000,2,1,1,0,1,0,0,0,0,2,0,0,2,1,1,2,1
248,10908.629,-393.337,294.559,-17.744,0.952666,0.302463,-0.030702,-0.303937,0.945225,-0.119049,-0.006988,0.122746,0.992414,0,1.00000,-0.20176,60.000,-0.404,-1,350.000,825.000,375.000,625.000,300.000,300.000,350.000,350.000,-1,300.000,150.000,-1,600.000,525.000,-1,625.000,2,1,1,0,1,1,0,0,0,2,0,0,2,1,1,2,1
249,10965.629,-412.074,293.947,-18.198,0.950163,0.309929,-0.033683,-0.311715,0.942778,-0.118336,-0.004920,0.122938,0.992402,0,1.00000,-0.22678,60.000,-0.454,-1,350.000,775.000,375.000,600.000,300.000,300.000,350.000,350.000,-1,275.000,100.000,-1,575.000,500.000,-1,575.000,2,1,1,1,1,1,1,0,0,2,0,0,2,1,1,2,1
250,11022.479,-431.264,293.375,-18.653,0.947582,0.317398,-0.036704,-0.319501,0.940249,-0.117687,-0.002842,0.123245,0.992372,0,1.00000,-0.22765,60.000,-0.455,-1,350.000,725.000,350.000,550.000,275.000,275.000,350.000,325.000,-1,250.000,100.000,-1,550.000,450.000,-1,525.000,2,1,1,1,1,1,1,0,0,2,0,0,2,1,1,2,1
251,11079.174,-450.905,293.044,-19.110,0.944947,0.324839,-0.039422,-0.327219,0.937545,-0.118051,-0.001388,0.124452,0.992225,0,1.00000,-0.22851,60.000,-0.457,-1,325.000,675.000,325.000,475.000,275.000,275.000,350.000,325.000,-1,250.000,125.000,-1,525.000,425.000,-1,475.000,2,1,1,1,1,1,1,0,0,2,0,0,2,1,1,2,1
252,11135.711,-470.997,293.116,-19.569,0.942209,0.332218,-0.043290,-0.335026,0.934586,-0.119612,0.000721,0.127203,0.991876,0,1.00000,-0.22937,60.000,-0.459,-1,300.000,600.000,300.000,425.000,250.000,250.000,375.000,325.000,-1,250.000,150.000,-1,475.000,400.000,-1,400.000,2,1,1,1,1,1,1,0,1,2,0,0,2,1,1,2,1
253,11192.084,-491.543,293.167,-20.029,0.939396,0.339603,-0.046949,-0.342823,0.931570,-0.121036,0.002632,0.129796,0.991537,0,1.00000,-0.23024,60.000,-0.460,-1,300.000,550.000,275.000,375.000,250.000,225.000,375.000,325.000,-1,250.000,150.000,-1,450.000,350.000,-1,350.000,2,1,1,1,1,1,1,0,1,2,0,0,2,1,1,2,1
254,11248.291,-512.541,293.685,-20.492,0.936475,0.346955,-0.051350,-0.350698,0.928390,-0.122894,0.005034,0.133096,0.991090,0,1.00000,-0.23113,60.000,-0.462,-1,275.000,500.000,250.000,325.000,225.000,200.000,375.000,300.000,-1,275.000,175.000,-1,425.000,325.000,-1,300.000,2,1,1,1,1,1,1,0,1,2,0,0,2,1,1,2,1
255,11304.321,-534.007,297.693,-20.956,0.932923,0.354780,-0.061526,-0.359656,0.926376,-0.111693,0.017370,0.126330,0.991836,0,1.00000,-0.23206,60.000,-0.464,-1,275.000,475.000,225.000,300.000,225.000,200.000,375.000,325.000,-1,150.000,175.000,-1,400.000,300.000,-1,275.000,2,1,1,1,1,1,1,0,1,2,0,0,2,1,1,2,1
256,11360.174,-555.931,303.211,-21.422,0.928897,0.362731,-0.074681,-0.368757,0.924549,-0.096065,0.034200,0.116773,0.992570,0,1.00000,-0.23304,60.000,-0.466,-1,275.000,475.000,225.000,300.000,225.000,200.000,375.000,325.000,-1,75.000,150.000,-1,400.000,300.000,-1,275.000,2,1,1,1,1,1,1,0,1,2,0,0,2,1,1,2,1
257,11411.308,-576.731,308.814,-22.128,0.923036,0.374430,-0.088358,-0.381343,0.920827,-0.081577,0.050817,0.108993,0.992743,0,0.92000,-0.35304,55.200,-0.706,-1,275.000,475.000,225.000,300.000,225.000,200.000,375.000,350.000,-1,50.000,125.000,-1,400.000,300.000,-1,275.000,2,1,1,1,1,1,1,0,1,2,0,0,2,1,1,2,1
258,11460.398,-597.649,314.738,-23.074,0.915093,0.389847,-0.103071,-0.397460,0.915140,-0.067407,0.068046,0.102650,0.992387,0,0.88928,-0.47304,53.357,-0.946,-1,275.000,-1,225.000,350.000,225.000,200.000,375.000,350.000,-1,50.000,100.000,-1,-1,300.000,-1,275.000,2,1,2,1,1,1,1,0,1,2,0,0,2,2,1,2,1
259,1623.671,-6117.859,-160.435,88.308,0.043761,-0.992206,0.116673,0.991989,0.029302,-0.122880,0.118503,0.121115,0.985539,1,0.00000,0.00000,53.783,-1.086,-1,325.000,-1,425.000,-1,250.000,275.000,375.000,350.000,-1,125.000,75.000,750.000,-1,-1,-1,-1,2,1,2,1,2,1,1,1,1,2,0,0,0,2,2,2,2
260,2292.598,-7539.610,-261.961,131.052,-0.655976,-0.753310,0.047108,0.754548,-0.656046,0.016124,0.018758,0.046122,0.998760,1,0.08000,-0.06794,4.800,-0.136,-1,350.000,-1,350.000,-1,300.000,300.000,325.000,325.000,-1,300.000,300.000,-1,600.000,625.000,-1,-1,2,0,2,0,2,0,0,0,0,2,0,0,2,0,0,2,2
261,2286.311,-7532.356,-261.754,130.915,-0.654135,-0.754871,0.047709,0.756127,-0.654239,0.015582,0.019450,0.046267,0.998740,0,0.16000,-0.06849,9.600,-0.137,-1,350.000,-1,350.000,-1,300.000,300.000,325.000,325.000,-1,300.000,300.000,-1,625.000,625.000,-1,-1,2,0,2,0,2,0,0,0,0,2,0,0,2,0,0,2,2
262,2276.906,-7521.451,-261.432,130.776,-0.652240,-0.756452,0.048617,0.757735,-0.652394,0.014810,0.020514,0.046498,0.998708,0,0.24000,-0.06968,14.400,-0.139,-1,350.000,-1,350.000,-1,300.000,300.000,325.000,325.000,-1,275.000,300.000,-1,625.000,625.000,-1,-1,2,0,2,0,2,0,0,0,0,2,0,0,2,0,0,2,2
263,2264.402,-7506.881,-260.992,130.633,-0.650269,-0.758068,0.049828,0.759386,-0.650495,0.013770,0.021974,0.046793,0.998663,0,0.32000,-0.07151,19.200,-0.143,-1,350.000,-1,350.000,-1,300.000,300.000,325.000,325.000,-1,275.000,300.000,-1,625.000,625.000,-1,-1,2,0,2,0,2,0,0,0,0,2,0,0,2,0,0,2,2
264,2248.820,-7488.627,-260.425,130.485,-0.648205,-0.759733,0.051346,0.761093,-0.648523,0.012458,0.023835,0.047154,0.998603,0,0.40000,-0.07401,24.000,-0.148,-1,350.000,-1,350.000,-1,300.000,300.000,325.000,325.000,-1,275.000,275.000,-1,625.000,625.000,-1,-1,2,0,2,0,2,0,0,0,0,2,0,0,2,0,0,2,2
265,2230.180,-7466.672,-259.715,130.330,-0.646025,-0.761462,0.053175,0.762870,-0.646460,0.010867,0.026100,0.047586,0.998526,0,0.48000,-0.07719,28.800,-0.154,-1,350.000,-1,350.000,-1,300.000,300.000,325.000,325.000,-1,275.000,275.000,-1,625.000,625.000,-1,-1,2,0,2,0,2,0,0,0,0,2,0,0,2,0,0,2,2
266,2210.975,-7443.921,-258.877,130.168,-0.643742,-0.763281,0.054747,0.764721,-0.644296,0.009199,0.028252,0.047788,0.998458,0,0.49622,-0.08109,29.773,-0.162,-1,350.000,-1,350.000,-1,300.000,300.000,325.000,325.000,-1,275.000,275.000,-1,625.000,625.000,-1,-1,2,0,2,0,2,0,0,0,0,2,0,0,2,0,0,2,2
267,2191.546,-7420.765,-257.938,129.998,-0.641352,-0.765193,0.056101,0.766648,-0.642024,0.007485,0.030291,0.047810,0.998397,0,0.50378,-0.08517,30.227,-0.170,-1,350.000,-1,350.000,-1,300.000,300.000,325.000,325.000,-1,275.000,275.000,-1,625.000,625.000,-1,-1,2,0,2,0,2,0,0,0,0,2,0,0,2,0,0,2,2
268,2171.897,-7397.197,-256.943,129.819,-0.638840,-0.767191,0.057458,0.768659,-0.639633,0.005731,0.032355,0.047826,0.998331,0,0.51141,-0.08937,30.685,-0.179,-1,350.000,-1,350.000,-1,300.000,300.000,325.000,325.000,-1,275.000,275.000,-1,625.000,625.000,-1,-1,2,0,2,0,2,0,0,0,0,2,0,0,2,0,0,2,2
269,2152.029,-7373.208,-255.890,129.632,-0.636200,-0.769279,0.058816,0.770755,-0.637120,0.003936,0.034445,0.047837,0.998261,0,0.51913,-0.09370,31.148,-0.187,-1,350.000,-1,350.000,-1,300.000,300.000,325.000,325.000,-1,275.000,275.000,-1,625.000,625.000,-1,1000.000,2,0,2,0,2,0,0,0,0,2,0,0,2,0,0,2,1
270,2131.946,-7348.790,-254.777,129.435,-0.633429,-0.771457,0.060176,0.772936,-0.634480,0.002099,0.036561,0.047842,0.998186,0,0.52693,-0.09816,31.616,-0.196,-1,350.000,-1,350.000,-1,300.000,300.000,325.000,325.000,-1,275.000,275.000,-1,625.000,625.000,-1,1000.000,2,0,2,0,2,0,0,0,0,2,0,0,2,0,0,2,1
271,2111.651,-7323.934,-253.602,129.230,-0.630523,-0.773728,0.061535,0.775205,-0.631709,0.000221,0.038701,0.047842,0.998105,0,0.53481,-0.10275,32.089,-0.205,-1,350.000,-1,350.000,-1,300.000,300.000,325.000,325.000,-1,275.000,275.000,-1,625.000,650.000,-1,975.000,2,0,2,0,2,0,0,0,0,2,0,0,2,0,0,2,1
272,2091.150,-7298.631,-252.364,129.015,-0.627475,-0.776093,0.062893,0.777564,-0.628802,-0.001700,0.040866,0.047836,0.998019,0,0.54276,-0.10748,32.566,-0.215,-1,350.000,-1,375.000,-1,300.000,300.000,325.000,325.000,-1,275.000,275.000,-1,650.000,650.000,-1,950.000,2,0,2,0,2,0,0,0,0,2,0,0,2,0,0,2,1
273,2070.446,-7272.872,-250.998,128.790,-0.624277,-0.778562,0.064183,0.780005,-0.625761,-0.003957,0.043244,0.047592,0.997930,0,0.55079,-0.11236,33.048,-0.225,-1,350.000,-1,375.000,-1,300.000,300.000,325.000,325.000,-1,275.000,275.000,-1,650.000,650.000,-1,950.000,2,0,2,0,2,0,0,0,0,2,0,0,2,0,0,2,1
274,2049.546,-7246.648,-249.534,128.555,-0.620920,-0.781127,0.065565,0.782538,-0.622571,-0.006302,0.045742,0.047394,0.997828,0,0.55889,-0.11739,33.534,-0.235,-1,375.000,-1,375.000,-1,300.000,300.000,325.000,325.000,-1,275.000,275.000,-1,650.000,650.000,-1,925.000,2,0,2,0,2,0,0,0,0,2,0,0,2,0,0,2,1
275,2028.453,-7219.951,-247.927,128.310,-0.617377,-0.783779,0.067352,0.785170,-0.619219,-0.008674,0.048504,0.047528,0.997692,0,0.56706,-0.12258,34.024,-0.245,-1,375.000,-1,375.000,-1,300.000,300.000,325.000,325.000,-1,275.000,275.000,-1,650.000,650.000,-1,925.000,2,0,2,0,2,0,0,0,0,2,0,0,2,0,0,2,1
276,2007.175,-7192.770,-246.271,128.054,-0.613676,-0.786533,0.069046,0.787895,-0.615710,-0.011072,0.051221,0.047607,0.997552,0,0.57530,-0.12794,34.518,-0.256,-1,375.000,-1,375.000,1000.000,300.000,300.000,325.000,325.000,-1,275.000,275.000,-1,675.000,675.000,-1,900.000,2,0,2,0,1,0,0,0,0,2,0,0,2,0,0,2,1
277,1985.720,-7165.098,-244.565,127.787,-0.609810,-0.789393,0.070642,0.790713,-0.612038,-0.013494,0.053888,0.047629,0.997410,0,0.58359,-0.13349,35.015,-0.267,-1,375.000,-1,375.000,1000.000,300.000,300.000,325.000,325.000,-1,275.000,300.000,-1,675.000,675.000,-1,900.000,2,0,2,0,1,0,0,0,0,2,0,0,2,0,1,2,1
278,1961.602,-7133.417,-242.605,127.280,-0.602587,-0.794773,0.072287,0.796040,-0.605026,-0.016247,0.056648,0.047753,0.997252,0,0.66359,-0.25349,39.815,-0.507,-1,375.000,-1,375.000,975.000,300.000,300.000,325.000,325.000,-1,275.000,300.000,-1,700.000,675.000,-1,875.000,2,0,2,0,1,0,0,0,0,2,0,0,2,0,1,2,1
279,1935.042,-7097.568,-240.171,126.533,-0.591954,-0.802550,0.074192,0.803829,-0.594582,-0.018222,0.058737,0.048851,0.997078,0,0.74359,-0.37349,44.615,-0.747,-1,375.000,-1,375.000,950.000,300.000,300.000,300.000,325.000,-1,300.000,300.000,-1,700.000,650.000,-1,850.000,2,0,2,0,1,0,0,0,0,2,0,0,2,0,1,2,1
280,1906.274,-7057.389,-237.369,125.601,-0.578584,-0.812060,0.076151,0.813376,-0.581395,-0.019972,0.060492,0.050384,0.996896,0,0.82359,-0.46633,49.415,-0.933,-1,375.000,-1,375.000,925.000,300.000,300.000,300.000,325.000,-1,300.000,325.000,-1,725.000,650.000,-1,800.000,2,0,2,0,1,0,0,0,0,2,0,0,2,0,1,2,1
281,1875.443,-7012.793,-234.226,124.656,-0.564886,-0.821480,0.077933,0.822825,-0.567877,-0.021778,0.062146,0.051823,0.996721,0,0.90359,-0.47264,54.215,-0.945,-1,375.000,-1,375.000,900.000,300.000,300.000,300.000,325.000,-1,325.000,325.000,-1,725.000,625.000,-1,775.000,2,0,2,0,1,0,0,0,0,2,0,0,2,0,1,2,1
282,1844.232,-6965.988,-230.920,123.696,-0.550827,-0.830814,0.079613,0.832189,-0.553993,-0.023529,0.063654,0.053293,0.996548,0,0.93760,-0.47993,56.256,-0.960,-1,375.000,-1,375.000,850.000,325.000,300.000,300.000,325.000,-1,350.000,325.000,-1,750.000,600.000,-1,725.000,2,0,2,0,1,0,0,0,0,2,0,0,2,0,1,2,1
283,1813.368,-6917.952,-227.531,122.720,-0.536401,-0.840059,0.081093,0.841464,-0.539727,-0.025168,0.064911,0.054737,0.996389,0,0.95160,-0.48771,57.096,-0.975,-1,375.000,-1,375.000,800.000,325.000,325.000,300.000,325.000,-1,375.000,350.000,-1,750.000,575.000,-1,700.000,2,0,2,0,1,0,0,0,0,2,0,0,2,0,1,2,1
284,1782.894,-6868.668,-224.064,121.729,-0.521599,-0.849206,0.082359,0.850642,-0.525068,-0.026677,0.065899,0.056143,0.996246,0,0.96575,-0.49577,57.945,-0.992,-1,400.000,-1,375.000,750.000,325.000,325.000,300.000,325.000,-1,400.000,350.000,-1,725.000,550.000,-1,650.000,2,0,2,1,1,0,0,0,0,2,0,0,2,1,1,2,1
285,1752.854,-6818.118,-220.520,120.720,-0.506411,-0.858248,0.083416,0.859716,-0.510002,-0.028039,0.066607,0.057515,0.996120,0,0.98002,-0.50418,58.801,-1.008,-1,400.000,-1,350.000,700.000,325.000,325.000,300.000,325.000,-1,425.000,375.000,-1,700.000,525.000,-1,600.000,2,0,2,1,1,0,0,0,0,2,0,0,2,1,1,2,1
286,1723.297,-6766.290,-216.898,119.694,-0.490822,-0.867175,0.084271,0.868678,-0.494514,-0.029236,0.067026,0.058855,0.996014,0,0.99438,-0.51301,59.663,-1.026,-1,400.000,-1,350.000,650.000,325.000,300.000,300.000,325.000,-1,450.000,375.000,-1,650.000,500.000,-1,550.000,2,0,2,1,1,0,1,0,0,2,0,0,2,1,1,2,1
287,1694.529,-6713.636,-213.066,118.650,-0.474835,-0.875955,0.085057,0.877552,-0.478570,-0.029559,0.066598,0.060606,0.995938,0,1.00000,-0.52236,60.000,-1.045,-1,400.000,-1,325.000,575.000,325.000,300.000,300.000,325.000,-1,475.000,425.000,-1,600.000,475.000,-1,500.000,2,1,2,1,1,1,1,0,0,2,0,0,2,1,1,2,1
288,1666.743,-6660.457,-209.139,117.585,-0.458459,-0.884624,0.085185,0.886289,-0.462180,-0.029687,0.065633,0.061888,0.995923,0,1.00000,-0.53217,60.000,-1.064,-1,375.000,-1,300.000,525.000,300.000,275.000,300.000,325.000,-1,550.000,475.000,-1,575.000,450.000,-1,450.000,2,1,2,1,1,1,1,0,0,2,0,0,2,1,1,2,1
289,1639.973,-6606.759,-204.351,116.500,-0.441592,-0.893345,0.083255,0.894685,-0.445411,-0.033882,0.067351,0.059525,0.995952,0,1.00000,-0.54247,60.000,-1.085,-1,350.000,-1,300.000,500.000,275.000,275.000,300.000,325.000,-1,550.000,500.000,-1,525.000,425.000,-1,400.000,2,1,2,1,1,1,1,0,0,2,0,0,2,1,1,2,1
290,1614.247,-6552.553,-198.507,115.394,-0.424252,-0.902123,0.078635,0.902650,-0.428236,-0.042863,0.072342,0.052795,0.995982,0,1.00000,-0.55336,60.000,-1.107,-1,325.000,-1,300.000,525.000,275.000,250.000,300.000,350.000,-1,475.000,475.000,-1,525.000,425.000,-1,400.000,2,1,2,1,1,1,1,0,0,2,0,0,2,1,1,2,1
291,1589.595,-6497.849,-192.624,114.264,-0.406475,-0.910722,0.073234,0.910361,-0.410511,-0.052189,0.077593,0.045456,0.995948,0,1.00000,-0.56498,60.000,-1.130,-1,325.000,-1,275.000,550.000,275.000,250.000,300.000,375.000,-1,400.000,450.000,-1,500.000,425.000,-1,400.000,2,1,2,1,1,1,1,0,1,2,0,0,2,1,1,2,1
292,1566.051,-6442.660,-186.706,113.109,-0.388245,-0.919112,0.067073,0.917808,-0.392198,-0.061722,0.083035,0.037597,0.995837,0,1.00000,-0.57750,60.000,-1.155,-1,300.000,-1,275.000,-1,250.000,250.000,275.000,400.000,-1,325.000,425.000,-1,475.000,425.000,-1,400.000,2,1,2,1,2,1,1,0,1,2,0,0,2,1,1,2,1
293,1543.644,-6386.998,-178.784,111.926,-0.368419,-0.927015,0.070080,0.924787,-0.373153,-0.074332,0.095057,0.037423,0.994768,0,1.00000,-0.59112,60.000,-1.182,-1,300.000,-1,300.000,-1,250.000,250.000,300.000,400.000,-1,225.000,325.000,-1,475.000,450.000,-1,425.000,2,1,2,1,2,1,1,0,1,2,0,0,2,1,1,2,1
294,1522.417,-6330.874,-170.084,110.714,-0.347395,-0.934585,0.076601,0.931277,-0.353414,-0.088436,0.109723,0.040615,0.993132,0,1.00000,-0.60611,60.000,-1.212,-1,325.000,-1,300.000,-1,275.000,250.000,325.000,400.000,-1,150.000,225.000,-1,500.000,475.000,-1,-1,2,1,2,1,2,1,1,0,1,2,0,0,2,1,1,2,2
295,1502.414,-6274.301,-161.598,109.469,-0.325515,-0.941890,0.082963,0.937386,-0.332960,-0.102202,0.123886,0.044500,0.991298,0,1.00000,-0.62278,60.000,-1.246,-1,325.000,-1,300.000,-1,275.000,275.000,350.000,400.000,950.000,125.000,175.000,-1,525.000,575.000,-1,-1,2,1,2,1,2,1,1,0,1,0,0,0,2,1,1,2,2
296,327.959,327.937,-14.940,-148.038,-0.834966,0.527226,-0.157687,-0.534769,-0.844974,0.006477,-0.129827,0.089735,0.987468,1,0.00000,0.00000,60.000,-1.283,-1,375.000,-1,375.000,850.000,300.000,300.000,325.000,300.000,-1,-1,-1,-1,675.000,625.000,-1,950.000,2,0,2,0,0,0,0,0,0,2,2,2,2,0,0,2,0
297,332.021,330.494,-14.315,-147.798,-0.832689,0.530734,-0.157960,-0.538323,-0.842715,0.006317,-0.129763,0.090293,0.987425,0,-0.08000,0.12000,-4.800,0.240,-1,375.000,-1,375.000,850.000,300.000,300.000,325.000,300.000,-1,-1,-1,-1,675.000,625.000,-1,950.000,2,0,2,0,0,0,0,0,0,2,2,2,2,0,0,2,0
298,340.110,335.664,-13.061,-147.412,-0.828986,0.536344,-0.158481,-0.544007,-0.839059,0.005992,-0.129761,0.091182,0.987344,0,-0.16000,0.19262,-9.600,0.385,-1,375.000,-1,375.000,875.000,300.000,300.000,325.000,300.000,-1,-1,-1,-1,675.000,625.000,-1,950.000,2,0,2,0,0,0,0,0,0,2,2,2,2,0,0,2,0
299,352.192,343.501,-11.175,-147.027,-0.825204,0.541930,-0.159218,-0.549665,-0.835367,0.005500,-0.130025,0.092055,0.987228,0,-0.24000,0.19262,-14.400,0.385,-1,375.000,-1,375.000,875.000,300.000,300.000,300.000,300.000,-1,-1,-1,-1,675.000,625.000,-1,950.000,2,0,2,0,0,0,0,0,0,2,2,2,2,0,0,2,0
