timestep,x_cm,y_cm,z_cm,yaw_deg,basis_xx,basis_xy,basis_xz,basis_yx,basis_yy,basis_yz,basis_zx,basis_zy,basis_zz,teleport_flag,throttle_cmd,steering_cmd,cmd_move_cm,cmd_turn_deg,lidar_cm_0,lidar_cm_1,lidar_cm_2,lidar_cm_3,lidar_cm_4,lidar_cm_5,lidar_cm_6,lidar_cm_7,lidar_cm_8,lidar_cm_9,lidar_cm_10,lidar_cm_11,lidar_cm_12,lidar_cm_13,lidar_cm_14,lidar_cm_15,lidar_cm_16,lidar_class_0,lidar_class_1,lidar_class_2,lidar_class_3,lidar_class_4,lidar_class_5,lidar_class_6,lidar_class_7,lidar_class_8,lidar_class_9,lidar_class_10,lidar_class_11,lidar_class_12,lidar_class_13,lidar_class_14,lidar_class_15,lidar_class_16
0,-9511.430,-979.099,-56.446,92.084,-0.019470,-0.983607,-0.179270,0.995457,-0.035786,0.088234,-0.093203,-0.176738,0.979835,1,0.08000,0.12000,4.800,0.240,-1,675.000,-1,225.000,-1,275.000,175.000,125.000,450.000,-1,0.000,-1,-1,-1,375.000,-1,650.000,2,1,2,0,2,1,0,1,0,2,0,2,2,2,0,2,0
1,-9511.872,-969.510,-57.426,92.564,-0.026690,-0.982525,-0.184205,0.994925,-0.043992,0.090492,-0.097014,-0.180855,0.978713,0,0.16000,0.24000,9.600,0.480,-1,675.000,-1,200.000,-1,275.000,150.000,125.000,450.000,-1,0.000,-1,-1,-1,375.000,-1,575.000,2,1,2,0,2,1,0,1,0,2,0,2,2,2,0,2,0
2,-9512.716,-955.136,-58.944,93.284,-0.037403,-0.980709,-0.191860,0.993997,-0.056267,0.093833,-0.102818,-0.187199,0.976926,0,0.24000,0.36000,14.400,0.720,-1,675.000,-1,200.000,-1,275.000,150.000,125.000,475.000,-1,0.000,-1,-1,-1,350.000,-1,500.000,2,1,2,0,2,1,0,1,0,2,0,2,2,2,0,2,0
3,-9514.165,-935.993,-61.053,94.244,-0.051460,-0.977921,-0.202538,0.992519,-0.072563,0.098187,-0.110716,-0.195970,0.974340,0,0.32000,0.48000,19.200,0.960,-1,675.000,-1,200.000,-1,275.000,150.000,125.000,475.000,-1,0.000,-1,-1,-1,325.000,-1,425.000,2,1,2,0,2,1,0,1,0,2,0,2,2,2,0,2,0
4,-9516.480,-912.108,-63.830,95.444,-0.068633,-0.973834,-0.216648,0.990298,-0.092803,0.103431,-0.120830,-0.207447,0.970755,0,0.40000,0.60000,24.000,1.200,-1,650.000,-1,175.000,-1,300.000,125.000,125.000,525.000,-1,0.000,-1,-1,-1,300.000,-1,325.000,2,1,2,0,2,1,0,1,0,2,0,2,2,2,0,2,0
5,-9519.903,-883.516,-67.346,96.724,-0.085916,-0.968364,-0.234284,0.987373,-0.114170,0.109813,-0.133087,-0.221891,0.965946,0,0.48000,0.64024,28.800,1.280,-1,650.000,-1,150.000,-1,300.000,125.000,150.000,575.000,-1,0.000,-1,-1,-1,250.000,-1,250.000,2,1,2,0,2,1,0,1,0,2,0,2,2,2,0,2,0
6,-9524.656,-850.257,-71.693,98.016,-0.101763,-0.961367,-0.255768,0.983811,-0.135379,0.117428,-0.147517,-0.239677,0.959580,0,0.56000,0.64576,33.600,1.292,-1,600.000,-1,125.000,-1,300.000,100.000,150.000,650.000,-1,0.000,-1,-1,-1,225.000,-1,200.000,2,1,2,0,2,1,1,1,0,2,0,2,2,2,0,2,0
7,-8855.090,-2295.783,-33.570,167.935,-0.977415,-0.208722,-0.033079,0.210140,-0.976511,-0.047609,-0.022365,-0.053485,0.998318,1,0.00000,0.00000,38.400,1.308,850.000,400.000,-1,400.000,-1,325.000,325.000,300.000,300.000,-1,825.000,900.000,-1,775.000,875.000,-1,-1,1,1,2,0,2,0,0,0,0,2,0,0,2,1,0,2,2
8,-8859.780,-2294.760,-33.681,167.695,-0.976533,-0.212810,-0.033083,0.214224,-0.975625,-0.047579,-0.022151,-0.053550,0.998319,0,0.08000,-0.12000,4.800,-0.240,850.000,400.000,-1,400.000,-1,325.000,325.000,300.000,300.000,-1,825.000,900.000,-1,775.000,875.000,-1,-1,1,1,2,0,2,0,0,0,0,2,0,0,2,1,0,2,2
9,-8869.142,-2292.636,-33.899,167.215,-0.974718,-0.220974,-0.033092,0.222379,-0.973801,-0.047520,-0.021724,-0.053678,0.998322,0,0.16000,-0.24000,9.600,-0.480,850.000,400.000,-1,400.000,-1,325.000,325.000,300.000,300.000,-1,825.000,900.000,-1,775.000,875.000,-1,-1,1,1,2,0,2,0,0,0,0,2,0,0,2,1,0,2,2
10,-8883.144,-2289.273,-34.217,166.495,-0.971867,-0.233191,-0.033107,0.234584,-0.970938,-0.047431,-0.021085,-0.053863,0.998326,0,0.24000,-0.36000,14.400,-0.720,850.000,400.000,-1,400.000,-1,325.000,325.000,300.000,300.000,-1,850.000,900.000,-1,800.000,875.000,-1,-1,1,1,2,0,2,0,0,0,0,2,0,0,2,1,0,2,2
11,-8901.735,-2284.477,-34.625,165.535,-0.967828,-0.249422,-0.033131,0.250798,-0.966883,-0.047311,-0.020234,-0.054098,0.998331,0,0.32000,-0.48000,19.200,-0.960,875.000,400.000,-1,400.000,-1,325.000,325.000,300.000,300.000,-1,850.000,925.000,-1,825.000,875.000,-1,-1,1,1,2,0,2,0,0,0,0,2,0,0,2,1,0,2,2
12,-8924.844,-2277.996,-35.110,164.335,-0.962398,-0.269613,-0.033168,0.270968,-0.961433,-0.047158,-0.019174,-0.054373,0.998337,0,0.40000,-0.60000,24.000,-1.200,875.000,400.000,-1,400.000,-1,325.000,325.000,300.000,300.000,-1,875.000,925.000,-1,850.000,875.000,-1,-1,1,0,2,0,2,0,0,0,0,2,0,0,2,1,0,2,2
13,-8952.371,-2269.526,-35.653,162.895,-0.955325,-0.293684,-0.033220,0.295013,-0.954338,-0.046969,-0.017909,-0.054671,0.998344,0,0.48000,-0.72000,28.800,-1.440,925.000,400.000,-1,400.000,-1,325.000,325.000,300.000,300.000,-1,900.000,950.000,-1,900.000,875.000,-1,-1,1,0,2,0,2,0,0,0,0,2,0,0,2,0,0,2,2
14,-8984.182,-2258.706,-36.237,161.215,-0.946314,-0.321531,-0.033293,0.322831,-0.945302,-0.046737,-0.016444,-0.054976,0.998352,0,0.56000,-0.84000,33.600,-1.680,-1,400.000,-1,400.000,-1,325.000,325.000,300.000,300.000,-1,925.000,975.000,-1,900.000,900.000,-1,-1,2,0,2,0,2,0,0,0,0,2,0,0,2,0,0,2,2
15,-9020.128,-2245.197,-36.840,159.403,-0.935685,-0.351252,-0.033396,0.352522,-0.934650,-0.046451,-0.014898,-0.055236,0.998362,0,0.64000,-0.90591,38.400,-1.812,-1,425.000,-1,400.000,-1,325.000,325.000,300.000,300.000,-1,975.000,1000.000,-1,925.000,900.000,-1,-1,2,0,2,0,2,0,0,0,0,2,0,0,2,0,0,2,2
16,-9060.071,-2228.740,-37.440,157.609,-0.924237,-0.380342,-0.033552,0.381581,-0.923187,-0.046058,-0.013457,-0.055371,0.998375,0,0.72000,-0.89713,43.200,-1.794,-1,425.000,-1,400.000,-1,325.000,325.000,300.000,300.000,-1,-1,-1,-1,950.000,925.000,-1,-1,2,0,2,0,2,0,0,0,0,2,2,2,2,0,0,2,2
17,-9103.865,-2209.090,-38.010,155.834,-0.912020,-0.408753,-0.033777,0.409965,-0.910967,-0.045464,-0.012186,-0.055312,0.998395,0,0.80000,-0.88742,48.000,-1.775,-1,425.000,-1,425.000,-1,350.000,325.000,300.000,300.000,-1,-1,-1,-1,950.000,925.000,-1,-1,2,0,2,0,2,0,0,0,0,2,2,2,2,0,0,2,2
18,-9151.355,-2186.011,-39.023,154.081,-0.899027,-0.436395,-0.036206,0.437715,-0.897946,-0.045812,-0.012519,-0.057034,0.998294,0,0.88000,-0.87675,52.800,-1.754,-1,425.000,-1,425.000,-1,350.000,325.000,300.000,300.000,-1,-1,-1,-1,950.000,925.000,-1,-1,2,0,2,0,2,0,0,0,0,2,2,2,2,0,0,2,2
19,-9198.116,-2161.515,-39.995,152.350,-0.885371,-0.463261,-0.038830,0.464704,-0.884268,-0.046056,-0.013000,-0.058821,0.998184,0,0.87980,-0.86515,52.788,-1.730,-1,425.000,-1,425.000,-1,350.000,325.000,300.000,300.000,-1,-1,-1,-1,950.000,925.000,-1,-1,2,0,2,0,2,0,0,0,0,2,2,2,2,0,0,2,2
20,-9243.791,-2135.826,-40.877,150.643,-0.871107,-0.489345,-0.041402,0.490909,-0.869991,-0.046094,-0.013464,-0.060477,0.998079,0,0.87337,-0.85341,52.402,-1.707,-1,425.000,-1,425.000,-1,325.000,325.000,275.000,300.000,-1,-1,-1,-1,925.000,925.000,-1,-1,2,0,2,0,2,0,0,1,0,2,2,2,2,0,0,2,2
21,-9288.315,-2109.029,-41.704,148.956,-0.856252,-0.514702,-0.043754,0.516374,-0.855133,-0.045879,-0.013801,-0.061878,0.997988,0,0.86609,-0.84356,51.965,-1.687,-1,425.000,-1,425.000,-1,325.000,325.000,275.000,300.000,-1,-1,-1,-1,925.000,925.000,-1,-1,2,0,2,0,2,0,0,1,0,2,2,2,2,0,0,2,2
22,-9331.628,-2081.196,-42.456,147.274,-0.840701,-0.539545,-0.045965,0.541317,-0.839588,-0.045468,-0.014059,-0.063107,0.997908,0,0.85807,-0.84120,51.484,-1.682,-1,425.000,-1,425.000,-1,325.000,325.000,275.000,300.000,-1,-1,-1,-1,925.000,925.000,-1,-1,2,0,2,0,2,0,0,1,0,2,2,2,2,0,0,2,2
23,-9373.680,-2052.398,-43.123,145.595,-0.824462,-0.563872,-0.048067,0.565737,-0.823363,-0.044890,-0.014264,-0.064204,0.997835,0,0.84944,-0.83943,50.967,-1.679,-1,425.000,-1,425.000,-1,325.000,325.000,275.000,300.000,-1,-1,-1,-1,900.000,900.000,-1,-1,2,0,2,0,2,0,0,1,0,2,2,2,2,0,0,2,2
24,-9414.432,-2022.702,-43.888,143.919,-0.807521,-0.587708,-0.050087,0.589649,-0.806498,-0.043294,-0.014951,-0.064495,0.997806,0,0.84038,-0.83825,50.423,-1.677,-1,425.000,-1,425.000,-1,325.000,325.000,275.000,300.000,-1,-1,-1,-1,900.000,900.000,-1,-1,2,0,2,0,2,0,0,1,0,2,2,2,2,0,0,2,2
25,-9453.856,-1992.168,-44.785,142.243,-0.789878,-0.611060,-0.051942,0.613050,-0.789004,-0.040539,-0.016210,-0.063864,0.997827,0,0.83108,-0.83767,49.865,-1.675,-1,400.000,-1,425.000,-1,325.000,325.000,275.000,300.000,-1,-1,-1,-1,925.000,875.000,-1,-1,2,0,2,0,2,0,0,1,0,2,2,2,2,1,0,2,2
26,-9491.938,-1960.852,-45.582,140.568,-0.771564,-0.633894,-0.053546,0.635915,-0.770836,-0.037745,-0.017349,-0.063173,0.997852,0,0.82173,-0.83766,49.304,-1.675,-1,400.000,-1,400.000,-1,325.000,325.000,300.000,300.000,-1,-1,-1,-1,975.000,-1,-1,-1,2,0,2,0,2,0,0,1,0,2,2,2,2,1,2,2,2
27,-9528.670,-1928.798,-46.282,138.892,-0.752583,-0.656205,-0.054902,0.658241,-0.751997,-0.034926,-0.018367,-0.062423,0.997881,0,0.81251,-0.83821,48.750,-1.676,-1,400.000,-1,400.000,-1,325.000,325.000,300.000,300.000,-1,-1,-1,-1,-1,-1,-1,-1,2,1,2,0,2,0,0,1,0,2,2,2,2,2,2,2,2
28,-9564.055,-1896.045,-46.899,137.213,-0.732940,-0.677984,-0.056014,0.680022,-0.732486,-0.032161,-0.019225,-0.061663,0.997912,0,0.80360,-0.83931,48.216,-1.679,-1,400.000,-1,400.000,-1,325.000,325.000,325.000,300.000,-1,-1,-1,-1,-1,-1,-1,-1,2,1,2,0,2,0,0,0,0,2,2,2,2,2,2,2,2
29,-9598.102,-1862.624,-47.852,135.531,-0.712691,-0.699150,-0.057106,0.701232,-0.712232,-0.031607,-0.018575,-0.062571,0.997868,0,0.79515,-0.84092,47.709,-1.682,-1,400.000,-1,400.000,-1,325.000,325.000,325.000,300.000,-1,-1,-1,-1,-1,-1,-1,-1,2,1,2,0,2,0,0,0,0,2,2,2,2,2,2,2,2
30,-9630.825,-1828.556,-48.723,133.845,-0.691785,-0.719763,-0.058096,0.721885,-0.691314,-0.031102,-0.017777,-0.063455,0.997826,0,0.78729,-0.84302,47.237,-1.686,-1,425.000,-1,400.000,-1,325.000,325.000,325.000,300.000,-1,-1,-1,-1,-1,-1,-1,-1,2,1,2,0,2,0,0,0,0,2,2,2,2,2,2,2,2
31,-9662.240,-1793.855,-49.488,132.154,-0.670220,-0.739816,-0.058972,0.741970,-0.669738,-0.030524,-0.016914,-0.064213,0.997793,0,0.78013,-0.84559,46.808,-1.691,-1,425.000,-1,400.000,-1,325.000,325.000,325.000,300.000,-1,-1,-1,-1,-1,-1,-1,-1,2,1,2,0,2,0,0,0,0,2,2,2,2,2,2,2,2
32,-9692.363,-1758.531,-50.150,130.457,-0.647999,-0.759295,-0.059731,0.761473,-0.647507,-0.029880,-0.015988,-0.064846,0.997767,0,0.77373,-0.84858,46.424,-1.697,-1,425.000,-1,400.000,-1,325.000,325.000,325.000,300.000,-1,-1,-1,-1,-1,-1,-1,-1,2,1,2,0,2,0,0,0,0,2,2,2,2,2,2,2,2
33,-9721.214,-1722.587,-50.718,128.753,-0.625121,-0.778186,-0.060415,0.780383,-0.624621,-0.029179,-0.015030,-0.065387,0.997747,0,0.76816,-0.85198,46.089,-1.704,-1,425.000,-1,400.000,-1,325.000,325.000,325.000,300.000,-1,-1,-1,-1,-1,-1,-1,-1,2,1,2,0,2,0,0,0,0,2,2,2,2,2,2,2,2
34,-9751.871,-1681.967,-51.497,127.041,-0.601519,-0.796416,-0.062425,0.798718,-0.601041,-0.028277,-0.015000,-0.066869,0.997649,0,0.84816,-0.85575,50.889,-1.712,-1,450.000,-1,400.000,-1,325.000,325.000,325.000,300.000,-1,-1,-1,-1,-1,-1,-1,-1,2,1,2,0,2,1,0,0,0,2,2,2,2,2,2,2,2
35,-9783.916,-1636.420,-52.436,125.126,-0.574420,-0.815930,-0.065578,0.818413,-0.573993,-0.027060,-0.015563,-0.069214,0.997480,0,0.92816,-0.95773,55.689,-1.915,-1,450.000,-1,-1,-1,325.000,325.000,300.000,325.000,950.000,-1,-1,-1,-1,-1,-1,-1,2,1,2,2,2,1,0,0,0,1,2,2,2,2,2,2,2
36,-9816.797,-1586.230,-53.450,123.228,-0.546878,-0.834320,-0.069531,0.837044,-0.546545,-0.025424,-0.016790,-0.072104,0.997256,0,1.00000,-0.94890,60.000,-1.898,-1,450.000,-1,-1,-1,325.000,325.000,300.000,325.000,925.000,-1,-1,-1,-1,-1,-1,-1,2,1,2,2,2,1,0,0,0,1,2,2,2,2,2,2,2
37,-9848.017,-1534.991,-54.438,121.351,-0.519003,-0.851577,-0.073836,0.854575,-0.518799,-0.023435,-0.018349,-0.075261,0.996995,0,1.00000,-0.93865,60.000,-1.877,-1,450.000,-1,-1,-1,325.000,-1,300.000,325.000,925.000,-1,-1,-1,-1,-1,-1,-1,2,1,2,2,2,1,2,0,0,1,2,2,2,2,2,2,2
38,-9877.563,-1482.769,-55.391,119.496,-0.490877,-0.867694,-0.078408,0.870995,-0.490840,-0.021071,-0.020203,-0.078636,0.996699,0,1.00000,-0.92725,60.000,-1.855,-1,-1,-1,-1,-1,-1,-1,300.000,325.000,950.000,-1,-1,-1,-1,-1,-1,-1,2,2,2,2,2,2,2,0,0,1,2,2,2,2,2,2,2
39,-9905.425,-1429.629,-56.754,117.667,-0.462725,-0.882787,-0.081070,0.886253,-0.462822,-0.018728,-0.020988,-0.080514,0.996532,0,1.00000,-0.91465,60.000,-1.829,-1,-1,-1,-1,-1,-1,-1,300.000,325.000,-1,-1,-1,-1,-1,-1,-1,-1,2,2,2,2,2,2,2,0,0,2,2,2,2,2,2,2,2
40,-9931.600,-1375.637,-59.056,115.865,-0.434351,-0.897022,-0.081799,0.900400,-0.434899,-0.011925,-0.024877,-0.078832,0.996577,0,1.00000,-0.90077,60.000,-1.802,-1,-1,-1,-1,-1,-1,-1,300.000,325.000,-1,-1,-1,-1,-1,-1,-1,-1,2,2,2,2,2,2,2,1,0,2,2,2,2,2,2,2,2
41,-9956.079,-1320.854,-67.288,114.094,-0.405425,-0.911494,-0.069342,0.912922,-0.407620,0.020495,-0.046946,-0.054995,0.997382,0,1.00000,-0.88558,60.000,-1.771,-1,-1,-1,-1,-1,-1,-1,325.000,250.000,-1,-1,-1,-1,-1,-1,-1,-1,2,2,2,2,2,2,2,1,0,2,2,2,2,2,2,2,2
42,-9978.889,-1265.354,-75.888,112.356,-0.377485,-0.924437,-0.054052,0.923317,-0.380197,0.054192,-0.070648,-0.029451,0.997066,0,1.00000,-0.86904,60.000,-1.738,-1,-1,-1,-1,-1,-1,-1,350.000,200.000,-1,-1,-1,-1,-1,-1,-1,-1,2,2,2,2,2,2,2,1,0,2,2,2,2,2,2,2,2
43,2951.686,3607.631,48.102,166.826,-0.970109,-0.227900,-0.083363,0.226312,-0.973648,0.028148,-0.087582,0.008441,0.996122,1,0.00000,0.00000,60.000,-1.702,-1,400.000,-1,375.000,-1,325.000,325.000,300.000,300.000,-1,850.000,950.000,-1,750.000,700.000,-1,-1,2,0,2,0,2,0,0,0,0,2,0,0,2,0,0,2,2
44,2947.017,3608.744,47.682,166.586,-0.969148,-0.231977,-0.083295,0.230414,-0.972688,0.028049,-0.087527,0.007991,0.996130,0,0.08000,-0.12000,4.800,-0.240,-1,400.000,-1,375.000,-1,325.000,325.000,300.000,300.000,-1,850.000,925.000,-1,750.000,700.000,-1,-1,2,0,2,0,2,0,0,0,0,2,0,0,2,0,0,2,2
45,2937.698,3611.049,46.844,166.106,-0.967175,-0.240119,-0.083159,0.238604,-0.970718,0.027847,-0.087410,0.007091,0.996147,0,0.16000,-0.24000,9.600,-0.480,-1,400.000,-1,375.000,-1,325.000,325.000,300.000,300.000,-1,850.000,925.000,-1,750.000,700.000,-1,-1,2,0,2,0,2,0,0,0,0,2,0,0,2,0,0,2,2
46,2923.758,3614.659,45.586,165.481,-0.964504,-0.250699,-0.082953,0.249252,-0.968047,0.027540,-0.087207,0.005886,0.996173,0,0.24000,-0.31262,14.400,-0.625,-1,400.000,-1,375.000,-1,325.000,325.000,300.000,300.000,-1,825.000,900.000,-1,750.000,700.000,-1,-1,2,0,2,0,2,0,0,0,0,2,0,0,2,0,0,2,2
47,2905.225,3619.675,43.910,164.856,-0.961724,-0.261250,-0.082680,0.259879,-0.965260,0.027122,-0.086893,0.004597,0.996207,0,0.32000,-0.31262,19.200,-0.625,-1,400.000,-1,375.000,-1,325.000,325.000,300.000,300.000,-1,800.000,900.000,-1,750.000,700.000,-1,-1,2,0,2,0,2,0,0,0,0,2,0,0,2,0,0,2,2
48,2882.128,3626.198,41.819,164.230,-0.958834,-0.271769,-0.082335,0.270484,-0.962357,0.026591,-0.086463,0.003226,0.996250,0,0.40000,-0.31262,24.000,-0.625,-1,400.000,-1,375.000,-1,325.000,325.000,300.000,300.000,-1,800.000,875.000,-1,750.000,700.000,-1,-1,2,0,2,0,2,0,0,0,0,2,0,0,2,0,0,2,2
49,2854.499,3634.326,39.316,163.605,-0.955835,-0.282255,-0.081919,0.281066,-0.959338,0.025947,-0.085912,0.001777,0.996301,0,0.48000,-0.31262,28.800,-0.625,-1,400.000,-1,375.000,-1,325.000,325.000,300.000,300.000,-1,775.000,850.000,-1,750.000,700.000,-1,-1,2,0,2,0,2,0,0,0,0,2,0,0,2,0,0,2,2
50,2822.371,3644.161,36.406,162.980,-0.952729,-0.292708,-0.081427,0.291622,-0.956202,0.025189,-0.085233,0.000252,0.996361,0,0.56000,-0.31262,33.600,-0.625,-1,400.000,-1,375.000,-1,325.000,325.000,300.000,300.000,-1,750.000,825.000,-1,750.000,700.000,-1,-1,2,0,2,0,2,0,0,0,0,2,0,0,2,0,0,2,2
51,2785.777,3655.801,33.093,162.355,-0.949515,-0.303124,-0.080855,0.302150,-0.952950,0.024314,-0.084421,-0.001344,0.996429,0,0.64000,-0.31262,38.400,-0.625,-1,400.000,-1,375.000,-1,325.000,325.000,300.000,300.000,-1,725.000,825.000,-1,750.000,700.000,-1,-1,2,0,2,0,2,0,0,0,0,2,0,0,2,0,0,2,2
52,2744.755,3669.344,29.384,161.729,-0.946194,-0.313504,-0.080201,0.312649,-0.949582,0.023324,-0.083469,-0.003006,0.996506,0,0.72000,-0.31262,43.200,-0.625,-1,400.000,-1,375.000,-1,325.000,325.000,300.000,300.000,-1,725.000,800.000,-1,750.000,700.000,-1,-1,2,0,2,0,2,0,0,0,0,2,0,0,2,0,0,2,2
53,2699.342,3684.888,25.334,161.104,-0.942761,-0.323845,-0.079540,0.323098,-0.946099,0.022448,-0.082522,-0.004536,0.996579,0,0.80000,-0.31262,48.000,-0.625,-1,400.000,-1,375.000,-1,325.000,325.000,300.000,300.000,-1,700.000,800.000,-1,750.000,725.000,-1,-1,2,0,2,0,2,0,0,0,0,2,0,0,2,0,0,2,2
54,2650.089,3702.350,21.006,160.479,-0.939230,-0.334148,-0.078694,0.333496,-0.942502,0.021673,-0.081412,-0.005888,0.996663,0,0.87096,-0.31262,52.257,-0.625,-1,400.000,-1,375.000,-1,325.000,325.000,300.000,300.000,-1,700.000,775.000,-1,750.000,725.000,-1,-1,2,0,2,0,2,0,0,0,0,2,0,0,2,0,0,2,2
55,2601.029,3720.348,16.710,159.854,-0.935586,-0.344410,-0.077848,0.343851,-0.938792,0.020899,-0.080281,-0.007215,0.996746,0,0.87096,-0.31262,52.257,-0.625,-1,400.000,-1,375.000,-1,325.000,325.000,300.000,300.000,-1,675.000,775.000,-1,750.000,725.000,-1,-1,2,0,2,0,2,0,0,0,0,2,0,0,2,0,0,2,2
56,2552.168,3738.881,12.473,159.228,-0.931818,-0.354630,-0.077160,0.354169,-0.934967,0.020032,-0.079246,-0.008661,0.996817,0,0.87096,-0.31262,52.257,-0.625,-1,400.000,-1,375.000,-1,325.000,325.000,300.000,300.000,-1,675.000,775.000,-1,750.000,725.000,-1,-1,2,0,2,0,2,0,0,0,0,2,0,0,2,0,0,2,2
57,2503.512,3757.945,8.367,158.603,-0.927918,-0.364805,-0.076721,0.364454,-0.931027,0.019037,-0.078374,-0.010296,0.996871,0,0.87096,-0.31262,52.257,-0.625,-1,400.000,-1,375.000,-1,325.000,325.000,300.000,300.000,-1,675.000,775.000,-1,750.000,725.000,-1,-1,2,0,2,0,2,0,0,0,0,2,0,0,2,0,0,2,2
58,2455.068,3777.539,4.289,157.978,-0.923907,-0.374937,-0.076283,0.374685,-0.926975,0.018132,-0.077510,-0.011830,0.996921,0,0.87096,-0.31262,52.257,-0.625,-1,400.000,-1,375.000,-1,325.000,325.000,300.000,300.000,-1,675.000,775.000,-1,750.000,725.000,-1,-1,2,0,2,0,2,0,0,0,0,2,0,0,2,0,0,2,2
59,2406.840,3797.661,0.243,157.353,-0.919783,-0.385023,-0.075867,0.384867,-0.922811,0.017246,-0.076651,-0.013336,0.996969,0,0.87096,-0.31262,52.257,-0.625,-1,400.000,-1,375.000,-1,325.000,325.000,300.000,300.000,-1,700.000,775.000,-1,750.000,725.000,-1,-1,2,0,2,0,2,0,0,0,0,2,0,0,2,0,0,2,2
60,2358.834,3818.307,-3.768,156.727,-0.915549,-0.395062,-0.075474,0.395000,-0.918535,0.016384,-0.075798,-0.014812,0.997013,0,0.87096,-0.31262,52.257,-0.625,-1,400.000,-1,375.000,-1,325.000,325.000,300.000,300.000,-1,700.000,800.000,-1,750.000,750.000,-1,-1,2,0,2,0,2,0,0,0,0,2,0,0,2,0,0,2,2
61,2311.056,3839.477,-7.743,156.102,-0.911204,-0.405052,-0.075104,0.405080,-0.914149,0.015546,-0.074953,-0.016257,0.997055,0,0.87096,-0.31262,52.257,-0.625,-1,400.000,-1,375.000,-1,325.000,325.000,300.000,300.000,-1,725.000,800.000,-1,750.000,750.000,-1,-1,2,0,2,0,2,0,0,0,0,2,0,0,2,0,0,2,2
62,2263.513,3861.166,-11.682,155.477,-0.906748,-0.414994,-0.074757,0.415108,-0.909653,0.014735,-0.074118,-0.017671,0.997093,0,0.87096,-0.31262,52.257,-0.625,-1,400.000,-1,375.000,-1,325.000,325.000,300.000,300.000,-1,725.000,800.000,-1,750.000,750.000,-1,-1,2,0,2,0,2,0,0,0,0,2,0,0,2,0,0,2,2
63,2216.209,3883.373,-15.583,154.852,-0.902182,-0.424885,-0.074432,0.425082,-0.905047,0.013954,-0.073293,-0.019051,0.997128,0,0.87096,-0.31262,52.257,-0.625,-1,400.000,-1,400.000,-1,325.000,325.000,300.000,300.000,-1,750.000,825.000,-1,750.000,750.000,-1,-1,2,0,2,0,2,0,0,0,0,2,0,0,2,0,0,2,2
64,2169.150,3906.095,-19.459,154.227,-0.897506,-0.434724,-0.074144,0.434998,-0.900334,0.013270,-0.072524,-0.020342,0.997159,0,0.87096,-0.31262,52.257,-0.625,-1,400.000,-1,400.000,-1,325.000,325.000,300.000,325.000,-1,750.000,850.000,-1,750.000,775.000,-1,-1,2,0,2,0,2,0,0,0,0,2,0,0,2,0,0,2,2
65,2122.341,3929.329,-23.353,153.601,-0.892714,-0.444514,-0.073948,0.444837,-0.895518,0.012949,-0.071978,-0.021335,0.997178,0,0.87096,-0.31262,52.257,-0.625,-1,400.000,-1,400.000,-1,325.000,325.000,300.000,325.000,-1,800.000,875.000,-1,750.000,775.000,-1,-1,2,0,2,0,2,0,0,0,0,2,0,0,2,0,0,2,2
66,2075.789,3953.073,-27.174,152.976,-0.887812,-0.454251,-0.073791,0.454613,-0.890597,0.012792,-0.071529,-0.022189,0.997192,0,0.87096,-0.31262,52.257,-0.625,-1,400.000,-1,400.000,-1,325.000,325.000,300.000,325.000,-1,825.000,900.000,-1,750.000,775.000,-1,-1,2,0,2,0,2,0,0,0,0,2,0,0,2,0,0,2,2
67,2029.499,3977.323,-30.933,152.351,-0.882816,-0.463935,-0.073493,0.464330,-0.885572,0.012655,-0.070955,-0.022953,0.997215,0,0.87096,-0.31262,52.257,-0.625,-1,400.000,-1,400.000,-1,325.000,325.000,300.000,325.000,-1,850.000,925.000,-1,750.000,775.000,-1,-1,2,0,2,0,2,0,0,0,0,2,0,0,2,0,0,2,2
68,1983.477,4002.077,-34.635,151.726,-0.877719,-0.473563,-0.073127,0.473987,-0.880442,0.012541,-0.070323,-0.023653,0.997244,0,0.87096,-0.31262,52.257,-0.625,-1,400.000,-1,400.000,-1,325.000,325.000,300.000,325.000,-1,875.000,950.000,-1,750.000,800.000,-1,-1,2,0,2,0,2,0,0,0,0,2,0,0,2,0,0,2,2
69,1939.170,4026.778,-38.182,150.860,-0.870472,-0.486793,-0.072875,0.487255,-0.873170,0.012501,-0.069718,-0.024627,0.997263,0,0.84545,-0.43262,50.727,-0.865,-1,400.000,-1,400.000,-1,325.000,325.000,300.000,325.000,-1,925.000,975.000,-1,775.000,800.000,-1,-1,2,0,2,0,2,0,0,0,0,2,0,0,2,0,0,2,2
70,1895.282,4052.217,-41.704,149.901,-0.862196,-0.501329,-0.072711,0.501838,-0.864872,0.012412,-0.069108,-0.025788,0.997276,0,0.84545,-0.47966,50.727,-0.959,-1,400.000,-1,400.000,-1,325.000,325.000,300.000,325.000,-1,950.000,1000.000,-1,775.000,800.000,-1,-1,2,0,2,0,2,0,0,0,0,2,0,0,2,0,0,2,2
71,1851.827,4078.387,-45.212,148.942,-0.853676,-0.515723,-0.072578,0.516281,-0.856331,0.012297,-0.068493,-0.026973,0.997287,0,0.84545,-0.47966,50.727,-0.959,-1,400.000,-1,400.000,-1,325.000,325.000,300.000,325.000,-1,975.000,-1,-1,775.000,800.000,-1,-1,2,0,2,0,2,0,0,0,0,2,0,2,2,0,0,2,2
72,1808.816,4105.281,-48.694,147.982,-0.844910,-0.529969,-0.072531,0.530581,-0.847547,0.012141,-0.067908,-0.028226,0.997292,0,0.84545,-0.47966,50.727,-0.959,-1,400.000,-1,400.000,-1,325.000,325.000,300.000,325.000,-1,1000.000,-1,-1,775.000,825.000,-1,-1,2,0,2,0,2,0,0,0,0,2,0,2,2,0,0,2,2
73,1766.261,4132.892,-52.187,147.023,-0.835896,-0.544066,-0.072592,0.544725,-0.838527,0.012135,-0.067473,-0.029399,0.997288,0,0.84545,-0.47966,50.727,-0.959,-1,400.000,-1,400.000,-1,325.000,325.000,300.000,325.000,-1,-1,-1,-1,775.000,825.000,-1,-1,2,0,2,0,2,0,0,0,0,2,2,2,2,0,0,2,2
74,1724.174,4161.211,-55.731,146.064,-0.826635,-0.558013,-0.072771,0.558698,-0.829277,0.012478,-0.067311,-0.030342,0.997271,0,0.84545,-0.47966,50.727,-0.959,-1,400.000,-1,400.000,-1,325.000,325.000,300.000,325.000,-1,-1,-1,-1,775.000,850.000,-1,-1,2,0,2,0,2,0,0,0,0,2,2,2,2,0,0,2,2
75,1682.490,4190.284,-59.265,145.105,-0.817142,-0.571791,-0.073032,0.572503,-0.819802,0.012859,-0.067224,-0.031304,0.997247,0,0.84702,-0.47927,50.821,-0.959,-1,400.000,-1,400.000,-1,325.000,325.000,300.000,325.000,-1,-1,-1,-1,775.000,850.000,-1,-1,2,0,2,0,2,0,0,0,0,2,2,2,2,0,0,2,2
76,1640.994,4220.267,-62.806,144.150,-0.807447,-0.585359,-0.073375,0.586098,-0.810132,0.013283,-0.067219,-0.032280,0.997216,0,0.85324,-0.47754,51.194,-0.955,-1,400.000,-1,400.000,-1,325.000,325.000,300.000,325.000,-1,-1,-1,-1,775.000,850.000,-1,-1,2,0,2,0,2,0,0,0,0,2,2,2,2,0,0,2,2
77,1599.706,4251.155,-66.353,143.199,-0.797562,-0.598705,-0.073804,0.599470,-0.800279,0.013758,-0.067301,-0.033270,0.997178,0,0.85939,-0.47550,51.563,-0.951,-1,400.000,-1,400.000,-1,325.000,325.000,300.000,300.000,-1,-1,-1,-1,775.000,850.000,-1,-1,2,0,2,0,2,0,0,0,0,2,2,2,2,0,0,2,2
78,1558.646,4282.943,-69.966,142.253,-0.787518,-0.611823,-0.074088,0.612604,-0.790260,0.014345,-0.067325,-0.034089,0.997149,0,0.86544,-0.47314,51.926,-0.946,-1,400.000,-1,400.000,-1,325.000,325.000,300.000,300.000,-1,-1,-1,-1,800.000,875.000,-1,-1,2,0,2,0,2,0,0,0,0,2,2,2,2,0,0,2,2
79,1517.836,4315.623,-73.592,141.312,-0.777301,-0.624702,-0.074503,0.625484,-0.780088,0.015212,-0.067622,-0.034776,0.997105,0,0.87137,-0.47045,52.282,-0.941,-1,400.000,-1,400.000,-1,325.000,325.000,300.000,300.000,-1,-1,-1,-1,800.000,875.000,-1,-1,2,0,2,0,2,0,0,0,0,2,2,2,2,0,0,2,2
80,1477.297,4349.187,-77.222,140.377,-0.766936,-0.637330,-0.074967,0.638115,-0.769773,0.016084,-0.067958,-0.035503,0.997056,0,0.87716,-0.46741,52.630,-0.935,-1,400.000,-1,400.000,-1,325.000,325.000,300.000,300.000,-1,-1,-1,-1,800.000,875.000,-1,-1,2,0,2,0,2,0,0,0,0,2,2,2,2,0,0,2,2
81,1437.051,4383.622,-80.863,139.449,-0.756438,-0.649695,-0.075484,0.650489,-0.759328,0.016915,-0.068306,-0.036307,0.997004,0,0.88278,-0.46401,52.967,-0.928,-1,400.000,-1,400.000,-1,325.000,325.000,300.000,300.000,-1,-1,-1,-1,800.000,875.000,-1,-1,2,0,2,0,2,0,0,0,0,2,2,2,2,0,0,2,2
82,1400.831,4415.373,-84.164,138.761,-0.748516,-0.658752,-0.075960,0.659548,-0.751455,0.017640,-0.068701,-0.036896,0.996955,0,0.80278,-0.34401,48.167,-0.688,-1,400.000,-1,400.000,-1,325.000,325.000,300.000,300.000,-1,-1,-1,-1,800.000,875.000,-1,-1,2,0,2,0,2,0,0,0,0,2,2,2,2,0,0,2,2
83,1367.031,4445.474,-87.240,138.313,-0.743292,-0.664601,-0.076303,0.665387,-0.746274,0.018313,-0.069114,-0.037159,0.996916,0,0.75433,-0.22401,45.260,-0.448,-1,400.000,-1,400.000,-1,325.000,325.000,300.000,300.000,-1,-1,-1,-1,800.000,875.000,-1,-1,2,0,2,0,2,0,0,0,0,2,2,2,2,0,0,2,2
84,1333.145,4475.873,-90.347,138.105,-0.740823,-0.667305,-0.076718,0.668073,-0.743854,0.018954,-0.069715,-0.037212,0.996873,0,0.75872,-0.10401,45.523,-0.208,-1,400.000,-1,425.000,-1,325.000,325.000,300.000,300.000,-1,-1,-1,-1,-1,850.000,-1,-1,2,0,2,0,2,0,0,0,0,2,2,2,2,2,0,2,2
85,1299.047,4506.427,-93.490,138.137,-0.741142,-0.666894,-0.077212,0.667636,-0.744231,0.019560,-0.070508,-0.037053,0.996823,0,0.76308,0.01599,45.785,0.032,-1,400.000,-1,425.000,-1,325.000,325.000,300.000,300.000,-1,-1,-1,-1,-1,850.000,-1,-1,2,0,2,0,2,0,0,0,0,2,2,2,2,2,0,2,2
86,1264.607,4536.995,-96.802,138.409,-0.744236,-0.663374,-0.077761,0.664037,-0.747412,0.020743,-0.071880,-0.036198,0.996756,0,0.76748,0.13599,46.049,0.272,-1,400.000,-1,425.000,-1,325.000,325.000,300.000,300.000,-1,-1,-1,-1,-1,850.000,-1,-1,2,0,2,0,2,0,0,0,0,2,2,2,2,2,0,2,2
87,1229.694,4567.431,-100.284,138.921,-0.750074,-0.656705,-0.078275,0.657239,-0.753350,0.022373,-0.073661,-0.034664,0.996681,0,0.77194,0.25599,46.316,0.512,-1,400.000,-1,400.000,-1,325.000,325.000,300.000,300.000,-1,-1,-1,-1,-1,825.000,-1,-1,2,0,2,0,2,0,0,0,0,2,2,2,2,2,0,2,2
88,1194.175,4597.583,-103.905,139.673,-0.758607,-0.646807,-0.078460,0.647183,-0.761958,0.023987,-0.075298,-0.032581,0.996629,0,0.77651,0.37599,46.591,0.752,-1,400.000,-1,400.000,-1,325.000,325.000,300.000,300.000,-1,-1,-1,-1,-1,825.000,-1,-1,2,0,2,0,2,0,0,0,0,2,2,2,2,2,0,2,2
89,1157.930,4627.306,-107.585,140.648,-0.769484,-0.633798,-0.078705,0.634007,-0.772906,0.025513,-0.077001,-0.030268,0.996571,0,0.78124,0.48733,46.874,0.975,-1,400.000,-1,400.000,-1,325.000,325.000,300.000,300.000,-1,-1,-1,-1,-1,800.000,-1,-1,2,0,2,0,2,0,0,0,0,2,2,2,2,2,0,2,2
90,1120.951,4656.588,-111.330,141.627,-0.780191,-0.620533,-0.079004,0.620579,-0.783681,0.026957,-0.078641,-0.027996,0.996510,0,0.78614,0.48980,47.169,0.980,-1,400.000,-1,400.000,-1,325.000,325.000,300.000,300.000,-1,-1,-1,-1,-1,800.000,-1,-1,2,0,2,0,2,0,0,0,0,2,2,2,2,2,0,2,2
91,1083.238,4685.410,-115.144,142.612,-0.790723,-0.607010,-0.079350,0.606906,-0.794273,0.028197,-0.080142,-0.025862,0.996448,0,0.79109,0.49229,47.465,0.985,-1,400.000,-1,400.000,-1,325.000,325.000,300.000,300.000,-1,-1,-1,-1,-1,775.000,-1,-1,2,0,2,0,2,0,0,0,0,2,2,2,2,2,0,2,2
92,1044.793,4713.754,-118.996,143.601,-0.801076,-0.593229,-0.079728,0.593002,-0.804676,0.029067,-0.081399,-0.023994,0.996393,0,0.79606,0.49481,47.764,0.990,-1,400.000,-1,400.000,-1,325.000,325.000,300.000,300.000,-1,-1,-1,-1,-1,775.000,-1,-1,2,0,2,0,2,0,0,0,0,2,2,2,2,2,0,2,2
93,1005.618,4741.599,-122.888,144.596,-0.811242,-0.579194,-0.080129,0.578853,-0.814887,0.029793,-0.082552,-0.022214,0.996339,0,0.80106,0.49737,48.064,0.995,-1,400.000,-1,400.000,-1,325.000,325.000,300.000,325.000,-1,-1,-1,-1,-1,775.000,-1,-1,2,0,2,0,2,0,0,0,0,2,2,2,2,2,0,2,2
94,965.713,4768.927,-126.820,145.596,-0.821216,-0.564905,-0.080545,0.564461,-0.824901,0.030374,-0.083600,-0.020521,0.996288,0,0.80608,0.49998,48.365,1.000,-1,-1,-1,400.000,-1,325.000,325.000,300.000,325.000,-1,-1,-1,-1,-1,-1,-1,-1,2,2,2,0,2,0,0,0,0,2,2,2,2,2,2,2,2
95,921.209,4798.011,-131.155,146.836,-0.833241,-0.546942,-0.081013,0.546389,-0.836964,0.030823,-0.084663,-0.018581,0.996236,0,0.88608,0.61998,53.165,1.240,-1,-1,-1,400.000,-1,325.000,325.000,300.000,325.000,-1,-1,-1,-1,-1,-1,-1,-1,2,2,2,0,2,0,0,0,0,2,2,2,2,2,2,2,2
96,871.884,4828.457,-135.899,148.316,-0.847089,-0.525163,-0.081513,0.524499,-0.850843,0.031095,-0.085685,-0.016413,0.996187,0,0.96608,0.73998,57.965,1.480,-1,-1,-1,400.000,-1,-1,325.000,300.000,325.000,-1,-1,-1,-1,-1,-1,-1,-1,2,2,2,0,2,2,0,0,0,2,2,2,2,2,2,2,2
97,820.255,4858.222,-140.770,150.036,-0.862477,-0.499408,-0.082011,0.498625,-0.866255,0.031244,-0.086645,-0.013946,0.996142,0,0.99324,0.85998,59.594,1.720,-1,-1,-1,400.000,-1,-1,325.000,300.000,325.000,-1,-1,-1,-1,-1,-1,-1,-1,2,2,2,0,2,2,1,0,0,2,2,2,2,2,2,2,2
98,767.365,4886.546,-145.929,151.830,-0.877802,-0.472060,-0.081385,0.471110,-0.881504,0.031720,-0.086715,-0.010497,0.996178,0,0.99995,0.89712,59.997,1.794,-1,-1,-1,-1,-1,-1,-1,300.000,325.000,-1,-1,-1,-1,-1,-1,-1,-1,2,2,2,2,2,2,2,0,0,2,2,2,2,2,2,2,2
99,713.604,4913.193,-154.968,153.629,-0.890558,-0.444071,-0.098523,0.444021,-0.895704,0.023647,-0.098748,-0.022687,0.994854,0,1.00000,0.89930,60.000,1.799,-1,-1,-1,-1,-1,-1,-1,275.000,325.000,-1,-1,-1,-1,-1,-1,-1,-1,2,2,2,2,2,2,2,0,0,2,2,2,2,2,2,2,2
100,659.019,4938.120,-168.131,155.432,-0.899763,-0.415211,-0.134259,0.418448,-0.908230,0.004492,-0.123803,-0.052139,0.990936,0,1.00000,0.90148,60.000,1.803,-1,-1,-1,-1,-1,-1,-1,200.000,375.000,-1,-1,-1,-1,-1,-1,-1,-1,2,2,2,2,2,2,2,0,0,2,2,2,2,2,2,2,2
101,603.668,4961.297,-181.629,157.239,-0.906858,-0.385538,-0.170204,0.394042,-0.918916,-0.017994,-0.149465,-0.083386,0.985245,0,1.00000,0.90370,60.000,1.807,-1,-1,-1,-1,-1,-1,-1,150.000,400.000,-1,-1,-1,-1,-1,-1,-1,-1,2,2,2,2,2,2,2,0,0,2,2,2,2,2,2,2,2
102,-983.899,-4263.559,9.279,53.429,0.595723,-0.803069,0.013924,0.803144,0.595785,0.000331,-0.008562,0.010986,0.999903,1,0.00000,0.00000,60.000,1.812,-1,400.000,-1,400.000,-1,325.000,325.000,300.000,300.000,-1,-1,-1,-1,750.000,750.000,-1,-1,2,0,2,0,2,0,0,0,0,2,2,2,2,0,0,2,2
103,-981.055,-4259.692,9.231,53.669,0.592354,-0.805557,0.013944,0.805633,0.592415,0.000313,-0.008513,0.011048,0.999903,0,0.08000,0.12000,4.800,0.240,-1,400.000,-1,400.000,-1,325.000,325.000,300.000,300.000,-1,-1,-1,-1,750.000,750.000,-1,-1,2,0,2,0,2,0,0,0,0,2,2,2,2,0,0,2,2
104,-975.432,-4251.911,9.135,54.149,0.585584,-0.810491,0.013985,0.810568,0.585645,0.000280,-0.008417,0.011172,0.999902,0,0.16000,0.24000,9.600,0.480,-1,400.000,-1,400.000,-1,325.000,325.000,300.000,300.000,-1,-1,-1,-1,750.000,750.000,-1,-1,2,0,2,0,2,0,0,0,0,2,2,2,2,0,0,2,2
105,-967.146,-4240.134,8.995,54.869,0.575353,-0.817784,0.014048,0.817863,0.575413,0.000234,-0.008275,0.011354,0.999901,0,0.24000,0.36000,14.400,0.720,-1,400.000,-1,400.000,-1,325.000,325.000,300.000,300.000,-1,-1,-1,-1,750.000,750.000,-1,-1,2,0,2,0,2,0,0,0,0,2,2,2,2,0,0,2,2
106,-956.362,-4224.249,8.811,55.829,0.561571,-0.827308,0.014135,0.827389,0.561629,0.000180,-0.008087,0.011594,0.999900,0,0.32000,0.48000,19.200,0.960,-1,400.000,-1,400.000,-1,325.000,325.000,300.000,300.000,-1,-1,-1,-1,750.000,750.000,-1,-1,2,0,2,0,2,0,0,0,0,2,2,2,2,0,0,2,2
107,-943.245,-4204.150,8.586,56.869,0.546458,-0.837366,0.014241,0.837449,0.546515,0.000133,-0.007894,0.011853,0.999899,0,0.40000,0.52014,24.000,1.040,-1,400.000,-1,400.000,-1,325.000,325.000,300.000,300.000,-1,-1,-1,-1,750.000,750.000,-1,-1,2,0,2,0,2,0,0,0,0,2,2,2,2,0,0,2,2
108,-927.945,-4179.751,8.323,57.909,0.531164,-0.847147,0.014362,0.847234,0.531221,0.000105,-0.007718,0.012112,0.999897,0,0.48000,0.52014,28.800,1.040,-1,400.000,-1,400.000,-1,325.000,325.000,300.000,300.000,-1,-1,-1,-1,750.000,750.000,-1,-1,2,0,2,0,2,0,0,0,0,2,2,2,2,0,0,2,2
109,-910.614,-4150.965,8.028,58.950,0.515696,-0.856649,0.014509,0.856739,0.515751,0.000072,-0.007545,0.012394,0.999895,0,0.56000,0.52014,33.600,1.040,-1,400.000,-1,400.000,-1,325.000,325.000,300.000,300.000,-1,-1,-1,-1,750.000,750.000,-1,-1,2,0,2,0,2,0,0,0,0,2,2,2,2,0,0,2,2
110,-891.408,-4117.713,7.702,59.990,0.500057,-0.865868,0.014694,0.865961,0.500111,0.000068,-0.007408,0.012691,0.999892,0,0.64000,0.52014,38.400,1.040,-1,400.000,-1,400.000,-1,325.000,325.000,300.000,300.000,-1,-1,-1,-1,750.000,750.000,-1,-1,2,0,2,0,2,0,0,0,0,2,2,2,2,0,0,2,2
111,-870.484,-4079.918,7.373,61.030,0.484250,-0.874800,0.015037,0.874898,0.484306,0.000126,-0.007393,0.013095,0.999887,0,0.72000,0.52014,43.200,1.040,-1,400.000,-1,400.000,-1,325.000,325.000,300.000,300.000,-1,-1,-1,-1,750.000,750.000,-1,-1,2,0,2,0,2,0,0,0,0,2,2,2,2,0,0,2,2
112,-848.002,-4037.509,7.014,62.071,0.468283,-0.883444,0.015401,0.883547,0.468342,0.000236,-0.007421,0.013497,0.999881,0,0.80000,0.52014,48.000,1.040,-1,400.000,-1,400.000,-1,325.000,325.000,300.000,300.000,-1,-1,-1,-1,750.000,750.000,-1,-1,2,0,2,0,2,0,0,0,0,2,2,2,2,0,0,2,2
113,-824.925,-3992.000,6.716,63.111,0.452163,-0.891793,0.015931,0.891906,0.452221,0.000034,-0.007234,0.014194,0.999873,0,0.85043,0.52014,51.026,1.040,-1,400.000,-1,400.000,-1,325.000,325.000,300.000,300.000,-1,-1,-1,-1,750.000,750.000,-1,-1,2,0,2,0,2,0,0,0,0,2,2,2,2,0,0,2,2
114,-802.678,-3946.080,6.469,64.151,0.435896,-0.899845,0.016544,0.899971,0.435951,-0.000318,-0.006926,0.015027,0.999863,0,0.85043,0.52014,51.026,1.040,-1,400.000,-1,400.000,-1,325.000,325.000,300.000,300.000,-1,-1,-1,-1,750.000,725.000,-1,-1,2,0,2,0,2,0,0,0,0,2,2,2,2,0,0,2,2
115,-781.268,-3899.763,6.225,65.191,0.419485,-0.907601,0.017141,0.907738,0.419537,-0.000600,-0.006646,0.015811,0.999853,0,0.85043,0.52014,51.026,1.040,-1,400.000,-1,400.000,-1,325.000,325.000,300.000,300.000,-1,-1,-1,-1,750.000,725.000,-1,-1,2,0,2,0,2,0,0,0,0,2,2,2,2,0,0,2,2
116,-760.703,-3853.065,5.974,66.232,0.402936,-0.915056,0.017747,0.915206,0.402985,-0.000874,-0.006352,0.016595,0.999842,0,0.85043,0.52014,51.026,1.040,-1,400.000,-1,400.000,-1,325.000,325.000,300.000,300.000,-1,-1,-1,-1,750.000,725.000,-1,-1,2,0,2,0,2,0,0,0,0,2,2,2,2,0,0,2,2
117,-740.989,-3806.002,5.707,67.272,0.386256,-0.922209,0.018368,0.922372,0.386300,-0.001215,-0.005975,0.017412,0.999831,0,0.85043,0.52014,51.026,1.040,-1,400.000,-1,400.000,-1,325.000,325.000,300.000,300.000,-1,-1,-1,-1,750.000,750.000,-1,-1,2,0,2,0,2,0,0,0,0,2,2,2,2,0,0,2,2
118,-722.132,-3758.588,5.481,68.312,0.369452,-0.929060,0.018790,0.929234,0.369489,-0.001608,-0.005449,0.018054,0.999822,0,0.85043,0.52014,51.026,1.040,-1,400.000,-1,400.000,-1,325.000,325.000,300.000,300.000,-1,-1,-1,-1,750.000,750.000,-1,-1,2,0,2,0,2,0,0,0,0,2,2,2,2,0,0,2,2
119,-704.140,-3710.840,5.248,69.352,0.352528,-0.935603,0.019249,0.935788,0.352557,-0.001990,-0.004925,0.018714,0.999813,0,0.85043,0.52014,51.026,1.040,-1,400.000,-1,400.000,-1,325.000,325.000,300.000,300.000,-1,-1,-1,-1,750.000,750.000,-1,-1,2,0,2,0,2,0,0,0,0,2,2,2,2,0,0,2,2
120,-687.017,-3662.773,5.008,70.393,0.335488,-0.941838,0.019744,0.942034,0.335508,-0.002362,-0.004400,0.019392,0.999802,0,0.85043,0.52014,51.026,1.040,-1,400.000,-1,400.000,-1,325.000,325.000,300.000,300.000,-1,-1,-1,-1,750.000,750.000,-1,-1,2,0,2,0,2,0,0,0,0,2,2,2,2,0,0,2,2
121,-670.770,-3614.403,4.763,71.433,0.318337,-0.947761,0.020271,0.947970,0.318349,-0.002725,-0.003871,0.020084,0.999791,0,0.85043,0.52014,51.026,1.040,-1,400.000,-1,400.000,-1,325.000,325.000,300.000,300.000,-1,-1,-1,-1,750.000,750.000,-1,-1,2,0,2,0,2,0,0,0,0,2,2,2,2,0,0,2,2
122,-655.404,-3565.746,4.553,72.473,0.301086,-0.953373,0.020667,0.953592,0.301086,-0.003144,-0.003225,0.020654,0.999781,0,0.85043,0.52014,51.026,1.040,-1,400.000,-1,400.000,-1,325.000,325.000,300.000,300.000,-1,-1,-1,-1,750.000,750.000,-1,-1,2,0,2,0,2,0,0,0,0,2,2,2,2,0,0,2,2
123,-640.924,-3516.818,4.399,73.514,0.283739,-0.958675,0.020841,0.958898,0.283726,-0.003665,-0.002400,0.021025,0.999776,0,0.85043,0.52014,51.026,1.040,-1,400.000,-1,400.000,-1,325.000,325.000,300.000,275.000,-1,-1,-1,-1,750.000,750.000,-1,-1,2,0,2,0,2,0,0,0,0,2,2,2,2,0,0,2,2
124,-627.374,-3468.567,4.253,74.314,0.270333,-0.962537,0.021042,0.962765,0.270306,-0.004173,-0.001671,0.021387,0.999770,0,0.83529,0.40014,50.117,0.800,-1,400.000,-1,400.000,-1,325.000,325.000,300.000,275.000,-1,-1,-1,-1,750.000,750.000,-1,-1,2,0,2,0,2,0,0,0,0,2,2,2,2,0,0,2,2
125,-614.296,-3420.186,4.108,74.874,0.260919,-0.965127,0.021236,0.965360,0.260879,-0.004679,-0.001025,0.021721,0.999764,0,0.83529,0.28014,50.117,0.560,-1,400.000,-1,400.000,-1,325.000,325.000,300.000,275.000,-1,-1,-1,-1,750.000,750.000,-1,-1,2,0,2,0,2,0,0,0,0,2,2,2,2,0,0,2,2
126,-601.489,-3371.733,3.957,75.194,0.255531,-0.966564,0.021382,0.966801,0.255479,-0.005186,-0.000450,0.021997,0.999758,0,0.83529,0.16014,50.117,0.320,-1,400.000,-1,400.000,-1,325.000,325.000,300.000,275.000,-1,-1,-1,-1,750.000,750.000,-1,-1,2,0,2,0,2,0,0,0,0,2,2,2,2,0,0,2,2
127,-588.750,-3323.262,3.926,75.275,0.254178,-0.966906,0.022067,0.967157,0.254120,-0.005449,-0.000339,0.022727,0.999742,0,0.83529,0.04014,50.117,0.080,-1,400.000,-1,400.000,-1,325.000,325.000,300.000,275.000,-1,-1,-1,-1,750.000,750.000,-1,-1,2,0,2,0,2,0,0,0,0,2,2,2,2,0,0,2,2
128,-575.877,-3274.826,3.911,75.115,0.256874,-0.966176,0.022782,0.966445,0.256810,-0.005747,-0.000298,0.023493,0.999724,0,0.83529,-0.07986,50.117,-0.160,-1,400.000,-1,400.000,-1,325.000,325.000,300.000,275.000,-1,-1,-1,-1,750.000,750.000,-1,-1,2,0,2,0,2,0,0,0,0,2,2,2,2,0,0,2,2
129,-562.665,-3226.481,3.888,74.715,0.263608,-0.964347,0.023373,0.964630,0.263540,-0.006004,-0.000370,0.024129,0.999709,0,0.83529,-0.19986,50.117,-0.400,-1,400.000,-1,400.000,-1,325.000,325.000,300.000,275.000,-1,-1,-1,-1,775.000,750.000,-1,-1,2,0,2,0,2,0,0,0,0,2,2,2,2,0,0,2,2
130,-548.914,-3178.287,3.899,74.075,0.274356,-0.961337,0.023678,0.961628,0.274289,-0.006111,-0.000620,0.024447,0.999701,0,0.83529,-0.31986,50.117,-0.640,-1,400.000,-1,400.000,-1,325.000,325.000,300.000,275.000,-1,-1,-1,-1,775.000,750.000,-1,-1,2,0,2,0,2,0,0,0,0,2,2,2,2,0,0,2,2
131,-534.425,-3130.310,3.894,73.196,0.289081,-0.957009,0.023799,0.957304,0.289015,-0.006236,-0.000911,0.024586,0.999697,0,0.83529,-0.43986,50.117,-0.880,-1,400.000,-1,400.000,-1,325.000,325.000,300.000,275.000,-1,-1,-1,-1,775.000,750.000,-1,-1,2,0,2,0,2,0,0,0,0,2,2,2,2,0,0,2,2
132,-519.001,-3082.625,3.847,72.076,0.307724,-0.951178,0.023803,0.951475,0.307661,-0.006324,-0.001308,0.024594,0.999697,0,0.83529,-0.55986,50.117,-1.120,-1,400.000,-1,400.000,-1,325.000,325.000,300.000,275.000,-1,-1,-1,-1,800.000,750.000,-1,-1,2,0,2,0,2,0,0,0,0,2,2,2,2,0,0,2,2
133,-502.586,-3035.272,3.750,70.880,0.327499,-0.944554,0.023717,0.944850,0.327442,-0.006369,-0.001751,0.024495,0.999698,0,0.83529,-0.59779,50.117,-1.196,-1,400.000,-1,400.000,-1,325.000,325.000,300.000,275.000,-1,-1,-1,-1,800.000,750.000,-1,-1,2,0,2,0,2,0,0,0,0,2,2,2,2,0,0,2,2
134,-485.186,-2988.272,3.599,69.685,0.347132,-0.937520,0.023557,0.937814,0.347081,-0.006368,-0.002206,0.024302,0.999702,0,0.83529,-0.59779,50.117,-1.196,-1,400.000,-1,400.000,-1,325.000,325.000,300.000,275.000,-1,-1,-1,-1,800.000,750.000,-1,-1,2,0,2,0,2,0,0,0,0,2,2,2,2,0,0,2,2
135,-466.809,-2941.646,3.391,68.489,0.366614,-0.930081,0.023321,0.930369,0.366570,-0.006318,-0.002672,0.024014,0.999708,0,0.83529,-0.59779,50.117,-1.196,-1,400.000,-1,400.000,-1,325.000,325.000,300.000,275.000,-1,-1,-1,-1,825.000,750.000,-1,-1,2,0,2,0,2,0,0,0,0,2,2,2,2,0,0,2,2
136,-447.463,-2895.413,3.124,67.294,0.385937,-0.922238,0.023010,0.922520,0.385900,-0.006218,-0.003145,0.023627,0.999716,0,0.83529,-0.59779,50.117,-1.196,-1,400.000,-1,400.000,-1,325.000,325.000,300.000,275.000,-1,-1,-1,-1,825.000,750.000,-1,-1,2,0,2,0,2,0,0,0,0,2,2,2,2,0,0,2,2
137,-427.157,-2849.594,2.796,66.098,0.405092,-0.913996,0.022623,0.914269,0.405063,-0.006062,-0.003623,0.023139,0.999726,0,0.83529,-0.59779,50.117,-1.196,-1,425.000,-1,400.000,-1,325.000,325.000,300.000,275.000,-1,-1,-1,-1,825.000,750.000,-1,-1,2,0,2,0,2,0,0,0,0,2,2,2,2,0,0,2,2
138,-405.899,-2804.208,2.483,64.903,0.424068,-0.905363,0.021999,0.905620,0.424054,-0.005518,-0.004333,0.022262,0.999743,0,0.83529,-0.59779,50.117,-1.196,-1,425.000,-1,400.000,-1,325.000,325.000,300.000,275.000,-1,-1,-1,-1,825.000,750.000,-1,-1,2,0,2,0,2,0,0,0,0,2,2,2,2,0,0,2,2
139,-383.698,-2759.276,2.173,63.707,0.442857,-0.896340,0.021255,0.896577,0.442864,-0.004648,-0.005247,0.021115,0.999763,0,0.83529,-0.59779,50.117,-1.196,-1,400.000,-1,400.000,-1,325.000,325.000,300.000,275.000,-1,-1,-1,-1,825.000,750.000,-1,-1,2,0,2,0,2,0,0,0,0,2,2,2,2,0,0,2,2
140,-360.565,-2714.817,1.822,62.511,0.461454,-0.886927,0.020506,0.887142,0.461482,-0.003639,-0.006236,0.019871,0.999783,0,0.83529,-0.59779,50.117,-1.196,-1,400.000,-1,400.000,-1,325.000,325.000,275.000,275.000,-1,-1,-1,-1,825.000,725.000,-1,-1,2,0,2,0,2,0,0,0,0,2,2,2,2,0,0,2,2
141,-336.509,-2670.850,1.344,61.316,0.479849,-0.877133,0.019548,0.877319,0.479903,-0.002148,-0.007497,0.018181,0.999807,0,0.83529,-0.59779,50.117,-1.196,-1,400.000,-1,375.000,-1,325.000,325.000,275.000,275.000,-1,-1,-1,-1,800.000,725.000,-1,-1,2,0,2,0,2,0,0,0,0,2,2,2,2,0,0,2,2
142,-311.541,-2627.395,0.811,60.120,0.498039,-0.866956,0.018550,0.867110,0.498116,-0.000523,-0.008786,0.016345,0.999828,0,0.83529,-0.59779,50.117,-1.196,-1,400.000,-1,375.000,-1,325.000,325.000,275.000,275.000,-1,-1,-1,-1,800.000,700.000,-1,-1,2,0,2,0,2,0,0,0,0,2,2,2,2,0,0,2,2
143,-285.672,-2584.470,0.233,58.925,0.516015,-0.856400,0.017538,0.856520,0.516112,0.001180,-0.010062,0.014413,0.999846,0,0.83529,-0.59779,50.117,-1.196,-1,400.000,-1,375.000,-1,325.000,325.000,275.000,300.000,-1,-1,-1,-1,775.000,675.000,-1,-1,2,0,2,0,2,0,0,0,0,2,2,2,2,0,0,2,2
144,-258.913,-2542.094,-0.243,57.729,0.533774,-0.845462,0.016747,0.845557,0.533880,0.002289,-0.010876,0.012939,0.999857,0,0.83529,-0.59779,50.117,-1.196,-1,400.000,-1,375.000,-1,325.000,325.000,275.000,300.000,-1,-1,-1,-1,775.000,675.000,-1,-1,2,0,2,0,2,0,0,0,0,2,2,2,2,0,0,2,2
145,-231.276,-2500.286,-0.524,56.533,0.551305,-0.834146,0.016237,0.834231,0.551409,0.002482,-0.011024,0.012177,0.999865,0,0.83529,-0.59779,50.117,-1.196,-1,400.000,-1,375.000,1000.000,325.000,325.000,275.000,300.000,-1,-1,-1,-1,775.000,675.000,-1,-1,2,0,2,0,0,0,0,0,0,2,2,2,2,0,0,2,2
146,-202.772,-2459.064,-0.845,55.338,0.568597,-0.822467,0.015665,0.822541,0.568700,0.002680,-0.011113,0.011361,0.999874,0,0.83529,-0.59779,50.117,-1.196,-1,400.000,-1,375.000,975.000,325.000,325.000,300.000,300.000,-1,-1,-1,-1,775.000,650.000,-1,-1,2,0,2,0,0,0,0,0,0,2,2,2,2,0,0,2,2
147,-173.415,-2418.445,-1.207,54.142,0.585644,-0.810429,0.015030,0.810492,0.585743,0.002885,-0.011142,0.010492,0.999883,0,0.83529,-0.59779,50.117,-1.196,-1,400.000,-1,375.000,925.000,325.000,325.000,300.000,300.000,-1,-1,-1,-1,775.000,650.000,-1,-1,2,0,2,0,0,0,0,0,0,2,2,2,2,0,0,2,2
148,-143.216,-2378.448,-1.602,52.947,0.602437,-0.798039,0.014298,0.798090,0.602531,0.003100,-0.011089,0.009543,0.999893,0,0.83529,-0.59779,50.117,-1.196,-1,400.000,-1,375.000,900.000,325.000,325.000,300.000,300.000,-1,-1,-1,-1,775.000,650.000,-1,-1,2,0,2,0,0,0,0,0,0,2,2,2,2,0,0,2,2
149,-112.189,-2339.089,-2.032,51.751,0.618969,-0.785300,0.013465,0.785339,0.619057,0.003330,-0.010950,0.008514,0.999904,0,0.83529,-0.59779,50.117,-1.196,-1,400.000,-1,375.000,875.000,325.000,325.000,300.000,300.000,-1,-1,-1,-1,775.000,625.000,-1,-1,2,0,2,0,0,0,0,0,0,2,2,2,2,0,0,2,2
150,-80.348,-2300.387,-2.497,50.556,0.635233,-0.772219,0.012531,0.772246,0.635313,0.003579,-0.010725,0.007404,0.999915,0,0.83529,-0.59779,50.117,-1.196,-1,400.000,-1,375.000,850.000,325.000,325.000,300.000,300.000,-1,-1,-1,-1,775.000,625.000,-1,1000.000,2,0,2,0,0,0,0,0,0,2,2,2,2,0,0,2,0
151,-45.679,-2259.651,-2.668,49.600,0.648059,-0.761529,0.009638,0.761533,0.648114,0.003977,-0.009275,0.004763,0.999946,0,0.89153,-0.47779,53.492,-0.956,-1,400.000,-1,350.000,850.000,325.000,300.000,300.000,300.000,-1,-1,-1,-1,775.000,625.000,-1,1000.000,2,0,2,0,0,0,0,0,0,2,2,2,2,0,0,2,0
152,-10.504,-2219.351,-2.709,48.884,0.657558,-0.753383,0.005579,0.753371,0.657581,0.004511,-0.007067,0.001236,0.999974,0,0.89153,-0.35779,53.492,-0.716,-1,400.000,-1,350.000,850.000,325.000,300.000,300.000,300.000,-1,-1,-1,-1,750.000,625.000,-1,-1,2,0,2,0,0,0,0,0,0,2,2,2,2,0,0,2,2
153,25.004,-2179.345,-2.842,48.409,0.663814,-0.747897,0.001189,0.747884,0.663810,0.005126,-0.004623,-0.002514,0.999986,0,0.89153,-0.23779,53.492,-0.476,-1,400.000,-1,375.000,900.000,325.000,300.000,300.000,300.000,-1,900.000,-1,-1,750.000,625.000,-1,-1,2,0,2,0,0,0,0,0,0,2,0,2,2,0,0,2,2
154,60.677,-2139.485,-3.004,48.173,0.666890,-0.745149,-0.003174,0.745153,0.666869,0.005747,-0.002166,-0.006198,0.999978,0,0.89153,-0.11779,53.492,-0.236,-1,400.000,-1,375.000,925.000,325.000,300.000,300.000,300.000,-1,700.000,-1,-1,750.000,650.000,-1,-1,2,0,2,0,0,0,0,0,0,2,0,2,2,0,0,2,2
155,96.346,-2099.622,-3.100,48.178,0.666824,-0.745182,-0.006992,0.745215,0.666795,0.006285,-0.000022,-0.009401,0.999956,0,0.89153,0.00221,53.492,0.004,-1,400.000,-1,375.000,950.000,325.000,300.000,300.000,300.000,-1,600.000,900.000,-1,750.000,650.000,-1,-1,2,0,2,0,0,0,0,0,0,2,0,0,2,0,0,2,2
156,131.845,-2059.607,-2.971,48.422,0.663628,-0.748004,-0.009407,0.748062,0.663596,0.006668,0.001255,-0.011462,0.999934,0,0.89153,0.12221,53.492,0.244,-1,400.000,-1,375.000,975.000,325.000,300.000,300.000,300.000,-1,625.000,900.000,-1,750.000,650.000,-1,-1,2,0,2,0,0,0,0,0,0,2,0,0,2,0,0,2,2
157,167.004,-2019.294,-2.945,48.906,0.657266,-0.753566,-0.011805,0.753655,0.657230,0.007258,0.002289,-0.013668,0.999904,0,0.89153,0.24221,53.492,0.484,-1,400.000,-1,375.000,1000.000,325.000,300.000,300.000,300.000,-1,625.000,900.000,-1,750.000,650.000,-1,-1,2,0,2,0,0,0,0,0,0,2,0,0,2,0,0,2,2
158,201.807,-1978.672,-2.940,49.412,0.650573,-0.759312,-0.014138,0.759436,0.650536,0.007697,0.003353,-0.015745,0.999870,0,0.89153,0.25273,53.492,0.505,-1,400.000,-1,375.000,1000.000,325.000,300.000,300.000,300.000,-1,625.000,900.000,-1,725.000,650.000,-1,-1,2,0,2,0,0,0,0,0,0,2,0,0,2,0,0,2,2
159,236.249,-1937.744,-2.955,49.917,0.643826,-0.764996,-0.016405,0.765159,0.643792,0.007992,0.004448,-0.017698,0.999833,0,0.89153,0.25273,53.492,0.505,-1,400.000,-1,375.000,-1,325.000,300.000,300.000,300.000,-1,650.000,900.000,-1,725.000,650.000,-1,-1,2,0,2,0,2,0,0,0,0,2,0,0,2,0,0,2,2
160,270.329,-1896.514,-2.991,50.423,0.637024,-0.770619,-0.018602,0.770824,0.636996,0.008145,0.005573,-0.019527,0.999794,0,0.89153,0.25273,53.492,0.505,-1,400.000,-1,375.000,-1,325.000,300.000,300.000,275.000,-1,650.000,900.000,-1,725.000,650.000,-1,-1,2,0,2,0,2,0,0,0,0,2,0,0,2,0,0,2,2
161,304.045,-1854.985,-3.033,50.928,0.630169,-0.776181,-0.020740,0.776429,0.630151,0.008222,0.006688,-0.021285,0.999751,0,0.89153,0.25273,53.492,0.505,-1,400.000,-1,350.000,-1,300.000,300.000,300.000,275.000,-1,650.000,900.000,-1,725.000,625.000,-1,-1,2,0,2,0,2,0,0,0,0,2,0,0,2,0,0,2,2
162,337.392,-1813.161,-3.048,51.434,0.623262,-0.781680,-0.022826,0.781975,0.623255,0.008257,0.007772,-0.022995,0.999705,0,0.89153,0.25273,53.492,0.505,-1,375.000,-1,350.000,-1,300.000,300.000,300.000,275.000,-1,675.000,900.000,-1,725.000,625.000,-1,-1,2,0,2,0,2,0,0,0,0,2,0,0,2,0,0,2,2
163,370.369,-1771.043,-2.133,51.939,0.616309,-0.787109,-0.024979,0.787459,0.616305,0.008777,0.008486,-0.025079,0.999649,0,0.89153,0.25273,53.492,0.505,-1,375.000,-1,350.000,-1,300.000,300.000,300.000,275.000,-1,725.000,950.000,-1,725.000,625.000,-1,-1,2,0,2,0,2,0,0,0,0,2,0,0,2,0,0,2,2
164,402.973,-1728.637,-1.204,52.445,0.609301,-0.792471,-0.027252,0.792884,0.609303,0.009170,0.009338,-0.027195,0.999587,0,0.89153,0.25273,53.492,0.505,-1,375.000,-1,350.000,-1,300.000,300.000,300.000,275.000,-1,700.000,1000.000,-1,725.000,625.000,-1,-1,2,0,2,0,2,0,0,0,0,2,0,0,2,0,0,2,2
165,435.202,-1685.944,-0.233,52.950,0.602234,-0.797764,-0.029780,0.798252,0.602250,0.009431,0.010411,-0.029451,0.999512,0,0.89153,0.25273,53.492,0.505,-1,375.000,-1,375.000,-1,300.000,300.000,300.000,300.000,-1,675.000,-1,-1,725.000,625.000,-1,-1,2,0,2,0,2,0,0,0,0,2,0,2,2,0,0,2,2
166,467.053,-1642.969,0.734,53.455,0.595113,-0.802991,-0.032335,0.803559,0.595148,0.009561,0.011567,-0.031673,0.999431,0,0.89153,0.25273,53.492,0.505,-1,375.000,-1,375.000,-1,300.000,300.000,300.000,300.000,-1,675.000,-1,-1,725.000,650.000,-1,-1,2,0,2,0,2,0,0,0,0,2,0,2,2,0,0,2,2
167,498.523,-1599.714,1.697,53.961,0.587938,-0.808152,-0.034916,0.808805,0.587999,0.009561,0.012803,-0.033861,0.999345,0,0.89153,0.25273,53.492,0.505,-1,375.000,-1,375.000,-1,300.000,300.000,300.000,300.000,-1,650.000,975.000,-1,725.000,650.000,-1,-1,2,0,2,0,2,0,0,0,0,2,0,0,2,0,0,2,2
168,529.611,-1556.184,2.655,54.466,0.580708,-0.813247,-0.037517,0.813989,0.580803,0.009432,0.014120,-0.036015,0.999251,0,0.89153,0.25273,53.492,0.505,-1,375.000,-1,375.000,-1,300.000,300.000,300.000,300.000,-1,650.000,925.000,-1,725.000,650.000,-1,-1,2,0,2,0,2,0,0,0,0,2,0,0,2,0,0,2,2
169,560.314,-1512.381,3.569,54.972,0.573418,-0.818269,-0.040336,0.819114,0.573558,0.009160,0.015640,-0.038292,0.999144,0,0.89153,0.25273,53.492,0.505,-1,375.000,-1,375.000,-1,300.000,300.000,300.000,300.000,-1,625.000,875.000,-1,750.000,650.000,-1,-1,2,0,2,0,2,0,0,0,0,2,0,0,2,0,0,2,2
170,590.628,-1468.308,4.447,55.477,0.566066,-0.823220,-0.043326,0.824177,0.566264,0.008744,0.017336,-0.040658,0.999023,0,0.89153,0.25273,53.492,0.505,-1,400.000,-1,375.000,-1,325.000,300.000,300.000,300.000,-1,600.000,850.000,-1,750.000,650.000,-1,-1,2,0,2,0,2,0,0,0,0,2,0,0,2,0,0,2,2
171,620.553,-1423.970,5.440,55.983,0.558639,-0.828089,-0.046803,0.829184,0.558916,0.008155,0.019406,-0.043364,0.998871,0,0.89153,0.25273,53.492,0.505,-1,400.000,-1,375.000,-1,325.000,300.000,300.000,300.000,-1,575.000,800.000,-1,750.000,675.000,-1,-1,2,0,2,0,2,0,0,0,0,2,0,0,2,0,0,2,2
172,650.085,-1379.369,6.391,56.488,0.551156,-0.832876,-0.050435,0.834129,0.551516,0.007753,0.021358,-0.046342,0.998697,0,0.89153,0.25273,53.492,0.505,-1,400.000,-1,375.000,-1,325.000,300.000,300.000,300.000,-1,550.000,775.000,-1,750.000,675.000,-1,-1,2,0,2,0,2,0,0,0,0,2,0,0,2,0,0,2,2
173,679.222,-1334.510,7.277,56.994,0.543627,-0.837587,-0.054014,0.839008,0.544067,0.007470,0.023130,-0.049379,0.998512,0,0.89153,0.25273,53.492,0.505,-1,400.000,-1,375.000,-1,325.000,300.000,300.000,300.000,-1,550.000,750.000,-1,750.000,675.000,-1,-1,2,0,2,0,2,0,0,0,0,2,0,0,2,0,0,2,2
174,707.963,-1289.395,8.151,57.499,0.536047,-0.842231,-0.057451,0.843821,0.536579,0.007037,0.024900,-0.052251,0.998324,0,0.89153,0.25273,53.492,0.505,-1,400.000,-1,375.000,-1,325.000,325.000,300.000,300.000,1000.000,525.000,750.000,-1,775.000,700.000,-1,-1,2,0,2,0,2,0,0,0,0,0,0,0,2,0,0,2,2
175,736.305,-1244.029,9.149,58.005,0.528456,-0.846834,-0.060054,0.848555,0.529067,0.006540,0.026234,-0.054415,0.998174,0,0.89153,0.25273,53.492,0.505,-1,400.000,-1,375.000,-1,325.000,325.000,300.000,300.000,1000.000,525.000,750.000,-1,775.000,700.000,-1,-1,2,0,2,0,2,0,0,0,0,0,0,0,2,0,0,2,2
176,764.245,-1198.415,10.488,58.510,0.520908,-0.851410,-0.061286,0.853202,0.521540,0.006462,0.026461,-0.055656,0.998099,0,0.89153,0.25273,53.492,0.505,-1,400.000,-1,375.000,-1,325.000,325.000,300.000,300.000,-1,575.000,800.000,-1,775.000,700.000,-1,-1,2,0,2,0,2,0,0,0,0,2,0,0,2,0,0,2,2
177,791.782,-1152.556,11.842,59.015,0.513325,-0.855919,-0.062453,0.857782,0.513974,0.006418,0.026606,-0.056865,0.998027,0,0.89153,0.25273,53.492,0.505,-1,400.000,-1,375.000,-1,325.000,325.000,300.000,300.000,-1,625.000,850.000,-1,775.000,700.000,-1,-1,2,0,2,0,2,0,0,0,0,2,0,0,2,0,0,2,2
178,818.914,-1106.456,13.182,59.521,0.505711,-0.860367,-0.063446,0.862292,0.506372,0.006378,0.026640,-0.057934,0.997965,0,0.89153,0.25273,53.492,0.505,-1,400.000,-1,375.000,-1,325.000,325.000,300.000,300.000,-1,675.000,900.000,-1,800.000,700.000,-1,-1,2,0,2,0,2,0,0,0,0,2,0,0,2,0,0,2,2
179,845.638,-1060.118,14.531,60.026,0.498061,-0.864749,-0.064380,0.866733,0.498732,0.006331,0.026634,-0.058954,0.997905,0,0.89153,0.25273,53.492,0.505,-1,400.000,-1,375.000,-1,325.000,325.000,300.000,300.000,-1,725.000,950.000,-1,800.000,700.000,-1,-1,2,0,2,0,2,0,0,0,0,2,0,0,2,0,0,2,2
180,871.952,-1013.546,15.900,60.532,0.490373,-0.869062,-0.065315,0.871106,0.491055,0.006270,0.026624,-0.059971,0.997845,0,0.89153,0.25273,53.492,0.505,-1,400.000,-1,375.000,-1,325.000,325.000,325.000,300.000,-1,775.000,1000.000,-1,800.000,700.000,-1,-1,2,0,2,0,2,0,0,0,0,2,0,0,2,0,0,2,2
181,897.854,-966.744,17.289,61.037,0.482646,-0.873306,-0.066249,0.875411,0.483339,0.006195,0.026611,-0.060985,0.997784,0,0.89153,0.25273,53.492,0.505,-1,400.000,-1,375.000,-1,325.000,325.000,325.000,300.000,-1,825.000,-1,-1,800.000,700.000,-1,-1,2,0,2,0,2,0,0,0,0,2,0,2,2,0,0,2,2
182,923.342,-919.716,18.710,61.543,0.474883,-0.877479,-0.067205,0.879648,0.475585,0.006162,0.026555,-0.062043,0.997720,0,0.89153,0.25273,53.492,0.505,-1,400.000,-1,375.000,-1,325.000,300.000,325.000,300.000,-1,875.000,-1,-1,800.000,700.000,-1,-1,2,0,2,0,2,0,0,0,0,2,0,2,2,0,0,2,2
183,946.344,-876.800,20.152,61.808,0.470785,-0.879601,-0.068289,0.881854,0.471476,0.006620,0.026374,-0.063338,0.997644,0,0.81153,0.13273,48.692,0.265,-1,400.000,-1,375.000,-1,325.000,300.000,325.000,300.000,-1,925.000,-1,-1,825.000,725.000,-1,-1,2,0,2,0,2,0,0,0,0,2,0,2,2,0,0,2,2
184,968.335,-835.729,21.555,61.834,0.470358,-0.879751,-0.069288,0.882077,0.471054,0.006958,0.026517,-0.064390,0.997572,0,0.77646,0.01273,46.588,0.025,-1,400.000,-1,375.000,-1,325.000,300.000,325.000,300.000,-1,975.000,-1,-1,825.000,725.000,-1,-1,2,0,2,0,2,0,0,0,0,2,0,2,2,0,0,2,2
185,990.478,-794.740,22.895,61.619,0.473572,-0.877909,-0.070746,0.880331,0.474306,0.007108,0.027315,-0.065646,0.997469,0,0.77646,-0.10727,46.588,-0.215,-1,400.000,-1,375.000,-1,325.000,300.000,325.000,300.000,-1,1000.000,-1,-1,825.000,725.000,-1,-1,2,0,2,0,2,0,0,0,0,2,0,2,2,0,0,2,2
186,1012.947,-753.929,24.270,61.165,0.480428,-0.874053,-0.072249,0.876571,0.481220,0.007159,0.028510,-0.066770,0.997361,0,0.77646,-0.22727,46.588,-0.455,-1,400.000,-1,375.000,-1,325.000,325.000,325.000,300.000,-1,1000.000,-1,-1,825.000,750.000,-1,-1,2,0,2,0,2,0,0,0,0,2,0,2,2,0,0,2,2
187,1035.909,-713.392,25.589,60.470,0.490899,-0.868073,-0.073945,0.870712,0.491732,0.007744,0.029639,-0.068186,0.997232,0,0.77646,-0.34727,46.588,-0.695,-1,400.000,-1,375.000,-1,325.000,325.000,300.000,300.000,-1,1000.000,-1,-1,825.000,750.000,-1,-1,2,0,2,0,2,0,0,0,0,2,0,2,2,0,0,2,2
188,1059.462,-673.196,26.940,59.630,0.503482,-0.860687,-0.075656,0.863455,0.504354,0.008501,0.030841,-0.069606,0.997098,0,0.77646,-0.41992,46.588,-0.840,-1,400.000,-1,375.000,-1,325.000,325.000,300.000,300.000,-1,975.000,-1,-1,825.000,750.000,-1,-1,2,0,2,0,2,0,0,0,0,2,0,2,2,0,0,2,2
189,1083.602,-633.350,28.403,58.790,0.515948,-0.853131,-0.077237,0.856015,0.516872,0.009069,0.032185,-0.070795,0.996972,0,0.77646,-0.41992,46.588,-0.840,-1,400.000,-1,375.000,-1,325.000,325.000,300.000,300.000,-1,950.000,-1,-1,825.000,750.000,-1,-1,2,0,2,0,2,0,0,0,0,2,0,2,2,0,0,2,2
190,1108.323,-593.862,29.939,57.950,0.528303,-0.845395,-0.078760,0.848393,0.529279,0.009635,0.033540,-0.071910,0.996847,0,0.77646,-0.41992,46.588,-0.840,-1,400.000,-1,375.000,-1,325.000,325.000,300.000,300.000,-1,925.000,-1,-1,825.000,775.000,-1,-1,2,0,2,0,2,0,0,0,0,2,0,2,2,0,0,2,2
191,1133.621,-554.741,31.525,57.111,0.540539,-0.837488,-0.080194,0.840592,0.541575,0.010100,0.034973,-0.072869,0.996728,0,0.77646,-0.41992,46.588,-0.840,-1,400.000,-1,400.000,-1,325.000,325.000,300.000,325.000,-1,900.000,-1,-1,850.000,775.000,-1,-1,2,0,2,0,2,0,0,0,0,2,0,2,2,0,0,2,2
192,1159.490,-515.995,33.183,56.271,0.552659,-0.829406,-0.081571,0.832612,0.553757,0.010557,0.036415,-0.073751,0.996612,0,0.77646,-0.41992,46.588,-0.840,-1,400.000,-1,400.000,-1,325.000,325.000,300.000,325.000,-1,900.000,-1,-1,850.000,775.000,-1,-1,2,0,2,0,2,0,0,0,0,2,0,2,2,0,0,2,2
193,1185.923,-477.632,34.925,55.431,0.564660,-0.821149,-0.082906,0.824456,0.565819,0.011053,0.037834,-0.074594,0.996496,0,0.77646,-0.41992,46.588,-0.840,-1,400.000,-1,400.000,-1,325.000,325.000,300.000,325.000,-1,875.000,-1,-1,850.000,775.000,-1,-1,2,0,2,0,2,0,0,0,0,2,0,2,2,0,0,2,2
194,1212.917,-439.661,36.676,54.591,0.576570,-0.812735,-0.083841,0.816116,0.577771,0.011608,0.039007,-0.075116,0.996412,0,0.77646,-0.41992,46.588,-0.840,-1,400.000,-1,400.000,-1,325.000,325.000,300.000,325.000,-1,875.000,-1,-1,875.000,775.000,-1,-1,2,0,2,0,2,0,0,0,0,2,0,2,2,0,0,2,2
195,1240.464,-402.090,38.369,53.751,0.588410,-0.804182,-0.084052,0.807586,0.589624,0.012218,0.039734,-0.075068,0.996386,0,0.77646,-0.41992,46.588,-0.840,-1,400.000,-1,400.000,-1,325.000,325.000,300.000,325.000,-1,925.000,-1,-1,875.000,775.000,-1,-1,2,0,2,0,2,0,0,0,0,2,0,2,2,0,0,2,2
196,1268.559,-364.926,40.064,52.911,0.600158,-0.795477,-0.083827,0.798871,0.601365,0.012845,0.040193,-0.074676,0.996398,0,0.77646,-0.41992,46.588,-0.840,-1,400.000,-1,400.000,-1,325.000,325.000,300.000,325.000,-1,975.000,-1,-1,875.000,775.000,-1,-1,2,0,2,0,2,0,0,0,0,2,0,2,2,0,0,2,2
197,1295.508,-330.045,41.692,52.312,0.608497,-0.789161,-0.083403,0.792535,0.609679,0.013438,0.040244,-0.074277,0.996425,0,0.73463,-0.29992,44.078,-0.600,-1,400.000,-1,400.000,-1,325.000,325.000,300.000,325.000,-1,-1,-1,-1,875.000,775.000,-1,-1,2,0,2,0,2,0,0,0,0,2,2,2,2,0,0,2,2
198,1322.674,-295.334,43.367,51.952,0.613494,-0.785331,-0.082952,0.788688,0.614634,0.014039,0.039960,-0.074036,0.996455,0,0.73463,-0.17992,44.078,-0.360,-1,400.000,-1,400.000,-1,325.000,325.000,325.000,325.000,-1,-1,-1,-1,875.000,775.000,-1,-1,2,0,2,0,2,0,0,0,0,2,2,2,2,0,0,2,2
199,1349.913,-260.680,45.075,51.832,0.615196,-0.784047,-0.082488,0.787392,0.616278,0.014662,0.039340,-0.073970,0.996484,0,0.73463,-0.05992,44.078,-0.120,-1,400.000,-1,400.000,-1,325.000,325.000,325.000,300.000,-1,-1,-1,-1,875.000,775.000,-1,-1,2,0,2,0,2,0,0,0,0,2,2,2,2,0,0,2,2
200,1377.079,-225.969,46.734,51.952,0.613592,-0.785314,-0.082379,0.788679,0.614614,0.015319,0.038601,-0.074370,0.996483,0,0.73463,0.06008,44.078,0.120,-1,400.000,-1,400.000,-1,325.000,325.000,325.000,300.000,-1,-1,-1,-1,875.000,775.000,-1,-1,2,0,2,0,2,0,0,0,0,2,2,2,2,0,0,2,2
201,1404.025,-191.087,48.345,52.312,0.608672,-0.789113,-0.082578,0.792526,0.609628,0.016021,0.037700,-0.075197,0.996456,0,0.73463,0.18008,44.078,0.360,-1,400.000,-1,400.000,-1,325.000,325.000,325.000,300.000,-1,-1,-1,-1,875.000,775.000,-1,-1,2,0,2,0,2,0,0,0,0,2,2,2,2,0,0,2,2
202,1430.672,-155.976,49.982,52.804,0.601926,-0.794260,-0.082684,0.797717,0.602799,0.016773,0.036520,-0.076055,0.996435,0,0.73463,0.24567,44.078,0.491,-1,400.000,-1,400.000,-1,325.000,325.000,325.000,300.000,-1,-1,-1,-1,875.000,775.000,-1,-1,2,0,2,0,2,0,0,0,0,2,2,2,2,0,0,2,2
203,1457.016,-120.637,51.616,53.295,0.595134,-0.799343,-0.082858,0.802849,0.595924,0.017567,0.035335,-0.076977,0.996407,0,0.73463,0.24567,44.078,0.491,-1,400.000,-1,400.000,-1,325.000,325.000,325.000,300.000,-1,-1,-1,-1,875.000,775.000,-1,-1,2,0,2,0,2,0,0,0,0,2,2,2,2,0,0,2,2
204,1483.056,-85.074,53.201,53.786,0.588307,-0.804350,-0.083165,0.807923,0.588993,0.018642,0.033989,-0.078159,0.996361,0,0.73463,0.24567,44.078,0.491,-1,425.000,-1,400.000,-1,325.000,325.000,325.000,300.000,-1,-1,-1,-1,875.000,775.000,-1,-1,2,0,2,0,2,0,0,0,0,2,2,2,2,0,0,2,2
205,1511.758,-45.511,54.795,54.038,0.584843,-0.806803,-0.083825,0.810501,0.585370,0.020734,0.032340,-0.080067,0.996265,0,0.81463,0.12567,48.878,0.251,-1,425.000,-1,400.000,-1,325.000,325.000,300.000,300.000,-1,-1,-1,-1,875.000,775.000,-1,-1,2,0,2,0,2,0,0,0,0,2,2,2,2,0,0,2,2
206,1543.270,-2.057,56.556,54.049,0.584756,-0.806781,-0.084644,0.810623,0.585110,0.023164,0.030838,-0.082160,0.996142,0,0.89463,0.00567,53.678,0.011,-1,400.000,-1,400.000,-1,325.000,325.000,300.000,325.000,-1,-1,-1,-1,850.000,775.000,-1,-1,2,0,2,0,2,0,0,0,0,2,2,2,2,0,0,2,2
207,1577.562,44.836,58.491,53.820,0.588046,-0.804285,-0.085602,0.808290,0.588212,0.025958,0.029474,-0.084456,0.995991,0,0.96822,-0.11433,58.093,-0.229,-1,400.000,-1,400.000,-1,325.000,325.000,300.000,325.000,-1,-1,-1,-1,850.000,775.000,-1,-1,2,0,2,0,2,0,0,0,0,2,2,2,2,0,0,2,2
208,1612.236,91.447,60.360,53.352,0.594660,-0.799315,-0.086456,0.803465,0.594673,0.028421,0.028696,-0.086365,0.995850,0,0.96822,-0.23433,58.093,-0.469,-1,400.000,-1,400.000,-1,325.000,325.000,300.000,325.000,-1,-1,-1,-1,825.000,775.000,-1,-1,2,0,2,0,2,0,0,0,0,2,2,2,2,0,0,2,2
209,1647.486,137.624,62.049,52.643,0.604512,-0.791827,-0.087032,0.796072,0.604459,0.029962,0.028883,-0.087396,0.995755,0,0.96822,-0.35433,58.093,-0.709,-1,400.000,-1,400.000,-1,325.000,325.000,300.000,325.000,-1,-1,-1,-1,825.000,775.000,-1,-1,2,0,2,0,2,0,0,0,0,2,2,2,2,0,0,2,2
210,1683.496,183.212,63.780,51.694,0.617525,-0.781674,-0.087452,0.785990,0.617457,0.031083,0.029701,-0.087931,0.995684,0,0.96822,-0.47433,58.093,-0.949,-1,400.000,-1,400.000,-1,325.000,325.000,300.000,325.000,-1,-1,-1,-1,825.000,775.000,-1,-1,2,0,2,0,2,0,0,0,0,2,2,2,2,0,0,2,2
211,1720.444,228.043,65.670,50.506,0.633585,-0.768676,-0.087790,0.773056,0.633523,0.032152,0.030902,-0.088237,0.995620,0,0.96822,-0.59433,58.093,-1.189,-1,400.000,-1,400.000,-1,325.000,325.000,300.000,325.000,-1,-1,-1,-1,825.000,775.000,-1,-1,2,0,2,0,2,0,0,0,0,2,2,2,2,0,0,2,2
212,1758.500,271.937,67.486,49.077,0.652609,-0.752698,-0.086878,0.757030,0.652539,0.033149,0.031741,-0.087402,0.995667,0,0.96822,-0.71433,58.093,-1.429,-1,400.000,-1,400.000,-1,325.000,325.000,300.000,325.000,-1,-1,-1,-1,825.000,750.000,-1,-1,2,0,2,0,2,0,0,0,0,2,2,2,2,0,0,2,2
213,1797.817,314.705,69.469,47.408,0.674309,-0.733454,-0.085748,0.737718,0.674252,0.034022,0.032863,-0.086199,0.995736,0,0.96822,-0.83433,58.093,-1.669,-1,400.000,-1,400.000,-1,325.000,325.000,300.000,325.000,-1,-1,-1,-1,800.000,750.000,-1,-1,2,0,2,0,2,0,0,0,0,2,2,2,2,0,0,2,2
214,1838.538,356.140,71.681,45.500,0.698412,-0.710680,-0.084589,0.714870,0.698394,0.034743,0.034385,-0.084735,0.995810,0,0.96822,-0.95433,58.093,-1.909,-1,400.000,-1,400.000,-1,325.000,325.000,300.000,325.000,-1,-1,-1,-1,800.000,725.000,-1,-1,2,0,2,0,2,0,0,0,0,2,2,2,2,0,0,2,2
215,1880.680,396.129,73.871,43.500,0.722743,-0.685913,-0.084648,0.690133,0.722813,0.035460,0.036863,-0.084047,0.995780,0,0.96822,-1.00000,58.093,-2.000,-1,400.000,-1,375.000,-1,325.000,325.000,325.000,325.000,-1,-1,-1,-1,775.000,725.000,-1,-1,2,0,2,0,2,0,0,0,0,2,2,2,2,0,0,2,2
216,1924.192,434.622,76.138,41.500,0.746182,-0.660307,-0.084890,0.664569,0.746354,0.036124,0.039504,-0.083370,0.995735,0,0.96822,-1.00000,58.093,-2.000,-1,400.000,-1,375.000,-1,325.000,325.000,325.000,325.000,-1,-1,-1,-1,775.000,725.000,-1,-1,2,0,2,0,2,0,0,0,0,2,2,2,2,0,0,2,2
217,1965.174,468.693,78.359,39.740,0.766053,-0.637105,-0.085200,0.641409,0.766320,0.036700,0.041909,-0.082762,0.995688,0,0.88822,-0.88000,53.293,-1.760,-1,400.000,-1,375.000,-1,325.000,325.000,325.000,325.000,-1,-1,-1,-1,750.000,725.000,-1,-1,2,0,2,0,2,0,0,0,0,2,2,2,2,0,0,2,2
218,2003.274,498.695,80.503,38.220,0.782625,-0.616578,-0.085619,0.620931,0.782981,0.037224,0.044086,-0.082296,0.995632,0,0.80822,-0.76000,48.493,-1.520,-1,400.000,-1,375.000,-1,325.000,325.000,325.000,325.000,-1,-1,-1,-1,750.000,725.000,-1,-1,2,0,2,0,2,0,0,0,0,2,2,2,2,0,0,2,2
219,2039.926,526.252,82.626,36.940,0.796143,-0.598948,-0.086126,0.603357,0.796578,0.037730,0.046008,-0.082004,0.995570,0,0.76425,-0.64000,45.855,-1.280,-1,400.000,-1,375.000,-1,325.000,325.000,325.000,325.000,-1,-1,-1,-1,725.000,725.000,-1,-1,2,0,2,0,2,0,0,0,0,2,2,2,2,0,0,2,2
220,2077.072,553.140,84.851,35.900,0.806829,-0.584398,-0.086631,0.588864,0.807328,0.038225,0.047601,-0.081855,0.995507,0,0.76425,-0.52000,45.855,-1.040,-1,375.000,-1,375.000,-1,325.000,300.000,325.000,325.000,-1,-1,-1,-1,725.000,725.000,-1,-1,2,0,2,0,2,0,0,0,0,2,2,2,2,0,0,2,2
221,2114.589,579.507,87.178,35.100,0.814870,-0.573070,-0.087051,0.577587,0.815411,0.038716,0.048795,-0.081828,0.995451,0,0.76425,-0.40000,45.855,-0.800,-1,375.000,-1,375.000,-1,300.000,300.000,325.000,325.000,-1,-1,-1,-1,725.000,750.000,-1,-1,2,0,2,0,2,0,0,0,0,2,2,2,2,0,0,2,2
222,2152.362,605.506,89.545,34.540,0.820402,-0.565059,-0.087464,0.569638,0.820951,0.039402,0.049540,-0.082148,0.995388,0,0.76425,-0.28000,45.855,-0.560,-1,375.000,-1,375.000,-1,300.000,300.000,325.000,325.000,-1,-1,-1,-1,725.000,750.000,-1,-1,2,0,2,0,2,0,0,0,0,2,2,2,2,0,0,2,2
223,2190.279,631.294,91.996,34.220,0.823514,-0.560443,-0.087912,0.565086,0.824062,0.039993,0.050031,-0.082612,0.995325,0,0.76425,-0.16000,45.855,-0.320,-1,375.000,-1,375.000,-1,300.000,300.000,325.000,325.000,-1,-1,-1,-1,700.000,750.000,-1,-1,2,0,2,0,2,0,0,0,0,2,2,2,2,0,0,2,2
224,2228.232,657.029,94.558,34.140,0.824254,-0.559270,-0.088438,0.563970,0.824812,0.040279,0.050418,-0.083077,0.995267,0,0.76425,-0.04000,45.855,-0.080,-1,375.000,-1,375.000,-1,300.000,300.000,325.000,325.000,-1,-1,-1,-1,700.000,750.000,-1,-1,2,0,2,0,2,0,0,0,0,2,2,2,2,0,0,2,2
225,2266.113,682.870,97.157,34.300,0.822647,-0.561537,-0.089041,0.566305,0.823196,0.040591,0.050505,-0.083816,0.995201,0,0.76425,0.08000,45.855,0.160,-1,375.000,-1,375.000,-1,300.000,300.000,325.000,325.000,-1,-1,-1,-1,700.000,750.000,-1,-1,2,0,2,0,2,0,0,0,0,2,2,2,2,0,0,2,2
226,2303.812,708.975,99.780,34.700,0.818663,-0.567220,-0.089740,0.572068,0.819184,0.040939,0.050292,-0.084853,0.995123,0,0.76425,0.20000,45.855,0.400,-1,375.000,-1,375.000,-1,300.000,300.000,325.000,325.000,-1,-1,-1,-1,700.000,775.000,-1,-1,2,0,2,0,2,0,0,0,0,2,2,2,2,0,0,2,2
227,2341.218,735.499,102.218,35.340,0.812197,-0.576303,-0.090614,0.581206,0.812752,0.040425,0.050350,-0.085498,0.995065,0,0.76425,0.32000,45.855,0.640,-1,375.000,-1,375.000,-1,300.000,300.000,325.000,325.000,-1,-1,-1,-1,700.000,775.000,-1,-1,2,0,2,0,2,0,0,0,0,2,2,2,2,0,0,2,2
228,2378.211,762.594,104.627,36.220,0.803164,-0.588672,-0.091610,0.593641,0.803743,0.039839,0.050179,-0.086380,0.994998,0,0.76425,0.44000,45.855,0.880,-1,375.000,-1,375.000,-1,300.000,300.000,325.000,325.000,-1,-1,-1,-1,700.000,775.000,-1,-1,2,0,2,0,2,0,0,0,0,2,2,2,2,0,0,2,2
229,2414.781,790.258,107.005,37.105,0.793873,-0.600976,-0.092704,0.606014,0.794490,0.039146,0.050126,-0.087257,0.994924,0,0.76425,0.44270,45.855,0.885,-1,375.000,-1,375.000,-1,300.000,300.000,325.000,325.000,-1,-1,-1,-1,700.000,775.000,-1,-1,2,0,2,0,2,0,0,0,0,2,2,2,2,0,0,2,2
230,2450.919,818.483,109.324,37.990,0.784375,-0.613139,-0.093894,0.618246,0.785055,0.038219,0.050278,-0.088028,0.994848,0,0.76425,0.44270,45.855,0.885,-1,375.000,-1,400.000,-1,300.000,300.000,325.000,325.000,-1,-1,-1,-1,725.000,800.000,-1,-1,2,0,2,0,2,0,0,0,0,2,2,2,2,0,0,2,2
231,2486.617,847.264,111.651,38.876,0.774683,-0.625147,-0.095168,0.630335,0.775424,0.037363,0.050438,-0.088932,0.994760,0,0.76425,0.44270,45.855,0.885,-1,375.000,-1,400.000,-1,300.000,300.000,325.000,325.000,-1,-1,-1,-1,725.000,800.000,-1,-1,2,0,2,0,2,0,0,0,0,2,2,2,2,0,0,2,2
232,2521.865,876.593,113.986,39.761,0.764800,-0.636995,-0.096530,0.642277,0.765600,0.036574,0.050606,-0.089970,0.994658,0,0.76425,0.44270,45.855,0.885,-1,375.000,-1,400.000,-1,300.000,325.000,325.000,325.000,-1,-1,-1,-1,750.000,825.000,-1,-1,2,0,2,0,2,0,0,0,0,2,2,2,2,0,0,2,2
233,2556.657,906.463,116.227,40.647,0.754770,-0.648702,-0.097509,0.654045,0.755610,0.035762,0.050480,-0.090767,0.994592,0,0.76425,0.44270,45.855,0.885,-1,375.000,-1,400.000,-1,300.000,325.000,325.000,325.000,-1,650.000,-1,-1,750.000,825.000,-1,-1,2,0,2,0,2,0,0,0,0,2,0,2,2,0,0,2,2
234,2587.503,933.555,118.060,41.292,0.747399,-0.657174,-0.097557,0.662489,0.748256,0.034939,0.050037,-0.090744,0.994616,0,0.68425,0.32270,41.055,0.645,-1,375.000,-1,400.000,-1,325.000,325.000,325.000,325.000,-1,650.000,-1,-1,750.000,825.000,-1,-1,2,0,2,0,2,0,0,0,0,2,0,2,2,0,0,2,2
235,2617.529,960.304,119.833,41.697,0.742727,-0.662472,-0.097402,0.667740,0.743611,0.034157,0.049801,-0.090408,0.994659,0,0.67021,0.20270,40.213,0.405,-1,375.000,-1,400.000,-1,325.000,325.000,325.000,325.000,-1,650.000,-1,-1,775.000,825.000,-1,-1,2,0,2,0,2,0,0,0,0,2,0,2,2,0,0,2,2
236,2647.478,987.139,121.546,41.863,0.740840,-0.664668,-0.096813,0.669844,0.741753,0.033346,0.049647,-0.089553,0.994744,0,0.67021,0.08270,40.213,0.165,-1,375.000,-1,400.000,-1,325.000,325.000,325.000,325.000,-1,675.000,-1,-1,775.000,825.000,-1,-1,2,0,2,0,2,0,0,0,0,2,0,2,2,0,0,2,2
237,2677.462,1013.936,123.284,41.788,0.741710,-0.663755,-0.096411,0.668856,0.742677,0.032591,0.049970,-0.088658,0.994808,0,0.67021,-0.03730,40.213,-0.075,-1,375.000,-1,400.000,-1,325.000,325.000,325.000,325.000,-1,700.000,1000.000,-1,775.000,825.000,-1,-1,2,0,2,0,2,0,0,0,0,2,0,0,2,0,0,2,2
238,2707.579,1040.582,125.066,41.502,0.745009,-0.660089,-0.096150,0.665125,0.746052,0.031867,0.050698,-0.087693,0.994857,0,0.67021,-0.14329,40.213,-0.287,-1,375.000,-1,400.000,-1,325.000,325.000,325.000,325.000,-1,700.000,700.000,-1,775.000,850.000,-1,-1,2,0,2,0,2,0,0,0,0,2,0,0,2,0,0,2,2
239,2737.830,1067.077,126.960,41.215,0.748312,-0.656415,-0.095652,0.661364,0.749419,0.031117,0.051258,-0.086546,0.994928,0,0.67021,-0.14329,40.213,-0.287,-1,400.000,-1,400.000,-1,325.000,325.000,325.000,325.000,-1,750.000,700.000,-1,775.000,850.000,-1,-1,2,0,2,0,2,0,0,0,0,2,0,0,2,0,0,2,2
240,2768.213,1093.420,128.935,40.928,0.751605,-0.652726,-0.095075,0.657581,0.752772,0.030367,0.051749,-0.085344,0.995007,0,0.67021,-0.14329,40.213,-0.287,-1,400.000,-1,400.000,-1,325.000,325.000,325.000,325.000,-1,775.000,750.000,-1,775.000,850.000,-1,-1,2,0,2,0,2,0,0,0,0,2,0,0,2,0,0,2,2
241,2798.727,1119.611,130.977,40.642,0.754881,-0.649019,-0.094495,0.653780,0.756104,0.029630,0.052218,-0.084146,0.995084,0,0.67021,-0.14329,40.213,-0.287,-1,400.000,-1,400.000,-1,325.000,325.000,325.000,325.000,-1,825.000,775.000,-1,775.000,850.000,-1,-1,2,0,2,0,2,0,0,0,0,2,0,0,2,0,0,2,2
242,2829.372,1145.649,133.083,40.355,0.758140,-0.645294,-0.093911,0.649961,0.759417,0.028906,0.052665,-0.082954,0.995161,0,0.67021,-0.14329,40.213,-0.287,-1,400.000,-1,400.000,-1,325.000,325.000,325.000,325.000,-1,850.000,800.000,-1,800.000,875.000,-1,-1,2,0,2,0,2,0,0,0,0,2,0,0,2,0,0,2,2
243,2860.147,1171.533,135.256,40.069,0.761383,-0.641550,-0.093324,0.646125,0.762711,0.028195,0.053090,-0.081766,0.995237,0,0.67021,-0.14329,40.213,-0.287,-1,400.000,-1,400.000,-1,325.000,325.000,325.000,325.000,-1,900.000,850.000,-1,800.000,875.000,-1,-1,2,0,2,0,2,0,0,0,0,2,0,0,2,0,0,2,2
244,2891.050,1197.264,137.362,39.782,0.764630,-0.637761,-0.092743,0.642281,0.765951,0.028181,0.053064,-0.081115,0.995291,0,0.67021,-0.14329,40.213,-0.287,-1,400.000,-1,400.000,-1,325.000,325.000,325.000,325.000,-1,975.000,925.000,-1,800.000,875.000,-1,-1,2,0,2,0,2,0,0,0,0,2,0,0,2,0,0,2,2
245,2922.082,1222.840,139.401,39.496,0.767882,-0.633928,-0.092159,0.638430,0.769138,0.028876,0.052578,-0.081011,0.995325,0,0.67021,-0.14329,40.213,-0.287,-1,400.000,-1,400.000,-1,325.000,325.000,325.000,325.000,-1,-1,-1,-1,775.000,875.000,-1,-1,2,0,2,0,2,0,0,0,0,2,2,2,2,0,0,2,2
246,2953.240,1248.261,141.433,39.209,0.771128,-0.630063,-0.091559,0.634567,0.772287,0.029961,0.051833,-0.081204,0.995349,0,0.67021,-0.14329,40.213,-0.287,-1,400.000,-1,400.000,-1,325.000,325.000,325.000,325.000,-1,-1,-1,-1,775.000,875.000,-1,-1,2,0,2,0,2,0,0,0,0,2,2,2,2,0,0,2,2
247,2984.525,1273.526,143.520,38.922,0.774358,-0.626180,-0.090936,0.630687,0.775414,0.031106,0.051035,-0.081439,0.995371,0,0.67021,-0.14329,40.213,-0.287,-1,400.000,-1,400.000,-1,325.000,325.000,325.000,325.000,-1,-1,-1,-1,775.000,875.000,-1,-1,2,0,2,0,2,0,0,0,0,2,2,2,2,0,0,2,2
248,3015.937,1298.633,145.669,38.636,0.777570,-0.622280,-0.090289,0.626789,0.778520,0.032280,0.050204,-0.081692,0.995392,0,0.67021,-0.14329,40.213,-0.287,-1,400.000,-1,400.000,-1,325.000,325.000,325.000,325.000,-1,-1,-1,-1,750.000,875.000,-1,-1,2,0,2,0,2,0,0,0,0,2,2,2,2,0,0,2,2
249,3047.473,1323.584,147.879,38.349,0.780765,-0.618365,-0.089618,0.622874,0.781605,0.033483,0.049341,-0.081963,0.995413,0,0.67021,-0.14329,40.213,-0.287,-1,400.000,-1,400.000,-1,325.000,325.000,325.000,325.000,-1,-1,-1,-1,750.000,875.000,-1,-1,2,0,2,0,2,0,0,0,0,2,2,2,2,0,0,2,2
250,3079.135,1348.376,149.901,38.063,0.783905,-0.614479,-0.088934,0.618931,0.784728,0.033550,0.049174,-0.081344,0.995472,0,0.67021,-0.14329,40.213,-0.287,-1,400.000,-1,400.000,-1,325.000,325.000,325.000,325.000,-1,-1,-1,-1,750.000,875.000,-1,-1,2,0,2,0,2,0,0,0,0,2,2,2,2,0,0,2,2
251,3110.920,1373.009,151.952,37.776,0.787022,-0.610582,-0.088240,0.614971,0.787839,0.033489,0.049071,-0.080622,0.995536,0,0.67021,-0.14329,40.213,-0.287,-1,375.000,-1,400.000,-1,325.000,325.000,300.000,325.000,-1,-1,-1,-1,750.000,875.000,-1,-1,2,0,2,0,2,0,0,0,0,2,2,2,2,0,0,2,2
252,3142.828,1397.482,153.932,37.489,0.790102,-0.606692,-0.087545,0.610988,0.790958,0.032845,0.049318,-0.079440,0.995619,0,0.67021,-0.14329,40.213,-0.287,-1,375.000,-1,400.000,-1,325.000,325.000,300.000,325.000,-1,-1,-1,-1,775.000,875.000,-1,-1,2,0,2,0,2,0,0,0,0,2,2,2,2,0,0,2,2
253,3174.858,1421.795,155.964,37.203,0.793163,-0.602785,-0.086845,0.606989,0.794058,0.032184,0.049560,-0.078241,0.995702,0,0.67021,-0.14329,40.213,-0.287,-1,375.000,-1,400.000,-1,325.000,325.000,300.000,325.000,-1,-1,-1,-1,775.000,875.000,-1,-1,2,0,2,0,2,0,0,0,0,2,2,2,2,0,0,2,2
254,3207.010,1445.948,157.988,36.916,0.796229,-0.598873,-0.085857,0.602959,0.797152,0.031451,0.049606,-0.076811,0.995811,0,0.67021,-0.14329,40.213,-0.287,-1,375.000,-1,425.000,-1,325.000,325.000,300.000,325.000,-1,-1,-1,-1,775.000,875.000,-1,-1,2,0,2,0,2,0,0,0,0,2,2,2,2,0,0,2,2
255,3239.282,1469.939,159.818,36.630,0.799364,-0.594984,-0.083732,0.598853,0.800281,0.030417,0.048912,-0.074457,0.996024,0,0.67021,-0.14329,40.213,-0.287,-1,400.000,-1,400.000,-1,325.000,325.000,300.000,325.000,-1,-1,-1,-1,775.000,875.000,-1,-1,2,0,2,0,2,0,0,0,0,2,2,2,2,0,0,2,2
256,3271.674,1493.769,161.702,36.343,0.802477,-0.591077,-0.081605,0.594733,0.803387,0.029367,0.048203,-0.072099,0.996232,0,0.67021,-0.14329,40.213,-0.287,-1,400.000,-1,400.000,-1,325.000,325.000,325.000,325.000,-1,-1,-1,-1,775.000,850.000,-1,-1,2,0,2,0,2,0,0,0,0,2,2,2,2,0,0,2,2
257,3304.185,1517.436,163.640,36.056,0.805567,-0.587150,-0.079476,0.590599,0.806469,0.028301,0.047478,-0.069737,0.996435,0,0.67021,-0.14329,40.213,-0.287,-1,400.000,-1,400.000,-1,325.000,325.000,325.000,325.000,-1,-1,-1,-1,775.000,850.000,-1,-1,2,0,2,0,2,0,0,0,0,2,2,2,2,0,0,2,2
258,3336.813,1540.940,165.632,35.770,0.808635,-0.583204,-0.077344,0.586451,0.809528,0.027219,0.046738,-0.067369,0.996633,0,0.67021,-0.14329,40.213,-0.287,-1,400.000,-1,400.000,-1,325.000,325.000,325.000,325.000,-1,-1,-1,-1,775.000,850.000,-1,-1,2,0,2,0,2,0,0,0,0,2,2,2,2,0,0,2,2
259,3369.559,1564.281,167.672,35.483,0.811679,-0.579238,-0.075233,0.582289,0.812562,0.026129,0.045997,-0.065016,0.996824,0,0.67021,-0.14329,40.213,-0.287,-1,400.000,-1,400.000,-1,325.000,325.000,325.000,325.000,-1,-1,-1,-1,775.000,850.000,-1,-1,2,0,2,0,2,0,0,0,0,2,2,2,2,0,0,2,2
260,3402.420,1587.459,169.502,35.197,0.814610,-0.575215,-0.074419,0.578175,0.815517,0.025400,0.046080,-0.063718,0.996904,0,0.67021,-0.14329,40.213,-0.287,-1,400.000,-1,400.000,-1,325.000,325.000,325.000,325.000,-1,-1,-1,-1,775.000,850.000,-1,-1,2,0,2,0,2,0,0,0,0,2,2,2,2,0,0,2,2
261,3435.397,1610.472,171.358,34.910,0.817512,-0.571171,-0.073737,0.574052,0.818446,0.024709,0.046236,-0.062528,0.996972,0,0.67021,-0.14329,40.213,-0.287,-1,400.000,-1,400.000,-1,325.000,325.000,325.000,325.000,-1,-1,-1,-1,775.000,850.000,-1,-1,2,0,2,0,2,0,0,0,0,2,2,2,2,0,0,2,2
262,3468.489,1633.319,173.213,34.624,0.820377,-0.567105,-0.073309,0.569926,0.821343,0.024096,0.046547,-0.061548,0.997018,0,0.67021,-0.14329,40.213,-0.287,-1,400.000,-1,400.000,-1,325.000,325.000,325.000,325.000,-1,-1,-1,-1,775.000,850.000,-1,-1,2,0,2,0,2,0,0,0,0,2,2,2,2,0,0,2,2
263,3505.551,1658.864,175.251,34.577,0.820873,-0.566454,-0.072780,0.569233,0.821828,0.023906,0.046271,-0.061053,0.997061,0,0.75021,-0.02329,45.013,-0.047,-1,400.000,-1,400.000,-1,325.000,325.000,325.000,325.000,-1,-1,-1,-1,775.000,850.000,-1,-1,2,0,2,0,2,0,0,0,0,2,2,2,2,0,0,2,2
264,3546.469,1687.272,177.264,34.770,0.819057,-0.569226,-0.071611,0.571964,0.819913,0.024511,0.044762,-0.061035,0.997131,0,0.83021,0.09671,49.813,0.193,-1,400.000,-1,400.000,-1,325.000,325.000,325.000,325.000,-1,-1,-1,-1,775.000,825.000,-1,-1,2,0,2,0,2,0,0,0,0,2,2,2,2,0,0,2,2
265,3591.093,1718.756,179.535,35.204,0.814833,-0.575405,-0.070401,0.578105,0.815574,0.025182,0.042927,-0.061219,0.997201,0,0.91021,0.21671,54.613,0.433,-1,400.000,-1,400.000,-1,325.000,325.000,325.000,325.000,-1,-1,-1,-1,775.000,825.000,-1,-1,2,0,2,0,2,0,0,0,0,2,2,2,2,0,0,2,2
266,3639.233,1753.575,182.068,35.877,0.808121,-0.584936,-0.069210,0.587602,0.808734,0.025953,0.040791,-0.061641,0.997264,0,0.99021,0.33671,59.413,0.673,-1,375.000,-1,400.000,-1,325.000,325.000,325.000,325.000,-1,-1,-1,-1,750.000,800.000,-1,-1,2,0,2,0,2,0,0,0,0,2,2,2,2,0,0,2,2
267,3686.927,1789.243,184.664,36.791,0.798795,-0.597728,-0.068179,0.600372,0.799272,0.026794,0.038478,-0.062336,0.997313,0,0.99260,0.45671,59.556,0.913,-1,375.000,-1,400.000,-1,325.000,325.000,325.000,325.000,-1,-1,-1,-1,750.000,800.000,-1,-1,2,0,2,0,2,0,0,0,0,2,2,2,2,0,0,2,2
268,3733.893,1825.864,187.062,37.944,0.786666,-0.613692,-0.067367,0.616287,0.787073,0.026602,0.036698,-0.062444,0.997374,0,0.99260,0.57671,59.556,1.153,-1,375.000,-1,400.000,-1,300.000,325.000,325.000,325.000,-1,-1,-1,-1,750.000,775.000,-1,-1,2,0,2,0,2,0,0,0,0,2,2,2,2,0,0,2,2
269,3779.955,1863.615,189.190,39.337,0.771536,-0.632676,-0.066731,0.635188,0.771949,0.025117,0.035622,-0.061766,0.997455,0,0.99260,0.69671,59.556,1.393,-1,375.000,-1,400.000,-1,300.000,325.000,325.000,325.000,-1,-1,-1,-1,750.000,775.000,-1,-1,2,0,2,0,2,0,0,0,0,2,2,2,2,0,0,2,2
270,3824.926,1902.658,191.199,40.963,0.753310,-0.654319,-0.066264,0.656789,0.753678,0.024449,0.033944,-0.061940,0.997503,0,0.99260,0.81301,59.556,1.626,-1,400.000,-1,400.000,-1,300.000,325.000,325.000,325.000,-1,-1,-1,-1,750.000,775.000,-1,-1,2,0,2,0,2,0,0,0,0,2,2,2,2,0,0,2,2
271,3866.277,1940.351,192.991,42.349,0.737309,-0.672334,-0.065890,0.674790,0.737605,0.024458,0.032157,-0.062495,0.997527,0,0.93255,0.69301,55.953,1.386,-1,400.000,-1,400.000,-1,325.000,300.000,325.000,325.000,-1,-1,-1,-1,750.000,750.000,-1,-1,2,0,2,0,2,0,0,0,0,2,2,2,2,0,0,2,2
272,3906.866,1978.864,194.703,43.496,0.723784,-0.686944,-0.065157,0.689361,0.724001,0.024559,0.030303,-0.062693,0.997573,0,0.93255,0.57301,55.953,1.146,-1,375.000,-1,375.000,-1,325.000,300.000,325.000,325.000,-1,-1,-1,-1,750.000,750.000,-1,-1,2,0,2,0,2,0,0,0,0,2,2,2,2,0,0,2,2
273,3946.842,2018.013,196.452,44.402,0.712893,-0.698297,-0.064539,0.700685,0.713039,0.024799,0.028701,-0.062900,0.997607,0,0.93255,0.45301,55.953,0.906,-1,375.000,-1,375.000,-1,325.000,300.000,325.000,325.000,-1,-1,-1,-1,750.000,750.000,-1,-1,2,0,2,0,2,0,0,0,0,2,2,2,2,0,0,2,2
274,3986.359,2057.624,198.168,45.068,0.704773,-0.706543,-0.063967,0.708895,0.704879,0.024749,0.027603,-0.062788,0.997645,0,0.93255,0.33301,55.953,0.666,-1,375.000,-1,375.000,-1,325.000,300.000,325.000,325.000,-1,-1,-1,-1,750.000,725.000,-1,-1,2,0,2,0,2,0,0,0,0,2,2,2,2,0,0,2,2
275,4025.582,2097.528,199.843,45.494,0.699526,-0.711785,-0.063438,0.714094,0.699627,0.024319,0.027073,-0.062312,0.997689,0,0.93255,0.21301,55.953,0.426,-1,400.000,-1,375.000,-1,325.000,325.000,325.000,325.000,-1,-1,-1,-1,750.000,725.000,-1,-1,2,0,2,0,2,0,0,0,0,2,2,2,2,0,0,2,2
276,4064.674,2137.559,201.340,45.680,0.697159,-0.714031,-0.064253,0.716384,0.697292,0.024049,0.027632,-0.062796,0.997644,0,0.93255,0.09301,55.953,0.186,-1,400.000,-1,375.000,-1,325.000,325.000,325.000,325.000,-1,-1,-1,-1,750.000,725.000,-1,-1,2,0,2,0,2,0,0,0,0,2,2,2,2,0,0,2,2
277,4103.805,2177.554,202.943,45.626,0.697777,-0.713360,-0.065004,0.715752,0.697950,0.023769,0.028414,-0.063112,0.997602,0,0.93255,-0.02699,55.953,-0.054,-1,400.000,-1,375.000,-1,325.000,325.000,325.000,325.000,-1,-1,-1,-1,750.000,725.000,-1,-1,2,0,2,0,2,0,0,0,0,2,2,2,2,0,0,2,2
278,4143.140,2217.347,204.669,45.332,0.701372,-0.709764,-0.065669,0.712188,0.701596,0.023461,0.029422,-0.063223,0.997566,0,0.93255,-0.14699,55.953,-0.294,-1,400.000,-1,375.000,-1,325.000,325.000,325.000,325.000,-1,-1,-1,-1,750.000,750.000,-1,-1,2,0,2,0,2,0,0,0,0,2,2,2,2,0,0,2,2
279,4182.845,2256.771,206.450,44.798,0.707922,-0.703214,-0.065852,0.705635,0.708200,0.023059,0.030421,-0.062792,0.997563,0,0.93255,-0.26699,55.953,-0.534,-1,400.000,-1,375.000,-1,325.000,325.000,325.000,325.000,-1,-1,-1,-1,750.000,750.000,-1,-1,2,0,2,0,2,0,0,0,0,2,2,2,2,0,0,2,2
280,4223.033,2295.703,208.285,44.091,0.716537,-0.694461,-0.065560,0.696847,0.716864,0.022610,0.031295,-0.061886,0.997592,0,0.93255,-0.35349,55.953,-0.707,-1,375.000,-1,375.000,-1,325.000,325.000,325.000,325.000,-1,-1,-1,-1,750.000,750.000,-1,-1,2,0,2,0,2,0,0,0,0,2,2,2,2,0,0,2,2
281,4263.699,2334.136,210.092,43.384,0.725033,-0.685572,-0.065719,0.687966,0.725387,0.022716,0.032098,-0.061683,0.997580,0,0.93255,-0.35349,55.953,-0.707,-1,375.000,-1,375.000,-1,325.000,300.000,325.000,325.000,-1,-1,-1,-1,750.000,750.000,-1,-1,2,0,2,0,2,0,0,0,0,2,2,2,2,0,0,2,2
282,4304.835,2372.064,211.906,42.677,0.733369,-0.676555,-0.066658,0.679007,0.733775,0.022862,0.033444,-0.062028,0.997514,0,0.93255,-0.35349,55.953,-0.707,-1,375.000,-1,375.000,-1,300.000,300.000,325.000,325.000,-1,-1,-1,-1,750.000,750.000,-1,-1,2,0,2,0,2,0,0,0,0,2,2,2,2,0,0,2,2
283,4346.437,2409.482,213.855,41.970,0.741590,-0.667444,-0.067555,0.669945,0.742061,0.022802,0.034911,-0.062168,0.997455,0,0.93255,-0.35349,55.953,-0.707,-1,375.000,-1,375.000,-1,300.000,300.000,325.000,325.000,-1,-1,-1,-1,750.000,750.000,-1,-1,2,0,2,0,2,0,0,0,0,2,2,2,2,0,0,2,2
284,4386.296,2444.158,215.765,41.023,0.752436,-0.655107,-0.068370,0.657630,0.753012,0.022243,0.036912,-0.061698,0.997412,0,0.88052,-0.47349,52.831,-0.947,-1,375.000,-1,375.000,-1,300.000,300.000,325.000,325.000,-1,-1,-1,-1,750.000,750.000,-1,-1,2,0,2,0,2,0,0,0,0,2,2,2,2,0,0,2,2
285,4426.865,2478.001,217.844,39.836,0.765759,-0.639399,-0.069157,0.641932,0.766458,0.021584,0.039205,-0.060922,0.997372,0,0.88052,-0.59349,52.831,-1.187,-1,375.000,-1,400.000,-1,300.000,300.000,325.000,325.000,-1,-1,-1,-1,750.000,750.000,-1,-1,2,0,2,0,2,0,0,0,0,2,2,2,2,0,0,2,2
286,4468.264,2510.822,220.101,38.409,0.781358,-0.620156,-0.069898,0.622683,0.782197,0.020812,0.041767,-0.059786,0.997337,0,0.88052,-0.71349,52.831,-1.427,-1,375.000,-1,400.000,-1,300.000,300.000,325.000,325.000,-1,-1,-1,-1,775.000,775.000,-1,-1,2,0,2,0,2,0,0,0,0,2,2,2,2,0,0,2,2
287,4510.545,2542.501,222.532,36.845,0.797915,-0.598624,-0.070576,0.601129,0.798902,0.019953,0.044438,-0.058346,0.997307,0,0.88052,-0.78211,52.831,-1.564,-1,375.000,-1,400.000,-1,300.000,325.000,325.000,325.000,-1,-1,-1,-1,775.000,775.000,-1,-1,2,0,2,0,2,0,0,0,0,2,2,2,2,0,0,2,2
288,4553.674,2573.015,224.827,35.280,0.813958,-0.576654,-0.070301,0.579090,0.815033,0.019388,0.046118,-0.056492,0.997337,0,0.88052,-0.78211,52.831,-1.564,-1,375.000,-1,400.000,-1,300.000,325.000,325.000,325.000,-1,-1,-1,-1,775.000,775.000,-1,-1,2,0,2,0,2,0,0,0,0,2,2,2,2,0,0,2,2
289,4597.620,2602.339,227.258,33.716,0.829410,-0.554256,-0.069855,0.556604,0.830567,0.018704,0.047652,-0.054395,0.997382,0,0.88052,-0.78211,52.831,-1.564,-1,375.000,-1,400.000,-1,300.000,325.000,325.000,325.000,-1,-1,-1,-1,775.000,775.000,-1,-1,2,0,2,0,2,0,0,0,0,2,2,2,2,0,0,2,2
290,4642.350,2630.453,229.832,32.152,0.844257,-0.531442,-0.069281,0.533689,0.845491,0.017901,0.049064,-0.052088,0.997437,0,0.88052,-0.78211,52.831,-1.564,-1,400.000,-1,400.000,-1,325.000,325.000,325.000,325.000,-1,-1,-1,-1,775.000,775.000,-1,-1,2,0,2,0,2,0,0,0,0,2,2,2,2,0,0,2,2
291,4687.830,2657.335,232.513,30.588,0.858476,-0.508227,-0.068737,0.510367,0.859788,0.017024,0.050447,-0.049696,0.997490,0,0.88052,-0.78211,52.831,-1.564,-1,400.000,-1,400.000,-1,325.000,325.000,325.000,325.000,-1,-1,-1,-1,775.000,800.000,-1,-1,2,0,2,0,2,0,0,0,0,2,2,2,2,0,0,2,2
292,4734.028,2682.966,235.143,29.023,0.872027,-0.484627,-0.068597,0.486659,0.873449,0.015786,0.052266,-0.047149,0.997520,0,0.88052,-0.78211,52.831,-1.564,-1,400.000,-1,400.000,-1,325.000,325.000,325.000,325.000,-1,-1,-1,-1,800.000,800.000,-1,-1,2,0,2,0,2,0,0,0,0,2,2,2,2,0,0,2,2
293,4781.104,2707.425,237.734,27.456,0.884977,-0.460608,-0.068237,0.462536,0.886475,0.014899,0.053628,-0.044748,0.997558,0,0.88418,-0.78363,53.051,-1.567,-1,400.000,-1,400.000,-1,325.000,325.000,325.000,325.000,-1,-1,-1,-1,800.000,800.000,-1,-1,2,0,2,0,2,0,0,0,0,2,2,2,2,0,0,2,2
294,4829.164,2730.744,240.314,25.884,0.897336,-0.436153,-0.067514,0.438005,0.898850,0.014831,0.054216,-0.042880,0.997608,0,0.89030,-0.78595,53.418,-1.572,-1,400.000,-1,400.000,-1,325.000,325.000,325.000,325.000,-1,-1,-1,-1,775.000,800.000,-1,-1,2,0,2,0,2,0,0,0,0,2,2,2,2,0,0,2,2
295,4878.190,2752.887,243.057,24.308,0.909064,-0.411301,-0.066585,0.413062,0.910585,0.014659,0.054602,-0.040829,0.997673,0,0.89659,-0.78804,53.795,-1.576,-1,400.000,-1,400.000,-1,325.000,325.000,325.000,325.000,-1,-1,-1,-1,775.000,800.000,-1,-1,2,0,2,0,2,0,0,0,0,2,2,2,2,0,0,2,2
296,4928.166,2773.821,245.959,22.728,0.920142,-0.386074,-0.065456,0.387733,0.921660,0.014364,0.054782,-0.038597,0.997752,0,0.90305,-0.78991,54.183,-1.580,-1,400.000,-1,400.000,-1,325.000,325.000,325.000,325.000,-1,-1,-1,-1,775.000,800.000,-1,-1,2,0,2,0,2,0,0,0,0,2,2,2,2,0,0,2,2
297,4979.072,2793.509,249.017,21.145,0.930553,-0.360497,-0.064133,0.362041,0.932058,0.013933,0.054753,-0.036184,0.997844,0,0.90967,-0.79154,54.580,-1.583,-1,400.000,-1,400.000,-1,325.000,300.000,325.000,325.000,-1,-1,-1,-1,775.000,800.000,-1,-1,2,0,2,0,2,0,0,0,0,2,2,2,2,0,0,2,2
298,5030.886,2811.917,252.190,19.559,0.940269,-0.334594,-0.062782,0.336022,0.941758,0.013447,0.054626,-0.033740,0.997937,0,0.91645,-0.79292,54.987,-1.586,-1,400.000,-1,400.000,-1,325.000,300.000,325.000,325.000,-1,-1,-1,-1,775.000,800.000,-1,-1,2,0,2,0,2,0,0,0,0,2,2,2,2,0,0,2,2
299,5083.586,2829.010,255.394,17.971,0.949255,-0.308388,-0.061743,0.309723,0.950736,0.013129,0.054653,-0.031586,0.998006,0,0.92338,-0.79403,55.403,-1.588,-1,400.000,-1,400.000,-1,325.000,300.000,325.000,325.000,-1,-1,-1,-1,775.000,800.000,-1,-1,2,0,2,0,2,0,0,0,0,2,2,2,2,0,0,2,2
