timestep,x_cm,y_cm,z_cm,yaw_deg,basis_xx,basis_xy,basis_xz,basis_yx,basis_yy,basis_yz,basis_zx,basis_zy,basis_zz,teleport_flag,throttle_cmd,steering_cmd,cmd_move_cm,cmd_turn_deg,lidar_cm_0,lidar_cm_1,lidar_cm_2,lidar_cm_3,lidar_cm_4,lidar_cm_5,lidar_cm_6,lidar_cm_7,lidar_cm_8,lidar_cm_9,lidar_cm_10,lidar_cm_11,lidar_cm_12,lidar_cm_13,lidar_cm_14,lidar_cm_15,lidar_cm_16,lidar_class_0,lidar_class_1,lidar_class_2,lidar_class_3,lidar_class_4,lidar_class_5,lidar_class_6,lidar_class_7,lidar_class_8,lidar_class_9,lidar_class_10,lidar_class_11,lidar_class_12,lidar_class_13,lidar_class_14,lidar_class_15,lidar_class_16
0,-3610.605,6227.590,-248.136,-128.368,-0.619748,0.783708,-0.041403,-0.784233,-0.620444,-0.005317,-0.029855,0.029175,0.999128,1,0.08000,-0.12000,4.800,-0.240,-1,400.000,-1,350.000,925.000,325.000,300.000,375.000,275.000,725.000,0.000,0.000,-1,775.000,625.000,-1,-1,2,0,2,0,0,0,0,0,0,1,1,1,2,0,0,2,2
1,-3616.627,6220.114,-249.787,-128.848,-0.626583,0.778573,-0.034889,-0.778962,-0.627061,-0.003681,-0.024744,0.024871,0.999384,0,0.16000,-0.24000,9.600,-0.480,-1,400.000,-1,350.000,-1,325.000,300.000,375.000,275.000,750.000,0.000,0.000,-1,800.000,650.000,-1,-1,2,0,2,0,2,0,0,0,0,1,1,1,2,0,0,2,2
2,-3625.800,6209.014,-251.767,-129.568,-0.636639,0.770754,-0.025081,-0.770944,-0.636895,-0.003048,-0.018324,0.017396,0.999681,0,0.24000,-0.36000,14.400,-0.720,-1,400.000,-1,375.000,-1,325.000,300.000,350.000,275.000,800.000,0.000,0.000,-1,800.000,675.000,-1,-1,2,0,2,0,2,0,0,0,0,1,1,1,2,0,0,2,2
3,-3638.232,6194.383,-254.007,-130.352,-0.647377,0.762056,-0.013205,-0.762090,-0.647463,-0.003322,-0.011082,0.007913,0.999907,0,0.32000,-0.39212,19.200,-0.784,-1,400.000,-1,375.000,-1,325.000,325.000,325.000,275.000,850.000,0.000,0.000,-1,825.000,725.000,-1,-1,2,0,2,0,2,0,0,0,0,1,1,1,2,0,0,2,2
4,-3654.022,6176.309,-256.478,-131.140,-0.657901,0.753104,-0.000144,-0.753098,-0.657896,-0.004092,-0.003177,-0.002584,0.999992,0,0.40000,-0.39383,24.000,-0.788,-1,400.000,-1,400.000,-1,325.000,325.000,300.000,300.000,900.000,0.000,0.000,-1,850.000,775.000,-1,-1,2,0,2,0,2,0,0,0,0,1,1,1,2,0,0,2,2
5,-3673.267,6154.883,-257.330,-131.932,-0.668247,0.743926,0.004509,-0.743939,-0.668229,-0.004867,-0.000608,-0.006607,0.999978,0,0.48000,-0.39595,28.800,-0.792,-1,400.000,-1,400.000,-1,325.000,325.000,300.000,300.000,-1,0.000,0.000,-1,850.000,775.000,-1,-1,2,0,2,0,2,0,0,0,0,2,1,1,2,0,0,2,2
6,-3696.066,6130.201,-257.390,-132.729,-0.678532,0.734554,0.005017,-0.734571,-0.678509,-0.005623,-0.000726,-0.007501,0.999972,0,0.56000,-0.39851,33.600,-0.797,-1,400.000,-1,400.000,-1,325.000,325.000,300.000,300.000,-1,0.000,0.000,-1,875.000,800.000,-1,-1,2,0,2,0,2,0,0,0,0,2,1,1,2,0,0,2,2
7,-3722.514,6102.362,-257.466,-133.532,-0.688761,0.724967,0.005548,-0.724988,-0.688731,-0.006565,-0.000938,-0.008543,0.999963,0,0.64000,-0.40150,38.400,-0.803,-1,400.000,-1,400.000,-1,325.000,325.000,300.000,300.000,-1,25.000,25.000,-1,875.000,800.000,-1,-1,2,0,2,0,2,0,0,0,0,2,1,1,2,0,0,2,2
8,-3750.096,6074.138,-257.552,-134.342,-0.698941,0.715153,0.006052,-0.715178,-0.698901,-0.007606,-0.001210,-0.009644,0.999953,0,0.65772,-0.40491,39.463,-0.810,-1,400.000,-1,400.000,-1,325.000,325.000,300.000,300.000,-1,50.000,50.000,-1,875.000,800.000,-1,-1,2,0,2,0,2,0,0,0,0,2,1,1,2,0,0,2,2
9,-3778.199,6046.190,-257.647,-135.158,-0.709069,0.705109,0.006517,-0.705137,-0.709017,-0.008724,-0.001531,-0.010781,0.999941,0,0.66056,-0.40842,39.634,-0.817,-1,425.000,-1,400.000,-1,325.000,325.000,300.000,300.000,-1,100.000,100.000,-1,875.000,800.000,-1,-1,2,0,2,0,2,0,0,0,0,2,1,1,2,0,0,2,2
10,-3806.936,6018.646,-257.745,-136.215,-0.721958,0.691902,0.006975,-0.691935,-0.721892,-0.009914,-0.001824,-0.011983,0.999927,0,0.66343,-0.52842,39.806,-1.057,-1,425.000,-1,400.000,-1,325.000,325.000,300.000,300.000,-1,150.000,125.000,-1,875.000,800.000,-1,-1,2,0,2,0,2,0,0,0,0,2,1,1,2,0,0,2,2
11,-3836.362,5991.582,-257.849,-137.395,-0.736055,0.676882,0.007401,-0.676919,-0.735973,-0.011195,-0.002131,-0.013250,0.999910,0,0.66633,-0.58988,39.980,-1.180,-1,425.000,-1,400.000,-1,325.000,325.000,300.000,300.000,-1,200.000,175.000,-1,875.000,800.000,-1,-1,2,0,2,0,2,0,0,0,0,2,1,1,2,0,0,2,2
12,-3866.468,5965.009,-257.975,-138.568,-0.749759,0.661665,0.007800,-0.661706,-0.749656,-0.012679,-0.002542,-0.014668,0.999889,0,0.66926,-0.58633,40.156,-1.173,-1,425.000,-1,400.000,-1,325.000,325.000,300.000,300.000,975.000,250.000,200.000,-1,875.000,800.000,-1,-1,2,0,2,0,2,0,0,0,0,1,1,1,2,0,0,2,2
13,-3897.244,5938.940,-258.099,-139.733,-0.763070,0.646264,0.008195,-0.646309,-0.762942,-0.014287,-0.002981,-0.016198,0.999864,0,0.67222,-0.58277,40.333,-1.166,-1,425.000,-1,400.000,-1,325.000,325.000,300.000,300.000,950.000,300.000,250.000,-1,875.000,800.000,-1,-1,2,0,2,0,2,0,0,0,0,1,1,1,2,0,0,2,2
14,-3928.679,5913.385,-258.232,-140.892,-0.775987,0.630691,0.008522,-0.630739,-0.775830,-0.016007,-0.003484,-0.017796,0.999836,0,0.67520,-0.57919,40.512,-1.158,-1,425.000,-1,400.000,-1,325.000,325.000,300.000,300.000,950.000,350.000,300.000,-1,850.000,800.000,-1,-1,2,0,2,0,2,0,0,0,0,1,1,1,2,0,0,2,2
15,-3960.763,5888.356,-258.374,-142.043,-0.788512,0.614957,0.008776,-0.615007,-0.788320,-0.017834,-0.004048,-0.019460,0.999802,0,0.67819,-0.57561,40.691,-1.151,-1,400.000,-1,400.000,-1,325.000,325.000,300.000,300.000,950.000,400.000,325.000,-1,850.000,775.000,-1,-1,2,0,2,0,2,0,0,0,0,1,1,1,2,0,0,2,2
16,-3993.484,5863.865,-258.525,-143.187,-0.800644,0.599074,0.008954,-0.599123,-0.800413,-0.019763,-0.004673,-0.021188,0.999765,0,0.68120,-0.57202,40.872,-1.144,-1,400.000,-1,400.000,-1,325.000,325.000,300.000,300.000,975.000,475.000,375.000,-1,850.000,775.000,-1,-1,2,0,2,0,2,0,0,0,0,1,1,1,2,0,0,2,2
17,-4026.832,5839.923,-258.714,-144.324,-0.812383,0.583055,0.009028,-0.583101,-0.812112,-0.021601,-0.005263,-0.022813,0.999726,0,0.68421,-0.56842,41.053,-1.137,-1,400.000,-1,400.000,-1,325.000,325.000,300.000,300.000,975.000,525.000,425.000,-1,850.000,775.000,-1,-1,2,0,2,0,2,0,0,0,0,1,1,1,2,0,0,2,2
18,-4060.795,5816.540,-258.940,-145.453,-0.823728,0.566921,0.008528,-0.566955,-0.823435,-0.022717,-0.005856,-0.023548,0.999706,0,0.68723,-0.56481,41.234,-1.130,-1,400.000,-1,400.000,-1,325.000,325.000,300.000,300.000,1000.000,600.000,475.000,-1,825.000,775.000,-1,-1,2,0,2,0,2,0,0,0,0,1,1,1,2,0,0,2,2
19,-4095.360,5793.727,-259.189,-146.576,-0.834683,0.550672,0.008027,-0.550693,-0.834366,-0.023875,-0.006450,-0.024348,0.999683,0,0.69024,-0.56120,41.415,-1.122,-1,400.000,-1,400.000,-1,325.000,325.000,300.000,300.000,-1,650.000,525.000,-1,825.000,750.000,-1,-1,2,0,2,0,2,0,0,0,0,2,1,1,2,0,0,2,2
20,-4130.515,5771.494,-259.460,-147.691,-0.845250,0.534318,0.007523,-0.534325,-0.844907,-0.025073,-0.007041,-0.025213,0.999657,0,0.69326,-0.55758,41.595,-1.115,-1,400.000,-1,400.000,-1,325.000,325.000,300.000,300.000,-1,725.000,600.000,-1,825.000,750.000,-1,-1,2,0,2,0,2,0,0,0,0,2,1,1,2,0,0,2,2
21,-4166.248,5749.852,-259.676,-148.799,-0.855428,0.517874,0.007068,-0.517870,-0.855067,-0.025906,-0.007372,-0.025821,0.999639,0,0.69627,-0.55395,41.776,-1.108,-1,400.000,-1,400.000,-1,325.000,325.000,300.000,300.000,-1,800.000,650.000,-1,825.000,750.000,-1,-1,2,0,2,0,2,0,0,0,0,2,1,1,2,0,0,2,2
22,-4202.546,5728.810,-259.896,-149.899,-0.865222,0.501346,0.006636,-0.501331,-0.864844,-0.026695,-0.007644,-0.026424,0.999622,0,0.69927,-0.55032,41.956,-1.101,-1,400.000,-1,400.000,-1,325.000,325.000,300.000,300.000,-1,875.000,700.000,-1,825.000,750.000,-1,-1,2,0,2,0,2,0,0,0,0,2,1,1,2,0,0,2,2
23,-4239.397,5708.377,-260.125,-150.993,-0.874634,0.484744,0.006227,-0.484720,-0.874238,-0.027466,-0.007870,-0.027041,0.999603,0,0.70227,-0.54669,42.136,-1.093,-1,400.000,-1,400.000,-1,325.000,325.000,300.000,300.000,-1,950.000,775.000,-1,800.000,725.000,-1,-1,2,0,2,0,2,0,0,0,0,2,1,1,2,0,0,2,2
24,-4276.786,5688.563,-260.362,-152.079,-0.883668,0.468078,0.005842,-0.468045,-0.883254,-0.028220,-0.008050,-0.027672,0.999585,0,0.70525,-0.54305,42.315,-1.086,-1,400.000,-1,400.000,-1,325.000,325.000,300.000,300.000,-1,-1,850.000,-1,800.000,725.000,-1,-1,2,0,2,0,2,0,0,0,0,2,2,1,2,0,0,2,2
25,-4314.701,5669.375,-260.609,-153.158,-0.892327,0.451357,0.005492,-0.451316,-0.891894,-0.028964,-0.008175,-0.028325,0.999565,0,0.70822,-0.53940,42.493,-1.079,-1,400.000,-1,400.000,-1,325.000,325.000,300.000,300.000,-1,-1,925.000,-1,775.000,725.000,-1,-1,2,0,2,0,2,0,0,0,0,2,2,1,2,0,0,2,2
26,-4353.127,5650.823,-260.887,-154.229,-0.900613,0.434590,0.005285,-0.434545,-0.900159,-0.029750,-0.008172,-0.029090,0.999543,0,0.71118,-0.53576,42.671,-1.072,-1,400.000,-1,375.000,-1,325.000,325.000,300.000,300.000,-1,-1,1000.000,-1,775.000,725.000,-1,-1,2,0,2,0,2,0,0,0,0,2,2,1,2,0,0,2,2
27,-4392.052,5632.913,-261.178,-155.293,-0.908531,0.417786,0.005135,-0.417739,-0.908053,-0.030544,-0.008098,-0.029895,0.999520,0,0.71412,-0.53211,42.847,-1.064,-1,400.000,-1,375.000,-1,325.000,325.000,300.000,300.000,-1,-1,-1,-1,775.000,700.000,-1,-1,2,0,2,0,2,0,0,0,0,2,2,2,2,0,0,2,2
28,-4431.462,5615.654,-261.481,-156.350,-0.916084,0.400955,0.005041,-0.400908,-0.915582,-0.031349,-0.007954,-0.030739,0.999496,0,0.71705,-0.52845,43.023,-1.057,-1,400.000,-1,375.000,-1,325.000,325.000,300.000,300.000,-1,-1,-1,-1,775.000,700.000,-1,-1,2,0,2,0,2,0,0,0,0,2,2,2,2,0,0,2,2
29,-4471.787,5598.871,-261.793,-157.403,-0.923295,0.384059,0.004997,-0.384013,-0.922766,-0.032193,-0.007753,-0.031642,0.999469,0,0.72797,-0.52624,43.678,-1.052,-1,400.000,-1,375.000,-1,325.000,325.000,300.000,300.000,-1,-1,-1,-1,750.000,700.000,-1,-1,2,0,2,0,2,0,0,0,0,2,2,2,2,0,0,2,2
30,-4512.451,5582.812,-262.098,-158.452,-0.930171,0.367092,0.004988,-0.367049,-0.929612,-0.033118,-0.007521,-0.032636,0.999439,0,0.72866,-0.52441,43.720,-1.049,-1,400.000,-1,375.000,-1,325.000,325.000,300.000,300.000,-1,-1,-1,-1,750.000,700.000,-1,-1,2,0,2,0,2,0,0,0,0,2,2,2,2,0,0,2,2
31,-4553.441,5567.484,-262.313,-159.497,-0.936712,0.350059,0.005422,-0.350032,-0.936110,-0.034294,-0.006930,-0.034021,0.999397,0,0.72936,-0.52258,43.762,-1.045,-1,400.000,-1,375.000,-1,325.000,300.000,300.000,300.000,-1,-1,-1,-1,750.000,700.000,-1,-1,2,0,2,0,2,0,0,0,0,2,2,2,2,0,0,2,2
32,-4590.181,5554.517,-262.451,-160.561,-0.943052,0.332590,0.006071,-0.332589,-0.942403,-0.035510,-0.006089,-0.035507,0.999351,0,0.64936,-0.53226,38.962,-1.065,-1,400.000,-1,375.000,-1,325.000,300.000,300.000,300.000,-1,-1,-1,-1,750.000,700.000,-1,-1,2,0,2,0,2,0,0,0,0,2,2,2,2,0,0,2,2
33,-4625.100,5542.915,-262.577,-161.622,-0.949047,0.315062,0.006721,-0.315091,-0.948352,-0.036705,-0.005190,-0.036952,0.999304,0,0.61325,-0.53062,36.795,-1.061,-1,375.000,-1,375.000,-1,325.000,300.000,300.000,300.000,-1,-1,-1,-1,725.000,700.000,-1,-1,2,0,2,0,2,0,0,0,0,2,2,2,2,0,0,2,2
34,-4660.262,5531.950,-262.678,-162.681,-0.954700,0.297479,0.007318,-0.297538,-0.953958,-0.037890,-0.004290,-0.038351,0.999255,0,0.61388,-0.52908,36.833,-1.058,-1,375.000,-1,375.000,-1,325.000,300.000,300.000,300.000,-1,-1,-1,-1,725.000,700.000,-1,-1,2,0,2,0,2,0,0,0,0,2,2,2,2,0,0,2,2
35,-4695.657,5521.623,-262.651,-163.736,-0.960011,0.279852,0.007840,-0.279943,-0.959239,-0.038640,-0.003294,-0.039290,0.999222,0,0.61450,-0.52754,36.870,-1.055,-1,375.000,-1,375.000,-1,300.000,300.000,300.000,300.000,-1,-1,-1,-1,725.000,700.000,-1,-1,2,0,2,0,2,0,0,0,0,2,2,2,2,0,0,2,2
36,-4731.271,5511.939,-262.456,-164.788,-0.964977,0.262190,0.008683,-0.262328,-0.964204,-0.038668,-0.001766,-0.039592,0.999214,0,0.61512,-0.52601,36.907,-1.052,-1,375.000,-1,375.000,-1,325.000,300.000,300.000,300.000,-1,-1,-1,-1,725.000,700.000,-1,-1,2,0,2,0,2,0,0,0,0,2,2,2,2,0,0,2,2
37,-4767.092,5502.899,-262.243,-165.837,-0.969604,0.244492,0.009559,-0.244679,-0.968831,-0.038715,-0.000204,-0.039877,0.999205,0,0.61573,-0.52448,36.944,-1.049,-1,375.000,-1,375.000,-1,325.000,300.000,300.000,300.000,-1,-1,-1,-1,725.000,700.000,-1,-1,2,0,2,0,2,0,0,0,0,2,2,2,2,0,0,2,2
38,-4803.107,5494.507,-262.012,-166.883,-0.973893,0.226764,0.010464,-0.227001,-0.973122,-0.038781,0.001389,-0.040144,0.999193,0,0.61633,-0.52296,36.980,-1.046,-1,375.000,-1,375.000,-1,325.000,300.000,300.000,300.000,-1,-1,-1,-1,725.000,700.000,-1,-1,2,0,2,0,2,0,0,0,0,2,2,2,2,0,0,2,2
39,-4839.303,5486.764,-261.763,-167.925,-0.977846,0.209013,0.011396,-0.209302,-0.977078,-0.038868,0.003011,-0.040392,0.999179,0,0.61692,-0.52145,37.015,-1.043,-1,375.000,-1,375.000,-1,325.000,300.000,300.000,300.000,-1,-1,-1,-1,725.000,700.000,-1,-1,2,0,2,0,2,0,0,0,0,2,2,2,2,0,0,2,2
40,-4875.668,5479.673,-261.495,-168.965,-0.981465,0.191244,0.012353,-0.191586,-0.980702,-0.038976,0.004661,-0.040620,0.999164,0,0.61750,-0.51994,37.050,-1.040,-1,375.000,-1,375.000,-1,325.000,300.000,300.000,300.000,-1,-1,-1,-1,725.000,700.000,-1,-1,2,0,2,0,2,0,0,0,0,2,2,2,2,0,0,2,2
41,-4912.190,5473.234,-261.209,-170.002,-0.984750,0.173465,0.013332,-0.173861,-0.983993,-0.039106,0.006335,-0.040827,0.999146,0,0.61808,-0.51844,37.085,-1.037,-1,375.000,-1,375.000,-1,325.000,300.000,325.000,300.000,-1,-1,-1,-1,725.000,700.000,-1,-1,2,0,2,0,2,0,0,0,0,2,2,2,2,0,0,2,2
42,-4948.856,5467.451,-260.904,-171.036,-0.987703,0.155681,0.014331,-0.156132,-0.986956,-0.039258,0.008032,-0.041012,0.999126,0,0.61864,-0.51694,37.119,-1.034,-1,375.000,-1,375.000,-1,325.000,325.000,325.000,300.000,-1,975.000,-1,-1,725.000,700.000,-1,-1,2,0,2,0,2,0,0,0,0,2,0,2,2,0,0,2,2
43,-4985.652,5462.323,-260.579,-172.067,-0.990328,0.137897,0.015347,-0.138406,-0.989590,-0.039432,0.009749,-0.041174,0.999104,0,0.61920,-0.51546,37.152,-1.031,-1,375.000,-1,375.000,-1,325.000,325.000,325.000,300.000,-1,800.000,-1,-1,725.000,700.000,-1,-1,2,0,2,0,2,0,0,0,0,2,0,2,2,0,0,2,2
44,-5022.563,5457.854,-260.236,-173.095,-0.992625,0.120113,0.016377,-0.120679,-0.991900,-0.039628,0.011485,-0.041313,0.999080,0,0.61967,-0.51421,37.180,-1.028,-1,375.000,-1,375.000,-1,325.000,325.000,300.000,300.000,-1,725.000,1000.000,-1,750.000,700.000,-1,-1,2,0,2,0,2,0,0,0,0,2,0,0,2,0,0,2,2
45,-5059.548,5454.048,-259.873,-174.124,-0.994602,0.102290,0.017419,-0.102915,-0.993892,-0.039847,0.013236,-0.041425,0.999054,0,0.61967,-0.51421,37.180,-1.028,-1,375.000,-1,375.000,-1,325.000,325.000,300.000,300.000,-1,675.000,850.000,-1,750.000,700.000,-1,-1,2,0,2,0,2,0,0,0,0,2,0,0,2,0,0,2,2
46,-5096.595,5450.906,-259.490,-175.152,-0.996258,0.084435,0.018469,-0.085119,-0.995564,-0.040088,0.015002,-0.041511,0.999025,0,0.61967,-0.51421,37.180,-1.028,-1,375.000,-1,375.000,-1,325.000,325.000,300.000,300.000,-1,625.000,750.000,-1,750.000,725.000,-1,-1,2,0,2,0,2,0,0,0,0,2,0,0,2,0,0,2,2
47,-5133.693,5448.429,-259.088,-176.181,-0.997592,0.066552,0.019525,-0.067297,-0.996917,-0.040351,0.016779,-0.041568,0.998995,0,0.61967,-0.51421,37.180,-1.028,-1,375.000,-1,375.000,-1,325.000,325.000,300.000,300.000,-1,600.000,675.000,-1,750.000,725.000,-1,-1,2,0,2,0,2,0,0,0,0,2,0,0,2,0,0,2,2
48,-5170.829,5446.619,-258.665,-177.209,-0.998604,0.048649,0.020585,-0.049454,-0.997949,-0.040636,0.018566,-0.041597,0.998962,0,0.61967,-0.51421,37.180,-1.028,-1,375.000,-1,375.000,-1,325.000,325.000,300.000,300.000,-1,575.000,625.000,-1,750.000,725.000,-1,-1,2,0,2,0,2,0,0,0,0,2,0,0,2,0,0,2,2
49,-5207.992,5445.476,-258.222,-178.238,-0.999293,0.030729,0.021645,-0.031597,-0.998662,-0.040942,0.020358,-0.041596,0.998927,0,0.61967,-0.51421,37.180,-1.028,-1,375.000,-1,375.000,-1,325.000,300.000,300.000,300.000,-1,550.000,600.000,-1,750.000,725.000,-1,-1,2,0,2,0,2,0,0,0,0,2,0,0,2,0,0,2,2
50,-5245.169,5445.000,-257.712,-179.266,-0.999663,0.012800,0.022565,-0.013726,-0.999050,-0.041349,0.022014,-0.041645,0.998890,0,0.61967,-0.51421,37.180,-1.028,-1,375.000,-1,375.000,-1,325.000,300.000,300.000,300.000,-1,525.000,550.000,-1,750.000,725.000,-1,-1,2,0,2,0,2,0,0,0,0,2,0,0,2,0,0,2,2
51,-5282.395,5445.192,-256.759,-180.296,-0.999725,-0.005160,0.022884,0.004210,-0.999134,-0.041390,0.023078,-0.041282,0.998881,0,0.62044,-0.51498,37.226,-1.030,-1,375.000,-1,375.000,-1,325.000,300.000,300.000,300.000,-1,550.000,575.000,-1,750.000,725.000,-1,-1,2,0,2,0,2,0,0,0,0,2,0,0,2,0,0,2,2
52,-5319.703,5446.058,-255.760,-181.329,-0.999461,-0.023170,0.023250,0.022194,-0.998896,-0.041407,0.024184,-0.040869,0.998872,0,0.62195,-0.51645,37.317,-1.033,-1,375.000,-1,375.000,-1,325.000,300.000,300.000,300.000,-1,575.000,600.000,-1,750.000,750.000,-1,-1,2,0,2,0,2,0,0,0,0,2,0,0,2,0,0,2,2
53,-5357.081,5447.602,-254.731,-182.365,-0.998871,-0.041225,0.023615,0.040223,-0.998332,-0.041424,0.025284,-0.040427,0.998863,0,0.62350,-0.51791,37.410,-1.036,-1,375.000,-1,375.000,-1,325.000,300.000,300.000,300.000,-1,600.000,625.000,-1,750.000,750.000,-1,-1,2,0,2,0,2,0,0,0,0,2,0,0,2,0,0,2,2
54,-5394.519,5449.828,-253.672,-183.403,-0.997951,-0.059317,0.023981,0.058290,-0.997439,-0.041437,0.026377,-0.039955,0.998853,0,0.62507,-0.51935,37.504,-1.039,-1,375.000,-1,375.000,-1,325.000,300.000,300.000,325.000,-1,625.000,650.000,-1,750.000,750.000,-1,-1,2,0,2,0,2,0,0,0,0,2,0,0,2,0,0,2,2
55,-5432.007,5452.743,-252.582,-184.445,-0.996700,-0.077439,0.024348,0.076389,-0.996216,-0.041444,0.027465,-0.039448,0.998844,0,0.62668,-0.52077,37.601,-1.042,-1,375.000,-1,375.000,-1,325.000,300.000,300.000,325.000,-1,650.000,675.000,-1,750.000,750.000,-1,-1,2,0,2,0,2,0,0,0,0,2,0,0,2,0,0,2,2
56,-5469.533,5456.349,-251.463,-185.489,-0.995114,-0.095586,0.024718,0.094513,-0.994661,-0.041443,0.028548,-0.038904,0.998835,0,0.62831,-0.52219,37.699,-1.044,-1,375.000,-1,375.000,-1,325.000,300.000,300.000,325.000,-1,675.000,675.000,-1,750.000,775.000,-1,-1,2,0,2,0,2,0,0,0,0,2,0,0,2,0,0,2,2
57,-5507.086,5460.652,-250.313,-186.536,-0.993192,-0.113751,0.025095,0.112656,-0.992770,-0.041431,0.029626,-0.038321,0.998826,0,0.62997,-0.52358,37.798,-1.047,-1,375.000,-1,375.000,-1,325.000,300.000,300.000,325.000,-1,700.000,700.000,-1,750.000,775.000,-1,-1,2,0,2,0,2,0,0,0,0,2,0,0,2,0,0,2,2
58,-5544.654,5465.656,-249.133,-187.586,-0.990932,-0.131926,0.025479,0.130810,-0.990543,-0.041405,0.030701,-0.037696,0.998818,0,0.63166,-0.52497,37.900,-1.050,-1,375.000,-1,375.000,-1,325.000,300.000,300.000,325.000,-1,725.000,725.000,-1,750.000,775.000,-1,-1,2,0,2,0,2,0,0,0,0,2,0,0,2,0,0,2,2
59,-5582.226,5471.365,-247.923,-188.639,-0.988331,-0.150105,0.025874,0.148969,-0.987976,-0.041364,0.031772,-0.037027,0.998809,0,0.63338,-0.52634,38.003,-1.053,-1,375.000,-1,400.000,-1,325.000,325.000,300.000,325.000,-1,750.000,750.000,-1,775.000,775.000,-1,-1,2,0,2,0,2,0,0,0,0,2,0,0,2,0,0,2,2
60,-5619.790,5477.783,-246.683,-189.694,-0.985389,-0.168282,0.026281,0.167126,-0.985070,-0.041306,0.032840,-0.036310,0.998801,0,0.63513,-0.52769,38.108,-1.055,-1,375.000,-1,400.000,-1,300.000,325.000,300.000,325.000,-1,775.000,750.000,-1,775.000,775.000,-1,-1,2,0,2,0,2,0,0,0,0,2,0,0,2,0,0,2,2
61,-5657.334,5484.913,-245.414,-190.752,-0.982102,-0.186448,0.026705,0.185274,-0.981822,-0.041228,0.033906,-0.035542,0.998793,0,0.63691,-0.52903,38.215,-1.058,-1,400.000,-1,400.000,1000.000,300.000,325.000,300.000,325.000,-1,775.000,775.000,-1,775.000,800.000,-1,-1,2,0,2,0,1,0,0,0,0,2,0,0,2,0,0,2,2
62,-5694.845,5492.759,-244.115,-191.813,-0.978470,-0.204597,0.027147,0.203406,-0.978230,-0.041130,0.034971,-0.034722,0.998785,0,0.63872,-0.53035,38.323,-1.061,-1,400.000,-1,400.000,975.000,325.000,325.000,300.000,325.000,-1,800.000,800.000,-1,775.000,800.000,-1,-1,2,0,2,0,1,0,0,0,0,2,0,0,2,0,0,2,2
63,-5732.311,5501.324,-242.787,-192.876,-0.974491,-0.222722,0.027611,0.221515,-0.974294,-0.041009,0.036035,-0.033846,0.998777,0,0.64055,-0.53167,38.433,-1.063,-1,400.000,-1,400.000,925.000,325.000,325.000,300.000,325.000,-1,825.000,825.000,-1,775.000,800.000,-1,-1,2,0,2,0,1,0,0,0,0,2,0,0,2,0,0,2,2
64,-5768.545,5510.157,-241.479,-193.700,-0.971176,-0.236705,0.028083,0.235485,-0.971018,-0.040881,0.036946,-0.033090,0.998769,0,0.62157,-0.41167,37.294,-0.823,-1,400.000,-1,400.000,900.000,325.000,325.000,300.000,325.000,-1,850.000,825.000,-1,775.000,825.000,-1,-1,2,0,2,0,1,0,0,0,0,2,0,0,2,0,0,2,2
65,-5804.788,5519.384,-240.155,-194.283,-0.968700,-0.246584,0.028578,0.245351,-0.968578,-0.040743,0.037726,-0.032456,0.998761,0,0.62332,-0.29167,37.399,-0.583,-1,400.000,-1,400.000,875.000,325.000,325.000,300.000,325.000,-1,875.000,850.000,-1,775.000,825.000,-1,-1,2,0,2,0,1,0,0,0,0,2,0,0,2,0,0,2,2
66,-5841.032,5529.002,-238.783,-194.862,-0.966144,-0.256364,0.029027,0.255128,-0.966062,-0.040430,0.038406,-0.031655,0.998761,0,0.62498,-0.28945,37.499,-0.579,-1,400.000,-1,400.000,850.000,325.000,325.000,325.000,325.000,-1,900.000,875.000,-1,775.000,825.000,-1,-1,2,0,2,0,1,0,0,0,0,2,0,0,2,0,0,2,2
67,-5877.273,5539.015,-237.441,-195.444,-0.963485,-0.266168,0.029184,0.264935,-0.963428,-0.040206,0.038818,-0.031006,0.998765,0,0.62664,-0.29097,37.598,-0.582,-1,400.000,-1,400.000,825.000,325.000,325.000,325.000,325.000,-1,925.000,900.000,-1,800.000,825.000,-1,1000.000,2,0,2,0,1,0,0,0,0,2,0,0,2,0,0,2,1
68,-5913.504,5549.424,-236.100,-196.029,-0.960712,-0.275997,0.029289,0.274768,-0.960678,-0.039997,0.039177,-0.030378,0.998770,0,0.62827,-0.29252,37.696,-0.585,-1,400.000,-1,400.000,775.000,325.000,325.000,325.000,325.000,-1,975.000,925.000,-1,800.000,825.000,-1,950.000,2,0,2,0,1,0,0,0,0,2,0,0,2,0,0,2,1
69,-5949.719,5560.232,-234.744,-196.617,-0.957823,-0.285850,0.029406,0.284627,-0.957814,-0.039757,0.039531,-0.029711,0.998777,0,0.62990,-0.29409,37.794,-0.588,-1,400.000,-1,400.000,750.000,325.000,325.000,325.000,325.000,-1,1000.000,975.000,-1,800.000,850.000,-1,900.000,2,0,2,0,1,0,0,0,0,2,0,0,2,0,0,2,1
70,-5985.913,5571.442,-233.293,-197.209,-0.954826,-0.295724,0.029218,0.294509,-0.954824,-0.039702,0.039639,-0.029303,0.998784,0,0.63150,-0.29569,37.890,-0.591,-1,400.000,-1,400.000,725.000,325.000,325.000,325.000,325.000,-1,-1,-1,-1,800.000,850.000,-1,875.000,2,0,2,0,1,0,0,0,0,2,2,2,2,0,1,2,1
71,-6022.079,5583.057,-231.903,-197.803,-0.951714,-0.305624,0.028870,0.304437,-0.951723,-0.039255,0.039474,-0.028571,0.998812,0,0.63308,-0.29732,37.985,-0.595,-1,400.000,-1,400.000,700.000,325.000,325.000,325.000,300.000,-1,-1,-1,-1,800.000,825.000,-1,825.000,2,0,2,0,1,0,0,0,0,2,2,2,2,0,1,2,1
72,-6058.211,5595.077,-230.523,-198.401,-0.948482,-0.315548,0.028493,0.314395,-0.948505,-0.038655,0.039223,-0.027706,0.998846,0,0.63465,-0.29898,38.079,-0.598,-1,400.000,-1,400.000,650.000,325.000,325.000,325.000,300.000,-1,-1,-1,-1,825.000,800.000,-1,800.000,2,0,2,0,1,0,0,0,0,2,2,2,2,0,1,2,1
73,-6094.301,5607.506,-229.129,-199.003,-0.945126,-0.325494,0.028131,0.324376,-0.945164,-0.038010,0.038961,-0.026799,0.998881,0,0.63618,-0.30068,38.171,-0.601,-1,400.000,-1,400.000,625.000,325.000,325.000,325.000,300.000,-1,-1,-1,-1,825.000,775.000,-1,750.000,2,0,2,0,1,0,0,0,0,2,2,2,2,0,1,2,1
74,-6130.344,5620.346,-227.720,-199.607,-0.941644,-0.335461,0.027786,0.334380,-0.941699,-0.037319,0.038685,-0.025850,0.998917,0,0.63769,-0.30242,38.261,-0.605,-1,400.000,-1,400.000,600.000,325.000,325.000,325.000,300.000,-1,-1,-1,-1,825.000,750.000,-1,725.000,2,0,2,0,1,0,0,0,0,2,2,2,2,0,1,2,1
75,-6166.331,5633.598,-226.297,-200.216,-0.938035,-0.345450,0.027459,0.344406,-0.938108,-0.036580,0.038396,-0.024857,0.998953,0,0.63917,-0.30419,38.350,-0.608,-1,400.000,-1,400.000,575.000,325.000,325.000,325.000,300.000,-1,-1,-1,-1,850.000,725.000,-1,675.000,2,0,2,0,1,0,0,0,0,2,2,2,2,0,1,2,1
76,-6202.256,5647.265,-224.859,-200.828,-0.934297,-0.355460,0.027151,0.354454,-0.934388,-0.035794,0.038093,-0.023818,0.998990,0,0.64061,-0.30601,38.436,-0.612,-1,400.000,-1,400.000,525.000,325.000,325.000,325.000,300.000,-1,-1,-1,-1,850.000,700.000,-1,650.000,2,0,2,0,1,0,0,0,0,2,2,2,2,0,1,2,1
77,-6238.110,5661.347,-223.407,-201.444,-0.930427,-0.365490,0.026865,0.364524,-0.930538,-0.034958,0.037776,-0.022733,0.999028,0,0.64201,-0.30788,38.520,-0.616,-1,400.000,-1,400.000,500.000,325.000,325.000,325.000,300.000,-1,-1,-1,-1,850.000,675.000,-1,600.000,2,0,2,0,1,0,0,0,0,2,2,2,2,0,1,2,1
78,-6278.190,5677.785,-221.751,-202.299,-0.924867,-0.379359,0.026594,0.378438,-0.925003,-0.033959,0.037482,-0.021343,0.999069,0,0.72201,-0.42788,43.320,-0.856,-1,400.000,-1,400.000,475.000,325.000,325.000,325.000,300.000,-1,-1,-1,-1,875.000,650.000,-1,550.000,2,0,2,0,1,0,0,0,0,2,2,2,2,0,1,2,1
79,-6322.355,5696.893,-219.901,-203.395,-0.917446,-0.396992,0.026279,0.396124,-0.917611,-0.032813,0.037140,-0.019695,0.999116,0,0.80201,-0.54788,48.120,-1.096,-1,400.000,-1,400.000,425.000,325.000,325.000,325.000,300.000,-1,-1,-1,-1,875.000,600.000,-1,500.000,2,0,2,0,1,0,0,0,0,2,2,2,2,0,1,2,1
80,-6370.421,5719.033,-218.027,-204.731,-0.907969,-0.418284,0.025102,0.417475,-0.908128,-0.031909,0.036143,-0.018493,0.999176,0,0.88201,-0.66788,52.920,-1.336,-1,400.000,-1,400.000,400.000,325.000,325.000,325.000,300.000,-1,-1,-1,-1,875.000,550.000,-1,450.000,2,0,2,0,1,0,0,0,0,2,2,2,2,0,1,2,1
81,-6420.155,5743.620,-216.088,-206.307,-0.896149,-0.443108,0.023905,0.442355,-0.896302,-0.031073,0.035195,-0.017271,0.999231,0,0.92467,-0.78788,55.480,-1.576,-1,425.000,-1,400.000,350.000,325.000,325.000,325.000,300.000,-1,-1,-1,-1,900.000,525.000,-1,400.000,2,0,2,0,1,0,0,0,0,2,2,2,2,0,1,2,1
82,-6469.203,5769.834,-214.211,-208.122,-0.881682,-0.471294,0.022770,0.470582,-0.881827,-0.030552,0.034478,-0.016222,0.999274,0,0.92689,-0.90788,55.613,-1.816,-1,425.000,-1,375.000,300.000,325.000,325.000,325.000,300.000,-1,-1,-1,-1,900.000,475.000,-1,350.000,2,0,2,1,1,0,0,0,1,2,2,2,2,0,1,2,1
83,-6517.496,5797.701,-212.549,-209.986,-0.865939,-0.499731,0.020453,0.499067,-0.866031,-0.030355,0.032882,-0.016078,0.999330,0,0.92927,-0.93207,55.756,-1.864,-1,425.000,-1,350.000,250.000,325.000,325.000,300.000,300.000,-1,-1,-1,-1,900.000,425.000,-1,275.000,2,0,2,1,1,0,0,0,1,2,2,2,2,0,1,2,1
84,-6564.976,5827.203,-210.887,-211.855,-0.849239,-0.527702,0.017997,0.527092,-0.849280,-0.029976,0.031103,-0.015971,0.999389,0,0.93166,-0.93417,55.900,-1.868,-1,425.000,950.000,300.000,200.000,325.000,325.000,300.000,300.000,-1,-1,-1,-1,900.000,375.000,-1,225.000,2,0,1,1,1,0,0,0,1,2,2,2,2,0,1,2,1
85,-6611.585,5858.318,-207.773,-213.728,-0.831614,-0.555120,0.016098,0.554344,-0.831501,-0.036172,0.033466,-0.021157,0.999216,0,0.93400,-0.93636,56.040,-1.873,-1,425.000,825.000,275.000,175.000,350.000,300.000,300.000,300.000,-1,-1,-1,-1,950.000,350.000,-1,200.000,2,0,1,1,1,0,1,0,1,2,2,2,2,0,1,2,1
86,-6657.264,5891.022,-200.981,-215.605,-0.813245,-0.581727,0.015019,0.580018,-0.812402,-0.059851,0.047018,-0.039962,0.998094,0,0.93629,-0.93866,56.177,-1.877,-1,475.000,775.000,275.000,150.000,375.000,300.000,275.000,325.000,-1,-1,-1,-1,925.000,325.000,-1,175.000,2,0,1,1,1,0,1,0,1,2,2,2,2,1,1,2,1
87,-6701.952,5925.285,-193.423,-217.487,-0.794273,-0.607428,0.012729,0.604282,-0.791986,-0.087186,0.063041,-0.061558,0.996111,0,0.93849,-0.94108,56.310,-1.882,-1,500.000,750.000,250.000,150.000,375.000,275.000,275.000,375.000,-1,250.000,775.000,-1,850.000,325.000,-1,150.000,2,0,1,1,1,1,1,0,1,2,0,0,2,1,1,2,1
88,-6745.590,5961.078,-185.043,-219.374,-0.774904,-0.632022,0.008496,0.626839,-0.770138,-0.118151,0.081217,-0.086230,0.992959,0,0.94059,-0.94366,56.436,-1.887,-1,500.000,725.000,250.000,150.000,350.000,275.000,250.000,450.000,850.000,100.000,325.000,-1,775.000,300.000,-1,150.000,2,1,1,1,1,1,1,0,1,0,0,0,2,1,1,2,1
89,-6788.118,5998.365,-175.922,-221.267,-0.755407,-0.655253,0.001893,0.647334,-0.746720,-0.152863,0.101578,-0.114249,0.988246,0,0.94256,-0.94643,56.554,-1.893,-1,475.000,700.000,250.000,125.000,325.000,250.000,250.000,775.000,500.000,50.000,250.000,-1,700.000,300.000,-1,125.000,2,1,1,1,1,1,1,0,0,0,0,0,2,1,1,2,1
90,-6829.473,6037.111,-166.995,-223.166,-0.735888,-0.677065,-0.007240,0.666006,-0.721857,-0.188039,0.122088,-0.143198,0.982135,0,0.94436,-0.94942,56.662,-1.899,-1,425.000,700.000,250.000,125.000,325.000,250.000,225.000,950.000,325.000,25.000,225.000,-1,650.000,300.000,-1,125.000,2,1,1,1,1,1,1,0,1,0,0,0,2,1,1,2,1
91,8198.964,8854.997,330.543,132.707,-0.698314,-0.715715,-0.010432,0.681761,-0.660604,-0.314331,0.218080,-0.226613,0.949256,1,0.00000,0.00000,56.758,-1.905,-1,275.000,425.000,175.000,100.000,225.000,175.000,250.000,-1,100.000,0.000,125.000,-1,375.000,225.000,925.000,100.000,2,1,1,1,1,1,1,0,2,0,0,0,2,1,1,1,1
92,982.146,-8203.621,-35.990,68.681,0.363648,-0.931026,-0.030839,0.931532,0.363350,0.014992,-0.002753,-0.034179,0.999412,1,-0.08000,-0.12000,-4.800,-0.240,-1,400.000,-1,375.000,-1,325.000,325.000,300.000,300.000,-1,525.000,575.000,-1,750.000,700.000,-1,-1,2,0,2,0,2,0,0,0,0,2,0,0,2,0,0,2,2
93,978.755,-8212.101,-35.953,68.201,0.371435,-0.927955,-0.030592,0.928455,0.371139,0.015044,-0.002607,-0.033992,0.999419,0,-0.15220,-0.24000,-9.132,-0.480,-1,400.000,-1,375.000,-1,325.000,325.000,300.000,300.000,-1,500.000,575.000,-1,750.000,700.000,-1,-1,2,0,2,0,2,0,0,0,0,2,0,0,2,0,0,2,2
94,975.274,-8220.543,-35.919,67.591,0.381284,-0.923959,-0.030357,0.924455,0.380993,0.015102,-0.002388,-0.033822,0.999425,0,-0.15220,-0.30479,-9.132,-0.610,-1,400.000,-1,375.000,-1,325.000,325.000,300.000,300.000,-1,500.000,550.000,-1,750.000,700.000,-1,-1,2,0,2,0,2,0,0,0,0,2,0,0,2,0,0,2,2
95,971.703,-8228.948,-35.886,66.982,0.391091,-0.919859,-0.030121,0.920349,0.390803,0.015162,-0.002175,-0.033651,0.999431,0,-0.15220,-0.30479,-9.132,-0.610,-1,400.000,-1,375.000,-1,325.000,325.000,300.000,300.000,-1,500.000,550.000,-1,750.000,700.000,-1,-1,2,0,2,0,2,0,0,0,0,2,0,0,2,0,0,2,2
96,968.043,-8237.315,-35.855,66.372,0.400854,-0.915654,-0.029884,0.916140,0.400570,0.015224,-0.001969,-0.033481,0.999437,0,-0.15220,-0.30479,-9.132,-0.610,-1,400.000,-1,375.000,-1,325.000,325.000,300.000,300.000,-1,475.000,550.000,-1,750.000,700.000,-1,-1,2,0,2,0,2,0,0,0,0,2,0,0,2,0,0,2,2
97,964.294,-8245.642,-35.826,65.763,0.410572,-0.911346,-0.029647,0.911827,0.410291,0.015288,-0.001769,-0.033310,0.999444,0,-0.15220,-0.30479,-9.132,-0.610,-1,400.000,-1,375.000,-1,325.000,325.000,300.000,300.000,-1,475.000,525.000,-1,750.000,700.000,-1,-1,2,0,2,0,2,0,0,0,0,2,0,0,2,0,0,2,2
98,960.457,-8253.929,-35.798,65.153,0.420244,-0.906935,-0.029409,0.907410,0.419966,0.015355,-0.001575,-0.033139,0.999450,0,-0.15220,-0.30479,-9.132,-0.610,-1,400.000,-1,375.000,-1,325.000,325.000,300.000,300.000,-1,475.000,525.000,-1,750.000,700.000,-1,-1,2,0,2,0,2,0,0,0,0,2,0,0,2,0,0,2,2
99,956.532,-8262.175,-35.772,64.543,0.429868,-0.902420,-0.029171,0.902891,0.429593,0.015424,-0.001387,-0.032969,0.999455,0,-0.15220,-0.30479,-9.132,-0.610,-1,400.000,-1,375.000,-1,325.000,300.000,300.000,300.000,-1,475.000,500.000,-1,750.000,700.000,-1,-1,2,0,2,0,2,0,0,0,0,2,0,0,2,0,0,2,2
100,952.519,-8270.378,-35.747,63.934,0.439444,-0.897804,-0.028932,0.898269,0.439172,0.015495,-0.001205,-0.032798,0.999461,0,-0.15220,-0.30479,-9.132,-0.610,-1,400.000,-1,375.000,-1,325.000,300.000,300.000,300.000,-1,450.000,500.000,-1,750.000,700.000,-1,-1,2,0,2,0,2,0,0,0,0,2,0,0,2,0,0,2,2
101,948.419,-8278.538,-35.724,63.324,0.448971,-0.893086,-0.028693,0.893546,0.448702,0.015569,-0.001030,-0.032628,0.999467,0,-0.15220,-0.30479,-9.132,-0.610,-1,400.000,-1,375.000,-1,325.000,300.000,300.000,300.000,-1,450.000,500.000,-1,750.000,700.000,-1,-1,2,0,2,0,2,0,0,0,0,2,0,0,2,0,0,2,2
102,944.233,-8286.655,-35.703,62.715,0.458447,-0.888266,-0.028453,0.888722,0.458180,0.015644,-0.000860,-0.032459,0.999473,0,-0.15220,-0.30479,-9.132,-0.610,-1,400.000,-1,375.000,-1,325.000,300.000,300.000,300.000,-1,450.000,475.000,-1,750.000,675.000,-1,-1,2,0,2,0,2,0,0,0,0,2,0,0,2,0,0,2,2
103,939.960,-8294.726,-35.683,62.105,0.467871,-0.883346,-0.028212,0.883797,0.467607,0.015722,-0.000696,-0.032290,0.999478,0,-0.15220,-0.30479,-9.132,-0.610,-1,400.000,-1,375.000,-1,325.000,300.000,300.000,300.000,-1,450.000,475.000,-1,750.000,675.000,-1,-1,2,0,2,0,2,0,0,0,0,2,0,0,2,0,0,2,2
104,935.602,-8302.751,-35.664,61.496,0.477243,-0.878326,-0.027971,0.878771,0.476981,0.015802,-0.000538,-0.032122,0.999484,0,-0.15220,-0.30479,-9.132,-0.610,-1,400.000,-1,375.000,-1,325.000,300.000,300.000,300.000,-1,425.000,475.000,-1,750.000,675.000,-1,-1,2,0,2,0,2,0,0,0,0,2,0,0,2,0,0,2,2
105,931.159,-8310.729,-35.647,60.886,0.486561,-0.873207,-0.027729,0.873647,0.486301,0.015884,-0.000386,-0.031954,0.999489,0,-0.15220,-0.30479,-9.132,-0.610,-1,400.000,-1,375.000,-1,325.000,300.000,300.000,300.000,-1,425.000,450.000,-1,750.000,675.000,-1,-1,2,0,2,0,2,0,0,0,0,2,0,0,2,0,0,2,2
106,926.631,-8318.660,-35.621,60.276,0.495824,-0.867987,-0.027504,0.868423,0.495566,0.016012,-0.000268,-0.031824,0.999493,0,-0.15220,-0.30479,-9.132,-0.610,-1,400.000,-1,375.000,-1,325.000,300.000,300.000,300.000,-1,425.000,450.000,-1,725.000,675.000,-1,-1,2,0,2,0,2,0,0,0,0,2,0,0,2,0,0,2,2
107,922.019,-8326.542,-35.579,59.667,0.505034,-0.862667,-0.027306,0.863100,0.504773,0.016218,-0.000208,-0.031759,0.999496,0,-0.15220,-0.30479,-9.132,-0.610,-1,400.000,-1,375.000,-1,325.000,300.000,300.000,300.000,-1,425.000,450.000,-1,725.000,675.000,-1,-1,2,0,2,0,2,0,0,0,0,2,0,0,2,0,0,2,2
108,917.324,-8334.375,-35.539,59.057,0.514186,-0.857250,-0.027106,0.857679,0.513924,0.016428,-0.000153,-0.031695,0.999498,0,-0.15220,-0.30479,-9.132,-0.610,-1,400.000,-1,375.000,-1,325.000,300.000,300.000,300.000,-1,425.000,450.000,-1,725.000,675.000,-1,-1,2,0,2,0,2,0,0,0,0,2,0,0,2,0,0,2,2
109,912.545,-8342.157,-35.500,58.448,0.523281,-0.851736,-0.026902,0.852160,0.523016,0.016641,-0.000103,-0.031632,0.999500,0,-0.15220,-0.30479,-9.132,-0.610,-1,400.000,-1,375.000,-1,325.000,300.000,300.000,300.000,-1,425.000,450.000,-1,725.000,675.000,-1,-1,2,0,2,0,2,0,0,0,0,2,0,0,2,0,0,2,2
110,907.684,-8349.888,-35.472,57.838,0.532317,-0.846126,-0.026649,0.846545,0.532050,0.016861,-0.000089,-0.031535,0.999503,0,-0.15220,-0.30479,-9.132,-0.610,-1,400.000,-1,375.000,-1,325.000,300.000,300.000,325.000,-1,425.000,425.000,-1,725.000,675.000,-1,-1,2,0,2,0,2,0,0,0,0,2,0,0,2,0,0,2,2
111,902.741,-8357.566,-35.454,57.228,0.541293,-0.840421,-0.026350,0.840834,0.541024,0.017088,-0.000105,-0.031406,0.999507,0,-0.15220,-0.30479,-9.132,-0.610,-1,400.000,-1,375.000,-1,325.000,300.000,300.000,325.000,-1,425.000,425.000,-1,725.000,675.000,-1,-1,2,0,2,0,2,0,0,0,0,2,0,0,2,0,0,2,2
112,897.716,-8365.192,-35.438,56.619,0.550209,-0.834621,-0.026050,0.835027,0.549936,0.017316,-0.000126,-0.031280,0.999511,0,-0.15220,-0.30479,-9.132,-0.610,-1,400.000,-1,375.000,-1,325.000,300.000,300.000,325.000,-1,425.000,425.000,-1,725.000,675.000,-1,-1,2,0,2,0,2,0,0,0,0,2,0,0,2,0,0,2,2
113,892.611,-8372.764,-35.422,56.009,0.559062,-0.828726,-0.025749,0.829126,0.558787,0.017543,-0.000151,-0.031157,0.999514,0,-0.15220,-0.30479,-9.132,-0.610,-1,400.000,-1,375.000,-1,325.000,300.000,300.000,325.000,-1,425.000,425.000,-1,725.000,675.000,-1,-1,2,0,2,0,2,0,0,0,0,2,0,0,2,0,0,2,2
114,887.425,-8380.281,-35.406,55.400,0.567852,-0.822737,-0.025447,0.823130,0.567574,0.017772,-0.000178,-0.031038,0.999518,0,-0.15220,-0.30479,-9.132,-0.610,-1,400.000,-1,375.000,-1,325.000,300.000,300.000,325.000,-1,425.000,425.000,-1,725.000,675.000,-1,-1,2,0,2,0,2,0,0,0,0,2,0,0,2,0,0,2,2
115,882.160,-8387.742,-35.392,54.790,0.576578,-0.816655,-0.025144,0.817042,0.576297,0.018000,-0.000210,-0.030922,0.999522,0,-0.15220,-0.30479,-9.132,-0.610,-1,375.000,-1,375.000,-1,325.000,300.000,300.000,325.000,-1,425.000,425.000,-1,725.000,675.000,-1,-1,2,0,2,0,2,0,0,0,0,2,0,0,2,0,0,2,2
116,879.639,-8391.266,-35.385,54.421,0.581836,-0.812922,-0.025004,0.813306,0.581554,0.018118,-0.000188,-0.030878,0.999523,0,-0.07220,-0.18479,-4.332,-0.370,-1,375.000,-1,375.000,-1,325.000,300.000,300.000,325.000,-1,425.000,425.000,-1,725.000,675.000,-1,-1,2,0,2,0,2,0,0,0,0,2,0,0,2,0,0,2,2
117,879.912,-8390.886,-35.385,54.291,0.583672,-0.811604,-0.025028,0.811990,0.583390,0.018126,-0.000110,-0.030902,0.999522,0,0.00780,-0.06479,0.468,-0.130,-1,375.000,-1,375.000,-1,325.000,300.000,300.000,325.000,-1,425.000,425.000,-1,725.000,675.000,-1,-1,2,0,2,0,2,0,0,0,0,2,0,0,2,0,0,2,2
118,882.978,-8386.603,-35.392,54.401,0.582102,-0.812724,-0.025217,0.813116,0.581823,0.018023,0.000024,-0.030995,0.999520,0,0.08780,0.05521,5.268,0.110,-1,375.000,-1,375.000,-1,325.000,300.000,300.000,325.000,-1,425.000,425.000,-1,725.000,675.000,-1,-1,2,0,2,0,2,0,0,0,0,2,0,0,2,0,0,2,2
119,888.789,-8378.381,-35.406,54.752,0.577114,-0.816263,-0.025571,0.816664,0.576839,0.017812,0.000211,-0.031162,0.999514,0,0.16780,0.17521,10.068,0.350,-1,375.000,-1,375.000,-1,325.000,300.000,300.000,325.000,-1,425.000,425.000,-1,725.000,675.000,-1,-1,2,0,2,0,2,0,0,0,0,2,0,0,2,0,0,2,2
120,897.243,-8366.151,-35.426,55.342,0.568661,-0.822158,-0.026090,0.822572,0.568393,0.017492,0.000448,-0.031408,0.999507,0,0.24780,0.29521,14.868,0.590,-1,400.000,-1,375.000,-1,325.000,300.000,300.000,325.000,-1,425.000,425.000,-1,725.000,675.000,-1,-1,2,0,2,0,2,0,0,0,0,2,0,0,2,0,0,2,2
121,908.192,-8349.813,-35.452,56.173,0.556673,-0.830300,-0.026776,0.830732,0.556411,0.017067,0.000728,-0.031745,0.999496,0,0.32780,0.41521,19.668,0.830,-1,400.000,-1,375.000,-1,325.000,300.000,300.000,325.000,-1,425.000,425.000,-1,725.000,675.000,-1,-1,2,0,2,0,2,0,0,0,0,2,0,0,2,0,0,2,2
122,921.467,-8329.260,-35.500,57.141,0.542546,-0.839574,-0.027555,0.840025,0.542294,0.016560,0.001040,-0.032132,0.999483,0,0.40780,0.48413,24.468,0.968,-1,400.000,-1,375.000,-1,325.000,300.000,300.000,325.000,-1,425.000,450.000,-1,725.000,675.000,-1,-1,2,0,2,0,2,0,0,0,0,2,0,0,2,0,0,2,2
123,936.930,-8304.410,-35.586,58.109,0.528264,-0.848607,-0.028337,0.849079,0.528023,0.016010,0.001376,-0.032518,0.999470,0,0.48780,0.48413,29.268,0.968,-1,400.000,-1,375.000,-1,325.000,300.000,300.000,300.000,-1,425.000,450.000,-1,725.000,675.000,-1,-1,2,0,2,0,2,0,0,0,0,2,0,0,2,0,0,2,2
124,954.436,-8275.184,-35.628,59.077,0.513831,-0.857389,-0.029334,0.857890,0.513596,0.015643,0.001653,-0.033204,0.999447,0,0.56780,0.48413,34.068,0.968,-1,400.000,-1,375.000,-1,325.000,300.000,300.000,300.000,-1,450.000,475.000,-1,725.000,675.000,-1,-1,2,0,2,0,2,0,0,0,0,2,0,0,2,0,0,2,2
125,973.843,-8241.508,-35.639,60.046,0.499252,-0.865919,-0.030525,0.866455,0.499019,0.015390,0.001906,-0.034132,0.999416,0,0.64780,0.48413,38.868,0.968,-1,400.000,-1,375.000,-1,325.000,300.000,300.000,300.000,-1,475.000,500.000,-1,725.000,675.000,-1,-1,2,0,2,0,2,0,0,0,0,2,0,0,2,0,0,2,2
126,995.003,-8203.311,-35.638,61.014,0.484528,-0.874195,-0.031868,0.874773,0.484296,0.015151,0.002189,-0.035218,0.999377,0,0.72780,0.48413,43.668,0.968,-1,400.000,-1,375.000,-1,325.000,300.000,300.000,300.000,-1,500.000,525.000,-1,725.000,675.000,-1,-1,2,0,2,0,2,0,0,0,0,2,0,0,2,0,0,2,2
127,1017.770,-8160.523,-35.618,61.982,0.469665,-0.882214,-0.033365,0.882841,0.469434,0.014941,0.002481,-0.036473,0.999332,0,0.80780,0.48413,48.468,0.968,-1,400.000,-1,375.000,-1,325.000,300.000,300.000,300.000,-1,500.000,550.000,-1,725.000,675.000,-1,-1,2,0,2,0,2,0,0,0,0,2,0,0,2,0,0,2,2
128,1041.994,-8113.082,-35.573,62.950,0.454666,-0.889973,-0.035014,0.890658,0.454434,0.014777,0.002760,-0.037904,0.999278,0,0.88780,0.48413,53.268,0.968,-1,400.000,-1,375.000,-1,325.000,300.000,300.000,300.000,-1,525.000,600.000,-1,725.000,700.000,-1,-1,2,0,2,0,2,0,0,0,0,2,0,0,2,0,0,2,2
129,1065.721,-8064.607,-35.502,63.919,0.439540,-0.897473,-0.036685,0.898218,0.439305,0.014675,0.002946,-0.039401,0.999219,0,0.89952,0.48413,53.971,0.968,-1,375.000,-1,375.000,-1,325.000,300.000,300.000,300.000,-1,550.000,650.000,-1,725.000,700.000,-1,-1,2,0,2,0,2,0,0,0,0,2,0,0,2,0,0,2,2
130,1088.626,-8015.737,-35.396,64.887,0.424293,-0.904714,-0.038308,0.905520,0.424051,0.014646,0.002995,-0.040903,0.999159,0,0.89952,0.48413,53.971,0.968,-1,375.000,-1,375.000,-1,325.000,300.000,300.000,300.000,-1,600.000,675.000,-1,725.000,700.000,-1,-1,2,0,2,0,2,0,0,0,0,2,0,0,2,0,0,2,2
131,1110.702,-7966.488,-35.171,65.855,0.408926,-0.911707,-0.039610,0.912562,0.408683,0.014434,0.003028,-0.042049,0.999111,0,0.89952,0.48413,53.971,0.968,-1,375.000,-1,375.000,-1,325.000,300.000,300.000,300.000,-1,625.000,725.000,-1,725.000,700.000,-1,-1,2,0,2,0,2,0,0,0,0,2,0,0,2,0,0,2,2
132,1131.943,-7916.872,-34.854,66.823,0.393435,-0.918449,-0.040754,0.919347,0.393203,0.013900,0.003258,-0.042936,0.999073,0,0.89952,0.48413,53.971,0.968,-1,375.000,-1,375.000,-1,325.000,300.000,300.000,300.000,-1,675.000,775.000,-1,725.000,700.000,-1,-1,2,0,2,0,2,0,0,0,0,2,0,0,2,0,0,2,2
133,1152.342,-7866.905,-34.495,67.792,0.377830,-0.924929,-0.041846,0.925868,0.377613,0.013274,0.003524,-0.043760,0.999036,0,0.89952,0.48413,53.971,0.968,-1,375.000,-1,375.000,-1,325.000,325.000,300.000,300.000,-1,700.000,825.000,-1,725.000,700.000,-1,-1,2,0,2,0,2,0,0,0,0,2,0,0,2,0,0,2,2
134,1171.894,-7816.600,-34.136,68.760,0.362120,-0.931140,-0.042984,0.932124,0.361915,0.012739,0.003695,-0.044679,0.998995,0,0.89952,0.48413,53.971,0.968,-1,375.000,-1,375.000,-1,325.000,325.000,300.000,300.000,-1,750.000,875.000,-1,725.000,700.000,-1,-1,2,0,2,0,2,0,0,0,0,2,0,0,2,0,0,2,2
135,1190.593,-7765.972,-33.863,69.728,0.346300,-0.937093,-0.043964,0.938115,0.346117,0.011949,0.004019,-0.045381,0.998962,0,0.89952,0.48413,53.971,0.968,-1,400.000,-1,375.000,-1,325.000,325.000,300.000,300.000,-1,750.000,900.000,-1,725.000,700.000,-1,-1,2,0,2,0,2,0,0,0,0,2,0,0,2,0,0,2,2
136,1208.434,-7715.035,-33.625,70.696,0.330384,-0.942779,-0.044886,0.943837,0.330222,0.011175,0.004287,-0.046057,0.998930,0,0.89952,0.48413,53.971,0.968,-1,400.000,-1,375.000,-1,325.000,325.000,300.000,300.000,-1,775.000,950.000,-1,725.000,700.000,-1,-1,2,0,2,0,2,0,0,0,0,2,0,0,2,0,0,2,2
137,1225.412,-7663.804,-33.413,71.665,0.314376,-0.948195,-0.045769,0.949288,0.314234,0.010443,0.004480,-0.046732,0.998897,0,0.89952,0.48413,53.971,0.968,-1,400.000,-1,375.000,-1,325.000,325.000,300.000,300.000,-1,800.000,975.000,-1,725.000,700.000,-1,-1,2,0,2,0,2,0,0,0,0,2,0,0,2,0,0,2,2
138,1241.522,-7612.294,-33.229,72.633,0.298281,-0.953339,-0.046619,0.954467,0.298157,0.009753,0.004602,-0.047405,0.998865,0,0.89952,0.48413,53.971,0.968,-1,400.000,-1,375.000,-1,325.000,325.000,300.000,300.000,-1,850.000,-1,-1,700.000,700.000,-1,-1,2,0,2,0,2,0,0,0,0,2,0,2,2,0,0,2,2
139,1255.601,-7565.182,-33.076,73.361,0.286114,-0.957024,-0.047363,0.958184,0.286008,0.009154,0.004785,-0.048001,0.998836,0,0.81952,0.36413,49.171,0.728,-1,400.000,-1,400.000,-1,325.000,325.000,300.000,300.000,-1,850.000,-1,-1,700.000,700.000,-1,-1,2,0,2,0,2,0,0,0,0,2,0,2,2,0,0,2,2
140,1268.725,-7519.862,-32.934,73.849,0.277921,-0.959401,-0.048053,0.960590,0.277835,0.008607,0.005093,-0.048551,0.998808,0,0.78636,0.24413,47.182,0.488,-1,375.000,-1,400.000,-1,325.000,325.000,300.000,300.000,-1,875.000,-1,-1,700.000,700.000,-1,-1,2,0,2,0,2,0,0,0,0,2,0,2,2,0,0,2,2
141,1281.652,-7474.486,-32.789,74.098,0.273731,-0.960571,-0.048728,0.961790,0.273668,0.008088,0.005566,-0.049080,0.998779,0,0.78636,0.12413,47.182,0.248,-1,375.000,-1,400.000,-1,325.000,325.000,300.000,300.000,-1,875.000,-1,-1,700.000,700.000,-1,-1,2,0,2,0,2,0,0,0,0,2,0,2,2,0,0,2,2
142,1294.573,-7429.108,-32.633,74.106,0.273558,-0.960586,-0.049394,0.961836,0.273523,0.007600,0.006210,-0.049588,0.998750,0,0.78636,0.00413,47.182,0.008,-1,375.000,-1,400.000,-1,325.000,325.000,300.000,300.000,-1,875.000,-1,-1,700.000,700.000,-1,-1,2,0,2,0,2,0,0,0,0,2,0,2,2,0,0,2,2
143,1307.678,-7383.782,-32.460,73.874,0.277402,-0.959449,-0.050059,0.960728,0.277399,0.007146,0.007030,-0.050075,0.998721,0,0.78636,-0.11587,47.182,-0.232,-1,375.000,-1,375.000,-1,325.000,325.000,300.000,300.000,-1,875.000,-1,-1,700.000,700.000,-1,-1,2,0,2,0,2,0,0,0,0,2,0,2,2,0,0,2,2
144,1321.155,-7338.566,-32.221,73.402,0.285242,-0.957103,-0.050909,0.958421,0.285280,0.006657,0.008152,-0.050692,0.998681,0,0.78636,-0.23587,47.182,-0.472,-1,375.000,-1,375.000,-1,325.000,325.000,300.000,300.000,-1,850.000,-1,-1,700.000,700.000,-1,-1,2,0,2,0,2,0,0,0,0,2,0,2,2,0,0,2,2
145,1335.193,-7293.521,-31.846,72.691,0.297059,-0.953461,-0.051647,0.954813,0.297140,0.006265,0.009373,-0.051174,0.998646,0,0.78636,-0.35587,47.182,-0.712,-1,375.000,-1,375.000,-1,300.000,325.000,300.000,300.000,-1,850.000,-1,-1,675.000,700.000,-1,-1,2,0,2,0,2,0,0,0,0,2,0,2,2,0,0,2,2
146,1349.978,-7248.715,-31.135,71.739,0.312798,-0.948426,-0.051432,0.949756,0.312947,0.005338,0.011033,-0.050518,0.998662,0,0.78636,-0.47587,47.182,-0.952,-1,375.000,-1,375.000,-1,300.000,325.000,300.000,300.000,-1,850.000,1000.000,-1,675.000,700.000,-1,-1,2,0,2,0,2,0,0,0,0,2,0,0,2,0,0,2,2
147,1365.691,-7204.227,-30.270,70.547,0.332386,-0.941761,-0.051049,0.943051,0.332623,0.004041,0.013175,-0.049485,0.998688,0,0.78636,-0.59587,47.182,-1.192,-1,375.000,-1,375.000,-1,300.000,325.000,300.000,300.000,-1,825.000,950.000,-1,675.000,700.000,-1,-1,2,0,2,0,2,0,0,0,0,2,0,0,2,0,0,2,2
148,1382.512,-7160.145,-29.334,69.115,0.355739,-0.933203,-0.050807,0.934456,0.356068,0.002735,0.015539,-0.048450,0.998705,0,0.78636,-0.71587,47.182,-1.432,-1,375.000,-1,375.000,-1,300.000,325.000,300.000,300.000,-1,800.000,900.000,-1,675.000,700.000,-1,-1,2,0,2,0,2,0,0,0,0,2,0,0,2,0,0,2,2
149,1400.612,-7116.572,-28.318,67.444,0.382734,-0.922464,-0.050735,0.923681,0.383160,0.001440,0.018111,-0.047414,0.998711,0,0.78636,-0.83587,47.182,-1.672,-1,375.000,-1,375.000,-1,325.000,325.000,300.000,300.000,-1,775.000,875.000,-1,675.000,700.000,-1,-1,2,0,2,0,2,0,0,0,0,2,0,0,2,0,0,2,2
150,1421.172,-7070.369,-27.104,66.012,0.405573,-0.912634,-0.051083,0.913827,0.406103,0.000007,0.020739,-0.046684,0.998694,0,0.84284,-0.71587,50.570,-1.432,-1,375.000,-1,375.000,-1,325.000,325.000,300.000,300.000,-1,750.000,825.000,-1,675.000,700.000,-1,-1,2,0,2,0,2,0,0,0,0,2,0,0,2,0,0,2,2
151,1442.688,-7024.604,-25.727,64.820,0.424354,-0.903999,-0.052061,0.905192,0.425001,-0.001510,0.023491,-0.046484,0.998643,0,0.84284,-0.59587,50.570,-1.192,-1,375.000,-1,375.000,-1,325.000,325.000,300.000,300.000,-1,725.000,775.000,-1,675.000,700.000,-1,-1,2,0,2,0,2,0,0,0,0,2,0,0,2,0,0,2,2
152,1464.961,-6979.203,-24.321,63.868,0.439201,-0.896820,-0.053079,0.898012,0.439960,-0.002965,0.026012,-0.046363,0.998586,0,0.84284,-0.47587,50.570,-0.952,-1,375.000,-1,375.000,-1,325.000,325.000,300.000,300.000,-1,725.000,750.000,-1,675.000,725.000,-1,-1,2,0,2,0,2,0,0,0,0,2,0,0,2,0,0,2,2
153,1487.797,-6934.082,-22.894,63.157,0.450199,-0.891287,-0.054115,0.892479,0.451067,-0.004377,0.028310,-0.046326,0.998525,0,0.84284,-0.35587,50.570,-0.712,-1,375.000,-1,375.000,-1,325.000,325.000,300.000,300.000,-1,700.000,700.000,-1,675.000,725.000,-1,-1,2,0,2,0,2,0,0,0,0,2,0,0,2,0,0,2,2
154,1511.003,-6889.150,-21.457,62.685,0.457417,-0.887541,-0.055145,0.888733,0.458390,-0.005763,0.030393,-0.046373,0.998462,0,0.84284,-0.23587,50.570,-0.472,-1,375.000,-1,375.000,-1,325.000,325.000,300.000,300.000,-1,700.000,675.000,-1,675.000,725.000,-1,-1,2,0,2,0,2,0,0,0,0,2,0,0,2,0,0,2,2
155,1534.391,-6844.313,-20.018,62.453,0.460900,-0.885674,-0.056148,0.886865,0.461973,-0.007142,0.032264,-0.046504,0.998397,0,0.84284,-0.11587,50.570,-0.232,-1,375.000,-1,375.000,-1,325.000,325.000,300.000,300.000,-1,650.000,650.000,-1,675.000,725.000,-1,-1,2,0,2,0,2,0,0,0,0,2,0,0,2,0,0,2,2
156,1557.772,-6799.472,-18.589,62.461,0.460672,-0.885732,-0.057102,0.886922,0.461841,-0.008532,0.033929,-0.046715,0.998332,0,0.84284,0.00413,50.570,0.008,-1,375.000,-1,400.000,-1,325.000,325.000,300.000,300.000,-1,625.000,600.000,-1,675.000,725.000,-1,-1,2,0,2,0,2,0,0,0,0,2,0,0,2,0,0,2,2
157,1580.958,-6754.530,-17.124,62.710,0.456735,-0.887704,-0.058089,0.888905,0.457988,-0.009719,0.035232,-0.047196,0.998264,0,0.84284,0.12413,50.570,0.248,-1,375.000,-1,400.000,-1,325.000,325.000,300.000,300.000,-1,600.000,575.000,-1,675.000,750.000,-1,-1,2,0,2,0,2,0,0,0,0,2,0,0,2,0,0,2,2
158,1603.762,-6709.391,-15.543,63.198,0.449090,-0.891555,-0.058727,0.892766,0.450397,-0.010583,0.035886,-0.047676,0.998218,0,0.84288,0.24413,50.573,0.488,-1,375.000,-1,400.000,-1,325.000,325.000,300.000,300.000,-1,575.000,575.000,-1,675.000,750.000,-1,-1,2,0,2,0,2,0,0,0,0,2,0,0,2,0,0,2,2
159,1625.990,-6663.965,-13.842,63.926,0.437710,-0.897208,-0.058554,0.898402,0.439029,-0.011286,0.035833,-0.047665,0.998220,0,0.84288,0.36413,50.573,0.728,-1,375.000,-1,400.000,-1,300.000,325.000,300.000,300.000,-1,600.000,600.000,-1,675.000,750.000,-1,-1,2,0,2,0,2,0,0,0,0,2,0,0,2,0,0,2,2
160,1647.494,-6618.192,-12.026,64.835,0.423401,-0.904086,-0.057971,0.905222,0.424748,-0.012722,0.036125,-0.047090,0.998237,0,0.84288,0.45461,50.573,0.909,-1,375.000,-1,375.000,-1,300.000,325.000,300.000,300.000,-1,600.000,600.000,-1,675.000,750.000,-1,-1,2,0,2,0,2,0,0,0,0,2,0,0,2,0,0,2,2
161,1668.270,-6572.084,-10.094,65.745,0.408980,-0.910766,-0.056926,0.911796,0.410373,-0.014882,0.036915,-0.045818,0.998267,0,0.84288,0.45461,50.573,0.909,-1,375.000,-1,375.000,-1,300.000,325.000,300.000,300.000,-1,600.000,575.000,-1,675.000,750.000,-1,-1,2,0,2,0,2,0,0,0,0,2,0,0,2,0,0,2,2
162,1688.312,-6525.653,-8.199,66.654,0.394462,-0.917218,-0.055769,0.918139,0.395893,-0.017026,0.037695,-0.044487,0.998299,0,0.84288,0.45461,50.573,0.909,-1,375.000,-1,375.000,-1,300.000,325.000,300.000,300.000,-1,600.000,575.000,-1,675.000,750.000,-1,-1,2,0,2,0,2,0,0,0,0,2,0,0,2,0,0,2,2
163,1707.614,-6478.909,-6.247,67.563,0.379853,-0.923427,-0.054721,0.924259,0.381306,-0.018751,0.038180,-0.043454,0.998326,0,0.84288,0.45461,50.573,0.909,-1,375.000,-1,400.000,-1,300.000,325.000,300.000,300.000,-1,600.000,575.000,-1,675.000,750.000,-1,-1,2,0,2,0,2,0,0,0,0,2,0,0,2,0,0,2,2
164,1726.172,-6431.864,-4.133,68.472,0.365139,-0.929375,-0.054176,0.930160,0.366611,-0.019961,0.038413,-0.043104,0.998332,0,0.84288,0.45461,50.573,0.909,-1,375.000,-1,400.000,-1,300.000,325.000,300.000,300.000,-1,625.000,600.000,-1,675.000,775.000,-1,-1,2,0,2,0,2,0,0,0,0,2,0,0,2,0,0,2,2
165,1743.981,-6384.531,-1.874,69.381,0.350278,-0.935064,-0.054406,0.935824,0.351813,-0.021495,0.039240,-0.043385,0.998288,0,0.84288,0.45461,50.573,0.909,-1,375.000,-1,400.000,-1,300.000,325.000,300.000,300.000,-1,625.000,600.000,-1,700.000,775.000,-1,-1,2,0,2,0,2,0,0,0,0,2,0,0,2,0,0,2,2
166,1761.037,-6336.921,0.325,70.291,0.335333,-0.940523,-0.054482,0.941247,0.336928,-0.023074,0.040058,-0.043543,0.998248,0,0.84288,0.45461,50.573,0.909,-1,375.000,-1,400.000,-1,325.000,325.000,300.000,300.000,-1,625.000,600.000,-1,700.000,775.000,-1,-1,2,0,2,0,2,0,0,0,0,2,0,0,2,0,0,2,2
167,1777.335,-6289.047,2.466,71.200,0.320310,-0.945749,-0.054408,0.946431,0.321961,-0.024693,0.040871,-0.043584,0.998213,0,0.84288,0.45461,50.573,0.909,-1,375.000,-1,400.000,-1,325.000,325.000,300.000,300.000,-1,625.000,600.000,-1,700.000,800.000,-1,-1,2,0,2,0,2,0,0,0,0,2,0,0,2,0,0,2,2
168,1792.871,-6240.919,4.550,72.109,0.305210,-0.950742,-0.054190,0.951372,0.306914,-0.026345,0.041679,-0.043514,0.998183,0,0.84288,0.45461,50.573,0.909,-1,375.000,-1,400.000,-1,325.000,325.000,300.000,300.000,-1,650.000,625.000,-1,700.000,800.000,-1,-1,2,0,2,0,2,0,0,0,0,2,0,0,2,0,0,2,2
169,1807.641,-6192.552,6.569,73.018,0.290039,-0.955498,-0.053856,0.956072,0.291791,-0.027990,0.042459,-0.043372,0.998156,0,0.84288,0.45461,50.573,0.909,-1,375.000,-1,400.000,-1,325.000,325.000,300.000,300.000,-1,650.000,625.000,-1,700.000,800.000,-1,-1,2,0,2,0,2,0,0,0,0,2,0,0,2,0,0,2,2
170,1821.643,-6143.956,8.521,73.928,0.274800,-0.960016,-0.053428,0.960531,0.276595,-0.029605,0.043199,-0.043184,0.998133,0,0.84288,0.45461,50.573,0.909,-1,375.000,-1,400.000,-1,325.000,325.000,300.000,300.000,-1,650.000,625.000,-1,700.000,825.000,-1,-1,2,0,2,0,2,0,0,0,0,2,0,0,2,0,0,2,2
171,1834.871,-6095.144,10.411,74.837,0.259496,-0.964295,-0.052897,0.964745,0.261329,-0.031210,0.043919,-0.042933,0.998112,0,0.84288,0.45461,50.573,0.909,-1,375.000,-1,400.000,-1,325.000,325.000,300.000,300.000,-1,650.000,625.000,-1,725.000,825.000,-1,-1,2,0,2,0,2,0,0,0,0,2,0,0,2,0,0,2,2
172,1847.323,-6046.129,12.243,75.746,0.244131,-0.968333,-0.052266,0.968715,0.245998,-0.032807,0.044625,-0.042622,0.998094,0,0.84288,0.45461,50.573,0.909,-1,375.000,-1,400.000,-1,325.000,325.000,300.000,300.000,-1,650.000,625.000,-1,725.000,825.000,-1,-1,2,0,2,0,2,0,0,0,0,2,0,0,2,0,0,2,2
173,1858.996,-5996.922,14.019,76.655,0.228708,-0.972130,-0.051540,0.972439,0.230605,-0.034396,0.045323,-0.042253,0.998078,0,0.84288,0.45461,50.573,0.909,-1,375.000,-1,400.000,-1,325.000,325.000,300.000,300.000,-1,650.000,600.000,-1,725.000,825.000,-1,-1,2,0,2,0,2,0,0,0,0,2,0,0,2,0,0,2,2
174,1869.887,-5947.536,15.954,77.564,0.213305,-0.975719,-0.049739,0.975933,0.215161,-0.035502,0.045342,-0.040969,0.998131,0,0.84288,0.45461,50.573,0.909,-1,375.000,-1,400.000,-1,325.000,325.000,300.000,300.000,-1,675.000,575.000,-1,725.000,825.000,-1,-1,2,0,2,0,2,0,0,0,0,2,0,0,2,0,0,2,2
175,1879.993,-5897.983,17.957,78.474,0.197887,-0.979082,-0.047328,0.979189,0.199666,-0.036352,0.045041,-0.039149,0.998218,0,0.84288,0.45461,50.573,0.909,-1,375.000,-1,400.000,-1,325.000,325.000,300.000,300.000,-1,725.000,575.000,-1,725.000,825.000,-1,-1,2,0,2,0,2,0,0,0,0,2,0,0,2,0,0,2,2
176,1889.311,-5848.277,20.037,79.383,0.182418,-0.982182,-0.045200,0.982218,0.184115,-0.036734,0.044401,-0.037695,0.998302,0,0.84288,0.45461,50.573,0.909,-1,375.000,-1,400.000,-1,325.000,325.000,300.000,300.000,-1,775.000,600.000,-1,750.000,850.000,-1,-1,2,0,2,0,2,0,0,0,0,2,0,0,2,0,0,2,2
177,1897.839,-5798.428,22.336,80.292,0.166864,-0.985001,-0.043934,0.985011,0.168510,-0.036859,0.043710,-0.037125,0.998354,0,0.84288,0.45461,50.573,0.909,-1,375.000,-1,400.000,-1,325.000,325.000,300.000,300.000,-1,825.000,625.000,-1,775.000,850.000,-1,-1,2,0,2,0,2,0,0,0,0,2,0,0,2,0,0,2,2
178,1905.575,-5748.451,24.589,81.201,0.151270,-0.987575,-0.042589,0.987554,0.152862,-0.037008,0.043059,-0.036460,0.998407,0,0.84288,0.45461,50.573,0.909,-1,375.000,-1,400.000,-1,325.000,325.000,300.000,300.000,-1,850.000,650.000,-1,775.000,850.000,-1,-1,2,0,2,0,2,0,0,0,0,2,0,0,2,0,0,2,2
179,1912.531,-5698.255,26.801,82.110,0.135639,-0.989903,-0.041165,0.989849,0.137178,-0.037178,0.042450,-0.035704,0.998460,0,0.84460,0.45456,50.676,0.909,-1,375.000,-1,400.000,-1,325.000,325.000,300.000,300.000,-1,900.000,700.000,-1,800.000,875.000,-1,-1,2,0,2,0,2,0,0,0,0,2,0,0,2,0,0,2,2
180,1918.717,-5647.737,28.979,83.019,0.119981,-0.991983,-0.039665,0.991892,0.121464,-0.037367,0.041885,-0.034860,0.998514,0,0.84826,0.45437,50.895,0.909,-1,375.000,-1,400.000,-1,325.000,325.000,325.000,300.000,-1,925.000,725.000,-1,800.000,875.000,-1,-1,2,0,2,0,2,0,0,0,0,2,0,0,2,0,0,2,2
181,1924.125,-5596.909,31.126,83.927,0.104304,-0.993816,-0.038093,0.993685,0.105731,-0.037571,0.041367,-0.033934,0.998568,0,0.85191,0.45405,51.115,0.908,-1,375.000,-1,400.000,-1,325.000,325.000,325.000,300.000,-1,950.000,750.000,-1,825.000,875.000,-1,-1,2,0,2,0,2,0,0,0,0,2,0,0,2,0,0,2,2
182,1928.747,-5545.783,33.244,84.834,0.088617,-0.995398,-0.036455,0.995226,0.089986,-0.037790,0.040896,-0.032932,0.998621,0,0.85557,0.45360,51.334,0.907,-1,400.000,-1,400.000,-1,325.000,325.000,325.000,300.000,-1,975.000,775.000,-1,850.000,900.000,-1,-1,2,0,2,0,2,0,0,0,0,2,0,0,2,0,0,2,2
183,1932.577,-5494.372,35.334,85.740,0.072928,-0.996731,-0.034756,0.996516,0.074238,-0.038021,0.040477,-0.031862,0.998672,0,0.85922,0.45300,51.553,0.906,-1,400.000,-1,425.000,-1,325.000,325.000,325.000,300.000,-1,975.000,800.000,-1,850.000,900.000,-1,-1,2,0,2,0,2,0,0,0,0,2,0,0,2,0,0,2,2
184,1935.223,-5445.720,37.259,86.886,0.053029,-0.998042,-0.033177,0.997790,0.054289,-0.038312,0.040038,-0.031072,0.998715,0,0.81207,0.57300,48.724,1.146,-1,400.000,-1,425.000,-1,325.000,325.000,325.000,300.000,-1,975.000,800.000,-1,875.000,925.000,-1,-1,2,0,2,0,2,0,0,0,0,2,0,0,2,0,0,2,2
185,1936.698,-5396.815,39.146,88.272,0.028920,-0.999083,-0.031571,0.998798,0.030133,-0.038654,0.039570,-0.030415,0.998754,0,0.81546,0.69300,48.928,1.386,-1,400.000,-1,425.000,-1,325.000,325.000,325.000,300.000,-1,975.000,800.000,-1,900.000,900.000,-1,-1,2,0,2,0,2,0,0,0,0,2,0,0,2,0,1,2,2
186,1936.785,-5347.687,40.991,89.898,0.000603,-0.999552,-0.029929,0.999236,0.001772,-0.039045,0.039081,-0.029883,0.998789,0,0.81879,0.81300,49.128,1.626,-1,425.000,-1,425.000,-1,325.000,350.000,325.000,300.000,-1,950.000,775.000,-1,950.000,875.000,-1,-1,2,0,2,0,2,0,0,0,0,2,0,0,2,0,1,2,2
187,1935.267,-5298.389,42.792,91.764,-0.031904,-0.999092,-0.028246,0.998746,-0.030777,-0.039484,0.038579,-0.029471,0.998821,0,0.82203,0.93300,49.322,1.866,-1,425.000,-1,425.000,-1,350.000,350.000,325.000,300.000,-1,925.000,775.000,-1,1000.000,825.000,-1,-1,2,0,2,0,2,0,0,0,0,2,0,0,2,0,1,2,2
188,1932.031,-5248.987,44.512,93.748,-0.066411,-0.997443,-0.026417,0.997080,-0.065340,-0.039537,0.037709,-0.028965,0.998869,0,0.82513,0.99174,49.508,1.983,-1,425.000,-1,450.000,-1,350.000,350.000,325.000,300.000,-1,925.000,775.000,-1,-1,800.000,-1,975.000,2,0,2,0,2,0,0,0,0,2,0,0,2,2,1,2,1
189,1927.073,-5199.552,45.581,95.727,-0.100702,-0.994604,-0.024961,0.994319,-0.099740,-0.037184,0.034494,-0.028563,0.998997,0,0.82806,0.98930,49.683,1.979,-1,425.000,-1,425.000,975.000,350.000,350.000,325.000,300.000,-1,1000.000,825.000,-1,-1,750.000,-1,925.000,2,0,2,0,1,0,0,0,0,2,0,0,2,2,1,2,1
190,1920.394,-5150.155,46.320,97.700,-0.134798,-0.990560,-0.024922,0.990408,-0.133921,-0.034029,0.030370,-0.029270,0.999110,0,0.83078,0.98651,49.847,1.973,-1,425.000,-1,425.000,900.000,350.000,350.000,325.000,300.000,-1,-1,925.000,-1,-1,725.000,-1,850.000,2,0,2,0,1,0,0,0,0,2,2,0,2,2,1,2,1
191,1911.999,-5100.869,46.997,99.666,-0.168627,-0.985359,-0.025148,0.985331,-0.167834,-0.030899,0.026226,-0.029990,0.999206,0,0.83327,0.98338,49.996,1.967,-1,425.000,-1,425.000,800.000,325.000,350.000,325.000,300.000,-1,-1,-1,-1,-1,700.000,-1,825.000,2,0,2,0,1,0,0,0,0,2,2,2,2,2,1,2,1
192,1901.896,-5051.769,47.615,101.626,-0.202138,-0.979021,-0.025642,0.979109,-0.201428,-0.027803,0.022054,-0.030727,0.999284,0,0.83548,0.97987,50.129,1.960,-1,425.000,-1,425.000,725.000,325.000,325.000,325.000,300.000,-1,-1,-1,-1,-1,675.000,-1,775.000,2,0,2,0,1,0,0,0,0,2,2,2,2,2,1,2,1
193,1890.100,-5002.931,48.176,103.578,-0.235279,-0.971569,-0.026407,0.971764,-0.234653,-0.024750,0.017850,-0.031485,0.999345,0,0.83738,0.97600,50.243,1.952,-1,425.000,-1,425.000,675.000,325.000,325.000,325.000,300.000,-1,-1,-1,-1,-1,650.000,-1,725.000,2,0,2,0,1,0,0,0,0,2,2,2,2,2,1,2,1
194,1876.630,-4954.433,48.680,105.522,-0.267999,-0.963028,-0.027444,0.963323,-0.267461,-0.021751,0.013606,-0.032266,0.999387,0,0.83890,0.97175,50.334,1.943,-1,425.000,-1,400.000,625.000,325.000,325.000,325.000,300.000,-1,-1,-1,-1,1000.000,650.000,-1,700.000,2,0,2,1,1,0,0,0,0,2,2,2,2,0,1,2,1
195,1861.511,-4906.354,49.132,107.456,-0.300250,-0.953427,-0.028754,0.953815,-0.299805,-0.018816,0.009319,-0.033075,0.999409,0,0.84001,0.96711,50.400,1.934,-1,425.000,-1,400.000,575.000,325.000,325.000,300.000,300.000,-1,-1,-1,-1,1000.000,650.000,-1,675.000,2,0,2,1,1,0,0,0,0,2,2,2,2,0,1,2,1
196,1844.773,-4858.774,49.533,109.380,-0.331986,-0.942796,-0.030337,0.943271,-0.331640,-0.015957,0.004983,-0.033914,0.999412,0,0.84065,0.96209,50.439,1.924,-1,425.000,-1,375.000,550.000,325.000,325.000,300.000,300.000,-1,-1,-1,-1,975.000,650.000,-1,700.000,2,0,2,1,1,0,1,0,0,2,2,2,2,0,1,2,1
197,1826.454,-4811.772,49.885,111.293,-0.363162,-0.931170,-0.032194,0.931726,-0.362923,-0.013185,0.000594,-0.034785,0.999395,0,0.84078,0.95669,50.447,1.913,-1,425.000,-1,375.000,525.000,325.000,325.000,300.000,325.000,-1,-1,-1,-1,975.000,700.000,-1,750.000,2,0,2,1,1,0,1,0,0,2,2,2,2,0,1,2,1
198,1806.594,-4765.427,50.192,113.195,-0.393735,-0.918583,-0.034323,0.919216,-0.393613,-0.010515,-0.003851,-0.035691,0.999355,0,0.84035,0.95092,50.421,1.902,-1,425.000,-1,375.000,500.000,325.000,325.000,300.000,325.000,-1,-1,-1,-1,950.000,775.000,-1,-1,2,0,2,1,1,0,0,0,0,2,2,2,2,0,1,2,2
199,1785.244,-4719.818,50.341,115.085,-0.423681,-0.905088,-0.036195,0.905776,-0.423680,-0.008085,-0.008017,-0.036210,0.999312,0,0.83931,0.94479,50.359,1.890,-1,425.000,-1,400.000,500.000,325.000,325.000,300.000,325.000,-1,-1,-1,-1,950.000,925.000,-1,-1,2,0,2,1,1,0,0,0,0,2,2,2,2,0,0,2,2
200,1762.457,-4675.022,50.079,116.961,-0.453009,-0.890753,-0.036622,0.891436,-0.453106,-0.006100,-0.011160,-0.035410,0.999311,0,0.83765,0.93834,50.259,1.877,-1,425.000,-1,425.000,525.000,325.000,325.000,300.000,325.000,-1,-1,-1,-1,925.000,925.000,-1,-1,2,0,2,0,1,0,0,0,0,2,2,2,2,0,0,2,2
201,1738.292,-4631.113,50.337,118.825,-0.481684,-0.875509,-0.038271,0.876254,-0.481804,-0.006618,-0.012645,-0.036723,0.999245,0,0.83532,0.93159,50.119,1.863,-1,425.000,-1,425.000,650.000,350.000,350.000,300.000,325.000,-1,-1,-1,-1,950.000,950.000,-1,-1,2,0,2,0,1,0,0,0,0,2,2,2,2,0,0,2,2
202,1712.815,-4588.161,50.210,120.674,-0.509611,-0.859504,-0.039367,0.860272,-0.509804,-0.005708,-0.015163,-0.036775,0.999209,0,0.83234,0.92459,49.940,1.849,-1,425.000,-1,425.000,-1,350.000,350.000,300.000,325.000,-1,-1,-1,-1,950.000,950.000,-1,-1,2,0,2,0,2,0,0,0,0,2,2,2,2,0,0,2,2
203,1686.094,-4546.230,49.379,122.509,-0.536762,-0.842793,-0.039829,0.843517,-0.537096,-0.002684,-0.019130,-0.035037,0.999203,0,0.82870,0.91740,49.722,1.835,-1,425.000,-1,425.000,-1,350.000,350.000,325.000,300.000,-1,-1,-1,-1,925.000,925.000,-1,-1,2,0,2,0,2,0,0,0,1,2,2,2,2,0,0,2,2
204,1658.199,-4505.379,47.883,124.329,-0.563130,-0.825408,-0.039814,0.826001,-0.563662,0.002646,-0.024626,-0.031397,0.999204,0,0.82443,0.91009,49.466,1.820,-1,425.000,-1,425.000,-1,350.000,350.000,325.000,275.000,-1,-1,-1,-1,900.000,900.000,-1,-1,2,0,2,0,2,0,0,0,1,2,2,2,2,0,0,2,2
205,1629.202,-4465.662,45.456,126.134,-0.588735,-0.807326,-0.040185,0.807765,-0.589451,0.007946,-0.030102,-0.027782,0.999161,0,0.81960,0.90272,49.176,1.805,-1,425.000,-1,425.000,-1,350.000,325.000,325.000,250.000,-1,-1,-1,-1,875.000,850.000,-1,-1,2,0,2,0,2,0,0,0,1,2,2,2,2,0,0,2,2
206,1599.165,-4427.128,43.576,127.936,-0.613730,-0.788416,-0.041662,0.788800,-0.614566,0.010160,-0.033614,-0.026627,0.999080,0,0.81428,0.90102,48.857,1.802,-1,425.000,-1,425.000,-1,325.000,325.000,325.000,225.000,-1,-1,-1,-1,850.000,850.000,-1,-1,2,0,2,0,2,0,0,0,1,2,2,2,2,0,0,2,2
207,1568.153,-4389.822,41.665,129.736,-0.638088,-0.768743,-0.043336,0.769072,-0.639047,0.012170,-0.037049,-0.025562,0.998986,0,0.80855,0.90005,48.513,1.800,-1,425.000,-1,425.000,-1,325.000,325.000,325.000,225.000,-1,-1,-1,-1,850.000,825.000,-1,-1,2,0,2,0,2,0,0,0,1,2,2,2,2,0,0,2,2
208,1536.225,-4353.778,39.728,131.535,-0.661794,-0.748323,-0.045187,0.748596,-0.662879,0.013965,-0.040404,-0.024585,0.998881,0,0.80252,0.89940,48.151,1.799,-1,425.000,-1,425.000,-1,325.000,325.000,325.000,225.000,-1,-1,-1,-1,825.000,825.000,-1,-1,2,0,2,0,2,0,0,0,1,2,2,2,2,0,0,2,2
209,1503.438,-4319.025,37.767,133.333,-0.684833,-0.727170,-0.047195,0.727390,-0.686049,0.015534,-0.043674,-0.023691,0.998765,0,0.79631,0.89909,47.779,1.798,-1,400.000,-1,400.000,-1,325.000,325.000,325.000,225.000,-1,-1,-1,-1,825.000,800.000,-1,-1,2,0,2,0,2,0,0,0,1,2,2,2,2,0,0,2,2
210,1469.841,-4285.583,35.696,135.132,-0.707166,-0.705291,-0.049801,0.705474,-0.708536,0.016815,-0.047145,-0.023242,0.998618,0,0.79006,0.89910,47.404,1.798,-1,400.000,-1,400.000,-1,325.000,325.000,325.000,225.000,-1,-1,-1,-1,800.000,800.000,-1,-1,2,0,2,0,2,0,0,0,1,2,2,2,2,0,0,2,2
211,1435.482,-4253.464,33.594,136.930,-0.728798,-0.682707,-0.052579,0.682860,-0.730332,0.017817,-0.050564,-0.022919,0.998458,0,0.78389,0.89942,47.034,1.799,-1,400.000,-1,400.000,-1,325.000,325.000,325.000,250.000,-1,-1,-1,-1,775.000,775.000,-1,-1,2,0,2,0,2,0,0,0,1,2,2,2,2,0,0,2,2
212,1400.399,-4222.677,31.723,138.730,-0.749648,-0.659419,-0.056520,0.659584,-0.751407,0.018348,-0.054569,-0.023525,0.998233,0,0.77794,0.90006,46.676,1.800,-1,400.000,-1,400.000,-1,325.000,325.000,325.000,275.000,-1,-1,-1,-1,750.000,750.000,-1,-1,2,0,2,0,2,0,0,0,1,2,2,2,2,0,0,2,2
213,1367.156,-4195.070,30.120,140.291,-0.767035,-0.638696,-0.061032,0.638917,-0.769056,0.018371,-0.058671,-0.024903,0.997967,0,0.72018,0.78006,43.211,1.560,-1,400.000,-1,400.000,-1,325.000,325.000,300.000,300.000,-1,-1,-1,-1,725.000,750.000,-1,-1,2,0,2,0,2,0,0,0,1,2,2,2,2,0,0,2,2
214,1333.510,-4168.413,28.076,141.611,-0.781388,-0.620808,-0.063486,0.621030,-0.783567,0.018581,-0.061281,-0.024908,0.997810,0,0.71543,0.66006,42.926,1.320,-1,375.000,-1,400.000,-1,325.000,325.000,300.000,325.000,-1,-1,-1,-1,725.000,725.000,-1,-1,2,0,2,0,2,0,0,0,1,2,2,2,2,0,0,2,2
215,1299.562,-4142.543,25.626,142.691,-0.792923,-0.605945,-0.064052,0.606106,-0.795154,0.019121,-0.062517,-0.023661,0.997763,0,0.71137,0.54006,42.682,1.080,-1,375.000,-1,400.000,-1,325.000,325.000,300.000,325.000,-1,-1,-1,-1,725.000,725.000,-1,-1,2,0,2,0,2,0,0,0,0,2,2,2,2,0,0,2,2
216,1265.401,-4117.292,22.807,143.531,-0.801815,-0.594253,-0.062900,0.594296,-0.803996,0.020068,-0.062497,-0.021290,0.997818,0,0.70800,0.42006,42.480,0.840,-1,375.000,-1,400.000,-1,325.000,325.000,300.000,325.000,-1,-1,-1,675.000,725.000,700.000,-1,-1,2,0,2,0,2,0,0,0,0,2,2,2,1,0,0,2,2
217,1231.110,-4092.497,19.770,144.131,-0.808155,-0.585834,-0.060702,0.585733,-0.810224,0.021305,-0.061664,-0.018337,0.997929,0,0.70528,0.30006,42.317,0.600,-1,375.000,-1,375.000,-1,325.000,325.000,300.000,325.000,-1,-1,-1,625.000,725.000,700.000,-1,-1,2,0,2,0,2,0,0,0,0,2,2,2,1,0,0,2,2
218,1196.766,-4067.991,17.170,144.491,-0.811846,-0.580741,-0.060384,0.580579,-0.813907,0.022004,-0.061925,-0.017194,0.997933,0,0.70317,0.18006,42.190,0.360,-1,375.000,-1,375.000,-1,325.000,325.000,325.000,325.000,-1,-1,-1,600.000,700.000,675.000,-1,-1,2,0,2,0,2,0,0,0,0,2,2,2,1,0,0,2,2
219,1162.446,-4043.611,14.592,144.611,-0.813083,-0.579042,-0.060053,0.578828,-0.815134,0.022670,-0.062079,-0.016328,0.997938,0,0.70163,0.06006,42.098,0.120,-1,375.000,-1,375.000,-1,325.000,325.000,325.000,325.000,-1,-1,-1,600.000,700.000,675.000,-1,-1,2,0,2,0,2,0,0,0,0,2,2,2,1,0,0,2,2
220,1128.228,-4019.196,12.041,144.492,-0.811890,-0.580752,-0.059690,0.580497,-0.813929,0.023310,-0.062121,-0.015725,0.997945,0,0.70061,-0.05994,42.036,-0.120,-1,375.000,-1,375.000,-1,300.000,300.000,325.000,300.000,-1,-1,-1,600.000,700.000,675.000,-1,-1,2,0,2,0,2,0,0,0,0,2,2,2,1,0,0,2,2
221,1094.190,-3994.585,9.551,144.132,-0.808246,-0.585855,-0.059266,0.585578,-0.810268,0.023762,-0.061943,-0.015499,0.997959,0,0.70004,-0.17994,42.003,-0.360,-1,375.000,-1,375.000,-1,300.000,300.000,325.000,300.000,-1,-1,-1,600.000,700.000,650.000,-1,-1,2,0,2,0,2,0,0,0,0,2,2,2,1,0,0,2,2
222,1060.419,-3969.625,7.261,143.532,-0.802095,-0.594300,-0.058745,0.594058,-0.804082,0.023387,-0.061135,-0.016140,0.997999,0,0.69990,-0.29994,41.994,-0.600,-1,375.000,-1,375.000,-1,300.000,300.000,325.000,300.000,-1,-1,-1,625.000,675.000,650.000,-1,-1,2,0,2,0,2,0,0,0,0,2,2,2,1,0,0,2,2
223,1027.007,-3944.165,5.014,142.692,-0.793326,-0.606013,-0.058162,0.605817,-0.795272,0.022953,-0.060164,-0.017027,0.998043,0,0.70012,-0.41994,42.007,-0.840,-1,375.000,-1,375.000,-1,300.000,300.000,325.000,300.000,-1,-1,-1,625.000,675.000,650.000,-1,-1,2,0,2,0,2,0,0,0,0,2,2,2,1,0,0,2,2
224,994.056,-3918.059,2.812,141.612,-0.781792,-0.620881,-0.057512,0.620740,-0.783695,0.022461,-0.059018,-0.018140,0.998092,0,0.70066,-0.53994,42.039,-1.080,-1,375.000,-1,375.000,-1,300.000,300.000,325.000,300.000,-1,-1,-1,650.000,675.000,650.000,-1,-1,2,0,2,0,2,0,0,0,0,2,2,2,1,0,0,2,2
225,961.676,-3891.170,0.660,140.292,-0.767314,-0.638752,-0.056793,0.638673,-0.769166,0.021913,-0.057680,-0.019458,0.998145,0,0.70148,-0.65994,42.089,-1.320,-1,375.000,-1,375.000,-1,300.000,300.000,325.000,300.000,-1,-1,-1,675.000,675.000,650.000,-1,-1,2,0,2,0,2,0,0,0,0,2,2,2,1,0,0,2,2
226,929.992,-3863.367,-1.439,138.732,-0.749674,-0.659433,-0.056005,0.659422,-0.751471,0.021309,-0.056138,-0.020956,0.998203,0,0.70255,-0.77994,42.153,-1.560,-1,375.000,-1,375.000,-1,300.000,300.000,325.000,300.000,-1,-1,-1,725.000,650.000,650.000,-1,-1,2,0,2,0,2,0,0,0,0,2,2,2,1,0,0,2,2
227,895.423,-3831.594,-3.833,137.412,-0.734339,-0.676543,-0.055104,0.676629,-0.736055,0.019922,-0.054038,-0.022656,0.998282,0,0.78255,-0.65994,46.953,-1.320,-1,375.000,-1,375.000,-1,300.000,300.000,325.000,300.000,-1,-1,-1,750.000,650.000,650.000,-1,-1,2,0,2,0,2,0,0,0,0,2,2,2,1,0,0,2,2
228,857.987,-3795.860,-6.469,136.333,-0.721531,-0.690266,-0.054100,0.690465,-0.723144,0.017924,-0.051494,-0.024422,0.998375,0,0.86255,-0.53994,51.753,-1.080,-1,375.000,-1,375.000,-1,300.000,300.000,325.000,325.000,-1,-1,-1,750.000,650.000,650.000,-1,-1,2,0,2,0,2,0,0,0,0,2,2,2,1,0,0,2,2
229,820.205,-3758.723,-9.071,135.493,-0.711418,-0.700766,-0.053020,0.701063,-0.712922,0.015885,-0.048931,-0.025870,0.998467,0,0.88298,-0.41994,52.979,-0.840,-1,375.000,-1,375.000,-1,300.000,300.000,325.000,325.000,-1,-1,-1,775.000,650.000,650.000,-1,1000.000,2,0,2,0,2,0,0,0,0,2,2,2,1,0,0,2,1
230,782.772,-3721.151,-11.583,134.893,-0.704133,-0.708170,-0.051875,0.708550,-0.705525,0.013846,-0.046405,-0.027007,0.998558,0,0.88394,-0.29994,53.037,-0.600,-1,375.000,975.000,375.000,-1,300.000,300.000,325.000,325.000,-1,-1,-1,800.000,650.000,650.000,-1,975.000,2,0,1,0,2,0,0,0,0,2,2,2,1,0,0,2,1
231,745.537,-3683.304,-13.997,134.533,-0.699773,-0.712572,-0.050586,0.713016,-0.701048,0.011810,-0.043878,-0.027804,0.998650,0,0.88488,-0.17994,53.093,-0.360,-1,375.000,925.000,375.000,-1,300.000,300.000,325.000,325.000,-1,-1,525.000,825.000,650.000,625.000,-1,925.000,2,0,1,0,2,0,0,0,0,2,2,0,1,0,1,2,1
232,708.343,-3645.339,-16.157,134.413,-0.698437,-0.714041,-0.048285,0.714507,-0.699559,0.009859,-0.040818,-0.027615,0.998785,0,0.88582,-0.05994,53.149,-0.120,-1,375.000,875.000,375.000,-1,300.000,300.000,325.000,325.000,-1,450.000,475.000,850.000,650.000,625.000,-1,850.000,2,0,1,0,2,0,0,0,0,2,0,0,1,0,1,2,1
233,671.028,-3607.410,-18.116,134.533,-0.700121,-0.712591,-0.045210,0.713045,-0.701073,0.007973,-0.037377,-0.026655,0.998946,0,0.88679,0.06006,53.207,0.120,-1,375.000,825.000,375.000,-1,300.000,300.000,325.000,325.000,-1,400.000,425.000,850.000,650.000,575.000,-1,800.000,2,0,1,0,2,0,0,0,0,2,0,0,1,0,1,2,1
234,633.432,-3569.673,-20.027,134.893,-0.704764,-0.708191,-0.042114,0.708626,-0.705558,0.006095,-0.034030,-0.025548,0.999094,0,0.88783,0.18006,53.270,0.360,-1,375.000,775.000,375.000,-1,300.000,300.000,325.000,325.000,-1,375.000,400.000,875.000,675.000,550.000,-1,725.000,2,0,1,0,2,0,0,0,0,2,0,0,1,0,1,2,1
235,592.346,-3529.288,-21.912,135.493,-0.712295,-0.700777,-0.039341,0.701201,-0.712952,0.004022,-0.030867,-0.024721,0.999218,0,0.96018,0.30006,57.611,0.600,-1,375.000,750.000,375.000,-1,300.000,300.000,325.000,325.000,-1,350.000,375.000,900.000,675.000,525.000,-1,650.000,2,0,1,1,2,0,0,0,0,2,0,0,1,0,1,2,1
236,550.500,-3489.345,-23.574,136.334,-0.722603,-0.690252,-0.037363,0.690683,-0.723155,0.001868,-0.028309,-0.024456,0.999300,0,0.96415,0.42006,57.849,0.840,-1,375.000,700.000,350.000,850.000,300.000,300.000,325.000,325.000,-1,350.000,375.000,925.000,675.000,475.000,-1,575.000,2,0,1,1,1,0,0,0,0,2,0,0,1,0,1,2,1
237,507.736,-3450.041,-25.146,137.414,-0.735583,-0.676500,-0.035565,0.676936,-0.736041,-0.000300,-0.025974,-0.024296,0.999367,0,0.96804,0.54006,58.082,1.080,-1,375.000,650.000,350.000,700.000,300.000,300.000,325.000,325.000,-1,350.000,375.000,975.000,675.000,450.000,-1,500.000,2,0,1,1,1,0,0,0,0,2,0,0,1,0,1,2,1
238,463.909,-3411.583,-26.659,138.734,-0.751061,-0.659365,-0.033826,0.659804,-0.751434,-0.002466,-0.023792,-0.024170,0.999425,0,0.97181,0.66006,58.309,1.320,-1,375.000,625.000,325.000,550.000,300.000,300.000,325.000,325.000,-1,350.000,375.000,-1,700.000,400.000,-1,425.000,2,0,1,1,1,0,0,0,0,2,0,0,2,0,1,2,1
239,418.884,-3374.194,-28.112,140.294,-0.768815,-0.638663,-0.032138,0.639101,-0.769108,-0.004643,-0.021753,-0.024109,0.999473,0,0.97541,0.78006,58.525,1.560,-1,375.000,575.000,300.000,425.000,300.000,300.000,300.000,325.000,-1,375.000,400.000,-1,700.000,375.000,-1,350.000,2,0,1,1,1,0,1,0,0,2,0,0,2,0,1,2,1
240,372.548,-3338.116,-29.270,142.094,-0.788582,-0.614174,-0.030478,0.614632,-0.788773,-0.007982,-0.019138,-0.025028,0.999504,0,0.97876,0.90006,58.725,1.800,-1,375.000,550.000,275.000,325.000,300.000,275.000,300.000,325.000,-1,350.000,400.000,-1,700.000,350.000,-1,300.000,2,0,1,1,1,0,1,0,0,2,0,0,2,0,1,2,1
241,324.862,-3303.536,-28.967,144.050,-0.809243,-0.586785,-0.028457,0.587343,-0.809137,-0.018050,-0.012434,-0.031321,0.999432,0,0.98175,0.97819,58.905,1.956,-1,400.000,525.000,275.000,275.000,325.000,275.000,300.000,325.000,-1,325.000,375.000,-1,750.000,325.000,-1,250.000,2,0,1,1,1,0,1,0,0,2,0,0,2,0,1,2,1
242,275.901,-3270.513,-27.435,145.997,-0.828951,-0.558740,-0.025475,0.559316,-0.828269,-0.033708,-0.002266,-0.042191,0.999107,0,0.98429,0.97321,59.058,1.946,-1,400.000,550.000,250.000,225.000,350.000,275.000,300.000,350.000,-1,250.000,325.000,-1,800.000,300.000,-1,225.000,2,0,1,1,1,0,1,0,0,2,0,0,2,0,1,2,1
243,225.746,-3239.099,-24.777,147.932,-0.847703,-0.530053,-0.021032,0.530356,-0.846029,-0.054378,0.011030,-0.057251,0.998299,0,0.98635,0.96761,59.181,1.935,-1,450.000,575.000,250.000,200.000,375.000,250.000,275.000,375.000,975.000,175.000,275.000,-1,875.000,275.000,-1,200.000,2,0,1,1,1,1,1,0,0,0,0,0,2,1,1,2,1
244,174.486,-3209.344,-21.033,149.855,-0.865466,-0.500749,-0.014777,0.500248,-0.862269,-0.079022,0.026829,-0.075783,0.996763,0,0.98782,0.96134,59.269,1.923,-1,475.000,650.000,225.000,175.000,375.000,250.000,275.000,425.000,700.000,125.000,225.000,-1,950.000,275.000,-1,175.000,2,0,1,1,1,1,1,0,0,0,0,0,2,1,1,2,1
245,126.593,-3183.398,-16.562,151.537,-0.880261,-0.474431,-0.007451,0.472560,-0.875158,-0.103859,0.042753,-0.094944,0.994564,0,0.90782,0.84134,54.469,1.683,-1,525.000,725.000,225.000,150.000,400.000,250.000,275.000,500.000,550.000,75.000,200.000,-1,-1,275.000,-1,150.000,2,0,1,1,1,1,1,0,0,0,0,0,2,2,1,2,1
246,82.336,-3160.851,-11.880,152.980,-0.892374,-0.451297,0.000728,0.447443,-0.884961,-0.128989,0.058856,-0.114781,0.991646,0,0.82782,0.72134,49.669,1.443,-1,550.000,825.000,225.000,125.000,400.000,275.000,250.000,575.000,425.000,50.000,200.000,-1,-1,275.000,-1,150.000,2,0,1,1,1,1,1,0,0,0,0,0,2,2,1,2,1
247,38.651,-3139.744,-6.722,154.183,-0.902083,-0.431445,0.010034,0.424798,-0.891805,-0.155658,0.076106,-0.136155,0.987760,0,0.80858,0.60134,48.515,1.203,-1,600.000,-1,250.000,125.000,425.000,275.000,250.000,675.000,350.000,50.000,175.000,-1,-1,300.000,-1,125.000,2,0,2,1,1,1,1,0,0,0,0,0,2,2,1,2,1
248,-5.331,-3119.406,-1.033,155.146,-0.909637,-0.414916,0.020129,0.404486,-0.895724,-0.184579,0.094615,-0.159758,0.982612,0,0.80756,0.48134,48.454,0.963,-1,675.000,-1,250.000,125.000,450.000,300.000,225.000,800.000,275.000,25.000,175.000,-1,-1,325.000,-1,125.000,2,0,2,1,1,1,1,0,0,0,0,0,2,2,1,2,1
249,-49.491,-3099.668,5.207,155.868,-0.915243,-0.401726,0.030750,0.386349,-0.896735,-0.215871,0.114296,-0.185694,0.975938,0,0.80611,0.36134,48.367,0.723,-1,725.000,-1,275.000,100.000,450.000,325.000,225.000,475.000,200.000,0.000,175.000,-1,-1,350.000,-1,125.000,2,0,2,1,1,1,1,0,1,0,0,0,2,2,1,2,1
250,-8855.085,-3607.627,-102.359,-158.962,-0.933092,0.358980,0.021736,-0.358939,-0.933342,0.005891,0.022402,-0.002305,0.999746,1,0.00000,0.00000,48.255,0.483,-1,400.000,-1,375.000,875.000,325.000,325.000,300.000,300.000,-1,-1,-1,-1,825.000,725.000,-1,-1,2,0,2,0,1,0,0,0,0,2,2,2,2,0,0,2,2
251,-8850.601,-3605.916,-102.463,-159.115,-0.934046,0.356493,0.021674,-0.356450,-0.934295,0.005988,0.022385,-0.002132,0.999747,0,-0.08000,-0.07628,-4.800,-0.153,-1,400.000,-1,375.000,875.000,325.000,325.000,300.000,300.000,-1,-1,-1,-1,825.000,725.000,-1,-1,2,0,2,0,1,0,0,0,0,2,2,2,2,0,0,2,2
252,-8841.622,-3602.517,-102.675,-159.267,-0.934989,0.354020,0.021558,-0.353971,-0.935236,0.006184,0.022351,-0.001849,0.999748,0,-0.16000,-0.07582,-9.600,-0.152,-1,400.000,-1,375.000,875.000,325.000,325.000,300.000,300.000,-1,-1,-1,-1,825.000,725.000,-1,-1,2,0,2,0,1,0,0,0,0,2,2,2,2,0,0,2,2
253,-8832.352,-3599.036,-102.894,-159.417,-0.935916,0.351569,0.021439,-0.351515,-0.936161,0.006385,0.022315,-0.001560,0.999750,0,-0.16504,-0.07503,-9.902,-0.150,-1,400.000,-1,375.000,875.000,325.000,325.000,300.000,300.000,-1,-1,-1,-1,825.000,725.000,-1,-1,2,0,2,0,1,0,0,0,0,2,2,2,2,0,0,2,2
254,-8823.070,-3595.578,-103.116,-159.565,-0.936827,0.349142,0.021318,-0.349083,-0.937069,0.006586,0.022276,-0.001272,0.999751,0,-0.16509,-0.07424,-9.906,-0.148,-1,400.000,-1,375.000,875.000,325.000,325.000,300.000,300.000,-1,-1,-1,-1,825.000,725.000,-1,-1,2,0,2,0,1,0,0,0,0,2,2,2,2,0,0,2,2
255,-8813.775,-3592.142,-103.339,-159.712,-0.937722,0.346739,0.021198,-0.346674,-0.937961,0.006786,0.022235,-0.000986,0.999752,0,-0.16516,-0.07345,-9.910,-0.147,-1,400.000,-1,375.000,875.000,325.000,325.000,300.000,300.000,-1,-1,-1,-1,825.000,725.000,-1,-1,2,0,2,0,1,0,0,0,0,2,2,2,2,0,0,2,2
256,-8804.467,-3588.727,-103.564,-159.857,-0.938602,0.344358,0.021076,-0.344288,-0.938838,0.006985,0.022193,-0.000701,0.999753,0,-0.16524,-0.07267,-9.915,-0.145,-1,400.000,-1,375.000,850.000,325.000,325.000,300.000,300.000,-1,-1,-1,-1,825.000,725.000,-1,-1,2,0,2,0,1,0,0,0,0,2,2,2,2,0,0,2,2
257,-8795.145,-3585.335,-103.790,-160.001,-0.939466,0.342001,0.020954,-0.341926,-0.939699,0.007183,0.022147,-0.000417,0.999755,0,-0.16534,-0.07190,-9.920,-0.144,-1,400.000,-1,375.000,850.000,325.000,325.000,300.000,300.000,-1,-1,-1,-1,825.000,725.000,-1,-1,2,0,2,0,1,0,0,0,0,2,2,2,2,0,0,2,2
258,-8785.808,-3581.963,-104.018,-160.143,-0.940315,0.339666,0.020832,-0.339586,-0.940546,0.007381,0.022100,-0.000134,0.999756,0,-0.16544,-0.07114,-9.926,-0.142,-1,400.000,-1,375.000,850.000,325.000,325.000,300.000,300.000,-1,-1,-1,-1,825.000,725.000,-1,-1,2,0,2,0,1,0,0,0,0,2,2,2,2,0,0,2,2
259,-8776.457,-3578.612,-104.248,-160.284,-0.941150,0.337355,0.020709,-0.337269,-0.941378,0.007578,0.022051,0.000147,0.999757,0,-0.16556,-0.07039,-9.934,-0.141,-1,400.000,-1,375.000,850.000,325.000,325.000,300.000,300.000,-1,-1,-1,-1,825.000,700.000,-1,-1,2,0,2,0,1,0,0,0,0,2,2,2,2,0,0,2,2
260,-8767.091,-3575.281,-104.479,-160.423,-0.941970,0.335065,0.020585,-0.334975,-0.942195,0.007774,0.022000,0.000428,0.999758,0,-0.16569,-0.06964,-9.941,-0.139,-1,400.000,-1,375.000,850.000,325.000,325.000,300.000,300.000,-1,-1,-1,-1,825.000,700.000,-1,-1,2,0,2,0,1,0,0,0,0,2,2,2,2,0,0,2,2
261,-8757.708,-3571.970,-104.712,-160.561,-0.942776,0.332798,0.020460,-0.332703,-0.942998,0.007970,0.021947,0.000707,0.999759,0,-0.16583,-0.06890,-9.950,-0.138,-1,400.000,-1,375.000,875.000,325.000,325.000,300.000,300.000,-1,-1,-1,-1,825.000,700.000,-1,-1,2,0,2,0,1,0,0,0,0,2,2,2,2,0,1,2,2
262,-8748.308,-3568.678,-104.947,-160.698,-0.943568,0.330553,0.020335,-0.330454,-0.943787,0.008165,0.021891,0.000984,0.999760,0,-0.16599,-0.06817,-9.959,-0.136,-1,400.000,-1,375.000,875.000,325.000,325.000,300.000,300.000,-1,-1,-1,-1,825.000,700.000,-1,-1,2,0,2,0,1,0,0,0,0,2,2,2,2,0,1,2,2
263,-8738.892,-3565.404,-105.183,-160.833,-0.944347,0.328330,0.020209,-0.328226,-0.944562,0.008360,0.021834,0.001261,0.999761,0,-0.16615,-0.06745,-9.969,-0.135,-1,400.000,-1,375.000,875.000,325.000,325.000,300.000,300.000,-1,-1,-1,-1,825.000,700.000,-1,-1,2,0,2,0,1,0,0,0,0,2,2,2,2,0,1,2,2
264,-8729.458,-3562.150,-105.421,-160.966,-0.945112,0.326128,0.020083,-0.326020,-0.945324,0.008553,0.021774,0.001536,0.999762,0,-0.16633,-0.06674,-9.980,-0.133,-1,400.000,-1,375.000,875.000,325.000,325.000,300.000,300.000,-1,-1,-1,-1,825.000,700.000,-1,-1,2,0,2,0,1,0,0,0,0,2,2,2,2,0,1,2,2
265,-8720.005,-3558.913,-105.661,-161.098,-0.945864,0.323948,0.019956,-0.323835,-0.946073,0.008747,0.021713,0.001811,0.999763,0,-0.16652,-0.06603,-9.991,-0.132,-1,400.000,-1,375.000,875.000,325.000,325.000,300.000,300.000,-1,-1,-1,-1,825.000,700.000,-1,-1,2,0,2,0,1,0,0,0,0,2,2,2,2,0,1,2,2
266,-8710.534,-3555.694,-105.902,-161.229,-0.946603,0.321790,0.019828,-0.321672,-0.946809,0.008939,0.021649,0.002084,0.999763,0,-0.16672,-0.06533,-10.003,-0.131,-1,400.000,-1,375.000,875.000,325.000,325.000,300.000,300.000,-1,-1,-1,-1,825.000,700.000,-1,-1,2,0,2,0,1,0,0,0,0,2,2,2,2,0,1,2,2
267,-8701.044,-3552.493,-106.145,-161.358,-0.947330,0.319652,0.019699,-0.319531,-0.947532,0.009131,0.021584,0.002356,0.999764,0,-0.16693,-0.06464,-10.016,-0.129,-1,400.000,-1,375.000,875.000,325.000,325.000,300.000,300.000,-1,-1,-1,-1,825.000,700.000,-1,-1,2,0,2,0,1,0,0,0,0,2,2,2,2,0,1,2,2
268,-8691.534,-3549.308,-106.390,-161.486,-0.948044,0.317536,0.019569,-0.317410,-0.948243,0.009323,0.021517,0.002627,0.999765,0,-0.16715,-0.06396,-10.029,-0.128,-1,400.000,-1,375.000,875.000,325.000,325.000,300.000,300.000,-1,-1,-1,-1,825.000,700.000,-1,-1,2,0,2,0,1,0,0,0,0,2,2,2,2,0,1,2,2
269,-8682.004,-3546.140,-106.637,-161.613,-0.948746,0.315440,0.019439,-0.315310,-0.948941,0.009513,0.021447,0.002896,0.999766,0,-0.16739,-0.06328,-10.043,-0.127,-1,400.000,-1,375.000,875.000,325.000,325.000,300.000,300.000,-1,-1,-1,-1,825.000,700.000,-1,-1,2,0,2,0,1,0,0,0,0,2,2,2,2,0,1,2,2
270,-8667.928,-3541.430,-107.009,-161.499,-0.948123,0.317318,0.019261,-0.317183,-0.948314,0.009778,0.021369,0.003162,0.999767,0,-0.24739,0.05672,-14.843,0.113,-1,400.000,-1,375.000,875.000,325.000,325.000,300.000,300.000,-1,-1,-1,-1,825.000,700.000,-1,-1,2,0,2,0,1,0,0,0,0,2,2,2,2,0,1,2,2
271,-8649.338,-3535.082,-107.510,-161.146,-0.946152,0.323162,0.019039,-0.323022,-0.946338,0.010110,0.021285,0.003416,0.999768,0,-0.32739,0.17672,-19.643,0.353,-1,400.000,-1,375.000,900.000,325.000,325.000,300.000,300.000,-1,1000.000,-1,-1,825.000,700.000,-1,-1,2,0,2,0,1,0,0,0,0,2,0,2,2,0,1,2,2
272,-8626.290,-3526.944,-108.115,-160.552,-0.942758,0.332946,0.018831,-0.332796,-0.942939,0.010653,0.021303,0.003776,0.999766,0,-0.40739,0.29672,-24.443,0.593,-1,400.000,-1,375.000,925.000,325.000,325.000,300.000,300.000,-1,975.000,-1,-1,825.000,700.000,-1,-1,2,0,2,0,1,0,0,0,0,2,0,2,2,0,1,2,2
273,-8598.818,-3516.921,-108.806,-159.957,-0.939249,0.342729,0.018654,-0.342565,-0.939424,0.011503,0.021466,0.004414,0.999760,0,-0.48739,0.29783,-29.243,0.596,-1,400.000,-1,375.000,925.000,325.000,325.000,300.000,300.000,-1,950.000,1000.000,-1,825.000,700.000,-1,-1,2,0,2,0,1,0,0,0,0,2,0,0,2,0,1,2,2
274,-8571.261,-3506.541,-109.497,-159.359,-0.935626,0.352514,0.018398,-0.352333,-0.935792,0.012393,0.021585,0.005113,0.999754,0,-0.49079,0.29900,-29.448,0.598,-1,400.000,-1,375.000,950.000,325.000,325.000,300.000,300.000,-1,925.000,975.000,-1,825.000,700.000,-1,-1,2,0,2,0,1,0,0,0,0,2,0,0,2,0,1,2,2
275,-8543.745,-3495.845,-110.191,-158.758,-0.931887,0.362299,0.018088,-0.362101,-0.932044,0.013300,0.021678,0.005845,0.999748,0,-0.49202,0.30017,-29.521,0.600,-1,400.000,-1,375.000,975.000,325.000,325.000,300.000,300.000,-1,900.000,950.000,-1,825.000,700.000,-1,-1,2,0,2,0,1,0,0,0,0,2,0,0,2,0,1,2,2
276,-8516.275,-3484.833,-110.893,-158.156,-0.928031,0.372081,0.017743,-0.371867,-0.928177,0.014214,0.021757,0.006593,0.999742,0,-0.49326,0.30134,-29.595,0.603,-1,400.000,-1,375.000,1000.000,325.000,325.000,300.000,300.000,-1,875.000,925.000,-1,825.000,700.000,-1,-1,2,0,2,0,1,0,0,0,0,2,0,0,2,0,1,2,2
277,-8488.853,-3473.503,-111.603,-157.551,-0.924058,0.381858,0.017365,-0.381629,-0.924192,0.015129,0.021825,0.007353,0.999735,0,-0.49450,0.30250,-29.670,0.605,-1,400.000,-1,375.000,1000.000,325.000,325.000,300.000,300.000,-1,850.000,900.000,-1,825.000,700.000,-1,-1,2,0,2,0,1,0,0,0,0,2,0,0,2,0,0,2,2
278,-8461.484,-3461.854,-112.324,-156.943,-0.919966,0.391631,0.016964,-0.391386,-0.920087,0.016039,0.021890,0.008116,0.999727,0,-0.49576,0.30366,-29.745,0.607,-1,400.000,-1,375.000,-1,325.000,325.000,300.000,300.000,-1,825.000,875.000,-1,825.000,700.000,-1,-1,2,0,2,0,2,0,0,0,0,2,0,0,2,0,0,2,2
279,-8434.170,-3449.883,-112.963,-156.334,-0.915748,0.401397,0.016931,-0.401138,-0.915865,0.016738,0.022225,0.008536,0.999717,0,-0.49702,0.30482,-29.821,0.610,-1,400.000,-1,375.000,-1,325.000,325.000,300.000,300.000,-1,800.000,850.000,-1,825.000,725.000,-1,-1,2,0,2,0,2,0,0,0,0,2,0,0,2,0,0,2,2
280,-8406.917,-3437.590,-113.607,-155.722,-0.911409,0.411154,0.016896,-0.410882,-0.911522,0.017429,0.022567,0.008943,0.999705,0,-0.49829,0.30597,-29.897,0.612,-1,400.000,-1,375.000,-1,325.000,325.000,300.000,300.000,-1,775.000,800.000,-1,825.000,725.000,-1,-1,2,0,2,0,2,0,0,0,0,2,0,0,2,0,0,2,2
281,-8379.728,-3424.974,-114.230,-155.107,-0.906951,0.420901,0.016798,-0.420618,-0.907060,0.017978,0.022804,0.009240,0.999697,0,-0.49956,0.30712,-29.974,0.614,-1,400.000,-1,375.000,-1,325.000,325.000,300.000,300.000,-1,725.000,775.000,-1,825.000,725.000,-1,-1,2,0,2,0,2,0,0,0,0,2,0,0,2,0,0,2,2
282,-8352.608,-3412.033,-114.781,-154.491,-0.902373,0.430637,0.016586,-0.430354,-0.902478,0.018141,0.022781,0.009232,0.999698,0,-0.50084,0.30827,-30.050,0.617,-1,400.000,-1,375.000,-1,325.000,325.000,300.000,300.000,-1,725.000,750.000,-1,825.000,725.000,-1,-1,2,0,2,0,2,0,0,0,0,2,0,0,2,0,0,2,2
283,-8325.559,-3398.765,-115.339,-153.872,-0.897673,0.440360,0.016353,-0.440076,-0.897774,0.018284,0.022733,0.009216,0.999699,0,-0.50212,0.30942,-30.127,0.619,-1,400.000,-1,375.000,-1,325.000,325.000,300.000,300.000,-1,700.000,750.000,-1,825.000,725.000,-1,-1,2,0,2,0,2,0,0,0,0,2,0,0,2,0,0,2,2
284,-8298.587,-3385.171,-115.905,-153.251,-0.892850,0.450067,0.016100,-0.449784,-0.892948,0.018407,0.022660,0.009193,0.999701,0,-0.50341,0.31058,-30.205,0.621,-1,400.000,-1,375.000,-1,325.000,325.000,300.000,300.000,-1,675.000,725.000,-1,825.000,725.000,-1,-1,2,0,2,0,2,0,0,0,0,2,0,0,2,0,0,2,2
285,-8275.977,-3373.586,-116.383,-152.870,-0.889840,0.455997,0.015874,-0.455715,-0.889934,0.018474,0.022551,0.009205,0.999703,0,-0.42341,0.19058,-25.405,0.381,-1,400.000,-1,400.000,-1,325.000,325.000,300.000,300.000,-1,650.000,725.000,-1,825.000,725.000,-1,-1,2,0,2,0,2,0,0,0,0,2,0,0,2,0,0,2,2
286,-8257.663,-3364.144,-116.770,-152.728,-0.888712,0.458198,0.015685,-0.457918,-0.888802,0.018497,0.022416,0.009256,0.999706,0,-0.34341,0.07090,-20.605,0.142,-1,400.000,-1,400.000,-1,325.000,325.000,300.000,300.000,-1,650.000,700.000,-1,800.000,725.000,-1,-1,2,0,2,0,2,0,0,0,0,2,0,0,2,0,0,2,2
287,-8243.633,-3356.867,-117.070,-152.584,-0.887564,0.460423,0.015530,-0.460144,-0.887651,0.018513,0.022309,0.009285,0.999708,0,-0.26341,0.07178,-15.805,0.144,-1,400.000,-1,400.000,-1,325.000,325.000,300.000,300.000,-1,650.000,700.000,-1,800.000,725.000,-1,-1,2,0,2,0,2,0,0,0,0,2,0,0,2,0,0,2,2
288,-8233.878,-3351.776,-117.280,-152.439,-0.886399,0.462666,0.015418,-0.462388,-0.886484,0.018526,0.022239,0.009292,0.999710,0,-0.18341,0.07244,-11.005,0.145,-1,400.000,-1,400.000,-1,325.000,325.000,300.000,300.000,-1,625.000,675.000,-1,800.000,725.000,-1,-1,2,0,2,0,2,0,0,0,0,2,0,0,2,0,0,2,2
289,-8228.384,-3348.891,-117.400,-152.294,-0.885220,0.464920,0.015351,-0.464643,-0.885304,0.018539,0.022210,0.009278,0.999710,0,-0.10341,0.07288,-6.205,0.146,-1,400.000,-1,400.000,-1,325.000,325.000,300.000,300.000,-1,625.000,675.000,-1,800.000,725.000,-1,-1,2,0,2,0,2,0,0,0,0,2,0,0,2,0,0,2,2
290,-8227.143,-3348.235,-117.430,-152.147,-0.884031,0.467178,0.015333,-0.466900,-0.884115,0.018555,0.022224,0.009244,0.999710,0,-0.02341,0.07311,-1.405,0.146,-1,400.000,-1,400.000,-1,325.000,325.000,300.000,300.000,-1,625.000,675.000,-1,800.000,725.000,-1,-1,2,0,2,0,2,0,0,0,0,2,0,0,2,0,0,2,2
291,-8230.141,-3349.829,-117.368,-152.001,-0.882834,0.469433,0.015362,-0.469155,-0.882920,0.018574,0.022283,0.009191,0.999709,0,0.05659,0.07313,3.395,0.146,-1,400.000,-1,400.000,-1,325.000,325.000,300.000,300.000,-1,625.000,675.000,-1,800.000,725.000,-1,-1,2,0,2,0,2,0,0,0,0,2,0,0,2,0,0,2,2
292,-8237.367,-3353.694,-117.215,-151.855,-0.881635,0.471680,0.015436,-0.471401,-0.881723,0.018597,0.022382,0.009119,0.999708,0,0.13659,0.07294,8.195,0.146,-1,400.000,-1,400.000,-1,325.000,325.000,300.000,300.000,-1,625.000,700.000,-1,800.000,725.000,-1,-1,2,0,2,0,2,0,0,0,0,2,0,0,2,0,0,2,2
293,-8248.810,-3359.853,-116.972,-151.710,-0.880435,0.473911,0.015553,-0.473631,-0.880526,0.018620,0.022519,0.009027,0.999706,0,0.21659,0.07253,12.995,0.145,-1,400.000,-1,400.000,-1,325.000,325.000,300.000,300.000,-1,650.000,700.000,-1,800.000,725.000,-1,-1,2,0,2,0,2,0,0,0,0,2,0,0,2,0,0,2,2
294,-8264.459,-3368.326,-116.640,-151.566,-0.879240,0.476120,0.015706,-0.475839,-0.879335,0.018641,0.022686,0.008916,0.999703,0,0.29659,0.07191,17.795,0.144,-1,400.000,-1,400.000,-1,325.000,325.000,300.000,300.000,-1,650.000,725.000,-1,825.000,725.000,-1,-1,2,0,2,0,2,0,0,0,0,2,0,0,2,0,0,2,2
295,-8284.302,-3379.134,-116.219,-151.424,-0.878052,0.478301,0.015886,-0.478018,-0.878152,0.018655,0.022873,0.008786,0.999700,0,0.37659,0.07107,22.595,0.142,-1,400.000,-1,400.000,-1,325.000,325.000,300.000,300.000,-1,675.000,725.000,-1,825.000,725.000,-1,-1,2,0,2,0,2,0,0,0,0,2,0,0,2,0,0,2,2
296,-8308.272,-3392.398,-115.717,-151.042,-0.874839,0.484148,0.016072,-0.483863,-0.874944,0.018688,0.023110,0.008573,0.999696,0,0.45659,0.19107,27.395,0.382,-1,400.000,-1,400.000,-1,325.000,325.000,300.000,300.000,-1,700.000,750.000,-1,825.000,725.000,-1,-1,2,0,2,0,2,0,0,0,0,2,0,0,2,0,0,2,2
297,-8336.272,-3408.291,-115.135,-150.420,-0.869526,0.493621,0.016244,-0.493335,-0.869638,0.018737,0.023375,0.008279,0.999692,0,0.53659,0.31107,32.195,0.622,-1,400.000,-1,375.000,-1,325.000,325.000,300.000,300.000,-1,725.000,775.000,-1,825.000,725.000,-1,-1,2,0,2,0,2,0,0,0,0,2,0,0,2,0,0,2,2
298,-8368.227,-3426.932,-114.391,-149.743,-0.863624,0.503871,0.016338,-0.503594,-0.863745,0.018394,0.023380,0.007658,0.999697,0,0.61659,0.33873,36.995,0.677,-1,400.000,-1,375.000,-1,325.000,325.000,300.000,300.000,-1,750.000,825.000,-1,825.000,725.000,-1,-1,2,0,2,0,2,0,0,0,0,2,0,0,2,0,0,2,2
299,-8404.079,-3448.415,-113.453,-149.069,-0.857641,0.513990,0.016331,-0.513735,-0.857771,0.017483,0.022994,0.006605,0.999714,0,0.69659,0.33664,41.795,0.673,-1,400.000,-1,375.000,-1,325.000,325.000,300.000,300.000,-1,825.000,900.000,-1,825.000,725.000,-1,-1,2,0,2,0,2,0,0,0,0,2,0,0,2,0,0,2,2
