timestep,x_cm,y_cm,z_cm,yaw_deg,teleport_flag,throttle_cmd,steering_cmd,cmd_move_cm,cmd_turn_deg,lidar_cm_0,lidar_cm_1,lidar_cm_2,lidar_cm_3,lidar_cm_4,lidar_cm_5,lidar_cm_6,lidar_cm_7,lidar_cm_8,lidar_cm_9,lidar_cm_10,lidar_cm_11,lidar_cm_12,lidar_cm_13,lidar_cm_14,lidar_cm_15,lidar_cm_16,lidar_class_0,lidar_class_1,lidar_class_2,lidar_class_3,lidar_class_4,lidar_class_5,lidar_class_6,lidar_class_7,lidar_class_8,lidar_class_9,lidar_class_10,lidar_class_11,lidar_class_12,lidar_class_13,lidar_class_14,lidar_class_15,lidar_class_16
0,6854.652,4405.736,136.746,-164.097,1,-0.08000,-0.12000,-9.600,-1.080,-1,425.000,-1,375.000,650.000,350.000,325.000,275.000,300.000,625.000,0.000,175.000,825.000,875.000,600.000,-1,750.000,2,0,2,0,0,0,0,0,0,0,0,0,0,0,0,2,0
2,6901.597,4415.668,135.587,-169.252,0,-0.24000,-0.33275,-28.800,-2.995,-1,350.000,-1,325.000,475.000,275.000,275.000,275.000,275.000,850.000,725.000,-1,975.000,650.000,500.000,-1,500.000,2,0,2,0,0,0,0,0,0,0,0,2,0,0,0,2,0
4,6974.438,4423.653,136.038,-175.241,0,-0.30543,-0.33275,-36.651,-2.995,-1,350.000,-1,325.000,550.000,300.000,275.000,275.000,300.000,800.000,475.000,650.000,950.000,650.000,525.000,-1,550.000,2,0,2,0,0,0,0,0,0,0,0,0,0,0,0,2,0
6,7047.715,4423.994,136.947,-181.231,0,-0.30543,-0.33275,-36.651,-2.995,-1,350.000,-1,325.000,550.000,300.000,275.000,300.000,300.000,775.000,325.000,450.000,1000.000,650.000,525.000,-1,625.000,2,0,2,0,0,0,0,0,0,0,0,0,0,0,0,2,0
8,7120.628,4416.686,138.412,-187.221,0,-0.30543,-0.33275,-36.651,-2.995,-1,350.000,-1,325.000,550.000,300.000,275.000,300.000,300.000,800.000,250.000,300.000,-1,650.000,525.000,-1,650.000,2,0,2,0,0,0,0,0,0,0,0,0,2,0,0,2,0
10,7192.380,4401.811,140.525,-193.210,0,-0.30543,-0.33275,-36.651,-2.995,-1,350.000,-1,325.000,550.000,300.000,275.000,300.000,300.000,1000.000,150.000,225.000,-1,650.000,550.000,-1,625.000,2,0,2,0,0,0,0,0,0,0,0,0,2,0,0,2,0
12,7262.188,4379.529,143.361,-199.200,0,-0.30543,-0.33275,-36.651,-2.995,-1,350.000,-1,350.000,550.000,300.000,275.000,300.000,325.000,-1,100.000,150.000,-1,625.000,550.000,1000.000,625.000,2,0,2,0,0,0,0,0,0,2,0,0,2,0,0,0,0
14,7329.290,4350.085,146.980,-205.189,0,-0.30543,-0.33275,-36.651,-2.995,-1,350.000,-1,350.000,575.000,300.000,300.000,300.000,325.000,-1,25.000,75.000,-1,625.000,550.000,975.000,625.000,2,0,2,0,0,0,0,0,0,2,0,0,2,0,0,0,0
16,7392.953,4313.799,151.414,-211.179,0,-0.30543,-0.33275,-36.651,-2.995,-1,350.000,-1,350.000,575.000,300.000,300.000,300.000,325.000,-1,0.000,0.000,-1,600.000,575.000,950.000,650.000,2,0,2,0,0,0,0,0,0,2,0,0,2,0,0,0,0
18,7428.516,4287.092,154.624,-219.468,0,-0.14543,-0.46823,-17.451,-4.214,975.000,350.000,-1,350.000,575.000,300.000,300.000,300.000,300.000,-1,0.000,0.000,-1,600.000,550.000,925.000,625.000,0,0,2,0,0,0,0,0,0,2,0,0,2,0,0,0,0
20,7433.021,4282.967,155.109,-227.896,0,0.01457,-0.46823,1.749,-4.214,900.000,350.000,-1,350.000,575.000,300.000,300.000,325.000,300.000,-1,0.000,0.000,-1,575.000,550.000,825.000,600.000,0,0,2,0,0,0,0,0,0,2,0,0,2,0,0,0,0
22,7414.436,4309.357,152.249,-236.324,0,0.17457,-0.46823,20.949,-4.214,800.000,350.000,-1,350.000,550.000,300.000,300.000,325.000,300.000,-1,25.000,0.000,975.000,575.000,525.000,775.000,575.000,0,0,2,0,0,0,0,0,0,2,0,0,0,0,0,0,0
24,7382.286,4372.268,145.887,-244.752,0,0.33457,-0.46823,40.149,-4.214,750.000,350.000,-1,350.000,525.000,300.000,300.000,325.000,275.000,-1,100.000,25.000,800.000,550.000,500.000,675.000,525.000,0,0,2,0,0,0,0,0,0,2,0,0,0,0,0,0,0
26,7347.257,4475.511,136.180,-253.180,0,0.49457,-0.46823,59.349,-4.214,600.000,325.000,950.000,300.000,450.000,275.000,275.000,300.000,275.000,-1,200.000,125.000,700.000,500.000,450.000,550.000,450.000,0,0,0,0,0,0,0,0,0,2,0,0,0,0,0,0,0
28,7320.747,4620.506,123.341,-261.608,0,0.65457,-0.46823,78.549,-4.214,425.000,275.000,775.000,250.000,300.000,225.000,225.000,300.000,275.000,-1,400.000,250.000,700.000,400.000,375.000,400.000,325.000,0,0,0,0,0,0,0,0,0,2,0,0,0,0,0,0,0
30,7314.388,4806.169,107.295,-270.037,0,0.81457,-0.46823,97.749,-4.214,200.000,200.000,550.000,200.000,150.000,175.000,175.000,300.000,275.000,-1,-1,525.000,775.000,300.000,275.000,175.000,150.000,0,0,0,0,0,0,0,0,0,2,2,0,0,0,0,0,0
32,7336.760,5006.956,104.854,-278.465,0,0.84236,-0.46823,101.083,-4.214,-1,400.000,-1,350.000,525.000,325.000,300.000,300.000,275.000,550.000,0.000,0.000,225.000,825.000,575.000,-1,675.000,2,0,2,0,0,0,0,0,0,0,0,0,0,0,0,2,0
34,7388.320,5202.296,122.002,-286.893,0,0.84236,-0.46823,101.083,-4.214,-1,400.000,-1,325.000,425.000,325.000,300.000,325.000,250.000,850.000,50.000,25.000,375.000,800.000,525.000,-1,500.000,2,0,2,0,0,0,0,0,0,0,0,0,0,0,0,2,0
36,7467.953,5387.970,139.450,-295.321,0,0.84236,-0.46823,101.083,-4.214,-1,375.000,-1,300.000,325.000,300.000,275.000,325.000,250.000,-1,275.000,225.000,525.000,750.000,475.000,-1,375.000,2,0,2,0,0,0,0,0,0,2,0,0,0,0,0,2,0
38,7573.941,5559.966,159.963,-303.749,0,0.84236,-0.46823,101.083,-4.214,-1,375.000,-1,375.000,-1,300.000,300.000,250.000,350.000,450.000,0.000,0.000,725.000,850.000,725.000,-1,-1,2,0,2,0,2,0,0,0,0,0,0,0,0,0,0,2,2
40,7703.994,5714.571,188.293,-312.177,0,0.84236,-0.46823,101.083,-4.214,-1,375.000,-1,375.000,-1,300.000,300.000,275.000,350.000,575.000,0.000,125.000,875.000,950.000,950.000,-1,-1,2,0,2,0,2,0,0,0,0,0,0,0,0,0,0,2,2
42,7829.274,5834.367,214.260,-317.366,0,0.68236,-0.22823,81.883,-2.054,-1,425.000,-1,425.000,-1,325.000,325.000,325.000,350.000,725.000,100.000,200.000,950.000,-1,-1,-1,-1,2,0,2,0,2,0,0,0,0,0,0,0,0,2,2,2,2
44,7930.201,5923.976,235.512,-318.469,0,0.52236,-0.01434,62.683,-0.129,-1,500.000,-1,475.000,-1,375.000,375.000,325.000,350.000,825.000,200.000,275.000,-1,-1,-1,-1,-1,2,0,2,0,2,0,0,0,0,0,0,0,2,2,2,2,2
46,8002.699,5987.766,251.280,-318.727,0,0.36236,-0.01434,43.483,-0.129,-1,550.000,-1,525.000,-1,425.000,400.000,350.000,350.000,900.000,275.000,325.000,-1,-1,-1,-1,-1,2,0,2,0,2,0,0,0,0,0,0,0,2,2,2,2,2
48,8046.543,6025.990,261.003,-319.004,0,0.20236,-0.01647,24.283,-0.148,-1,575.000,-1,575.000,-1,450.000,425.000,350.000,350.000,950.000,300.000,325.000,-1,-1,-1,-1,-1,2,0,2,0,2,0,0,0,0,0,0,0,2,2,2,2,2
50,8061.510,6038.902,264.344,-319.343,0,0.04236,-0.01938,5.083,-0.174,-1,600.000,-1,575.000,-1,450.000,450.000,350.000,350.000,975.000,325.000,325.000,-1,-1,-1,-1,-1,2,0,2,0,2,0,0,0,0,0,0,0,2,2,2,2,2
52,8047.309,6026.839,261.196,-319.696,0,-0.11764,-0.01939,-14.117,-0.175,-1,575.000,-1,575.000,-1,450.000,425.000,350.000,350.000,950.000,300.000,325.000,-1,-1,-1,-1,-1,2,0,2,0,2,0,0,0,0,0,0,0,2,2,2,2,2
54,8005.040,5991.302,251.970,-320.009,0,-0.26255,-0.01651,-31.506,-0.149,-1,550.000,-1,525.000,-1,425.000,400.000,350.000,350.000,925.000,275.000,325.000,-1,-1,-1,-1,-1,2,0,2,0,2,0,0,0,0,0,0,0,2,2,2,2,2
56,7956.355,5950.743,241.576,-320.267,0,-0.26403,-0.01434,-31.683,-0.129,-1,525.000,-1,500.000,-1,400.000,375.000,350.000,350.000,875.000,225.000,300.000,-1,-1,-1,-1,-1,2,0,2,0,2,0,0,0,0,0,0,0,2,2,2,2,2
58,7915.165,5916.187,232.913,-319.445,0,-0.18403,0.10566,-22.083,0.951,-1,475.000,-1,475.000,-1,375.000,375.000,325.000,350.000,825.000,200.000,275.000,-1,-1,-1,-1,-1,2,0,2,0,2,0,0,0,0,0,0,0,2,2,2,2,2
60,7903.832,5905.811,230.458,-316.208,0,-0.02403,0.17987,-2.883,1.619,-1,475.000,-1,475.000,-1,350.000,350.000,325.000,350.000,800.000,200.000,275.000,-1,-1,-1,-1,-1,2,0,2,0,2,0,0,0,0,0,0,0,2,2,2,2,2
62,7919.669,5922.533,234.143,-312.970,0,0.13597,0.17987,16.317,1.619,-1,475.000,-1,475.000,-1,375.000,375.000,325.000,350.000,775.000,225.000,325.000,-1,-1,-1,-1,-1,2,0,2,0,2,0,0,0,0,0,0,0,2,2,2,2,2
64,7959.493,5969.302,244.069,-309.732,0,0.29597,0.17987,35.517,1.619,-1,525.000,-1,525.000,-1,400.000,400.000,325.000,350.000,800.000,275.000,375.000,-1,-1,-1,-1,-1,2,0,2,0,2,0,0,0,0,0,0,0,2,2,2,2,2
66,8008.600,6033.251,257.306,-306.768,0,0.29597,0.14947,35.517,1.345,-1,550.000,-1,575.000,-1,425.000,425.000,350.000,375.000,850.000,325.000,400.000,-1,-1,-1,-1,-1,2,0,2,0,2,0,0,0,0,0,0,0,2,2,2,2,2
68,8032.765,6067.884,264.313,-304.083,0,0.13597,0.14887,16.317,1.340,-1,575.000,-1,600.000,-1,450.000,450.000,350.000,375.000,850.000,325.000,450.000,-1,-1,-1,-1,-1,2,0,2,0,2,0,0,0,0,0,0,0,2,2,2,2,2
70,8034.895,6071.072,264.950,-301.424,0,-0.02403,0.14753,-2.883,1.328,-1,575.000,-1,600.000,-1,450.000,450.000,325.000,375.000,850.000,350.000,475.000,-1,-1,-1,-1,-1,2,0,2,0,2,0,0,0,0,0,0,0,2,2,2,2,2
72,8019.376,6043.401,259.796,-298.761,0,-0.16037,0.14827,-19.244,1.334,-1,550.000,-1,575.000,-1,425.000,425.000,325.000,375.000,825.000,375.000,550.000,-1,-1,-1,-1,-1,2,0,2,0,2,0,0,0,0,0,0,0,2,2,2,2,2
74,8002.029,6008.979,253.679,-296.073,0,-0.16066,0.14947,-19.279,1.345,-1,525.000,-1,550.000,-1,400.000,425.000,325.000,375.000,800.000,425.000,625.000,-1,-1,-1,-1,-1,2,0,2,0,2,0,0,0,0,0,0,0,2,2,2,2,2
76,7986.314,5973.772,247.723,-293.383,0,-0.16066,0.14947,-19.279,1.345,-1,500.000,-1,550.000,-1,400.000,400.000,300.000,375.000,800.000,475.000,700.000,-1,-1,-1,-1,-1,2,0,2,0,2,0,0,0,0,0,0,0,2,2,2,2,2
78,7982.481,5964.798,246.235,-293.932,0,-0.00066,-0.09053,-0.079,-0.815,-1,500.000,-1,525.000,-1,400.000,400.000,300.000,375.000,800.000,475.000,700.000,-1,-1,-1,-1,-1,2,0,2,0,2,0,0,0,0,0,0,0,2,2,2,2,2
80,7995.841,5990.124,250.746,-298.802,0,0.15934,-0.33053,19.121,-2.975,-1,525.000,-1,550.000,-1,400.000,400.000,325.000,375.000,800.000,400.000,550.000,-1,-1,-1,-1,-1,2,0,2,0,2,0,0,0,0,0,0,0,2,2,2,2,2
82,8035.012,6044.451,261.809,-307.992,0,0.31934,-0.57053,38.321,-5.135,-1,575.000,-1,575.000,-1,450.000,450.000,350.000,375.000,875.000,325.000,400.000,-1,-1,-1,-1,-1,2,0,2,0,2,0,0,0,0,0,0,0,2,2,2,2,2
84,8112.887,6115.295,279.894,-320.622,0,0.47934,-0.71287,57.521,-6.416,-1,650.000,-1,650.000,-1,500.000,475.000,375.000,375.000,-1,350.000,325.000,-1,-1,-1,-1,-1,2,0,2,0,2,0,0,0,0,2,0,0,2,2,2,2,2
86,8237.921,6185.943,301.049,-333.559,0,0.63934,-0.72080,76.721,-6.487,-1,500.000,-1,425.000,-1,375.000,350.000,525.000,300.000,-1,-1,-1,-1,-1,-1,-1,-1,2,0,2,0,2,0,0,0,0,2,2,2,2,2,2,2,2
88,8412.408,6237.499,313.217,-346.647,0,0.79934,-0.72915,95.921,-6.562,-1,375.000,-1,450.000,-1,325.000,350.000,300.000,450.000,-1,-1,-1,-1,725.000,975.000,-1,-1,2,0,2,0,2,0,0,0,0,2,2,2,2,0,1,2,2
90,8632.316,6250.206,321.729,-359.857,0,0.95934,-0.73509,115.121,-6.616,-1,450.000,-1,500.000,950.000,375.000,400.000,300.000,425.000,-1,-1,-1,-1,925.000,800.000,-1,975.000,2,0,2,0,1,0,0,0,0,2,2,2,2,0,1,2,1
92,8868.431,6209.483,326.329,-373.091,0,1.00000,-0.73446,120.000,-6.610,-1,400.000,850.000,350.000,625.000,300.000,300.000,350.000,325.000,-1,-1,-1,-1,750.000,500.000,-1,550.000,2,0,1,0,1,0,0,0,0,2,2,2,2,0,1,2,1
94,9089.156,6116.231,313.320,-386.148,0,1.00000,-0.72114,120.000,-6.490,-1,300.000,500.000,300.000,575.000,250.000,250.000,275.000,350.000,-1,-1,-1,-1,425.000,400.000,700.000,475.000,2,1,1,1,1,1,1,0,0,2,2,2,2,1,1,1,1
96,9283.943,5976.628,302.079,-398.736,0,1.00000,-0.69035,120.000,-6.213,200.000,175.000,300.000,225.000,600.000,150.000,200.000,300.000,350.000,-1,200.000,150.000,-1,225.000,300.000,150.000,425.000,1,1,1,1,1,1,1,0,0,2,0,0,2,1,1,1,1
98,-18838.473,-11672.670,-241.151,176.982,1,0.00000,0.00000,120.000,-5.721,-1,-1,-1,-1,-1,-1,-1,275.000,300.000,-1,-1,-1,-1,-1,-1,-1,-1,2,2,2,2,2,2,2,0,0,2,2,2,2,2,2,2,2
100,-18867.141,-11669.962,-245.230,173.953,0,0.16000,-0.21662,19.200,-1.950,-1,-1,-1,-1,-1,-1,-1,275.000,300.000,-1,-1,-1,-1,-1,-1,-1,-1,2,2,2,2,2,2,2,0,0,2,2,2,2,2,2,2,2
102,-18898.500,-11659.449,-249.017,170.211,0,0.32000,-0.20421,38.400,-1.838,-1,-1,-1,-1,-1,-1,-1,300.000,300.000,-1,-1,-1,-1,-1,-1,-1,-1,2,2,2,2,2,2,2,0,0,2,2,2,2,2,2,2,2
104,-18898.500,-11638.309,-247.132,167.615,0,0.48000,-0.20421,57.600,-1.838,-1,-1,-1,-1,-1,-1,-1,300.000,300.000,-1,-1,-1,-1,-1,-1,-1,-1,2,2,2,2,2,2,2,0,0,2,2,2,2,2,2,2,2
106,-18898.500,-11610.248,-244.629,167.179,0,0.48000,0.03579,57.600,0.322,-1,-1,-1,-1,-1,-1,-1,300.000,300.000,-1,-1,-1,-1,-1,-1,-1,-1,2,2,2,2,2,2,2,0,0,2,2,2,2,2,2,2,2
108,-18898.500,-11594.780,-243.247,171.064,0,0.32000,0.27579,38.400,2.482,-1,-1,-1,-1,-1,-1,-1,300.000,300.000,-1,-1,-1,-1,-1,-1,-1,-1,2,2,2,2,2,2,2,0,0,2,2,2,2,2,2,2,2
110,-18898.500,-11587.607,-242.605,174.948,0,0.32057,0.27579,38.468,2.482,-1,-1,-1,-1,-1,-1,-1,300.000,300.000,-1,-1,-1,-1,-1,-1,-1,-1,2,2,2,2,2,2,2,0,0,2,2,2,2,2,2,2,2
112,-18898.500,-11583.935,-242.275,178.592,0,0.48057,0.14246,57.668,1.282,-1,-1,-1,-1,-1,-1,-1,300.000,300.000,-1,-1,-1,-1,-1,-1,-1,-1,2,2,2,2,2,2,2,0,0,2,2,2,2,2,2,2,2
114,-18898.500,-11589.010,-242.727,183.120,0,0.60554,0.24060,72.665,2.165,-1,-1,-1,-1,-1,-1,-1,300.000,300.000,-1,-1,-1,-1,-1,-1,-1,-1,2,2,2,2,2,2,2,0,0,2,2,2,2,2,2,2,2
116,-18898.500,-11601.480,-243.839,185.529,0,0.60575,0.14714,72.691,1.324,-1,-1,-1,-1,-1,-1,-1,300.000,300.000,-1,-1,-1,-1,-1,-1,-1,-1,2,2,2,2,2,2,2,0,0,2,2,2,2,2,2,2,2
118,-18898.500,-11617.018,-245.225,187.098,0,0.54171,0.14714,65.006,1.324,-1,-1,-1,-1,-1,-1,-1,300.000,300.000,-1,-1,-1,-1,-1,-1,-1,-1,2,2,2,2,2,2,2,0,0,2,2,2,2,2,2,2,2
120,-18898.500,-11634.769,-246.808,190.827,0,0.38171,0.14714,45.806,1.324,-1,-1,-1,-1,-1,-1,-1,300.000,300.000,-1,-1,-1,-1,-1,-1,-1,-1,2,2,2,2,2,2,2,0,0,2,2,2,2,2,2,2,2
122,-18898.500,-11647.432,-247.937,192.395,0,0.22171,0.14714,26.606,1.324,-1,-1,-1,-1,-1,-1,-1,300.000,300.000,-1,-1,-1,-1,-1,-1,-1,-1,2,2,2,2,2,2,2,0,0,2,2,2,2,2,2,2,2
124,-18898.500,-11663.481,-249.369,198.284,0,0.23008,0.38714,27.610,3.484,-1,-1,-1,-1,-1,-1,-1,300.000,300.000,-1,-1,-1,-1,-1,-1,-1,-1,2,2,2,2,2,2,2,0,0,2,2,2,2,2,2,2,2
126,-18898.500,-11690.926,-251.817,205.199,0,0.32181,0.32420,38.618,2.918,525.000,-1,-1,-1,-1,-1,-1,275.000,300.000,-1,-1,-1,-1,-1,-1,-1,-1,0,2,2,2,2,2,2,0,0,2,2,2,2,2,2,2,2
128,-18898.500,-11741.713,-256.349,209.955,0,0.48181,0.32420,57.818,2.918,450.000,350.000,-1,-1,-1,-1,-1,275.000,300.000,-1,-1,-1,-1,-1,-1,525.000,-1,0,0,2,2,2,2,2,0,0,2,2,2,2,2,2,0,2
130,-18898.500,-11827.867,-264.036,219.030,0,0.64181,0.56420,77.018,5.078,325.000,300.000,-1,-1,-1,275.000,-1,275.000,300.000,-1,-1,-1,-1,450.000,-1,375.000,-1,0,0,2,2,2,0,2,0,0,2,2,2,2,0,2,0,2
132,-18898.500,-11965.575,-276.323,232.426,0,0.80181,0.80420,96.218,7.238,200.000,250.000,-1,-1,-1,225.000,250.000,250.000,300.000,-1,-1,-1,-1,375.000,-1,200.000,-1,0,0,2,2,2,0,0,0,0,2,2,2,2,0,2,0,2
134,-18898.500,-12134.963,-291.376,243.662,0,0.76777,0.56420,92.133,5.078,-1,375.000,-1,350.000,-1,300.000,300.000,325.000,250.000,-1,0.000,0.000,250.000,700.000,-1,-1,-1,2,0,2,0,2,0,0,0,0,2,0,0,0,0,2,2,2
136,-18898.500,-12280.083,-284.974,250.577,0,0.60777,0.32420,72.933,2.918,-1,375.000,-1,350.000,-1,300.000,300.000,325.000,-1,-1,0.000,0.000,450.000,725.000,-1,-1,-1,2,0,2,0,2,0,0,0,2,2,0,0,0,0,2,2,2
138,-18898.500,-12412.337,-279.141,257.493,0,0.60777,0.32420,72.933,2.918,-1,400.000,-1,350.000,-1,300.000,300.000,325.000,-1,-1,50.000,50.000,-1,750.000,-1,-1,-1,2,0,2,0,2,0,0,0,2,2,0,0,2,0,2,2,2
140,-18898.500,-12564.414,-272.435,266.568,0,0.63774,0.56420,76.529,5.078,-1,400.000,-1,375.000,-1,325.000,300.000,325.000,-1,-1,175.000,200.000,-1,750.000,650.000,-1,-1,2,0,2,0,2,0,0,0,2,2,0,0,2,0,0,2,2
142,-18882.441,-12726.085,-263.427,278.291,0,0.71774,0.61832,86.129,5.565,-1,400.000,-1,375.000,-1,325.000,300.000,300.000,-1,900.000,375.000,425.000,-1,725.000,650.000,-1,-1,2,0,2,0,2,0,0,0,2,0,0,0,2,0,0,2,2
144,-18825.529,-12915.429,-248.008,289.421,0,0.85180,0.61832,102.217,5.565,-1,400.000,-1,375.000,-1,325.000,325.000,300.000,300.000,900.000,600.000,700.000,-1,725.000,675.000,-1,-1,2,0,2,0,2,0,0,0,0,0,0,0,2,0,0,2,2
146,-18730.398,-13096.107,-229.358,300.550,0,0.85180,0.61832,102.217,5.565,-1,375.000,-1,350.000,-1,300.000,300.000,300.000,300.000,-1,-1,-1,-1,675.000,600.000,-1,-1,2,0,2,0,2,0,0,0,0,2,2,2,2,0,0,2,2
148,-18602.180,-13255.023,-209.546,311.680,0,0.85180,0.61832,102.217,5.565,-1,375.000,-1,325.000,-1,300.000,275.000,300.000,275.000,-1,-1,-1,-1,675.000,550.000,-1,-1,2,0,2,0,2,0,0,0,0,2,2,2,2,0,0,2,2
150,-18445.698,-13386.201,-189.296,322.810,0,0.85180,0.61832,102.217,5.565,-1,350.000,-1,300.000,625.000,275.000,275.000,300.000,250.000,-1,-1,-1,-1,650.000,500.000,-1,600.000,2,0,2,0,0,0,0,0,0,2,2,2,2,0,0,2,0
152,-18261.281,-13485.169,-165.934,335.019,0,0.89525,0.73832,107.430,6.645,-1,375.000,-1,400.000,-1,300.000,325.000,225.000,325.000,875.000,0.000,300.000,-1,750.000,950.000,-1,-1,2,0,2,0,2,0,0,0,0,0,0,0,2,0,0,2,2
154,-18053.722,-13539.170,-140.490,348.883,0,0.89525,0.77018,107.430,6.932,-1,350.000,-1,400.000,-1,300.000,325.000,225.000,300.000,-1,450.000,-1,-1,725.000,925.000,-1,-1,2,0,2,0,2,0,0,0,0,2,0,2,2,0,0,2,2
156,-17839.271,-13541.865,-117.423,362.746,0,0.89525,0.77018,107.430,6.932,-1,375.000,-1,425.000,-1,325.000,350.000,225.000,300.000,-1,650.000,850.000,-1,775.000,-1,-1,-1,2,0,2,0,2,0,0,0,0,2,0,0,2,0,2,2,2
158,-17630.421,-13493.099,-99.317,376.609,0,0.89525,0.77018,107.430,6.932,-1,375.000,-1,450.000,-1,325.000,350.000,225.000,325.000,-1,575.000,500.000,-1,750.000,-1,-1,-1,2,0,2,0,2,0,0,0,0,2,0,0,2,0,2,2,2
160,-17444.243,-13400.798,-83.905,389.392,0,0.83869,0.65018,100.642,5.852,-1,450.000,-1,500.000,-1,375.000,375.000,300.000,300.000,-1,225.000,50.000,-1,-1,-1,-1,-1,2,0,2,0,2,0,0,0,0,2,0,0,2,2,2,2,2
162,-17281.505,-13282.520,-74.160,397.855,0,0.83869,0.41018,100.642,3.692,-1,400.000,-1,425.000,-1,325.000,325.000,325.000,275.000,-1,-1,850.000,-1,800.000,-1,-1,-1,2,0,2,0,2,0,0,0,0,2,2,0,2,0,2,2,2
164,-17130.144,-13149.861,-68.768,401.998,0,0.83869,0.17018,100.642,1.532,-1,400.000,-1,475.000,-1,325.000,350.000,300.000,300.000,-1,-1,875.000,-1,825.000,-1,-1,-1,2,0,2,0,2,0,0,0,0,2,2,0,2,0,2,2,2
166,-16981.108,-13014.571,-64.065,402.015,0,0.83869,-0.04839,100.642,-0.436,-1,425.000,-1,525.000,-1,350.000,375.000,300.000,350.000,-1,-1,-1,-1,850.000,-1,-1,-1,2,0,2,0,2,0,0,0,0,2,2,2,2,0,2,2,2
168,-16830.034,-12881.562,-59.574,401.143,0,0.83869,-0.04839,100.642,-0.436,-1,450.000,-1,550.000,-1,375.000,400.000,300.000,375.000,-1,-1,-1,-1,875.000,-1,-1,-1,2,0,2,0,2,0,0,0,0,2,2,2,2,0,2,2,2
170,-16676.954,-12750.865,-59.334,400.272,0,0.83869,-0.04839,100.642,-0.436,-1,375.000,-1,375.000,925.000,300.000,300.000,375.000,300.000,-1,-1,-1,-1,675.000,625.000,-1,975.000,2,0,2,0,0,0,0,0,0,2,2,2,2,0,0,2,0
172,-16540.205,-12645.815,-65.922,396.161,0,0.67869,-0.28839,81.442,-2.596,-1,375.000,-1,350.000,825.000,300.000,300.000,325.000,300.000,-1,-1,-1,-1,650.000,600.000,-1,850.000,2,0,2,0,0,0,0,0,0,2,2,2,2,0,0,2,0
174,-16416.408,-12573.819,-70.636,387.864,0,0.59570,-0.51354,71.484,-4.622,-1,350.000,-1,325.000,725.000,300.000,275.000,300.000,300.000,-1,-1,-1,-1,600.000,550.000,-1,725.000,2,0,2,0,0,0,0,0,0,2,2,2,2,0,0,2,0
176,-16282.984,-12522.785,-74.578,378.620,0,0.59570,-0.51354,71.484,-4.622,-1,325.000,-1,325.000,625.000,275.000,275.000,300.000,300.000,-1,-1,-1,-1,550.000,525.000,925.000,600.000,2,0,2,0,0,0,0,0,0,2,2,2,2,0,0,0,0
178,-16143.094,-12493.847,-77.837,369.377,0,0.59570,-0.51354,71.484,-4.622,800.000,300.000,-1,300.000,500.000,250.000,250.000,300.000,275.000,-1,-1,-1,-1,500.000,475.000,675.000,500.000,0,0,2,0,0,0,0,0,0,2,2,2,2,0,0,0,0
180,-16000.372,-12487.756,-75.901,360.133,0,0.59570,-0.51354,71.484,-4.622,-1,375.000,-1,375.000,925.000,325.000,325.000,300.000,300.000,-1,0.000,0.000,-1,650.000,600.000,-1,900.000,2,0,2,0,0,0,0,0,0,2,0,0,2,0,0,2,0
182,-15858.526,-12504.669,-68.694,350.889,0,0.59570,-0.51354,71.484,-4.622,-1,350.000,-1,350.000,900.000,300.000,300.000,300.000,300.000,-1,75.000,50.000,-1,575.000,575.000,-1,800.000,2,0,2,0,0,0,0,0,0,2,0,0,2,0,0,2,0
184,-15721.238,-12544.148,-61.164,341.646,0,0.59570,-0.51354,71.484,-4.622,-1,325.000,-1,325.000,925.000,275.000,275.000,300.000,300.000,-1,250.000,200.000,-1,525.000,550.000,-1,750.000,2,0,2,0,0,0,0,0,0,2,0,0,2,0,0,2,0
186,-15592.074,-12605.167,-53.433,332.402,0,0.59570,-0.51354,71.484,-4.622,-1,300.000,-1,300.000,-1,250.000,250.000,300.000,300.000,-1,425.000,375.000,-1,475.000,525.000,500.000,750.000,2,0,2,0,2,0,0,0,0,2,0,0,2,0,0,0,0
188,-15454.919,-12708.073,-44.131,319.918,0,0.75570,-0.75354,90.684,-6.782,300.000,275.000,-1,300.000,-1,225.000,250.000,250.000,300.000,-1,650.000,600.000,-1,425.000,500.000,300.000,-1,0,0,2,0,2,0,0,0,0,2,0,0,2,0,0,0,2
190,-15331.433,-12856.865,-25.853,306.281,0,0.80709,-0.75766,96.851,-6.819,-1,400.000,-1,400.000,-1,325.000,325.000,300.000,225.000,-1,50.000,0.000,525.000,-1,875.000,-1,-1,2,0,2,0,2,0,0,0,0,2,0,0,0,2,0,2,2
192,-15246.512,-13030.577,-7.173,292.643,0,0.80709,-0.75766,96.851,-6.819,-1,425.000,-1,375.000,775.000,325.000,325.000,325.000,250.000,-1,425.000,225.000,675.000,-1,725.000,-1,-1,2,0,2,0,0,0,0,0,0,2,0,0,0,2,0,2,2
194,-15204.945,-13219.415,6.018,279.005,0,0.80709,-0.75766,96.851,-6.819,-1,450.000,-1,350.000,475.000,325.000,300.000,375.000,250.000,-1,-1,825.000,900.000,-1,575.000,-1,-1,2,0,2,0,0,0,0,0,0,2,2,0,0,2,0,2,2
196,-15209.075,-13412.729,13.212,265.367,0,0.80709,-0.75766,96.851,-6.819,-1,425.000,-1,300.000,300.000,300.000,275.000,375.000,250.000,-1,-1,-1,-1,-1,475.000,-1,350.000,2,0,2,0,0,0,0,0,0,2,2,2,2,2,0,2,0
198,-15258.670,-13599.620,18.783,251.729,0,0.80709,-0.75766,96.851,-6.819,-1,425.000,-1,300.000,425.000,300.000,250.000,400.000,275.000,-1,25.000,125.000,-1,-1,550.000,-1,625.000,2,0,2,0,0,0,0,0,0,2,0,0,2,2,0,2,0
200,-15350.932,-13769.547,24.957,238.091,0,0.80709,-0.75766,96.851,-6.819,-1,425.000,-1,350.000,-1,325.000,300.000,425.000,300.000,-1,0.000,50.000,-1,-1,675.000,-1,-1,2,0,2,0,2,0,0,0,0,2,0,0,2,2,0,2,2
202,-15480.659,-13912.929,33.986,224.453,0,0.80709,-0.75766,96.851,-6.819,-1,500.000,-1,400.000,-1,375.000,350.000,450.000,325.000,-1,25.000,50.000,-1,-1,-1,-1,-1,2,0,2,0,2,0,0,0,0,2,0,0,2,2,2,2,2
204,-15641.441,-14022.668,41.994,210.969,0,0.81418,-0.74505,97.702,-6.705,-1,525.000,-1,425.000,-1,400.000,375.000,475.000,325.000,-1,225.000,175.000,975.000,-1,-1,-1,-1,2,0,2,0,2,0,0,0,0,2,0,0,0,2,2,2,2
206,-15823.421,-14092.729,47.274,197.765,0,0.81294,-0.73053,97.553,-6.575,-1,450.000,-1,425.000,-1,350.000,350.000,300.000,500.000,-1,-1,-1,-1,-1,950.000,-1,-1,2,0,2,0,2,0,0,0,0,2,2,2,2,2,0,2,2
208,-16010.419,-14120.819,44.569,185.732,0,0.76799,-0.60849,92.159,-5.476,-1,475.000,-1,450.000,-1,375.000,350.000,300.000,500.000,-1,-1,-1,-1,-1,-1,-1,-1,2,0,2,0,2,0,0,0,0,2,2,2,2,2,2,2,2
210,-16193.787,-14119.057,37.759,177.559,0,0.76380,-0.41966,91.657,-3.777,-1,425.000,-1,425.000,-1,325.000,325.000,300.000,500.000,-1,-1,-1,-1,850.000,925.000,-1,-1,2,0,2,0,2,0,0,0,0,2,2,2,2,0,0,2,2
212,-16375.361,-14092.829,29.176,169.836,0,0.76573,-0.43268,91.887,-3.894,-1,425.000,-1,475.000,-1,350.000,350.000,325.000,500.000,-1,-1,-1,-1,850.000,-1,-1,-1,2,0,2,0,2,0,0,0,0,2,2,2,2,0,2,2,2
214,-16552.615,-14041.595,16.350,161.892,0,0.76931,-0.44144,92.317,-3.973,-1,425.000,-1,400.000,-1,350.000,325.000,475.000,325.000,-1,-1,-1,-1,950.000,825.000,-1,-1,2,0,2,0,2,0,0,0,0,2,2,2,2,0,0,2,2
216,-16721.096,-13966.345,5.136,153.946,0,0.76931,-0.44144,92.317,-3.973,-1,400.000,-1,400.000,-1,325.000,325.000,375.000,350.000,-1,-1,-1,-1,825.000,775.000,-1,-1,2,0,2,0,2,0,0,0,0,2,2,2,2,0,0,2,2
218,-16877.558,-13868.527,-11.617,146.000,0,0.76931,-0.44144,92.317,-3.973,-1,400.000,-1,400.000,-1,325.000,325.000,350.000,325.000,-1,-1,-1,-1,925.000,725.000,-1,-1,2,0,2,0,2,0,0,0,0,2,2,2,2,0,0,2,2
220,-17018.995,-13750.019,-29.076,138.055,0,0.76931,-0.44144,92.317,-3.973,-1,425.000,-1,375.000,-1,325.000,325.000,300.000,300.000,-1,-1,-1,-1,900.000,700.000,-1,-1,2,0,2,0,2,0,0,0,0,2,2,2,2,0,0,2,2
222,-17142.692,-13613.098,-46.930,130.109,0,0.76931,-0.44144,92.317,-3.973,-1,425.000,-1,350.000,-1,325.000,300.000,300.000,275.000,-1,-1,-1,-1,825.000,650.000,-1,-1,2,0,2,0,2,0,0,0,0,2,2,2,2,0,0,2,2
224,-17246.274,-13460.391,-64.822,122.163,0,0.76931,-0.44144,92.317,-3.973,-1,375.000,-1,325.000,975.000,300.000,275.000,325.000,275.000,-1,-1,-1,-1,750.000,575.000,-1,975.000,2,0,2,0,0,0,0,0,0,2,2,2,2,0,0,2,0
226,-17327.752,-13294.832,-76.891,114.217,0,0.76931,-0.44144,92.317,-3.973,-1,425.000,-1,400.000,-1,350.000,325.000,350.000,300.000,-1,125.000,200.000,-1,850.000,725.000,-1,-1,2,0,2,0,2,0,0,0,0,2,0,0,2,0,0,2,2
228,-17385.561,-13119.599,-87.096,106.271,0,0.76931,-0.44144,92.317,-3.973,-1,375.000,-1,375.000,-1,300.000,300.000,300.000,375.000,-1,425.000,-1,-1,675.000,725.000,-1,-1,2,0,2,0,2,0,0,0,0,2,0,2,2,0,0,2,2
230,-17418.859,-12947.090,-96.614,99.405,0,0.69527,-0.32144,83.432,-2.893,-1,375.000,-1,375.000,-1,300.000,300.000,300.000,375.000,-1,450.000,650.000,-1,650.000,700.000,975.000,-1,2,0,2,0,2,0,0,0,0,2,0,0,2,0,0,0,2
232,-17439.848,-12781.554,-104.354,96.860,0,0.69527,-0.08144,83.432,-0.733,-1,375.000,-1,400.000,-1,325.000,325.000,300.000,375.000,-1,400.000,450.000,-1,625.000,725.000,875.000,-1,2,0,2,0,2,0,0,0,0,2,0,0,2,0,0,0,2
234,-17462.839,-12616.294,-110.288,98.634,0,0.69527,0.15856,83.432,1.427,-1,350.000,-1,375.000,-1,300.000,300.000,300.000,350.000,-1,550.000,600.000,-1,575.000,675.000,775.000,-1,2,0,2,0,2,0,0,0,0,2,0,0,2,0,0,0,2
236,-17500.170,-12453.743,-117.213,104.728,0,0.69527,0.39856,83.432,3.587,-1,325.000,-1,350.000,-1,275.000,275.000,300.000,350.000,-1,675.000,800.000,-1,525.000,600.000,800.000,-1,2,0,2,0,2,0,0,0,0,2,0,0,2,0,0,0,2
238,-17563.193,-12299.457,-125.766,115.043,0,0.69527,0.62756,83.432,5.648,-1,300.000,-1,300.000,-1,250.000,250.000,325.000,325.000,-1,875.000,-1,-1,525.000,500.000,-1,700.000,2,0,2,0,2,0,0,0,0,2,0,2,2,0,0,2,0
240,-17657.838,-12155.470,-136.036,125.983,0,0.72650,0.59883,87.180,5.390,-1,325.000,-1,275.000,500.000,250.000,225.000,325.000,275.000,-1,950.000,-1,-1,600.000,450.000,-1,425.000,2,0,2,0,0,0,0,0,0,2,0,2,2,0,0,2,0
242,-17780.335,-12027.090,-140.034,136.125,0,0.74278,0.55046,89.134,4.954,-1,450.000,-1,375.000,-1,325.000,325.000,300.000,350.000,700.000,0.000,50.000,-1,-1,750.000,-1,-1,2,0,2,0,2,0,0,0,0,0,0,0,2,2,0,2,2
244,-17922.207,-11920.352,-143.012,145.275,0,0.73782,0.49423,88.538,4.448,-1,525.000,-1,450.000,-1,400.000,375.000,300.000,325.000,700.000,75.000,200.000,-1,-1,925.000,-1,-1,2,0,2,0,2,0,0,0,0,0,0,0,2,2,0,2,2
246,-18074.698,-11837.911,-149.117,153.712,0,0.71679,0.46485,86.014,4.184,-1,400.000,-1,375.000,-1,325.000,325.000,275.000,375.000,1000.000,-1,-1,-1,775.000,725.000,-1,-1,2,0,2,0,2,0,0,0,0,0,2,2,2,0,0,2,2
248,-18231.498,-11780.615,-165.996,162.030,0,0.68901,0.46265,82.681,4.164,-1,400.000,-1,375.000,-1,325.000,325.000,275.000,300.000,-1,-1,-1,-1,-1,750.000,-1,-1,2,0,2,0,2,0,0,0,0,2,2,2,2,2,0,2,2
250,-18388.964,-11748.204,-184.721,170.533,0,0.66480,0.47687,79.776,4.292,-1,400.000,-1,400.000,-1,325.000,325.000,275.000,300.000,-1,-1,-1,-1,-1,-1,-1,-1,2,0,2,0,2,0,0,0,0,2,2,2,2,2,2,2,2
252,-18545.733,-11740.550,-205.296,179.487,0,0.65229,0.50543,78.274,4.549,-1,425.000,-1,400.000,-1,350.000,325.000,275.000,300.000,-1,-1,-1,-1,-1,-1,-1,-1,2,0,2,0,2,0,0,0,0,2,2,2,2,2,2,2,2
254,-18673.124,-11749.697,-223.333,185.445,0,0.49229,0.27662,59.074,2.490,-1,425.000,-1,-1,-1,350.000,350.000,275.000,300.000,-1,-1,-1,-1,-1,-1,-1,-1,2,0,2,2,2,0,0,0,0,2,2,2,2,2,2,2,2
256,-18761.264,-11764.186,-237.606,190.878,0,0.33229,0.30958,39.874,2.786,-1,-1,-1,-1,-1,325.000,-1,250.000,300.000,-1,-1,-1,-1,-1,-1,-1,-1,2,2,2,2,2,0,2,0,0,2,2,2,2,2,2,2,2
258,-18810.460,-11777.369,-246.212,196.783,0,0.17229,0.33329,20.674,3.000,500.000,-1,-1,-1,-1,-1,-1,250.000,300.000,-1,-1,-1,-1,-1,-1,-1,-1,0,2,2,2,2,2,2,0,0,2,2,2,2,2,2,2,2
260,-18822.234,-11781.704,-248.378,202.953,0,0.01229,0.34488,1.474,3.104,450.000,375.000,-1,-1,-1,-1,-1,250.000,300.000,-1,-1,-1,-1,-1,-1,-1,-1,0,0,2,2,2,2,2,0,0,2,2,2,2,2,2,2,2
262,-18799.453,-11769.502,-243.850,209.143,0,-0.14771,0.34225,-17.726,3.080,425.000,350.000,-1,-1,-1,325.000,-1,275.000,300.000,-1,-1,-1,-1,-1,-1,500.000,-1,0,0,2,2,2,0,2,0,0,2,2,2,2,2,2,0,2
264,-18747.752,-11734.898,-232.974,215.075,0,-0.29089,0.32403,-34.906,2.916,450.000,350.000,-1,-1,-1,325.000,325.000,300.000,300.000,-1,-1,-1,-1,525.000,-1,525.000,-1,0,0,2,2,2,0,0,0,0,2,2,2,2,0,2,0,2
266,-18690.747,-11688.387,-220.326,220.514,0,-0.31208,0.29461,-37.450,2.651,525.000,375.000,-1,-1,-1,325.000,350.000,300.000,325.000,-1,-1,-1,-1,575.000,-1,600.000,-1,0,0,2,2,2,0,0,0,0,2,2,2,2,0,2,0,2
268,-18634.092,-11633.241,-207.913,225.387,0,-0.33547,0.26253,-40.256,2.363,600.000,375.000,-1,425.000,-1,325.000,350.000,300.000,325.000,-1,-1,-1,-1,575.000,-1,650.000,-1,0,0,2,0,2,0,0,0,0,2,2,2,2,0,2,0,2
270,-18577.918,-11569.435,-194.924,229.646,0,-0.36066,0.22780,-43.280,2.050,675.000,375.000,-1,425.000,-1,325.000,350.000,300.000,325.000,-1,-1,-1,-1,600.000,-1,725.000,-1,0,0,2,0,2,0,0,0,0,2,2,2,2,0,2,0,2
272,-18525.466,-11494.751,-181.619,236.987,0,-0.38720,0.46780,-46.464,4.210,775.000,400.000,-1,425.000,-1,325.000,325.000,300.000,325.000,-1,-1,-1,-1,600.000,-1,775.000,-1,0,0,2,0,2,0,0,0,0,2,2,2,2,0,2,0,2
274,-18483.644,-11406.875,-168.901,247.081,0,-0.41169,0.57074,-49.403,5.137,950.000,400.000,-1,425.000,-1,325.000,325.000,300.000,325.000,-1,-1,-1,-1,650.000,775.000,925.000,-1,0,0,2,0,2,0,0,0,0,2,2,2,2,0,0,0,2
276,-18457.602,-11308.570,-157.545,257.888,0,-0.42735,0.61015,-51.282,5.491,-1,400.000,-1,400.000,-1,325.000,325.000,350.000,325.000,-1,-1,-1,-1,675.000,750.000,-1,-1,2,0,2,0,2,0,0,0,0,2,2,2,2,0,0,2,2
278,-18449.573,-11235.274,-150.580,265.631,0,-0.26735,0.37015,-32.082,3.331,-1,400.000,-1,400.000,-1,325.000,325.000,350.000,325.000,950.000,-1,-1,-1,700.000,750.000,-1,-1,2,0,2,0,2,0,0,0,0,1,2,2,2,0,0,2,2
280,-18448.529,-11199.927,-147.583,269.053,0,-0.10735,0.13015,-12.882,1.171,-1,400.000,-1,400.000,-1,325.000,325.000,375.000,325.000,925.000,-1,-1,-1,725.000,750.000,-1,-1,2,0,2,0,2,0,0,0,0,1,2,2,2,0,0,2,2
282,-18448.683,-11202.959,-147.849,268.156,0,0.05265,-0.10985,6.318,-0.989,-1,400.000,-1,400.000,-1,325.000,325.000,350.000,325.000,925.000,-1,-1,-1,725.000,775.000,-1,-1,2,0,2,0,2,0,0,0,0,1,2,2,2,0,0,2,2
284,-18452.083,-11244.250,-151.623,264.602,0,0.21265,-0.19996,25.518,-1.800,-1,400.000,-1,400.000,-1,325.000,325.000,350.000,325.000,975.000,-1,-1,-1,700.000,750.000,-1,-1,2,0,2,0,2,0,0,0,0,1,2,2,2,0,0,2,2
286,-18463.720,-11323.221,-159.513,260.746,0,0.37265,-0.22016,44.718,-1.981,-1,400.000,-1,400.000,-1,325.000,325.000,350.000,325.000,-1,-1,-1,-1,675.000,750.000,-1,-1,2,0,2,0,2,0,0,0,0,2,2,2,2,0,0,2,2
288,-18489.548,-11438.576,-172.258,256.323,0,0.53265,-0.25555,63.918,-2.300,-1,400.000,-1,425.000,-1,325.000,325.000,325.000,325.000,-1,-1,-1,-1,625.000,700.000,925.000,-1,2,0,2,0,2,0,0,0,0,2,2,2,2,0,0,0,2
290,-18536.623,-11586.514,-190.909,251.036,0,0.68146,-0.30793,81.775,-2.771,750.000,350.000,-1,400.000,-1,300.000,325.000,300.000,325.000,-1,-1,-1,-1,550.000,650.000,725.000,-1,0,0,2,0,2,0,0,0,0,2,2,2,2,0,0,0,2
292,-18605.236,-11742.539,-213.513,244.602,0,0.72102,-0.37453,86.523,-3.371,525.000,325.000,-1,375.000,-1,275.000,300.000,300.000,325.000,-1,-1,-1,-1,500.000,600.000,525.000,-1,0,0,2,0,2,0,0,0,0,2,2,2,2,0,0,0,2
294,-18699.175,-11898.014,-239.927,236.878,0,0.77020,-0.44782,92.424,-4.030,325.000,275.000,-1,350.000,-1,250.000,275.000,275.000,325.000,-1,-1,-1,-1,425.000,-1,325.000,-1,0,0,2,0,2,0,0,0,0,2,2,2,2,0,2,0,2
296,-18822.097,-12045.796,-271.802,228.019,0,0.80530,-0.49749,96.636,-4.477,125.000,225.000,-1,300.000,-1,200.000,225.000,225.000,300.000,-1,-1,-1,-1,350.000,-1,150.000,-1,0,0,2,0,2,0,0,0,0,2,2,2,2,0,2,0,2
298,-18898.500,-12173.264,-289.699,219.064,0,0.80530,-0.49749,96.636,-4.477,-1,350.000,-1,-1,-1,300.000,-1,325.000,200.000,-1,0.000,0.000,250.000,-1,-1,-1,-1,2,0,2,2,2,0,2,0,0,2,0,0,0,2,2,2,2
299,-18898.500,-12229.609,-287.215,215.666,0,0.80530,-0.37749,96.636,-3.397,-1,350.000,-1,-1,-1,300.000,-1,325.000,225.000,-1,100.000,0.000,325.000,-1,-1,-1,-1,2,0,2,2,2,0,2,0,0,2,0,0,0,2,2,2,2
