timestep,x_cm,y_cm,z_cm,yaw_deg,teleport_flag,throttle_cmd,steering_cmd,cmd_move_cm,cmd_turn_deg,lidar_cm_0,lidar_cm_1,lidar_cm_2,lidar_cm_3,lidar_cm_4,lidar_cm_5,lidar_cm_6,lidar_cm_7,lidar_cm_8,lidar_cm_9,lidar_cm_10,lidar_cm_11,lidar_cm_12,lidar_cm_13,lidar_cm_14,lidar_cm_15,lidar_cm_16,lidar_class_0,lidar_class_1,lidar_class_2,lidar_class_3,lidar_class_4,lidar_class_5,lidar_class_6,lidar_class_7,lidar_class_8,lidar_class_9,lidar_class_10,lidar_class_11,lidar_class_12,lidar_class_13,lidar_class_14,lidar_class_15,lidar_class_16
0,-404.831,-15956.233,59.311,54.887,1,0.08000,-0.12000,9.600,-1.080,-1,375.000,-1,375.000,-1,325.000,325.000,325.000,300.000,-1,425.000,400.000,-1,700.000,700.000,-1,-1,2,0,2,0,2,0,0,0,0,2,0,0,2,0,1,2,2
2,-375.827,-15917.991,58.246,52.308,0,0.24000,-0.14274,28.800,-1.285,-1,375.000,-1,375.000,-1,325.000,325.000,325.000,300.000,-1,425.000,400.000,-1,700.000,700.000,-1,-1,2,0,2,0,2,0,0,0,0,2,0,0,2,0,1,2,2
4,-320.661,-15851.502,56.460,49.749,0,0.40000,-0.14205,48.000,-1.278,-1,375.000,-1,375.000,-1,325.000,325.000,325.000,300.000,-1,425.000,400.000,-1,700.000,700.000,-1,-1,2,0,2,0,2,0,0,0,0,2,0,0,2,0,1,2,2
6,-236.806,-15759.082,54.014,47.191,0,0.56000,-0.14218,67.200,-1.280,-1,375.000,-1,375.000,-1,300.000,325.000,325.000,300.000,-1,550.000,500.000,-1,700.000,675.000,-1,-1,2,0,2,1,2,0,0,0,0,2,0,0,2,0,1,2,2
8,-121.890,-15643.214,50.992,44.636,0,0.72000,-0.14175,86.400,-1.276,-1,375.000,-1,375.000,-1,300.000,300.000,300.000,300.000,-1,650.000,600.000,-1,675.000,625.000,-1,-1,2,0,2,1,2,0,1,0,0,2,0,0,2,1,1,2,2
10,26.235,-15506.478,47.562,42.113,0,0.88000,-0.13944,105.600,-1.255,-1,350.000,925.000,350.000,-1,300.000,275.000,300.000,300.000,-1,800.000,725.000,-1,550.000,550.000,950.000,1000.000,2,1,1,1,2,1,1,0,0,2,0,0,2,1,1,1,1
12,205.699,-15354.474,44.909,39.675,0,1.00000,-0.13380,120.000,-1.204,-1,300.000,-1,300.000,-1,250.000,250.000,300.000,300.000,-1,575.000,475.000,-1,450.000,450.000,700.000,-1,2,1,2,1,2,1,1,0,0,2,0,0,2,1,1,1,2
14,394.909,-15206.845,47.228,37.412,0,1.00000,-0.12241,120.000,-1.102,-1,250.000,-1,300.000,-1,225.000,225.000,300.000,350.000,-1,0.000,0.000,-1,450.000,725.000,825.000,-1,2,1,2,1,2,1,1,0,0,2,0,0,2,1,1,1,2
16,18734.117,5466.160,-111.305,-10.146,1,0.08000,-0.12000,9.600,-1.080,-1,-1,-1,375.000,-1,-1,325.000,325.000,300.000,-1,-1,-1,-1,-1,-1,-1,-1,2,2,2,0,2,2,0,0,0,2,2,2,2,2,2,2,2
18,18780.622,5454.349,-110.517,-15.546,0,0.24000,-0.36000,28.800,-3.240,-1,-1,-1,-1,-1,-1,-1,325.000,300.000,-1,-1,-1,-1,-1,-1,-1,-1,2,2,2,2,2,2,2,0,0,2,2,2,2,2,2,2,2
20,18860.210,5420.949,-108.415,-25.086,0,0.40000,-0.57999,48.000,-5.220,-1,-1,-1,-1,-1,-1,-1,325.000,300.000,-1,-1,-1,-1,-1,-1,-1,-1,2,2,2,2,2,2,2,0,0,2,2,2,2,2,2,2,2
22,18898.500,5351.991,-104.526,-36.475,0,0.56000,-0.69275,67.200,-6.235,-1,-1,-1,375.000,-1,-1,300.000,325.000,325.000,-1,-1,-1,-1,-1,-1,-1,-1,2,2,2,0,2,2,0,0,0,2,2,2,2,2,2,2,2
24,18898.500,5230.588,-98.017,-52.185,0,0.72000,-0.93275,86.400,-8.395,-1,-1,-1,400.000,-1,325.000,325.000,-1,325.000,-1,-1,-1,-1,-1,800.000,-1,-1,2,2,2,0,2,0,0,2,0,2,2,2,2,2,0,2,2
26,18898.500,5047.820,-88.219,-69.105,0,0.88000,-0.88000,105.600,-7.920,-1,400.000,-1,400.000,-1,325.000,325.000,-1,325.000,-1,-1,-1,-1,-1,800.000,-1,-1,2,0,2,0,2,0,0,2,0,2,2,2,2,2,0,2,2
28,18898.500,4836.110,-77.498,-81.705,0,0.90031,-0.64000,108.037,-5.760,-1,400.000,-1,400.000,-1,325.000,325.000,-1,300.000,-1,-1,-1,-1,-1,750.000,-1,-1,2,0,2,0,2,0,0,2,0,2,2,2,2,2,0,2,2
30,18888.497,4649.431,-69.035,-96.465,0,0.74031,-0.88000,88.837,-7.920,-1,400.000,-1,400.000,-1,325.000,325.000,-1,300.000,-1,-1,-1,-1,775.000,750.000,-1,-1,2,0,2,0,2,0,0,2,0,2,2,2,2,0,0,2,2
32,18835.550,4503.129,-62.949,-114.465,0,0.64027,-1.00000,76.832,-9.000,-1,400.000,-1,400.000,-1,325.000,325.000,300.000,325.000,-1,-1,-1,-1,775.000,775.000,-1,-1,2,0,2,0,2,0,0,0,0,2,2,2,2,0,0,2,2
34,18757.799,4395.219,-58.832,-129.225,0,0.55007,-0.76000,66.009,-6.840,-1,400.000,-1,400.000,-1,325.000,325.000,300.000,325.000,-1,-1,-1,-1,825.000,875.000,-1,-1,2,0,2,0,2,0,0,0,0,2,2,2,2,0,0,2,2
36,18660.819,4305.807,-55.947,-139.665,0,0.55007,-0.52000,66.009,-4.680,-1,400.000,-1,400.000,-1,325.000,325.000,325.000,300.000,-1,-1,-1,-1,800.000,900.000,-1,-1,2,0,2,0,2,0,0,0,0,2,2,2,2,0,0,2,2
38,18553.334,4229.209,-54.335,-145.785,0,0.55007,-0.28000,66.009,-2.520,-1,400.000,-1,425.000,-1,325.000,325.000,300.000,300.000,-1,-1,-1,-1,875.000,950.000,-1,-1,2,0,2,0,2,0,0,0,0,2,2,2,2,0,0,2,2
40,18442.110,4158.091,-52.987,-147.585,0,0.55007,-0.04000,66.009,-0.360,-1,400.000,-1,425.000,-1,325.000,350.000,300.000,300.000,-1,-1,-1,-1,950.000,975.000,-1,-1,2,0,2,0,2,0,0,0,0,2,2,2,2,0,0,2,2
42,18332.721,4084.210,-51.365,-145.065,0,0.55007,0.20000,66.009,1.800,-1,425.000,-1,450.000,-1,350.000,350.000,300.000,300.000,-1,-1,-1,-1,-1,1000.000,-1,-1,2,0,2,0,2,0,0,0,0,2,2,2,2,2,0,2,2
44,18231.234,3999.668,-48.970,-138.225,0,0.55079,0.44000,66.095,3.960,-1,450.000,-1,475.000,-1,350.000,375.000,300.000,325.000,-1,-1,-1,-1,-1,-1,-1,-1,2,0,2,0,2,0,0,0,0,2,2,2,2,2,2,2,2
46,18146.289,3898.888,-45.366,-127.065,0,0.54965,0.68000,65.958,6.120,-1,475.000,-1,500.000,-1,375.000,375.000,325.000,350.000,-1,-1,-1,-1,-1,-1,-1,-1,2,0,2,0,2,0,0,0,0,2,2,2,2,2,2,2,2
48,18089.148,3780.285,-40.301,-111.585,0,0.55007,0.92000,66.009,8.280,-1,475.000,-1,500.000,-1,375.000,400.000,300.000,375.000,-1,-1,-1,-1,-1,-1,-1,-1,2,0,2,0,2,0,0,0,0,2,2,2,2,2,2,2,2
50,18058.115,3622.723,-32.767,-98.265,0,0.71007,0.68000,85.209,6.120,-1,475.000,-1,525.000,-1,400.000,400.000,325.000,400.000,-1,-1,-1,-1,1000.000,-1,-1,-1,2,0,2,0,2,0,0,0,0,2,2,2,2,0,2,2,2
52,18059.992,3437.979,-30.769,-86.469,0,0.77083,0.65533,92.499,5.898,-1,375.000,-1,400.000,-1,325.000,325.000,300.000,400.000,-1,-1,-1,-1,700.000,775.000,-1,-1,2,0,2,0,2,0,0,0,0,2,2,2,2,0,0,2,2
54,18099.596,3257.520,-28.554,-74.673,0,0.77083,0.65533,92.499,5.898,-1,375.000,-1,375.000,-1,300.000,300.000,300.000,350.000,-1,-1,-1,-1,675.000,700.000,-1,-1,2,0,2,0,2,0,0,0,0,2,2,2,2,0,0,2,2
56,18175.254,3088.968,-25.078,-62.877,0,0.77083,0.65533,92.499,5.898,-1,375.000,-1,375.000,-1,300.000,300.000,325.000,325.000,-1,-1,-1,-1,675.000,650.000,-1,-1,2,0,2,0,2,0,0,0,0,2,2,2,2,0,0,2,2
58,18283.771,2939.442,-20.009,-51.081,0,0.77083,0.65533,92.499,5.898,-1,375.000,-1,375.000,-1,300.000,300.000,300.000,325.000,-1,-1,-1,-1,700.000,675.000,-1,-1,2,0,2,0,2,0,0,0,0,2,2,2,2,0,0,2,2
60,18420.563,2815.258,-12.404,-39.285,0,0.77083,0.65533,92.499,5.898,-1,375.000,-1,375.000,-1,325.000,300.000,300.000,325.000,-1,-1,-1,-1,-1,650.000,-1,-1,2,0,2,0,2,0,0,0,0,2,2,2,2,2,0,2,2
62,18579.853,2721.660,-4.175,-27.489,0,0.77083,0.65533,92.499,5.898,-1,400.000,-1,375.000,-1,325.000,300.000,300.000,300.000,-1,-1,-1,-1,-1,675.000,-1,-1,2,0,2,0,2,0,0,0,0,2,2,2,2,2,0,2,2
64,18754.913,2662.602,3.984,-15.693,0,0.77083,0.65533,92.499,5.898,-1,-1,-1,375.000,-1,-1,300.000,300.000,300.000,-1,-1,-1,-1,-1,-1,-1,-1,2,2,2,0,2,2,0,0,0,2,2,2,2,2,2,2,2
66,18898.500,2640.578,9.856,-3.897,0,0.77083,0.65533,92.499,5.898,-1,-1,-1,-1,-1,-1,-1,300.000,300.000,-1,-1,-1,-1,-1,-1,-1,-1,2,2,2,2,2,2,2,0,0,2,2,2,2,2,2,2,2
68,18898.500,2654.056,9.343,6.514,0,0.77083,0.51843,92.499,4.666,-1,-1,-1,-1,-1,-1,-1,300.000,300.000,-1,-1,-1,-1,-1,-1,-1,-1,2,2,2,2,2,2,2,0,0,2,2,2,2,2,2,2,2
70,18898.500,2698.088,7.671,16.926,0,0.69812,0.51843,83.775,4.666,-1,-1,-1,-1,-1,-1,-1,300.000,300.000,-1,-1,-1,-1,-1,-1,-1,-1,2,2,2,2,2,2,2,0,0,2,2,2,2,2,2,2,2
72,18898.500,2760.200,5.314,23.018,0,0.69812,0.27843,83.775,2.506,-1,-1,-1,-1,-1,-1,-1,300.000,300.000,-1,-1,-1,-1,-1,-1,-1,-1,2,2,2,2,2,2,2,0,0,2,2,2,2,2,2,2,2
74,18898.500,2834.016,2.513,24.789,0,0.77812,0.03843,93.375,0.346,-1,-1,-1,-1,-1,-1,-1,300.000,300.000,-1,-1,-1,-1,-1,-1,-1,-1,2,2,2,2,2,2,2,0,0,2,2,2,2,2,2,2,2
76,18898.500,2916.779,-0.627,22.241,0,0.89805,-0.20157,107.766,-1.814,-1,-1,-1,-1,-1,-1,-1,275.000,300.000,-1,-1,-1,-1,-1,-1,-1,-1,2,2,2,2,2,2,2,0,0,2,2,2,2,2,2,2,2
78,18898.500,2982.740,-2.896,17.806,0,0.81805,-0.18641,98.166,-1.678,-1,-1,-1,-1,-1,-1,-1,300.000,275.000,-1,-1,-1,-1,-1,-1,-1,-1,2,2,2,2,2,2,2,0,0,2,2,2,2,2,2,2,2
80,18898.500,3032.937,-4.424,17.690,0,0.65805,0.05359,78.966,0.482,-1,-1,-1,-1,-1,-1,-1,300.000,300.000,-1,-1,-1,-1,-1,-1,-1,-1,2,2,2,2,2,2,2,0,0,2,2,2,2,2,2,2,2
82,18898.500,3082.473,-5.931,19.735,0,0.65805,0.05359,78.966,0.482,-1,-1,-1,-1,-1,-1,-1,300.000,300.000,-1,-1,-1,-1,-1,-1,-1,-1,2,2,2,2,2,2,2,0,0,2,2,2,2,2,2,2,2
84,18898.500,3145.718,-7.856,20.153,0,0.81805,0.08323,98.166,0.749,-1,-1,-1,-1,-1,-1,-1,300.000,300.000,-1,-1,-1,-1,-1,-1,-1,-1,2,2,2,2,2,2,2,0,0,2,2,2,2,2,2,2,2
86,18898.500,3213.247,-9.910,18.518,0,0.81443,-0.15085,97.732,-1.358,-1,-1,-1,-1,-1,-1,-1,300.000,300.000,-1,-1,-1,-1,-1,-1,-1,-1,2,2,2,2,2,2,2,0,0,2,2,2,2,2,2,2,2
88,18898.500,3274.091,-11.762,19.042,0,0.79315,0.08915,95.178,0.802,-1,-1,-1,-1,-1,-1,-1,300.000,300.000,-1,-1,-1,-1,-1,-1,-1,-1,2,2,2,2,2,2,2,0,0,2,2,2,2,2,2,2,2
90,18898.500,3339.800,-13.761,19.567,0,0.87315,0.08915,104.778,0.802,-1,-1,-1,-1,-1,-1,-1,325.000,300.000,-1,-1,-1,-1,-1,-1,-1,-1,2,2,2,2,2,2,2,0,0,2,2,2,2,2,2,2,2
92,18898.500,3418.439,-16.154,20.664,0,0.92871,0.00091,111.445,0.008,-1,-1,-1,-1,-1,-1,-1,325.000,300.000,-1,-1,-1,-1,-1,-1,-1,-1,2,2,2,2,2,2,2,0,0,2,2,2,2,2,2,2,2
94,18898.500,3486.394,-18.222,17.477,0,0.84871,-0.23498,101.845,-2.115,-1,-1,-1,-1,-1,-1,-1,325.000,300.000,-1,-1,-1,-1,-1,-1,-1,-1,2,2,2,2,2,2,2,0,0,2,2,2,2,2,2,2,2
96,18898.500,3540.425,-19.866,16.487,0,0.79431,0.00502,95.318,0.045,-1,-1,-1,-1,-1,-1,-1,325.000,300.000,-1,-1,-1,-1,-1,-1,-1,-1,2,2,2,2,2,2,2,0,0,2,2,2,2,2,2,2,2
98,18898.500,3595.266,-21.360,17.658,0,0.71431,0.00502,85.718,0.045,-1,-1,-1,-1,-1,-1,-1,300.000,325.000,-1,-1,-1,-1,-1,-1,-1,-1,2,2,2,2,2,2,2,0,0,2,2,2,2,2,2,2,2
100,18898.500,3635.830,-23.166,16.408,0,0.55431,-0.02390,66.518,-0.215,-1,-1,-1,-1,-1,-1,-1,300.000,325.000,-1,-1,-1,-1,-1,-1,-1,-1,2,2,2,2,2,2,2,0,0,2,2,2,2,2,2,2,2
102,18898.500,3669.731,-24.676,15.478,0,0.55431,-0.11164,66.518,-1.005,-1,-1,-1,-1,-1,-1,-1,300.000,325.000,-1,-1,-1,-1,-1,-1,-1,-1,2,2,2,2,2,2,2,0,0,2,2,2,2,2,2,2,2
104,18898.500,3702.562,-26.138,10.229,0,0.71328,-0.35164,85.593,-3.165,-1,-1,-1,-1,-1,-1,-1,300.000,325.000,-1,-1,-1,-1,-1,-1,-1,-1,2,2,2,2,2,2,2,0,0,2,2,2,2,2,2,2,2
106,18898.500,3716.167,-26.744,2.819,0,0.79328,-0.35164,95.193,-3.165,-1,-1,-1,-1,-1,-1,-1,300.000,325.000,-1,-1,-1,-1,-1,-1,-1,-1,2,2,2,2,2,2,2,0,0,2,2,2,2,2,2,2,2
108,18898.500,3713.163,-26.611,-2.430,0,0.84626,-0.35164,101.552,-3.165,-1,-1,-1,-1,-1,-1,-1,300.000,325.000,-1,-1,-1,-1,-1,-1,-1,-1,2,2,2,2,2,2,2,0,0,2,2,2,2,2,2,2,2
110,18898.500,3685.519,-25.380,-9.091,0,0.87026,-0.31003,104.432,-2.790,-1,-1,-1,-1,-1,-1,-1,300.000,325.000,-1,-1,-1,-1,-1,-1,-1,-1,2,2,2,2,2,2,2,0,0,2,2,2,2,2,2,2,2
112,18898.500,3645.251,-23.586,-11.431,0,0.87026,-0.07003,104.432,-0.630,-1,-1,-1,-1,-1,-1,-1,300.000,325.000,-1,-1,-1,-1,-1,-1,-1,-1,2,2,2,2,2,2,2,0,0,2,2,2,2,2,2,2,2
114,18898.500,3604.614,-21.777,-11.612,0,0.85885,-0.07003,103.063,-0.630,-1,-1,-1,-1,-1,-1,-1,300.000,325.000,-1,-1,-1,-1,-1,-1,-1,-1,2,2,2,2,2,2,2,0,0,2,2,2,2,2,2,2,2
116,18898.500,3552.265,-20.223,-16.112,0,0.85885,-0.31003,103.063,-2.790,-1,-1,-1,-1,-1,-1,-1,325.000,300.000,-1,-1,-1,-1,-1,-1,-1,-1,2,2,2,2,2,2,2,0,0,2,2,2,2,2,2,2,2
118,18898.500,3480.868,-18.050,-22.772,0,0.77885,-0.31003,93.463,-2.790,-1,-1,-1,-1,-1,-1,-1,325.000,325.000,-1,-1,-1,-1,-1,-1,-1,-1,2,2,2,2,2,2,2,0,0,2,2,2,2,2,2,2,2
120,18898.500,3414.231,-16.022,-25.113,0,0.62604,-0.07003,75.125,-0.630,-1,-1,-1,-1,-1,-1,-1,325.000,325.000,-1,-1,-1,-1,-1,-1,-1,-1,2,2,2,2,2,2,2,0,0,2,2,2,2,2,2,2,2
122,18898.500,3349.597,-14.056,-23.133,0,0.70604,0.16997,84.725,1.530,-1,-1,-1,-1,-1,-1,-1,325.000,300.000,-1,-1,-1,-1,-1,-1,-1,-1,2,2,2,2,2,2,2,0,0,2,2,2,2,2,2,2,2
124,18898.500,3287.737,-12.174,-16.834,0,0.82844,0.40997,99.413,3.690,-1,-1,-1,-1,-1,-1,-1,325.000,300.000,-1,-1,-1,-1,-1,-1,-1,-1,2,2,2,2,2,2,2,0,0,2,2,2,2,2,2,2,2
126,18898.500,3251.083,-11.059,-8.374,0,0.90844,0.40997,109.013,3.690,-1,-1,-1,-1,-1,-1,-1,325.000,300.000,-1,-1,-1,-1,-1,-1,-1,-1,2,2,2,2,2,2,2,0,0,2,2,2,2,2,2,2,2
128,18898.500,3231.246,-10.456,-4.235,0,0.94847,0.16997,113.817,1.530,-1,-1,-1,-1,-1,-1,-1,325.000,300.000,-1,-1,-1,-1,-1,-1,-1,-1,2,2,2,2,2,2,2,0,0,2,2,2,2,2,2,2,2
130,18898.500,3219.563,-10.100,-3.042,0,0.86847,0.00626,104.217,0.056,-1,-1,-1,-1,-1,-1,-1,325.000,300.000,-1,-1,-1,-1,-1,-1,-1,-1,2,2,2,2,2,2,2,0,0,2,2,2,2,2,2,2,2
132,18898.500,3204.854,-9.653,-4.354,0,0.83485,-0.03203,100.182,-0.288,-1,-1,-1,-1,-1,-1,-1,325.000,300.000,-1,-1,-1,-1,-1,-1,-1,-1,2,2,2,2,2,2,2,0,0,2,2,2,2,2,2,2,2
134,18898.500,3179.732,-8.888,-8.171,0,0.88732,-0.27203,106.478,-2.448,-1,-1,-1,-1,-1,-1,-1,325.000,300.000,-1,-1,-1,-1,-1,-1,-1,-1,2,2,2,2,2,2,2,0,0,2,2,2,2,2,2,2,2
136,18898.500,3131.727,-7.427,-14.363,0,0.88732,-0.29603,106.478,-2.664,-1,-1,-1,-1,-1,-1,-1,325.000,300.000,-1,-1,-1,-1,-1,-1,-1,-1,2,2,2,2,2,2,2,0,0,2,2,2,2,2,2,2,2
138,18898.500,3070.813,-5.573,-16.644,0,0.92109,-0.07736,110.530,-0.696,-1,-1,-1,-1,-1,-1,-1,325.000,300.000,-1,-1,-1,-1,-1,-1,-1,-1,2,2,2,2,2,2,2,0,0,2,2,2,2,2,2,2,2
140,18898.500,2998.508,-3.373,-19.766,0,0.92109,-0.14954,110.530,-1.346,-1,-1,-1,-1,-1,-1,-1,325.000,300.000,-1,-1,-1,-1,-1,-1,-1,-1,2,2,2,2,2,2,2,0,0,2,2,2,2,2,2,2,2
142,18898.500,2914.820,-0.549,-23.538,0,0.87516,-0.14954,105.019,-1.346,-1,-1,-1,-1,-1,-1,-1,300.000,325.000,-1,600.000,-1,-1,-1,-1,-1,-1,2,2,2,2,2,2,2,0,0,2,0,2,2,2,2,2,2
144,18898.500,2817.178,3.156,-29.469,0,0.87516,-0.38954,105.019,-3.506,-1,-1,-1,-1,-1,-1,-1,300.000,325.000,-1,550.000,-1,-1,-1,-1,-1,-1,2,2,2,2,2,2,2,0,0,2,0,2,2,2,2,2,2
146,18898.500,2689.413,8.004,-39.721,0,0.89920,-0.62954,107.904,-5.666,-1,-1,-1,375.000,-1,-1,300.000,325.000,300.000,-1,500.000,575.000,-1,-1,-1,-1,-1,2,2,2,0,2,2,0,0,0,2,0,0,2,2,2,2,2
148,18898.500,2534.090,13.897,-47.813,0,0.89920,-0.38954,107.904,-3.506,-1,-1,-1,350.000,-1,-1,300.000,-1,300.000,-1,500.000,550.000,-1,-1,625.000,-1,-1,2,2,2,0,2,2,0,2,0,2,0,0,2,2,0,2,2
150,18898.500,2373.433,19.993,-51.997,0,0.81920,-0.17249,98.304,-1.552,-1,-1,-1,350.000,-1,300.000,275.000,-1,275.000,-1,550.000,575.000,-1,-1,625.000,-1,-1,2,2,2,0,2,0,0,2,0,2,0,0,2,2,0,2,2
152,18898.500,2235.382,27.197,-56.182,0,0.65920,-0.17249,79.104,-1.552,-1,-1,-1,400.000,-1,325.000,325.000,-1,300.000,-1,50.000,100.000,-1,-1,800.000,-1,-1,2,2,2,0,2,0,0,2,0,2,0,0,2,2,0,2,2
154,18898.500,2110.085,36.032,-58.207,0,0.65920,-0.17249,79.104,-1.552,-1,-1,-1,400.000,-1,325.000,325.000,-1,300.000,-1,175.000,225.000,-1,-1,825.000,-1,-1,2,2,2,0,2,0,0,2,0,2,0,0,2,2,0,2,2
156,18898.500,1957.658,46.780,-60.232,0,0.73751,-0.17249,88.501,-1.552,-1,-1,-1,400.000,-1,325.000,325.000,-1,300.000,-1,325.000,375.000,-1,-1,850.000,-1,-1,2,2,2,0,2,0,0,2,0,2,0,0,2,2,0,2,2
158,18898.500,1793.954,58.324,-61.319,0,0.81751,-0.00037,98.101,-0.003,-1,-1,-1,425.000,-1,325.000,325.000,-1,300.000,-1,500.000,550.000,-1,-1,900.000,-1,-1,2,2,2,0,2,0,0,2,0,2,0,0,2,2,0,2,2
160,18898.500,1604.544,71.188,-59.626,0,0.92642,0.06841,111.170,0.616,-1,-1,-1,400.000,-1,325.000,325.000,-1,300.000,-1,-1,-1,-1,-1,850.000,-1,-1,2,2,2,0,2,0,0,2,0,2,2,2,2,2,0,2,2
162,18898.500,1416.931,81.805,-55.155,0,0.94844,0.30841,113.813,2.776,-1,-1,-1,425.000,-1,325.000,325.000,-1,300.000,-1,-1,-1,-1,-1,900.000,-1,-1,2,2,2,0,2,0,0,2,0,2,2,2,2,2,0,2,2
164,18898.500,1234.781,92.113,-52.844,0,0.94844,0.06841,113.813,0.616,-1,-1,-1,425.000,-1,325.000,350.000,-1,300.000,-1,-1,-1,-1,-1,-1,-1,-1,2,2,2,0,2,0,0,2,0,2,2,2,2,2,2,2,2
166,18898.500,1060.629,101.968,-52.692,0,0.86844,0.06841,104.213,0.616,-1,-1,-1,450.000,-1,350.000,350.000,-1,325.000,-1,-1,-1,-1,-1,-1,-1,-1,2,2,2,0,2,0,0,2,0,2,2,2,2,2,2,2,2
168,18898.500,923.708,108.115,-48.221,0,0.70844,0.30841,85.013,2.776,-1,-1,-1,400.000,-1,-1,325.000,-1,300.000,-1,-1,-1,-1,-1,-1,-1,-1,2,2,2,0,2,2,0,2,0,2,2,2,2,2,2,2,2
170,18898.500,816.226,111.339,-40.093,0,0.70844,0.47472,85.013,4.272,-1,-1,-1,425.000,-1,-1,325.000,325.000,300.000,-1,-1,-1,-1,-1,-1,-1,-1,2,2,2,0,2,2,0,0,0,2,2,2,2,2,2,2,2
172,18898.500,710.579,114.509,-29.762,0,0.86844,0.55321,104.213,4.979,-1,-1,-1,-1,-1,-1,-1,325.000,300.000,-1,-1,-1,-1,-1,-1,-1,-1,2,2,2,2,2,2,2,0,0,2,2,2,2,2,2,2,2
174,18898.500,633.394,116.825,-18.724,0,0.85484,0.55321,102.580,4.979,-1,-1,-1,-1,-1,-1,-1,325.000,325.000,-1,-1,-1,-1,-1,-1,-1,-1,2,2,2,2,2,2,2,0,0,2,2,2,2,2,2,2,2
176,18898.500,585.809,118.253,-12.006,0,0.85484,0.31321,102.580,2.819,-1,-1,-1,-1,-1,-1,-1,325.000,325.000,-1,-1,-1,-1,-1,-1,-1,-1,2,2,2,2,2,2,2,0,0,2,2,2,2,2,2,2,2
178,18898.500,555.461,119.163,-8.218,0,0.77484,0.15046,92.980,1.354,-1,-1,-1,-1,-1,-1,-1,300.000,325.000,-1,-1,-1,-1,-1,-1,-1,-1,2,2,2,2,2,2,2,0,0,2,2,2,2,2,2,2,2
180,18898.500,539.439,119.644,-4.430,0,0.65336,0.27041,78.404,2.434,-1,-1,-1,-1,-1,-1,-1,300.000,350.000,-1,-1,-1,-1,-1,-1,-1,-1,2,2,2,2,2,2,2,0,0,2,2,2,2,2,2,2,2
182,18898.500,540.006,119.627,1.517,0,0.57336,0.27041,68.804,2.434,-1,-1,-1,-1,-1,-1,-1,325.000,350.000,-1,-1,-1,-1,-1,-1,-1,-1,2,2,2,2,2,2,2,0,0,2,2,2,2,2,2,2,2
184,18898.500,545.691,119.457,3.144,0,0.41336,0.03041,49.604,0.274,-1,-1,-1,-1,-1,-1,-1,325.000,350.000,-1,-1,-1,-1,-1,-1,-1,-1,2,2,2,2,2,2,2,0,0,2,2,2,2,2,2,2,2
186,18898.500,549.583,119.340,2.612,0,0.41336,0.03041,49.604,0.274,-1,-1,-1,-1,-1,-1,-1,325.000,350.000,-1,-1,-1,-1,-1,-1,-1,-1,2,2,2,2,2,2,2,0,0,2,2,2,2,2,2,2,2
188,18898.500,561.345,118.987,6.399,0,0.57336,0.27041,68.804,2.434,-1,-1,-1,-1,-1,-1,-1,325.000,350.000,-1,-1,-1,-1,-1,-1,-1,-1,2,2,2,2,2,2,2,0,0,2,2,2,2,2,2,2,2
190,18898.500,593.659,118.018,12.346,0,0.73336,0.27041,88.004,2.434,-1,-1,-1,-1,-1,-1,-1,325.000,325.000,-1,-1,-1,-1,-1,-1,-1,-1,2,2,2,2,2,2,2,0,0,2,2,2,2,2,2,2,2
192,18898.500,653.980,116.208,18.293,0,0.89331,0.27041,107.197,2.434,-1,-1,-1,-1,-1,-1,-1,325.000,325.000,-1,-1,-1,-1,-1,-1,-1,-1,2,2,2,2,2,2,2,0,0,2,2,2,2,2,2,2,2
194,18898.500,723.276,114.129,19.921,0,0.81331,0.03041,97.597,0.274,-1,-1,-1,-1,-1,-1,-1,325.000,325.000,-1,-1,-1,-1,-1,-1,-1,-1,2,2,2,2,2,2,2,0,0,2,2,2,2,2,2,2,2
196,18898.500,777.927,112.489,17.228,0,0.72692,-0.20959,87.231,-1.886,-1,-1,-1,-1,-1,-1,-1,325.000,325.000,-1,-1,-1,-1,-1,-1,-1,-1,2,2,2,2,2,2,2,0,0,2,2,2,2,2,2,2,2
198,18898.500,817.729,111.295,12.375,0,0.71204,-0.20959,85.445,-1.886,-1,-1,-1,-1,-1,-1,-1,325.000,300.000,-1,-1,-1,-1,-1,-1,-1,-1,2,2,2,2,2,2,2,0,0,2,2,2,2,2,2,2,2
200,18898.500,852.401,110.255,11.843,0,0.71204,0.03041,85.445,0.274,-1,-1,-1,-1,-1,-1,-1,350.000,300.000,-1,-1,-1,-1,-1,-1,-1,-1,2,2,2,2,2,2,2,0,0,2,2,2,2,2,2,2,2
202,18898.500,887.207,109.210,11.310,0,0.78394,0.03041,94.073,0.274,-1,-1,-1,-1,-1,-1,-1,350.000,300.000,-1,-1,-1,-1,-1,-1,-1,-1,2,2,2,2,2,2,2,0,0,2,2,2,2,2,2,2,2
204,18898.500,932.333,107.856,15.097,0,0.78394,0.27041,94.073,2.434,-1,-1,-1,-1,-1,-1,-1,350.000,300.000,-1,-1,-1,-1,-1,-1,-1,-1,2,2,2,2,2,2,2,0,0,2,2,2,2,2,2,2,2
206,18898.500,988.494,106.048,18.885,0,0.76003,0.27041,91.204,2.434,-1,-1,-1,-1,-1,-1,-1,300.000,350.000,-1,-1,-1,-1,-1,-1,-1,-1,2,2,2,2,2,2,2,0,0,2,2,2,2,2,2,2,2
208,18898.500,1064.641,101.739,26.992,0,0.76003,0.51041,91.204,4.594,-1,-1,-1,-1,-1,-1,-1,300.000,350.000,-1,-1,-1,-1,-1,-1,-1,-1,2,2,2,2,2,2,2,0,0,2,2,2,2,2,2,2,2
210,18898.500,1163.272,96.157,37.259,0,0.68003,0.51041,81.604,4.594,-1,400.000,-1,-1,-1,325.000,-1,300.000,325.000,-1,-1,-1,-1,-1,-1,-1,-1,2,0,2,2,2,0,2,0,0,2,2,2,2,2,2,2,2
212,18898.500,1254.702,90.983,45.367,0,0.52003,0.51041,62.404,4.594,-1,400.000,-1,-1,-1,325.000,-1,300.000,325.000,-1,-1,-1,-1,-1,-1,-1,-1,2,0,2,2,2,0,2,0,0,2,2,2,2,2,2,2,2
214,18898.500,1347.273,85.745,55.634,0,0.52003,0.51041,62.404,4.594,-1,400.000,-1,-1,-1,325.000,325.000,300.000,-1,-1,-1,-1,-1,800.000,-1,-1,-1,2,0,2,2,2,0,0,0,2,2,2,2,2,0,2,2,2
216,18898.500,1484.927,77.955,65.901,0,0.68003,0.51041,81.604,4.594,-1,425.000,-1,-1,-1,325.000,325.000,300.000,-1,-1,-1,-1,-1,800.000,-1,-1,-1,2,0,2,2,2,0,0,0,2,2,2,2,2,0,2,2,2
218,18898.500,1666.370,67.317,72.359,0,0.84003,0.32706,100.804,2.944,-1,400.000,-1,400.000,-1,325.000,325.000,300.000,-1,-1,-1,-1,-1,700.000,-1,-1,-1,2,0,2,0,2,0,0,0,2,2,2,2,2,0,2,2,2
220,18898.500,1875.447,52.575,77.306,0,0.89664,0.21485,107.597,1.934,-1,375.000,-1,375.000,-1,300.000,300.000,300.000,-1,-1,-1,-1,-1,650.000,-1,-1,-1,2,0,2,0,2,0,0,0,2,2,2,2,2,0,2,2,2
222,18898.500,2076.587,38.391,77.933,0,0.81664,-0.02515,97.997,-0.226,1000.000,350.000,-1,375.000,-1,300.000,300.000,300.000,-1,-1,-1,-1,-1,625.000,-1,-1,-1,0,0,2,0,2,0,0,0,2,2,2,2,2,0,2,2,2
224,18898.500,2262.117,25.309,78.561,0,0.78840,-0.02515,94.608,-0.226,825.000,325.000,-1,350.000,-1,275.000,275.000,300.000,-1,-1,-1,-1,-1,575.000,-1,900.000,-1,0,0,2,0,2,0,0,0,2,2,2,2,2,0,2,0,2
226,18898.500,2457.472,16.800,79.188,0,0.86840,-0.02515,104.208,-0.226,-1,375.000,-1,400.000,-1,325.000,325.000,300.000,-1,-1,200.000,150.000,-1,725.000,-1,-1,-1,2,0,2,0,2,0,0,0,2,2,0,0,2,0,2,2,2
228,18898.500,2667.889,8.816,81.086,0,0.88880,0.11600,106.657,1.044,-1,375.000,-1,400.000,-1,325.000,325.000,300.000,-1,-1,450.000,375.000,-1,700.000,-1,-1,-1,2,0,2,0,2,0,0,0,2,2,0,0,2,0,2,2,2
230,18898.500,2869.381,1.171,82.094,0,0.80880,0.11600,97.057,1.044,-1,375.000,-1,400.000,-1,300.000,325.000,300.000,-1,-1,700.000,600.000,-1,725.000,-1,-1,-1,2,0,2,0,2,0,0,0,2,2,0,0,2,0,2,2,2
232,18898.500,3034.170,-4.462,87.421,0,0.64880,0.35600,77.857,3.204,-1,400.000,-1,400.000,-1,325.000,325.000,300.000,-1,-1,625.000,550.000,-1,775.000,850.000,-1,-1,2,0,2,0,2,0,0,0,2,2,0,0,2,0,0,2,2
234,18897.699,3180.277,-8.922,90.589,0,0.64880,0.11600,77.857,1.044,-1,400.000,-1,400.000,-1,325.000,325.000,300.000,-1,-1,750.000,650.000,-1,800.000,825.000,-1,-1,2,0,2,0,2,0,0,0,2,2,0,0,2,0,0,2,2
236,18897.807,3364.781,-14.530,89.437,0,0.80880,-0.12400,97.057,-1.116,-1,400.000,-1,425.000,-1,325.000,325.000,300.000,-1,-1,950.000,850.000,-1,850.000,825.000,-1,-1,2,0,2,0,2,0,0,0,2,2,0,0,2,0,0,2,2
238,18898.500,3565.891,-20.641,86.125,0,0.83940,-0.12400,100.729,-1.116,-1,425.000,-1,425.000,-1,350.000,350.000,325.000,-1,-1,-1,-1,-1,875.000,825.000,-1,-1,2,0,2,0,2,0,0,0,2,2,2,2,2,0,0,2,2
240,18898.500,3766.988,-29.007,87.133,0,0.83940,0.11600,100.729,1.044,-1,400.000,-1,400.000,-1,325.000,325.000,325.000,-1,-1,-1,-1,-1,775.000,750.000,-1,-1,2,0,2,0,2,0,0,0,2,2,2,2,2,0,0,2,2
242,18895.249,3988.710,-38.906,91.672,0,0.92885,0.31212,111.462,2.809,-1,400.000,-1,400.000,-1,325.000,325.000,325.000,-1,-1,-1,-1,-1,800.000,750.000,-1,-1,2,0,2,0,2,0,0,0,2,2,2,2,2,0,0,2,2
244,18864.079,4209.233,-49.047,100.530,0,0.92885,0.55212,111.462,4.969,-1,400.000,-1,400.000,-1,325.000,325.000,325.000,-1,-1,-1,-1,-1,800.000,775.000,-1,-1,2,0,2,0,2,0,0,0,2,2,2,2,2,0,0,2,2
246,18809.647,4401.627,-58.527,107.228,0,0.81787,0.31212,98.144,2.809,-1,400.000,-1,400.000,-1,325.000,325.000,325.000,300.000,-1,-1,-1,-1,775.000,775.000,-1,-1,2,0,2,0,2,0,0,0,0,2,2,2,2,0,0,2,2
248,18744.832,4586.903,-68.057,109.606,0,0.81787,0.07212,98.144,0.649,-1,400.000,-1,400.000,-1,325.000,325.000,325.000,300.000,-1,-1,-1,-1,750.000,775.000,-1,-1,2,0,2,0,2,0,0,0,0,2,2,2,2,0,0,2,2
250,18682.747,4773.335,-77.870,107.664,0,0.81977,-0.16788,98.372,-1.511,-1,375.000,-1,400.000,-1,325.000,325.000,300.000,325.000,-1,-1,-1,-1,725.000,775.000,-1,-1,2,0,2,0,2,0,0,0,0,2,2,2,2,0,0,2,2
252,18634.662,4965.846,-88.097,102.840,0,0.82882,-0.26386,99.458,-2.375,-1,375.000,-1,400.000,-1,325.000,325.000,300.000,325.000,-1,-1,-1,-1,725.000,800.000,-1,-1,2,0,2,0,2,0,0,0,0,2,2,2,2,0,0,2,2
254,18601.960,5162.625,-97.996,98.328,0,0.83163,-0.24616,99.796,-2.215,-1,400.000,-1,400.000,-1,325.000,325.000,300.000,325.000,-1,-1,-1,-1,750.000,850.000,-1,-1,2,0,2,0,2,0,0,0,0,2,2,2,2,0,0,2,2
256,18584.091,5360.957,-107.496,94.102,0,0.82887,-0.23216,99.464,-2.089,-1,400.000,-1,425.000,-1,325.000,325.000,300.000,325.000,-1,-1,-1,-1,800.000,900.000,-1,-1,2,0,2,0,2,0,0,0,0,2,2,2,2,0,0,2,2
258,18580.554,5558.672,-116.710,90.002,0,0.82226,-0.22678,98.671,-2.041,-1,400.000,-1,425.000,-1,325.000,350.000,300.000,300.000,-1,-1,-1,-1,875.000,950.000,-1,-1,2,0,2,0,2,0,0,0,0,2,2,2,2,0,0,2,2
260,18590.986,5754.276,-127.742,85.923,0,0.81433,-0.22705,97.719,-2.043,-1,400.000,-1,425.000,-1,325.000,325.000,300.000,300.000,-1,-1,-1,-1,850.000,875.000,-1,-1,2,0,2,0,2,0,0,0,0,2,2,2,2,0,0,2,2
262,18615.280,5946.949,-138.873,81.764,0,0.80785,-0.23283,96.942,-2.095,-1,425.000,-1,425.000,-1,350.000,350.000,300.000,300.000,-1,-1,-1,-1,850.000,875.000,-1,-1,2,0,2,0,2,0,0,0,0,2,2,2,2,0,0,2,2
264,18653.720,6136.377,-150.041,77.431,0,0.80513,-0.24373,96.616,-2.194,-1,450.000,-1,450.000,-1,350.000,350.000,300.000,300.000,-1,-1,-1,-1,850.000,850.000,-1,-1,2,0,2,0,2,0,0,0,0,2,2,2,2,0,0,2,2
266,18707.058,6322.447,-163.797,72.839,0,0.80768,-0.25928,96.922,-2.334,-1,375.000,-1,400.000,-1,325.000,325.000,300.000,300.000,-1,-1,-1,-1,675.000,700.000,-1,-1,2,0,2,0,2,0,0,0,0,2,2,2,2,0,0,2,2
268,18776.510,6504.916,-179.980,67.910,0,0.81620,-0.27903,97.944,-2.511,-1,375.000,-1,375.000,-1,300.000,300.000,300.000,300.000,-1,-1,-1,-1,650.000,-1,-1,-1,2,0,2,0,2,0,0,0,0,2,2,2,2,0,2,2,2
270,18862.221,6681.448,-195.670,62.833,0,0.81787,-0.28208,98.144,-2.539,875.000,350.000,-1,375.000,-1,300.000,300.000,300.000,300.000,-1,-1,-1,-1,600.000,-1,875.000,-1,0,0,2,0,2,0,0,0,0,2,2,2,2,0,2,0,2
272,18898.500,6848.701,-210.171,56.675,0,0.81787,-0.40208,98.144,-3.619,675.000,325.000,-1,-1,-1,275.000,275.000,275.000,-1,-1,-1,-1,-1,550.000,-1,725.000,-1,0,0,2,2,2,0,0,0,2,2,2,2,2,0,2,0,2
274,18898.500,7006.287,-219.407,52.678,0,0.81787,-0.16208,98.144,-1.459,-1,375.000,-1,-1,-1,325.000,325.000,300.000,300.000,-1,250.000,150.000,-1,650.000,-1,-1,-1,2,0,2,2,2,0,0,0,0,2,0,0,2,0,2,2,2
276,18898.500,7132.706,-225.723,46.521,0,0.67128,-0.40208,80.554,-3.619,-1,375.000,-1,-1,-1,300.000,-1,300.000,300.000,-1,450.000,350.000,-1,650.000,-1,-1,-1,2,0,2,2,2,0,2,0,0,2,0,0,2,0,2,2,2
278,18898.500,7235.804,-230.874,37.811,0,0.67128,-0.44571,80.554,-4.011,-1,350.000,-1,-1,-1,300.000,-1,275.000,300.000,-1,750.000,600.000,-1,-1,-1,-1,-1,2,0,2,2,2,0,2,0,0,2,0,0,2,2,2,2,2
280,18898.500,7330.143,-235.588,27.207,0,0.83128,-0.61243,99.754,-5.512,-1,-1,-1,-1,-1,-1,-1,275.000,300.000,-1,-1,975.000,-1,-1,-1,-1,-1,2,2,2,2,2,2,2,0,0,2,2,0,2,2,2,2,2
282,18898.500,7393.231,-238.741,12.944,0,0.91464,-0.85243,109.756,-7.672,-1,-1,-1,-1,-1,-1,-1,250.000,300.000,-1,-1,-1,-1,-1,-1,-1,-1,2,2,2,2,2,2,2,0,0,2,2,2,2,2,2,2,2
284,18898.500,7405.751,-239.366,0.840,0,0.81842,-0.61243,98.211,-5.512,-1,-1,-1,-1,-1,-1,-1,250.000,300.000,-1,-1,-1,-1,-1,-1,-1,-1,2,2,2,2,2,2,2,0,0,2,2,2,2,2,2,2,2
286,18898.500,7387.725,-238.466,-6.944,0,0.81842,-0.37243,98.211,-3.352,-1,-1,-1,-1,-1,-1,-1,250.000,300.000,-1,900.000,-1,-1,-1,-1,-1,-1,2,2,2,2,2,2,2,0,0,2,0,2,2,2,2,2,2
288,18898.500,7355.670,-236.864,-10.407,0,0.78383,-0.13243,94.059,-1.192,-1,-1,-1,-1,-1,-1,-1,275.000,300.000,-1,850.000,-1,-1,-1,-1,-1,-1,2,2,2,2,2,2,2,0,0,2,0,2,2,2,2,2,2
290,18898.500,7309.049,-234.535,-16.031,0,0.78383,-0.37243,94.059,-3.352,-1,-1,-1,-1,-1,-1,-1,275.000,300.000,-1,800.000,950.000,-1,-1,-1,-1,-1,2,2,2,2,2,2,2,0,0,2,0,0,2,2,2,2,2
292,18898.500,7243.354,-231.252,-19.495,0,0.84515,-0.13243,101.418,-1.192,-1,-1,-1,-1,-1,-1,-1,275.000,300.000,-1,825.000,975.000,-1,-1,-1,-1,-1,2,2,2,2,2,2,2,0,0,2,0,0,2,2,2,2,2
294,18898.500,7176.909,-227.932,-18.639,0,0.84515,0.10757,101.418,0.968,-1,-1,-1,-1,-1,-1,-1,300.000,275.000,-1,950.000,-1,-1,-1,-1,-1,-1,2,2,2,2,2,2,2,0,0,2,0,2,2,2,2,2,2
296,18898.500,7128.552,-225.516,-15.622,0,0.68515,0.10757,82.218,0.968,-1,-1,-1,-1,-1,-1,-1,300.000,275.000,-1,-1,-1,-1,-1,-1,-1,-1,2,2,2,2,2,2,2,0,0,2,2,2,2,2,2,2,2
298,18898.500,7092.620,-223.721,-14.933,0,0.52515,0.08901,63.018,0.801,-1,-1,-1,-1,-1,-1,-1,300.000,275.000,-1,-1,-1,-1,-1,-1,-1,-1,2,2,2,2,2,2,2,0,0,2,2,2,2,2,2,2,2
299,18898.500,7078.604,-223.021,-15.212,0,0.44515,-0.03099,53.418,-0.279,-1,-1,-1,-1,-1,-1,-1,300.000,275.000,-1,-1,-1,-1,-1,-1,-1,-1,2,2,2,2,2,2,2,0,0,2,2,2,2,2,2,2,2
