timestep,x_cm,y_cm,z_cm,yaw_deg,basis_xx,basis_xy,basis_xz,basis_yx,basis_yy,basis_yz,basis_zx,basis_zy,basis_zz,teleport_flag,throttle_cmd,steering_cmd,cmd_move_cm,cmd_turn_deg,lidar_cm_0,lidar_cm_1,lidar_cm_2,lidar_cm_3,lidar_cm_4,lidar_cm_5,lidar_cm_6,lidar_cm_7,lidar_cm_8,lidar_cm_9,lidar_cm_10,lidar_cm_11,lidar_cm_12,lidar_cm_13,lidar_cm_14,lidar_cm_15,lidar_cm_16,lidar_class_0,lidar_class_1,lidar_class_2,lidar_class_3,lidar_class_4,lidar_class_5,lidar_class_6,lidar_class_7,lidar_class_8,lidar_class_9,lidar_class_10,lidar_class_11,lidar_class_12,lidar_class_13,lidar_class_14,lidar_class_15,lidar_class_16
0,-8853.430,6891.794,-432.940,69.744,0.346670,-0.937672,0.024301,0.937837,0.346034,-0.026862,0.016779,0.032102,0.999344,1,0.08000,0.12000,4.800,0.240,775.000,375.000,-1,400.000,-1,325.000,325.000,300.000,300.000,-1,550.000,475.000,-1,625.000,725.000,950.000,-1,0,0,2,0,2,0,0,0,0,2,0,0,2,0,0,0,2
1,-8850.182,6900.828,-432.771,70.224,0.338818,-0.940537,0.024319,0.940689,0.338166,-0.027333,0.017484,0.032137,0.999331,0,0.16000,0.24000,9.600,0.480,775.000,375.000,-1,400.000,-1,325.000,325.000,300.000,300.000,-1,550.000,475.000,-1,625.000,725.000,925.000,-1,0,0,2,0,2,0,0,0,0,2,0,0,2,0,0,0,2
2,-8845.481,6914.439,-432.514,70.944,0.326998,-0.944711,0.024365,0.944843,0.326320,-0.028052,0.018550,0.032194,0.999309,0,0.24000,0.36000,14.400,0.720,750.000,375.000,-1,400.000,-1,325.000,325.000,300.000,300.000,-1,550.000,475.000,-1,625.000,725.000,925.000,-1,0,0,2,0,2,0,0,0,0,2,0,0,2,0,0,0,2
3,-8839.517,6932.689,-432.165,71.904,0.311159,-0.950043,0.024463,0.950148,0.310446,-0.029032,0.019987,0.032277,0.999279,0,0.32000,0.48000,19.200,0.960,750.000,375.000,-1,400.000,-1,325.000,325.000,300.000,300.000,-1,525.000,475.000,-1,625.000,725.000,900.000,-1,0,0,2,0,2,0,0,0,0,2,0,0,2,0,0,0,2
4,-8832.542,6955.653,-431.717,73.104,0.291240,-0.956333,0.024643,0.956402,0.290480,-0.030287,0.021806,0.032390,0.999237,0,0.40000,0.60000,24.000,1.200,750.000,375.000,-1,400.000,-1,325.000,325.000,300.000,300.000,-1,525.000,450.000,-1,625.000,725.000,900.000,-1,0,0,2,0,2,0,0,0,0,2,0,0,2,0,0,0,2
5,-8824.868,6983.412,-431.164,74.544,0.267173,-0.963326,0.024948,0.963349,0.266355,-0.031838,0.024026,0.032540,0.999182,0,0.48000,0.72000,28.800,1.440,725.000,375.000,-1,400.000,-1,325.000,325.000,300.000,300.000,-1,525.000,450.000,-1,625.000,700.000,875.000,-1,0,0,2,0,2,0,0,0,0,2,0,0,2,0,0,0,2
6,-8816.867,7016.045,-430.495,76.224,0.238888,-0.970714,0.025429,0.970681,0.237996,-0.033705,0.026666,0.032736,0.999108,0,0.56000,0.84000,33.600,1.680,725.000,375.000,-1,400.000,-1,325.000,325.000,275.000,300.000,-1,525.000,400.000,-1,625.000,700.000,850.000,-1,0,0,2,0,2,0,0,0,0,2,0,0,2,0,0,0,2
7,-8808.903,7053.610,-429.708,78.030,0.208269,-0.977723,0.026110,0.977621,0.207289,-0.035891,0.029679,0.033001,0.999015,0,0.64000,0.90286,38.400,1.806,700.000,375.000,-1,375.000,-1,300.000,325.000,275.000,300.000,-1,450.000,375.000,-1,600.000,700.000,825.000,-1,0,0,2,0,2,0,0,0,0,2,0,0,2,0,0,0,2
8,-8801.280,7096.132,-428.804,79.836,0.177462,-0.983757,0.026996,0.983574,0.176375,-0.038392,0.033007,0.033366,0.998898,0,0.72000,0.90286,43.200,1.806,700.000,350.000,-1,375.000,-1,300.000,325.000,275.000,300.000,-1,400.000,325.000,-1,600.000,700.000,800.000,-1,0,0,2,0,2,0,0,0,0,2,0,0,2,0,0,0,2
9,-8794.104,7143.593,-427.794,81.401,0.150636,-0.988192,0.028013,0.987915,0.149427,-0.041183,0.036511,0.033878,0.998759,0,0.80000,0.78286,48.000,1.566,675.000,350.000,-1,375.000,-1,300.000,300.000,275.000,300.000,-1,375.000,300.000,-1,600.000,700.000,775.000,-1,0,0,2,0,2,0,0,0,0,2,0,0,2,0,0,0,2
10,-8787.948,7191.837,-426.452,82.727,0.127894,-0.991322,0.030406,0.991005,0.126516,-0.043613,0.039388,0.035711,0.998586,0,0.81058,0.66286,48.635,1.326,675.000,350.000,-1,375.000,-1,300.000,300.000,275.000,300.000,-1,350.000,300.000,-1,600.000,675.000,775.000,-1,0,0,2,0,2,0,0,0,0,2,0,0,2,0,0,0,2
11,-8782.662,7240.629,-424.295,83.813,0.109390,-0.993370,0.035363,0.993081,0.107691,-0.046831,0.042713,0.040241,0.998277,0,0.81795,0.54286,49.077,1.086,700.000,350.000,-1,375.000,-1,300.000,300.000,300.000,300.000,-1,375.000,300.000,-1,600.000,675.000,775.000,-1,0,0,2,0,2,0,0,0,0,2,0,0,2,0,0,0,2
12,-8778.056,7289.896,-421.111,84.658,0.094906,-0.994807,0.036779,0.994400,0.093012,-0.050168,0.046487,0.041335,0.998063,0,0.82469,0.42286,49.482,0.846,725.000,350.000,-1,375.000,-1,300.000,300.000,300.000,300.000,-1,375.000,325.000,-1,600.000,675.000,775.000,-1,0,0,2,0,2,0,0,0,0,2,0,0,2,0,0,0,2
13,-8773.942,7339.579,-417.836,85.264,0.084588,-0.995689,0.038068,0.995142,0.082487,-0.053739,0.050367,0.042429,0.997829,0,0.83088,0.30286,49.853,0.606,725.000,350.000,-1,375.000,-1,300.000,300.000,300.000,300.000,-1,400.000,350.000,-1,600.000,675.000,775.000,-1,0,0,2,0,2,0,0,0,0,2,0,0,2,0,0,0,2
14,-8770.118,7389.629,-414.550,85.630,0.078451,-0.996136,0.039467,0.995448,0.076125,-0.057342,0.054116,0.043786,0.997574,0,0.83660,0.18286,50.196,0.366,725.000,350.000,-1,375.000,-1,300.000,300.000,300.000,300.000,-1,425.000,350.000,-1,600.000,675.000,775.000,-1,0,0,2,0,2,0,0,0,0,2,0,0,2,0,0,0,2
15,-8766.381,7440.008,-411.263,85.756,0.076502,-0.996229,0.040926,0.995398,0.073934,-0.060959,0.057703,0.045401,0.997301,0,0.84194,0.06286,50.517,0.126,725.000,350.000,-1,375.000,-1,300.000,300.000,300.000,300.000,-1,425.000,375.000,-1,600.000,700.000,775.000,-1,0,0,2,0,2,0,0,0,0,2,0,0,2,0,0,0,2
16,-8762.520,7490.682,-407.987,85.641,0.078739,-0.995994,0.042392,0.995021,0.075914,-0.064574,0.061097,0.047265,0.997012,0,0.84702,-0.05714,50.821,-0.114,725.000,375.000,-1,375.000,-1,300.000,325.000,300.000,300.000,-1,450.000,375.000,-1,600.000,700.000,800.000,-1,0,0,2,0,2,0,0,0,0,2,0,0,2,0,0,0,2
17,-8758.322,7541.626,-404.735,85.287,0.085158,-0.995404,0.043810,0.994293,0.082063,-0.068168,0.064259,0.049365,0.996712,0,0.85192,-0.17714,51.115,-0.354,750.000,375.000,-1,400.000,-1,300.000,325.000,300.000,325.000,-1,450.000,400.000,-1,600.000,700.000,800.000,-1,0,0,2,0,2,0,0,0,0,2,0,0,2,0,0,0,2
18,-8753.752,7592.828,-401.504,84.897,0.092201,-0.994716,0.045157,0.993459,0.088827,-0.071750,0.067359,0.051477,0.996400,0,0.85676,-0.19501,51.406,-0.390,750.000,375.000,-1,400.000,-1,325.000,325.000,300.000,300.000,-1,475.000,400.000,-1,600.000,700.000,825.000,-1,0,0,2,0,2,0,0,0,0,2,0,0,2,0,0,0,2
19,-8748.789,7644.271,-398.298,84.487,0.099599,-0.993944,0.046425,0.992534,0.095940,-0.075317,0.070406,0.053580,0.996078,0,0.86134,-0.20522,51.681,-0.410,750.000,375.000,-1,400.000,-1,300.000,325.000,300.000,300.000,-1,475.000,375.000,-1,600.000,700.000,825.000,-1,0,0,2,0,2,0,0,0,0,2,0,0,2,0,0,0,2
20,-8743.412,7695.931,-395.123,84.056,0.107355,-0.993080,0.047608,0.991508,0.103404,-0.078864,0.073395,0.055670,0.995748,0,0.86565,-0.21556,51.939,-0.431,750.000,375.000,-1,400.000,-1,300.000,325.000,275.000,300.000,-1,450.000,350.000,-1,600.000,725.000,850.000,-1,0,0,2,0,2,0,0,0,0,2,0,0,2,0,0,0,2
21,-8737.601,7747.787,-391.985,83.604,0.115469,-0.992117,0.048698,0.990375,0.111222,-0.082386,0.076321,0.057742,0.995410,0,0.86966,-0.22600,52.179,-0.452,750.000,350.000,-1,375.000,-1,300.000,325.000,275.000,300.000,-1,425.000,325.000,-1,600.000,725.000,875.000,-1,0,0,2,0,2,0,0,0,0,2,0,0,2,0,0,0,2
22,-8731.335,7799.814,-388.888,83.130,0.123942,-0.991045,0.049687,0.989126,0.119396,-0.085879,0.079177,0.059791,0.995066,0,0.87337,-0.23655,52.402,-0.473,775.000,350.000,-1,375.000,-1,300.000,300.000,275.000,300.000,-1,375.000,300.000,-1,600.000,725.000,900.000,-1,0,0,2,0,2,0,0,0,0,2,0,0,2,0,0,0,2
23,-8724.598,7851.987,-385.435,82.638,0.132830,-0.989759,0.052276,0.987805,0.127877,-0.088818,0.081223,0.063436,0.994675,0,0.87677,-0.24612,52.606,-0.492,775.000,350.000,-1,375.000,-1,300.000,300.000,275.000,300.000,-1,375.000,300.000,-1,600.000,725.000,950.000,-1,0,0,2,0,2,0,0,0,0,2,0,0,2,0,0,0,2
24,-8717.374,7904.281,-381.146,82.127,0.142239,-0.988169,0.057361,0.986349,0.136643,-0.091891,0.082966,0.069648,0.994116,0,0.87984,-0.25553,52.790,-0.511,850.000,350.000,-1,375.000,-1,300.000,300.000,275.000,300.000,-1,400.000,325.000,-1,625.000,750.000,-1,-1,0,0,2,0,2,0,0,0,0,2,0,0,2,0,0,2,2
25,-8709.639,7956.669,-376.022,81.597,0.151682,-0.986654,0.059218,0.984822,0.145743,-0.094258,0.084370,0.072616,0.993785,0,0.88257,-0.26488,52.954,-0.530,900.000,350.000,-1,375.000,-1,300.000,300.000,275.000,300.000,-1,450.000,350.000,-1,625.000,750.000,-1,-1,0,0,2,0,2,0,0,0,0,2,0,0,2,0,0,2,2
26,-8701.380,8009.121,-370.901,81.049,0.161424,-0.985011,0.060796,0.983143,0.155147,-0.096744,0.085861,0.075388,0.993451,0,0.88496,-0.27418,53.097,-0.548,975.000,350.000,-1,400.000,-1,300.000,300.000,300.000,300.000,-1,475.000,400.000,-1,625.000,775.000,-1,-1,0,0,2,0,2,0,0,0,0,2,0,0,2,0,0,2,2
27,-8692.584,8061.608,-365.848,80.482,0.171470,-0.983215,0.062335,0.981317,0.164850,-0.099204,0.087263,0.078181,0.993113,0,0.88698,-0.28344,53.219,-0.567,-1,375.000,-1,400.000,-1,300.000,325.000,300.000,300.000,-1,525.000,425.000,-1,650.000,-1,-1,-1,2,0,2,0,2,0,0,0,0,2,0,0,2,0,2,2,2
28,-8683.234,8114.100,-360.871,79.897,0.181814,-0.981259,0.063834,0.979336,0.174846,-0.101638,0.088572,0.080994,0.992771,0,0.88862,-0.29266,53.317,-0.585,-1,375.000,-1,400.000,-1,300.000,325.000,300.000,300.000,-1,550.000,450.000,-1,650.000,-1,-1,-1,2,0,2,0,2,0,0,0,0,2,0,0,2,0,2,2,2
29,-8673.318,8166.564,-355.979,79.293,0.192450,-0.979132,0.065290,0.977191,0.185131,-0.104042,0.089783,0.083824,0.992428,0,0.88986,-0.30184,53.392,-0.604,-1,375.000,-1,400.000,-1,300.000,325.000,300.000,300.000,-1,575.000,500.000,-1,675.000,-1,-1,-1,2,0,2,0,2,0,0,0,0,2,0,0,2,0,2,2,2
30,-8662.824,8218.966,-351.178,78.671,0.203375,-0.976826,0.066705,0.974873,0.195701,-0.106415,0.090895,0.086671,0.992082,0,0.89070,-0.31099,53.442,-0.622,-1,375.000,-1,400.000,-1,300.000,325.000,300.000,300.000,-1,600.000,525.000,-1,675.000,-1,-1,-1,2,0,2,0,2,0,0,0,0,2,0,0,2,0,2,2,2
31,-8651.739,8271.273,-346.449,78.031,0.214598,-0.974320,0.068171,0.972360,0.206549,-0.108869,0.091993,0.089650,0.991716,0,0.89112,-0.32011,53.467,-0.640,-1,375.000,-1,400.000,-1,325.000,325.000,275.000,300.000,-1,625.000,550.000,-1,700.000,-1,-1,-1,2,0,2,0,2,0,0,0,1,2,0,0,2,0,2,2,2
32,-8640.055,8323.448,-341.800,77.372,0.226116,-0.971605,0.069683,0.969643,0.217670,-0.111407,0.093076,0.092759,0.991329,0,0.89110,-0.32921,53.466,-0.658,-1,375.000,-1,425.000,-1,325.000,325.000,275.000,325.000,-1,650.000,575.000,-1,700.000,-1,-1,-1,2,0,2,0,2,0,0,0,1,2,0,0,2,0,2,2,2
33,-8627.762,8375.454,-337.279,76.696,0.237899,-0.968684,0.071105,0.966730,0.229061,-0.113860,0.094007,0.095826,0.990949,0,0.89063,-0.33830,53.438,-0.677,-1,375.000,-1,425.000,-1,325.000,325.000,275.000,350.000,-1,675.000,600.000,-1,725.000,-1,-1,-1,2,0,2,0,2,0,0,0,1,2,0,0,2,0,2,2,2
34,-8615.419,8424.178,-333.178,75.779,0.253652,-0.964587,0.072334,0.962691,0.244450,-0.116065,0.094273,0.099076,0.990604,0,0.83770,-0.45830,50.262,-0.917,-1,375.000,-1,425.000,-1,325.000,325.000,275.000,375.000,-1,700.000,625.000,-1,750.000,-1,-1,-1,2,0,2,0,2,0,0,0,1,2,0,0,2,0,2,2,2
35,-8602.103,8472.619,-328.930,74.623,0.273366,-0.958984,0.074966,0.957419,0.263740,-0.117431,0.092843,0.103875,0.990247,0,0.83727,-0.57830,50.236,-1.157,-1,400.000,-1,425.000,-1,325.000,325.000,275.000,400.000,-1,725.000,675.000,-1,750.000,-1,-1,-1,2,0,2,0,2,0,0,0,1,2,0,0,2,0,2,2,2
36,-8587.612,8520.721,-324.816,73.226,0.296860,-0.951730,0.078007,0.950687,0.286872,-0.117892,0.089823,0.109157,0.989958,0,0.83727,-0.69830,50.236,-1.397,-1,400.000,-1,-1,-1,325.000,325.000,275.000,425.000,-1,800.000,750.000,-1,800.000,-1,-1,-1,2,0,2,2,2,0,0,0,1,2,0,0,2,0,2,2,2
37,-8571.743,8568.419,-320.919,71.589,0.324065,-0.942560,0.081009,0.942108,0.313741,-0.118317,0.086105,0.114661,0.989666,0,0.83777,-0.81830,50.266,-1.637,-1,400.000,-1,-1,-1,325.000,325.000,275.000,475.000,-1,875.000,800.000,-1,825.000,-1,-1,-1,2,0,2,2,2,0,0,0,1,2,0,0,2,0,2,2,2
38,-8554.297,8615.631,-316.987,69.713,0.354685,-0.931269,0.083282,0.931484,0.344250,-0.117601,0.080848,0.119287,0.989563,0,0.83884,-0.93830,50.331,-1.877,-1,400.000,-1,-1,-1,325.000,325.000,275.000,525.000,-1,1000.000,900.000,-1,850.000,-1,-1,-1,2,0,2,2,2,0,0,0,1,2,0,0,2,0,2,2,2
39,-8535.190,8662.306,-316.167,67.713,0.386683,-0.916923,0.098631,0.919844,0.375818,-0.112460,0.066050,0.134212,0.988749,0,0.84054,-1.00000,50.432,-2.000,-1,375.000,-1,-1,-1,300.000,325.000,300.000,525.000,-1,-1,-1,-1,800.000,-1,-1,-1,2,0,2,2,2,0,0,0,1,2,2,2,2,0,2,2,2
40,-8514.436,8708.399,-318.476,65.713,0.417199,-0.899873,0.127179,0.907812,0.406065,-0.104824,0.042685,0.159187,0.986325,0,0.84248,-1.00000,50.549,-2.000,-1,350.000,-1,-1,-1,275.000,275.000,300.000,475.000,-1,-1,-1,-1,700.000,-1,-1,-1,2,0,2,2,2,0,0,0,1,2,2,2,2,0,2,2,2
41,-8492.045,8753.836,-321.283,63.713,0.445946,-0.881190,0.156961,0.894863,0.435265,-0.098813,0.018753,0.184524,0.982649,0,0.84417,-1.00000,50.650,-2.000,-1,300.000,-1,-1,-1,250.000,275.000,325.000,450.000,-1,-1,-1,-1,600.000,-1,-1,-1,2,0,2,2,2,0,1,0,1,2,2,2,2,0,2,2,2
42,-8468.045,8798.544,-324.592,61.713,0.472825,-0.860910,0.187804,0.881138,0.463303,-0.094578,-0.005587,0.210200,0.977642,0,0.84559,-1.00000,50.735,-2.000,-1,275.000,-1,-1,-1,225.000,350.000,350.000,425.000,-1,-1,-1,975.000,500.000,-1,-1,-1,2,0,2,2,2,0,1,0,1,2,2,2,0,0,2,2,2
43,-8442.470,8842.451,-328.334,59.713,0.497705,-0.839025,0.219835,0.866814,0.490034,-0.092191,-0.030376,0.236441,0.971171,0,0.84669,-1.00000,50.802,-2.000,-1,250.000,-1,975.000,-1,175.000,375.000,375.000,400.000,-1,-1,-1,875.000,425.000,-1,-1,-1,2,0,2,1,2,0,1,0,1,2,2,2,0,0,2,2,2
44,-8415.358,8885.484,-332.586,57.713,0.520575,-0.815638,0.252461,0.852031,0.515369,-0.091863,-0.055184,0.262925,0.963237,0,0.84745,-1.00000,50.847,-2.000,-1,200.000,-1,925.000,-1,150.000,425.000,400.000,375.000,-1,-1,-1,750.000,350.000,-1,550.000,-1,2,0,2,1,2,0,1,0,1,2,2,2,0,0,2,0,2
45,-8384.257,8931.649,-337.513,55.953,0.537650,-0.792757,0.287174,0.839328,0.535671,-0.092655,-0.080378,0.290849,0.953387,0,0.92745,-0.88000,55.647,-1.760,-1,175.000,-1,850.000,-1,175.000,450.000,450.000,375.000,-1,-1,-1,575.000,400.000,-1,300.000,-1,2,0,2,1,2,1,1,0,1,2,2,2,0,1,2,0,2
46,-8350.633,8978.819,-343.014,54.433,0.549413,-0.770917,0.322229,0.828961,0.551254,-0.094563,-0.104730,0.319069,0.941927,0,0.96514,-0.76000,57.909,-1.520,-1,200.000,975.000,775.000,-1,225.000,450.000,525.000,375.000,-1,-1,0.000,225.000,450.000,975.000,175.000,-1,2,1,1,1,2,1,1,0,1,2,2,0,0,1,1,0,2
47,1639.834,-3607.534,-159.290,62.086,0.462504,-0.882785,-0.082339,0.848768,0.467691,-0.246692,0.256286,0.044210,0.965590,1,0.00000,0.00000,57.648,-1.280,-1,225.000,-1,300.000,-1,225.000,250.000,650.000,350.000,625.000,100.000,50.000,400.000,325.000,475.000,275.000,800.000,2,1,2,1,2,1,1,1,0,1,0,0,0,1,1,1,1
48,-6890.827,-8202.395,-327.573,42.607,0.736070,-0.676491,0.023679,0.676902,0.735507,-0.028867,0.002112,0.037276,0.999303,1,-0.08000,0.12000,-4.800,0.240,-1,400.000,-1,425.000,-1,325.000,325.000,325.000,300.000,-1,-1,-1,-1,850.000,975.000,-1,-1,2,0,2,0,2,0,0,0,0,2,2,2,2,0,0,2,2
49,-6897.838,-8208.953,-327.575,43.087,0.730392,-0.682629,0.023353,0.683022,0.729815,-0.029178,0.002875,0.037262,0.999301,0,-0.16000,0.24000,-9.600,0.480,-1,400.000,-1,425.000,-1,325.000,325.000,325.000,300.000,-1,-1,-1,-1,850.000,975.000,-1,-1,2,0,2,0,2,0,0,0,0,2,2,2,2,0,0,2,2
50,-6905.037,-8215.858,-327.571,43.807,0.721773,-0.691747,0.023019,0.692119,0.721180,-0.029507,0.003810,0.037230,0.999299,0,-0.16626,0.36000,-9.975,0.720,-1,400.000,-1,425.000,-1,325.000,325.000,325.000,300.000,-1,-1,-1,-1,850.000,975.000,-1,-1,2,0,2,0,2,0,0,0,0,2,2,2,2,0,0,2,2
51,-6912.120,-8222.883,-327.563,44.767,0.710101,-0.703734,0.022697,0.704083,0.709490,-0.029844,0.004900,0.037173,0.999297,0,-0.16626,0.48000,-9.975,0.960,-1,400.000,-1,425.000,-1,325.000,325.000,325.000,300.000,-1,-1,-1,-1,850.000,975.000,-1,-1,2,0,2,0,2,0,0,0,0,2,2,2,2,0,0,2,2
52,-6919.054,-8230.055,-327.550,45.967,0.695228,-0.718441,0.022388,0.718763,0.694599,-0.030192,0.006141,0.037082,0.999293,0,-0.16626,0.60000,-9.975,1.200,-1,400.000,-1,425.000,-1,325.000,325.000,325.000,300.000,-1,-1,-1,-1,875.000,975.000,-1,-1,2,0,2,0,2,0,0,0,0,2,2,2,2,0,0,2,2
53,-6925.805,-8237.399,-327.672,47.407,0.676963,-0.735688,0.021987,0.735983,0.676343,-0.029827,0.007072,0.036373,0.999313,0,-0.16626,0.72000,-9.975,1.440,-1,400.000,-1,425.000,-1,325.000,325.000,325.000,300.000,-1,-1,-1,-1,850.000,975.000,-1,-1,2,0,2,0,2,0,0,0,0,2,2,2,2,0,0,2,2
54,-6932.338,-8244.938,-327.802,49.087,0.655114,-0.755223,0.021555,0.755487,0.654503,-0.029418,0.008109,0.035557,0.999335,0,-0.16626,0.84000,-9.975,1.680,-1,400.000,-1,425.000,-1,325.000,325.000,325.000,300.000,-1,-1,-1,-1,850.000,975.000,-1,-1,2,0,2,0,2,0,0,0,0,2,2,2,2,0,0,2,2
55,-6938.630,-8252.679,-327.939,50.894,0.630977,-0.775515,0.021093,0.775747,0.630377,-0.029005,0.009197,0.034665,0.999357,0,-0.16626,0.90371,-9.975,1.807,-1,400.000,-1,425.000,-1,325.000,325.000,325.000,300.000,-1,-1,-1,-1,850.000,950.000,-1,-1,2,0,2,0,2,0,0,0,0,2,2,2,2,0,0,2,2
56,-6944.674,-8260.614,-328.080,52.701,0.606212,-0.795036,0.020609,0.795237,0.605623,-0.028625,0.010276,0.033742,0.999378,0,-0.16626,0.90371,-9.975,1.807,-1,400.000,-1,425.000,-1,325.000,325.000,325.000,300.000,-1,-1,-1,-1,850.000,950.000,-1,-1,2,0,2,0,2,0,0,0,0,2,2,2,2,0,0,2,2
57,-6950.465,-8268.736,-328.226,54.509,0.580842,-0.813768,0.020105,0.813937,0.580264,-0.028278,0.011345,0.032789,0.999398,0,-0.16626,0.90371,-9.975,1.807,-1,400.000,-1,425.000,-1,325.000,325.000,325.000,300.000,-1,-1,-1,-1,825.000,950.000,-1,-1,2,0,2,0,2,0,0,0,0,2,2,2,2,0,0,2,2
58,-6955.998,-8277.037,-328.376,56.316,0.554893,-0.831691,0.019584,0.831829,0.554326,-0.027966,0.012403,0.031808,0.999417,0,-0.16626,0.90371,-9.975,1.807,-1,400.000,-1,425.000,-1,325.000,325.000,300.000,300.000,-1,-1,-1,-1,825.000,925.000,-1,-1,2,0,2,0,2,0,0,0,0,2,2,2,2,0,0,2,2
59,-6961.265,-8285.509,-328.530,58.124,0.528390,-0.848788,0.019049,0.848895,0.527836,-0.027690,0.013448,0.030801,0.999435,0,-0.16626,0.90371,-9.975,1.807,-1,400.000,-1,400.000,-1,325.000,325.000,300.000,300.000,-1,-1,-1,-1,825.000,925.000,-1,-1,2,0,2,0,2,0,0,0,0,2,2,2,2,0,0,2,2
60,-6966.263,-8294.142,-328.689,59.931,0.501360,-0.865041,0.018502,0.865117,0.500818,-0.027450,0.014479,0.029769,0.999452,0,-0.16626,0.90371,-9.975,1.807,-1,400.000,-1,400.000,-1,325.000,325.000,300.000,300.000,-1,-1,-1,-1,800.000,900.000,-1,-1,2,0,2,0,2,0,0,0,0,2,2,2,2,0,0,2,2
61,-6970.986,-8302.928,-328.850,61.739,0.473830,-0.880434,0.017947,0.880480,0.473299,-0.027248,0.015495,0.028713,0.999468,0,-0.16626,0.90371,-9.975,1.807,-1,375.000,-1,400.000,-1,325.000,325.000,300.000,300.000,-1,-1,-1,-1,800.000,900.000,-1,-1,2,0,2,0,2,0,0,0,0,2,2,2,2,0,0,2,2
62,-6975.430,-8311.860,-329.015,63.546,0.445826,-0.894951,0.017387,0.894968,0.445308,-0.027083,0.016495,0.027635,0.999482,0,-0.16626,0.90371,-9.975,1.807,-1,375.000,-1,400.000,-1,325.000,325.000,300.000,300.000,-1,-1,-1,-1,800.000,875.000,-1,-1,2,0,2,0,2,0,0,0,0,2,2,2,2,0,0,2,2
63,-6979.589,-8320.926,-329.183,65.353,0.417377,-0.908578,0.016825,0.908565,0.416872,-0.026955,0.017477,0.026537,0.999495,0,-0.16626,0.90371,-9.975,1.807,-1,375.000,-1,400.000,-1,325.000,325.000,300.000,325.000,-1,-1,-1,-1,800.000,875.000,-1,-1,2,0,2,0,2,0,0,0,0,2,2,2,2,0,0,2,2
64,-6981.618,-8325.688,-329.290,66.921,0.392370,-0.919660,0.016487,0.919625,0.391872,-0.026950,0.018324,0.025736,0.999501,0,-0.08626,0.78371,-5.175,1.567,-1,375.000,-1,400.000,-1,325.000,325.000,300.000,325.000,-1,-1,-1,-1,775.000,850.000,-1,-1,2,0,2,0,2,0,0,0,0,2,2,2,2,0,0,2,2
65,-6981.757,-8326.036,-329.319,68.248,0.370962,-0.928504,0.016344,0.928453,0.370467,-0.026991,0.019006,0.025187,0.999502,0,-0.00626,0.66371,-0.375,1.327,-1,375.000,-1,400.000,-1,325.000,325.000,300.000,325.000,-1,-1,-1,-1,775.000,850.000,-1,-1,2,0,2,0,2,0,0,0,0,2,2,2,2,0,0,2,2
66,-6980.195,-8321.896,-329.248,69.336,0.353277,-0.935376,0.016351,0.935316,0.352782,-0.026995,0.019482,0.024830,0.999502,0,0.07374,0.54371,4.425,1.087,-1,375.000,-1,400.000,-1,325.000,325.000,300.000,325.000,-1,-1,-1,-1,775.000,850.000,-1,-1,2,0,2,0,2,0,0,0,0,2,2,2,2,0,0,2,2
67,-6977.068,-8313.218,-329.076,70.183,0.339406,-0.940495,0.016502,0.940432,0.338911,-0.026955,0.019759,0.024668,0.999500,0,0.15374,0.42371,9.225,0.847,-1,375.000,-1,400.000,-1,325.000,325.000,300.000,325.000,-1,-1,-1,-1,775.000,850.000,-1,-1,2,0,2,0,2,0,0,0,0,2,2,2,2,0,0,2,2
68,-6972.454,-8299.974,-328.803,70.791,0.329419,-0.944034,0.016793,0.943975,0.328921,-0.026869,0.019841,0.024703,0.999498,0,0.23374,0.30371,14.025,0.607,-1,375.000,-1,400.000,-1,325.000,325.000,300.000,325.000,-1,-1,-1,-1,800.000,850.000,-1,-1,2,0,2,0,2,0,0,0,0,2,2,2,2,0,0,2,2
69,-6966.374,-8282.158,-328.429,71.158,0.323362,-0.946119,0.017226,0.946070,0.322858,-0.026738,0.019735,0.024943,0.999494,0,0.31374,0.18371,18.825,0.367,-1,375.000,-1,400.000,-1,325.000,325.000,300.000,325.000,-1,-1,-1,-1,800.000,850.000,-1,-1,2,0,2,0,2,0,0,0,0,2,2,2,2,0,0,2,2
70,-6958.817,-8259.775,-327.957,71.343,0.320305,-0.947147,0.017798,0.947114,0.319795,-0.026570,0.019474,0.025367,0.999489,0,0.39374,0.09260,23.625,0.185,-1,375.000,-1,400.000,-1,325.000,325.000,300.000,325.000,-1,-1,-1,-1,800.000,850.000,-1,-1,2,0,2,0,2,0,0,0,0,2,2,2,2,0,0,2,2
71,-6949.811,-8232.815,-327.391,71.528,0.317246,-0.948163,0.018494,0.948150,0.316727,-0.026378,0.019154,0.025903,0.999481,0,0.47374,0.09260,28.425,0.185,-1,375.000,-1,400.000,-1,325.000,325.000,300.000,325.000,-1,-1,-1,-1,800.000,850.000,-1,-1,2,0,2,0,2,0,0,0,0,2,2,2,2,0,0,2,2
72,-6939.387,-8201.268,-326.731,71.714,0.314184,-0.949165,0.019316,0.949176,0.313655,-0.026169,0.018780,0.026556,0.999471,0,0.55374,0.09260,33.225,0.185,-1,375.000,-1,400.000,-1,325.000,325.000,300.000,325.000,-1,-1,-1,-1,800.000,850.000,-1,-1,2,0,2,0,2,0,0,0,0,2,2,2,2,0,0,2,2
73,-6927.573,-8165.125,-325.980,71.899,0.311120,-0.950154,0.020268,0.950193,0.310579,-0.025950,0.018362,0.027332,0.999458,0,0.63374,0.09260,38.025,0.185,-1,375.000,-1,400.000,-1,325.000,325.000,300.000,325.000,-1,-1,-1,-1,800.000,850.000,-1,-1,2,0,2,0,2,0,0,0,0,2,2,2,2,0,0,2,2
74,-6914.399,-8124.377,-325.140,72.084,0.308053,-0.951129,0.021355,0.951201,0.307498,-0.025731,0.017907,0.028239,0.999441,0,0.71374,0.09260,42.825,0.185,-1,375.000,-1,400.000,-1,325.000,325.000,325.000,325.000,-1,-1,-1,-1,800.000,850.000,-1,-1,2,0,2,0,2,0,0,0,0,2,2,2,2,0,0,2,2
75,-6899.896,-8079.014,-324.213,72.269,0.304984,-0.952090,0.022582,0.952198,0.304413,-0.025521,0.017424,0.029286,0.999419,0,0.79374,0.09260,47.625,0.185,-1,400.000,-1,400.000,-1,325.000,325.000,325.000,325.000,-1,-1,-1,-1,800.000,850.000,-1,-1,2,0,2,0,2,0,0,0,0,2,2,2,2,0,0,2,2
76,-6884.092,-8029.028,-323.201,72.454,0.301912,-0.953035,0.023954,0.953186,0.301323,-0.025330,0.016923,0.030481,0.999392,0,0.87374,0.09260,52.425,0.185,-1,400.000,-1,400.000,-1,325.000,325.000,325.000,325.000,-1,-1,-1,-1,825.000,875.000,-1,-1,2,0,2,0,2,0,0,0,0,2,2,2,2,0,0,2,2
77,-6867.992,-7977.525,-322.170,72.640,0.298838,-0.953966,0.025391,0.954162,0.298229,-0.025179,0.016448,0.031751,0.999360,0,0.89935,0.09260,53.961,0.185,-1,400.000,-1,400.000,-1,325.000,325.000,325.000,325.000,-1,-1,-1,-1,825.000,875.000,-1,-1,2,0,2,0,2,0,0,0,0,2,2,2,2,0,0,2,2
78,-6852.058,-7925.970,-321.295,72.825,0.295759,-0.954903,0.026211,0.955124,0.295137,-0.025133,0.016263,0.032468,0.999340,0,0.89935,0.09260,53.961,0.185,-1,400.000,-1,425.000,-1,325.000,325.000,325.000,325.000,-1,-1,-1,-1,875.000,875.000,-1,-1,2,0,2,0,2,0,0,0,0,2,2,2,2,0,0,2,2
79,-6836.290,-7874.365,-320.638,73.010,0.292647,-0.955855,0.026436,0.956096,0.292050,-0.024249,0.015458,0.032371,0.999356,0,0.89935,0.09260,53.961,0.185,-1,400.000,-1,425.000,-1,325.000,325.000,325.000,325.000,-1,-1,-1,-1,900.000,875.000,-1,-1,2,0,2,0,2,0,0,0,0,2,2,2,2,0,0,2,2
80,-6820.689,-7822.708,-319.992,73.195,0.289533,-0.956796,0.026687,0.957056,0.288959,-0.023379,0.014658,0.032309,0.999370,0,0.89935,0.09260,53.961,0.185,-1,400.000,-1,425.000,-1,325.000,325.000,325.000,325.000,-1,-1,-1,-1,900.000,900.000,-1,-1,2,0,2,0,2,0,0,0,0,2,2,2,2,0,0,2,2
81,-6805.256,-7771.001,-319.434,73.381,0.286416,-0.957717,0.027281,0.958007,0.285863,-0.022478,0.013728,0.032574,0.999375,0,0.89935,0.09260,53.961,0.185,-1,400.000,-1,425.000,-1,325.000,325.000,325.000,325.000,-1,-1,-1,-1,925.000,925.000,-1,-1,2,0,2,0,2,0,0,0,0,2,2,2,2,0,0,2,2
82,-6789.990,-7719.245,-319.055,73.566,0.283288,-0.958607,0.028658,0.958956,0.282757,-0.021240,0.012257,0.033498,0.999364,0,0.89935,0.09260,53.961,0.185,-1,400.000,-1,425.000,-1,325.000,325.000,325.000,325.000,-1,-1,-1,-1,950.000,925.000,-1,-1,2,0,2,0,2,0,0,0,0,2,2,2,2,0,0,2,2
83,-6774.891,-7667.439,-318.673,73.751,0.280154,-0.959486,0.030017,0.959895,0.279648,-0.019983,0.010779,0.034411,0.999350,0,0.89935,0.09260,53.961,0.185,-1,400.000,-1,400.000,-1,325.000,325.000,325.000,300.000,-1,-1,-1,-1,950.000,925.000,-1,-1,2,0,2,0,2,0,0,0,0,2,2,2,2,0,0,2,2
84,-6759.960,-7615.585,-318.290,73.936,0.277013,-0.960354,0.031360,0.960821,0.276536,-0.018708,0.009294,0.035313,0.999333,0,0.89935,0.09260,53.961,0.185,-1,400.000,-1,400.000,-1,325.000,325.000,325.000,300.000,-1,-1,-1,-1,975.000,925.000,-1,-1,2,0,2,0,2,0,0,0,0,2,2,2,2,0,0,2,2
85,-6745.196,-7563.683,-317.904,74.121,0.273865,-0.961213,0.032686,0.961737,0.273422,-0.017415,0.007803,0.036204,0.999314,0,0.89935,0.09260,53.961,0.185,-1,400.000,-1,400.000,-1,325.000,325.000,325.000,300.000,-1,-1,-1,-1,975.000,950.000,-1,-1,2,0,2,0,2,0,0,0,0,2,2,2,2,0,0,2,2
86,-6730.600,-7511.733,-317.516,74.307,0.270711,-0.962060,0.033994,0.962640,0.270305,-0.016105,0.006305,0.037084,0.999292,0,0.89935,0.09260,53.961,0.185,-1,425.000,-1,400.000,-1,325.000,325.000,325.000,300.000,-1,-1,-1,-1,1000.000,950.000,-1,-1,2,0,2,0,2,0,0,0,0,2,2,2,2,0,0,2,2
87,-6716.173,-7459.737,-317.125,74.492,0.267550,-0.962898,0.035286,0.963532,0.267185,-0.014776,0.004800,0.037953,0.999268,0,0.89935,0.09260,53.961,0.185,-1,425.000,-1,400.000,-1,325.000,325.000,325.000,300.000,-1,-1,-1,-1,-1,950.000,-1,-1,2,0,2,0,2,0,0,0,0,2,2,2,2,2,0,2,2
88,-6701.913,-7407.694,-316.810,74.677,0.264373,-0.963736,0.036322,0.964416,0.264065,-0.013103,0.003036,0.038493,0.999254,0,0.89935,0.09260,53.961,0.185,-1,425.000,-1,425.000,-1,325.000,325.000,325.000,300.000,-1,-1,-1,-1,-1,950.000,-1,-1,2,0,2,0,2,0,0,0,0,2,2,2,2,2,0,2,2
89,-6687.822,-7355.605,-316.502,74.862,0.261189,-0.964567,0.037307,0.965287,0.260944,-0.011371,0.001233,0.038982,0.999239,0,0.89935,0.09260,53.961,0.185,-1,425.000,-1,425.000,-1,350.000,325.000,325.000,300.000,-1,-1,-1,-1,-1,950.000,-1,-1,2,0,2,0,2,0,0,0,0,2,2,2,2,2,0,2,2
90,-6673.899,-7303.471,-316.187,75.047,0.258000,-0.965386,0.038285,0.966145,0.257820,-0.009651,-0.000553,0.039479,0.999220,0,0.89935,0.09260,53.961,0.185,-1,450.000,-1,425.000,-1,350.000,350.000,325.000,325.000,-1,-1,-1,-1,-1,950.000,-1,-1,2,0,2,0,2,0,0,0,0,2,2,2,2,2,0,2,2
91,-6660.143,-7251.293,-316.309,75.233,0.254814,-0.966263,0.037482,0.966988,0.254711,-0.007586,-0.002217,0.038178,0.999268,0,0.89935,0.09260,53.961,0.185,-1,450.000,-1,425.000,-1,350.000,350.000,325.000,325.000,-1,-1,-1,-1,-1,975.000,-1,-1,2,0,2,0,2,0,0,0,0,2,2,2,2,2,0,2,2
92,-6646.556,-7199.071,-316.777,75.418,0.251595,-0.967179,0.035551,0.967820,0.251611,-0.004088,-0.004991,0.035436,0.999359,0,0.89935,0.09260,53.961,0.185,-1,450.000,-1,425.000,-1,350.000,350.000,325.000,325.000,-1,-1,-1,-1,-1,975.000,-1,-1,2,0,2,0,2,0,0,0,0,2,2,2,2,2,0,2,2
93,-6633.138,-7146.804,-317.362,75.603,0.248396,-0.968065,0.033907,0.968630,0.248504,-0.001066,-0.007394,0.033108,0.999424,0,0.89935,0.09260,53.961,0.185,-1,450.000,-1,425.000,-1,350.000,350.000,300.000,325.000,-1,-1,-1,-1,-1,1000.000,-1,-1,2,0,2,0,2,0,0,0,0,2,2,2,2,2,0,2,2
94,-6621.003,-7098.033,-318.551,76.028,0.241082,-0.969870,0.035091,0.970445,0.241309,0.002337,-0.010734,0.033490,0.999381,0,0.83764,0.21260,50.258,0.425,-1,425.000,-1,425.000,-1,350.000,350.000,300.000,325.000,-1,-1,-1,-1,-1,975.000,-1,-1,2,0,2,0,2,0,0,0,0,2,2,2,2,2,0,2,2
95,-6609.436,-7049.124,-319.793,76.693,0.229668,-0.972582,0.036571,0.973166,0.230027,0.005888,-0.014139,0.034237,0.999314,0,0.83764,0.33260,50.258,0.665,-1,425.000,-1,425.000,-1,350.000,350.000,300.000,325.000,-1,-1,-1,-1,-1,975.000,-1,-1,2,0,2,0,2,0,0,0,0,2,2,2,2,2,0,2,2
96,-6598.642,-7000.038,-321.011,77.599,0.214131,-0.976066,0.037996,0.976650,0.214627,0.009471,-0.017399,0.035080,0.999233,0,0.83764,0.45260,50.258,0.905,-1,425.000,-1,425.000,-1,350.000,350.000,300.000,325.000,-1,-1,-1,-1,-1,950.000,-1,-1,2,0,2,0,2,0,0,0,0,2,2,2,2,2,0,2,2
97,-6588.832,-6950.747,-322.198,78.744,0.194431,-0.980128,0.039314,0.980702,0.195070,0.013102,-0.020511,0.036008,0.999141,0,0.83764,0.57260,50.258,1.145,-1,425.000,-1,425.000,-1,350.000,350.000,300.000,300.000,-1,-1,-1,-1,-1,950.000,-1,-1,2,0,2,0,2,0,0,0,0,2,2,2,2,2,0,2,2
98,-6580.216,-6901.232,-323.342,80.129,0.170527,-0.984521,0.040473,0.985073,0.171313,0.016792,-0.023466,0.037006,0.999040,0,0.83764,0.69260,50.258,1.385,-1,425.000,-1,425.000,-1,325.000,325.000,300.000,300.000,-1,-1,-1,-1,-1,950.000,-1,-1,2,0,2,0,2,0,0,0,0,2,2,2,2,2,0,2,2
99,-6573.009,-6851.493,-324.445,81.754,0.142383,-0.988946,0.041380,0.989464,0.143317,0.020523,-0.026227,0.038022,0.998933,0,0.83764,0.81260,50.258,1.625,-1,425.000,-1,425.000,-1,325.000,325.000,300.000,300.000,-1,-1,-1,-1,-1,950.000,-1,-1,2,0,2,0,2,0,0,0,0,2,2,2,2,2,0,2,2
100,-6567.423,-6801.546,-325.586,83.619,0.109992,-0.993062,0.041581,0.993524,0.111049,0.024037,-0.028488,0.038668,0.998846,0,0.83764,0.93260,50.258,1.865,-1,425.000,-1,425.000,-1,325.000,325.000,300.000,300.000,-1,-1,-1,-1,-1,950.000,-1,-1,2,0,2,0,2,0,0,0,0,2,2,2,2,2,0,2,2
101,-6563.585,-6751.435,-326.649,85.619,0.075143,-0.996308,0.041528,0.996701,0.076322,0.027587,-0.030655,0.039318,0.998756,0,0.83764,1.00000,50.258,2.000,-1,425.000,-1,425.000,-1,350.000,350.000,300.000,300.000,-1,-1,-1,-1,-1,950.000,-1,-1,2,0,2,0,2,0,0,0,0,2,2,2,2,2,0,2,2
102,-6561.497,-6701.220,-327.632,87.619,0.040205,-0.998341,0.041226,0.998652,0.041504,0.031154,-0.032814,0.039918,0.998664,0,0.83764,1.00000,50.258,2.000,-1,425.000,-1,425.000,-1,350.000,350.000,300.000,300.000,-1,-1,-1,-1,1000.000,950.000,-1,-1,2,0,2,0,2,0,0,0,0,2,2,2,2,0,0,2,2
103,-6561.163,-6650.963,-328.533,89.619,0.005223,-0.999159,0.040673,0.999375,0.006637,0.034720,-0.034961,0.040466,0.998569,0,0.83764,1.00000,50.258,2.000,-1,425.000,-1,425.000,-1,350.000,350.000,325.000,300.000,-1,-1,-1,-1,1000.000,950.000,-1,-1,2,0,2,0,2,0,0,0,0,2,2,2,2,0,0,2,2
104,-6562.258,-6605.518,-329.282,91.379,-0.025567,-0.998874,0.039975,0.998991,-0.024052,0.037930,-0.036926,0.040904,0.998480,0,0.75764,0.88000,45.458,1.760,-1,425.000,-1,425.000,-1,350.000,350.000,325.000,300.000,-1,-1,-1,-1,975.000,950.000,-1,-1,2,0,2,0,2,0,0,0,0,2,2,2,2,0,0,2,2
105,-6564.523,-6560.794,-330.286,92.899,-0.052179,-0.997821,0.040385,0.997893,-0.050537,0.040679,-0.038549,0.042423,0.998356,0,0.74635,0.76000,44.781,1.520,-1,450.000,-1,450.000,-1,350.000,350.000,325.000,300.000,-1,-1,-1,-1,975.000,950.000,-1,-1,2,0,2,0,2,0,0,0,0,2,2,2,2,0,0,2,2
106,-6567.812,-6516.134,-332.650,94.211,-0.075160,-0.996300,0.041672,0.996365,-0.073354,0.043309,-0.040092,0.044776,0.998192,0,0.74635,0.65573,44.781,1.311,-1,425.000,-1,425.000,-1,350.000,350.000,325.000,300.000,-1,-1,-1,-1,950.000,925.000,-1,-1,2,0,2,0,2,0,0,0,0,2,2,2,2,0,0,2,2
107,-6572.122,-6471.561,-335.230,95.522,-0.098074,-0.994304,0.041725,0.994292,-0.096132,0.046273,-0.041998,0.046025,0.998057,0,0.74635,0.65573,44.781,1.311,-1,425.000,-1,425.000,-1,350.000,350.000,325.000,300.000,-1,-1,-1,-1,925.000,900.000,-1,-1,2,0,2,0,2,0,0,0,0,2,2,2,2,0,0,2,2
108,-6577.451,-6427.099,-337.760,96.834,-0.120935,-0.991786,0.041645,0.991690,-0.118857,0.049227,-0.043873,0.047253,0.997919,0,0.74635,0.65573,44.781,1.311,-1,425.000,-1,425.000,-1,350.000,350.000,300.000,300.000,-1,-1,-1,-1,900.000,900.000,-1,-1,2,0,2,0,2,0,0,0,0,2,2,2,2,0,0,2,2
109,-6583.796,-6382.770,-340.252,98.145,-0.143729,-0.988752,0.041378,0.988559,-0.141517,0.052199,-0.045756,0.048407,0.997779,0,0.74635,0.65573,44.781,1.311,-1,425.000,-1,425.000,-1,350.000,350.000,300.000,275.000,-1,-1,-1,-1,900.000,875.000,-1,-1,2,0,2,0,2,0,0,0,0,2,2,2,2,0,0,2,2
110,-6591.154,-6338.598,-342.693,99.457,-0.166445,-0.985199,0.040977,0.984901,-0.164101,0.055148,-0.047608,0.049538,0.997637,0,0.74635,0.65573,44.781,1.311,-1,425.000,-1,425.000,-1,350.000,350.000,300.000,275.000,-1,-1,-1,-1,875.000,850.000,-1,-1,2,0,2,0,2,0,0,0,0,2,2,2,2,0,0,2,2
111,-6599.521,-6294.605,-345.076,100.768,-0.189069,-0.981130,0.040467,0.980720,-0.186596,0.058058,-0.049412,0.050663,0.997493,0,0.74635,0.65573,44.781,1.311,-1,425.000,-1,425.000,-1,350.000,350.000,300.000,300.000,-1,-1,-1,-1,850.000,850.000,-1,-1,2,0,2,0,2,0,0,0,0,2,2,2,2,0,0,2,2
112,-6608.893,-6250.816,-347.401,102.080,-0.211591,-0.976546,0.039850,0.976018,-0.208990,0.060923,-0.051166,0.051785,0.997347,0,0.74635,0.65573,44.781,1.311,-1,425.000,-1,425.000,-1,325.000,325.000,300.000,300.000,-1,-1,-1,-1,825.000,825.000,-1,-1,2,0,2,0,2,0,0,0,0,2,2,2,2,0,0,2,2
113,-6619.264,-6207.253,-349.665,103.391,-0.233997,-0.971449,0.039133,0.970799,-0.231272,0.063740,-0.052870,0.052905,0.997199,0,0.74635,0.65573,44.781,1.311,-1,400.000,-1,425.000,-1,325.000,325.000,300.000,300.000,-1,-1,-1,-1,825.000,825.000,-1,-1,2,0,2,0,2,0,0,0,0,2,2,2,2,0,0,2,2
114,-6630.630,-6163.939,-351.869,104.703,-0.256276,-0.965844,0.038320,0.965065,-0.253431,0.066504,-0.054521,0.054024,0.997050,0,0.74635,0.65573,44.781,1.311,-1,400.000,-1,400.000,-1,325.000,325.000,300.000,300.000,-1,-1,-1,-1,800.000,800.000,-1,-1,2,0,2,0,2,0,0,0,0,2,2,2,2,0,0,2,2
115,-6642.985,-6120.896,-354.009,106.014,-0.278415,-0.959732,0.037415,0.958820,-0.275453,0.069210,-0.056118,0.055143,0.996900,0,0.74635,0.65573,44.781,1.311,-1,400.000,-1,400.000,-1,325.000,325.000,300.000,300.000,-1,-1,-1,-1,775.000,800.000,-1,-1,2,0,2,0,2,0,0,0,0,2,2,2,2,0,0,2,2
116,-6656.321,-6078.147,-356.086,107.325,-0.300404,-0.953116,0.036423,0.952068,-0.297328,0.071857,-0.057659,0.056263,0.996750,0,0.74635,0.65573,44.781,1.311,-1,400.000,-1,400.000,-1,325.000,325.000,300.000,300.000,-1,-1,-1,-1,775.000,775.000,-1,-1,2,0,2,0,2,0,0,0,0,2,2,2,2,0,0,2,2
117,-6670.632,-6035.714,-358.097,108.637,-0.322230,-0.946001,0.035349,0.944812,-0.319044,0.074440,-0.059142,0.057385,0.996599,0,0.74635,0.65573,44.781,1.311,-1,400.000,-1,400.000,-1,325.000,325.000,300.000,300.000,-1,-1,-1,-1,750.000,775.000,-1,-1,2,0,2,0,2,0,0,0,0,2,2,2,2,0,0,2,2
118,-6685.911,-5993.621,-360.272,109.948,-0.343906,-0.938343,0.035216,0.937092,-0.340573,0.076611,-0.059894,0.059348,0.996439,0,0.74635,0.65573,44.781,1.311,-1,400.000,-1,400.000,-1,325.000,325.000,300.000,300.000,-1,-1,-1,-1,750.000,750.000,-1,-1,2,0,2,0,2,0,0,0,0,2,2,2,2,0,0,2,2
119,-6702.150,-5951.889,-362.657,111.260,-0.365416,-0.930134,0.036367,0.928941,-0.361894,0.078111,-0.059492,0.062326,0.996281,0,0.74635,0.65573,44.781,1.311,-1,400.000,-1,400.000,-1,325.000,325.000,300.000,300.000,-1,-1,-1,-1,750.000,750.000,-1,-1,2,0,2,0,2,0,0,0,0,2,2,2,2,0,0,2,2
120,-6719.340,-5910.539,-364.889,112.571,-0.386703,-0.921450,0.037298,0.920328,-0.383022,0.079313,-0.058797,0.064997,0.996152,0,0.74635,0.65573,44.781,1.311,-1,400.000,-1,400.000,-1,325.000,325.000,300.000,300.000,-1,-1,-1,-1,750.000,725.000,-1,-1,2,0,2,0,2,0,0,0,0,2,2,2,2,0,0,2,2
121,-6737.472,-5869.594,-367.063,113.883,-0.407785,-0.912277,0.038236,0.911229,-0.403938,0.080597,-0.058082,0.067708,0.996013,0,0.74635,0.65573,44.781,1.311,-1,400.000,-1,400.000,-1,325.000,325.000,300.000,300.000,-1,-1,-1,-1,750.000,725.000,-1,-1,2,0,2,0,2,0,0,0,0,2,2,2,2,0,0,2,2
122,-6756.537,-5829.074,-369.176,115.194,-0.428650,-0.902621,0.039179,0.901649,-0.424631,0.081967,-0.057348,0.070461,0.995865,0,0.74635,0.65573,44.781,1.311,-1,400.000,-1,400.000,-1,325.000,325.000,300.000,300.000,-1,-1,-1,-1,725.000,700.000,-1,-1,2,0,2,0,2,0,0,0,0,2,2,2,2,0,0,2,2
123,-6776.523,-5789.002,-371.602,116.506,-0.449165,-0.892583,0.039319,0.891729,-0.445137,0.081689,-0.055412,0.071753,0.995882,0,0.74635,0.65573,44.781,1.311,-1,400.000,-1,400.000,-1,325.000,325.000,300.000,300.000,-1,-1,-1,-1,750.000,700.000,-1,-1,2,0,2,0,2,0,0,0,0,2,2,2,2,0,0,2,2
124,-6799.476,-5745.055,-374.259,117.577,-0.465741,-0.884039,0.039496,0.883295,-0.461717,0.081291,-0.053629,0.072747,0.995908,0,0.82635,0.53573,49.581,1.071,-1,400.000,-1,400.000,-1,325.000,325.000,300.000,300.000,-1,-1,-1,-1,750.000,675.000,-1,-1,2,0,2,0,2,0,0,0,0,2,2,2,2,0,0,2,2
125,-6825.349,-5697.224,-377.131,118.409,-0.478483,-0.877194,0.039808,0.876556,-0.474468,0.080807,-0.051995,0.073559,0.995935,0,0.90635,0.41573,54.381,0.831,-1,400.000,-1,400.000,-1,325.000,325.000,300.000,300.000,-1,-1,-1,-1,750.000,675.000,-1,-1,2,0,2,0,2,0,0,0,0,2,2,2,2,0,0,2,2
126,-6853.763,-5645.967,-380.188,119.000,-0.487485,-0.872204,0.040232,0.871661,-0.483473,0.080383,-0.050660,0.074254,0.995952,0,0.97677,0.29573,58.606,0.591,-1,400.000,-1,400.000,-1,325.000,325.000,300.000,300.000,-1,-1,-1,-1,750.000,650.000,-1,-1,2,0,2,0,2,0,0,0,0,2,2,2,2,0,0,2,2
127,-6882.490,-5594.884,-383.225,119.352,-0.492809,-0.869184,0.040723,0.868718,-0.488793,0.080069,-0.049689,0.074835,0.995957,0,0.97677,0.17573,58.606,0.351,-1,400.000,-1,400.000,975.000,325.000,325.000,300.000,300.000,-1,-1,-1,-1,725.000,650.000,-1,-1,2,0,2,0,0,0,0,0,0,2,2,2,2,0,0,2,2
128,-6911.317,-5543.858,-386.256,119.463,-0.494493,-0.868201,0.041274,0.867794,-0.490465,0.079856,-0.049087,0.075306,0.995952,0,0.97677,0.05573,58.606,0.111,-1,400.000,-1,375.000,950.000,325.000,325.000,300.000,300.000,-1,-1,-1,-1,725.000,625.000,-1,1000.000,2,0,2,0,0,0,0,0,0,2,2,2,2,0,0,2,0
129,-6940.029,-5492.766,-389.295,119.335,-0.492551,-0.869275,0.041882,0.868911,-0.488503,0.079736,-0.048854,0.075665,0.995936,0,0.97677,-0.06427,58.606,-0.129,-1,400.000,-1,375.000,900.000,325.000,325.000,300.000,300.000,-1,-1,-1,-1,700.000,625.000,-1,950.000,2,0,2,0,0,0,0,0,0,2,2,2,2,0,0,2,0
130,-6968.411,-5441.491,-392.246,118.966,-0.486936,-0.872411,0.042338,0.872082,-0.482908,0.079206,-0.048654,0.075490,0.995959,0,0.97677,-0.18427,58.606,-0.369,-1,400.000,-1,375.000,850.000,325.000,325.000,300.000,300.000,-1,-1,-1,-1,675.000,600.000,-1,900.000,2,0,2,0,0,0,0,0,0,2,2,2,2,0,0,2,0
131,-6996.247,-5389.917,-395.163,118.357,-0.477635,-0.877528,0.042535,0.877193,-0.473635,0.078749,-0.048958,0.074924,0.995987,0,0.97677,-0.30427,58.606,-0.609,-1,375.000,-1,350.000,825.000,325.000,300.000,300.000,300.000,-1,-1,-1,-1,675.000,600.000,-1,850.000,2,0,2,0,0,0,0,0,0,2,2,2,2,0,0,2,0
132,-7023.316,-5337.936,-398.062,117.509,-0.464586,-0.884510,0.042442,0.884126,-0.460621,0.078418,-0.049812,0.073956,0.996017,0,0.97677,-0.42427,58.606,-0.849,-1,375.000,-1,350.000,775.000,300.000,300.000,300.000,300.000,-1,-1,-1,-1,650.000,575.000,-1,800.000,2,0,2,0,0,0,0,0,0,2,2,2,2,0,0,2,0
133,-7049.390,-5285.449,-400.402,116.420,-0.447521,-0.893325,0.041170,0.892925,-0.443846,0.075401,-0.049085,0.070506,0.996303,0,0.97677,-0.54427,58.606,-1.089,-1,375.000,-1,350.000,750.000,300.000,300.000,300.000,300.000,-1,-1,-1,-1,625.000,575.000,-1,775.000,2,0,2,0,0,0,0,0,0,2,2,2,2,0,0,2,0
134,-7074.241,-5232.372,-402.521,115.092,-0.426432,-0.903670,0.039199,0.903260,-0.423152,0.071155,-0.047713,0.065750,0.996695,0,0.97677,-0.66427,58.606,-1.329,-1,375.000,-1,350.000,775.000,300.000,300.000,300.000,300.000,-1,-1,-1,-1,625.000,575.000,-1,775.000,2,0,2,0,0,0,0,0,0,2,2,2,2,0,0,2,0
135,-7097.653,-5178.645,-404.751,113.548,-0.401692,-0.915023,0.037093,0.914589,-0.398782,0.067088,-0.046595,0.060873,0.997057,0,0.97677,-0.77174,58.606,-1.543,-1,350.000,-1,350.000,775.000,300.000,300.000,300.000,325.000,-1,775.000,850.000,-1,625.000,575.000,-1,775.000,2,0,2,0,0,0,0,0,0,2,0,0,2,0,0,2,0
136,-7119.609,-5124.306,-407.072,112.005,-0.376665,-0.925693,0.034866,0.925233,-0.374096,0.063222,-0.045481,0.056073,0.997390,0,0.97677,-0.77174,58.606,-1.543,-1,350.000,-1,350.000,775.000,300.000,275.000,300.000,325.000,-1,650.000,725.000,-1,600.000,575.000,-1,775.000,2,0,2,0,0,0,0,0,0,2,0,0,2,0,0,2,0
137,-7140.096,-5069.398,-408.541,110.461,-0.351409,-0.935480,0.037264,0.935318,-0.349043,0.057869,-0.041128,0.055190,0.997628,0,0.97677,-0.77174,58.606,-1.543,-1,350.000,-1,350.000,800.000,300.000,300.000,300.000,325.000,-1,500.000,550.000,-1,625.000,575.000,-1,800.000,2,0,2,0,0,0,0,0,0,2,0,0,2,0,0,2,0
138,-7159.097,-5013.957,-410.044,108.918,-0.325882,-0.944573,0.039779,0.944707,-0.323730,0.052219,-0.036447,0.054597,0.997843,0,0.97677,-0.77174,58.606,-1.543,-1,350.000,-1,350.000,825.000,300.000,300.000,300.000,325.000,-1,400.000,450.000,-1,650.000,575.000,-1,825.000,2,0,2,0,0,0,0,0,0,2,0,0,2,0,0,2,0
139,-7176.598,-4958.025,-411.653,107.374,-0.300100,-0.952982,0.042024,0.953381,-0.298180,0.046397,-0.031684,0.053988,0.998039,0,0.97677,-0.77174,58.606,-1.543,-1,375.000,-1,350.000,850.000,300.000,300.000,325.000,300.000,-1,350.000,375.000,-1,650.000,575.000,-1,850.000,2,0,2,0,0,0,0,0,0,2,0,0,2,0,0,2,0
140,-7192.586,-4901.642,-413.365,105.831,-0.274082,-0.960700,0.043986,0.961332,-0.272412,0.040413,-0.026843,0.053362,0.998214,0,0.97677,-0.77174,58.606,-1.543,-1,375.000,-1,350.000,875.000,300.000,300.000,325.000,300.000,-1,275.000,325.000,-1,650.000,600.000,-1,900.000,2,0,2,0,0,0,0,0,0,2,0,0,2,0,0,2,0
141,-7207.050,-4844.848,-415.156,104.287,-0.247850,-0.967724,0.045614,0.968550,-0.246445,0.034301,-0.021953,0.052681,0.998370,0,0.97677,-0.77174,58.606,-1.543,-1,375.000,-1,350.000,925.000,300.000,300.000,325.000,300.000,-1,225.000,275.000,-1,650.000,600.000,-1,925.000,2,0,2,0,0,0,0,0,0,2,0,0,2,0,0,2,0
142,-7219.978,-4787.686,-416.967,102.744,-0.221432,-0.974062,0.046601,0.975024,-0.220301,0.028222,-0.017224,0.051686,0.998515,0,0.97677,-0.77174,58.606,-1.543,-1,375.000,-1,350.000,975.000,300.000,300.000,325.000,300.000,-1,200.000,225.000,-1,650.000,600.000,-1,-1,2,0,2,0,0,0,0,0,0,2,0,0,2,0,0,2,2
143,-7231.362,-4730.196,-418.868,101.201,-0.194848,-0.979695,0.047252,0.980755,-0.193995,0.022059,-0.012444,0.050641,0.998639,0,0.97677,-0.77174,58.606,-1.543,-1,375.000,-1,350.000,-1,300.000,300.000,325.000,300.000,-1,175.000,200.000,-1,650.000,600.000,-1,-1,2,0,2,0,2,0,0,0,0,2,0,0,2,0,0,2,2
144,-7241.193,-4672.420,-420.859,99.657,-0.168118,-0.984618,0.047567,0.985737,-0.167545,0.015827,-0.007614,0.049549,0.998743,0,0.97677,-0.77174,58.606,-1.543,-1,375.000,-1,350.000,-1,300.000,300.000,325.000,300.000,-1,175.000,175.000,-1,650.000,625.000,-1,-1,2,0,2,0,2,0,0,0,0,2,0,0,2,0,0,2,2
145,-7249.464,-4614.399,-422.446,98.114,-0.141314,-0.988914,0.045608,0.989957,-0.140983,0.010405,-0.003859,0.046621,0.998905,0,0.97677,-0.77174,58.606,-1.543,-1,375.000,-1,350.000,-1,300.000,300.000,300.000,300.000,-1,175.000,175.000,-1,650.000,625.000,-1,-1,2,0,2,0,2,0,0,0,0,2,0,0,2,0,0,2,2
146,-7256.167,-4556.177,-422.911,96.570,-0.114462,-0.992596,0.040642,0.993427,-0.114323,0.005732,-0.001044,0.041031,0.999157,0,0.97677,-0.77174,58.606,-1.543,-1,375.000,-1,350.000,-1,300.000,300.000,300.000,300.000,-1,175.000,200.000,-1,650.000,625.000,-1,-1,2,0,2,0,2,0,0,0,0,2,0,0,2,0,0,2,2
147,-7261.106,-4502.598,-422.102,95.267,-0.091749,-0.994937,0.041026,0.995782,-0.091714,0.002739,0.001038,0.041104,0.999154,0,0.89677,-0.65174,53.806,-1.303,-1,375.000,-1,350.000,-1,300.000,300.000,300.000,300.000,-1,225.000,250.000,-1,650.000,650.000,-1,-1,2,0,2,0,2,0,0,0,0,2,0,0,2,0,0,2,2
148,-7264.698,-4453.723,-421.406,94.203,-0.073168,-0.996466,0.041255,0.997315,-0.073232,-0.000033,0.003054,0.041142,0.999149,0,0.81677,-0.53174,49.006,-1.063,-1,375.000,-1,375.000,-1,300.000,300.000,300.000,300.000,-1,275.000,275.000,-1,675.000,650.000,-1,-1,2,0,2,0,2,0,0,0,0,2,0,0,2,0,0,2,2
149,-7267.304,-4409.594,-420.810,93.380,-0.058747,-0.997416,0.041353,0.998260,-0.058903,-0.002550,0.004979,0.041131,0.999141,0,0.73677,-0.41174,44.206,-0.823,-1,375.000,-1,375.000,-1,300.000,300.000,325.000,300.000,-1,300.000,300.000,-1,675.000,675.000,-1,-1,2,0,2,0,2,0,0,0,0,2,0,0,2,0,0,2,2
150,-7269.227,-4370.234,-420.299,92.796,-0.048503,-0.997966,0.041363,0.998800,-0.048743,-0.004803,0.006809,0.041081,0.999133,0,0.65677,-0.29174,39.406,-0.583,-1,375.000,-1,375.000,-1,300.000,300.000,325.000,300.000,-1,325.000,325.000,-1,675.000,675.000,-1,-1,2,0,2,0,2,0,0,0,0,2,0,0,2,0,0,2,2
151,-7270.708,-4335.660,-419.862,92.453,-0.042444,-0.998244,0.041322,0.999062,-0.042760,-0.006783,0.008538,0.040996,0.999123,0,0.57677,-0.17174,34.606,-0.343,-1,375.000,-1,375.000,-1,300.000,300.000,325.000,300.000,-1,350.000,350.000,-1,700.000,700.000,-1,-1,2,0,2,0,2,0,0,0,0,2,0,0,2,0,0,2,2
152,-7271.930,-4305.878,-419.489,92.349,-0.040574,-0.998324,0.041260,0.999125,-0.040957,-0.008486,0.010162,0.040879,0.999112,0,0.49677,-0.05174,29.806,-0.103,-1,375.000,-1,375.000,-1,300.000,300.000,325.000,300.000,-1,375.000,375.000,-1,700.000,700.000,-1,-1,2,0,2,0,2,0,0,0,0,2,0,0,2,0,0,2,2
153,-7273.015,-4280.896,-419.177,92.486,-0.042893,-0.998230,0.041197,0.999011,-0.043336,-0.009910,0.011678,0.040732,0.999102,0,0.41677,0.06826,25.006,0.137,-1,375.000,-1,375.000,-1,300.000,300.000,325.000,300.000,-1,375.000,400.000,-1,700.000,700.000,-1,-1,2,0,2,0,2,0,0,0,0,2,0,0,2,0,0,2,2
154,-7274.024,-4260.715,-418.922,92.862,-0.049402,-0.997931,0.041151,0.998693,-0.049895,-0.011053,0.013083,0.040551,0.999092,0,0.33677,0.18826,20.206,0.377,-1,375.000,-1,375.000,-1,300.000,300.000,325.000,300.000,-1,400.000,400.000,-1,700.000,700.000,-1,-1,2,0,2,0,2,0,0,0,0,2,0,0,2,0,0,2,2
155,-7274.958,-4245.337,-418.724,93.479,-0.060095,-0.997345,0.041130,0.998089,-0.060631,-0.011914,0.014376,0.040335,0.999083,0,0.25677,0.30826,15.406,0.617,-1,375.000,-1,375.000,-1,300.000,300.000,325.000,300.000,-1,400.000,400.000,-1,725.000,700.000,-1,-1,2,0,2,0,2,0,0,0,0,2,0,0,2,0,0,2,2
156,-7275.760,-4234.761,-418.586,94.335,-0.074963,-0.996338,0.041135,0.997065,-0.075534,-0.012493,0.015555,0.040077,0.999076,0,0.17677,0.42826,10.606,0.857,-1,375.000,-1,375.000,-1,300.000,300.000,325.000,300.000,-1,400.000,425.000,-1,725.000,725.000,-1,-1,2,0,2,0,2,0,0,0,0,2,0,0,2,0,0,2,2
157,-7276.310,-4228.981,-418.515,95.432,-0.093991,-0.994722,0.041161,0.995434,-0.094588,-0.012792,0.016618,0.039771,0.999071,0,0.09677,0.54826,5.806,1.097,-1,375.000,-1,375.000,-1,300.000,300.000,325.000,300.000,-1,400.000,425.000,-1,725.000,725.000,-1,-1,2,0,2,0,2,0,0,0,0,2,0,0,2,0,0,2,2
158,-7276.428,-4227.982,-418.518,96.768,-0.117151,-0.992259,0.041197,0.992959,-0.117766,-0.012814,0.017566,0.039406,0.999069,0,0.01677,0.66826,1.006,1.337,-1,375.000,-1,375.000,-1,300.000,300.000,325.000,300.000,-1,400.000,425.000,-1,725.000,725.000,-1,-1,2,0,2,0,2,0,0,0,0,2,0,0,2,0,0,2,2
159,-7275.880,-4231.736,-418.606,98.301,-0.143646,-0.988770,0.041224,0.989459,-0.144269,-0.012564,0.018370,0.038984,0.999071,0,-0.06323,0.76644,-3.794,1.533,-1,375.000,-1,375.000,-1,300.000,300.000,325.000,300.000,-1,400.000,425.000,-1,725.000,725.000,-1,-1,2,0,2,0,2,0,0,0,0,2,0,0,2,0,0,2,2
160,-7275.027,-4236.658,-418.724,99.834,-0.170041,-0.984574,0.041231,0.985252,-0.170671,-0.012251,0.019099,0.038540,0.999075,0,-0.08325,0.76644,-4.995,1.533,-1,375.000,-1,375.000,-1,300.000,300.000,325.000,300.000,-1,400.000,425.000,-1,725.000,700.000,-1,-1,2,0,2,0,2,0,0,0,0,2,0,0,2,0,0,2,2
161,-7274.042,-4241.556,-418.850,101.367,-0.196316,-0.979674,0.041222,0.980340,-0.196952,-0.011945,0.019821,0.038067,0.999079,0,-0.08325,0.76644,-4.995,1.533,-1,375.000,-1,375.000,-1,300.000,300.000,325.000,300.000,-1,400.000,425.000,-1,725.000,700.000,-1,-1,2,0,2,0,2,0,0,0,0,2,0,0,2,0,0,2,2
162,-7272.927,-4246.425,-418.986,102.900,-0.222451,-0.974073,0.041197,0.974728,-0.223093,-0.011644,0.020533,0.037566,0.999083,0,-0.08325,0.76644,-4.995,1.533,-1,375.000,-1,375.000,-1,300.000,300.000,325.000,300.000,-1,400.000,450.000,-1,725.000,700.000,-1,-1,2,0,2,0,2,0,0,0,0,2,0,0,2,0,0,2,2
163,-7272.877,-4246.614,-419.038,104.673,-0.252467,-0.966728,0.041198,0.967363,-0.253127,-0.011598,0.021641,0.036925,0.999084,0,-0.00325,0.88644,-0.195,1.773,-1,375.000,-1,375.000,-1,300.000,300.000,325.000,300.000,-1,400.000,450.000,-1,725.000,700.000,-1,-1,2,0,2,0,2,0,0,0,0,2,0,0,2,0,0,2,2
164,-7274.198,-4242.203,-418.996,106.673,-0.286030,-0.957333,0.041247,0.957942,-0.286720,-0.011796,0.023119,0.036138,0.999079,0,0.07675,1.00000,4.605,2.000,-1,375.000,-1,375.000,-1,300.000,300.000,325.000,300.000,-1,425.000,450.000,-1,725.000,700.000,-1,-1,2,0,2,0,2,0,0,0,0,2,0,0,2,0,0,2,2
165,-7277.209,-4233.293,-418.842,108.673,-0.319236,-0.946772,0.041368,0.947350,-0.319965,-0.012227,0.024812,0.035286,0.999069,0,0.15675,1.00000,9.405,2.000,-1,375.000,-1,375.000,-1,300.000,300.000,325.000,300.000,-1,425.000,475.000,-1,725.000,700.000,-1,-1,2,0,2,0,2,0,0,0,0,2,0,0,2,0,0,2,2
166,-7282.223,-4220.003,-418.565,110.673,-0.352047,-0.935058,0.041583,0.935601,-0.352824,-0.012875,0.026710,0.034372,0.999052,0,0.23675,1.00000,14.205,2.000,-1,375.000,-1,375.000,-1,300.000,300.000,325.000,300.000,-1,450.000,500.000,-1,725.000,700.000,-1,-1,2,0,2,0,2,0,0,0,0,2,0,0,2,0,0,2,2
167,-7289.549,-4202.467,-418.155,112.673,-0.384421,-0.922206,0.041913,0.922708,-0.385254,-0.013721,0.028800,0.033399,0.999027,0,0.31675,1.00000,19.005,2.000,-1,375.000,-1,375.000,-1,325.000,300.000,325.000,300.000,-1,450.000,525.000,-1,750.000,725.000,-1,-1,2,0,2,0,2,0,0,0,0,2,0,0,2,0,0,2,2
168,-7299.485,-4180.836,-417.601,114.673,-0.416321,-0.908230,0.042378,0.908687,-0.417218,-0.014744,0.031072,0.032370,0.998993,0,0.39675,1.00000,23.805,2.000,-1,400.000,-1,375.000,-1,325.000,300.000,325.000,300.000,-1,475.000,550.000,-1,750.000,725.000,-1,-1,2,0,2,0,2,0,0,0,0,2,0,0,2,0,0,2,2
169,-7312.326,-4155.275,-416.895,116.673,-0.447706,-0.893146,0.042995,0.893552,-0.448676,-0.015924,0.033513,0.031289,0.998948,0,0.47675,1.00000,28.605,2.000,-1,400.000,-1,375.000,-1,325.000,300.000,325.000,300.000,-1,500.000,550.000,-1,750.000,725.000,-1,-1,2,0,2,0,2,0,0,0,0,2,0,0,2,0,0,2,2
170,-7328.353,-4125.966,-416.030,118.673,-0.478539,-0.876974,0.043777,0.877323,-0.479590,-0.017237,0.036112,0.030158,0.998893,0,0.55675,1.00000,33.405,2.000,-1,400.000,-1,375.000,-1,325.000,325.000,325.000,300.000,-1,450.000,525.000,-1,775.000,725.000,-1,-1,2,0,2,0,2,0,0,0,0,2,0,0,2,0,0,2,2
171,-7346.554,-4095.279,-414.905,120.673,-0.508829,-0.859748,0.043902,0.860018,-0.509931,-0.018449,0.038248,0.028369,0.998866,0,0.59464,1.00000,35.679,2.000,-1,400.000,-1,375.000,-1,325.000,325.000,325.000,300.000,-1,450.000,525.000,-1,775.000,725.000,-1,-1,2,0,2,0,2,0,0,0,0,2,0,0,2,0,0,2,2
172,-7365.814,-4065.245,-413.518,122.673,-0.538561,-0.841489,0.042996,0.841655,-0.539664,-0.019506,0.039617,0.025683,0.998885,0,0.59464,1.00000,35.679,2.000,-1,400.000,-1,375.000,-1,325.000,325.000,300.000,300.000,-1,475.000,550.000,-1,775.000,750.000,-1,-1,2,0,2,0,2,0,0,0,0,2,0,0,2,0,0,2,2
173,-7388.701,-4031.858,-411.930,124.433,-0.564188,-0.824571,0.042127,0.824630,-0.565291,-0.020784,0.040952,0.023013,0.998896,0,0.67464,0.88000,40.479,1.760,-1,400.000,-1,375.000,-1,325.000,325.000,300.000,300.000,-1,500.000,575.000,-1,775.000,750.000,-1,-1,2,0,2,0,2,0,0,0,0,2,0,0,2,0,0,2,2
174,-7415.285,-3995.205,-410.174,125.953,-0.585898,-0.809330,0.041334,0.809287,-0.586997,-0.022121,0.042166,0.020490,0.998900,0,0.75464,0.76000,45.279,1.520,-1,400.000,-1,400.000,-1,325.000,325.000,300.000,300.000,-1,525.000,600.000,-1,775.000,750.000,-1,-1,2,0,2,0,2,0,0,0,0,2,0,0,2,0,0,2,2
175,-7445.584,-3955.333,-408.246,127.233,-0.603865,-0.796052,0.040592,0.795910,-0.604957,-0.023527,0.043285,0.018101,0.998899,0,0.83464,0.64000,50.079,1.280,-1,400.000,-1,400.000,-1,325.000,325.000,300.000,300.000,-1,550.000,625.000,-1,800.000,775.000,-1,-1,2,0,2,0,2,0,0,0,0,2,0,0,2,0,0,2,2
176,-7477.454,-3914.939,-406.251,128.273,-0.618247,-0.784971,0.039888,0.784731,-0.619330,-0.025041,0.044360,0.015820,0.998890,0,0.85753,0.52000,51.452,1.040,-1,400.000,-1,400.000,-1,325.000,325.000,300.000,300.000,-1,575.000,650.000,-1,800.000,775.000,-1,-1,2,0,2,0,2,0,0,0,0,2,0,0,2,0,0,2,2
177,-7509.884,-3874.994,-404.247,129.073,-0.629177,-0.776272,0.039220,0.775936,-0.630249,-0.026616,0.045379,0.013686,0.998876,0,0.85753,0.40000,51.452,0.800,-1,400.000,-1,400.000,-1,325.000,325.000,300.000,300.000,-1,575.000,675.000,-1,800.000,800.000,-1,-1,2,0,2,0,2,0,0,0,0,2,0,0,2,0,0,2,2
178,-7542.703,-3835.368,-402.174,129.633,-0.636761,-0.770090,0.038686,0.769689,-0.637819,-0.027679,0.045990,0.012152,0.998868,0,0.85753,0.28000,51.452,0.560,-1,400.000,-1,400.000,-1,325.000,325.000,300.000,300.000,-1,600.000,700.000,-1,800.000,800.000,-1,-1,2,0,2,0,2,0,0,0,0,2,0,0,2,0,0,2,2
179,-7575.743,-3795.927,-399.849,129.953,-0.641071,-0.766517,0.038463,0.766129,-0.642111,-0.027204,0.045550,0.012028,0.998890,0,0.85753,0.16000,51.452,0.320,-1,400.000,-1,400.000,-1,325.000,325.000,300.000,300.000,-1,675.000,775.000,-1,800.000,800.000,-1,-1,2,0,2,0,2,0,0,0,0,2,0,0,2,0,0,2,2
180,-7608.838,-3756.531,-397.536,130.033,-0.642158,-0.765620,0.038214,0.765248,-0.643180,-0.026745,0.045055,0.012068,0.998912,0,0.85753,0.04000,51.452,0.080,-1,400.000,-1,400.000,-1,325.000,325.000,300.000,300.000,-1,750.000,850.000,-1,825.000,800.000,-1,-1,2,0,2,0,2,0,0,0,0,2,0,0,2,0,0,2,2
181,-7641.159,-3717.839,-395.286,129.873,-0.640032,-0.767411,0.037946,0.767058,-0.641038,-0.026311,0.044516,0.012267,0.998933,0,0.84027,-0.08000,50.416,-0.160,-1,400.000,-1,400.000,-1,325.000,325.000,300.000,300.000,-1,825.000,925.000,-1,825.000,800.000,-1,-1,2,0,2,0,2,0,0,0,0,2,0,0,2,0,0,2,2
182,-7673.209,-3678.921,-393.059,129.473,-0.634672,-0.771864,0.037637,0.771533,-0.635663,-0.025894,0.043911,0.012604,0.998956,0,0.84027,-0.20000,50.416,-0.400,-1,400.000,-1,400.000,-1,325.000,325.000,300.000,300.000,-1,900.000,975.000,-1,825.000,825.000,-1,-1,2,0,2,0,2,0,0,0,0,2,0,0,2,0,0,2,2
183,-7704.823,-3639.648,-390.869,128.833,-0.626027,-0.778912,0.037223,0.778604,-0.626998,-0.025492,0.043195,0.013023,0.998982,0,0.84027,-0.32000,50.416,-0.640,-1,400.000,-1,400.000,-1,325.000,325.000,300.000,300.000,-1,975.000,-1,-1,825.000,825.000,-1,-1,2,0,2,0,2,0,0,0,0,2,0,2,2,0,0,2,2
184,-7735.829,-3599.895,-388.703,127.953,-0.614005,-0.788444,0.036805,0.788161,-0.614956,-0.025102,0.042425,0.013596,0.999007,0,0.84027,-0.44000,50.416,-0.880,-1,400.000,-1,400.000,-1,325.000,325.000,300.000,300.000,-1,-1,-1,-1,850.000,825.000,-1,-1,2,0,2,0,2,0,0,0,0,2,2,2,2,0,0,2,2
185,-7766.053,-3559.542,-386.562,126.833,-0.598488,-0.800305,0.036385,0.800052,-0.599422,-0.024721,0.041594,0.014314,0.999032,0,0.84027,-0.56000,50.416,-1.120,-1,400.000,-1,400.000,-1,325.000,325.000,300.000,300.000,-1,-1,-1,-1,850.000,825.000,-1,-1,2,0,2,0,2,0,0,0,0,2,2,2,2,0,0,2,2
186,-7795.311,-3518.484,-384.458,125.473,-0.579336,-0.814297,0.035932,0.814074,-0.580251,-0.024347,0.040675,0.015146,0.999058,0,0.84027,-0.68000,50.416,-1.360,-1,400.000,-1,400.000,-1,325.000,325.000,300.000,300.000,-1,-1,-1,-1,850.000,825.000,-1,-1,2,0,2,0,2,0,0,0,0,2,2,2,2,0,0,2,2
187,-7823.410,-3476.625,-382.431,123.873,-0.556392,-0.830170,0.035286,0.829978,-0.557281,-0.023961,0.039556,0.015955,0.999090,0,0.84027,-0.80000,50.416,-1.600,-1,400.000,-1,400.000,-1,325.000,325.000,300.000,300.000,-1,-1,-1,-1,875.000,825.000,-1,-1,2,0,2,0,2,0,0,0,0,2,2,2,2,0,0,2,2
188,-7850.151,-3433.885,-380.504,122.033,-0.529462,-0.847622,0.034751,0.847464,-0.530330,-0.023578,0.038415,0.016966,0.999118,0,0.84027,-0.92000,50.416,-1.840,-1,400.000,-1,400.000,-1,325.000,325.000,300.000,300.000,-1,-1,-1,-1,875.000,825.000,-1,-1,2,0,2,0,2,0,0,0,0,2,2,2,2,0,0,2,2
189,-7875.385,-3390.238,-378.631,120.033,-0.499575,-0.865599,0.034115,0.865475,-0.500416,-0.023175,0.037132,0.017948,0.999149,0,0.84027,-1.00000,50.416,-2.000,-1,400.000,-1,400.000,-1,325.000,325.000,300.000,300.000,-1,-1,-1,-1,875.000,825.000,-1,-1,2,0,2,0,2,0,0,0,0,2,2,2,2,0,0,2,2
190,-7899.079,-3345.737,-376.845,118.033,-0.469083,-0.882520,0.033460,0.882433,-0.469894,-0.022600,0.035668,0.018924,0.999185,0,0.84027,-1.00000,50.416,-2.000,-1,400.000,-1,400.000,-1,325.000,325.000,300.000,300.000,-1,-1,-1,-1,900.000,825.000,-1,-1,2,0,2,0,2,0,0,0,0,2,2,2,2,0,0,2,2
191,-7921.206,-3300.436,-375.282,116.033,-0.438017,-0.898355,0.033148,0.898332,-0.438796,-0.021385,0.033757,0.020411,0.999222,0,0.84027,-1.00000,50.416,-2.000,-1,400.000,-1,400.000,-1,325.000,325.000,300.000,300.000,-1,-1,-1,-1,900.000,825.000,-1,-1,2,0,2,0,2,0,0,0,0,2,2,2,2,0,0,2,2
192,-7941.739,-3254.391,-373.790,114.033,-0.406419,-0.913094,0.032923,0.913132,-0.407164,-0.020181,0.031832,0.021861,0.999254,0,0.84027,-1.00000,50.416,-2.000,-1,425.000,-1,400.000,-1,325.000,325.000,300.000,300.000,-1,-1,-1,-1,900.000,825.000,-1,-1,2,0,2,0,2,0,0,0,0,2,2,2,2,0,0,2,2
193,-7960.653,-3207.657,-372.356,112.033,-0.374328,-0.926718,0.032739,0.926815,-0.375037,-0.018988,0.029875,0.023235,0.999284,0,0.84027,-1.00000,50.416,-2.000,-1,425.000,-1,400.000,-1,325.000,325.000,300.000,300.000,-1,-1,-1,-1,900.000,825.000,-1,-1,2,0,2,0,2,0,0,0,0,2,2,2,2,0,0,2,2
194,-7977.923,-3160.291,-371.014,110.033,-0.341786,-0.939217,0.032479,0.939363,-0.342458,-0.017891,0.027926,0.024395,0.999312,0,0.84027,-1.00000,50.416,-2.000,-1,425.000,-1,400.000,-1,325.000,325.000,300.000,300.000,-1,-1,-1,-1,875.000,800.000,-1,-1,2,0,2,0,2,0,0,0,0,2,2,2,2,0,0,2,2
195,-7993.530,-3112.352,-369.903,108.033,-0.308866,-0.950587,0.031401,0.950767,-0.309468,-0.016458,0.025362,0.024772,0.999371,0,0.84027,-1.00000,50.416,-2.000,-1,400.000,-1,400.000,-1,325.000,325.000,300.000,300.000,-1,-1,-1,-1,875.000,800.000,-1,-1,2,0,2,0,2,0,0,0,0,2,2,2,2,0,0,2,2
196,-8007.455,-3063.897,-368.835,106.033,-0.275566,-0.960800,0.030456,0.961012,-0.276102,-0.014981,0.022803,0.025140,0.999424,0,0.84027,-1.00000,50.416,-2.000,-1,400.000,-1,400.000,-1,325.000,325.000,300.000,300.000,-1,-1,-1,-1,850.000,800.000,-1,-1,2,0,2,0,2,0,0,0,0,2,2,2,2,0,0,2,2
197,-8019.679,-3014.985,-367.817,104.033,-0.241928,-0.969842,0.029627,0.970082,-0.242400,-0.013506,0.020280,0.025473,0.999470,0,0.84027,-1.00000,50.416,-2.000,-1,400.000,-1,400.000,-1,325.000,325.000,300.000,300.000,-1,-1,-1,-1,850.000,775.000,-1,-1,2,0,2,0,2,0,0,0,0,2,2,2,2,0,0,2,2
198,-8030.190,-2965.677,-366.882,102.033,-0.207990,-0.977707,0.028803,0.977967,-0.208405,-0.012179,0.017910,0.025635,0.999511,0,0.84027,-1.00000,50.416,-2.000,-1,400.000,-1,400.000,-1,325.000,325.000,300.000,300.000,-1,-1,-1,-1,825.000,775.000,-1,-1,2,0,2,0,2,0,0,0,0,2,2,2,2,0,0,2,2
199,-8038.973,-2916.032,-366.005,100.033,-0.173796,-0.984382,0.028053,0.984658,-0.174156,-0.010907,0.015622,0.025727,0.999547,0,0.84027,-1.00000,50.416,-2.000,-1,400.000,-1,400.000,-1,325.000,325.000,300.000,300.000,-1,-1,-1,-1,825.000,775.000,-1,-1,2,0,2,0,2,0,0,0,0,2,2,2,2,0,0,2,2
200,-8046.018,-2866.110,-365.184,98.033,-0.139387,-0.989859,0.027383,0.990147,-0.139695,-0.009687,0.013414,0.025763,0.999578,0,0.84027,-1.00000,50.416,-2.000,-1,400.000,-1,400.000,-1,325.000,325.000,300.000,300.000,-1,-1,-1,-1,800.000,775.000,-1,-1,2,0,2,0,2,0,0,0,0,2,2,2,2,0,0,2,2
201,-8051.002,-2820.767,-364.483,96.273,-0.108962,-0.993683,0.026840,0.993979,-0.109228,-0.008625,0.011502,0.025739,0.999603,0,0.76027,-0.88000,45.616,-1.760,-1,400.000,-1,400.000,-1,325.000,325.000,325.000,300.000,-1,-1,-1,-1,800.000,750.000,-1,-1,2,0,2,0,2,0,0,0,0,2,2,2,2,0,0,2,2
202,-8054.384,-2780.091,-363.887,94.753,-0.082602,-0.996233,0.026405,0.996534,-0.082831,-0.007704,0.009862,0.025677,0.999622,0,0.68027,-0.76000,40.816,-1.520,-1,400.000,-1,400.000,-1,325.000,325.000,325.000,300.000,-1,-1,-1,-1,775.000,750.000,-1,-1,2,0,2,0,2,0,0,0,0,2,2,2,2,0,0,2,2
203,-8056.799,-2740.287,-363.330,93.473,-0.060360,-0.997838,0.026004,0.998141,-0.060556,-0.006817,0.008377,0.025544,0.999639,0,0.66463,-0.64000,39.878,-1.280,-1,400.000,-1,400.000,-1,325.000,325.000,325.000,300.000,-1,-1,-1,-1,775.000,750.000,-1,-1,2,0,2,0,2,0,0,0,0,2,2,2,2,0,0,2,2
204,-8058.492,-2700.445,-362.793,92.433,-0.042270,-0.998778,0.025615,0.999082,-0.042435,-0.005934,0.007013,0.025341,0.999654,0,0.66463,-0.52000,39.878,-1.040,-1,400.000,-1,400.000,-1,325.000,325.000,325.000,300.000,-1,-1,-1,-1,775.000,750.000,-1,-1,2,0,2,0,2,0,0,0,0,2,2,2,2,0,0,2,2
205,-8059.628,-2660.584,-362.272,91.633,-0.028350,-0.999280,0.025228,0.999581,-0.028486,-0.005046,0.005761,0.025075,0.999669,0,0.66463,-0.40000,39.878,-0.800,-1,400.000,-1,375.000,-1,325.000,325.000,325.000,300.000,-1,-1,-1,-1,750.000,750.000,-1,-1,2,0,2,0,2,0,0,0,0,2,2,2,2,0,0,2,2
206,-8060.374,-2620.713,-361.848,91.073,-0.018603,-0.999515,0.024991,0.999815,-0.018719,-0.004411,0.004877,0.024904,0.999678,0,0.66463,-0.28000,39.878,-0.560,-1,375.000,-1,375.000,-1,325.000,325.000,325.000,300.000,-1,-1,-1,-1,750.000,750.000,-1,-1,2,0,2,0,2,0,0,0,0,2,2,2,2,0,0,2,2
207,-8060.898,-2580.839,-361.578,90.753,-0.013016,-0.999608,0.024792,0.999903,-0.013136,-0.004669,0.004993,0.024729,0.999682,0,0.66463,-0.16000,39.878,-0.320,-1,375.000,-1,375.000,-1,325.000,325.000,325.000,300.000,-1,-1,-1,-1,750.000,750.000,-1,-1,2,0,2,0,2,0,0,0,0,2,2,2,2,0,0,2,2
208,-8061.367,-2540.964,-361.305,90.673,-0.011616,-0.999630,0.024615,0.999919,-0.011740,-0.004926,0.005213,0.024556,0.999685,0,0.66463,-0.04000,39.878,-0.080,-1,375.000,-1,375.000,-1,325.000,325.000,325.000,300.000,-1,-1,-1,-1,750.000,750.000,-1,-1,2,0,2,0,2,0,0,0,0,2,2,2,2,0,0,2,2
209,-8061.911,-2501.090,-361.033,90.782,-0.013514,-0.999610,0.024427,0.999894,-0.013644,-0.005160,0.005492,0.024354,0.999688,0,0.66463,0.05457,39.878,0.109,-1,375.000,-1,375.000,-1,325.000,325.000,325.000,300.000,-1,-1,-1,-1,750.000,750.000,-1,-1,2,0,2,0,2,0,0,0,0,2,2,2,2,0,0,2,2
210,-8062.531,-2461.217,-360.759,90.891,-0.015413,-0.999587,0.024235,0.999865,-0.015548,-0.005395,0.005770,0.024149,0.999692,0,0.66463,0.05457,39.878,0.109,-1,375.000,-1,375.000,-1,325.000,325.000,325.000,300.000,-1,-1,-1,-1,750.000,750.000,-1,-1,2,0,2,0,2,0,0,0,0,2,2,2,2,0,0,2,2
211,-8063.227,-2421.346,-360.483,91.000,-0.017312,-0.999561,0.024041,0.999832,-0.017452,-0.005631,0.006048,0.023940,0.999695,0,0.66463,0.05457,39.878,0.109,-1,375.000,-1,375.000,-1,325.000,325.000,325.000,300.000,-1,-1,-1,-1,750.000,750.000,-1,-1,2,0,2,0,2,0,0,0,0,2,2,2,2,0,0,2,2
212,-8063.999,-2381.476,-360.206,91.109,-0.019211,-0.999531,0.023844,0.999795,-0.019356,-0.005866,0.006325,0.023726,0.999698,0,0.66463,0.05457,39.878,0.109,-1,375.000,-1,400.000,-1,325.000,325.000,325.000,300.000,-1,-1,-1,-1,725.000,725.000,-1,-1,2,0,2,0,2,0,0,0,0,2,2,2,2,0,0,2,2
213,-8064.847,-2341.607,-359.928,91.219,-0.021110,-0.999498,0.023644,0.999755,-0.021260,-0.006102,0.006602,0.023509,0.999702,0,0.66463,0.05457,39.878,0.109,-1,375.000,-1,400.000,-1,325.000,325.000,325.000,300.000,-1,-1,-1,-1,725.000,725.000,-1,-1,2,0,2,0,2,0,0,0,0,2,2,2,2,0,0,2,2
214,-8065.771,-2301.740,-359.648,91.328,-0.023009,-0.999460,0.023441,0.999712,-0.023164,-0.006340,0.006879,0.023288,0.999705,0,0.66463,0.05457,39.878,0.109,-1,400.000,-1,400.000,-1,325.000,325.000,325.000,300.000,-1,-1,-1,-1,725.000,725.000,-1,-1,2,0,2,0,2,0,0,0,0,2,2,2,2,0,0,2,2
215,-8066.771,-2261.875,-359.368,91.437,-0.024909,-0.999420,0.023235,0.999664,-0.025068,-0.006578,0.007156,0.023063,0.999708,0,0.66463,0.05457,39.878,0.109,-1,375.000,-1,375.000,-1,325.000,325.000,325.000,300.000,-1,-1,-1,-1,725.000,725.000,-1,-1,2,0,2,0,2,0,0,0,0,2,2,2,2,0,0,2,2
216,-8067.847,-2222.012,-359.085,91.546,-0.026808,-0.999375,0.023026,0.999613,-0.026971,-0.006817,0.007433,0.022834,0.999712,0,0.66463,0.05457,39.878,0.109,-1,375.000,-1,375.000,-1,325.000,325.000,325.000,300.000,-1,-1,-1,-1,725.000,725.000,-1,-1,2,0,2,0,2,0,0,0,0,2,2,2,2,0,0,2,2
217,-8068.998,-2182.151,-358.802,91.655,-0.028707,-0.999327,0.022813,0.999558,-0.028875,-0.007057,0.007711,0.022601,0.999715,0,0.66463,0.05457,39.878,0.109,-1,375.000,-1,375.000,-1,300.000,325.000,325.000,300.000,-1,-1,-1,-1,725.000,725.000,-1,-1,2,0,2,0,2,0,0,0,0,2,2,2,2,0,0,2,2
218,-8070.533,-2137.500,-358.480,91.968,-0.034164,-0.999161,0.022564,0.999384,-0.034336,-0.007306,0.008075,0.022300,0.999719,0,0.74463,0.15657,44.678,0.313,-1,375.000,-1,375.000,-1,300.000,325.000,325.000,300.000,-1,-1,-1,-1,725.000,725.000,-1,-1,2,0,2,0,2,0,0,0,0,2,2,2,2,0,0,2,2
219,-8072.502,-2088.062,-358.119,92.281,-0.039619,-0.998966,0.022278,0.999179,-0.039797,-0.007589,0.008467,0.021959,0.999723,0,0.82463,0.15657,49.478,0.313,-1,375.000,-1,375.000,-1,300.000,300.000,325.000,300.000,-1,-1,-1,-1,725.000,725.000,-1,-1,2,0,2,0,2,0,0,0,0,2,2,2,2,0,0,2,2
220,-8074.959,-2033.840,-357.718,92.594,-0.045074,-0.998742,0.021951,0.998944,-0.045257,-0.007907,0.008890,0.021572,0.999728,0,0.90463,0.15657,54.278,0.313,-1,375.000,-1,375.000,-1,300.000,300.000,325.000,300.000,-1,-1,-1,-1,700.000,725.000,-1,-1,2,0,2,0,2,0,0,0,0,2,2,2,2,0,0,2,2
221,-8077.722,-1979.447,-357.308,92.908,-0.050527,-0.998489,0.021598,0.998679,-0.050715,-0.008221,0.009304,0.021154,0.999733,0,0.90771,0.15657,54.463,0.313,-1,375.000,-1,375.000,-1,300.000,300.000,325.000,300.000,-1,-1,-1,-1,700.000,725.000,-1,-1,2,0,2,0,2,0,0,0,0,2,2,2,2,0,0,2,2
222,-8080.782,-1925.071,-356.578,93.221,-0.055969,-0.998206,0.021283,0.998380,-0.056172,-0.009037,0.010216,0.020743,0.999733,0,0.90771,0.15657,54.463,0.313,-1,375.000,-1,375.000,-1,300.000,300.000,325.000,300.000,-1,-1,-1,-1,700.000,725.000,-1,-1,2,0,2,0,2,0,0,0,0,2,2,2,2,0,0,2,2
223,-8084.139,-1870.711,-355.693,93.534,-0.061397,-0.997881,0.021527,0.998048,-0.061626,-0.010139,0.011444,0.020862,0.999717,0,0.90771,0.15657,54.463,0.313,-1,375.000,-1,375.000,-1,300.000,300.000,325.000,325.000,-1,-1,-1,-1,700.000,725.000,-1,-1,2,0,2,0,2,0,0,0,0,2,2,2,2,0,0,2,2
224,-8087.793,-1816.372,-354.800,93.847,-0.066823,-0.997527,0.021764,0.997684,-0.067079,-0.011250,0.012682,0.020962,0.999700,0,0.90771,0.15657,54.463,0.313,-1,375.000,-1,375.000,-1,300.000,300.000,325.000,325.000,-1,-1,-1,-1,700.000,725.000,-1,-1,2,0,2,0,2,0,0,0,0,2,2,2,2,0,0,2,2
225,-8091.744,-1762.052,-353.897,94.160,-0.072246,-0.997144,0.021994,0.997290,-0.072530,-0.012371,0.013931,0.021041,0.999682,0,0.90771,0.15657,54.463,0.313,-1,375.000,-1,375.000,-1,300.000,300.000,325.000,325.000,-1,-1,-1,-1,700.000,725.000,-1,-1,2,0,2,0,2,0,0,0,0,2,2,2,2,0,0,2,2
226,-8095.992,-1707.756,-352.986,94.473,-0.077667,-0.996732,0.022218,0.996864,-0.077978,-0.013504,0.015192,0.021100,0.999662,0,0.90771,0.15657,54.463,0.313,-1,375.000,-1,375.000,-1,300.000,300.000,325.000,325.000,-1,-1,-1,-1,725.000,725.000,-1,-1,2,0,2,0,2,0,0,0,0,2,2,2,2,0,0,2,2
227,-8100.537,-1653.483,-352.065,94.787,-0.083085,-0.996290,0.022435,0.996406,-0.083425,-0.014649,0.016467,0.021137,0.999641,0,0.90771,0.15657,54.463,0.313,-1,375.000,-1,375.000,-1,300.000,300.000,325.000,325.000,-1,975.000,-1,-1,725.000,725.000,-1,-1,2,0,2,0,2,0,0,0,0,2,0,2,2,0,0,2,2
228,-8105.378,-1599.236,-351.135,95.100,-0.088500,-0.995819,0.022645,0.995918,-0.088868,-0.015808,0.017755,0.021153,0.999619,0,0.90771,0.15657,54.463,0.313,-1,375.000,-1,375.000,-1,300.000,300.000,325.000,325.000,-1,900.000,-1,-1,725.000,725.000,-1,-1,2,0,2,0,2,0,0,0,0,2,0,2,2,0,0,2,2
229,-8110.515,-1545.016,-350.195,95.413,-0.093912,-0.995318,0.022848,0.995398,-0.094310,-0.016983,0.019058,0.021148,0.999595,0,0.90771,0.15657,54.463,0.313,-1,375.000,-1,375.000,-1,300.000,300.000,325.000,325.000,-1,825.000,925.000,-1,725.000,725.000,-1,-1,2,0,2,0,2,0,0,0,0,2,0,0,2,0,0,2,2
230,-8115.949,-1490.825,-349.244,95.726,-0.099321,-0.994789,0.023043,0.994847,-0.099748,-0.018173,0.020377,0.021119,0.999569,0,0.90771,0.15657,54.463,0.313,-1,375.000,-1,375.000,-1,300.000,300.000,325.000,325.000,-1,750.000,850.000,-1,725.000,725.000,-1,-1,2,0,2,0,2,0,0,0,0,2,0,0,2,0,0,2,2
231,-8121.679,-1436.664,-348.284,96.039,-0.104727,-0.994230,0.023231,0.994264,-0.105184,-0.019380,0.021712,0.021068,0.999542,0,0.90771,0.15657,54.463,0.313,-1,375.000,-1,375.000,-1,300.000,300.000,325.000,325.000,-1,700.000,775.000,-1,725.000,750.000,-1,-1,2,0,2,0,2,0,0,0,0,2,0,0,2,0,0,2,2
232,-8127.705,-1382.536,-347.312,96.352,-0.110130,-0.993641,0.023411,0.993650,-0.110616,-0.020605,0.023064,0.020993,0.999514,0,0.90771,0.15657,54.463,0.313,-1,375.000,-1,375.000,-1,300.000,300.000,325.000,325.000,-1,650.000,725.000,-1,725.000,750.000,-1,-1,2,0,2,0,2,0,0,0,0,2,0,0,2,0,0,2,2
233,-8134.026,-1328.441,-346.258,96.665,-0.115538,-0.993030,0.023304,0.993006,-0.116046,-0.021742,0.024295,0.020629,0.999492,0,0.90771,0.15657,54.463,0.313,-1,375.000,-1,375.000,-1,300.000,300.000,325.000,325.000,-1,625.000,700.000,-1,725.000,750.000,-1,-1,2,0,2,0,2,0,0,0,0,2,0,0,2,0,0,2,2
234,-8140.643,-1274.382,-344.954,96.979,-0.120960,-0.992397,0.022753,0.992334,-0.121473,-0.022738,0.025329,0.019828,0.999483,0,0.90771,0.15657,54.463,0.313,-1,375.000,-1,375.000,-1,300.000,300.000,325.000,325.000,-1,600.000,675.000,-1,725.000,750.000,-1,-1,2,0,2,0,2,0,0,0,0,2,0,0,2,0,0,2,2
235,-8147.556,-1220.360,-343.426,97.292,-0.126363,-0.991717,0.023033,0.991641,-0.126895,-0.023342,0.026072,0.019891,0.999462,0,0.90771,0.15657,54.463,0.313,-1,375.000,-1,375.000,-1,300.000,300.000,325.000,325.000,-1,625.000,700.000,-1,725.000,775.000,-1,-1,2,0,2,0,2,0,0,0,0,2,0,0,2,0,0,2,2
236,-8154.763,-1166.376,-341.885,97.605,-0.131761,-0.991007,0.023331,0.990919,-0.132313,-0.023949,0.026821,0.019964,0.999441,0,0.90771,0.15657,54.463,0.313,-1,375.000,-1,375.000,-1,325.000,325.000,325.000,325.000,-1,650.000,725.000,-1,750.000,775.000,-1,-1,2,0,2,0,2,0,0,0,0,2,0,0,2,0,0,2,2
237,-8162.266,-1112.433,-340.331,97.918,-0.137155,-0.990267,0.023645,0.990166,-0.137727,-0.024555,0.027572,0.020044,0.999419,0,0.90771,0.15657,54.463,0.313,-1,375.000,-1,400.000,-1,325.000,325.000,325.000,325.000,-1,675.000,725.000,-1,750.000,800.000,-1,-1,2,0,2,0,2,0,0,0,0,2,0,0,2,0,0,2,2
238,-8170.063,-1058.531,-338.763,98.231,-0.142544,-0.989498,0.023974,0.989383,-0.143137,-0.025160,0.028327,0.020133,0.999396,0,0.90771,0.15657,54.463,0.313,-1,375.000,-1,400.000,-1,325.000,325.000,325.000,325.000,-1,700.000,750.000,-1,775.000,800.000,-1,-1,2,0,2,0,2,0,0,0,0,2,0,0,2,0,0,2,2
239,-8178.155,-1004.673,-337.181,98.544,-0.147928,-0.988699,0.024321,0.988570,-0.148543,-0.025762,0.029084,0.020232,0.999372,0,0.90771,0.15657,54.463,0.313,-1,375.000,-1,400.000,-1,325.000,325.000,325.000,325.000,-1,700.000,750.000,-1,775.000,825.000,-1,-1,2,0,2,0,2,0,0,0,0,2,0,0,2,0,0,2,2
240,-8186.541,-950.860,-335.584,98.857,-0.153307,-0.987870,0.024687,0.987728,-0.153944,-0.026362,0.029843,0.020342,0.999348,0,0.90771,0.15657,54.463,0.313,-1,375.000,-1,400.000,-1,325.000,325.000,325.000,325.000,-1,725.000,775.000,-1,800.000,825.000,-1,-1,2,0,2,0,2,0,0,0,0,2,0,0,2,0,0,2,2
241,-8195.221,-897.093,-333.973,99.171,-0.158680,-0.987012,0.025071,0.986856,-0.159340,-0.026959,0.030603,0.020464,0.999322,0,0.90771,0.15657,54.463,0.313,-1,400.000,-1,400.000,-1,325.000,325.000,325.000,325.000,-1,750.000,800.000,-1,800.000,825.000,-1,-1,2,0,2,0,2,0,0,0,0,2,0,0,2,0,0,2,2
242,-8204.195,-843.375,-332.346,99.484,-0.164048,-0.986123,0.025475,0.985954,-0.164732,-0.027551,0.031365,0.020598,0.999296,0,0.90771,0.15657,54.463,0.313,-1,400.000,-1,400.000,-1,325.000,325.000,325.000,325.000,-1,750.000,800.000,-1,825.000,850.000,-1,-1,2,0,2,0,2,0,0,0,0,2,0,0,2,0,0,2,2
243,-8213.462,-789.706,-330.703,99.797,-0.169410,-0.985205,0.025900,0.985022,-0.170118,-0.028139,0.032128,0.020745,0.999268,0,0.90771,0.15657,54.463,0.313,-1,400.000,-1,400.000,-1,325.000,325.000,325.000,325.000,-1,775.000,825.000,-1,825.000,875.000,-1,-1,2,0,2,0,2,0,0,0,0,2,0,0,2,0,0,2,2
244,-8223.022,-736.089,-329.044,100.110,-0.174766,-0.984257,0.026347,0.984060,-0.175500,-0.028720,0.032892,0.020908,0.999240,0,0.90771,0.15657,54.463,0.313,-1,400.000,-1,425.000,-1,325.000,325.000,325.000,325.000,-1,775.000,825.000,-1,850.000,900.000,-1,-1,2,0,2,0,2,0,0,0,0,2,0,0,2,0,0,2,2
245,-8232.876,-682.525,-327.368,100.423,-0.180124,-0.983280,0.026760,0.983079,-0.180876,-0.028971,0.033326,0.021089,0.999222,0,0.90771,0.15657,54.463,0.313,-1,400.000,-1,425.000,-1,325.000,325.000,325.000,325.000,-1,825.000,850.000,-1,875.000,925.000,-1,-1,2,0,2,0,2,0,0,0,0,2,0,0,2,0,0,2,2
246,-8243.022,-629.016,-325.906,100.736,-0.185473,-0.982254,0.027869,0.982100,-0.186243,-0.028151,0.032842,0.022149,0.999215,0,0.90771,0.15657,54.463,0.313,-1,425.000,-1,425.000,-1,325.000,325.000,325.000,300.000,-1,900.000,925.000,-1,900.000,925.000,-1,-1,2,0,2,0,2,0,0,0,0,2,0,0,2,0,0,2,2
247,-8253.460,-575.563,-324.534,101.049,-0.190848,-0.981206,0.028490,0.981108,-0.191605,-0.026744,0.031700,0.022848,0.999236,0,0.90771,0.15657,54.463,0.313,-1,425.000,-1,425.000,-1,325.000,325.000,325.000,300.000,-1,-1,-1,-1,900.000,925.000,-1,-1,2,0,2,0,2,0,0,0,0,2,2,2,2,0,0,2,2
248,-8264.190,-522.168,-323.389,101.363,-0.196271,-0.980149,0.028026,0.980100,-0.196966,-0.024665,0.029695,0.022627,0.999303,0,0.90771,0.15657,54.463,0.313,-1,425.000,-1,425.000,-1,325.000,325.000,300.000,300.000,-1,-1,-1,-1,900.000,925.000,-1,-1,2,0,2,0,2,0,0,0,0,2,2,2,2,0,0,2,2
249,-8275.062,-468.419,-322.242,101.436,-0.197584,-0.979899,0.027524,0.979899,-0.198218,-0.022544,0.027547,0.022516,0.999367,0,0.91397,0.03657,54.838,0.073,-1,400.000,-1,425.000,-1,325.000,325.000,300.000,300.000,-1,-1,-1,-1,900.000,925.000,-1,-1,2,0,2,0,2,0,0,0,0,2,2,2,2,0,0,2,2
250,-8285.780,-414.629,-321.102,101.269,-0.194792,-0.980472,0.027024,0.980519,-0.195363,-0.020384,0.025265,0.022526,0.999427,0,0.91411,-0.08343,54.847,-0.167,-1,400.000,-1,425.000,-1,325.000,325.000,300.000,300.000,-1,-1,-1,-1,900.000,925.000,-1,-1,2,0,2,0,2,0,0,0,0,2,2,2,2,0,0,2,2
251,-8296.231,-360.778,-319.969,100.983,-0.189956,-0.981433,0.026574,0.981526,-0.190466,-0.018175,0.022898,0.022630,0.999482,0,0.91427,-0.14300,54.856,-0.286,-1,400.000,-1,400.000,-1,325.000,325.000,300.000,300.000,-1,-1,-1,-1,900.000,900.000,-1,-1,2,0,2,0,2,0,0,0,0,2,2,2,2,0,0,2,2
252,-8306.411,-306.869,-318.839,100.694,-0.185071,-0.982376,0.026200,0.982511,-0.185521,-0.015918,0.020498,0.022796,0.999530,0,0.91436,-0.14426,54.862,-0.289,-1,400.000,-1,425.000,-1,325.000,325.000,300.000,300.000,-1,-1,-1,-1,925.000,900.000,-1,-1,2,0,2,0,2,0,0,0,0,2,2,2,2,0,0,2,2
253,-8316.319,-252.907,-317.713,100.404,-0.180143,-0.983299,0.025903,0.983475,-0.180534,-0.013617,0.018066,0.023022,0.999572,0,0.91440,-0.14534,54.864,-0.291,-1,400.000,-1,425.000,-1,325.000,325.000,300.000,300.000,-1,-1,-1,-1,925.000,900.000,-1,-1,2,0,2,0,2,0,0,0,0,2,2,2,2,0,0,2,2
254,-8325.950,-198.896,-316.591,100.111,-0.175178,-0.984202,0.025680,0.984413,-0.175510,-0.011273,0.015602,0.023305,0.999607,0,0.91439,-0.14625,54.863,-0.293,-1,400.000,-1,425.000,-1,325.000,325.000,300.000,300.000,-1,-1,-1,-1,925.000,900.000,-1,-1,2,0,2,0,2,0,0,0,0,2,2,2,2,0,0,2,2
255,-8335.304,-144.840,-315.472,99.817,-0.170184,-0.985081,0.025531,0.985325,-0.170457,-0.008890,0.013109,0.023643,0.999635,0,0.91433,-0.14698,54.860,-0.294,-1,425.000,-1,425.000,-1,325.000,325.000,300.000,300.000,-1,-1,-1,-1,925.000,875.000,-1,-1,2,0,2,0,2,0,0,0,0,2,2,2,2,0,0,2,2
256,-8344.378,-90.741,-314.358,99.522,-0.165167,-0.985937,0.025455,0.986209,-0.165380,-0.006469,0.010588,0.024035,0.999655,0,0.91425,-0.14754,54.855,-0.295,-1,425.000,-1,425.000,-1,325.000,325.000,300.000,300.000,-1,-1,-1,-1,925.000,875.000,-1,-1,2,0,2,0,2,0,0,0,0,2,2,2,2,0,0,2,2
257,-8353.173,-36.602,-313.338,99.226,-0.160125,-0.986759,0.025817,0.987062,-0.160284,-0.004220,0.008303,0.024808,0.999658,0,0.91414,-0.14791,54.849,-0.296,-1,425.000,-1,425.000,-1,350.000,350.000,300.000,300.000,-1,-1,-1,-1,925.000,875.000,-1,-1,2,0,2,0,2,0,0,0,0,2,2,2,2,0,0,2,2
258,-8361.686,17.575,-312.827,98.930,-0.155067,-0.987505,0.028074,0.987887,-0.155170,-0.001517,0.005854,0.027498,0.999605,0,0.91402,-0.14811,54.841,-0.296,-1,425.000,-1,425.000,-1,350.000,350.000,300.000,300.000,-1,-1,-1,-1,925.000,850.000,-1,-1,2,0,2,0,2,0,0,0,0,2,2,2,2,0,0,2,2
259,-8369.918,71.787,-312.890,98.634,-0.150014,-0.988276,0.028384,0.988677,-0.150059,0.000528,0.003737,0.028142,0.999597,0,0.91390,-0.14812,54.834,-0.296,-1,425.000,-1,425.000,-1,350.000,350.000,300.000,300.000,-1,-1,-1,-1,900.000,850.000,-1,-1,2,0,2,0,2,0,0,0,0,2,2,2,2,0,0,2,2
260,-8377.868,126.034,-313.326,98.338,-0.144981,-0.989060,0.027216,0.989434,-0.144957,0.002896,0.001081,0.027348,0.999625,0,0.91377,-0.14795,54.826,-0.296,-1,425.000,-1,425.000,-1,350.000,325.000,300.000,300.000,-1,-1,-1,-1,900.000,825.000,-1,-1,2,0,2,0,2,0,0,0,0,2,2,2,2,0,0,2,2
261,-8385.537,180.315,-313.781,98.043,-0.139952,-0.989815,0.026081,0.990157,-0.139862,0.005290,-0.001588,0.026565,0.999646,0,0.91367,-0.14761,54.820,-0.295,-1,425.000,-1,400.000,-1,350.000,325.000,300.000,300.000,-1,-1,-1,-1,875.000,800.000,-1,-1,2,0,2,0,2,0,0,0,0,2,2,2,2,0,0,2,2
262,-8392.927,234.630,-314.253,97.749,-0.134933,-0.990540,0.024982,0.990845,-0.134781,0.007707,-0.004267,0.025793,0.999658,0,0.91358,-0.14708,54.815,-0.294,-1,425.000,-1,400.000,-1,325.000,325.000,300.000,300.000,-1,-1,-1,-1,875.000,800.000,-1,-1,2,0,2,0,2,0,0,0,0,2,2,2,2,0,0,2,2
263,-8400.039,288.978,-314.742,97.456,-0.129930,-0.991235,0.023917,0.991499,-0.129720,0.010147,-0.006956,0.025032,0.999662,0,0.91353,-0.14638,54.812,-0.293,-1,425.000,-1,400.000,-1,325.000,325.000,300.000,300.000,-1,-1,-1,-1,850.000,775.000,-1,-1,2,0,2,0,2,0,0,0,0,2,2,2,2,0,0,2,2
264,-8406.875,343.360,-315.247,97.165,-0.124950,-0.991899,0.022888,0.992116,-0.124686,0.012610,-0.009654,0.024283,0.999659,0,0.91351,-0.14550,54.811,-0.291,-1,425.000,-1,400.000,-1,325.000,325.000,275.000,300.000,-1,-1,-1,-1,825.000,775.000,-1,-1,2,0,2,0,2,0,0,0,0,2,2,2,2,0,0,2,2
265,-8413.437,397.779,-315.769,96.876,-0.119999,-0.992533,0.021896,0.992697,-0.119686,0.015095,-0.012361,0.023548,0.999646,0,0.91354,-0.14444,54.813,-0.289,-1,400.000,-1,400.000,-1,325.000,325.000,275.000,300.000,-1,-1,-1,-1,825.000,750.000,-1,-1,2,0,2,0,2,0,0,0,0,2,2,2,2,0,0,2,2
266,-8419.727,452.235,-316.307,96.589,-0.115083,-0.993135,0.020941,0.993241,-0.114725,0.017600,-0.015077,0.022825,0.999626,0,0.91363,-0.14321,54.818,-0.286,-1,400.000,-1,400.000,-1,325.000,325.000,275.000,300.000,-1,-1,-1,-1,800.000,750.000,-1,-1,2,0,2,0,2,0,0,0,0,2,2,2,2,0,0,2,2
267,-8425.749,506.730,-316.861,96.306,-0.110210,-0.993707,0.020022,0.993749,-0.109809,0.020124,-0.017799,0.022115,0.999597,0,0.91378,-0.14180,54.827,-0.284,-1,400.000,-1,400.000,-1,325.000,325.000,300.000,300.000,-1,-1,-1,-1,800.000,725.000,-1,-1,2,0,2,0,2,0,0,0,0,2,2,2,2,0,0,2,2
268,-8431.504,561.265,-317.428,96.025,-0.105375,-0.994248,0.019138,0.994221,-0.104936,0.022666,-0.020527,0.021416,0.999560,0,0.91397,-0.14049,54.838,-0.281,-1,400.000,-1,375.000,-1,325.000,325.000,300.000,300.000,-1,-1,-1,-1,775.000,725.000,-1,-1,2,0,2,0,2,0,0,0,0,2,2,2,2,0,0,2,2
269,-8436.992,615.828,-318.009,95.744,-0.100535,-0.994765,0.018290,0.994662,-0.100060,0.025222,-0.023260,0.020728,0.999515,0,0.91397,-0.14049,54.838,-0.281,-1,400.000,-1,375.000,-1,325.000,325.000,300.000,300.000,-1,-1,-1,-1,775.000,700.000,-1,-1,2,0,2,0,2,0,0,0,0,2,2,2,2,0,0,2,2
270,-8442.213,670.417,-318.787,95.463,-0.095686,-0.995244,0.018243,0.995099,-0.095181,0.026815,-0.024951,0.020719,0.999474,0,0.91397,-0.14049,54.838,-0.281,-1,400.000,-1,375.000,-1,325.000,300.000,300.000,300.000,-1,-1,-1,-1,750.000,700.000,-1,-1,2,0,2,0,2,0,0,0,0,2,2,2,2,0,0,2,2
271,-8447.166,725.031,-319.877,95.182,-0.090763,-0.995726,0.017076,0.995572,-0.090301,0.026132,-0.024478,0.019372,0.999513,0,0.91397,-0.14049,54.838,-0.281,-1,400.000,-1,375.000,-1,325.000,300.000,300.000,300.000,-1,-1,-1,-1,750.000,700.000,-1,-1,2,0,2,0,2,0,0,0,0,2,2,2,2,0,0,2,2
272,-8451.850,779.668,-320.946,94.901,-0.085839,-0.996179,0.016069,0.996026,-0.085419,0.025232,-0.023763,0.018171,0.999552,0,0.91397,-0.14049,54.838,-0.281,-1,400.000,-1,375.000,-1,325.000,300.000,300.000,300.000,-1,-1,-1,-1,750.000,700.000,-1,-1,2,0,2,0,2,0,0,0,0,2,2,2,2,0,0,2,2
273,-8456.267,834.328,-322.030,94.620,-0.080914,-0.996608,0.015047,0.996455,-0.080534,0.024322,-0.023027,0.016962,0.999591,0,0.91397,-0.14049,54.838,-0.281,-1,400.000,-1,375.000,-1,325.000,325.000,300.000,300.000,-1,-1,-1,-1,750.000,700.000,-1,-1,2,0,2,0,2,0,0,0,0,2,2,2,2,0,0,2,2
274,-8460.416,889.009,-323.128,94.339,-0.075987,-0.997010,0.014012,0.996860,-0.075647,0.023401,-0.022271,0.015746,0.999628,0,0.91397,-0.14049,54.838,-0.281,-1,400.000,-1,375.000,-1,325.000,325.000,300.000,300.000,-1,-1,-1,-1,725.000,675.000,-1,-1,2,0,2,0,2,0,0,0,0,2,2,2,2,0,0,2,2
275,-8464.296,943.709,-324.239,94.058,-0.071061,-0.997388,0.012962,0.997240,-0.070758,0.022469,-0.021493,0.014523,0.999664,0,0.91397,-0.14049,54.838,-0.281,-1,400.000,-1,375.000,-1,325.000,325.000,300.000,300.000,-1,-1,-1,-1,725.000,675.000,-1,-1,2,0,2,0,2,0,0,0,0,2,2,2,2,0,0,2,2
276,-8467.909,998.428,-325.362,93.777,-0.066133,-0.997740,0.011899,0.997596,-0.065867,0.021528,-0.020695,0.013295,0.999697,0,0.91397,-0.14049,54.838,-0.281,-1,400.000,-1,375.000,-1,325.000,325.000,300.000,300.000,-1,-1,-1,-1,725.000,675.000,-1,-1,2,0,2,0,2,0,0,0,0,2,2,2,2,0,0,2,2
277,-8471.252,1053.164,-326.497,93.496,-0.061206,-0.998066,0.010827,0.997927,-0.060974,0.020575,-0.019875,0.012063,0.999730,0,0.91397,-0.14049,54.838,-0.281,-1,400.000,-1,375.000,-1,325.000,325.000,300.000,300.000,-1,-1,-1,-1,725.000,675.000,-1,-1,2,0,2,0,2,0,0,0,0,2,2,2,2,0,0,2,2
278,-8474.328,1107.915,-327.644,93.215,-0.056278,-0.998368,0.009743,0.998234,-0.056080,0.019611,-0.019033,0.010830,0.999760,0,0.91397,-0.14049,54.838,-0.281,-1,400.000,-1,375.000,-1,325.000,325.000,300.000,300.000,-1,-1,-1,-1,700.000,675.000,-1,-1,2,0,2,0,2,0,0,0,0,2,2,2,2,0,0,2,2
279,-8476.680,1157.898,-328.699,92.694,-0.047169,-0.998849,0.008731,0.998720,-0.047000,0.018713,-0.018281,0.009602,0.999787,0,0.83397,-0.26049,50.038,-0.521,-1,375.000,-1,375.000,-1,325.000,300.000,300.000,300.000,-1,-1,-1,-1,700.000,675.000,-1,-1,2,0,2,0,2,0,0,0,0,2,2,2,2,0,0,2,2
280,-8478.205,1203.110,-329.660,91.933,-0.033873,-0.999396,0.007779,0.999271,-0.033730,0.017880,-0.017607,0.008379,0.999810,0,0.75397,-0.38049,45.238,-0.761,-1,375.000,-1,375.000,-1,300.000,300.000,300.000,300.000,-1,-1,-1,-1,700.000,675.000,-1,-1,2,0,2,0,2,0,0,0,0,2,2,2,2,0,0,2,2
281,-8478.913,1246.606,-330.592,90.932,-0.016384,-0.999843,0.006816,0.999722,-0.016266,0.017058,-0.016945,0.007094,0.999831,0,0.72502,-0.50049,43.501,-1.001,-1,375.000,-1,375.000,-1,300.000,300.000,300.000,300.000,-1,-1,-1,-1,700.000,675.000,-1,-1,2,0,2,0,2,0,0,0,0,2,2,2,2,0,0,2,2
282,-8478.678,1290.106,-331.532,89.691,0.005299,-0.999969,0.005798,0.999854,0.005392,0.016216,-0.016247,0.005711,0.999852,0,0.72502,-0.62049,43.501,-1.241,-1,375.000,-1,375.000,-1,300.000,300.000,300.000,300.000,-1,-1,-1,-1,700.000,675.000,-1,-1,2,0,2,0,2,0,0,0,0,2,2,2,2,0,0,2,2
283,-8477.320,1333.586,-332.068,88.210,0.031153,-0.999499,0.005571,0.999396,0.031235,0.015209,-0.015375,0.005094,0.999869,0,0.72502,-0.74049,43.501,-1.481,-1,375.000,-1,375.000,-1,300.000,300.000,300.000,300.000,-1,675.000,-1,-1,675.000,675.000,-1,-1,2,0,2,0,2,0,0,0,0,2,0,2,2,0,0,2,2
284,-8474.656,1377.006,-332.270,86.489,0.061168,-0.998112,0.005518,0.998031,0.061238,0.013590,-0.013903,0.004676,0.999892,0,0.72502,-0.86049,43.501,-1.721,-1,375.000,-1,375.000,-1,300.000,300.000,300.000,300.000,-1,625.000,-1,-1,700.000,700.000,-1,-1,2,0,2,0,2,0,0,0,0,2,0,2,2,0,0,2,2
285,-8470.507,1420.309,-332.488,84.528,0.095298,-0.995434,0.005389,0.995371,0.095357,0.011953,-0.012413,0.004225,0.999914,0,0.72502,-0.98049,43.501,-1.961,-1,375.000,-1,375.000,-1,300.000,300.000,300.000,300.000,-1,575.000,700.000,-1,700.000,700.000,-1,-1,2,0,2,0,2,0,0,0,0,2,0,0,2,0,0,2,2
286,-8464.850,1463.441,-332.728,82.528,0.129992,-0.991502,0.005163,0.991455,0.130039,0.010331,-0.010915,0.003776,0.999933,0,0.72502,-1.00000,43.501,-2.000,-1,375.000,-1,375.000,-1,300.000,300.000,300.000,300.000,-1,550.000,650.000,-1,700.000,725.000,-1,-1,2,0,2,0,2,0,0,0,0,2,0,0,2,0,0,2,2
287,-8457.692,1506.349,-332.988,80.528,0.164526,-0.986361,0.004827,0.986328,0.164563,0.008734,-0.009410,0.003324,0.999950,0,0.72502,-1.00000,43.501,-2.000,-1,375.000,-1,375.000,-1,300.000,300.000,300.000,300.000,-1,550.000,600.000,-1,700.000,725.000,-1,-1,2,0,2,0,2,0,0,0,0,2,0,0,2,0,0,2,2
288,-8449.040,1548.981,-333.266,78.528,0.198859,-0.980018,0.004389,0.979996,0.198887,0.007176,-0.007906,0.002874,0.999965,0,0.72502,-1.00000,43.501,-2.000,-1,375.000,-1,375.000,-1,300.000,300.000,300.000,300.000,-1,525.000,575.000,-1,725.000,750.000,-1,-1,2,0,2,0,2,0,0,0,0,2,0,0,2,0,0,2,2
289,-8438.905,1591.286,-333.559,76.528,0.232949,-0.972481,0.003856,0.972468,0.232968,0.005670,-0.006412,0.002429,0.999976,0,0.72502,-1.00000,43.501,-2.000,-1,375.000,-1,375.000,-1,325.000,325.000,300.000,300.000,-1,525.000,550.000,-1,725.000,750.000,-1,-1,2,0,2,0,2,0,0,0,0,2,0,0,2,0,0,2,2
290,-8427.300,1633.213,-333.866,74.528,0.266750,-0.963760,0.003236,0.963753,0.266762,0.004228,-0.004938,0.001990,0.999986,0,0.72506,-0.99989,43.504,-2.000,-1,375.000,-1,375.000,-1,325.000,325.000,300.000,300.000,-1,525.000,550.000,-1,725.000,775.000,-1,-1,2,0,2,0,2,0,0,0,0,2,0,0,2,0,0,2,2
291,-8414.229,1674.756,-334.186,72.534,0.300138,-0.953893,0.002538,0.953890,0.300144,0.002860,-0.003490,0.001563,0.999993,0,0.72585,-0.99729,43.551,-1.995,-1,375.000,-1,400.000,-1,325.000,325.000,300.000,300.000,-1,525.000,525.000,-1,750.000,800.000,-1,-1,2,0,2,0,2,0,0,0,0,2,0,0,2,0,0,2,2
292,-8399.713,1715.848,-334.517,70.544,0.333082,-0.942896,0.001776,0.942896,0.333085,0.001576,-0.002078,0.001149,0.999997,0,0.72634,-0.99492,43.580,-1.990,-1,400.000,-1,400.000,-1,325.000,325.000,300.000,300.000,-1,525.000,525.000,-1,750.000,800.000,-1,-1,2,0,2,0,2,0,0,0,0,2,0,0,2,0,0,2,2
293,-8383.777,1756.424,-334.856,68.558,0.365560,-0.930787,0.000959,0.930788,0.365560,0.000386,-0.000710,0.000752,0.999999,0,0.72655,-0.99297,43.593,-1.986,-1,400.000,-1,400.000,-1,325.000,325.000,300.000,300.000,-1,525.000,525.000,-1,775.000,825.000,-1,-1,2,0,2,0,2,0,0,0,0,2,0,0,2,0,0,2,2
294,-8364.722,1800.907,-335.227,66.812,0.393749,-0.919218,0.000077,0.919218,0.393749,-0.000833,0.000736,0.000398,1.000000,0,0.80655,-0.87297,48.393,-1.746,-1,400.000,-1,400.000,-1,325.000,325.000,300.000,300.000,-1,500.000,500.000,-1,800.000,850.000,-1,-1,2,0,2,0,2,0,0,0,0,2,0,0,2,0,0,2,2
295,-8342.363,1849.173,-335.418,65.144,0.420335,-0.907369,0.000194,0.907368,0.420334,-0.001796,0.001548,0.000931,0.999998,0,0.88655,-0.83384,53.193,-1.668,-1,400.000,-1,400.000,-1,325.000,325.000,300.000,300.000,-1,525.000,525.000,-1,800.000,850.000,-1,-1,2,0,2,0,2,0,0,0,0,2,0,0,2,0,0,2,2
296,-8317.685,1898.627,-335.480,63.481,0.446503,-0.894781,0.001110,0.894781,0.446500,-0.002396,0.001649,0.002063,0.999997,0,0.92116,-0.83185,55.270,-1.664,-1,400.000,-1,400.000,-1,325.000,325.000,300.000,300.000,-1,575.000,550.000,-1,825.000,875.000,-1,-1,2,0,2,0,2,0,0,0,0,2,0,0,2,0,0,2,2
297,-8291.556,1947.411,-335.660,61.826,0.472157,-0.881513,0.001769,0.881513,0.472152,-0.002484,0.001354,0.002732,0.999995,0,0.92233,-0.82742,55.340,-1.655,-1,400.000,-1,400.000,-1,325.000,325.000,300.000,300.000,-1,650.000,625.000,-1,850.000,875.000,-1,-1,2,0,2,0,2,0,0,0,0,2,0,0,2,0,0,2,2
298,-8264.017,1995.458,-335.885,60.180,0.497282,-0.867586,0.002360,0.867589,0.497277,-0.002398,0.000907,0.003240,0.999994,0,0.92300,-0.82297,55.380,-1.646,-1,400.000,-1,400.000,-1,325.000,325.000,300.000,300.000,-1,700.000,675.000,-1,850.000,875.000,-1,-1,2,0,2,0,2,0,0,0,0,2,0,0,2,0,0,2,2
299,-8235.110,2042.709,-336.145,58.543,0.521864,-0.853024,0.002881,0.853029,0.521860,-0.002093,0.000282,0.003550,0.999994,0,0.92320,-0.81858,55.392,-1.637,-1,400.000,-1,400.000,-1,325.000,325.000,300.000,300.000,-1,775.000,750.000,-1,875.000,900.000,-1,-1,2,0,2,0,2,0,0,0,0,2,0,0,2,0,0,2,2
