timestep,x_cm,y_cm,z_cm,yaw_deg,basis_xx,basis_xy,basis_xz,basis_yx,basis_yy,basis_yz,basis_zx,basis_zy,basis_zz,teleport_flag,throttle_cmd,steering_cmd,cmd_move_cm,cmd_turn_deg,lidar_cm_0,lidar_cm_1,lidar_cm_2,lidar_cm_3,lidar_cm_4,lidar_cm_5,lidar_cm_6,lidar_cm_7,lidar_cm_8,lidar_cm_9,lidar_cm_10,lidar_cm_11,lidar_cm_12,lidar_cm_13,lidar_cm_14,lidar_cm_15,lidar_cm_16,lidar_class_0,lidar_class_1,lidar_class_2,lidar_class_3,lidar_class_4,lidar_class_5,lidar_class_6,lidar_class_7,lidar_class_8,lidar_class_9,lidar_class_10,lidar_class_11,lidar_class_12,lidar_class_13,lidar_class_14,lidar_class_15,lidar_class_16
0,-2290.952,984.011,-84.351,1.353,0.994929,-0.023615,-0.097765,0.023845,0.999715,0.001179,0.097710,-0.003504,0.995209,1,0.08000,0.12000,4.800,0.240,-1,450.000,-1,350.000,300.000,375.000,350.000,275.000,350.000,-1,275.000,450.000,-1,925.000,-1,-1,350.000,2,0,2,1,1,0,1,0,1,2,0,0,2,0,2,2,1
1,-2281.357,984.318,-83.481,1.833,0.994605,-0.031990,-0.098679,0.032310,0.999477,0.001651,0.098575,-0.004830,0.995118,0,0.16000,0.24000,9.600,0.480,-1,450.000,-1,350.000,300.000,375.000,350.000,275.000,350.000,-1,275.000,450.000,-1,925.000,-1,-1,350.000,2,0,2,1,1,0,1,0,1,2,0,0,2,0,2,2,1
2,-2266.971,984.959,-82.197,2.550,0.993994,-0.044486,-0.099982,0.044935,0.998987,0.002238,0.099782,-0.006717,0.994987,0,0.24000,0.35829,14.400,0.717,-1,475.000,-1,350.000,300.000,375.000,375.000,275.000,325.000,-1,275.000,425.000,-1,925.000,-1,-1,375.000,2,0,2,1,1,0,1,0,1,2,0,0,2,0,2,2,1
3,-2247.801,986.043,-80.480,3.239,0.993223,-0.056499,-0.101571,0.057112,0.998363,0.003129,0.101228,-0.008909,0.994823,0,0.32000,0.34463,19.200,0.689,-1,475.000,-1,375.000,275.000,400.000,375.000,275.000,325.000,-1,250.000,425.000,-1,950.000,-1,-1,-1,2,0,2,1,1,0,1,0,1,2,0,0,2,0,2,2,2
4,-2223.856,987.673,-78.342,3.895,0.992317,-0.067929,-0.103402,0.068737,0.997626,0.004264,0.102867,-0.011339,0.994630,0,0.40000,0.32814,24.000,0.656,-1,475.000,-1,400.000,275.000,400.000,400.000,275.000,300.000,-1,250.000,400.000,-1,950.000,-1,-1,-1,2,0,2,1,1,0,1,0,1,2,0,0,2,0,2,2,2
5,-2195.145,989.939,-75.797,4.513,0.991311,-0.078670,-0.105424,0.079700,0.996803,0.005583,0.104648,-0.013937,0.994412,0,0.48000,0.30863,28.800,0.617,-1,475.000,-1,425.000,275.000,400.000,400.000,275.000,275.000,-1,225.000,400.000,-1,950.000,-1,-1,-1,2,0,2,1,1,0,1,0,1,2,0,0,2,0,2,2,2
6,-2161.676,992.917,-72.861,5.084,0.990240,-0.088610,-0.107578,0.089882,0.995928,0.007026,0.106518,-0.016627,0.994172,0,0.56000,0.28588,33.600,0.572,-1,475.000,-1,450.000,275.000,400.000,425.000,275.000,275.000,-1,225.000,375.000,-1,975.000,-1,-1,-1,2,0,2,1,1,0,1,0,1,2,0,0,2,0,2,2,2
7,-2123.459,996.666,-69.550,5.604,0.989148,-0.097628,-0.109799,0.099156,0.995035,0.008536,0.108420,-0.019331,0.993917,0,0.64000,0.25964,38.400,0.519,-1,475.000,-1,475.000,-1,400.000,425.000,275.000,250.000,-1,200.000,375.000,-1,975.000,-1,-1,-1,2,0,2,1,2,0,0,0,1,2,0,0,2,0,2,2,2
8,-2080.500,1001.229,-65.881,6.063,0.988080,-0.105596,-0.112015,0.107387,0.994166,0.010058,0.110299,-0.021967,0.993656,0,0.72000,0.22968,43.200,0.459,-1,475.000,-1,500.000,-1,400.000,425.000,275.000,225.000,1000.000,200.000,350.000,-1,1000.000,-1,-1,-1,2,0,2,1,2,0,0,0,1,0,0,0,2,0,2,2,2
9,-2032.804,1006.625,-61.872,6.454,0.987086,-0.112380,-0.114156,0.114430,0.993364,0.011545,0.112101,-0.024459,0.993396,0,0.80000,0.19575,48.000,0.392,-1,500.000,-1,525.000,-1,425.000,425.000,275.000,225.000,975.000,175.000,350.000,-1,1000.000,-1,-1,-1,2,0,2,1,2,0,0,0,1,0,0,0,2,0,2,2,2
10,-1980.373,1012.850,-57.206,6.770,0.986646,-0.117837,-0.112443,0.120216,0.992640,0.014596,0.109895,-0.027918,0.993551,0,0.88000,0.15773,52.800,0.315,-1,475.000,-1,550.000,-1,400.000,425.000,275.000,200.000,975.000,225.000,400.000,-1,975.000,-1,-1,-1,2,0,2,1,2,0,0,0,1,0,0,0,2,0,2,2,2
11,-1923.206,1019.877,-53.264,7.007,0.987317,-0.121943,-0.101662,0.124066,0.992164,0.014800,0.099061,-0.027225,0.994709,0,0.96000,0.11846,57.600,0.237,-1,450.000,-1,525.000,-1,400.000,425.000,275.000,175.000,-1,450.000,700.000,-1,900.000,-1,-1,-1,2,0,2,1,2,0,0,0,1,2,0,0,2,0,2,2,2
12,-1865.731,1027.168,-49.287,7.229,0.987833,-0.125794,-0.091446,0.127694,0.991697,0.015202,0.088774,-0.026694,0.995694,0,0.96563,0.11117,57.938,0.222,-1,425.000,-1,500.000,-1,375.000,400.000,275.000,175.000,-1,925.000,-1,-1,850.000,-1,-1,-1,2,0,2,1,2,0,0,0,1,2,0,2,2,0,2,2,2
13,-1810.283,1034.410,-45.421,7.441,0.988173,-0.129454,-0.082192,0.131157,0.991238,0.015653,0.079446,-0.026248,0.996494,0,0.93202,0.10570,55.921,0.211,-1,425.000,-1,500.000,-1,350.000,375.000,275.000,150.000,-1,-1,-1,-1,775.000,-1,-1,-1,2,0,2,1,2,0,0,0,1,2,2,2,2,0,2,2,2
14,-1756.919,1041.574,-41.675,7.645,0.988361,-0.132993,-0.073863,0.134524,0.990779,0.016130,0.071037,-0.025879,0.997138,0,0.89740,0.10227,53.844,0.205,-1,400.000,-1,475.000,-1,350.000,375.000,275.000,150.000,-1,-1,-1,-1,750.000,-1,-1,-1,2,0,2,1,2,0,0,0,1,2,2,2,2,0,2,2,2
15,-1705.636,1048.642,-38.051,7.847,0.988415,-0.136478,-0.066408,0.137857,0.990313,0.016620,0.063497,-0.025582,0.997654,0,0.86283,0.10076,51.770,0.202,-1,400.000,-1,450.000,-1,325.000,350.000,275.000,150.000,-1,-1,-1,-1,700.000,975.000,-1,-1,2,0,2,0,2,0,0,0,1,2,2,2,2,0,0,2,2
16,-1656.373,1055.608,-34.546,8.049,0.988350,-0.139969,-0.059772,0.141213,0.989831,0.017115,0.056768,-0.025356,0.998065,0,0.82924,0.10098,49.754,0.202,-1,375.000,-1,450.000,-1,325.000,350.000,275.000,150.000,-1,-1,-1,-1,675.000,900.000,-1,-1,2,0,2,0,2,0,0,0,1,2,2,2,2,0,0,2,2
17,-1605.833,1062.721,-30.950,8.011,0.988790,-0.139313,-0.053730,0.140425,0.989937,0.017475,0.050755,-0.024824,0.998403,0,0.85064,-0.01902,51.038,-0.038,950.000,375.000,-1,425.000,-1,325.000,325.000,275.000,175.000,-1,-1,-1,-1,650.000,875.000,-1,-1,0,0,2,0,2,0,0,0,1,2,2,2,2,0,0,2,2
18,-1557.024,1069.348,-27.516,7.733,0.989722,-0.134511,-0.048560,0.135492,0.990624,0.017496,0.045751,-0.023896,0.998667,0,0.82096,-0.13902,49.257,-0.278,850.000,350.000,-1,425.000,-1,300.000,325.000,275.000,200.000,-1,-1,-1,-1,625.000,850.000,-1,-1,0,0,2,0,2,0,0,0,1,2,2,2,2,0,0,2,2
19,-1509.663,1075.344,-24.261,7.215,0.991107,-0.125553,-0.044091,0.126403,0.991833,0.017039,0.041592,-0.022461,0.998882,0,0.79566,-0.25902,47.740,-0.518,800.000,350.000,-1,425.000,-1,300.000,325.000,275.000,200.000,-1,-1,-1,-1,625.000,825.000,-1,-1,0,0,2,0,2,0,0,0,1,2,2,2,2,0,0,2,2
20,-1463.479,1080.570,-21.202,6.456,0.992848,-0.112425,-0.040169,0.113140,0.993450,0.015987,0.038109,-0.020418,0.999065,0,0.77465,-0.37902,46.479,-0.758,750.000,350.000,-1,400.000,-1,300.000,325.000,275.000,225.000,-1,-1,-1,-1,600.000,800.000,975.000,-1,0,0,2,0,2,0,0,0,1,2,2,2,2,0,0,0,2
21,-1418.241,1085.061,-18.281,5.669,0.994439,-0.098772,-0.036540,0.099360,0.994944,0.014618,0.034912,-0.018168,0.999225,0,0.75767,-0.39354,45.460,-0.787,725.000,350.000,-1,400.000,-1,300.000,325.000,275.000,250.000,-1,-1,-1,-1,600.000,775.000,900.000,-1,0,0,2,0,2,0,0,0,1,2,2,2,2,0,0,0,2
22,-1373.826,1088.865,-15.478,4.896,0.995802,-0.085333,-0.033110,0.085803,0.996227,0.013021,0.031874,-0.015808,0.999367,0,0.74297,-0.38680,44.578,-0.774,700.000,350.000,-1,400.000,-1,300.000,325.000,275.000,250.000,925.000,-1,-1,-1,600.000,775.000,875.000,-1,0,0,2,0,2,0,0,0,1,1,2,2,2,0,0,0,2
23,-1330.133,1092.025,-13.119,4.137,0.996922,-0.072133,-0.030717,0.072467,0.997322,0.009904,0.029920,-0.012099,0.999479,0,0.73012,-0.37951,43.807,-0.759,700.000,350.000,-1,400.000,-1,300.000,300.000,275.000,275.000,900.000,-1,-1,-1,575.000,750.000,875.000,-1,0,0,2,0,2,0,0,0,1,1,2,2,2,0,0,0,2
24,-1287.069,1094.578,-11.646,3.393,0.997697,-0.059190,-0.033129,0.059340,0.998231,0.003577,0.032859,-0.005535,0.999445,0,0.71900,-0.37171,43.140,-0.743,800.000,350.000,-1,400.000,-1,300.000,325.000,275.000,275.000,900.000,-1,-1,-1,600.000,750.000,-1,-1,0,0,2,0,2,0,0,0,1,1,2,2,2,0,0,2,2
25,-1244.547,1096.558,-10.152,2.666,0.998293,-0.046522,-0.035299,0.046494,0.998917,-0.001613,0.035336,-0.000031,0.999375,0,0.70946,-0.36346,42.568,-0.727,1000.000,350.000,-1,400.000,-1,300.000,325.000,275.000,275.000,900.000,-1,-1,-1,625.000,775.000,-1,-1,0,0,2,0,2,0,0,0,1,1,2,2,2,0,0,2,2
26,-1202.488,1097.996,-8.602,1.957,0.998720,-0.034146,-0.037305,0.033933,0.999404,-0.006327,0.037499,0.005053,0.999284,0,0.70138,-0.35481,42.083,-0.710,-1,350.000,-1,400.000,-1,300.000,325.000,275.000,300.000,925.000,-1,-1,300.000,625.000,775.000,-1,-1,2,0,2,0,2,0,0,0,1,1,2,2,1,0,0,2,2
27,-1160.821,1098.917,-7.003,1.265,0.998989,-0.022080,-0.039161,0.021680,0.999709,-0.010622,0.039384,0.009762,0.999176,0,0.69462,-0.34578,41.677,-0.692,-1,350.000,-1,400.000,-1,300.000,325.000,275.000,300.000,925.000,-1,-1,325.000,650.000,775.000,-1,-1,2,0,2,0,2,0,0,0,1,1,2,2,1,0,0,2,2
28,-1119.479,1099.346,-5.362,0.592,0.999110,-0.010339,-0.040882,0.009751,0.999847,-0.014550,0.041026,0.014138,0.999058,0,0.68907,-0.33641,41.344,-0.673,-1,350.000,-1,400.000,-1,300.000,325.000,275.000,325.000,950.000,-1,-1,350.000,675.000,800.000,-1,-1,2,0,2,0,2,0,0,0,1,1,2,2,1,0,0,2,2
29,-1078.402,1099.303,-3.685,-0.061,0.999097,0.001064,-0.042483,-0.001837,0.999833,-0.018156,0.042457,0.018218,0.998932,0,0.68462,-0.32672,41.077,-0.653,-1,375.000,-1,400.000,-1,300.000,325.000,275.000,325.000,975.000,-1,-1,350.000,675.000,800.000,-1,-1,2,0,2,0,2,0,0,0,1,1,2,2,1,0,0,2,2
30,-1037.535,1098.810,-1.977,-0.694,0.998959,0.012117,-0.043980,-0.013072,0.999684,-0.021486,0.043706,0.022038,0.998801,0,0.68117,-0.31673,40.870,-0.633,-1,375.000,-1,400.000,-1,300.000,325.000,275.000,350.000,1000.000,-1,-1,375.000,700.000,800.000,-1,-1,2,0,2,0,2,0,0,0,1,1,2,2,1,0,0,2,2
31,-996.826,1097.882,-0.245,-1.307,0.998709,0.022809,-0.045388,-0.023942,0.999411,-0.024577,0.044801,0.025632,0.998667,0,0.67865,-0.30646,40.719,-0.613,-1,375.000,-1,400.000,-1,300.000,325.000,275.000,350.000,-1,-1,-1,375.000,725.000,825.000,-1,-1,2,0,2,0,2,0,0,0,0,2,2,2,1,0,0,2,2
32,-956.231,1096.537,1.506,-1.899,0.998358,0.033127,-0.046725,-0.034435,0.999029,-0.027468,0.045769,0.029032,0.998530,0,0.67696,-0.29591,40.618,-0.592,-1,375.000,-1,400.000,-1,300.000,325.000,275.000,350.000,-1,-1,-1,400.000,750.000,825.000,-1,-1,2,0,2,0,2,0,0,0,0,2,2,2,1,0,0,2,2
33,-915.705,1094.791,3.271,-2.469,0.997918,0.043063,-0.048007,-0.044543,0.998551,-0.030193,0.046637,0.032269,0.998391,0,0.67605,-0.28510,40.563,-0.570,-1,375.000,-1,400.000,-1,325.000,325.000,300.000,325.000,-1,-1,-1,425.000,750.000,825.000,-1,-1,2,0,2,0,2,0,0,0,0,2,2,2,1,0,0,2,2
34,-875.210,1092.659,5.044,-3.017,0.997400,0.052607,-0.049253,-0.054257,0.997989,-0.032785,0.047429,0.035372,0.998248,0,0.67585,-0.27403,40.551,-0.548,-1,375.000,-1,400.000,-1,325.000,325.000,300.000,325.000,-1,-1,-1,425.000,775.000,825.000,-1,-1,2,0,2,0,2,0,0,0,0,2,2,2,1,0,0,2,2
35,-839.538,1090.288,6.577,-3.806,0.996527,0.066321,-0.050350,-0.068131,0.997058,-0.035119,0.047873,0.038428,0.998114,0,0.59585,-0.39403,35.751,-0.788,-1,400.000,-1,400.000,-1,325.000,325.000,300.000,325.000,-1,-1,-1,450.000,800.000,825.000,-1,-1,2,0,2,0,2,0,0,0,0,2,2,2,1,0,0,2,2
36,-806.387,1087.486,7.982,-4.834,0.995126,0.084189,-0.051352,-0.086151,0.995584,-0.037276,0.047987,0.041518,0.997985,0,0.55449,-0.51403,33.269,-1.028,-1,400.000,-1,400.000,-1,325.000,325.000,300.000,325.000,-1,-1,-1,475.000,800.000,850.000,-1,-1,2,0,2,0,2,0,0,0,0,2,2,2,1,0,0,2,2
37,-773.091,1083.929,9.382,-6.102,0.992969,0.106186,-0.052321,-0.108299,0.993339,-0.039355,0.047794,0.044745,0.997855,0,0.55808,-0.63403,33.485,-1.268,-1,400.000,-1,400.000,-1,325.000,325.000,300.000,325.000,-1,-1,-1,475.000,825.000,850.000,-1,-1,2,0,2,0,2,0,0,0,0,2,2,2,1,0,0,2,2
38,-739.620,1079.459,10.778,-7.610,0.989782,0.132271,-0.053251,-0.134530,0.990048,-0.041324,0.047255,0.048066,0.997726,0,0.56280,-0.75403,33.768,-1.508,-1,400.000,-1,400.000,-1,325.000,325.000,300.000,325.000,-1,-1,-1,500.000,850.000,850.000,-1,-1,2,0,2,0,2,0,0,0,0,2,2,2,1,0,0,2,2
39,-705.962,1073.915,12.156,-9.358,0.985240,0.162383,-0.054166,-0.164777,0.985389,-0.043096,0.046377,0.051386,0.997601,0,0.56851,-0.87403,34.111,-1.748,-1,400.000,-1,400.000,-1,325.000,325.000,300.000,300.000,-1,-1,-1,525.000,875.000,850.000,-1,-1,2,0,2,0,2,0,0,0,0,2,2,2,1,0,0,2,2
40,-672.127,1067.128,13.273,-11.346,0.978996,0.196446,-0.054551,-0.198894,0.979043,-0.043764,0.044811,0.053694,0.997551,0,0.57514,-0.99403,34.508,-1.988,-1,425.000,-1,400.000,-1,325.000,325.000,300.000,300.000,-1,-1,-1,550.000,900.000,850.000,-1,-1,2,0,2,0,2,0,0,0,0,2,2,2,1,0,0,2,2
41,-638.114,1059.060,14.299,-13.346,0.971552,0.230472,-0.054500,-0.232929,0.971496,-0.044033,0.042798,0.055475,0.997542,0,0.58259,-1.00000,34.956,-2.000,-1,425.000,-1,400.000,-1,325.000,325.000,300.000,300.000,-1,-1,-1,575.000,900.000,850.000,-1,-1,2,0,2,0,2,0,0,0,0,2,2,2,1,0,0,2,2
42,-603.979,1049.693,15.360,-15.346,0.962943,0.264216,-0.054141,-0.266650,0.962785,-0.044073,0.040482,0.056877,0.997560,0,0.58995,-1.00000,35.397,-2.000,-1,425.000,-1,400.000,-1,325.000,325.000,300.000,300.000,-1,-1,-1,600.000,900.000,850.000,-1,-1,2,0,2,0,2,0,0,0,0,2,2,2,1,0,0,2,2
43,-569.777,1039.010,16.572,-17.346,0.953205,0.297645,-0.052985,-0.299988,0.952946,-0.043601,0.037515,0.057455,0.997643,0,0.59717,-1.00000,35.830,-2.000,-1,425.000,-1,400.000,-1,325.000,325.000,300.000,300.000,-1,-1,-1,625.000,900.000,850.000,-1,-1,2,0,2,0,2,0,0,0,0,2,2,2,1,0,0,2,2
44,-535.569,1027.000,17.624,-19.346,0.942321,0.330704,-0.051637,-0.332960,0.941929,-0.043667,0.034198,0.058341,0.997711,0,0.60425,-1.00000,36.255,-2.000,-1,425.000,-1,400.000,-1,325.000,325.000,300.000,300.000,-1,-1,-1,675.000,900.000,825.000,-1,-1,2,0,2,0,2,0,0,0,0,2,2,2,1,0,0,2,2
45,-497.267,1012.216,18.706,-21.106,0.931813,0.359461,-0.050123,-0.361625,0.931285,-0.044009,0.030859,0.059133,0.997773,0,0.68425,-0.88000,41.055,-1.760,-1,425.000,-1,400.000,-1,325.000,325.000,300.000,300.000,-1,-1,-1,700.000,900.000,825.000,-1,-1,2,0,2,0,2,0,0,0,0,2,2,2,1,0,1,2,2
46,-458.795,996.181,19.736,-22.626,0.922041,0.384024,-0.048639,-0.386096,0.921388,-0.044441,0.027749,0.059756,0.997827,0,0.69467,-0.76000,41.680,-1.520,-1,400.000,-1,400.000,-1,325.000,325.000,300.000,300.000,-1,-1,-1,750.000,900.000,800.000,-1,-1,2,0,2,0,2,0,0,0,0,2,2,2,1,0,1,2,2
47,-420.412,979.168,20.713,-23.906,0.913320,0.404499,-0.047195,-0.406481,0.912553,-0.044939,0.024890,0.060228,0.997874,0,0.69973,-0.64000,41.984,-1.280,-1,400.000,-1,400.000,-1,325.000,325.000,300.000,300.000,-1,-1,-1,775.000,900.000,800.000,-1,-1,2,0,2,0,2,0,0,0,0,2,2,2,1,0,1,2,2
48,-382.109,961.351,21.643,-24.946,0.905911,0.420986,-0.045787,-0.422882,0.905043,-0.045485,0.022291,0.060567,0.997915,0,0.70407,-0.52000,42.244,-1.040,-1,400.000,-1,400.000,-1,325.000,325.000,300.000,300.000,-1,-1,-1,800.000,900.000,775.000,-1,-1,2,0,2,0,2,0,0,0,0,2,2,2,1,0,1,2,2
49,-343.857,942.904,22.534,-25.746,0.900022,0.433576,-0.044409,-0.435387,0.899064,-0.046058,0.019957,0.060789,0.997951,0,0.70778,-0.40000,42.467,-0.800,-1,400.000,-1,400.000,-1,325.000,325.000,300.000,300.000,-1,-1,-1,825.000,875.000,750.000,-1,-1,2,0,2,0,2,0,0,0,0,2,2,2,1,0,1,2,2
50,-305.616,923.998,23.395,-26.306,0.895814,0.442339,-0.043056,-0.444069,0.894777,-0.046644,0.017893,0.060905,0.997983,0,0.71099,-0.28000,42.659,-0.560,-1,400.000,-1,400.000,-1,325.000,325.000,300.000,300.000,-1,-1,-1,850.000,875.000,750.000,-1,-1,2,0,2,0,2,0,0,0,0,2,2,2,1,0,1,2,2
51,-267.329,904.804,24.237,-26.626,0.893396,0.447329,-0.041721,-0.448982,0.892292,-0.047227,0.016101,0.060925,0.998012,0,0.71381,-0.16000,42.829,-0.320,-1,400.000,-1,400.000,-1,325.000,325.000,300.000,300.000,-1,-1,-1,875.000,875.000,725.000,-1,1000.000,2,0,2,0,2,0,0,0,0,2,2,2,1,0,1,2,1
52,-228.931,885.487,25.072,-26.706,0.892831,0.448576,-0.040412,-0.450156,0.891669,-0.047801,0.014592,0.060870,0.998039,0,0.71638,-0.04000,42.983,-0.080,-1,400.000,-1,400.000,-1,325.000,325.000,300.000,300.000,-1,-1,-1,900.000,875.000,700.000,-1,950.000,2,0,2,0,2,0,0,0,0,2,2,2,1,0,1,2,1
53,-190.349,866.212,25.923,-26.546,0.894132,0.446086,-0.039183,-0.447603,0.892923,-0.048379,0.013406,0.060795,0.998060,0,0.71881,0.08000,43.129,0.160,-1,400.000,-1,400.000,1000.000,325.000,325.000,300.000,300.000,-1,-1,-1,925.000,875.000,675.000,-1,900.000,2,0,2,0,1,0,0,0,0,2,2,2,1,0,1,2,1
54,-151.503,847.142,26.735,-26.146,0.897266,0.439852,-0.037994,-0.441309,0.896035,-0.048658,0.012641,0.060426,0.998093,0,0.72124,0.20000,43.275,0.400,-1,425.000,-1,400.000,925.000,325.000,325.000,300.000,300.000,-1,-1,-1,925.000,875.000,675.000,-1,850.000,2,0,2,0,1,0,0,0,0,2,2,2,1,0,1,2,1
55,-112.376,828.300,27.396,-25.713,0.900590,0.433092,-0.036997,-0.434491,0.899393,-0.048062,0.012460,0.059360,0.998159,0,0.72380,0.21660,43.428,0.433,-1,425.000,-1,400.000,875.000,325.000,325.000,300.000,300.000,-1,-1,-1,950.000,875.000,650.000,-1,800.000,2,0,2,0,1,0,0,0,0,2,2,2,1,0,1,2,1
56,-68.710,807.826,28.093,-25.120,0.905056,0.423800,-0.035585,-0.425118,0.903904,-0.047236,0.012147,0.057879,0.998250,0,0.80380,0.29641,48.228,0.593,-1,425.000,-1,400.000,800.000,325.000,325.000,300.000,300.000,-1,-1,-1,975.000,875.000,625.000,-1,775.000,2,0,2,0,1,0,0,0,0,2,2,2,1,0,1,2,1
57,-21.970,786.259,28.673,-24.767,0.907708,0.418280,-0.033286,-0.419459,0.906613,-0.045913,0.010973,0.055638,0.998391,0,0.85793,0.17641,51.476,0.353,-1,425.000,-1,400.000,750.000,325.000,325.000,300.000,300.000,-1,-1,-1,-1,875.000,625.000,-1,725.000,2,0,2,1,1,0,0,0,0,2,2,2,2,0,1,2,1
58,25.275,764.573,29.263,-24.654,0.908587,0.416544,-0.030998,-0.417586,0.907544,-0.044570,0.009567,0.053440,0.998525,0,0.86641,0.05641,51.984,0.113,-1,400.000,-1,400.000,675.000,325.000,325.000,300.000,300.000,-1,-1,-1,-1,850.000,600.000,-1,675.000,2,0,2,1,1,0,0,0,0,2,2,2,2,0,1,2,1
59,72.972,742.551,29.806,-24.781,0.907710,0.418601,-0.028896,-0.419520,0.906711,-0.043329,0.008063,0.051453,0.998643,0,0.87558,-0.06359,52.535,-0.127,-1,400.000,-1,375.000,625.000,325.000,325.000,300.000,300.000,-1,-1,-1,-1,850.000,575.000,-1,625.000,2,0,2,1,1,0,0,0,0,2,2,2,2,0,1,2,1
60,121.060,719.975,30.109,-25.149,0.905037,0.424427,-0.027738,-0.425275,0.904061,-0.042595,0.006998,0.050346,0.998707,0,0.88540,-0.18359,53.124,-0.367,-1,400.000,-1,375.000,575.000,325.000,325.000,300.000,300.000,-1,-1,-1,-1,850.000,550.000,-1,575.000,2,0,2,1,1,0,0,0,0,2,2,2,2,0,1,2,1
61,169.468,696.619,30.246,-25.756,0.900528,0.433995,-0.026407,-0.434766,0.899537,-0.042573,0.005277,0.049819,0.998744,0,0.89579,-0.30359,53.748,-0.607,-1,400.000,-1,350.000,525.000,325.000,325.000,300.000,300.000,-1,-1,-1,-1,850.000,525.000,-1,525.000,2,0,2,1,1,0,0,0,0,2,2,2,2,0,1,2,1
62,218.111,672.256,30.531,-26.603,0.894040,0.447274,-0.025257,-0.447970,0.893073,-0.041767,0.003875,0.048656,0.998808,0,0.90672,-0.42359,54.403,-0.847,-1,400.000,-1,350.000,475.000,325.000,325.000,300.000,300.000,-1,-1,-1,-1,850.000,500.000,-1,475.000,2,0,2,1,1,0,0,0,0,2,2,2,2,0,1,2,1
63,266.890,646.655,31.156,-27.690,0.885396,0.464195,-0.024436,-0.464825,0.884533,-0.039231,0.003404,0.046093,0.998931,0,0.91814,-0.54359,55.089,-1.087,-1,400.000,-1,325.000,425.000,325.000,325.000,300.000,300.000,-1,-1,-1,-1,850.000,450.000,-1,425.000,2,0,2,1,1,0,1,0,0,2,2,2,2,0,1,2,1
64,315.686,619.586,32.077,-29.017,0.874390,0.484640,-0.023796,-0.485209,0.873693,-0.035106,0.003777,0.042242,0.999100,0,0.93002,-0.66359,55.801,-1.327,-1,425.000,-1,325.000,400.000,325.000,300.000,300.000,325.000,-1,-1,-1,-1,850.000,425.000,-1,375.000,2,0,2,1,1,0,1,0,0,2,2,2,2,0,1,2,1
65,364.403,590.894,33.296,-30.493,0.861579,0.507092,-0.023213,-0.507597,0.861096,-0.029317,0.005122,0.037042,0.999301,0,0.94231,-0.73811,56.538,-1.476,-1,425.000,-1,300.000,375.000,350.000,275.000,300.000,325.000,-1,-1,-1,-1,875.000,400.000,-1,350.000,2,0,2,1,1,0,1,0,0,2,2,2,2,0,1,2,1
66,413.014,560.573,34.854,-31.951,0.848353,0.528950,-0.022569,-0.529377,0.848104,-0.021914,0.007550,0.030538,0.999505,0,0.95485,-0.72885,57.291,-1.458,-1,425.000,950.000,275.000,350.000,325.000,275.000,300.000,350.000,-1,-1,-1,-1,800.000,375.000,-1,325.000,2,0,1,1,1,1,1,0,0,2,2,2,2,1,1,2,1
67,461.474,528.627,36.660,-33.391,0.834743,0.550208,-0.021808,-0.550520,0.834732,-0.012251,0.011464,0.022232,0.999687,0,0.96738,-0.71971,58.043,-1.439,-1,450.000,875.000,275.000,325.000,300.000,250.000,300.000,350.000,-1,-1,-1,-1,750.000,375.000,-1,300.000,2,1,1,1,1,1,1,0,0,2,2,2,2,1,1,2,1
68,509.743,495.061,38.576,-34.812,0.820791,0.570849,-0.020825,-0.570963,0.820975,0.000582,0.017429,0.011413,0.999783,0,0.97987,-0.71074,58.792,-1.421,-1,400.000,825.000,250.000,300.000,300.000,250.000,300.000,375.000,-1,400.000,-1,-1,675.000,350.000,-1,275.000,2,1,1,1,1,1,1,0,0,2,0,2,2,1,1,2,1
69,557.777,459.883,40.861,-36.216,0.806562,0.590832,-0.019346,-0.590632,0.806794,0.015403,0.024709,-0.000997,0.999694,0,0.99229,-0.70202,59.537,-1.404,-1,375.000,775.000,250.000,275.000,275.000,225.000,275.000,425.000,975.000,200.000,500.000,-1,625.000,325.000,-1,250.000,2,1,1,1,1,1,1,0,0,0,0,0,2,1,1,2,1
70,605.312,423.271,43.449,-37.604,0.792120,0.610132,-0.016882,-0.609469,0.792153,0.032280,0.033069,-0.015281,0.999336,0,1.00000,-0.69404,60.000,-1.388,-1,350.000,750.000,225.000,275.000,250.000,225.000,275.000,450.000,775.000,100.000,375.000,-1,575.000,300.000,-1,250.000,2,1,1,1,1,1,1,0,0,0,0,0,2,1,1,2,1
71,652.065,385.664,46.425,-38.815,0.779298,0.626499,-0.013897,-0.625187,0.778799,0.051117,0.042847,-0.031147,0.998596,0,1.00000,-0.60525,60.000,-1.210,-1,325.000,725.000,225.000,250.000,250.000,200.000,275.000,500.000,600.000,75.000,300.000,-1,525.000,300.000,-1,225.000,2,1,1,1,1,1,1,0,0,0,0,0,2,1,1,2,1
72,-7543.432,6887.268,-87.137,107.435,-0.267789,-0.943498,0.195195,0.945487,-0.296307,-0.135116,0.185319,0.148372,0.971413,1,0.00000,0.00000,60.000,-1.221,50.000,325.000,-1,1000.000,-1,375.000,625.000,150.000,125.000,-1,500.000,225.000,50.000,425.000,-1,50.000,-1,1,1,2,1,2,1,1,1,1,2,0,1,1,1,2,1,2
73,8859.854,-6231.898,-64.266,-6.730,0.992968,0.117003,-0.018049,-0.117819,0.991564,-0.054035,0.011574,0.055781,0.998376,1,0.08000,-0.12000,4.800,-0.240,-1,400.000,-1,400.000,-1,325.000,325.000,300.000,300.000,-1,-1,-1,-1,800.000,775.000,-1,-1,2,0,2,0,2,0,0,0,0,2,2,2,2,0,0,2,2
74,8869.379,-6233.102,-64.157,-7.210,0.991955,0.125305,-0.017987,-0.126106,0.990543,-0.054057,0.011043,0.055890,0.998376,0,0.16000,-0.24000,9.600,-0.480,-1,400.000,-1,400.000,-1,325.000,325.000,300.000,300.000,-1,-1,-1,-1,800.000,775.000,-1,-1,2,0,2,0,2,0,0,0,0,2,2,2,2,0,0,2,2
75,8883.641,-6235.089,-64.002,-7.930,0.990307,0.137741,-0.017894,-0.138520,0.988881,-0.054092,0.010244,0.056046,0.998376,0,0.24000,-0.36000,14.400,-0.720,-1,400.000,-1,400.000,-1,325.000,325.000,300.000,300.000,-1,-1,-1,-1,800.000,775.000,-1,-1,2,0,2,0,2,0,0,0,0,2,2,2,2,0,0,2,2
76,8902.611,-6238.056,-63.813,-8.890,0.987866,0.154288,-0.017773,-0.155037,0.986424,-0.054141,0.009178,0.056240,0.998375,0,0.32000,-0.48000,19.200,-0.960,-1,400.000,-1,400.000,-1,325.000,325.000,300.000,300.000,-1,-1,-1,-1,825.000,775.000,-1,-1,2,0,2,0,2,0,0,0,0,2,2,2,2,0,0,2,2
77,8926.242,-6242.248,-63.604,-10.059,0.984520,0.174384,-0.017624,-0.175096,0.983058,-0.054207,0.007873,0.056454,0.998374,0,0.40000,-0.58468,24.000,-1.169,-1,400.000,-1,400.000,-1,325.000,325.000,300.000,300.000,-1,-1,-1,-1,825.000,775.000,-1,-1,2,0,2,0,2,0,0,0,0,2,2,2,2,0,0,2,2
78,8954.492,-6247.855,-63.385,-11.226,0.980775,0.194360,-0.017452,-0.195032,0.979293,-0.054283,0.006540,0.056644,0.998373,0,0.48000,-0.58328,28.800,-1.167,-1,400.000,-1,400.000,-1,325.000,325.000,300.000,300.000,-1,-1,-1,-1,825.000,775.000,-1,-1,2,0,2,0,2,0,0,0,0,2,2,2,2,0,0,2,2
79,8987.310,-6255.064,-63.167,-12.389,0.976638,0.214197,-0.017258,-0.214829,0.975137,-0.054373,0.005183,0.056810,0.998372,0,0.56000,-0.58157,33.600,-1.163,-1,400.000,-1,400.000,-1,325.000,325.000,300.000,300.000,-1,-1,-1,-1,825.000,775.000,-1,-1,2,0,2,0,2,0,0,0,0,2,2,2,2,0,0,2,2
80,9024.642,-6264.059,-62.962,-13.548,0.972117,0.233876,-0.017047,-0.234465,0.970597,-0.054476,0.003805,0.056954,0.998370,0,0.64000,-0.57951,38.400,-1.159,-1,400.000,-1,400.000,-1,325.000,325.000,300.000,300.000,-1,-1,-1,-1,825.000,775.000,-1,-1,2,0,2,0,2,0,0,0,0,2,2,2,2,0,0,2,2
81,9066.428,-6275.023,-62.779,-14.702,0.967222,0.253375,-0.016821,-0.253921,0.965683,-0.054594,0.002411,0.057076,0.998367,0,0.72000,-0.57703,43.200,-1.154,-1,400.000,-1,400.000,-1,325.000,325.000,300.000,300.000,-1,-1,-1,-1,800.000,775.000,-1,-1,2,0,2,0,2,0,0,0,0,2,2,2,2,1,0,2,2
82,9112.603,-6288.133,-62.664,-15.850,0.961962,0.272674,-0.016655,-0.273180,0.960414,-0.054571,0.001115,0.057045,0.998371,0,0.80000,-0.57406,48.000,-1.148,-1,400.000,-1,400.000,-1,325.000,325.000,300.000,300.000,-1,-1,-1,-1,775.000,750.000,1000.000,-1,2,0,2,0,2,0,0,0,0,2,2,2,2,1,0,1,2
83,9160.396,-6302.752,-62.773,-17.007,0.956279,0.292018,-0.016016,-0.292457,0.954755,-0.053970,-0.000469,0.056294,0.998414,0,0.83298,-0.57833,49.979,-1.157,-1,400.000,-1,400.000,-1,325.000,325.000,300.000,300.000,-1,-1,-1,-1,750.000,750.000,925.000,-1,2,0,2,0,2,0,0,0,0,2,2,2,2,1,0,1,2
84,9208.185,-6318.423,-62.967,-18.155,0.950251,0.311113,-0.015227,-0.311478,0.948757,-0.053314,-0.002140,0.055405,0.998462,0,0.83821,-0.57428,50.293,-1.149,-1,400.000,-1,400.000,-1,325.000,325.000,300.000,300.000,-1,-1,-1,-1,700.000,750.000,850.000,-1,2,0,2,0,2,0,0,0,0,2,2,2,2,1,0,1,2
85,9255.936,-6335.141,-63.217,-19.295,0.943892,0.329935,-0.014513,-0.330233,0.942424,-0.052754,-0.003728,0.054587,0.998502,0,0.84320,-0.56978,50.592,-1.140,950.000,400.000,-1,400.000,-1,325.000,325.000,300.000,300.000,-1,-1,-1,-1,675.000,750.000,800.000,-1,1,0,2,0,2,0,0,0,0,2,2,2,2,1,0,1,2
86,9303.612,-6352.896,-63.542,-20.424,0.937220,0.348463,-0.013877,-0.348699,0.935771,-0.052367,-0.005262,0.053919,0.998531,0,0.84791,-0.56481,50.875,-1.130,825.000,400.000,-1,400.000,-1,325.000,325.000,300.000,300.000,-1,-1,-1,-1,650.000,750.000,750.000,-1,1,0,2,0,2,0,0,0,0,2,2,2,2,1,0,1,2
87,9351.177,-6371.674,-63.941,-21.543,0.930254,0.366676,-0.013242,-0.366852,0.928814,-0.052191,-0.006837,0.053409,0.998549,0,0.85229,-0.55936,51.137,-1.119,750.000,400.000,-1,400.000,-1,325.000,325.000,300.000,300.000,-1,-1,-1,-1,625.000,750.000,700.000,-1,1,0,2,0,2,0,0,0,0,2,2,2,2,1,0,1,2
88,9398.592,-6391.460,-64.372,-22.650,0.923013,0.384559,-0.012674,-0.384678,0.921583,-0.052038,-0.008332,0.052907,0.998565,0,0.85629,-0.55340,51.377,-1.107,650.000,400.000,-1,400.000,-1,325.000,325.000,300.000,300.000,-1,-1,-1,-1,600.000,750.000,650.000,-1,1,0,2,0,2,0,0,0,0,2,2,2,2,1,0,1,2
89,9445.817,-6412.234,-64.836,-23.744,0.915518,0.402092,-0.012169,-0.402158,0.914098,-0.051901,-0.009745,0.052410,0.998578,0,0.85986,-0.54692,51.591,-1.094,600.000,400.000,-1,375.000,-1,325.000,325.000,300.000,300.000,-1,-1,-1,-1,600.000,725.000,625.000,-1,1,0,2,0,2,0,0,0,0,2,2,2,2,1,0,1,2
90,9492.809,-6433.971,-65.329,-24.823,0.907792,0.419257,-0.011732,-0.419275,0.906381,-0.051777,-0.011074,0.051922,0.998590,0,0.86293,-0.53989,51.776,-1.080,525.000,400.000,-1,375.000,-1,325.000,325.000,300.000,300.000,-1,-1,-1,-1,575.000,725.000,575.000,-1,1,1,2,0,2,0,0,0,0,2,2,2,2,1,0,1,2
91,9539.525,-6456.643,-65.851,-25.888,0.899857,0.436036,-0.011364,-0.436010,0.898458,-0.051662,-0.012316,0.051443,0.998600,0,0.86544,-0.53230,51.927,-1.065,500.000,375.000,-1,375.000,-1,325.000,325.000,300.000,300.000,-1,-1,-1,-1,575.000,725.000,550.000,-1,1,1,2,0,2,0,0,0,0,2,2,2,2,1,0,1,2
92,9585.919,-6480.218,-66.400,-26.936,0.891741,0.452411,-0.011068,-0.452346,0.890351,-0.051551,-0.013468,0.050977,0.998609,0,0.86733,-0.52413,52.040,-1.048,450.000,375.000,-1,375.000,-1,325.000,325.000,300.000,300.000,-1,-1,-1,-1,575.000,725.000,525.000,-1,1,1,2,0,2,1,0,0,0,2,2,2,2,1,0,1,2
93,9631.945,-6504.657,-66.974,-27.967,0.883469,0.468365,-0.010845,-0.468265,0.882089,-0.051440,-0.014527,0.050524,0.998617,0,0.86852,-0.51537,52.111,-1.031,425.000,350.000,-1,375.000,-1,300.000,325.000,325.000,300.000,-1,-1,-1,-1,575.000,725.000,500.000,-1,1,1,2,0,2,1,0,0,0,2,2,2,2,1,0,1,2
94,9677.554,-6529.917,-67.635,-28.979,0.875064,0.483888,-0.010741,-0.483764,0.873708,-0.051057,-0.015321,0.049874,0.998638,0,0.86894,-0.50602,52.137,-1.012,400.000,350.000,-1,375.000,-1,300.000,325.000,325.000,300.000,-1,-1,-1,-1,575.000,725.000,475.000,-1,1,1,2,0,2,1,0,0,0,2,2,2,2,1,0,1,2
95,9722.696,-6555.951,-68.437,-29.971,0.866553,0.498969,-0.010780,-0.498839,0.865242,-0.050151,-0.015696,0.048836,0.998683,0,0.86852,-0.49608,52.111,-0.992,350.000,350.000,-1,375.000,-1,300.000,325.000,325.000,300.000,-1,-1,-1,-1,600.000,725.000,450.000,-1,1,1,2,0,2,1,0,0,0,2,2,2,2,1,0,1,2
96,9767.324,-6582.703,-68.520,-30.942,0.857962,0.513509,-0.014460,-0.513532,0.856574,-0.050651,-0.013624,0.050882,0.998612,0,0.86718,-0.48554,52.031,-0.971,350.000,350.000,-1,400.000,-1,300.000,325.000,325.000,300.000,-1,-1,-1,-1,650.000,725.000,500.000,-1,1,1,2,0,2,1,0,0,0,2,2,2,2,1,0,1,2
97,9811.385,-6610.114,-67.747,-31.891,0.849280,0.527463,-0.022512,-0.527872,0.847693,-0.052614,-0.008668,0.056567,0.998361,0,0.86487,-0.47445,51.892,-0.949,375.000,375.000,-1,400.000,-1,325.000,325.000,350.000,300.000,-1,-1,-1,-1,750.000,750.000,775.000,-1,1,1,2,0,2,1,0,0,0,2,2,2,2,1,0,1,2
98,9854.830,-6638.126,-67.356,-32.817,0.840559,0.540953,-0.028828,-0.541699,0.838851,-0.053767,-0.004903,0.060811,0.998137,0,0.86154,-0.46283,51.692,-0.926,425.000,400.000,-1,400.000,-1,350.000,325.000,325.000,300.000,-1,850.000,800.000,-1,750.000,775.000,825.000,-1,1,1,2,0,2,0,0,1,0,2,0,0,2,1,0,1,2
99,9897.609,-6666.673,-67.342,-33.718,0.831856,0.553986,-0.033384,-0.554986,0.830091,-0.054210,-0.002320,0.063622,0.997971,0,0.85714,-0.45072,51.429,-0.901,525.000,425.000,-1,425.000,-1,350.000,350.000,300.000,300.000,-1,675.000,600.000,-1,750.000,800.000,825.000,1000.000,1,1,2,0,2,0,0,1,0,2,0,0,2,1,1,1,1
100,9939.747,-6695.502,-67.686,-34.380,0.825332,0.563469,-0.036463,-0.564648,0.823549,-0.054220,-0.000522,0.065338,0.997863,0,0.85092,-0.33072,51.055,-0.661,575.000,450.000,-1,425.000,975.000,350.000,350.000,275.000,300.000,-1,575.000,475.000,-1,725.000,775.000,825.000,975.000,1,0,2,0,1,0,0,1,0,2,0,0,2,1,1,1,1
101,9981.377,-6724.436,-68.319,-34.801,0.821116,0.569485,-0.038147,-0.570761,0.819344,-0.053912,0.000553,0.066041,0.997817,0,0.84496,-0.21072,50.698,-0.421,600.000,450.000,-1,425.000,925.000,350.000,350.000,250.000,300.000,-1,525.000,425.000,-1,700.000,750.000,800.000,925.000,1,0,2,0,1,0,0,1,0,2,0,0,2,1,1,1,1
102,10022.603,-6753.285,-69.171,-34.983,0.819288,0.572086,-0.038525,-0.573381,0.817549,-0.053361,0.000969,0.065808,0.997832,0,0.83863,-0.09072,50.318,-0.181,575.000,450.000,-1,425.000,875.000,350.000,350.000,250.000,300.000,-1,500.000,400.000,-1,675.000,750.000,775.000,875.000,1,0,2,0,1,0,0,1,0,2,0,0,2,1,1,1,1
103,10063.536,-6781.866,-70.177,-34.924,0.819877,0.571291,-0.037794,-0.572539,0.818191,-0.052556,0.000898,0.064728,0.997903,0,0.83207,0.02928,49.924,0.059,550.000,450.000,-1,425.000,825.000,350.000,350.000,225.000,300.000,-1,475.000,400.000,-1,650.000,725.000,725.000,825.000,1,0,2,0,1,0,0,1,0,2,0,0,2,1,1,1,1
104,10104.235,-6810.086,-71.324,-34.735,0.821788,0.568655,-0.035998,-0.569793,0.820178,-0.051422,0.000283,0.062770,0.998028,0,0.82542,0.09468,49.525,0.189,525.000,450.000,-1,425.000,775.000,350.000,350.000,225.000,300.000,-1,500.000,425.000,-1,625.000,700.000,675.000,775.000,1,1,2,0,1,0,0,1,0,2,0,0,2,1,1,1,1
105,10144.687,-6837.933,-72.643,-34.541,0.823761,0.565972,-0.033061,-0.566936,0.822248,-0.049921,-0.001070,0.059866,0.998206,0,0.81851,0.09714,49.111,0.194,500.000,425.000,-1,400.000,725.000,350.000,350.000,200.000,300.000,-1,525.000,475.000,-1,600.000,675.000,600.000,725.000,1,1,2,0,1,0,0,1,0,2,0,0,2,1,1,1,1
106,10184.867,-6865.389,-74.127,-34.342,0.825779,0.563246,-0.029027,-0.563985,0.824386,-0.048053,-0.003136,0.056051,0.998423,0,0.81107,0.09921,48.664,0.198,450.000,400.000,-1,400.000,675.000,325.000,325.000,200.000,300.000,-1,600.000,550.000,-1,575.000,650.000,550.000,675.000,1,1,2,0,1,0,0,1,0,2,0,0,2,1,1,1,1
107,10224.752,-6892.438,-75.779,-34.140,0.827821,0.560480,-0.023991,-0.560962,0.826572,-0.045834,-0.005859,0.051400,0.998661,0,0.80321,0.10089,48.192,0.202,400.000,375.000,-1,400.000,625.000,325.000,325.000,175.000,300.000,-1,725.000,750.000,-1,550.000,600.000,475.000,650.000,1,1,2,0,1,0,0,1,0,2,0,0,2,1,1,1,1
108,10264.325,-6919.071,-77.586,-33.936,0.829864,0.557677,-0.017974,-0.557890,0.828787,-0.043259,-0.009228,0.045926,0.998902,0,0.79500,0.10218,47.700,0.204,350.000,350.000,-1,375.000,575.000,325.000,325.000,175.000,300.000,-1,-1,-1,-1,500.000,575.000,425.000,600.000,1,1,2,0,1,0,0,1,0,2,2,2,2,1,1,1,1
109,10303.575,-6945.277,-77.897,-33.730,0.831929,0.554680,-0.014953,-0.554731,0.830771,-0.045751,-0.012955,0.046356,0.998841,0,0.78658,0.10307,47.195,0.206,325.000,325.000,-1,375.000,525.000,300.000,300.000,175.000,300.000,-1,-1,-1,-1,475.000,550.000,375.000,550.000,1,1,2,0,1,1,0,1,0,2,2,2,2,1,1,1,1
110,10342.494,-6971.056,-77.059,-33.523,0.834018,0.551540,-0.014789,-0.551500,0.832570,-0.051719,-0.016212,0.051291,0.998552,0,0.77805,0.10358,46.683,0.207,300.000,325.000,-1,375.000,450.000,300.000,300.000,175.000,300.000,-1,-1,-1,-1,475.000,525.000,350.000,500.000,1,1,2,0,1,1,0,1,0,2,2,2,2,1,1,1,1
111,10381.079,-6996.414,-76.405,-33.315,0.836084,0.548404,-0.014714,-0.548282,0.834382,-0.056511,-0.018714,0.055315,0.998294,0,0.76952,0.10372,46.171,0.207,275.000,300.000,-1,375.000,425.000,275.000,300.000,175.000,300.000,-1,-1,-1,-1,450.000,525.000,300.000,450.000,1,1,2,0,1,1,1,1,0,2,2,2,2,1,1,1,1
112,10419.334,-7021.353,-74.852,-33.108,0.838103,0.545143,-0.020092,-0.545249,0.835984,-0.061924,-0.016961,0.062854,0.997879,0,0.76112,0.10348,45.667,0.207,275.000,300.000,-1,375.000,375.000,275.000,300.000,200.000,300.000,-1,-1,-1,-1,450.000,500.000,300.000,425.000,1,1,2,1,1,1,1,1,0,2,2,2,2,1,1,1,1
113,10457.270,-7045.884,-72.175,-32.902,0.839971,0.541688,-0.031987,-0.542535,0.837243,-0.068409,-0.010275,0.074816,0.997144,0,0.75293,0.10289,45.176,0.206,275.000,325.000,-1,375.000,350.000,300.000,300.000,225.000,300.000,-1,-1,-1,-1,500.000,500.000,325.000,400.000,1,1,2,1,1,1,1,1,0,2,2,2,2,1,1,1,1
114,10494.894,-7070.024,-69.878,-32.699,0.841687,0.538261,-0.042873,-0.539953,0.838474,-0.073559,-0.003646,0.085063,0.996369,0,0.74505,0.10196,44.703,0.204,275.000,325.000,-1,375.000,325.000,300.000,325.000,225.000,275.000,-1,-1,-1,-1,525.000,525.000,350.000,375.000,1,1,2,1,1,1,1,1,0,2,2,2,2,1,1,1,1
115,10532.224,-7093.789,-67.947,-32.497,0.843267,0.534895,-0.052806,-0.537487,0.839710,-0.077423,0.002928,0.093671,0.995599,0,0.73755,0.10072,44.253,0.201,300.000,350.000,-1,375.000,300.000,300.000,325.000,250.000,275.000,-1,-1,950.000,-1,575.000,525.000,375.000,350.000,1,1,2,1,1,1,1,1,0,2,2,0,2,1,1,1,1
116,10569.277,-7117.200,-66.368,-32.299,0.844724,0.531618,-0.061837,-0.535119,0.840976,-0.080042,0.009452,0.100704,0.994872,0,0.73049,0.09917,43.829,0.198,300.000,350.000,-1,350.000,275.000,325.000,350.000,250.000,275.000,-1,975.000,725.000,-1,700.000,525.000,425.000,325.000,1,1,2,1,1,1,1,1,1,2,0,0,2,1,1,1,1
117,10606.075,-7140.277,-65.104,-32.104,0.846077,0.528458,-0.069900,-0.532825,0.842300,-0.081413,0.015853,0.106126,0.994226,0,0.72392,0.09733,43.435,0.195,325.000,375.000,-1,350.000,250.000,325.000,375.000,250.000,250.000,-1,825.000,575.000,-1,1000.000,550.000,525.000,325.000,1,1,2,1,1,1,1,1,1,2,0,0,2,1,1,1,1
118,10646.969,-7165.856,-63.840,-32.035,0.846121,0.527244,-0.078054,-0.532475,0.842626,-0.080323,0.023420,0.109525,0.993708,0,0.80392,0.03462,48.235,0.069,325.000,400.000,-1,375.000,225.000,350.000,375.000,250.000,250.000,-1,675.000,450.000,-1,-1,600.000,-1,325.000,1,1,2,1,1,1,1,1,1,2,0,0,2,2,1,2,1
119,10691.845,-7193.844,-60.719,-31.945,0.845832,0.526291,-0.087094,-0.532071,0.844054,-0.066880,0.038314,0.102910,0.993953,0,0.88145,0.04509,52.887,0.090,375.000,425.000,-1,400.000,250.000,400.000,375.000,250.000,250.000,-1,450.000,300.000,975.000,-1,950.000,-1,-1,1,1,2,1,1,1,1,1,1,2,0,0,0,2,0,2,2
120,10736.581,-7221.623,-58.478,-31.830,0.845815,0.524994,-0.094757,-0.530925,0.845735,-0.053392,0.052109,0.095469,0.994068,0,0.87763,0.05728,52.658,0.115,-1,475.000,-1,425.000,275.000,450.000,400.000,250.000,250.000,600.000,300.000,225.000,925.000,-1,1000.000,-1,-1,2,1,2,1,1,1,1,1,1,1,1,0,0,2,1,2,2
121,10781.131,-7249.135,-57.101,-31.690,0.846120,0.523317,-0.101094,-0.529038,0.847659,-0.039918,0.064803,0.087258,0.994076,0,0.87265,0.07015,52.359,0.140,-1,575.000,-1,475.000,375.000,475.000,450.000,225.000,250.000,475.000,250.000,175.000,900.000,-1,-1,-1,-1,2,1,2,1,1,1,1,1,1,1,1,0,0,2,2,2,2
122,10825.443,-7276.323,-56.564,-31.522,0.846789,0.521226,-0.106167,-0.526413,0.849815,-0.026513,0.076404,0.078339,0.993995,0,0.86644,0.08367,51.986,0.167,-1,650.000,-1,525.000,-1,500.000,475.000,200.000,250.000,400.000,175.000,125.000,875.000,-1,-1,-1,-1,2,1,2,1,2,0,1,1,1,1,0,0,0,2,2,2,2
123,10869.467,-7303.124,-55.635,-31.327,0.848064,0.518511,-0.109238,-0.523351,0.851897,-0.019382,0.083010,0.073607,0.993827,0,0.85898,0.09775,51.539,0.195,-1,675.000,-1,625.000,-1,525.000,500.000,175.000,225.000,400.000,150.000,100.000,875.000,-1,-1,-1,-1,2,1,2,0,2,0,0,1,1,1,0,0,0,2,2,2,2
124,8854.946,9510.932,-174.994,123.505,-0.542358,-0.824694,-0.160398,0.837448,-0.545963,-0.024586,-0.067295,-0.147660,0.986746,1,0.00000,0.00000,51.018,0.225,225.000,275.000,1000.000,375.000,-1,250.000,300.000,225.000,200.000,-1,-1,-1,-1,400.000,600.000,250.000,975.000,0,0,0,0,2,0,0,0,1,2,2,2,2,0,0,0,0
125,4263.560,983.898,70.175,-53.009,0.601753,0.798680,-0.001753,-0.798474,0.601645,0.021485,0.018214,-0.011529,0.999768,1,0.00000,0.00000,4.800,-0.240,-1,375.000,725.000,400.000,-1,325.000,325.000,325.000,325.000,-1,700.000,700.000,-1,750.000,525.000,-1,625.000,2,0,1,1,2,0,0,0,0,2,0,0,2,0,1,2,1
126,4262.023,985.921,70.135,-52.769,0.605094,0.796152,-0.001742,-0.795948,0.604985,0.021454,0.018134,-0.011595,0.999768,0,-0.04233,0.12000,-2.540,0.240,-1,375.000,750.000,400.000,-1,325.000,325.000,325.000,325.000,-1,700.000,700.000,-1,750.000,525.000,-1,625.000,2,0,1,1,2,0,0,0,0,2,0,0,2,0,1,2,1
127,4260.455,987.949,70.095,-52.289,0.611743,0.791055,-0.001742,-0.790852,0.611633,0.021403,0.017996,-0.011715,0.999769,0,-0.04272,0.24000,-2.563,0.480,-1,375.000,750.000,400.000,975.000,325.000,325.000,325.000,325.000,-1,700.000,700.000,-1,750.000,525.000,-1,625.000,2,0,1,1,1,0,0,0,0,2,0,0,2,0,1,2,1
128,4258.849,989.982,70.056,-51.696,0.619901,0.784678,-0.001747,-0.784478,0.619790,0.021342,0.017830,-0.011859,0.999771,0,-0.04319,0.29663,-2.592,0.593,-1,375.000,750.000,400.000,925.000,325.000,325.000,325.000,325.000,-1,700.000,700.000,-1,750.000,525.000,-1,625.000,2,0,1,0,1,0,0,0,0,2,0,0,2,0,1,2,1
129,4257.202,992.023,70.016,-51.105,0.627968,0.778237,-0.001752,-0.778039,0.627856,0.021280,0.017661,-0.012000,0.999772,0,-0.04371,0.29574,-2.623,0.591,-1,375.000,775.000,400.000,875.000,325.000,325.000,325.000,325.000,-1,700.000,700.000,-1,750.000,525.000,-1,600.000,2,0,1,0,1,0,0,0,0,2,0,0,2,0,1,2,1
130,4255.514,994.072,69.972,-50.515,0.635945,0.771732,-0.001753,-0.771536,0.635831,0.021237,0.017504,-0.012154,0.999773,0,-0.04423,0.29486,-2.654,0.590,-1,375.000,775.000,400.000,850.000,325.000,325.000,325.000,325.000,-1,700.000,700.000,-1,750.000,525.000,-1,600.000,2,0,1,0,1,0,0,0,0,2,0,0,2,0,1,2,1
131,4253.785,996.127,69.925,-49.927,0.643832,0.765165,-0.001749,-0.764970,0.643716,0.021212,0.017357,-0.012319,0.999773,0,-0.04477,0.29399,-2.686,0.588,-1,375.000,800.000,400.000,825.000,325.000,325.000,325.000,325.000,-1,700.000,700.000,-1,750.000,525.000,-1,600.000,2,0,1,0,1,0,0,0,0,2,0,0,2,0,1,2,1
132,4252.014,998.190,69.877,-49.341,0.651627,0.758537,-0.001747,-0.758344,0.651510,0.021185,0.017207,-0.012480,0.999774,0,-0.04531,0.29313,-2.719,0.586,-1,375.000,800.000,400.000,800.000,325.000,325.000,325.000,325.000,-1,700.000,700.000,-1,750.000,525.000,-1,600.000,2,0,1,0,1,0,0,0,0,2,0,0,2,0,1,2,1
133,4250.199,1000.259,69.830,-48.756,0.659333,0.751849,-0.001745,-0.751658,0.659214,0.021156,0.017056,-0.012638,0.999775,0,-0.04587,0.29228,-2.752,0.585,-1,375.000,825.000,400.000,775.000,325.000,325.000,325.000,325.000,-1,700.000,700.000,-1,750.000,525.000,-1,600.000,2,0,1,0,1,0,0,0,0,2,0,0,2,0,1,2,1
134,4248.341,1002.335,69.782,-48.173,0.666948,0.745102,-0.001743,-0.744913,0.666827,0.021126,0.016903,-0.012792,0.999775,0,-0.04643,0.29145,-2.786,0.583,-1,400.000,825.000,400.000,750.000,325.000,325.000,325.000,325.000,-1,675.000,700.000,-1,775.000,550.000,-1,600.000,2,0,1,0,1,0,0,0,0,2,0,0,2,0,1,2,1
135,4246.439,1004.418,69.735,-47.592,0.674473,0.738298,-0.001742,-0.738110,0.674351,0.021094,0.016748,-0.012942,0.999776,0,-0.04700,0.29063,-2.820,0.581,-1,400.000,850.000,400.000,750.000,325.000,325.000,325.000,325.000,-1,675.000,700.000,-1,775.000,550.000,-1,600.000,2,0,1,0,1,0,0,0,0,2,0,0,2,0,1,2,1
136,4244.493,1006.506,69.687,-47.012,0.681907,0.731436,-0.001741,-0.731250,0.681784,0.021061,0.016592,-0.013089,0.999777,0,-0.04759,0.28983,-2.855,0.580,-1,400.000,850.000,375.000,725.000,325.000,325.000,325.000,325.000,-1,675.000,700.000,-1,775.000,550.000,-1,600.000,2,0,1,0,1,0,0,0,0,2,0,0,2,0,1,2,1
137,4242.500,1008.601,69.639,-46.434,0.689252,0.724519,-0.001741,-0.724335,0.689127,0.021027,0.016434,-0.013232,0.999777,0,-0.04818,0.28903,-2.891,0.578,-1,400.000,875.000,375.000,725.000,325.000,325.000,325.000,325.000,-1,675.000,700.000,-1,775.000,550.000,-1,600.000,2,0,1,0,1,0,0,0,0,2,0,0,2,0,1,2,1
138,4240.462,1010.701,69.592,-45.858,0.696507,0.717548,-0.001741,-0.717365,0.696381,0.020990,0.016274,-0.013371,0.999778,0,-0.04877,0.28825,-2.926,0.576,-1,400.000,900.000,375.000,700.000,325.000,325.000,325.000,325.000,-1,675.000,700.000,-1,775.000,550.000,-1,600.000,2,0,1,0,1,0,0,0,0,2,0,0,2,0,1,2,1
139,4238.378,1012.806,69.544,-45.283,0.703673,0.710522,-0.001742,-0.710342,0.703545,0.020953,0.016113,-0.013506,0.999779,0,-0.04938,0.28748,-2.963,0.575,-1,400.000,900.000,375.000,700.000,325.000,325.000,325.000,325.000,-1,675.000,700.000,-1,775.000,550.000,-1,600.000,2,0,1,0,1,0,0,0,0,2,0,0,2,0,1,2,1
140,4236.246,1014.916,69.497,-44.709,0.710748,0.703444,-0.001743,-0.703265,0.710620,0.020913,0.015950,-0.013638,0.999780,0,-0.04999,0.28672,-2.999,0.573,-1,400.000,925.000,375.000,675.000,325.000,325.000,325.000,325.000,-1,675.000,700.000,-1,775.000,550.000,-1,600.000,2,0,1,0,1,0,0,0,0,2,0,0,2,0,1,2,1
141,4234.067,1017.031,69.449,-44.137,0.717735,0.696314,-0.001741,-0.696137,0.717605,0.020873,0.015784,-0.013769,0.999781,0,-0.05061,0.28598,-3.037,0.572,-1,400.000,950.000,375.000,675.000,325.000,325.000,325.000,325.000,-1,675.000,700.000,-1,775.000,550.000,-1,600.000,2,0,1,0,1,0,0,0,0,2,0,0,2,0,1,2,1
142,4231.839,1019.150,69.394,-43.567,0.724633,0.689133,-0.001704,-0.688959,0.724501,0.020836,0.015593,-0.013924,0.999781,0,-0.05124,0.28525,-3.074,0.570,-1,400.000,950.000,375.000,675.000,325.000,325.000,325.000,325.000,-1,675.000,700.000,-1,775.000,575.000,-1,600.000,2,0,1,0,1,0,0,0,0,2,0,0,2,0,1,2,1
143,4233.096,1017.968,69.414,-43.236,0.728596,0.684942,-0.001716,-0.684768,0.728463,0.020836,0.015521,-0.014006,0.999781,0,0.02876,0.16525,1.726,0.330,-1,400.000,975.000,375.000,650.000,325.000,325.000,325.000,325.000,-1,675.000,700.000,-1,775.000,575.000,-1,600.000,2,0,1,0,1,0,0,0,0,2,0,0,2,0,1,2,1
144,4237.864,1013.513,69.507,-43.059,0.730717,0.682678,-0.001776,-0.682503,0.730584,0.020871,0.015545,-0.014039,0.999781,0,0.10876,0.08888,6.526,0.178,-1,400.000,950.000,375.000,650.000,325.000,325.000,325.000,325.000,-1,675.000,700.000,-1,775.000,550.000,-1,575.000,2,0,1,0,1,0,0,0,0,2,0,0,2,0,1,2,1
145,4246.163,1005.806,69.672,-42.882,0.732815,0.680426,-0.001869,-0.680249,0.732682,0.020937,0.015616,-0.014072,0.999779,0,0.18876,0.08818,11.326,0.176,-1,400.000,950.000,375.000,625.000,325.000,325.000,325.000,325.000,-1,675.000,725.000,-1,775.000,550.000,-1,575.000,2,0,1,0,1,0,0,0,0,2,0,0,2,0,1,2,1
146,4258.013,994.868,69.902,-42.708,0.734881,0.678193,-0.001951,-0.678014,0.734748,0.021041,0.015703,-0.014140,0.999777,0,0.26876,0.08715,16.126,0.174,-1,400.000,950.000,375.000,600.000,325.000,325.000,325.000,325.000,-1,700.000,725.000,-1,775.000,550.000,-1,550.000,2,0,1,0,1,0,0,0,0,2,0,0,2,0,1,2,1
147,4273.432,980.721,70.209,-42.536,0.736909,0.675989,-0.002050,-0.675807,0.736775,0.021176,0.015825,-0.014219,0.999774,0,0.34876,0.08579,20.926,0.172,-1,400.000,925.000,375.000,575.000,325.000,325.000,325.000,325.000,-1,700.000,750.000,-1,775.000,525.000,-1,550.000,2,0,1,0,1,0,0,0,0,2,0,0,2,0,1,2,1
148,4292.438,963.385,70.599,-42.368,0.738890,0.673823,-0.002162,-0.673637,0.738754,0.021340,0.015977,-0.014312,0.999770,0,0.42876,0.08406,25.726,0.168,-1,400.000,900.000,375.000,550.000,325.000,325.000,325.000,325.000,-1,725.000,750.000,-1,775.000,525.000,-1,525.000,2,0,1,0,1,0,0,0,0,2,0,0,2,0,1,2,1
149,4315.050,942.879,71.072,-42.204,0.740814,0.671707,-0.002320,-0.671516,0.740677,0.021526,0.016178,-0.014389,0.999766,0,0.50876,0.08193,30.526,0.164,-1,400.000,875.000,375.000,500.000,325.000,325.000,325.000,325.000,-1,750.000,775.000,-1,775.000,500.000,-1,500.000,2,0,1,0,1,0,0,0,0,2,0,0,2,0,1,2,1
150,4341.284,919.220,71.597,-42.046,0.742672,0.669651,-0.002559,-0.669451,0.742534,0.021876,0.016549,-0.014533,0.999757,0,0.58876,0.07937,35.326,0.159,-1,400.000,850.000,375.000,475.000,325.000,325.000,325.000,325.000,-1,750.000,800.000,-1,775.000,475.000,-1,450.000,2,0,1,0,1,0,0,0,0,2,0,0,2,0,1,2,1
151,4371.153,892.427,72.216,-41.893,0.744453,0.667669,-0.002810,-0.667458,0.744313,0.022311,0.016988,-0.014733,0.999747,0,0.66876,0.07631,40.126,0.153,-1,400.000,825.000,375.000,425.000,325.000,325.000,325.000,325.000,-1,775.000,800.000,-1,800.000,450.000,-1,425.000,2,0,1,1,1,0,0,0,0,2,0,0,2,0,1,2,1
152,4404.671,862.513,72.946,-41.748,0.746146,0.665775,-0.003072,-0.665553,0.746002,0.022802,0.017473,-0.014970,0.999735,0,0.74876,0.07270,44.926,0.145,-1,400.000,775.000,350.000,375.000,325.000,325.000,325.000,325.000,-1,800.000,825.000,-1,800.000,425.000,-1,375.000,2,0,1,1,1,0,0,0,0,2,0,0,2,0,1,2,1
153,4441.850,829.492,73.800,-41.611,0.747736,0.663988,-0.003337,-0.663753,0.747588,0.023351,0.017999,-0.015246,0.999722,0,0.82876,0.06845,49.726,0.137,-1,400.000,725.000,325.000,325.000,325.000,325.000,325.000,325.000,-1,825.000,850.000,-1,800.000,400.000,-1,325.000,2,0,1,1,1,0,0,0,0,2,0,0,2,0,1,2,1
154,4482.428,793.612,74.784,-41.484,0.749206,0.662327,-0.003598,-0.662077,0.749053,0.023953,0.018560,-0.015564,0.999707,0,0.90276,0.06347,54.166,0.127,-1,400.000,675.000,300.000,275.000,325.000,325.000,325.000,325.000,-1,825.000,875.000,-1,800.000,350.000,-1,300.000,2,0,1,1,1,0,1,0,0,2,0,0,2,0,1,2,1
155,4523.277,757.639,75.717,-41.368,0.750547,0.660809,-0.003240,-0.660552,0.750375,0.024666,0.018731,-0.016373,0.999690,0,0.90719,0.05767,54.431,0.115,-1,400.000,625.000,275.000,225.000,325.000,300.000,325.000,325.000,-1,875.000,900.000,-1,775.000,325.000,-1,250.000,2,0,1,1,1,0,1,0,0,2,0,0,2,1,1,2,1
156,4564.376,721.577,77.175,-41.266,0.751766,0.659426,-0.002360,-0.659119,0.751517,0.028000,0.020238,-0.019494,0.999605,0,0.91129,0.05138,54.677,0.103,-1,400.000,575.000,250.000,200.000,325.000,275.000,300.000,325.000,-1,850.000,900.000,-1,725.000,300.000,-1,200.000,2,0,1,1,1,0,1,0,0,2,0,0,2,1,1,2,1
157,4605.702,685.435,82.584,-41.177,0.753083,0.657925,-0.000573,-0.657084,0.752163,0.049914,0.033271,-0.037213,0.998753,0,0.91499,0.04455,54.900,0.089,-1,425.000,575.000,225.000,175.000,350.000,250.000,300.000,375.000,-1,425.000,550.000,-1,700.000,275.000,-1,175.000,2,0,1,1,1,1,1,0,0,2,0,0,2,1,1,2,1
158,4647.224,649.221,88.952,-41.102,0.754513,0.656284,0.001439,-0.654463,0.752252,0.076129,0.048879,-0.058382,0.997097,0,0.91824,0.03713,55.094,0.074,-1,475.000,575.000,225.000,175.000,325.000,250.000,275.000,425.000,-1,200.000,375.000,-1,675.000,275.000,-1,175.000,2,0,1,1,1,1,1,0,0,2,0,0,2,1,1,2,1
159,4688.910,612.947,96.219,-41.044,0.756154,0.654385,0.003404,-0.650934,0.751613,0.106594,0.067195,-0.082817,0.994297,0,0.92094,0.02906,55.256,0.058,-1,475.000,575.000,225.000,150.000,325.000,250.000,275.000,525.000,775.000,100.000,275.000,-1,675.000,275.000,-1,150.000,2,1,1,1,1,1,1,0,0,0,0,0,2,1,1,2,1
160,4730.722,576.626,104.394,-41.004,0.758131,0.652080,0.005411,-0.646126,0.750036,0.141305,0.088084,-0.110624,0.989951,0,0.92300,0.02027,55.380,0.041,-1,450.000,600.000,225.000,150.000,325.000,225.000,250.000,650.000,500.000,50.000,225.000,-1,700.000,275.000,-1,150.000,2,1,1,1,1,1,1,0,0,0,0,0,2,1,1,2,1
161,4772.616,540.278,113.490,-40.982,0.760613,0.649158,0.007786,-0.639591,0.747239,0.180437,0.111314,-0.142223,0.983556,0,0.92431,0.01068,55.458,0.021,-1,450.000,650.000,225.000,125.000,325.000,250.000,250.000,850.000,325.000,25.000,200.000,-1,-1,275.000,-1,125.000,2,1,1,1,1,1,1,0,0,0,0,0,2,2,1,2,1
162,4814.541,503.923,123.531,-40.982,0.763775,0.645395,0.010637,-0.630886,0.742918,0.223729,0.136491,-0.177589,0.974593,0,0.92472,0.00023,55.483,0.000,-1,450.000,-1,225.000,125.000,325.000,250.000,225.000,-1,225.000,0.000,175.000,-1,-1,300.000,-1,125.000,2,1,2,1,1,1,1,0,2,0,0,0,2,2,1,2,1
163,4856.427,467.580,132.570,-41.004,0.766930,0.641588,0.013552,-0.621974,0.737954,0.261861,0.158006,-0.209258,0.965010,0,0.92411,-0.01118,55.446,-0.022,-1,450.000,-1,250.000,100.000,325.000,250.000,225.000,-1,175.000,0.000,175.000,-1,-1,325.000,-1,125.000,2,1,2,1,1,1,1,0,2,0,0,0,2,2,1,2,1
164,8855.075,-8855.076,-165.499,47.969,0.669378,-0.741961,0.037768,0.742909,0.668797,-0.028222,-0.004320,0.046949,0.998888,1,0.00000,0.00000,55.337,-0.047,-1,375.000,-1,375.000,475.000,300.000,300.000,325.000,300.000,-1,450.000,500.000,-1,675.000,575.000,-1,575.000,2,0,2,0,1,0,0,0,0,2,0,0,2,0,1,2,1
165,8858.304,-8851.524,-165.508,47.729,0.672486,-0.739154,0.037611,0.740098,0.671900,-0.028385,-0.004290,0.046924,0.998889,0,0.08000,-0.12000,4.800,-0.240,-1,375.000,-1,375.000,475.000,300.000,300.000,325.000,300.000,-1,450.000,475.000,-1,675.000,575.000,-1,575.000,2,0,2,0,1,0,0,0,0,2,0,0,2,0,1,2,1
166,8864.820,-8844.475,-165.528,47.249,0.678665,-0.733501,0.037295,0.734436,0.678070,-0.028714,-0.004227,0.046878,0.998892,0,0.16000,-0.24000,9.600,-0.480,-1,375.000,-1,375.000,475.000,300.000,300.000,325.000,300.000,-1,450.000,475.000,-1,675.000,575.000,-1,575.000,2,0,2,0,1,0,0,0,0,2,0,0,2,0,1,2,1
167,8874.722,-8834.018,-165.563,46.561,0.687436,-0.725311,0.036817,0.726233,0.686828,-0.029210,-0.004100,0.046817,0.998895,0,0.24000,-0.34387,14.400,-0.688,-1,375.000,-1,375.000,450.000,300.000,300.000,325.000,300.000,-1,425.000,475.000,-1,675.000,575.000,-1,550.000,2,0,2,0,1,0,0,0,0,2,0,0,2,0,1,2,1
168,8888.090,-8820.237,-165.619,45.870,0.696157,-0.716978,0.036171,0.717880,0.695526,-0.029870,-0.003741,0.046761,0.998899,0,0.32000,-0.34548,19.200,-0.691,-1,375.000,-1,375.000,450.000,300.000,300.000,325.000,300.000,-1,425.000,450.000,-1,675.000,575.000,-1,525.000,2,0,2,0,1,0,0,0,0,2,0,0,2,0,1,2,1
169,8905.010,-8803.216,-165.713,45.172,0.704871,-0.708458,0.035267,0.709328,0.704210,-0.030689,-0.003093,0.046647,0.998907,0,0.40000,-0.34889,24.000,-0.698,-1,375.000,-1,375.000,425.000,300.000,300.000,325.000,300.000,-1,425.000,450.000,-1,675.000,550.000,-1,525.000,2,0,2,0,1,0,0,0,0,2,0,0,2,0,1,2,1
170,8925.565,-8783.042,-165.760,44.464,0.713611,-0.699712,0.034110,0.700539,0.712926,-0.031343,-0.002387,0.046262,0.998926,0,0.48000,-0.35412,28.800,-0.708,-1,375.000,-1,375.000,400.000,300.000,300.000,325.000,300.000,-1,425.000,450.000,-1,675.000,550.000,-1,500.000,2,0,2,1,1,0,0,0,0,2,0,0,2,0,1,2,1
171,8949.840,-8759.811,-165.789,43.742,0.722417,-0.690681,0.032778,0.691456,0.721707,-0.032041,-0.001526,0.045811,0.998949,0,0.56000,-0.36125,33.600,-0.722,-1,375.000,-1,350.000,400.000,300.000,300.000,325.000,300.000,-1,400.000,425.000,-1,675.000,550.000,-1,475.000,2,0,2,1,1,0,0,0,0,2,0,0,2,0,1,2,1
172,8977.923,-8733.622,-165.801,43.001,0.731329,-0.681307,0.031283,0.682025,0.730592,-0.032834,-0.000485,0.045349,0.998971,0,0.64000,-0.37037,38.400,-0.741,-1,375.000,-1,350.000,375.000,300.000,300.000,325.000,300.000,-1,400.000,425.000,-1,675.000,525.000,-1,450.000,2,0,2,1,1,0,0,0,0,2,0,0,2,0,1,2,1
173,9009.907,-8704.583,-165.784,42.238,0.740385,-0.671529,0.029636,0.672182,0.739617,-0.033730,0.000731,0.044894,0.998991,0,0.72000,-0.38161,43.200,-0.763,-1,375.000,-1,350.000,350.000,300.000,300.000,325.000,325.000,-1,400.000,425.000,-1,675.000,525.000,-1,425.000,2,0,2,1,1,0,0,0,0,2,0,0,2,0,1,2,1
174,9045.738,-8672.643,-165.715,41.714,0.746537,-0.664760,0.027850,0.665340,0.745734,-0.034705,0.002302,0.044438,0.999009,0,0.80000,-0.26161,48.000,-0.523,-1,375.000,-1,325.000,325.000,300.000,300.000,325.000,325.000,-1,400.000,425.000,-1,675.000,525.000,-1,375.000,2,0,2,1,1,0,1,0,0,2,0,0,2,0,1,2,1
175,9085.325,-8637.704,-165.567,41.431,0.749868,-0.661079,0.025928,0.661574,0.749026,-0.035779,0.004232,0.043983,0.999023,0,0.88000,-0.14161,52.800,-0.283,-1,375.000,-1,325.000,275.000,300.000,300.000,325.000,325.000,-1,400.000,425.000,-1,675.000,550.000,-1,350.000,2,0,2,1,1,0,1,0,0,2,0,0,2,0,1,2,1
176,9128.541,-8599.623,-163.877,41.388,0.750480,-0.660670,0.017204,0.660805,0.749700,-0.035856,0.010791,0.038277,0.999209,0,0.96000,-0.02161,57.600,-0.043,-1,375.000,-1,325.000,275.000,325.000,300.000,325.000,325.000,-1,350.000,400.000,-1,700.000,625.000,-1,400.000,2,0,2,1,1,0,1,0,1,2,0,0,2,0,1,2,1
177,9173.422,-8559.802,-161.152,41.585,0.748215,-0.663442,0.004208,0.663144,0.747654,-0.035401,0.020340,0.029278,0.999364,0,1.00000,0.09839,60.000,0.197,-1,400.000,-1,350.000,325.000,325.000,325.000,300.000,300.000,-1,275.000,350.000,-1,725.000,700.000,-1,825.000,2,0,2,1,1,0,1,0,1,2,0,0,2,0,0,2,1
178,9217.997,-8519.638,-158.892,42.022,0.743021,-0.669241,-0.006008,0.668669,0.742706,-0.035627,0.028305,0.022455,0.999347,0,1.00000,0.21839,60.000,0.437,-1,400.000,-1,400.000,375.000,325.000,325.000,300.000,275.000,-1,250.000,325.000,-1,750.000,750.000,-1,850.000,2,0,2,1,1,0,0,0,1,2,0,0,2,0,1,2,1
179,9262.095,-8478.951,-157.131,42.698,0.734916,-0.678029,-0.013239,0.677277,0.734816,-0.036616,0.034555,0.017943,0.999242,0,1.00000,0.33839,60.000,0.677,-1,400.000,-1,425.000,600.000,350.000,350.000,300.000,250.000,-1,225.000,325.000,-1,775.000,725.000,-1,825.000,2,0,2,0,1,0,0,0,1,2,0,0,2,0,1,2,1
180,9305.756,-8437.796,-155.699,43.308,0.727561,-0.685830,-0.017104,0.684958,0.727586,-0.038103,0.038577,0.016006,0.999127,0,1.00000,0.30477,60.000,0.610,-1,425.000,-1,425.000,625.000,350.000,350.000,300.000,250.000,-1,225.000,300.000,-1,775.000,725.000,-1,825.000,2,0,2,0,1,0,0,0,1,2,0,0,2,0,1,2,1
181,9349.032,-8396.236,-154.650,43.841,0.721131,-0.692563,-0.018066,0.691606,0.721174,-0.039856,0.040632,0.016246,0.999042,0,1.00000,0.26639,60.000,0.533,-1,400.000,-1,425.000,625.000,350.000,350.000,300.000,225.000,-1,225.000,300.000,-1,775.000,700.000,-1,775.000,2,0,2,0,1,0,0,0,1,2,0,0,2,0,1,2,1
182,9388.650,-8357.798,-154.029,44.133,0.717635,-0.696216,-0.016812,0.695210,0.717602,-0.041600,0.041027,0.018166,0.998993,0,0.92000,0.14639,55.200,0.293,-1,400.000,-1,425.000,600.000,325.000,325.000,300.000,200.000,-1,250.000,325.000,-1,775.000,675.000,-1,750.000,2,0,2,0,1,0,0,0,1,2,0,0,2,0,1,2,1
183,9424.790,-8322.669,-153.713,44.186,0.717093,-0.696835,-0.014078,0.695815,0.716917,-0.043250,0.040230,0.021219,0.998965,0,0.84000,0.02639,50.400,0.053,-1,400.000,-1,400.000,575.000,325.000,325.000,300.000,200.000,-1,250.000,325.000,-1,750.000,650.000,-1,700.000,2,0,2,0,1,0,0,0,1,2,0,0,2,0,1,2,1
184,9457.591,-8290.992,-153.595,43.999,0.719484,-0.694430,-0.010520,0.693433,0.719129,-0.044770,0.038655,0.024917,0.998942,0,0.76000,-0.09361,45.600,-0.187,-1,400.000,-1,400.000,525.000,325.000,325.000,300.000,175.000,-1,300.000,350.000,-1,750.000,625.000,-1,625.000,2,0,2,0,1,0,0,0,1,2,0,0,2,0,1,2,1
185,9487.064,-8262.779,-153.541,43.747,0.722662,-0.691173,-0.006318,0.690215,0.722088,-0.046820,0.036923,0.029474,0.998883,0,0.68000,-0.12604,40.800,-0.252,-1,400.000,-1,375.000,475.000,325.000,325.000,300.000,175.000,-1,325.000,375.000,-1,725.000,575.000,-1,575.000,2,0,2,0,1,0,0,0,1,2,0,0,2,0,1,2,1
186,9513.180,-8238.001,-153.204,43.491,0.725825,-0.687870,-0.003700,0.686930,0.725095,-0.048620,0.036127,0.032749,0.998810,0,0.60000,-0.12799,36.000,-0.256,-1,375.000,-1,375.000,450.000,325.000,300.000,300.000,175.000,-1,350.000,375.000,-1,725.000,575.000,-1,525.000,2,0,2,0,1,0,0,0,1,2,0,0,2,0,1,2,1
187,9535.912,-8216.630,-152.172,43.233,0.728912,-0.684591,-0.004840,0.683578,0.728185,-0.049684,0.037538,0.032907,0.998753,0,0.52000,-0.12914,31.200,-0.258,-1,375.000,-1,375.000,425.000,325.000,300.000,300.000,175.000,-1,350.000,375.000,-1,725.000,550.000,-1,525.000,2,0,2,0,1,0,0,0,1,2,0,0,2,0,1,2,1
188,9555.228,-8198.634,-151.287,42.973,0.731997,-0.681283,-0.005792,0.680209,0.731273,-0.050555,0.038677,0.033066,0.998705,0,0.44000,-0.12970,26.400,-0.259,-1,375.000,-1,375.000,425.000,325.000,300.000,325.000,175.000,-1,350.000,375.000,-1,750.000,550.000,-1,500.000,2,0,2,1,1,0,0,0,1,2,0,0,2,0,1,2,1
189,9571.099,-8183.982,-150.556,42.713,0.735072,-0.677958,-0.006564,0.676834,0.734350,-0.051243,0.039561,0.033225,0.998665,0,0.36000,-0.12987,21.600,-0.260,-1,400.000,-1,375.000,400.000,325.000,300.000,325.000,175.000,-1,325.000,375.000,-1,750.000,550.000,-1,475.000,2,0,2,1,1,0,0,0,1,2,0,0,2,0,1,2,1
190,9583.494,-8172.642,-149.866,42.454,0.738123,-0.674628,-0.007168,0.673488,0.737419,-0.051258,0.039865,0.033007,0.998660,0,0.28000,-0.12980,16.800,-0.260,-1,400.000,-1,375.000,400.000,325.000,300.000,325.000,175.000,-1,350.000,375.000,-1,750.000,550.000,-1,475.000,2,0,2,1,1,0,0,0,1,2,0,0,2,0,1,2,1
191,9592.385,-8164.583,-149.016,42.195,0.741132,-0.671315,-0.007696,0.670225,0.740498,-0.049611,0.039004,0.031610,0.998739,0,0.20000,-0.12963,12.000,-0.259,-1,375.000,-1,375.000,375.000,325.000,300.000,300.000,175.000,-1,375.000,425.000,-1,750.000,550.000,-1,450.000,2,0,2,1,1,0,0,0,1,2,0,0,2,0,1,2,1
192,9597.741,-8159.771,-148.550,41.936,0.744141,-0.667975,-0.007996,0.666908,0.743537,-0.048839,0.038569,0.031011,0.998775,0,0.12000,-0.12945,7.200,-0.259,-1,375.000,-1,375.000,375.000,325.000,300.000,300.000,175.000,-1,400.000,425.000,-1,750.000,550.000,-1,450.000,2,0,2,1,1,0,0,0,1,2,0,0,2,0,1,2,1
193,9599.534,-8158.176,-148.458,41.677,0.747148,-0.664608,-0.008084,0.663540,0.746542,-0.048895,0.038531,0.031167,0.998771,0,0.04000,-0.12932,2.400,-0.259,-1,375.000,-1,350.000,375.000,325.000,300.000,300.000,175.000,-1,400.000,425.000,-1,750.000,525.000,-1,450.000,2,0,2,1,1,0,0,0,1,2,0,0,2,0,1,2,1
194,9597.734,-8159.763,-148.736,41.419,0.750155,-0.661214,-0.007974,0.660118,0.749512,-0.049773,0.038887,0.032073,0.998729,0,-0.04000,-0.12927,-2.400,-0.259,-1,375.000,-1,350.000,375.000,325.000,300.000,300.000,175.000,-1,375.000,400.000,-1,750.000,525.000,-1,450.000,2,0,2,1,1,0,0,0,1,2,0,0,2,0,1,2,1
195,9592.313,-8164.501,-149.393,41.160,0.753165,-0.657787,-0.007674,0.656636,0.752447,-0.051514,0.039660,0.033759,0.998643,0,-0.12000,-0.12931,-7.200,-0.259,-1,400.000,-1,375.000,375.000,325.000,325.000,325.000,175.000,-1,350.000,375.000,-1,750.000,525.000,-1,450.000,2,0,2,1,1,0,0,0,1,2,0,0,2,0,1,2,1
196,9583.243,-8172.358,-149.875,40.901,0.756138,-0.654372,-0.007298,0.653235,0.755399,-0.051544,0.039242,0.034207,0.998644,0,-0.20000,-0.12940,-12.000,-0.259,-1,400.000,-1,375.000,375.000,325.000,300.000,325.000,175.000,-1,325.000,350.000,-1,750.000,525.000,-1,450.000,2,0,2,1,1,0,0,0,1,2,0,0,2,0,1,2,1
197,9570.495,-8183.300,-150.411,40.642,0.759090,-0.650950,-0.006778,0.649858,0.758347,-0.050947,0.038304,0.034269,0.998678,0,-0.28000,-0.12947,-16.800,-0.259,-1,375.000,-1,375.000,400.000,325.000,300.000,325.000,175.000,-1,350.000,375.000,-1,750.000,525.000,-1,475.000,2,0,2,1,1,0,0,0,1,2,0,0,2,0,1,2,1
198,9556.863,-8194.895,-150.976,40.383,0.762026,-0.647517,-0.006209,0.646471,0.761278,-0.050306,0.037300,0.034320,0.998715,0,-0.29827,-0.12941,-17.896,-0.259,-1,375.000,-1,375.000,400.000,325.000,300.000,325.000,175.000,-1,350.000,375.000,-1,750.000,525.000,-1,475.000,2,0,2,1,1,0,0,0,1,2,0,0,2,0,1,2,1
199,9543.620,-8206.057,-151.510,40.125,0.764941,-0.644076,-0.005622,0.643077,0.764188,-0.049681,0.036294,0.034388,0.998749,0,-0.28865,-0.12918,-17.319,-0.258,-1,375.000,-1,375.000,425.000,325.000,300.000,325.000,175.000,-1,350.000,375.000,-1,725.000,525.000,-1,475.000,2,0,2,1,1,0,0,0,1,2,0,0,2,0,1,2,1
200,9530.757,-8216.800,-152.018,39.867,0.767831,-0.640633,-0.005032,0.639679,0.767074,-0.049071,0.035297,0.034459,0.998783,0,-0.27932,-0.12877,-16.759,-0.258,-1,375.000,-1,375.000,425.000,325.000,300.000,300.000,175.000,-1,350.000,375.000,-1,725.000,550.000,-1,500.000,2,0,2,0,1,0,0,0,1,2,0,0,2,0,1,2,1
201,9521.512,-8224.386,-151.868,39.370,0.773316,-0.633983,-0.006921,0.633006,0.772651,-0.048110,0.035848,0.032823,0.998818,0,-0.19932,-0.24877,-11.959,-0.498,-1,375.000,-1,375.000,425.000,325.000,325.000,300.000,175.000,-1,325.000,350.000,-1,725.000,550.000,-1,500.000,2,0,2,0,1,0,0,0,1,2,0,0,2,0,1,2,1
202,9515.920,-8228.857,-151.501,38.632,0.781354,-0.624019,-0.009256,0.623010,0.780791,-0.047171,0.036663,0.031091,0.998844,0,-0.11932,-0.36877,-7.159,-0.738,-1,400.000,-1,375.000,450.000,325.000,325.000,300.000,175.000,-1,325.000,350.000,-1,750.000,550.000,-1,500.000,2,0,2,0,1,0,0,0,1,2,0,0,2,0,1,2,1
203,9514.053,-8230.298,-151.055,37.655,0.791832,-0.610632,-0.011416,0.609596,0.791355,-0.046366,0.037347,0.029755,0.998859,0,-0.03932,-0.48877,-2.359,-0.978,-1,400.000,-1,400.000,450.000,325.000,325.000,300.000,175.000,-1,300.000,350.000,-1,750.000,550.000,-1,525.000,2,0,2,1,1,0,0,0,1,2,0,0,2,0,1,2,1
204,9516.017,-8228.849,-150.515,36.437,0.804575,-0.593697,-0.013500,0.592636,0.804176,-0.045656,0.037963,0.028733,0.998866,0,0.04068,-0.60877,2.441,-1.218,-1,400.000,-1,400.000,425.000,325.000,325.000,300.000,175.000,-1,275.000,325.000,-1,750.000,550.000,-1,500.000,2,0,2,1,1,0,0,0,1,2,0,0,2,0,1,2,1
205,9521.938,-8224.682,-149.932,35.135,0.817813,-0.575282,-0.015262,0.574199,0.817470,-0.045145,0.038448,0.028157,0.998864,0,0.12068,-0.65094,7.241,-1.302,-1,400.000,-1,400.000,425.000,325.000,325.000,300.000,175.000,-1,275.000,325.000,-1,750.000,550.000,-1,500.000,2,0,2,1,1,0,0,0,1,2,0,0,2,0,1,2,1
206,9531.940,-8217.978,-149.341,33.832,0.830651,-0.556546,-0.016635,0.555440,0.830343,-0.044902,0.038803,0.028059,0.998853,0,0.20068,-0.65151,12.041,-1.303,-1,400.000,-1,400.000,400.000,325.000,325.000,300.000,175.000,-1,275.000,325.000,-1,750.000,525.000,-1,500.000,2,0,2,1,1,0,0,0,1,2,0,0,2,0,1,2,1
207,9546.139,-8208.922,-148.743,32.527,0.843089,-0.537484,-0.017668,0.536355,0.842795,-0.044943,0.039046,0.028415,0.998833,0,0.28068,-0.65253,16.841,-1.305,-1,400.000,-1,375.000,400.000,325.000,325.000,300.000,175.000,-1,275.000,300.000,-1,750.000,525.000,-1,475.000,2,0,2,1,1,0,0,0,1,2,0,0,2,0,1,2,1
208,9564.646,-8197.705,-148.144,31.219,0.855127,-0.518094,-0.018372,0.516938,0.854824,-0.045291,0.039170,0.029233,0.998805,0,0.36068,-0.65399,21.641,-1.308,-1,400.000,-1,375.000,375.000,325.000,325.000,300.000,175.000,-1,275.000,300.000,-1,775.000,500.000,-1,450.000,2,0,2,1,1,0,0,0,1,2,0,0,2,0,1,2,1
209,9587.566,-8184.521,-147.552,29.908,0.866763,-0.498369,-0.018733,0.497182,0.866427,-0.045978,0.039145,0.030538,0.998767,0,0.44068,-0.65590,26.441,-1.312,-1,400.000,-1,350.000,350.000,325.000,325.000,300.000,175.000,-1,275.000,300.000,-1,775.000,475.000,-1,425.000,2,0,2,1,1,0,0,0,1,2,0,0,2,0,1,2,1
210,9614.997,-8169.570,-146.981,28.591,0.877994,-0.478305,-0.018718,0.477086,0.877597,-0.047044,0.038929,0.032374,0.998717,0,0.52068,-0.65818,31.241,-1.316,-1,400.000,-1,350.000,325.000,325.000,325.000,300.000,175.000,-1,275.000,300.000,-1,775.000,450.000,-1,400.000,2,0,2,1,1,0,1,0,1,2,0,0,2,0,1,2,1
211,9647.031,-8153.056,-146.448,27.270,0.888815,-0.457901,-0.018278,0.456649,0.888322,-0.048540,0.038463,0.034796,0.998654,0,0.60068,-0.66077,36.041,-1.322,-1,400.000,-1,325.000,275.000,325.000,300.000,300.000,175.000,-1,300.000,300.000,-1,750.000,425.000,-1,350.000,2,0,2,1,1,0,1,0,1,2,0,0,2,0,1,2,1
212,9683.756,-8135.188,-145.972,25.943,0.899218,-0.437156,-0.017356,0.435875,0.898588,-0.050525,0.037683,0.037868,0.998572,0,0.68068,-0.66353,40.841,-1.327,-1,400.000,-1,300.000,250.000,325.000,275.000,325.000,150.000,-1,300.000,325.000,-1,750.000,400.000,-1,300.000,2,1,2,1,1,1,1,0,1,2,0,0,2,0,1,2,1
213,9725.251,-8116.182,-144.368,24.610,0.909180,-0.416150,-0.014526,0.415093,0.908534,-0.047585,0.033000,0.037234,0.998762,0,0.76068,-0.66632,45.641,-1.333,-1,375.000,-1,275.000,225.000,300.000,275.000,300.000,150.000,-1,425.000,425.000,-1,725.000,375.000,-1,275.000,2,1,2,1,1,1,1,0,1,2,0,0,2,0,1,2,1
214,9768.492,-8097.587,-142.124,23.272,0.918650,-0.394865,-0.012782,0.394031,0.918098,-0.042842,0.028652,0.034321,0.999000,0,0.78450,-0.66893,47.070,-1.338,-1,350.000,-1,250.000,175.000,275.000,250.000,300.000,150.000,-1,600.000,600.000,-1,700.000,350.000,-1,225.000,2,1,2,1,1,1,1,0,1,2,0,0,2,0,1,2,1
215,9811.464,-8080.293,-136.151,21.930,0.927252,-0.373417,-0.027627,0.372629,0.927501,-0.029815,0.036758,0.017352,0.999174,0,0.77201,-0.67103,46.321,-1.342,-1,350.000,-1,250.000,200.000,275.000,250.000,300.000,175.000,-1,500.000,575.000,-1,750.000,350.000,-1,225.000,2,1,2,1,1,1,1,0,1,2,0,0,2,0,1,2,1
216,9854.132,-8064.272,-130.260,20.585,0.935175,-0.351597,-0.042755,0.351205,0.936151,-0.016606,0.045864,0.000514,0.998948,0,0.75960,-0.67249,45.576,-1.345,-1,375.000,-1,250.000,200.000,275.000,250.000,275.000,200.000,-1,425.000,525.000,-1,800.000,350.000,-1,225.000,2,1,2,1,1,1,1,0,1,2,0,0,2,0,1,2,1
217,9896.471,-8049.497,-124.716,19.238,0.942447,-0.329460,-0.057009,0.329789,0.944047,-0.003818,0.055077,-0.015203,0.998366,0,0.74736,-0.67335,44.842,-1.347,-1,375.000,-1,250.000,200.000,300.000,250.000,275.000,200.000,-1,350.000,500.000,-1,850.000,350.000,-1,225.000,2,1,2,1,1,1,1,0,1,2,0,0,2,1,1,2,1
218,9943.777,-8034.442,-118.551,17.652,0.950288,-0.303088,-0.071350,0.304472,0.952478,0.009124,0.065194,-0.030394,0.997410,0,0.82736,-0.79335,49.642,-1.587,-1,400.000,-1,250.000,200.000,300.000,250.000,250.000,225.000,825.000,300.000,450.000,-1,875.000,350.000,-1,225.000,2,1,2,1,1,1,1,0,1,0,0,0,2,1,1,2,1
219,9990.787,-8020.906,-111.714,16.061,0.957099,-0.276436,-0.086859,0.278872,0.960177,0.017035,0.078691,-0.040526,0.996075,0,0.81530,-0.79522,48.918,-1.590,-1,450.000,-1,275.000,200.000,300.000,250.000,250.000,250.000,675.000,250.000,400.000,-1,900.000,375.000,-1,225.000,2,1,2,1,1,1,1,0,1,0,0,0,2,1,1,2,1
220,10042.746,-8007.262,-104.515,14.711,0.961734,-0.253592,-0.103726,0.257557,0.965897,0.026583,0.093448,-0.052281,0.994251,0,0.89530,-0.67522,53.718,-1.350,-1,500.000,-1,275.000,200.000,325.000,250.000,250.000,250.000,550.000,225.000,375.000,-1,950.000,375.000,-1,225.000,2,1,2,1,1,1,1,0,1,0,0,0,2,1,1,2,1
221,-2295.750,7543.233,236.591,-45.100,0.705783,0.707349,-0.039091,-0.708425,0.704873,-0.035901,0.002160,0.053032,0.998590,1,0.00000,0.00000,58.092,-1.335,-1,400.000,-1,400.000,500.000,325.000,325.000,325.000,325.000,-1,-1,-1,-1,850.000,575.000,-1,575.000,2,0,2,0,1,0,0,0,0,2,2,2,2,0,1,2,1
222,-2292.348,7539.847,236.608,-44.860,0.708748,0.704391,-0.038860,-0.705459,0.707830,-0.036120,0.002063,0.053014,0.998592,0,0.08000,0.12000,4.800,0.240,-1,400.000,-1,400.000,500.000,325.000,325.000,325.000,325.000,-1,-1,-1,-1,850.000,575.000,-1,550.000,2,0,2,0,1,0,0,0,0,2,2,2,2,0,1,2,1
223,-2285.487,7533.133,236.647,-44.380,0.714641,0.698437,-0.038390,-0.699489,0.713708,-0.036550,0.001871,0.052973,0.998594,0,0.16000,0.24000,9.600,0.480,-1,400.000,-1,400.000,475.000,325.000,325.000,325.000,325.000,-1,-1,-1,-1,850.000,575.000,-1,550.000,2,0,2,0,1,0,0,0,0,2,2,2,2,0,1,2,1
224,-2275.074,7523.186,236.719,-43.689,0.723040,0.689778,-0.037669,-0.690804,0.722085,-0.037177,0.001557,0.052902,0.998598,0,0.24000,0.34565,14.400,0.691,-1,400.000,-1,400.000,475.000,325.000,325.000,325.000,325.000,-1,-1,-1,-1,850.000,575.000,-1,550.000,2,0,2,0,1,0,0,0,0,2,2,2,2,0,1,2,1
225,-2261.034,7510.091,236.831,-43.005,0.731263,0.681108,-0.036694,-0.682095,0.730276,-0.037996,0.000917,0.052813,0.998604,0,0.32000,0.34218,19.200,0.684,-1,400.000,-1,400.000,475.000,325.000,325.000,325.000,325.000,-1,-1,-1,-1,850.000,550.000,-1,525.000,2,0,2,0,1,0,0,0,0,2,2,2,2,0,1,2,1
226,-2243.291,7493.930,236.865,-42.329,0.739280,0.672432,-0.036050,-0.673398,0.738246,-0.039088,0.000330,0.053174,0.998585,0,0.40000,0.33797,24.000,0.676,-1,400.000,-1,400.000,450.000,325.000,325.000,325.000,325.000,-1,-1,-1,-1,825.000,550.000,-1,525.000,2,0,2,1,1,0,0,0,0,2,2,2,2,0,1,2,1
227,-2221.775,7474.785,236.764,-41.663,0.747068,0.663801,-0.035469,-0.664748,0.746006,-0.039824,0.000025,0.053329,0.998577,0,0.48000,0.33299,28.800,0.666,-1,400.000,-1,400.000,425.000,325.000,325.000,325.000,325.000,-1,-1,-1,-1,825.000,550.000,-1,500.000,2,0,2,1,1,0,0,0,0,2,2,2,2,0,1,2,1
228,-2196.420,7452.738,236.653,-41.009,0.754624,0.655237,-0.034744,-0.656157,0.753537,-0.040489,-0.000349,0.053352,0.998576,0,0.56000,0.32718,33.600,0.654,-1,400.000,-1,400.000,400.000,325.000,325.000,325.000,325.000,-1,-1,-1,-1,825.000,525.000,-1,475.000,2,0,2,1,1,0,0,0,0,2,2,2,2,0,1,2,1
229,-2167.163,7427.867,236.561,-40.368,0.761934,0.646767,-0.033886,-0.647654,0.760822,-0.041165,-0.000843,0.053311,0.998578,0,0.64000,0.32049,38.400,0.641,-1,400.000,-1,375.000,375.000,325.000,325.000,325.000,325.000,-1,-1,-1,-1,825.000,500.000,-1,450.000,2,0,2,1,1,0,0,0,0,2,2,2,2,0,1,2,1
230,-2133.946,7400.248,236.496,-39.742,0.768982,0.638424,-0.032901,-0.639269,0.767844,-0.041835,-0.001446,0.053202,0.998583,0,0.72000,0.31287,43.200,0.626,-1,400.000,-1,375.000,350.000,325.000,325.000,325.000,325.000,-1,-1,-1,-1,825.000,500.000,-1,425.000,2,0,2,1,1,0,0,0,0,2,2,2,2,0,1,2,1
231,-2096.713,7369.954,236.467,-39.133,0.775750,0.630239,-0.031797,-0.631037,0.774589,-0.042482,-0.002144,0.053021,0.998591,0,0.80000,0.30427,48.000,0.609,-1,400.000,-1,350.000,325.000,325.000,325.000,325.000,300.000,-1,-1,-1,-1,800.000,475.000,-1,375.000,2,0,2,1,1,0,0,0,0,2,2,2,2,0,1,2,1
232,-2055.417,7337.053,236.464,-38.544,0.782225,0.622250,-0.030479,-0.622988,0.781045,-0.043066,-0.002993,0.052675,0.998607,0,0.88000,0.29466,52.800,0.589,-1,400.000,-1,325.000,300.000,325.000,325.000,325.000,300.000,-1,-1,-1,-1,800.000,450.000,-1,350.000,2,0,2,1,1,0,0,0,0,2,2,2,2,0,1,2,1
233,-2010.014,7301.609,236.400,-37.976,0.788399,0.614506,-0.028471,-0.615150,0.787212,-0.043454,-0.004290,0.051773,0.998650,0,0.96000,0.28400,57.600,0.568,-1,400.000,-1,325.000,250.000,325.000,300.000,325.000,300.000,-1,-1,-1,-1,800.000,450.000,-1,300.000,2,0,2,1,1,0,1,0,1,2,2,2,2,0,1,2,1
234,-1962.371,7265.139,237.561,-37.431,0.794140,0.607154,-0.026550,-0.607731,0.793224,-0.038185,-0.002124,0.046460,0.998918,0,1.00000,0.27229,60.000,0.545,-1,400.000,-1,300.000,225.000,325.000,300.000,300.000,275.000,-1,-1,-1,-1,800.000,450.000,-1,275.000,2,0,2,1,1,0,1,0,1,2,2,2,2,0,1,2,1
235,-1914.286,7229.251,240.366,-36.731,0.801340,0.597683,-0.025080,-0.598189,0.800955,-0.025317,0.004956,0.035290,0.999365,0,1.00000,0.35030,60.000,0.701,-1,425.000,-1,325.000,225.000,350.000,300.000,300.000,275.000,-1,-1,-1,-1,850.000,500.000,-1,275.000,2,0,2,1,1,0,1,0,1,2,2,2,2,0,1,2,1
236,-1865.780,7193.937,242.848,-36.052,0.808236,0.588331,-0.024920,-0.588731,0.808218,-0.013414,0.012249,0.025513,0.999599,0,1.00000,0.33927,60.000,0.679,-1,425.000,-1,325.000,250.000,350.000,325.000,300.000,250.000,-1,-1,-1,-1,875.000,550.000,-1,300.000,2,0,2,1,1,1,1,0,1,2,2,2,2,0,1,2,1
237,-1816.872,7159.180,245.064,-35.398,0.814802,0.579166,-0.025775,-0.579408,0.815034,-0.002430,0.019600,0.016914,0.999665,0,1.00000,0.32726,60.000,0.655,-1,450.000,-1,350.000,250.000,375.000,325.000,300.000,250.000,-1,225.000,-1,-1,925.000,700.000,-1,400.000,2,0,2,1,1,1,1,0,1,2,0,2,2,0,1,2,1
238,-1767.585,7124.962,247.092,-34.769,0.821031,0.570253,-0.026832,-0.570253,0.821426,0.008396,0.026829,0.008408,0.999605,0,1.00000,0.31423,60.000,0.628,-1,475.000,-1,375.000,275.000,375.000,350.000,275.000,250.000,-1,175.000,475.000,-1,975.000,-1,-1,-1,2,1,2,1,1,1,1,0,1,2,0,0,2,0,2,2,2
239,-1717.942,7091.264,247.960,-34.169,0.826922,0.561633,-0.027741,-0.561446,0.827380,0.014852,0.031294,0.003293,0.999505,0,1.00000,0.30013,60.000,0.600,-1,475.000,-1,400.000,350.000,375.000,350.000,275.000,225.000,-1,175.000,325.000,-1,1000.000,-1,-1,-1,2,0,2,1,1,1,1,0,1,2,0,0,2,0,2,2,2
240,-1667.966,7058.060,248.471,-33.599,0.832440,0.553379,-0.028555,-0.553046,0.832929,0.019192,0.034405,-0.000184,0.999408,0,1.00000,0.28492,60.000,0.570,-1,475.000,-1,425.000,-1,400.000,375.000,275.000,225.000,-1,150.000,325.000,-1,1000.000,-1,-1,-1,2,0,2,1,2,1,1,0,1,2,0,0,2,0,2,2,2
241,-1617.681,7025.327,248.643,-33.062,0.837573,0.545544,-0.029213,-0.545124,0.838079,0.021504,0.036214,-0.002086,0.999342,0,1.00000,0.26860,60.000,0.537,-1,500.000,-1,475.000,-1,400.000,400.000,275.000,200.000,-1,150.000,325.000,-1,1000.000,-1,-1,-1,2,0,2,1,2,1,1,0,1,2,0,0,2,0,2,2,2
242,-1567.111,6993.037,248.482,-32.560,0.842312,0.538174,-0.029659,-0.537736,0.842830,0.021839,0.036751,-0.002446,0.999321,0,1.00000,0.25121,60.000,0.502,-1,500.000,-1,525.000,-1,400.000,400.000,275.000,175.000,-1,150.000,325.000,-1,1000.000,-1,-1,-1,2,0,2,1,2,0,1,0,1,2,0,0,2,0,2,2,2
243,-1516.280,6961.159,247.996,-32.094,0.846653,0.531307,-0.029847,-0.530923,0.847178,0.020250,0.036044,-0.001298,0.999349,0,1.00000,0.23283,60.000,0.466,-1,475.000,-1,550.000,-1,400.000,425.000,275.000,175.000,-1,150.000,350.000,-1,1000.000,-1,-1,-1,2,0,2,0,2,0,0,0,1,2,0,0,2,0,2,2,2
244,-2295.842,328.003,-39.052,132.985,-0.652587,-0.731006,-0.199399,0.714182,-0.681328,0.160424,-0.253127,-0.037716,0.966697,1,0.00000,0.00000,60.000,0.427,425.000,250.000,575.000,250.000,275.000,225.000,225.000,450.000,325.000,-1,-1,-1,-1,375.000,325.000,375.000,275.000,0,0,0,0,0,0,0,1,1,2,2,2,2,0,0,0,0
245,-5575.425,-327.967,-234.428,-138.156,-0.744099,0.667047,0.036947,-0.666994,-0.744901,0.015561,0.037902,-0.013065,0.999196,1,0.00000,0.00000,4.800,-0.240,-1,425.000,-1,425.000,475.000,350.000,350.000,275.000,300.000,-1,650.000,725.000,-1,-1,650.000,-1,625.000,2,0,2,1,1,0,0,0,0,2,0,0,2,2,1,2,1
246,-5578.988,-331.184,-234.294,-137.916,-0.741300,0.670161,0.036869,-0.670109,-0.742099,0.015575,0.037798,-0.013160,0.999199,0,0.08000,0.12000,4.800,0.240,-1,425.000,-1,425.000,475.000,350.000,350.000,275.000,300.000,-1,675.000,725.000,-1,-1,650.000,-1,650.000,2,0,2,1,1,0,0,0,0,2,0,0,2,2,1,2,1
247,-5586.058,-337.678,-234.030,-137.436,-0.735663,0.676352,0.036701,-0.676304,-0.736457,0.015602,0.037581,-0.013343,0.999205,0,0.16000,0.24000,9.600,0.480,-1,425.000,-1,425.000,475.000,350.000,350.000,275.000,300.000,-1,675.000,750.000,-1,-1,675.000,-1,650.000,2,0,2,1,1,0,0,0,0,2,0,0,2,2,1,2,1
248,-5596.570,-347.519,-233.637,-136.888,-0.729161,0.683370,0.036463,-0.683326,-0.729947,0.015590,0.037269,-0.013548,0.999213,0,0.24000,0.27426,14.400,0.549,-1,425.000,-1,425.000,450.000,350.000,350.000,275.000,300.000,-1,700.000,775.000,-1,-1,675.000,-1,700.000,2,0,2,1,1,0,0,0,0,2,0,0,2,2,1,2,1
249,-5610.462,-360.773,-233.085,-136.345,-0.722679,0.690248,0.035959,-0.690207,-0.723445,0.015535,0.036737,-0.013592,0.999233,0,0.32000,0.27115,19.200,0.542,-1,425.000,-1,425.000,450.000,350.000,350.000,275.000,300.000,-1,750.000,800.000,-1,-1,700.000,-1,-1,2,0,2,1,1,0,0,0,0,2,0,0,2,2,1,2,2
250,-5627.671,-377.502,-232.397,-135.811,-0.716235,0.696969,0.035228,-0.696930,-0.716974,0.015406,0.035996,-0.013517,0.999261,0,0.40000,0.26733,24.000,0.535,-1,425.000,-1,400.000,450.000,350.000,350.000,275.000,300.000,-1,775.000,825.000,-1,-1,725.000,-1,-1,2,0,2,1,1,0,0,0,0,2,0,0,2,2,1,2,2
251,-5648.136,-397.765,-231.504,-135.285,-0.709851,0.703514,0.034361,-0.703493,-0.710549,0.014717,0.034768,-0.013726,0.999301,0,0.48000,0.26274,28.800,0.525,-1,425.000,-1,400.000,425.000,350.000,350.000,275.000,300.000,-1,825.000,875.000,-1,-1,800.000,-1,-1,2,0,2,1,1,0,0,0,0,2,0,0,2,2,1,2,2
252,-5671.799,-421.619,-230.473,-134.770,-0.703549,0.709865,0.033330,-0.709872,-0.704198,0.013652,0.033162,-0.014055,0.999351,0,0.56000,0.25734,33.600,0.515,-1,425.000,-1,400.000,425.000,350.000,350.000,275.000,275.000,-1,900.000,950.000,-1,-1,1000.000,-1,-1,2,0,2,1,1,0,0,0,0,2,0,0,2,2,0,2,2
253,-5698.603,-449.116,-229.363,-134.268,-0.697356,0.716005,0.032108,-0.716043,-0.697947,0.012346,0.031249,-0.014381,0.999408,0,0.64000,0.25106,38.400,0.502,-1,425.000,-1,400.000,425.000,350.000,350.000,275.000,275.000,-1,975.000,-1,-1,-1,-1,-1,-1,2,0,2,1,1,0,0,0,0,2,0,2,2,2,2,2,2
254,-5728.493,-480.306,-228.201,-133.781,-0.691300,0.721916,0.030682,-0.721986,-0.691824,0.010763,0.028996,-0.014712,0.999471,0,0.72000,0.24383,43.200,0.488,-1,425.000,-1,400.000,400.000,350.000,350.000,275.000,275.000,-1,-1,-1,-1,-1,-1,-1,-1,2,0,2,1,1,0,0,0,0,2,2,2,2,2,2,2,2
255,-5761.418,-515.234,-227.019,-133.309,-0.685411,0.727577,0.029041,-0.727679,-0.685860,0.008859,0.026364,-0.015061,0.999539,0,0.80000,0.23559,48.000,0.471,-1,425.000,-1,400.000,400.000,350.000,350.000,275.000,275.000,-1,-1,-1,-1,-1,-1,-1,-1,2,0,2,1,1,0,1,0,0,2,2,2,2,2,2,2,2
256,-5797.330,-553.939,-225.850,-132.857,-0.679721,0.732967,0.027174,-0.733100,-0.680088,0.006588,0.023310,-0.015443,0.999609,0,0.88000,0.22626,52.800,0.453,-1,450.000,-1,400.000,400.000,350.000,350.000,275.000,275.000,-1,-1,-1,-1,-1,-1,-1,-1,2,0,2,1,1,0,1,0,0,2,2,2,2,2,2,2,2
257,-5836.189,-596.457,-224.524,-132.425,-0.674234,0.738051,0.026259,-0.738237,-0.674532,0.003637,0.020397,-0.016934,0.999649,0,0.96000,0.21578,57.600,0.432,-1,450.000,-1,425.000,-1,350.000,350.000,275.000,275.000,-1,-1,-1,-1,-1,-1,-1,-1,2,0,2,1,2,0,0,0,1,2,2,2,2,2,2,2,2
258,-5876.192,-640.860,-221.980,-132.017,-0.668831,0.742736,0.031745,-0.743113,-0.669165,-0.000137,0.021140,-0.023682,0.999496,0,0.99608,0.20409,59.765,0.408,-1,450.000,-1,450.000,-1,375.000,375.000,275.000,250.000,-1,-1,-1,-1,-1,-1,-1,-1,2,0,2,0,2,0,0,0,1,2,2,2,2,2,2,2,2
259,-5915.656,-685.259,-220.239,-131.634,-0.663818,0.747108,0.034296,-0.747632,-0.664102,-0.003941,0.019832,-0.028257,0.999404,0,0.99005,0.19168,59.403,0.383,-1,475.000,-1,475.000,-1,375.000,375.000,275.000,250.000,-1,-1,-1,-1,-1,-1,-1,-1,2,0,2,0,2,0,0,0,1,2,2,2,2,2,2,2,2
260,-5954.564,-729.587,-219.280,-131.276,-0.659209,0.751191,0.033996,-0.751778,-0.659370,-0.007833,0.016532,-0.030722,0.999391,0,0.98303,0.17911,58.982,0.358,-1,475.000,-1,500.000,-1,375.000,375.000,275.000,225.000,-1,-1,-1,-1,-1,-1,-1,-1,2,0,2,0,2,0,0,0,1,2,2,2,2,2,2,2,2
261,-5992.896,-773.790,-219.288,-130.932,-0.654838,0.755146,0.030698,-0.755676,-0.654855,-0.010884,0.011884,-0.030325,0.999469,0,0.97513,0.17204,58.508,0.344,-1,475.000,-1,500.000,-1,375.000,375.000,275.000,225.000,-1,-1,-1,-1,-1,-1,-1,-1,2,0,2,0,2,0,0,0,1,2,2,2,2,2,2,2,2
262,-6030.626,-817.821,-220.023,-130.593,-0.650558,0.759069,0.024280,-0.759438,-0.650432,-0.013839,0.005288,-0.027442,0.999609,0,0.96643,0.16942,57.986,0.339,-1,450.000,-1,475.000,-1,375.000,375.000,275.000,200.000,-1,-1,-1,-1,-1,-1,-1,-1,2,0,2,0,2,0,0,0,1,2,2,2,2,2,2,2,2
263,-6067.735,-861.642,-221.548,-130.258,-0.646276,0.762950,0.015294,-0.763098,-0.646065,-0.016775,-0.002917,-0.022512,0.999742,0,0.95705,0.16740,57.423,0.335,-1,450.000,-1,475.000,-1,375.000,375.000,275.000,175.000,-1,-1,-1,-1,-1,-1,-1,-1,2,0,2,0,2,0,0,0,1,2,2,2,2,2,2,2,2
264,-6104.210,-905.224,-223.306,-129.926,-0.641907,0.766756,0.006354,-0.766702,-0.641697,-0.019791,-0.011098,-0.017576,0.999784,0,0.94719,0.16597,56.832,0.332,-1,450.000,-1,450.000,-1,350.000,350.000,275.000,175.000,-1,-1,-1,-1,-1,-1,-1,-1,2,0,2,0,2,0,0,0,1,2,2,2,2,2,2,2,2
265,-6140.044,-948.547,-224.190,-129.596,-0.637490,0.770454,0.002713,-0.770293,-0.637276,-0.022974,-0.015971,-0.016735,0.999732,0,0.93704,0.16514,56.222,0.330,-1,450.000,-1,450.000,-1,350.000,350.000,275.000,175.000,-1,-1,-1,-1,1000.000,-1,-1,-1,2,0,2,0,2,0,0,0,1,2,2,2,2,0,2,2,2
266,-6175.240,-991.600,-225.298,-129.266,-0.633038,0.774120,-0.000911,-0.773840,-0.632840,-0.026168,-0.020834,-0.015861,0.999657,0,0.92680,0.16490,55.608,0.330,-1,425.000,-1,450.000,-1,350.000,350.000,275.000,175.000,-1,-1,-1,-1,1000.000,-1,-1,-1,2,0,2,0,2,0,0,0,1,2,2,2,2,0,2,2,2
267,-6207.005,-1031.254,-226.517,-128.696,-0.625282,0.780387,-0.004255,-0.779986,-0.625120,-0.029102,-0.025371,-0.014878,0.999567,0,0.84680,0.28490,50.808,0.570,-1,425.000,-1,450.000,-1,350.000,350.000,275.000,175.000,-1,-1,-1,-1,975.000,-1,-1,-1,2,0,2,0,2,0,0,0,1,2,2,2,2,0,2,2,2
268,-6235.258,-1067.565,-227.752,-127.886,-0.614150,0.789155,-0.007272,-0.788631,-0.614037,-0.031934,-0.029666,-0.013878,0.999464,0,0.76680,0.40490,46.008,0.810,-1,425.000,-1,450.000,-1,350.000,350.000,275.000,200.000,-1,-1,-1,-1,950.000,-1,-1,-1,2,0,2,0,2,0,0,0,1,2,2,2,2,0,2,2,2
269,-6262.312,-1103.630,-227.630,-126.877,-0.600217,0.799793,-0.008345,-0.798924,-0.599998,-0.041501,-0.038199,-0.018242,0.999104,0,0.75139,0.50466,45.084,1.009,-1,425.000,-1,450.000,-1,350.000,350.000,275.000,225.000,-1,-1,-1,-1,875.000,1000.000,-1,-1,2,0,2,0,2,0,0,0,1,2,2,2,2,0,0,2,2
270,-6288.397,-1139.715,-228.076,-125.864,-0.586032,0.810231,-0.009673,-0.809020,-0.585740,-0.048931,-0.045311,-0.020849,0.998755,0,0.74208,0.50630,44.525,1.013,-1,400.000,-1,450.000,-1,350.000,350.000,275.000,225.000,-1,-1,-1,-1,850.000,975.000,-1,-1,2,0,2,0,2,0,0,0,1,2,2,2,2,0,0,2,2
271,-6313.541,-1175.830,-229.074,-124.848,-0.571563,0.820480,-0.011346,-0.818967,-0.571260,-0.054354,-0.051078,-0.021775,0.998457,0,0.73343,0.50835,44.006,1.017,-1,400.000,-1,450.000,-1,325.000,350.000,275.000,250.000,-1,-1,-1,525.000,800.000,950.000,-1,-1,2,0,2,0,2,0,0,0,1,2,2,2,1,0,0,2,2
272,-6337.774,-1211.993,-230.602,-123.826,-0.556787,0.830547,-0.013448,-0.828797,-0.556550,-0.057862,-0.055542,-0.021071,0.998234,0,0.72551,0.51077,43.531,1.022,-1,400.000,-1,450.000,-1,325.000,350.000,250.000,275.000,-1,-1,-1,475.000,800.000,950.000,-1,-1,2,0,2,0,2,0,0,0,1,2,2,2,1,0,0,2,2
273,-6361.123,-1248.224,-232.598,-122.799,-0.541679,0.840430,-0.016132,-0.838540,-0.541600,-0.059331,-0.058601,-0.018612,0.998108,0,0.71838,0.51354,43.103,1.027,-1,400.000,-1,450.000,-1,325.000,350.000,275.000,300.000,-1,-1,-1,450.000,775.000,925.000,-1,-1,2,0,2,0,2,0,0,0,0,2,2,2,1,0,0,2,2
274,-6383.616,-1284.546,-235.073,-121.766,-0.526234,0.850118,-0.019438,-0.848194,-0.526392,-0.058983,-0.060375,-0.014552,0.998070,0,0.71205,0.51664,42.723,1.033,-1,400.000,-1,425.000,-1,325.000,350.000,275.000,300.000,-1,-1,-1,425.000,775.000,925.000,-1,-1,2,0,2,0,2,0,0,0,0,2,2,2,1,0,0,2,2
275,-6405.276,-1320.987,-238.022,-120.726,-0.510449,0.859589,-0.023425,-0.857747,-0.510907,-0.056958,-0.060929,-0.008982,0.998102,0,0.70653,0.52003,42.392,1.040,-1,400.000,-1,425.000,-1,325.000,350.000,275.000,300.000,-1,-1,-1,400.000,775.000,900.000,-1,-1,2,0,2,0,2,0,0,0,0,2,2,2,1,0,0,2,2
276,-6426.127,-1357.572,-241.431,-119.678,-0.494330,0.868818,-0.028167,-0.867181,-0.495128,-0.053337,-0.060287,-0.001940,0.998179,0,0.70183,0.52371,42.110,1.047,-1,400.000,-1,425.000,-1,325.000,350.000,275.000,275.000,-1,-1,-1,375.000,775.000,900.000,-1,-1,2,0,2,0,2,0,0,0,0,2,2,2,1,0,0,2,2
277,-6446.188,-1394.329,-244.784,-118.623,-0.477936,0.877781,-0.032819,-0.876347,-0.479038,-0.050381,-0.059945,0.004682,0.998191,0,0.69792,0.52764,41.875,1.055,-1,400.000,-1,425.000,-1,325.000,350.000,275.000,275.000,-1,-1,-1,375.000,775.000,900.000,-1,-1,2,0,2,0,2,0,0,0,0,2,2,2,1,0,0,2,2
278,-6465.475,-1431.285,-247.281,-117.559,-0.461331,0.886504,-0.035833,-0.885043,-0.462652,-0.051498,-0.062231,0.007957,0.998030,0,0.69477,0.53182,41.686,1.064,-1,400.000,-1,425.000,-1,325.000,350.000,275.000,275.000,-1,-1,-1,400.000,750.000,875.000,-1,-1,2,0,2,0,2,0,0,0,0,2,2,2,1,0,0,2,2
279,-6484.002,-1468.466,-249.825,-116.487,-0.444427,0.894980,-0.038662,-0.893509,-0.445965,-0.052504,-0.064232,0.011211,0.997872,0,0.69235,0.53622,41.541,1.072,-1,400.000,-1,425.000,-1,325.000,350.000,275.000,275.000,-1,-1,-1,425.000,725.000,875.000,-1,-1,2,0,2,0,2,0,0,0,0,2,2,2,1,0,0,2,2
280,-6501.780,-1505.898,-252.305,-115.405,-0.427260,0.903207,-0.040816,-0.901744,-0.428976,-0.053274,-0.065626,0.014044,0.997745,0,0.69063,0.54082,41.438,1.082,-1,400.000,-1,425.000,-1,325.000,350.000,275.000,275.000,-1,-1,-1,425.000,725.000,850.000,-1,-1,2,0,2,0,2,0,0,0,0,2,2,2,1,0,0,2,2
281,-6518.815,-1543.602,-254.862,-114.314,-0.409781,0.911171,-0.042973,-0.909732,-0.411678,-0.053939,-0.066839,0.016991,0.997619,0,0.68958,0.54562,41.375,1.091,-1,400.000,-1,425.000,-1,325.000,350.000,275.000,275.000,-1,-1,-1,450.000,725.000,825.000,-1,-1,2,0,2,0,2,0,0,0,0,2,2,2,1,0,0,2,2
282,-6535.113,-1581.604,-257.487,-113.213,-0.391990,0.918863,-0.045106,-0.917465,-0.394068,-0.054491,-0.067845,0.020023,0.997495,0,0.68914,0.55061,41.348,1.101,-1,400.000,-1,425.000,-1,325.000,350.000,275.000,275.000,-1,-1,-1,500.000,700.000,800.000,-1,-1,2,0,2,0,2,0,0,0,0,2,2,2,1,0,0,2,2
283,-6550.673,-1619.922,-260.111,-112.101,-0.373909,0.926277,-0.046927,-0.924936,-0.376146,-0.054842,-0.068450,0.022899,0.997392,0,0.68928,0.55577,41.357,1.112,-1,400.000,-1,425.000,-1,325.000,350.000,275.000,275.000,-1,-1,-1,525.000,700.000,800.000,-1,-1,2,0,2,0,2,0,0,0,0,2,2,2,1,0,0,2,2
284,-6565.494,-1658.577,-262.800,-110.979,-0.355513,0.933399,-0.048764,-0.932132,-0.357907,-0.055072,-0.068857,0.025876,0.997291,0,0.68998,0.56109,41.399,1.122,-1,375.000,-1,425.000,-1,325.000,350.000,275.000,275.000,-1,-1,-1,550.000,675.000,775.000,-1,-1,2,0,2,0,2,0,0,0,0,2,2,2,1,0,0,2,2
285,-6579.572,-1697.585,-265.552,-109.846,-0.336799,0.940214,-0.050628,-0.939040,-0.339350,-0.055184,-0.069065,0.028955,0.997192,0,0.69118,0.56656,41.471,1.133,-1,375.000,-1,425.000,-1,325.000,350.000,275.000,300.000,-1,-1,-1,600.000,675.000,775.000,-1,-1,2,0,2,0,2,0,0,0,0,2,2,2,1,0,0,2,2
286,-6592.901,-1736.961,-268.360,-108.702,-0.317768,0.946712,-0.052541,-0.945649,-0.320474,-0.055184,-0.069081,0.032149,0.997093,0,0.69286,0.57218,41.571,1.144,-1,375.000,-1,425.000,-1,325.000,350.000,275.000,300.000,-1,-1,-1,650.000,675.000,750.000,-1,-1,2,0,2,0,2,0,0,0,0,2,2,2,1,0,0,2,2
287,-6605.273,-1776.644,-271.196,-107.317,-0.294602,0.954059,-0.054595,-0.953140,-0.297471,-0.055085,-0.068795,0.035808,0.996988,0,0.69278,0.69218,41.567,1.384,-1,375.000,-1,400.000,-1,325.000,325.000,275.000,300.000,-1,-1,-1,725.000,650.000,725.000,-1,-1,2,0,2,0,2,0,0,0,0,2,2,2,1,0,0,2,2
288,-6616.553,-1816.798,-274.070,-105.693,-0.267231,0.961958,-0.056782,-0.961222,-0.270265,-0.054865,-0.068124,0.039918,0.996878,0,0.69514,0.81218,41.708,1.624,-1,375.000,-1,400.000,-1,325.000,325.000,275.000,300.000,-1,-1,-1,775.000,650.000,725.000,-1,-1,2,0,2,0,2,0,0,0,0,2,2,2,1,0,0,2,2
289,-6626.619,-1857.437,-276.974,-103.915,-0.237045,0.969698,-0.059123,-0.969180,-0.240243,-0.054527,-0.067079,0.044375,0.996760,0,0.69778,0.88901,41.867,1.778,-1,375.000,-1,400.000,-1,300.000,325.000,275.000,300.000,-1,-1,725.000,850.000,650.000,700.000,-1,-1,2,0,2,0,2,0,0,0,0,2,2,1,1,0,0,2,2
290,-6635.448,-1898.547,-279.897,-102.124,-0.206426,0.976519,-0.061630,-0.976250,-0.209783,-0.054097,-0.065755,0.049000,0.996632,0,0.70080,0.89519,42.048,1.790,-1,350.000,-1,400.000,-1,300.000,325.000,275.000,275.000,-1,-1,700.000,900.000,625.000,700.000,-1,-1,2,0,2,0,2,0,0,0,0,2,2,1,1,0,0,2,2
291,-6643.016,-1940.118,-282.709,-100.321,-0.175377,0.982368,-0.064780,-0.982417,-0.178906,-0.053380,-0.064029,0.054279,0.996471,0,0.70425,0.90152,42.255,1.803,-1,350.000,-1,375.000,-1,300.000,325.000,300.000,275.000,-1,-1,725.000,975.000,625.000,675.000,-1,-1,2,0,2,0,2,0,0,0,0,2,2,1,1,0,0,2,2
292,-6649.296,-1982.137,-285.378,-98.505,-0.143945,0.987203,-0.068637,-0.987669,-0.147635,-0.052097,-0.061563,0.060291,0.996281,0,0.70811,0.90797,42.486,1.816,-1,350.000,-1,375.000,-1,300.000,300.000,300.000,275.000,-1,925.000,725.000,-1,625.000,675.000,-1,-1,2,0,2,0,2,0,0,0,0,2,1,1,2,0,0,2,2
293,-6654.262,-2024.586,-287.556,-96.676,-0.112304,0.991142,-0.070886,-0.991955,-0.116019,-0.050651,-0.058426,0.064628,0.996198,0,0.71232,0.91454,42.739,1.829,-1,350.000,-1,375.000,-1,300.000,300.000,300.000,275.000,-1,850.000,750.000,-1,625.000,675.000,-1,-1,2,0,2,0,2,0,0,0,0,2,1,1,2,0,0,2,2
294,-6657.883,-2067.444,-289.278,-94.834,-0.080503,0.994176,-0.071652,-0.995286,-0.084077,-0.048334,-0.054077,0.067423,0.996258,0,0.71686,0.92122,43.012,1.842,-1,350.000,-1,375.000,-1,300.000,300.000,300.000,300.000,-1,850.000,650.000,-1,625.000,675.000,-1,-1,2,0,2,0,2,0,0,0,0,2,1,0,2,0,0,2,2
295,-6660.130,-2110.687,-290.962,-92.978,-0.048403,0.996182,-0.072649,-0.997598,-0.051823,-0.045954,-0.049544,0.070250,0.996298,0,0.72169,0.92801,43.302,1.856,-1,350.000,-1,375.000,-1,300.000,300.000,300.000,300.000,-1,850.000,500.000,-1,625.000,675.000,-1,-1,2,0,2,0,2,0,0,0,0,2,1,0,2,0,0,2,2
296,-6660.970,-2154.284,-292.533,-91.108,-0.016031,0.997156,-0.073637,-0.998857,-0.019289,-0.043744,-0.045040,0.072851,0.996325,0,0.72678,0.93489,43.607,1.870,-1,350.000,-1,375.000,-1,300.000,300.000,300.000,300.000,-1,775.000,450.000,-1,650.000,675.000,-1,-1,2,0,2,0,2,0,0,0,0,2,0,0,2,0,0,2,2
297,-6660.373,-2198.203,-294.058,-89.224,0.016579,0.997055,-0.074875,-0.999048,0.013497,-0.041490,-0.040357,0.075491,0.996329,0,0.73208,0.94186,43.925,1.884,-1,375.000,-1,375.000,-1,300.000,300.000,300.000,300.000,-1,625.000,425.000,-1,650.000,650.000,-1,-1,2,0,2,0,2,0,0,0,0,2,0,0,2,0,0,2,2
298,-6658.305,-2242.408,-295.531,-87.327,0.049394,0.995855,-0.076371,-0.998148,0.046500,-0.039218,-0.035505,0.078167,0.996308,0,0.73757,0.94892,44.254,1.898,-1,375.000,-1,375.000,-1,300.000,300.000,300.000,300.000,-1,550.000,400.000,-1,650.000,650.000,-1,-1,2,0,2,0,2,0,0,0,0,2,0,0,2,0,0,2,2
299,-6654.737,-2286.857,-296.802,-85.415,0.082326,0.993577,-0.077637,-0.996152,0.079688,-0.036494,-0.030073,0.080342,0.996314,0,0.74322,0.95605,44.593,1.912,-1,375.000,-1,375.000,-1,300.000,300.000,300.000,300.000,-1,475.000,375.000,-1,650.000,650.000,-1,-1,2,0,2,0,2,0,0,0,0,2,0,0,2,0,0,2,2
