timestep,x_cm,y_cm,z_cm,yaw_deg,basis_xx,basis_xy,basis_xz,basis_yx,basis_yy,basis_yz,basis_zx,basis_zy,basis_zz,teleport_flag,throttle_cmd,steering_cmd,cmd_move_cm,cmd_turn_deg,lidar_cm_0,lidar_cm_1,lidar_cm_2,lidar_cm_3,lidar_cm_4,lidar_cm_5,lidar_cm_6,lidar_cm_7,lidar_cm_8,lidar_cm_9,lidar_cm_10,lidar_cm_11,lidar_cm_12,lidar_cm_13,lidar_cm_14,lidar_cm_15,lidar_cm_16,lidar_class_0,lidar_class_1,lidar_class_2,lidar_class_3,lidar_class_4,lidar_class_5,lidar_class_6,lidar_class_7,lidar_class_8,lidar_class_9,lidar_class_10,lidar_class_11,lidar_class_12,lidar_class_13,lidar_class_14,lidar_class_15,lidar_class_16
0,-5576.770,6891.895,-205.035,106.122,-0.277753,-0.959590,-0.045175,0.960652,-0.277378,-0.014499,0.001383,-0.047424,0.998874,1,0.08000,0.12000,4.800,0.240,-1,375.000,-1,400.000,-1,300.000,325.000,300.000,300.000,-1,900.000,825.000,-1,700.000,800.000,-1,-1,2,0,2,0,2,0,0,0,0,2,0,0,2,0,0,2,2
1,-5579.513,6901.095,-205.020,106.602,-0.285780,-0.957240,-0.044953,0.958294,-0.285409,-0.014600,0.001146,-0.047251,0.998882,0,0.16000,0.24000,9.600,0.480,-1,375.000,-1,400.000,-1,300.000,325.000,300.000,300.000,-1,875.000,825.000,-1,700.000,800.000,-1,-1,2,0,2,0,2,0,0,0,0,2,0,0,2,0,0,2,2
2,-5583.800,6914.842,-205.003,107.322,-0.297784,-0.953590,-0.044618,0.954633,-0.297419,-0.014755,0.000800,-0.046988,0.998895,0,0.24000,0.36000,14.400,0.720,-1,375.000,-1,400.000,-1,300.000,325.000,300.000,300.000,-1,875.000,800.000,-1,700.000,800.000,-1,-1,2,0,2,0,2,0,0,0,0,2,0,0,2,0,0,2,2
3,-5589.823,6933.073,-204.992,108.282,-0.313717,-0.948489,-0.044165,0.949517,-0.313360,-0.014965,0.000355,-0.046631,0.998912,0,0.32000,0.48000,19.200,0.960,-1,375.000,-1,400.000,-1,300.000,325.000,300.000,300.000,-1,850.000,800.000,-1,700.000,800.000,-1,-1,2,0,2,0,2,0,0,0,0,2,0,0,2,0,0,2,2
4,-5597.827,6955.698,-204.996,109.482,-0.333510,-0.941738,-0.043591,0.942747,-0.333162,-0.015234,-0.000176,-0.046176,0.998933,0,0.40000,0.60000,24.000,1.200,-1,375.000,-1,400.000,-1,300.000,325.000,300.000,300.000,-1,850.000,775.000,-1,700.000,800.000,-1,-1,2,0,2,0,2,0,0,0,0,2,0,0,2,0,0,2,2
5,-5608.111,6982.599,-205.025,110.922,-0.357070,-0.933092,-0.042889,0.934077,-0.356731,-0.015566,-0.000776,-0.045619,0.998959,0,0.48000,0.72000,28.800,1.440,-1,375.000,-1,400.000,-1,300.000,325.000,300.000,300.000,-1,825.000,750.000,-1,700.000,800.000,-1,-1,2,0,2,0,2,0,0,0,0,2,0,0,2,0,0,2,2
6,-5621.025,7013.618,-205.091,112.602,-0.384274,-0.922261,-0.042052,0.923218,-0.383945,-0.015962,-0.001424,-0.044957,0.998988,0,0.56000,0.84000,33.600,1.680,-1,375.000,-1,400.000,-1,300.000,325.000,325.000,300.000,-1,800.000,725.000,-1,700.000,800.000,-1,-1,2,0,2,0,2,0,0,0,0,2,0,0,2,0,0,2,2
7,-5636.962,7048.554,-205.206,114.522,-0.414964,-0.908910,-0.041073,0.909836,-0.414644,-0.016428,-0.002099,-0.044186,0.999021,0,0.64000,0.96000,38.400,1.920,-1,375.000,-1,400.000,-1,300.000,325.000,325.000,300.000,-1,775.000,700.000,-1,675.000,800.000,-1,-1,2,0,2,0,2,0,0,0,0,2,0,0,2,0,0,2,2
8,-5656.252,7087.208,-205.352,116.522,-0.446444,-0.893917,-0.040014,0.894808,-0.446127,-0.017025,-0.002633,-0.043406,0.999054,0,0.72000,1.00000,43.200,2.000,-1,375.000,-1,400.000,-1,300.000,325.000,325.000,300.000,-1,750.000,675.000,-1,675.000,800.000,-1,-1,2,0,2,0,2,0,0,0,0,2,0,0,2,0,0,2,2
9,-5679.172,7129.382,-205.471,118.522,-0.477395,-0.877823,-0.038996,0.878684,-0.477064,-0.017999,-0.002804,-0.042858,0.999077,0,0.80000,1.00000,48.000,2.000,-1,375.000,-1,400.000,-1,300.000,325.000,325.000,300.000,-1,725.000,650.000,-1,675.000,800.000,-1,-1,2,0,2,0,2,0,0,0,0,2,0,0,2,0,0,2,2
10,-5705.987,7174.865,-205.795,120.522,-0.507756,-0.860682,-0.037559,0.861495,-0.507434,-0.018389,-0.003232,-0.041693,0.999125,0,0.88000,1.00000,52.800,2.000,975.000,375.000,-1,400.000,-1,325.000,325.000,325.000,300.000,-1,700.000,625.000,-1,650.000,800.000,-1,-1,1,0,2,0,2,0,0,0,0,2,0,0,2,0,0,2,2
11,-5736.529,7222.766,-206.215,122.522,-0.537502,-0.842496,-0.035951,0.843255,-0.537192,-0.018610,-0.003633,-0.040319,0.999180,0,0.94682,1.00000,56.809,2.000,925.000,375.000,-1,400.000,-1,325.000,325.000,325.000,300.000,-1,675.000,600.000,-1,650.000,800.000,-1,-1,1,0,2,0,2,0,0,1,0,2,0,0,2,0,0,2,2
12,-5768.676,7269.502,-206.644,124.522,-0.566597,-0.823277,-0.034397,0.823985,-0.566296,-0.018879,-0.003936,-0.039039,0.999230,0,0.94543,1.00000,56.726,2.000,875.000,375.000,-1,400.000,-1,325.000,325.000,300.000,300.000,-1,650.000,600.000,-1,650.000,800.000,-1,-1,1,0,2,0,2,0,0,1,0,2,0,0,2,0,0,2,2
13,-5802.372,7315.004,-207.062,126.522,-0.595004,-0.803050,-0.032872,0.803712,-0.594712,-0.019104,-0.004208,-0.037786,0.999277,0,0.94367,1.00000,56.620,2.000,825.000,375.000,-1,400.000,-1,325.000,325.000,300.000,325.000,-1,650.000,575.000,-1,625.000,800.000,975.000,-1,1,0,2,0,2,0,0,1,0,2,0,0,2,0,0,1,2
14,-5837.555,7359.202,-207.044,128.522,-0.622725,-0.781890,-0.029370,0.782434,-0.622442,-0.019052,-0.003385,-0.034844,0.999387,0,0.94153,1.00000,56.492,2.000,775.000,375.000,-1,400.000,-1,325.000,325.000,300.000,325.000,-1,625.000,550.000,-1,625.000,825.000,925.000,-1,1,0,2,0,2,0,0,1,0,2,0,0,2,0,0,1,2
15,-5871.959,7399.716,-206.795,130.339,-0.647266,-0.761856,-0.024934,0.762262,-0.646994,-0.018868,-0.001757,-0.031219,0.999511,0,0.88585,0.90832,53.151,1.817,750.000,375.000,-1,400.000,-1,300.000,325.000,300.000,325.000,-1,575.000,500.000,-1,625.000,800.000,875.000,-1,1,0,2,0,2,0,0,1,0,2,0,0,2,0,0,1,2
16,-5907.513,7438.973,-206.668,132.167,-0.671286,-0.740894,-0.021252,0.741198,-0.671030,-0.018555,-0.000514,-0.028207,0.999602,0,0.88275,0.91410,52.965,1.828,725.000,375.000,-1,400.000,-1,300.000,325.000,275.000,325.000,-1,575.000,475.000,-1,625.000,800.000,825.000,-1,1,0,2,0,2,0,0,1,0,2,0,0,2,0,0,1,2
17,-5944.168,7476.924,-206.657,134.006,-0.694745,-0.719023,-0.018294,0.719256,-0.694507,-0.018173,0.000361,-0.025784,0.999667,0,0.87937,0.91957,52.762,1.839,675.000,375.000,-1,400.000,-1,300.000,325.000,275.000,325.000,-1,550.000,475.000,-1,625.000,775.000,800.000,-1,1,0,2,0,2,0,0,1,0,2,0,0,2,0,0,1,2
18,-5981.873,7513.520,-206.715,135.856,-0.717604,-0.696268,-0.015968,0.696450,-0.717385,-0.017773,0.000919,-0.023875,0.999715,0,0.87574,0.92472,52.544,1.849,650.000,350.000,-1,400.000,-1,300.000,325.000,275.000,325.000,-1,550.000,450.000,-1,625.000,775.000,750.000,-1,1,0,2,0,2,0,0,1,0,2,0,0,2,0,0,1,2
19,-6020.573,7548.716,-206.585,137.715,-0.739829,-0.672659,-0.013501,0.672792,-0.739629,-0.017285,0.001641,-0.021872,0.999759,0,0.87186,0.92955,52.312,1.859,600.000,350.000,-1,400.000,-1,300.000,300.000,275.000,325.000,-1,550.000,450.000,-1,625.000,750.000,700.000,-1,1,0,2,0,2,0,0,1,0,2,0,0,2,0,0,1,2
20,-6060.212,7582.473,-206.519,139.583,-0.761377,-0.648221,-0.010719,0.648304,-0.761200,-0.016652,0.002635,-0.019628,0.999804,0,0.86776,0.93406,52.065,1.868,575.000,350.000,-1,375.000,-1,300.000,300.000,275.000,325.000,-1,525.000,450.000,-1,600.000,750.000,650.000,-1,1,0,2,0,2,0,0,1,0,2,0,0,2,1,0,1,2
21,-6100.733,7614.753,-206.563,141.459,-0.782204,-0.622978,-0.007441,0.623009,-0.782055,-0.015791,0.004018,-0.016987,0.999848,0,0.86345,0.93823,51.807,1.876,525.000,350.000,-1,375.000,-1,300.000,300.000,250.000,300.000,-1,525.000,425.000,-1,575.000,725.000,600.000,-1,1,0,2,0,2,0,0,1,0,2,0,0,2,1,0,1,2
22,-6142.078,7645.521,-206.281,143.344,-0.802273,-0.596942,-0.004234,0.596924,-0.802133,-0.016263,0.006312,-0.015575,0.999859,0,0.85895,0.94207,51.537,1.884,500.000,350.000,-1,375.000,-1,300.000,300.000,250.000,300.000,-1,475.000,375.000,-1,575.000,725.000,550.000,-1,1,0,2,0,2,0,0,1,0,2,0,0,2,1,0,1,2
23,-6184.185,7674.749,-205.622,145.235,-0.821543,-0.570146,-0.000946,0.570065,-0.821395,-0.018319,0.009667,-0.015589,0.999832,0,0.85428,0.94557,51.257,1.891,475.000,350.000,-1,375.000,-1,300.000,300.000,250.000,325.000,-1,425.000,325.000,-1,550.000,725.000,525.000,-1,1,0,2,0,2,0,0,1,0,2,0,0,2,1,0,1,2
24,-6226.995,7702.410,-204.944,147.132,-0.839965,-0.542635,0.002411,0.542485,-0.839822,-0.020253,0.013015,-0.015704,0.999792,0,0.84948,0.94873,50.969,1.897,425.000,375.000,-1,375.000,-1,300.000,300.000,250.000,325.000,-1,350.000,275.000,-1,525.000,750.000,475.000,-1,1,0,2,0,2,0,0,1,0,2,0,0,2,1,0,1,2
25,-6270.447,7728.482,-204.250,149.035,-0.857504,-0.514444,0.005830,0.514217,-0.857376,-0.022055,0.016344,-0.015914,0.999740,0,0.84456,0.95156,50.674,1.903,400.000,350.000,-1,375.000,-1,300.000,300.000,250.000,325.000,-1,325.000,250.000,-1,500.000,725.000,450.000,-1,1,1,2,0,2,0,0,1,0,2,0,0,2,1,0,1,2
26,-6314.480,7752.947,-203.545,150.943,-0.874127,-0.485608,0.009302,0.485300,-0.874026,-0.023716,0.019646,-0.016217,0.999675,0,0.83955,0.95406,50.373,1.908,375.000,350.000,-1,375.000,-1,300.000,300.000,250.000,325.000,-1,275.000,200.000,-1,500.000,725.000,400.000,-1,1,1,2,0,2,0,0,1,0,2,0,0,2,1,0,1,2
27,-6359.035,7775.790,-202.833,152.856,-0.889802,-0.456167,0.012817,0.455771,-0.889739,-0.025228,0.022912,-0.016606,0.999600,0,0.83448,0.95623,50.069,1.912,325.000,325.000,-1,375.000,-1,300.000,300.000,250.000,350.000,-1,250.000,200.000,-1,475.000,725.000,375.000,-1,1,1,2,0,2,1,0,1,0,2,0,0,2,1,0,1,2
28,-6404.051,7797.000,-202.118,154.772,-0.904500,-0.426158,0.016368,0.425671,-0.904487,-0.026584,0.026134,-0.017078,0.999513,0,0.82937,0.95807,49.762,1.916,300.000,300.000,-1,375.000,-1,275.000,300.000,250.000,350.000,-1,225.000,200.000,-1,450.000,725.000,325.000,-1,1,1,2,0,2,1,1,1,0,2,0,0,2,1,0,1,2
29,-6449.470,7816.569,-200.802,156.691,-0.918206,-0.395641,0.019124,0.395156,-0.918280,-0.024774,0.027363,-0.015191,0.999510,0,0.82425,0.95959,49.455,1.919,275.000,300.000,-1,375.000,-1,275.000,300.000,250.000,350.000,-1,250.000,225.000,-1,425.000,700.000,275.000,-1,1,1,2,0,2,1,1,1,0,2,0,0,2,1,0,1,2
30,-6495.234,7834.492,-198.963,158.613,-0.930822,-0.364646,0.024555,0.364176,-0.931079,-0.021635,0.030752,-0.011196,0.999464,0,0.81914,0.96079,49.149,1.922,250.000,275.000,-1,375.000,-1,275.000,300.000,250.000,350.000,-1,250.000,225.000,-1,400.000,700.000,250.000,-1,1,1,2,0,2,1,1,1,0,2,0,0,2,1,0,1,2
31,-6541.288,7850.768,-195.097,160.536,-0.942026,-0.333211,0.039451,0.332969,-0.942851,-0.012747,0.041444,0.001128,0.999140,0,0.81407,0.96169,48.844,1.923,250.000,300.000,-1,375.000,-1,275.000,300.000,275.000,325.000,-1,250.000,200.000,-1,425.000,725.000,250.000,-1,1,1,2,0,2,1,1,1,0,2,0,0,2,1,0,1,2
32,-6587.576,7865.395,-191.370,162.461,-0.952004,-0.301334,0.053731,0.301589,-0.953432,-0.003480,0.052278,0.012891,0.998549,0,0.80905,0.96229,48.543,1.925,250.000,300.000,-1,400.000,-1,275.000,300.000,300.000,300.000,-1,225.000,175.000,-1,425.000,750.000,250.000,-1,1,1,2,0,2,1,1,1,0,2,0,0,2,1,0,1,2
33,-6638.908,7879.911,-186.968,164.205,-0.959892,-0.272124,0.067494,0.273145,-0.961953,0.006213,0.063236,0.024399,0.997700,0,0.88905,0.87187,53.343,1.744,250.000,300.000,-1,425.000,-1,275.000,325.000,325.000,300.000,-1,225.000,175.000,-1,425.000,775.000,250.000,975.000,1,1,2,0,2,1,1,1,0,2,0,0,2,1,1,1,1
34,-6693.156,7893.475,-181.486,165.956,-0.966731,-0.242537,0.081283,0.244423,-0.969568,0.013955,0.075425,0.033358,0.996593,0,0.93193,0.87558,55.916,1.751,225.000,300.000,-1,425.000,-1,275.000,325.000,325.000,300.000,-1,250.000,175.000,875.000,425.000,750.000,250.000,925.000,1,1,2,0,2,1,1,1,0,2,0,0,0,1,1,1,1
35,-6747.771,7905.360,-175.862,167.715,-0.972564,-0.212582,0.094488,0.215597,-0.976216,0.022817,0.087391,0.042562,0.995264,0,0.93153,0.87965,55.892,1.759,225.000,300.000,-1,450.000,950.000,275.000,350.000,350.000,300.000,-1,250.000,125.000,750.000,425.000,725.000,250.000,875.000,1,1,2,0,1,1,1,1,0,2,0,0,0,1,1,1,1
36,-6802.697,7915.548,-170.185,169.482,-0.977374,-0.182292,0.107281,0.186707,-0.981875,0.032576,0.099398,0.051869,0.993695,0,0.93101,0.88371,55.860,1.767,225.000,300.000,-1,475.000,875.000,275.000,350.000,350.000,300.000,-1,225.000,100.000,675.000,425.000,725.000,250.000,825.000,1,1,2,0,1,1,1,1,0,2,0,0,0,1,1,1,1
37,-6857.872,7924.020,-164.438,171.258,-0.981153,-0.151697,0.119694,0.157810,-0.986519,0.043315,0.111510,0.061388,0.991865,0,0.93032,0.88787,55.819,1.776,225.000,300.000,-1,500.000,800.000,275.000,350.000,350.000,300.000,-1,200.000,75.000,600.000,475.000,725.000,250.000,800.000,1,1,2,1,1,1,1,1,0,2,0,0,0,1,1,1,1
38,-6913.230,7930.762,-158.608,173.043,-0.983892,-0.120824,0.131748,0.128970,-0.990115,0.055125,0.123785,0.071228,0.989749,0,0.92942,0.89222,55.765,1.784,200.000,300.000,-1,500.000,725.000,300.000,375.000,350.000,275.000,-1,175.000,50.000,550.000,500.000,725.000,225.000,750.000,1,1,2,1,1,1,1,1,0,2,0,0,0,1,1,1,1
39,-6968.704,7935.759,-152.679,174.836,-0.985585,-0.089701,0.143444,0.100254,-0.992629,0.068100,0.136278,0.081500,0.987313,0,0.92826,0.89690,55.696,1.794,200.000,300.000,-1,525.000,675.000,300.000,375.000,350.000,275.000,-1,175.000,50.000,450.000,525.000,725.000,225.000,750.000,1,1,2,1,1,1,1,1,0,2,0,0,0,1,1,1,1
40,-4263.562,9511.018,-218.921,73.734,0.280083,-0.959723,0.022035,0.959976,0.280023,-0.005813,-0.000591,0.022781,0.999740,1,0.00000,0.00000,55.604,1.804,750.000,350.000,-1,375.000,-1,300.000,300.000,300.000,325.000,-1,425.000,325.000,-1,600.000,700.000,800.000,-1,0,0,2,0,2,0,0,0,0,2,0,0,2,0,0,0,2
41,-4264.888,9506.404,-218.894,73.974,0.276052,-0.960890,0.022048,0.961142,0.276001,-0.005382,-0.000914,0.022677,0.999742,0,-0.08000,0.12000,-4.800,0.240,750.000,350.000,-1,375.000,-1,300.000,300.000,300.000,325.000,-1,425.000,325.000,-1,600.000,700.000,800.000,-1,0,0,2,0,2,0,0,0,0,2,0,0,2,0,0,0,2
42,-4267.478,9497.160,-218.850,74.347,0.269769,-0.962672,0.022062,0.962924,0.269736,-0.004514,-0.001605,0.022462,0.999746,0,-0.16000,0.18665,-9.600,0.373,750.000,350.000,-1,375.000,-1,300.000,300.000,325.000,325.000,-1,425.000,350.000,-1,600.000,700.000,800.000,-1,0,0,2,0,2,0,0,0,0,2,0,0,2,0,0,0,2
43,-4271.272,9483.269,-218.800,74.721,0.263466,-0.964416,0.022062,0.964665,0.263460,-0.003207,-0.002719,0.022127,0.999751,0,-0.24000,0.18665,-14.400,0.373,750.000,350.000,-1,375.000,-1,300.000,300.000,325.000,325.000,-1,450.000,350.000,-1,600.000,700.000,800.000,-1,0,0,2,0,2,0,0,0,0,2,0,0,2,0,0,0,2
44,-4276.211,9464.715,-218.748,75.094,0.257143,-0.966122,0.022038,0.966364,0.257174,-0.001453,-0.004264,0.021670,0.999756,0,-0.32000,0.18665,-19.200,0.373,750.000,350.000,-1,375.000,-1,300.000,300.000,325.000,325.000,-1,450.000,350.000,-1,575.000,700.000,800.000,-1,0,0,2,0,2,0,0,0,0,2,0,0,2,0,0,0,2
45,-4282.027,9442.276,-218.700,75.467,0.250802,-0.967789,0.021985,0.968019,0.250877,0.000680,-0.006174,0.021111,0.999758,0,-0.38634,0.18665,-23.181,0.373,750.000,350.000,-1,375.000,-1,300.000,300.000,325.000,325.000,-1,475.000,350.000,-1,575.000,700.000,775.000,-1,0,0,2,0,2,0,0,0,0,2,0,0,2,0,0,0,2
46,-4287.698,9419.800,-218.663,75.841,0.244451,-0.969414,0.021904,0.969628,0.244569,0.002832,-0.008103,0.020547,0.999756,0,-0.38634,0.18665,-23.181,0.373,750.000,350.000,-1,375.000,-1,300.000,300.000,325.000,325.000,-1,475.000,375.000,-1,575.000,675.000,775.000,-1,0,0,2,0,2,0,0,0,0,2,0,0,2,0,0,0,2
47,-4293.221,9397.287,-218.636,76.214,0.238091,-0.970998,0.021796,0.971191,0.238251,0.005002,-0.010050,0.019977,0.999750,0,-0.38634,0.18665,-23.181,0.373,750.000,350.000,-1,375.000,-1,300.000,300.000,325.000,300.000,-1,500.000,375.000,-1,575.000,675.000,775.000,-1,0,0,2,0,2,0,0,0,0,2,0,0,2,0,0,0,2
48,-4298.598,9374.738,-218.620,76.587,0.231722,-0.972541,0.021660,0.972708,0.231922,0.007190,-0.012016,0.019402,0.999740,0,-0.38634,0.18665,-23.181,0.373,725.000,350.000,-1,375.000,-1,300.000,300.000,325.000,300.000,-1,525.000,400.000,-1,575.000,675.000,750.000,-1,0,0,2,0,2,0,0,0,0,2,0,0,2,0,0,0,2
49,-4303.828,9352.156,-218.613,76.960,0.225345,-0.974042,0.021495,0.974179,0.225583,0.009395,-0.014000,0.018823,0.999725,0,-0.38634,0.18665,-23.181,0.373,725.000,350.000,-1,375.000,-1,300.000,300.000,325.000,300.000,-1,550.000,400.000,-1,575.000,675.000,750.000,-1,0,0,2,0,2,0,0,0,0,2,0,0,2,0,0,0,2
50,-4308.911,9329.539,-218.616,77.334,0.218959,-0.975502,0.021302,0.975603,0.219235,0.011616,-0.016002,0.018239,0.999706,0,-0.38634,0.18665,-23.181,0.373,725.000,350.000,-1,375.000,-1,300.000,300.000,325.000,300.000,-1,575.000,425.000,-1,575.000,675.000,750.000,-1,0,0,2,0,2,0,0,0,0,2,0,0,2,0,0,0,2
51,-4313.846,9306.890,-218.628,77.707,0.212565,-0.976920,0.021080,0.976981,0.212877,0.013853,-0.018021,0.017651,0.999682,0,-0.38634,0.18665,-23.181,0.373,725.000,350.000,-1,375.000,-1,300.000,300.000,325.000,300.000,-1,600.000,450.000,-1,575.000,650.000,725.000,-1,0,0,2,0,2,0,0,0,0,2,0,0,2,0,0,0,2
52,-4318.633,9284.209,-218.649,78.080,0.206163,-0.978296,0.020830,0.978312,0.206510,0.016106,-0.020058,0.017058,0.999653,0,-0.38634,0.18665,-23.181,0.373,725.000,350.000,-1,350.000,-1,275.000,300.000,325.000,300.000,-1,650.000,475.000,-1,575.000,650.000,725.000,-1,0,0,2,0,2,0,0,0,0,2,0,0,2,0,0,0,2
53,-4323.273,9261.498,-218.680,78.454,0.199755,-0.979630,0.020550,0.979596,0.200134,0.018373,-0.022112,0.016461,0.999620,0,-0.38634,0.18665,-23.181,0.373,725.000,325.000,-1,350.000,-1,275.000,300.000,325.000,300.000,-1,700.000,500.000,-1,575.000,650.000,725.000,-1,0,0,2,0,2,0,0,0,0,2,0,0,2,0,0,0,2
54,-4327.765,9238.756,-218.704,78.827,0.193342,-0.980924,0.020179,0.980834,0.193749,0.020622,-0.024139,0.015805,0.999584,0,-0.38634,0.18665,-23.181,0.373,725.000,325.000,-1,350.000,-1,275.000,300.000,325.000,300.000,-1,750.000,550.000,-1,550.000,625.000,725.000,-1,0,0,2,0,2,0,0,0,0,2,0,0,2,0,0,0,2
55,-4332.108,9215.986,-218.410,79.200,0.186973,-0.982193,0.018397,0.982042,0.187359,0.022156,-0.025208,0.013924,0.999585,0,-0.38634,0.18665,-23.181,0.373,725.000,325.000,-1,350.000,-1,275.000,300.000,325.000,300.000,-1,-1,550.000,-1,550.000,625.000,725.000,-1,0,0,2,0,2,0,0,0,0,2,2,0,2,0,0,0,2
56,-4336.303,9193.188,-218.034,79.574,0.180604,-0.983421,0.016317,0.983198,0.180961,0.023993,-0.026548,0.011710,0.999579,0,-0.38634,0.18665,-23.181,0.373,725.000,325.000,-1,350.000,-1,275.000,300.000,300.000,300.000,-1,-1,600.000,-1,550.000,625.000,725.000,-1,0,0,2,0,2,0,0,0,0,2,2,0,2,0,0,0,2
57,-4339.500,9175.088,-217.746,79.982,0.173625,-0.984703,0.014624,0.984424,0.173954,0.025471,-0.027625,0.009974,0.999569,0,-0.30634,0.20408,-18.381,0.408,700.000,325.000,-1,350.000,-1,275.000,300.000,300.000,300.000,-1,-1,650.000,-1,550.000,625.000,725.000,-1,0,0,2,0,2,0,0,0,0,2,2,0,2,0,0,0,2
58,-4341.767,9161.698,-217.543,80.390,0.166632,-0.985929,0.013339,0.985609,0.166937,0.026574,-0.028426,0.008719,0.999558,0,-0.22634,0.20408,-13.581,0.408,700.000,325.000,-1,350.000,-1,275.000,300.000,300.000,300.000,-1,-1,-1,-1,550.000,625.000,725.000,-1,0,0,2,0,2,0,0,0,0,2,2,2,2,0,0,0,2
59,-4343.172,9153.030,-217.424,80.798,0.159622,-0.987100,0.012471,0.986754,0.159911,0.027305,-0.028947,0.007948,0.999549,0,-0.14634,0.20408,-8.781,0.408,700.000,325.000,-1,350.000,-1,275.000,300.000,300.000,300.000,-1,-1,-1,-1,550.000,625.000,700.000,-1,0,0,2,0,2,0,0,0,0,2,2,2,2,0,0,0,2
60,-4343.780,9149.096,-217.385,81.206,0.152594,-0.988216,0.012031,0.987858,0.152875,0.027670,-0.029183,0.007662,0.999545,0,-0.06634,0.20408,-3.981,0.408,700.000,325.000,-1,350.000,-1,275.000,300.000,300.000,300.000,-1,-1,-1,-1,550.000,625.000,700.000,-1,0,0,2,0,2,0,0,0,0,2,2,2,2,0,0,0,2
61,-4343.661,9149.907,-217.423,81.614,0.145547,-0.989278,0.012038,0.988923,0.145831,0.027659,-0.029118,0.007879,0.999545,0,0.01366,0.20408,0.819,0.408,700.000,325.000,-1,350.000,-1,275.000,300.000,300.000,300.000,-1,-1,-1,-1,550.000,625.000,700.000,-1,0,0,2,0,2,0,0,0,0,2,2,2,2,0,0,0,2
62,-4342.881,9155.472,-217.547,82.022,0.138484,-0.990286,0.012464,0.989946,0.138780,0.027319,-0.028783,0.008556,0.999549,0,0.09366,0.20408,5.619,0.408,700.000,325.000,-1,350.000,-1,275.000,300.000,300.000,300.000,-1,-1,-1,-1,550.000,625.000,700.000,-1,0,0,2,0,2,0,0,0,0,2,2,2,2,0,0,0,2
63,-4341.508,9165.800,-217.746,82.431,0.131403,-0.991239,0.013355,0.990930,0.131721,0.026614,-0.028140,0.009737,0.999557,0,0.17366,0.20408,10.419,0.408,700.000,325.000,-1,350.000,-1,275.000,300.000,300.000,300.000,-1,-1,625.000,-1,550.000,625.000,700.000,-1,0,0,2,0,2,0,0,0,0,2,2,0,2,0,0,0,2
64,-4339.611,9180.901,-218.022,82.839,0.124308,-0.992135,0.014704,0.991871,0.124654,0.025566,-0.027197,0.011407,0.999565,0,0.25366,0.20408,15.219,0.408,725.000,325.000,-1,350.000,-1,275.000,300.000,300.000,300.000,-1,-1,575.000,-1,550.000,625.000,725.000,-1,0,0,2,0,2,0,0,0,0,2,2,0,2,0,0,0,2
65,-4337.257,9200.781,-218.377,83.247,0.117202,-0.992971,0.016519,0.992769,0.117580,0.024180,-0.025952,0.013566,0.999571,0,0.33366,0.20408,20.019,0.408,725.000,325.000,-1,350.000,-1,275.000,300.000,300.000,300.000,-1,-1,550.000,-1,550.000,625.000,725.000,-1,0,0,2,0,2,0,0,0,0,2,2,0,2,0,0,0,2
66,-4334.515,9225.449,-218.533,83.655,0.110116,-0.993760,0.017767,0.993624,0.110501,0.022375,-0.024198,0.015190,0.999592,0,0.41366,0.20408,24.819,0.408,725.000,325.000,-1,350.000,-1,275.000,300.000,325.000,300.000,-1,675.000,500.000,-1,550.000,625.000,725.000,-1,0,0,2,0,2,0,0,0,0,2,0,0,2,0,0,0,2
67,-4331.451,9254.909,-218.396,84.063,0.103073,-0.994511,0.018018,0.994449,0.103418,0.019411,-0.021167,0.015917,0.999649,0,0.49366,0.20408,29.619,0.408,750.000,325.000,-1,350.000,-1,275.000,300.000,325.000,300.000,-1,575.000,450.000,-1,550.000,625.000,725.000,-1,0,0,2,0,2,0,0,0,0,2,0,0,2,0,0,0,2
68,-4328.136,9289.168,-218.240,84.471,0.096033,-0.995208,0.018387,0.995222,0.096329,0.015952,-0.017647,0.016767,0.999704,0,0.57366,0.20408,34.419,0.408,750.000,350.000,-1,350.000,-1,275.000,300.000,325.000,325.000,-1,525.000,425.000,-1,575.000,625.000,725.000,-1,0,0,2,0,2,0,0,0,0,2,0,0,2,0,0,0,2
69,-4324.636,9328.231,-218.064,84.880,0.089001,-0.995853,0.018883,0.995938,0.089236,0.011998,-0.013633,0.017739,0.999750,0,0.65366,0.20408,39.219,0.408,750.000,350.000,-1,350.000,-1,275.000,300.000,325.000,325.000,-1,475.000,375.000,-1,575.000,650.000,750.000,-1,0,0,2,0,2,0,0,0,0,2,0,0,2,0,0,0,2
70,-4321.020,9372.101,-217.869,85.288,0.081978,-0.996443,0.019518,0.996592,0.082138,0.007548,-0.009124,0.018832,0.999781,0,0.73366,0.20408,44.019,0.408,775.000,350.000,-1,375.000,-1,300.000,300.000,325.000,325.000,-1,425.000,350.000,-1,575.000,650.000,750.000,-1,0,0,2,0,2,0,0,0,0,2,0,0,2,0,0,0,2
71,-4317.356,9420.783,-217.655,85.696,0.074968,-0.996979,0.020299,0.997177,0.075036,0.002601,-0.004116,0.020047,0.999791,0,0.81366,0.20408,48.819,0.408,775.000,350.000,-1,375.000,-1,300.000,300.000,325.000,325.000,-1,400.000,325.000,-1,575.000,650.000,750.000,-1,0,0,2,0,2,0,0,0,0,2,0,0,2,0,0,0,2
72,-4313.714,9474.278,-217.422,86.104,0.067975,-0.997461,0.021238,0.997686,0.067930,-0.002844,0.001394,0.021382,0.999770,0,0.89366,0.20408,53.619,0.408,775.000,350.000,-1,375.000,-1,300.000,300.000,325.000,325.000,-1,375.000,300.000,-1,575.000,650.000,775.000,-1,0,0,2,0,2,0,0,0,0,2,0,0,2,0,0,0,2
73,-4310.405,9528.582,-217.185,86.512,0.060994,-0.997890,0.022266,0.998114,0.060821,-0.008377,0.007005,0.022735,0.999717,0,0.90675,0.20408,54.405,0.408,800.000,350.000,-1,375.000,-1,300.000,300.000,325.000,325.000,-1,325.000,250.000,-1,575.000,650.000,800.000,-1,0,0,2,0,2,0,0,0,0,2,0,0,2,0,0,0,2
74,-4307.483,9582.909,-216.946,86.920,0.054025,-0.998266,0.023369,0.998460,0.053709,-0.013918,0.012639,0.024085,0.999630,0,0.90675,0.20408,54.405,0.408,800.000,350.000,-1,375.000,-1,300.000,300.000,325.000,325.000,-1,275.000,225.000,-1,575.000,650.000,800.000,-1,0,0,2,0,2,0,0,0,0,2,0,0,2,0,0,0,2
75,-4304.948,9637.254,-216.705,87.328,0.047068,-0.998590,0.024546,0.998724,0.046595,-0.019467,0.018296,0.025431,0.999509,0,0.90675,0.20408,54.405,0.408,825.000,350.000,-1,375.000,-1,300.000,300.000,325.000,325.000,-1,250.000,200.000,-1,575.000,675.000,825.000,-1,0,0,2,0,2,0,0,0,0,2,0,0,2,0,0,0,2
76,-4302.800,9691.617,-216.458,87.737,0.040124,-0.998862,0.025798,0.998907,0.039479,-0.025024,0.023977,0.026774,0.999354,0,0.90675,0.20408,54.405,0.408,850.000,350.000,-1,375.000,-1,300.000,300.000,325.000,325.000,-1,225.000,175.000,-1,600.000,675.000,850.000,-1,0,0,2,0,2,0,0,0,0,2,0,0,2,0,0,0,2
77,-4301.039,9745.994,-216.205,88.145,0.033194,-0.999081,0.027124,0.999008,0.032362,-0.030588,0.029682,0.028113,0.999164,0,0.90675,0.20408,54.405,0.408,875.000,350.000,-1,375.000,-1,300.000,300.000,300.000,325.000,-1,200.000,150.000,-1,600.000,675.000,875.000,-1,0,0,2,0,2,0,0,0,0,2,0,0,2,0,0,0,2
78,-4299.666,9800.382,-215.944,88.553,0.026281,-0.999248,0.028524,0.999027,0.025243,-0.036158,0.035411,0.029447,0.998939,0,0.90675,0.20408,54.405,0.408,900.000,350.000,-1,375.000,-1,300.000,300.000,300.000,300.000,-1,175.000,150.000,-1,600.000,675.000,950.000,-1,0,0,2,0,2,0,0,0,0,2,0,0,2,0,0,0,2
79,-4298.682,9854.778,-214.611,88.961,0.019378,-0.999326,0.031175,0.999033,0.018123,-0.040052,0.039460,0.031921,0.998711,0,0.90675,0.20408,54.405,0.408,950.000,350.000,-1,375.000,-1,300.000,300.000,300.000,300.000,-1,200.000,150.000,-1,600.000,675.000,1000.000,-1,0,0,2,0,2,0,0,0,0,2,0,0,2,0,0,0,2
80,-4298.084,9909.180,-211.433,89.369,0.012432,-0.999384,0.032815,0.998998,0.011003,-0.043373,0.042985,0.033321,0.998520,0,0.90675,0.20408,54.405,0.408,-1,350.000,-1,375.000,-1,300.000,300.000,300.000,325.000,-1,250.000,200.000,-1,600.000,700.000,-1,-1,2,0,2,0,2,0,0,0,0,2,0,0,2,0,0,2,2
81,-4297.873,9963.585,-208.244,89.777,0.005498,-0.999390,0.034497,0.998901,0.003883,-0.046704,0.046542,0.034716,0.998313,0,0.90675,0.20408,54.405,0.408,-1,350.000,-1,375.000,-1,300.000,300.000,325.000,325.000,-1,275.000,250.000,-1,625.000,700.000,-1,-1,2,0,2,0,2,0,0,0,0,2,0,0,2,0,0,2,2
82,-4298.051,10017.989,-205.041,90.186,-0.001423,-0.999343,0.036223,0.998742,-0.003236,-0.050046,0.050131,0.036106,0.998090,0,0.90675,0.20408,54.405,0.408,-1,350.000,-1,375.000,-1,300.000,300.000,325.000,325.000,-1,300.000,275.000,-1,625.000,725.000,-1,-1,2,0,2,0,2,0,0,0,0,2,0,0,2,0,0,2,2
83,-4298.615,10072.392,-201.822,90.594,-0.008330,-0.999243,0.037992,0.998520,-0.010354,-0.053399,0.053752,0.037491,0.997850,0,0.90675,0.20408,54.405,0.408,-1,350.000,-1,375.000,-1,300.000,300.000,325.000,325.000,-1,350.000,325.000,-1,650.000,725.000,-1,-1,2,0,2,0,2,0,0,0,0,2,0,0,2,0,0,2,2
84,-4299.568,10126.789,-198.586,91.002,-0.015223,-0.999092,0.039803,0.998235,-0.017471,-0.056762,0.057406,0.038869,0.997594,0,0.90675,0.20408,54.405,0.408,-1,350.000,-1,375.000,-1,300.000,300.000,325.000,325.000,-1,375.000,350.000,-1,650.000,750.000,-1,-1,2,0,2,0,2,0,0,0,0,2,0,0,2,0,0,2,2
85,-4300.908,10181.177,-195.330,91.410,-0.022101,-0.998888,0.041657,0.997887,-0.024586,-0.060134,0.061092,0.040240,0.997321,0,0.90675,0.20408,54.405,0.408,-1,375.000,-1,375.000,-1,300.000,300.000,325.000,325.000,-1,400.000,375.000,-1,675.000,750.000,-1,-1,2,0,2,0,2,0,0,0,0,2,0,0,2,0,0,2,2
86,-4302.635,10235.555,-192.053,91.818,-0.028963,-0.998631,0.043554,0.997477,-0.031700,-0.063516,0.064809,0.041604,0.997030,0,0.90675,0.20408,54.405,0.408,-1,375.000,-1,400.000,-1,300.000,325.000,325.000,325.000,-1,425.000,325.000,-1,675.000,775.000,-1,-1,2,0,2,0,2,0,0,0,0,2,0,0,2,0,0,2,2
87,-4304.750,10289.919,-188.752,92.226,-0.035809,-0.998323,0.045493,0.997004,-0.038811,-0.066906,0.068559,0.042961,0.996722,0,0.90675,0.20408,54.405,0.408,-1,375.000,-1,400.000,-1,300.000,325.000,325.000,325.000,-1,400.000,300.000,-1,700.000,800.000,-1,-1,2,0,2,0,2,0,0,0,0,2,0,0,2,0,0,2,2
88,-4306.824,10339.481,-185.734,92.394,-0.038480,-0.998141,0.047263,0.996673,-0.041738,-0.070002,0.071845,0.044412,0.996427,0,0.82675,0.08408,49.605,0.168,-1,375.000,-1,400.000,-1,325.000,325.000,325.000,325.000,-1,350.000,275.000,-1,700.000,800.000,-1,-1,2,0,2,0,2,0,0,0,0,2,0,0,2,0,0,2,2
89,-4308.726,10386.344,-182.880,92.323,-0.036970,-0.998119,0.048898,0.996515,-0.040483,-0.072931,0.074773,0.046031,0.996138,0,0.78167,-0.03592,46.900,-0.072,-1,375.000,-1,400.000,-1,325.000,325.000,300.000,325.000,-1,325.000,250.000,-1,725.000,825.000,-1,-1,2,0,2,0,2,0,0,0,0,2,0,0,2,0,0,2,2
90,-4310.374,10433.216,-180.038,92.011,-0.031267,-0.998237,0.050459,0.996503,-0.035047,-0.075855,0.077490,0.047911,0.995841,0,0.78167,-0.15592,46.900,-0.312,-1,375.000,-1,400.000,-1,325.000,325.000,300.000,300.000,-1,300.000,225.000,-1,750.000,850.000,-1,-1,2,0,2,0,2,0,0,0,0,2,0,0,2,0,0,2,2
91,-4311.570,10480.102,-177.220,91.459,-0.021372,-0.998423,0.051911,0.996569,-0.025428,-0.078769,0.079965,0.050050,0.995540,0,0.78167,-0.27592,46.900,-0.552,-1,400.000,-1,425.000,-1,325.000,325.000,300.000,300.000,-1,275.000,225.000,-1,750.000,875.000,-1,-1,2,0,2,0,2,0,0,0,0,2,0,0,2,0,0,2,2
92,-4312.117,10526.999,-173.790,90.667,-0.007470,-0.998573,0.052869,0.996826,-0.011626,-0.078754,0.079256,0.052113,0.995491,0,0.78167,-0.39592,46.900,-0.792,-1,400.000,-1,425.000,-1,325.000,325.000,300.000,300.000,-1,325.000,250.000,-1,775.000,875.000,-1,-1,2,0,2,0,2,0,0,0,0,2,0,0,2,0,0,2,2
93,-4311.821,10573.899,-170.382,89.635,0.010589,-0.998483,0.054040,0.996942,0.006357,-0.077887,0.077425,0.054699,0.995497,0,0.78167,-0.51592,46.900,-1.032,-1,400.000,-1,425.000,-1,325.000,325.000,300.000,300.000,-1,400.000,325.000,-1,800.000,875.000,-1,-1,2,0,2,0,2,0,0,0,0,2,0,0,2,0,0,2,2
94,-4310.483,10620.780,-167.035,88.363,0.032817,-0.997934,0.055230,0.996625,0.028513,-0.076977,0.075243,0.057570,0.995502,0,0.78167,-0.63592,46.900,-1.272,-1,400.000,-1,425.000,-1,325.000,325.000,300.000,300.000,-1,475.000,375.000,-1,800.000,875.000,-1,-1,2,0,2,0,2,0,0,0,0,2,0,0,2,0,0,2,2
95,-4307.897,10667.843,-163.747,86.852,0.059191,-0.996649,0.056458,0.995598,0.054822,-0.076017,0.072667,0.060709,0.995507,0,0.78556,-0.75592,47.134,-1.512,-1,400.000,-1,400.000,-1,325.000,325.000,300.000,300.000,-1,575.000,450.000,-1,825.000,875.000,-1,-1,2,0,2,0,2,0,0,0,0,2,0,0,2,0,0,2,2
96,-4303.996,10715.188,-160.515,85.287,0.086427,-0.994584,0.057741,0.993805,0.082004,-0.075019,0.069877,0.063867,0.995509,0,0.79174,-0.78247,47.504,-1.565,-1,400.000,-1,400.000,-1,325.000,325.000,300.000,300.000,-1,675.000,550.000,-1,825.000,875.000,-1,-1,2,0,2,0,2,0,0,0,0,2,0,0,2,0,0,2,2
97,-4298.763,10762.778,-157.345,83.723,0.113555,-0.991774,0.059079,0.991274,0.109090,-0.073992,0.066938,0.066966,0.995507,0,0.79794,-0.78179,47.876,-1.564,-1,400.000,-1,400.000,-1,325.000,325.000,300.000,300.000,-1,825.000,650.000,-1,850.000,875.000,-1,-1,2,0,2,0,2,0,0,0,0,2,0,0,2,0,0,2,2
98,-4292.186,10810.576,-154.246,82.162,0.140539,-0.988227,0.060467,0.988014,0.136046,-0.072943,0.063858,0.069994,0.995501,0,0.80414,-0.78072,48.248,-1.561,-1,400.000,-1,400.000,-1,325.000,325.000,300.000,300.000,-1,1000.000,775.000,-1,850.000,875.000,-1,-1,2,0,2,0,2,0,0,0,0,2,0,0,2,0,0,2,2
99,-4284.250,10858.543,-151.227,80.603,0.167348,-0.983953,0.061900,0.984031,0.162839,-0.071880,0.060646,0.072941,0.995491,0,0.81031,-0.77926,48.618,-1.559,-1,400.000,-1,400.000,-1,325.000,325.000,300.000,300.000,-1,-1,925.000,-1,875.000,875.000,-1,-1,2,0,2,0,2,0,0,0,0,2,2,0,2,0,0,2,2
100,-4274.946,10906.637,-148.298,79.048,0.193945,-0.978963,0.063371,0.979337,0.189436,-0.070808,0.057313,0.075795,0.995475,0,0.81642,-0.77739,48.985,-1.555,-1,400.000,-1,400.000,-1,325.000,325.000,300.000,300.000,-1,-1,-1,-1,875.000,850.000,-1,-1,2,0,2,0,2,0,0,0,0,2,2,2,2,0,0,2,2
101,-4264.265,10954.815,-145.467,77.498,0.220300,-0.973273,0.064873,0.973944,0.215803,-0.069733,0.053870,0.078545,0.995454,0,0.82245,-0.77508,49.347,-1.550,-1,400.000,-1,400.000,-1,325.000,325.000,300.000,300.000,-1,-1,-1,-1,875.000,850.000,-1,-1,2,0,2,0,2,0,0,0,0,2,2,2,2,1,0,2,2
102,-4252.204,11003.032,-142.744,75.953,0.246377,-0.966897,0.066398,0.967866,0.241909,-0.068662,0.050327,0.081182,0.995428,0,0.82836,-0.77233,49.701,-1.545,-1,425.000,-1,400.000,-1,325.000,325.000,300.000,300.000,-1,-1,-1,-1,850.000,850.000,-1,-1,2,0,2,0,2,0,0,0,0,2,2,2,2,1,0,2,2
103,-4238.760,11051.240,-140.138,74.415,0.272146,-0.959855,0.067938,0.961122,0.267721,-0.067600,0.046697,0.083694,0.995397,0,0.83411,-0.76910,50.047,-1.538,-1,425.000,-1,400.000,-1,325.000,325.000,300.000,300.000,-1,-1,-1,-1,825.000,825.000,-1,-1,2,0,2,0,2,0,0,0,0,2,2,2,2,1,0,2,2
104,-4223.934,11099.390,-137.929,72.884,0.297552,-0.952256,0.068343,0.953722,0.293235,-0.066541,0.043323,0.084980,0.995440,0,0.83967,-0.76538,50.380,-1.531,-1,425.000,-1,400.000,-1,325.000,325.000,300.000,300.000,-1,-1,-1,-1,800.000,825.000,-1,-1,2,0,2,0,2,0,0,0,0,2,2,2,2,1,0,2,2
105,-4207.730,11147.430,-136.203,71.362,0.322477,-0.944151,0.067726,0.945777,0.318436,-0.064067,0.038922,0.084714,0.995645,0,0.84498,-0.76116,50.699,-1.522,1000.000,425.000,-1,400.000,-1,325.000,325.000,300.000,300.000,-1,-1,-1,-1,775.000,825.000,-1,-1,1,0,2,0,2,0,0,0,0,2,2,2,2,1,0,2,2
106,-4190.159,11195.309,-134.595,69.849,0.347028,-0.935441,0.067251,0.937219,0.343261,-0.061580,0.034519,0.084399,0.995834,0,0.85000,-0.75640,51.000,-1.513,925.000,425.000,-1,400.000,-1,325.000,325.000,300.000,300.000,-1,-1,-1,-1,750.000,800.000,975.000,-1,1,0,2,0,2,0,0,0,0,2,2,2,2,1,0,1,2
107,-4171.237,11242.971,-133.168,68.347,0.371192,-0.926133,0.067046,0.928062,0.367670,-0.059327,0.030294,0.084244,0.995985,0,0.85467,-0.75110,51.280,-1.502,875.000,425.000,-1,400.000,-1,325.000,325.000,275.000,300.000,-1,-1,-1,-1,725.000,800.000,925.000,-1,1,0,2,0,2,0,0,0,0,2,2,2,2,1,0,1,2
108,-4150.980,11290.360,-131.943,66.857,0.394920,-0.916251,0.067245,0.918348,0.391633,-0.057105,0.025987,0.084306,0.996101,0,0.85893,-0.74523,51.536,-1.490,825.000,400.000,-1,400.000,-1,325.000,325.000,275.000,300.000,-1,-1,-1,-1,700.000,775.000,900.000,-1,1,0,2,0,2,0,0,0,0,2,2,2,2,1,0,1,2
109,-4129.414,11337.418,-130.866,65.379,0.418189,-0.905808,0.068038,0.908102,0.415110,-0.055092,0.021660,0.084824,0.996161,0,0.86272,-0.73877,51.763,-1.478,750.000,400.000,-1,400.000,-1,325.000,325.000,300.000,300.000,-1,-1,-1,-1,675.000,750.000,850.000,-1,1,0,2,0,2,0,0,0,0,2,2,2,2,1,0,1,2
110,-4106.568,11384.085,-129.863,63.916,0.440974,-0.894871,0.068900,0.897348,0.438088,-0.053344,0.017552,0.085350,0.996196,0,0.86598,-0.73170,51.959,-1.463,700.000,400.000,-1,400.000,-1,325.000,325.000,300.000,300.000,-1,-1,-1,-1,650.000,750.000,825.000,-1,1,0,2,0,2,0,0,0,0,2,2,2,2,1,0,1,2
111,-4082.476,11430.301,-128.953,62.468,0.463246,-0.883479,0.069768,0.886125,0.460543,-0.051791,0.013625,0.085816,0.996218,0,0.86862,-0.72402,52.117,-1.448,675.000,400.000,-1,400.000,-1,325.000,325.000,300.000,300.000,-1,-1,-1,-1,650.000,725.000,825.000,-1,1,0,2,0,2,0,0,0,0,2,2,2,2,1,0,1,2
112,-4057.181,11476.003,-128.137,61.036,0.484981,-0.871668,0.070622,0.874469,0.482453,-0.050438,0.009893,0.086218,0.996227,0,0.87057,-0.71572,52.234,-1.431,650.000,400.000,-1,375.000,-1,325.000,325.000,300.000,300.000,-1,-1,-1,-1,650.000,725.000,825.000,-1,1,1,2,0,2,0,0,0,0,2,2,2,2,1,0,1,2
113,-4030.729,11521.128,-127.417,59.623,0.506159,-0.859476,0.071439,0.862417,0.503794,-0.049286,0.006370,0.086557,0.996227,0,0.87175,-0.70679,52.305,-1.414,625.000,375.000,-1,375.000,-1,325.000,325.000,300.000,300.000,-1,-1,-1,-1,650.000,725.000,900.000,-1,1,1,2,0,2,0,0,0,0,2,2,2,2,1,0,1,2
114,-4003.177,11565.613,-126.792,58.228,0.526761,-0.846941,0.072199,0.850008,0.524548,-0.048335,0.003065,0.086830,0.996218,0,0.87209,-0.69723,52.326,-1.394,600.000,375.000,-1,375.000,-1,325.000,325.000,300.000,300.000,-1,-1,-1,-1,650.000,700.000,-1,-1,1,1,2,0,2,0,0,0,0,2,2,2,2,1,0,2,2
115,-3974.584,11609.396,-126.306,56.854,0.546800,-0.834139,0.072271,0.837263,0.544720,-0.047642,0.000372,0.086560,0.996247,0,0.87152,-0.68706,52.291,-1.374,600.000,375.000,-1,375.000,-1,325.000,300.000,325.000,300.000,-1,-1,-1,-1,675.000,700.000,-1,-1,1,1,2,0,2,1,0,0,0,2,2,2,2,1,0,2,2
116,-3945.018,11652.414,-126.214,55.502,0.566319,-0.821175,0.070388,0.824185,0.564345,-0.047251,-0.000921,0.084772,0.996400,0,0.86996,-0.67630,52.197,-1.353,600.000,375.000,-1,375.000,-1,325.000,300.000,325.000,300.000,-1,-1,-1,-1,725.000,700.000,-1,-1,1,1,2,0,2,1,0,0,0,2,2,2,2,1,0,2,2
117,-3917.417,11690.947,-126.191,54.389,0.582154,-0.810170,0.068720,0.813077,0.580261,-0.046938,-0.001848,0.083200,0.996531,0,0.78996,-0.55630,47.397,-1.113,625.000,375.000,-1,375.000,-1,325.000,300.000,325.000,300.000,-1,-1,-1,-1,750.000,700.000,-1,-1,1,1,2,0,2,1,0,0,0,2,2,2,2,0,0,2,2
118,-3890.360,11727.535,-125.869,53.516,0.594508,-0.801242,0.067614,0.804089,0.592534,-0.048418,-0.001269,0.083152,0.996536,0,0.75842,-0.43630,45.505,-0.873,700.000,375.000,-1,375.000,-1,325.000,325.000,325.000,300.000,-1,-1,-1,-1,775.000,725.000,-1,-1,1,1,2,0,2,0,0,0,0,2,2,2,2,0,0,2,2
119,-3863.026,11763.660,-125.198,52.884,0.603498,-0.794545,0.066992,0.797364,0.601265,-0.051877,0.000939,0.084725,0.996404,0,0.75500,-0.31630,45.300,-0.633,-1,400.000,-1,400.000,-1,325.000,325.000,325.000,300.000,-1,-1,-1,-1,800.000,725.000,-1,-1,2,1,2,0,2,0,0,1,0,2,2,2,2,0,0,2,2
120,-3835.579,11799.420,-124.689,52.491,0.609072,-0.790335,0.066349,0.793110,0.606639,-0.054451,0.002784,0.085786,0.996310,0,0.75131,-0.19630,45.079,-0.393,-1,400.000,-1,400.000,-1,325.000,325.000,325.000,300.000,-1,-1,-1,-1,800.000,750.000,-1,-1,2,0,2,0,2,0,0,1,0,2,2,2,2,0,0,2,2
121,-3808.178,11834.924,-124.321,52.339,0.611289,-0.788677,0.065685,0.791395,0.608712,-0.056251,0.004381,0.086368,0.996254,0,0.74746,-0.07630,44.848,-0.153,-1,425.000,-1,400.000,-1,325.000,325.000,300.000,300.000,-1,-1,-1,-1,825.000,750.000,-1,-1,2,0,2,0,2,0,0,1,0,2,2,2,2,0,0,2,2
122,-3780.974,11870.283,-124.076,52.426,0.610178,-0.789596,0.064967,0.792243,0.607501,-0.057390,0.005847,0.086488,0.996236,0,0.74355,0.04370,44.613,0.087,-1,425.000,-1,400.000,-1,325.000,325.000,275.000,300.000,-1,-1,-1,-1,825.000,750.000,-1,-1,2,0,2,0,2,0,0,1,0,2,2,2,2,0,0,2,2
123,-3754.114,11905.611,-124.000,52.753,0.605748,-0.793052,0.064320,0.795621,0.602978,-0.058349,0.007490,0.086520,0.996222,0,0.73966,0.16370,44.380,0.327,-1,425.000,-1,400.000,-1,325.000,325.000,275.000,300.000,-1,-1,-1,-1,850.000,750.000,-1,-1,2,0,2,0,2,0,0,1,0,2,2,2,2,0,0,2,2
124,-3727.740,11941.021,-124.000,53.321,0.597949,-0.798998,0.063707,0.801481,0.595105,-0.058976,0.009210,0.086325,0.996224,0,0.73589,0.28370,44.153,0.567,-1,425.000,-1,400.000,-1,325.000,325.000,275.000,300.000,-1,-1,-1,-1,850.000,775.000,-1,-1,2,0,2,0,2,0,0,1,0,2,2,2,2,0,0,2,2
125,-3701.993,11976.625,-124.000,54.128,0.586703,-0.807340,0.063095,0.809728,0.583813,-0.059189,0.010950,0.085817,0.996251,0,0.73231,0.40370,43.938,0.807,-1,425.000,-1,400.000,-1,325.000,325.000,250.000,300.000,-1,-1,-1,-1,850.000,775.000,-1,-1,2,0,2,0,2,0,0,1,0,2,2,2,2,0,0,2,2
126,-3677.015,12012.530,-123.965,55.176,0.571912,-0.817929,0.062519,0.820216,0.568993,-0.059103,0.012769,0.085081,0.996292,0,0.72899,0.52370,43.740,1.047,-1,425.000,-1,400.000,-1,325.000,325.000,250.000,300.000,-1,-1,-1,-1,850.000,775.000,-1,-1,2,0,2,0,2,0,0,1,0,2,2,2,2,0,0,2,2
127,-3652.949,12048.838,-123.889,56.463,0.553450,-0.830562,0.062131,0.832754,0.550510,-0.058824,0.014653,0.084296,0.996333,0,0.72601,0.64370,43.561,1.287,-1,425.000,-1,400.000,-1,325.000,325.000,250.000,300.000,-1,-1,-1,-1,850.000,775.000,-1,-1,2,0,2,0,2,0,0,1,0,2,2,2,2,0,0,2,2
128,-3629.942,12085.643,-123.651,57.990,0.531168,-0.845016,0.061711,0.847103,0.528223,-0.058287,0.016656,0.083235,0.996391,0,0.72342,0.76370,43.405,1.527,-1,425.000,-1,400.000,-1,325.000,325.000,225.000,300.000,-1,-1,-1,-1,850.000,775.000,-1,-1,2,0,2,0,2,0,0,1,0,2,2,2,2,0,0,2,2
129,-3608.145,12123.028,-123.216,59.758,0.504907,-0.860996,0.061282,0.862968,0.501961,-0.057634,0.018861,0.081984,0.996455,0,0.72128,0.88370,43.277,1.767,-1,425.000,-1,400.000,-1,325.000,325.000,225.000,300.000,-1,-1,-1,-1,850.000,775.000,-1,-1,2,0,2,0,2,0,0,1,0,2,2,2,2,0,0,2,2
130,-3587.714,12161.063,-122.602,61.758,0.474625,-0.878073,0.060978,0.879925,0.471652,-0.057229,0.021490,0.080818,0.996497,0,0.71961,1.00000,43.177,2.000,-1,425.000,-1,400.000,-1,325.000,325.000,225.000,300.000,-1,-1,-1,-1,850.000,775.000,-1,-1,2,0,2,0,2,0,0,1,0,2,2,2,2,0,0,2,2
131,-3568.653,12199.726,-121.849,63.758,0.443766,-0.894085,0.060691,0.895818,0.440763,-0.056903,0.024126,0.079620,0.996533,0,0.71845,1.00000,43.107,2.000,-1,425.000,-1,400.000,-1,325.000,325.000,225.000,300.000,-1,-1,-1,-1,875.000,775.000,-1,-1,2,0,2,0,2,0,0,1,0,2,2,2,2,0,0,2,2
132,-3550.986,12238.958,-120.951,65.758,0.412369,-0.909008,0.060459,0.910623,0.409330,-0.056701,0.026794,0.078437,0.996559,0,0.71713,1.00000,43.028,2.000,-1,425.000,-1,400.000,-1,325.000,325.000,225.000,300.000,-1,-1,-1,-1,875.000,775.000,-1,-1,2,0,2,0,2,0,0,1,0,2,2,2,2,0,0,2,2
133,-3534.732,12278.702,-119.900,67.758,0.380476,-0.922821,0.060324,0.924319,0.377390,-0.056661,0.029522,0.077317,0.996569,0,0.71567,1.00000,42.940,2.000,-1,425.000,-1,400.000,-1,350.000,325.000,225.000,300.000,-1,-1,-1,-1,875.000,775.000,-1,-1,2,0,2,0,2,0,0,1,0,2,2,2,2,0,0,2,2
134,-3519.909,12318.898,-118.690,69.758,0.348130,-0.935503,0.060335,0.936888,0.344981,-0.056817,0.032338,0.076307,0.996560,0,0.71406,1.00000,42.843,2.000,-1,425.000,-1,400.000,-1,350.000,325.000,200.000,300.000,-1,-1,-1,-1,900.000,775.000,-1,-1,2,0,2,0,2,0,0,1,0,2,2,2,2,0,0,2,2
135,-3506.531,12359.486,-117.208,71.758,0.315367,-0.947004,0.061051,0.948327,0.312133,-0.057007,0.034930,0.075875,0.996505,0,0.71230,1.00000,42.738,2.000,-1,425.000,-1,400.000,-1,350.000,325.000,200.000,300.000,-1,-1,-1,-1,900.000,775.000,-1,-1,2,0,2,0,2,0,0,1,0,2,2,2,2,0,0,2,2
136,-3494.611,12400.408,-115.152,73.758,0.282218,-0.957218,0.063927,0.958661,0.278863,-0.056611,0.036362,0.077261,0.996348,0,0.71039,1.00000,42.624,2.000,-1,450.000,-1,400.000,-1,350.000,325.000,200.000,300.000,-1,-1,-1,-1,900.000,775.000,-1,-1,2,0,2,0,2,0,0,1,0,2,2,2,2,0,0,2,2
137,-3483.529,12444.074,-113.086,75.758,0.248680,-0.966324,0.066150,0.967863,0.245276,-0.055512,0.037418,0.077828,0.996264,0,0.75087,1.00000,45.052,2.000,-1,450.000,-1,400.000,-1,350.000,325.000,200.000,300.000,-1,-1,-1,-1,925.000,775.000,-1,-1,2,0,2,0,2,0,0,1,0,2,2,2,2,0,0,2,2
138,-3474.055,12487.738,-110.950,77.758,0.214866,-0.974263,0.068143,0.975869,0.211395,-0.054689,0.038876,0.078249,0.996176,0,0.74469,1.00000,44.681,2.000,-1,450.000,-1,400.000,-1,350.000,350.000,200.000,300.000,-1,-1,-1,-1,925.000,775.000,-1,-1,2,0,2,0,2,0,0,1,0,2,2,2,2,0,0,2,2
139,-3466.180,12531.327,-108.803,79.758,0.180835,-0.980996,0.070322,0.982670,0.177256,-0.054228,0.040732,0.078909,0.996049,0,0.73827,1.00000,44.296,2.000,650.000,450.000,-1,400.000,-1,350.000,350.000,200.000,300.000,-1,-1,-1,-1,925.000,775.000,-1,-1,1,0,2,0,2,0,0,1,0,2,2,2,2,1,0,2,2
140,-3459.889,12574.772,-106.667,81.758,0.146618,-0.986504,0.072897,0.988270,0.142900,-0.053872,0.042728,0.079940,0.995883,0,0.73165,1.00000,43.899,2.000,600.000,450.000,-1,400.000,-1,350.000,350.000,200.000,275.000,-1,-1,-1,-1,900.000,775.000,-1,-1,1,0,2,0,2,0,0,1,0,2,2,2,2,1,0,2,2
141,-3455.162,12618.005,-104.432,83.758,0.112263,-0.990805,0.075509,0.992655,0.108375,-0.053771,0.045094,0.080991,0.995694,0,0.72488,1.00000,43.493,2.000,550.000,450.000,-1,400.000,-1,350.000,350.000,200.000,275.000,-1,-1,-1,-1,875.000,775.000,-1,-1,1,0,2,0,2,0,0,1,0,2,2,2,2,1,0,2,2
142,-3451.977,12660.966,-102.095,85.758,0.077816,-0.993893,0.078238,0.995821,0.073724,-0.053901,0.047804,0.082105,0.995477,0,0.71800,1.00000,43.080,2.000,525.000,450.000,-1,425.000,-1,375.000,350.000,200.000,275.000,-1,-1,-1,-1,875.000,775.000,-1,-1,1,1,2,0,2,0,0,1,0,2,2,2,2,1,0,2,2
143,-3450.310,12703.596,-99.655,87.758,0.043321,-0.995759,0.081157,0.997767,0.038988,-0.054226,0.050831,0.083325,0.995225,0,0.71106,1.00000,42.664,2.000,475.000,450.000,-1,425.000,-1,375.000,350.000,200.000,275.000,-1,-1,-1,-1,900.000,800.000,-1,-1,1,1,2,0,2,0,0,1,0,2,2,2,2,1,0,2,2
144,-3450.134,12745.840,-97.108,89.758,0.008824,-0.996398,0.084335,0.998494,0.004213,-0.054700,0.054148,0.084691,0.994935,0,0.70410,1.00000,42.246,2.000,450.000,450.000,-1,425.000,-1,375.000,350.000,200.000,275.000,-1,-1,-1,-1,925.000,800.000,-1,-1,1,1,2,0,2,0,0,1,0,2,2,2,2,1,0,2,2
145,-3451.383,12792.868,-94.211,91.518,-0.021503,-0.995907,0.087784,0.998145,-0.026388,-0.054873,0.056965,0.086441,0.994627,0,0.78410,0.88000,47.046,1.760,425.000,425.000,-1,425.000,-1,375.000,350.000,200.000,275.000,-1,-1,-1,-1,1000.000,825.000,-1,-1,1,1,2,0,2,0,0,1,0,2,2,2,2,1,0,2,2
146,-3454.014,12842.387,-91.070,93.038,-0.047627,-0.994667,0.091480,0.997100,-0.052786,-0.054822,0.059359,0.088603,0.994297,0,0.82649,0.76000,49.590,1.520,400.000,425.000,-1,425.000,-1,375.000,375.000,200.000,275.000,-1,-1,-1,-1,-1,825.000,-1,-1,1,1,2,0,2,0,0,1,0,2,2,2,2,2,0,2,2
147,-3457.686,12890.965,-87.888,94.318,-0.069548,-0.993018,0.095286,0.995689,-0.074975,-0.054612,0.061375,0.091077,0.993951,0,0.81196,0.64000,48.718,1.280,400.000,425.000,-1,425.000,-1,400.000,375.000,200.000,275.000,-1,-1,-1,-1,-1,825.000,-1,-1,1,1,2,0,2,0,0,1,0,2,2,2,2,2,0,2,2
148,-3462.150,12938.522,-84.679,95.358,-0.087277,-0.991233,0.099194,0.994193,-0.092962,-0.054203,0.062949,0.093887,0.993591,0,0.79612,0.52000,47.767,1.040,-1,425.000,-1,425.000,-1,400.000,375.000,200.000,275.000,-1,-1,-1,-1,-1,825.000,-1,-1,2,1,2,0,2,0,0,1,0,2,2,2,2,2,0,2,2
149,-3467.170,12985.005,-81.455,96.158,-0.100838,-0.989538,0.103184,0.992841,-0.106760,-0.053564,0.064020,0.097044,0.993219,0,0.77922,0.40000,46.753,0.800,-1,450.000,-1,450.000,-1,400.000,375.000,200.000,275.000,-1,-1,-1,-1,-1,850.000,-1,-1,2,1,2,0,2,1,0,1,0,2,2,2,2,2,0,2,2
150,-3472.519,13030.380,-78.230,96.718,-0.110257,-0.988102,0.107228,0.991806,-0.116386,-0.052673,0.064526,0.100542,0.992838,0,0.76151,0.28000,45.690,0.560,-1,450.000,-1,450.000,-1,400.000,375.000,200.000,250.000,-1,-1,-1,-1,-1,825.000,-1,-1,2,1,2,0,2,1,0,1,0,2,2,2,2,2,0,2,2
151,-3478.047,13074.629,-75.014,97.114,-0.116849,-0.986888,0.111348,0.991045,-0.123160,-0.051580,0.064617,0.104324,0.992442,0,0.74323,0.19790,44.594,0.396,-1,450.000,-1,450.000,-1,400.000,375.000,200.000,250.000,-1,-1,-1,-1,-1,825.000,-1,-1,2,1,2,0,2,1,0,1,0,2,2,2,2,2,0,2,2
152,-3483.734,13117.765,-71.894,97.502,-0.123233,-0.985575,0.116000,0.990243,-0.129788,-0.050729,0.065052,0.108617,0.991953,0,0.72516,0.19420,43.510,0.388,-1,475.000,-1,450.000,-1,400.000,375.000,200.000,250.000,-1,-1,-1,-1,-1,825.000,-1,-1,2,1,2,0,2,1,0,1,0,2,2,2,2,2,0,2,2
153,-3489.570,13159.874,-68.892,97.882,-0.129426,-0.984256,0.120366,0.989396,-0.136254,-0.050304,0.065912,0.112579,0.991454,0,0.70854,0.18980,42.512,0.380,-1,500.000,-1,450.000,-1,400.000,400.000,200.000,250.000,-1,-1,-1,-1,-1,825.000,-1,-1,2,1,2,0,2,1,0,1,0,2,2,2,2,2,0,2,2
154,-3496.324,13206.701,-66.769,98.209,-0.135345,-0.983512,0.119941,0.988729,-0.141890,-0.047780,0.064010,0.112122,0.991631,0,0.78854,0.16390,47.312,0.328,-1,500.000,-1,450.000,-1,400.000,375.000,200.000,250.000,-1,-1,-1,-1,-1,800.000,-1,-1,2,1,2,0,2,1,0,1,0,2,2,2,2,2,0,2,2
155,-3503.610,13255.158,-64.647,98.552,-0.141600,-0.982733,0.119105,0.988005,-0.147787,-0.044786,0.061615,0.111335,0.991871,0,0.81671,0.17147,49.003,0.343,-1,500.000,-1,425.000,-1,400.000,375.000,200.000,250.000,-1,-1,-1,-1,-1,775.000,-1,-1,2,1,2,0,2,1,0,1,0,2,2,2,2,2,0,2,2
156,-3511.050,13302.627,-62.601,98.911,-0.148143,-0.981891,0.118086,0.987203,-0.153947,-0.041601,0.059026,0.110412,0.992132,0,0.80082,0.17919,48.049,0.358,-1,500.000,-1,425.000,-1,400.000,375.000,200.000,250.000,-1,-1,-1,-1,-1,775.000,-1,-1,2,1,2,0,2,1,0,1,0,2,2,2,2,2,0,2,2
157,-3518.648,13349.132,-60.630,99.282,-0.154931,-0.980988,0.116874,0.986324,-0.160328,-0.038223,0.056234,0.109354,0.992411,0,0.78538,0.18570,47.123,0.371,-1,525.000,-1,425.000,-1,400.000,375.000,175.000,250.000,-1,-1,-1,-1,-1,750.000,-1,-1,2,1,2,0,2,1,0,1,0,2,2,2,2,2,0,2,2
158,-3526.392,13394.702,-58.734,99.647,-0.161639,-0.980073,0.115451,0.985416,-0.166600,-0.034637,0.053181,0.108169,0.992709,0,0.77040,0.18263,46.224,0.365,-1,525.000,-1,425.000,1000.000,400.000,375.000,175.000,250.000,-1,-1,-1,-1,-1,725.000,-1,-1,2,0,2,0,0,1,0,1,0,2,2,2,2,2,0,2,2
159,-3534.268,13439.361,-56.914,100.005,-0.168238,-0.979154,0.113811,0.984484,-0.172739,-0.030848,0.049865,0.106856,0.993023,0,0.75582,0.17883,45.349,0.358,-1,500.000,-1,400.000,925.000,375.000,375.000,175.000,250.000,-1,-1,-1,-1,-1,700.000,-1,-1,2,0,2,0,0,1,0,1,0,2,2,2,2,2,0,2,2
160,-3542.262,13483.135,-55.168,100.354,-0.174703,-0.978236,0.111952,0.983533,-0.178723,-0.026860,0.046284,0.105416,0.993351,0,0.74166,0.17435,44.500,0.349,-1,500.000,-1,400.000,875.000,375.000,350.000,175.000,250.000,-1,-1,-1,-1,975.000,675.000,-1,-1,2,0,2,0,0,0,0,1,0,2,2,2,2,0,0,2,2
161,-3550.363,13526.057,-53.497,100.692,-0.181010,-0.977325,0.109871,0.982565,-0.184529,-0.022677,0.042438,0.103851,0.993687,0,0.72800,0.16924,43.680,0.338,-1,475.000,-1,400.000,800.000,375.000,350.000,175.000,250.000,-1,-1,-1,-1,950.000,675.000,-1,-1,2,0,2,0,0,0,0,1,0,2,2,2,2,0,0,2,2
162,-3558.558,13568.159,-51.899,101.019,-0.187134,-0.976427,0.107567,0.981586,-0.190139,-0.018304,0.038325,0.102161,0.994029,0,0.71490,0.16354,42.894,0.327,-1,475.000,-1,375.000,750.000,350.000,350.000,175.000,250.000,-1,-1,-1,-1,900.000,650.000,-1,975.000,2,0,2,0,0,0,0,1,0,2,2,2,2,0,0,2,0
163,-3566.837,13609.483,-50.373,101.334,-0.193055,-0.975549,0.105040,0.980601,-0.195534,-0.013743,0.033946,0.100350,0.994373,0,0.70242,0.15731,42.145,0.315,-1,450.000,-1,375.000,675.000,350.000,325.000,175.000,250.000,-1,-1,-1,-1,875.000,625.000,-1,900.000,2,0,2,0,0,0,0,1,0,2,2,2,2,0,0,2,0
164,-3575.191,13650.071,-48.916,101.635,-0.198752,-0.974697,0.102291,0.979612,-0.200698,-0.008997,0.029299,0.098417,0.994714,0,0.69065,0.15057,41.439,0.301,-1,450.000,-1,350.000,625.000,350.000,325.000,175.000,250.000,-1,-1,-1,-1,825.000,600.000,-1,800.000,2,0,2,0,0,0,0,1,0,2,2,2,2,0,0,2,0
165,-3583.611,13689.970,-47.528,101.922,-0.204205,-0.973877,0.099320,0.978624,-0.205615,-0.004068,0.024383,0.096366,0.995047,0,0.67965,0.14338,40.779,0.287,-1,425.000,-1,350.000,575.000,325.000,300.000,200.000,250.000,-1,-1,-1,-1,775.000,575.000,-1,725.000,2,0,2,0,0,0,0,1,0,2,2,2,2,0,0,2,0
166,-3593.431,13734.478,-46.023,102.449,-0.213779,-0.972212,0.095402,0.976697,-0.214619,0.001495,0.019022,0.093498,0.995438,0,0.75965,0.26338,45.579,0.527,-1,400.000,-1,350.000,525.000,325.000,300.000,200.000,250.000,-1,-1,-1,-1,750.000,550.000,-1,650.000,2,0,2,0,0,0,0,1,0,2,2,2,2,0,0,2,0
167,-3603.855,13778.896,-44.286,103.215,-0.227311,-0.969660,0.089937,0.973712,-0.227705,0.005987,0.014673,0.088933,0.995930,0,0.76043,0.38338,45.626,0.767,-1,400.000,-1,325.000,500.000,300.000,300.000,200.000,250.000,-1,-1,-1,-1,700.000,550.000,-1,600.000,2,0,2,0,0,0,0,1,0,2,2,2,2,0,0,2,0
168,-3614.953,13822.710,-42.651,104.222,-0.244812,-0.965936,0.083868,0.969514,-0.244816,0.010405,0.010481,0.083858,0.996423,0,0.75331,0.50338,45.199,1.007,-1,375.000,-1,325.000,475.000,300.000,275.000,200.000,250.000,-1,-1,-1,-1,675.000,525.000,-1,550.000,2,0,2,0,0,0,0,1,0,2,2,2,2,0,0,2,0
169,-3626.921,13865.990,-41.839,105.469,-0.265972,-0.961039,0.075258,0.963929,-0.265957,0.010410,0.010011,0.075312,0.997110,0,0.74843,0.62338,44.906,1.247,-1,375.000,-1,325.000,475.000,300.000,275.000,200.000,275.000,-1,-1,-1,-1,650.000,525.000,-1,550.000,2,0,2,0,0,0,0,1,0,2,2,2,2,0,0,2,0
170,-3639.964,13908.781,-39.813,106.956,-0.290649,-0.954081,0.072474,0.956729,-0.290884,0.007525,0.013903,0.071525,0.997342,0,0.74559,0.74338,44.735,1.487,-1,375.000,-1,325.000,500.000,300.000,275.000,225.000,275.000,-1,-1,-1,-1,650.000,525.000,-1,575.000,2,0,2,0,0,0,0,1,0,2,2,2,2,0,0,2,0
171,-3654.272,13951.103,-37.825,108.682,-0.319125,-0.945153,0.069605,0.947544,-0.319593,0.004607,0.017891,0.067424,0.997564,0,0.74461,0.86338,44.676,1.727,-1,375.000,-1,325.000,525.000,300.000,275.000,225.000,275.000,-1,-1,-1,-1,650.000,525.000,-1,600.000,2,0,2,0,0,0,0,1,0,2,2,2,2,0,0,2,0
172,-3670.039,13992.950,-35.860,110.649,-0.351264,-0.933895,0.066736,0.936020,-0.351942,0.001687,0.021911,0.063059,0.997769,0,0.74532,0.98338,44.719,1.967,-1,375.000,-1,325.000,550.000,300.000,275.000,225.000,275.000,-1,-1,-1,-1,675.000,550.000,-1,625.000,2,0,2,0,0,0,0,1,0,2,2,2,2,0,0,2,0
173,-3687.308,14034.344,-33.852,112.649,-0.383561,-0.921279,0.064239,0.923158,-0.384419,-0.001082,0.025691,0.058888,0.997934,0,0.74754,1.00000,44.853,2.000,-1,375.000,-1,325.000,550.000,300.000,275.000,250.000,275.000,-1,-1,-1,-1,675.000,550.000,-1,650.000,2,0,2,0,0,0,0,1,0,2,2,2,2,0,0,2,0
174,-3706.078,14075.254,-31.743,114.649,-0.415414,-0.907518,0.061986,0.909156,-0.416436,-0.003973,0.029419,0.054705,0.998069,0,0.75020,1.00000,45.012,2.000,-1,375.000,-1,325.000,575.000,300.000,275.000,250.000,275.000,-1,-1,-1,-1,675.000,550.000,-1,650.000,2,0,2,0,0,0,0,1,0,2,2,2,2,0,0,2,0
175,-3726.342,14115.641,-29.482,116.649,-0.446778,-0.892643,0.059824,0.894024,-0.447960,-0.007327,0.033339,0.050210,0.998182,0,0.75309,1.00000,45.185,2.000,-1,375.000,-1,350.000,600.000,300.000,300.000,250.000,275.000,-1,-1,-1,-1,675.000,550.000,-1,700.000,2,0,2,0,0,0,0,1,0,2,2,2,2,0,0,2,0
176,-3748.093,14155.459,-27.206,118.649,-0.477619,-0.876652,0.057986,0.877782,-0.478942,-0.010691,0.037144,0.045793,0.998260,0,0.75620,1.00000,45.372,2.000,-1,375.000,-1,350.000,650.000,300.000,300.000,250.000,275.000,-1,-1,-1,-1,700.000,575.000,-1,725.000,2,0,2,0,0,0,0,1,0,2,2,2,2,0,0,2,0
177,-3771.322,14194.665,-24.934,120.649,-0.507895,-0.859568,0.056447,0.860448,-0.509342,-0.014111,0.040880,0.041403,0.998306,0,0.75952,1.00000,45.571,2.000,-1,375.000,-1,350.000,675.000,300.000,300.000,275.000,275.000,-1,-1,-1,-1,700.000,575.000,-1,800.000,2,0,2,0,0,0,0,1,0,2,2,2,2,0,0,2,0
178,-3796.019,14233.213,-22.683,122.649,-0.537566,-0.841414,0.055187,0.842042,-0.539124,-0.017635,0.044592,0.036990,0.998320,0,0.76302,1.00000,45.781,2.000,-1,375.000,-1,350.000,700.000,300.000,300.000,275.000,275.000,475.000,-1,-1,-1,700.000,575.000,-1,875.000,2,0,2,0,0,0,0,1,0,1,2,2,2,0,0,2,0
179,-3822.170,14271.057,-20.160,124.649,-0.566685,-0.822245,0.052742,0.822569,-0.568270,-0.021215,0.047416,0.031361,0.998383,0,0.76668,1.00000,46.001,2.000,-1,375.000,-1,350.000,775.000,300.000,300.000,275.000,275.000,475.000,-1,-1,-1,725.000,600.000,-1,-1,2,0,2,0,0,0,0,1,0,1,2,2,2,0,0,2,2
180,-3849.763,14308.148,-17.652,126.649,-0.595135,-0.802046,0.050366,0.802057,-0.596720,-0.025097,0.050183,0.025460,0.998415,0,0.77048,1.00000,46.229,2.000,-1,375.000,-1,350.000,900.000,300.000,300.000,300.000,275.000,475.000,-1,-1,-1,725.000,625.000,-1,-1,2,0,2,0,0,0,0,1,0,1,2,2,2,0,0,2,2
181,-3878.780,14344.437,-15.136,128.649,-0.622836,-0.780833,0.048742,0.780531,-0.624427,-0.029348,0.053352,0.019765,0.998380,0,0.77440,1.00000,46.464,2.000,-1,375.000,-1,350.000,-1,325.000,300.000,300.000,275.000,500.000,-1,-1,-1,725.000,625.000,-1,-1,2,0,2,0,2,0,0,1,0,1,2,2,2,0,0,2,2
182,-3907.055,14377.653,-12.717,130.409,-0.646587,-0.761361,0.047480,0.760716,-0.648178,-0.034294,0.056886,0.013945,0.998283,0,0.72700,0.88000,43.620,1.760,-1,400.000,-1,350.000,-1,325.000,300.000,300.000,275.000,500.000,-1,-1,-1,750.000,650.000,-1,-1,2,0,2,0,2,0,0,1,0,1,2,2,2,0,0,2,2
183,-3936.341,14410.261,-10.367,131.929,-0.666611,-0.743947,0.046605,0.742934,-0.668188,-0.039665,0.060650,0.008183,0.998126,0,0.73047,0.76000,43.828,1.520,-1,400.000,-1,375.000,-1,325.000,300.000,300.000,300.000,475.000,-1,-1,-1,750.000,675.000,-1,-1,2,0,2,0,2,0,0,1,0,1,2,2,2,0,0,2,2
184,-3966.460,14442.326,-8.153,133.209,-0.683114,-0.728857,0.046073,0.727447,-0.684661,-0.045386,0.064625,0.002512,0.997906,0,0.73320,0.64000,43.992,1.280,-1,400.000,-1,375.000,-1,325.000,325.000,325.000,300.000,475.000,-1,-1,-1,775.000,700.000,-1,-1,2,0,2,0,2,0,0,1,0,1,2,2,2,0,0,2,2
185,-3997.245,14473.929,-6.098,134.249,-0.696278,-0.716309,0.045806,0.714457,-0.697776,-0.051574,0.068905,-0.003184,0.997618,0,0.73530,0.52000,44.118,1.040,-1,400.000,-1,375.000,-1,325.000,325.000,325.000,300.000,450.000,-1,-1,-1,775.000,750.000,-1,-1,2,0,2,0,2,0,0,1,0,1,2,2,2,0,0,2,2
186,-4028.535,14505.167,-4.101,135.049,-0.706302,-0.706469,0.045157,0.704113,-0.707681,-0.058412,0.073223,-0.009461,0.997271,0,0.73689,0.40000,44.214,0.800,-1,400.000,-1,400.000,-1,325.000,325.000,300.000,300.000,425.000,775.000,775.000,-1,800.000,775.000,-1,-1,2,0,2,0,2,0,0,0,0,1,0,0,2,0,0,2,2
187,-4060.181,14536.148,-1.433,135.609,-0.713237,-0.699491,0.044770,0.696871,-0.714525,-0.061845,0.075249,-0.012911,0.997081,0,0.73810,0.28000,44.286,0.560,-1,400.000,-1,400.000,-1,325.000,325.000,300.000,300.000,425.000,675.000,700.000,-1,800.000,800.000,-1,-1,2,0,2,0,2,0,0,0,0,1,0,0,2,0,0,2,2
188,-4092.040,14566.989,1.857,135.929,-0.717146,-0.695486,0.044731,0.692859,-0.718416,-0.061847,0.075149,-0.013362,0.997083,0,0.73903,0.16000,44.342,0.320,-1,400.000,-1,400.000,-1,325.000,325.000,300.000,300.000,450.000,725.000,750.000,-1,825.000,825.000,-1,-1,2,0,2,0,2,0,0,0,0,1,0,0,2,0,0,2,2
189,-4123.976,14597.820,5.111,136.009,-0.718125,-0.694480,0.044641,0.691856,-0.719385,-0.061813,0.075042,-0.013504,0.997089,0,0.73982,0.04000,44.389,0.080,-1,400.000,-1,400.000,-1,325.000,325.000,300.000,300.000,450.000,775.000,800.000,-1,825.000,825.000,-1,-1,2,0,2,0,2,0,0,0,0,1,0,0,2,0,0,2,2
190,-4155.869,14628.761,8.331,135.868,-0.716416,-0.696254,0.044494,0.693639,-0.717671,-0.061751,0.074927,-0.013377,0.997099,0,0.74060,-0.07065,44.436,-0.141,-1,400.000,-1,400.000,-1,325.000,325.000,300.000,300.000,475.000,825.000,850.000,-1,825.000,850.000,-1,-1,2,0,2,0,2,0,0,0,0,1,0,0,2,0,0,2,2
191,-4187.713,14659.833,11.517,135.703,-0.714411,-0.698322,0.044309,0.695722,-0.715662,-0.061639,0.074754,-0.013209,0.997114,0,0.74153,-0.08262,44.492,-0.165,-1,400.000,-1,400.000,-1,325.000,325.000,300.000,300.000,475.000,875.000,900.000,-1,825.000,850.000,-1,-1,2,0,2,0,2,0,0,0,0,1,0,0,2,0,0,2,2
192,-4219.525,14691.081,14.694,135.513,-0.712102,-0.700692,0.044076,0.698103,-0.713344,-0.061579,0.074589,-0.013081,0.997129,0,0.74320,-0.09497,44.592,-0.190,-1,400.000,-1,400.000,-1,325.000,325.000,300.000,275.000,500.000,925.000,950.000,-1,850.000,875.000,-1,-1,2,0,2,0,2,0,0,0,0,1,0,0,2,0,0,2,2
193,-4251.321,14722.549,17.859,135.297,-0.709474,-0.703369,0.043798,0.700792,-0.710706,-0.061544,0.074416,-0.012970,0.997143,0,0.74558,-0.10770,44.735,-0.215,-1,400.000,-1,400.000,-1,325.000,325.000,300.000,275.000,525.000,950.000,1000.000,-1,850.000,875.000,-1,-1,2,0,2,0,2,0,0,0,0,1,0,0,2,0,0,2,2
194,-4283.115,14754.281,21.023,135.056,-0.706505,-0.706363,0.043624,0.703801,-0.707736,-0.061423,0.074261,-0.012693,0.997158,0,0.74865,-0.12081,44.919,-0.242,-1,400.000,-1,400.000,-1,325.000,325.000,300.000,275.000,550.000,1000.000,-1,-1,875.000,900.000,-1,-1,2,0,2,0,2,0,0,0,0,1,0,2,2,0,0,2,2
195,-4314.918,14786.321,24.206,134.787,-0.703189,-0.709677,0.043394,0.707160,-0.704422,-0.060949,0.073822,-0.012172,0.997197,0,0.75241,-0.13430,45.144,-0.269,-1,400.000,-1,400.000,-1,325.000,325.000,300.000,275.000,575.000,-1,-1,-1,875.000,900.000,-1,-1,2,0,2,0,2,0,0,0,0,1,2,2,2,0,0,2,2
196,-4346.740,14818.714,27.423,134.491,-0.699521,-0.713317,0.043011,0.710867,-0.700747,-0.060180,0.073067,-0.011522,0.997260,0,0.75683,-0.14817,45.410,-0.296,-1,425.000,-1,400.000,-1,325.000,325.000,300.000,275.000,600.000,-1,-1,-1,875.000,900.000,-1,-1,2,0,2,0,2,0,0,0,0,1,2,2,2,0,0,2,2
197,-4378.591,14851.506,30.740,134.166,-0.695526,-0.717279,0.041883,0.714903,-0.696692,-0.059445,0.071818,-0.011404,0.997353,0,0.76190,-0.16244,45.714,-0.325,-1,425.000,-1,425.000,-1,325.000,325.000,300.000,275.000,650.000,-1,-1,-1,875.000,925.000,-1,-1,2,0,2,0,2,0,0,0,0,1,2,2,2,0,0,2,2
198,-4410.475,14884.741,34.006,133.812,-0.691139,-0.721574,0.040717,0.719273,-0.692246,-0.058665,0.070517,-0.011260,0.997447,0,0.76761,-0.17710,46.057,-0.354,-1,425.000,-1,425.000,-1,325.000,325.000,300.000,275.000,675.000,-1,-1,-1,900.000,925.000,-1,-1,2,0,2,0,2,0,0,0,0,1,2,2,2,0,0,2,2
199,-4445.444,14921.667,37.525,133.441,-0.686526,-0.726037,0.039394,0.723822,-0.687565,-0.057757,0.069020,-0.011138,0.997553,0,0.84761,-0.18530,50.857,-0.371,-1,425.000,-1,425.000,-1,325.000,325.000,300.000,275.000,700.000,-1,-1,-1,900.000,925.000,-1,-1,2,0,2,0,2,0,0,0,0,1,2,2,2,0,0,2,2
200,-4481.117,14959.851,41.045,133.052,-0.681653,-0.730689,0.037999,0.728563,-0.682622,-0.056773,0.067422,-0.011014,0.997664,0,0.87091,-0.19446,52.255,-0.389,-1,425.000,-1,425.000,-1,325.000,325.000,300.000,275.000,750.000,-1,-1,-1,900.000,925.000,-1,-1,2,0,2,0,2,0,0,0,0,1,2,2,2,0,0,2,2
201,-4516.554,14998.330,44.474,132.643,-0.676490,-0.735542,0.036585,0.733508,-0.677392,-0.055733,0.065776,-0.010868,0.997775,0,0.87185,-0.20442,52.311,-0.409,-1,425.000,-1,425.000,-1,325.000,350.000,300.000,275.000,775.000,-1,-1,-1,925.000,950.000,-1,-1,2,0,2,0,2,0,0,1,0,1,2,2,2,0,0,2,2
202,-4551.628,15036.978,47.698,132.225,-0.671163,-0.740472,0.035236,0.738561,-0.672008,-0.054156,0.063780,-0.010324,0.997911,0,0.86984,-0.20915,52.191,-0.418,-1,425.000,-1,425.000,-1,325.000,350.000,300.000,275.000,825.000,-1,-1,-1,925.000,950.000,-1,-1,2,0,2,0,2,0,0,1,0,1,2,2,2,0,0,2,2
203,-4586.227,15075.666,50.771,131.807,-0.665800,-0.745360,0.033895,0.743581,-0.666592,-0.052363,0.061624,-0.009660,0.998053,0,0.86505,-0.20901,51.903,-0.418,-1,425.000,-1,425.000,-1,350.000,350.000,300.000,275.000,875.000,-1,-1,-1,925.000,950.000,-1,-1,2,0,2,0,2,0,0,1,0,1,2,2,2,0,0,2,2
204,-4620.354,15114.390,53.736,131.388,-0.660394,-0.750214,0.032533,0.748563,-0.661134,-0.050551,0.059433,-0.009030,0.998191,0,0.86028,-0.20926,51.617,-0.419,-1,425.000,-1,425.000,-1,350.000,350.000,275.000,275.000,900.000,-1,-1,-1,925.000,975.000,-1,-1,2,0,2,0,2,0,0,0,0,1,2,2,2,0,0,2,2
205,-4654.012,15153.153,56.595,130.969,-0.654937,-0.755041,0.031151,0.753515,-0.655623,-0.048719,0.057208,-0.008435,0.998327,0,0.85560,-0.20987,51.336,-0.420,-1,425.000,-1,425.000,-1,350.000,350.000,275.000,275.000,950.000,-1,-1,-1,925.000,975.000,-1,-1,2,0,2,0,2,0,0,0,0,1,2,2,2,0,0,2,2
206,-4687.208,15191.955,59.404,130.547,-0.649427,-0.759849,0.029580,0.758448,-0.650051,-0.046802,0.054791,-0.007959,0.998466,0,0.85108,-0.21084,51.065,-0.422,-1,425.000,-1,425.000,-1,350.000,350.000,275.000,275.000,1000.000,-1,-1,-1,925.000,975.000,-1,-1,2,0,2,0,2,0,0,0,0,1,2,2,2,0,0,2,2
207,-4719.948,15230.804,62.126,130.123,-0.643843,-0.764645,0.028005,0.763368,-0.644409,-0.044793,0.052297,-0.007462,0.998604,0,0.84676,-0.21216,50.806,-0.424,-1,425.000,-1,425.000,-1,350.000,350.000,275.000,275.000,-1,-1,-1,-1,925.000,975.000,-1,-1,2,0,2,0,2,0,0,0,0,2,2,2,2,0,0,2,2
208,-4752.242,15269.709,64.730,129.695,-0.638177,-0.769436,0.026427,0.768275,-0.638685,-0.042828,0.049831,-0.007029,0.998733,0,0.84270,-0.21383,50.562,-0.428,-1,425.000,-1,425.000,-1,350.000,350.000,300.000,275.000,-1,-1,-1,-1,925.000,975.000,-1,-1,2,0,2,0,2,0,0,0,0,2,2,2,2,0,0,2,2
209,-4781.355,15305.016,66.996,129.507,-0.635709,-0.771524,0.024979,0.770461,-0.636163,-0.041075,0.047582,-0.006866,0.998844,0,0.76270,-0.09383,45.762,-0.188,-1,425.000,-1,425.000,-1,350.000,350.000,300.000,300.000,-1,-1,-1,-1,925.000,975.000,-1,-1,2,0,2,0,2,0,0,0,0,2,2,2,2,0,0,2,2
210,-4807.443,15336.596,68.948,129.560,-0.636465,-0.770942,0.023656,0.769960,-0.636867,-0.039526,0.045538,-0.006943,0.998938,0,0.68270,0.02617,40.962,0.052,-1,425.000,-1,425.000,-1,350.000,350.000,300.000,300.000,-1,-1,-1,-1,900.000,975.000,-1,-1,2,0,2,0,2,0,0,0,0,2,2,2,2,0,0,2,2
211,-4830.615,15364.358,70.563,129.852,-0.640448,-0.767680,0.022211,0.766766,-0.640790,-0.038176,0.043540,-0.007420,0.999024,0,0.60270,0.14617,36.162,0.292,-1,425.000,-1,425.000,-1,350.000,350.000,300.000,300.000,-1,-1,-1,-1,900.000,975.000,-1,-1,2,0,2,0,2,0,0,0,0,2,2,2,2,0,0,2,2
212,-4850.935,15388.246,71.924,130.384,-0.647602,-0.761690,0.020968,0.760832,-0.647892,-0.037018,0.041782,-0.008020,0.999095,0,0.52270,0.26617,31.362,0.532,-1,425.000,-1,425.000,-1,350.000,350.000,275.000,300.000,-1,-1,-1,-1,900.000,975.000,-1,-1,2,0,2,0,2,0,0,0,0,2,2,2,2,0,0,2,2
213,-4868.416,15408.245,73.049,131.157,-0.657853,-0.752883,0.019923,0.752070,-0.658096,-0.036050,0.040253,-0.008732,0.999151,0,0.44270,0.38617,26.562,0.772,-1,425.000,-1,425.000,-1,325.000,350.000,275.000,300.000,-1,-1,-1,-1,900.000,975.000,-1,-1,2,0,2,0,2,0,0,0,0,2,2,2,2,0,0,2,2
214,-4885.857,15427.500,74.125,132.169,-0.671092,-0.741133,0.018909,0.740362,-0.671290,-0.035116,0.038719,-0.009567,0.999204,0,0.43299,0.50617,25.979,1.012,-1,425.000,-1,425.000,-1,325.000,325.000,275.000,300.000,-1,-1,-1,-1,875.000,975.000,-1,-1,2,0,2,0,2,0,0,0,0,2,2,2,2,0,0,2,2
215,-4903.735,15446.391,75.180,133.421,-0.687169,-0.726277,0.017901,0.725547,-0.687321,-0.034220,0.037157,-0.010527,0.999254,0,0.43350,0.62617,26.010,1.252,-1,425.000,-1,425.000,-1,325.000,325.000,275.000,300.000,-1,-1,-1,-1,875.000,975.000,-1,-1,2,0,2,0,2,0,0,0,0,2,2,2,2,0,0,2,2
216,-4922.136,15464.848,76.211,134.914,-0.705887,-0.708123,0.016905,0.707432,-0.705995,-0.033338,0.035543,-0.011574,0.999301,0,0.43437,0.74617,26.062,1.492,-1,425.000,-1,425.000,-1,325.000,325.000,275.000,300.000,-1,-1,-1,-1,875.000,975.000,-1,-1,2,0,2,0,2,0,0,0,0,2,2,2,2,0,0,2,2
217,-4941.139,15482.789,77.112,136.646,-0.726991,-0.686450,0.016413,0.685795,-0.727073,-0.032404,0.034177,-0.012302,0.999340,0,0.43558,0.86617,26.135,1.732,-1,400.000,-1,425.000,-1,325.000,325.000,275.000,300.000,-1,-1,-1,-1,850.000,975.000,-1,-1,2,0,2,0,2,0,0,0,0,2,2,2,2,0,0,2,2
218,-4960.818,15500.127,77.973,138.618,-0.750203,-0.661014,0.016004,0.660394,-0.750261,-0.031442,0.032791,-0.013019,0.999377,0,0.43711,0.98617,26.226,1.972,-1,400.000,-1,425.000,-1,325.000,325.000,275.000,300.000,-1,-1,-1,-1,850.000,975.000,-1,-1,2,0,2,0,2,0,0,0,0,2,2,2,2,0,0,2,2
219,-4984.707,15519.924,78.951,140.351,-0.769858,-0.638028,0.015474,0.637451,-0.769896,-0.030268,0.031225,-0.013438,0.999422,0,0.51711,0.86617,31.026,1.732,-1,400.000,-1,425.000,-1,325.000,325.000,275.000,300.000,-1,-1,-1,-1,850.000,975.000,-1,-1,2,0,2,0,2,0,0,0,0,2,2,2,2,0,0,2,2
220,-5012.878,15542.058,80.028,141.843,-0.786227,-0.617759,0.014825,0.617233,-0.786250,-0.028884,0.029499,-0.013558,0.999473,0,0.59711,0.74617,35.826,1.492,-1,400.000,-1,425.000,-1,325.000,325.000,300.000,300.000,-1,-1,-1,-1,850.000,975.000,-1,-1,2,0,2,0,2,0,0,0,0,2,2,2,2,0,0,2,2
221,-5045.364,15566.453,81.183,143.096,-0.799554,-0.600429,0.014063,0.599958,-0.799566,-0.027292,0.027631,-0.013384,0.999529,0,0.67711,0.62617,40.626,1.252,-1,400.000,-1,425.000,-1,325.000,325.000,300.000,300.000,-1,-1,-1,-1,825.000,975.000,-1,-1,2,0,2,0,2,0,0,0,0,2,2,2,2,0,0,2,2
222,-5082.165,15593.085,82.394,144.108,-0.810050,-0.586212,0.013190,0.585800,-0.810054,-0.025514,0.025641,-0.012940,0.999587,0,0.75711,0.50617,45.426,1.012,-1,400.000,-1,425.000,-1,325.000,325.000,300.000,300.000,-1,-1,-1,-1,825.000,950.000,-1,-1,2,0,2,0,2,0,0,0,0,2,2,2,2,0,0,2,2
223,-5123.248,15621.979,83.635,144.880,-0.817890,-0.575245,0.012213,0.574893,-0.817889,-0.023560,0.023541,-0.012248,0.999648,0,0.83711,0.38617,50.226,0.772,-1,400.000,-1,425.000,-1,325.000,325.000,300.000,300.000,-1,-1,-1,-1,825.000,950.000,-1,-1,2,0,2,0,2,0,0,0,0,2,2,2,2,0,0,2,2
224,-5168.549,15653.216,84.892,145.413,-0.823210,-0.567627,0.011176,0.567335,-0.823208,-0.021430,0.021364,-0.011301,0.999708,0,0.91711,0.26617,55.026,0.532,-1,400.000,-1,425.000,-1,325.000,325.000,300.000,300.000,-1,-1,-1,-1,825.000,950.000,-1,-1,2,0,2,0,2,0,0,0,0,2,2,2,2,0,0,2,2
225,-5214.547,15684.588,86.069,145.705,-0.826103,-0.563427,0.010225,0.563189,-0.826104,-0.019273,0.019306,-0.010163,0.999762,0,0.92798,0.14617,55.679,0.292,-1,400.000,-1,425.000,-1,325.000,325.000,300.000,300.000,-1,-1,-1,-1,800.000,950.000,-1,-1,2,0,2,0,2,0,0,0,0,2,2,2,2,0,0,2,2
226,-5260.522,15715.883,86.976,145.757,-0.826622,-0.562681,0.009228,0.562505,-0.826632,-0.016390,0.016850,-0.008358,0.999823,0,0.92692,0.02617,55.615,0.052,-1,400.000,-1,425.000,-1,325.000,325.000,300.000,300.000,-1,-1,-1,-1,800.000,925.000,-1,-1,2,0,2,0,2,0,0,0,0,2,2,2,2,0,0,2,2
227,-5306.342,15747.292,87.783,145.570,-0.824780,-0.565393,0.008249,0.565268,-0.824796,-0.013583,0.014483,-0.006541,0.999874,0,0.92586,-0.09383,55.552,-0.188,-1,400.000,-1,425.000,-1,325.000,325.000,300.000,300.000,-1,-1,-1,-1,800.000,925.000,-1,-1,2,0,2,0,2,0,0,0,0,2,2,2,2,0,0,2,2
228,-5351.877,15779.009,88.497,145.142,-0.820542,-0.571539,0.007265,0.571456,-0.820561,-0.010867,0.012173,-0.004765,0.999915,0,0.92488,-0.21383,55.493,-0.428,-1,400.000,-1,425.000,-1,325.000,325.000,300.000,300.000,-1,-1,-1,-1,800.000,925.000,-1,-1,2,0,2,0,2,0,0,0,0,2,2,2,2,0,0,2,2
229,-5396.999,15811.225,89.118,144.474,-0.813832,-0.581066,0.006296,0.581016,-0.813851,-0.008238,0.009911,-0.003046,0.999946,0,0.92404,-0.33383,55.442,-0.668,-1,400.000,-1,425.000,-1,325.000,325.000,300.000,300.000,-1,-1,-1,-1,800.000,900.000,-1,-1,2,0,2,0,2,0,0,0,0,2,2,2,2,0,0,2,2
230,-5441.575,15844.129,89.602,143.567,-0.804530,-0.593887,0.005369,0.593860,-0.804547,-0.005897,0.007822,-0.001556,0.999968,0,0.92340,-0.45383,55.404,-0.908,-1,400.000,-1,425.000,-1,325.000,325.000,300.000,300.000,-1,-1,-1,-1,775.000,900.000,-1,-1,2,0,2,0,2,0,0,0,0,2,2,2,2,0,0,2,2
231,-5485.466,15877.906,89.997,142.419,-0.792479,-0.609883,0.004474,0.609872,-0.792491,-0.003785,0.005854,-0.000271,0.999983,0,0.92306,-0.57383,55.384,-1.148,-1,400.000,-1,425.000,-1,325.000,325.000,300.000,300.000,-1,-1,-1,-1,775.000,875.000,-1,-1,2,0,2,0,2,0,0,0,0,2,2,2,2,0,0,2,2
232,-5528.527,15912.737,90.315,141.031,-0.777481,-0.628896,0.003600,0.628894,-0.777489,-0.001804,0.003933,0.000861,0.999992,0,0.92308,-0.69383,55.385,-1.388,-1,400.000,-1,425.000,-1,325.000,325.000,300.000,300.000,-1,-1,-1,-1,775.000,875.000,-1,-1,2,0,2,0,2,0,0,0,0,2,2,2,2,0,0,2,2
233,-5570.602,15948.795,90.536,139.404,-0.759308,-0.650725,0.002743,0.650728,-0.759311,0.000128,0.002000,0.001882,0.999996,0,0.92353,-0.81383,55.412,-1.628,-1,400.000,-1,425.000,-1,325.000,325.000,300.000,300.000,-1,-1,-1,-1,775.000,875.000,-1,-1,2,0,2,0,2,0,0,0,0,2,2,2,2,0,0,2,2
234,-5611.522,15986.245,90.659,137.536,-0.737701,-0.675125,0.001903,0.675127,-0.737698,0.002003,0.000052,0.002762,0.999996,0,0.92450,-0.93383,55.470,-1.868,-1,400.000,-1,425.000,-1,325.000,325.000,300.000,300.000,-1,-1,-1,-1,775.000,875.000,-1,-1,2,0,2,0,2,0,0,0,0,2,2,2,2,0,0,2,2
235,-5647.915,16021.501,90.708,135.908,-0.718230,-0.695805,0.001135,0.695803,-0.718223,0.003734,-0.001783,0.003471,0.999992,0,0.84450,-0.81383,50.670,-1.628,-1,400.000,-1,425.000,-1,325.000,325.000,300.000,300.000,-1,-1,-1,-1,775.000,850.000,-1,-1,2,0,2,0,2,0,0,0,0,2,2,2,2,0,0,2,2
236,-5680.127,16054.257,90.633,134.521,-0.701171,-0.712993,0.000099,0.712983,-0.701161,0.005261,-0.003681,0.003760,0.999986,0,0.76568,-0.69383,45.941,-1.388,-1,400.000,-1,425.000,-1,325.000,325.000,300.000,300.000,-1,-1,-1,-1,775.000,850.000,-1,-1,2,0,2,0,2,0,0,0,0,2,2,2,2,0,0,2,2
237,-5711.774,16087.755,90.465,133.373,-0.686749,-0.726893,-0.001136,0.726872,-0.686740,0.006730,-0.005672,0.003796,0.999977,0,0.76805,-0.57383,46.083,-1.148,-1,400.000,-1,400.000,-1,325.000,325.000,300.000,300.000,-1,-1,-1,-1,775.000,850.000,-1,-1,2,0,2,0,2,0,0,0,0,2,2,2,2,0,0,2,2
238,-5743.003,16121.876,90.246,132.465,-0.675146,-0.737681,-0.002355,0.737645,-0.675139,0.008166,-0.007614,0.003776,0.999964,0,0.77091,-0.45383,46.255,-0.908,-1,400.000,-1,400.000,-1,325.000,325.000,300.000,300.000,-1,-1,-1,-1,775.000,825.000,-1,-1,2,0,2,0,2,0,0,0,0,2,2,2,2,0,0,2,2
239,-5773.962,16156.505,89.918,131.798,-0.666501,-0.745497,-0.003288,0.745446,-0.666497,0.009581,-0.009334,0.003934,0.999949,0,0.77417,-0.33383,46.450,-0.668,-1,400.000,-1,400.000,-1,325.000,325.000,300.000,300.000,-1,-1,-1,-1,750.000,825.000,-1,-1,2,0,2,0,2,0,0,0,0,2,2,2,2,0,0,2,2
240,-5804.715,16191.605,89.431,131.223,-0.658995,-0.752138,-0.003726,0.752071,-0.658991,0.010983,-0.010716,0.004436,0.999933,0,0.77777,-0.28711,46.666,-0.574,-1,400.000,-1,400.000,-1,325.000,325.000,300.000,300.000,-1,-1,-1,-1,750.000,825.000,-1,-1,2,0,2,0,2,0,0,0,0,2,2,2,2,0,0,2,2
241,-5835.258,16227.193,88.970,130.637,-0.651265,-0.758841,-0.003751,0.758759,-0.651255,0.012363,-0.011825,0.005206,0.999917,0,0.78163,-0.29326,46.898,-0.587,-1,400.000,-1,400.000,-1,325.000,325.000,300.000,300.000,-1,-1,-1,-1,750.000,800.000,-1,-1,2,0,2,0,2,0,0,0,0,2,2,2,2,0,0,2,2
242,-5865.584,16263.287,88.496,130.038,-0.643300,-0.765606,-0.003555,0.765507,-0.643281,0.013703,-0.012778,0.006094,0.999900,0,0.78571,-0.29955,47.143,-0.599,-1,400.000,-1,400.000,-1,325.000,325.000,300.000,300.000,-1,-1,-1,-1,750.000,800.000,-1,-1,2,0,2,0,2,0,0,0,0,2,2,2,2,0,0,2,2
243,-5895.688,16299.901,87.975,129.426,-0.635094,-0.772428,-0.003324,0.772313,-0.635065,0.014991,-0.013691,0.006954,0.999882,0,0.79001,-0.30595,47.401,-0.612,-1,400.000,-1,400.000,-1,325.000,325.000,300.000,300.000,-1,-1,-1,-1,750.000,800.000,-1,-1,2,0,2,0,2,0,0,0,0,2,2,2,2,0,0,2,2
244,-5928.236,16340.712,87.346,128.574,-0.623548,-0.781779,-0.003043,0.781648,-0.623506,0.016345,-0.014675,0.007814,0.999862,0,0.87001,-0.42595,52.201,-0.852,-1,400.000,-1,400.000,-1,325.000,325.000,300.000,300.000,-1,-1,-1,-1,750.000,800.000,-1,-1,2,0,2,0,2,0,0,0,0,2,2,2,2,0,0,2,2
245,-5962.793,16385.776,86.601,127.482,-0.608546,-0.793514,-0.002710,0.793363,-0.608491,0.017700,-0.015694,0.008622,0.999840,0,0.94648,-0.54595,56.789,-1.092,-1,400.000,-1,400.000,-1,325.000,325.000,300.000,300.000,-1,-1,-1,-1,725.000,775.000,-1,-1,2,0,2,0,2,0,0,0,0,2,2,2,2,0,0,2,2
246,-5996.479,16431.495,85.831,126.383,-0.593216,-0.805039,-0.002511,0.804869,-0.593150,0.018920,-0.016720,0.009203,0.999818,0,0.94648,-0.54971,56.789,-1.099,-1,400.000,-1,400.000,-1,325.000,325.000,300.000,300.000,-1,-1,-1,-1,725.000,775.000,-1,-1,2,0,2,0,2,0,0,0,0,2,2,2,2,0,0,2,2
247,-6029.281,16477.852,85.002,125.283,-0.577669,-0.816268,-0.002289,0.816081,-0.577592,0.020003,-0.017650,0.009687,0.999797,0,0.94648,-0.54971,56.789,-1.099,-1,400.000,-1,400.000,-1,325.000,325.000,300.000,300.000,-1,-1,-1,-1,725.000,750.000,-1,-1,2,0,2,0,2,0,0,0,0,2,2,2,2,0,0,2,2
248,-6061.187,16524.830,84.018,124.184,-0.561903,-0.827200,-0.002188,0.827004,-0.561823,0.020485,-0.018174,0.009701,0.999788,0,0.94648,-0.54971,56.789,-1.099,-1,375.000,-1,400.000,-1,325.000,325.000,300.000,300.000,-1,-1,-1,-1,725.000,750.000,-1,-1,2,0,2,0,2,0,0,0,0,2,2,2,2,0,0,2,2
249,-6092.187,16572.411,82.960,123.084,-0.545928,-0.837829,-0.002115,0.837627,-0.545849,0.020756,-0.018544,0.009559,0.999782,0,0.94648,-0.54971,56.789,-1.099,-1,375.000,-1,400.000,-1,325.000,325.000,300.000,300.000,-1,-1,-1,-1,725.000,750.000,-1,-1,2,0,2,0,2,0,0,0,0,2,2,2,2,0,0,2,2
250,-6122.267,16620.579,81.884,121.985,-0.529755,-0.848149,-0.001878,0.847944,-0.529673,0.020922,-0.018740,0.009491,0.999779,0,0.94648,-0.54971,56.789,-1.099,-1,375.000,-1,400.000,-1,325.000,325.000,300.000,300.000,-1,-1,-1,-1,725.000,725.000,-1,-1,2,0,2,0,2,0,0,0,0,2,2,2,2,0,0,2,2
251,-6151.418,16669.314,80.797,120.886,-0.513388,-0.858156,-0.001450,0.857952,-0.513301,0.020971,-0.018741,0.009522,0.999779,0,0.94648,-0.54971,56.789,-1.099,-1,375.000,-1,400.000,-1,325.000,325.000,300.000,300.000,-1,-1,-1,-1,725.000,725.000,-1,-1,2,0,2,0,2,0,0,0,0,2,2,2,2,0,0,2,2
252,-6179.629,16718.600,79.763,119.786,-0.496837,-0.867843,-0.000825,0.867637,-0.496739,0.021369,-0.018954,0.009901,0.999771,0,0.94648,-0.54971,56.789,-1.099,-1,375.000,-1,400.000,-1,325.000,325.000,300.000,300.000,-1,-1,-1,-1,700.000,725.000,-1,-1,2,0,2,0,2,0,0,0,0,2,2,2,2,0,0,2,2
253,-6206.889,16768.419,78.747,118.687,-0.480108,-0.877210,-0.000056,0.876998,-0.479993,0.021931,-0.019264,0.010480,0.999759,0,0.94648,-0.54971,56.789,-1.099,-1,375.000,-1,400.000,-1,325.000,325.000,300.000,300.000,-1,-1,-1,-1,700.000,700.000,-1,-1,2,0,2,0,2,0,0,0,0,2,2,2,2,0,0,2,2
254,-6233.187,16818.751,77.701,117.587,-0.463202,-0.886252,0.000765,0.886038,-0.463070,0.022424,-0.019519,0.011065,0.999748,0,0.94648,-0.54971,56.789,-1.099,-1,375.000,-1,375.000,-1,325.000,325.000,300.000,300.000,-1,-1,-1,-1,700.000,700.000,-1,-1,2,0,2,0,2,0,0,0,0,2,2,2,2,0,0,2,2
255,-6258.516,16869.578,76.628,116.488,-0.446126,-0.894968,0.001632,0.894753,-0.445977,0.022847,-0.019719,0.011653,0.999738,0,0.94648,-0.54971,56.789,-1.099,-1,375.000,-1,375.000,-1,325.000,325.000,300.000,300.000,-1,-1,-1,-1,700.000,700.000,-1,-1,2,0,2,0,2,0,0,0,0,2,2,2,2,0,0,2,2
256,-6282.864,16920.882,75.526,115.388,-0.428887,-0.903354,0.002546,0.903140,-0.428720,0.023194,-0.019861,0.012247,0.999728,0,0.94648,-0.54971,56.789,-1.099,-1,375.000,-1,375.000,-1,325.000,300.000,300.000,300.000,-1,-1,-1,-1,675.000,675.000,-1,-1,2,0,2,0,2,0,0,0,0,2,2,2,2,0,0,2,2
257,-6306.223,16972.644,74.398,114.289,-0.411490,-0.911407,0.003494,0.911196,-0.411305,0.023465,-0.019949,0.012839,0.999719,0,0.94648,-0.54971,56.789,-1.099,-1,375.000,-1,375.000,-1,300.000,300.000,300.000,300.000,-1,-1,-1,-1,675.000,675.000,-1,-1,2,0,2,0,2,0,0,0,0,2,2,2,2,0,0,2,2
258,-6328.585,17024.844,73.489,113.190,-0.393923,-0.919135,0.003904,0.918941,-0.393743,0.022668,-0.019298,0.012517,0.999735,0,0.94648,-0.54971,56.789,-1.099,-1,375.000,-1,375.000,-1,300.000,300.000,300.000,300.000,-1,-1,-1,-1,675.000,675.000,-1,-1,2,0,2,0,2,0,0,0,0,2,2,2,2,0,0,2,2
259,-6348.108,17073.213,72.809,111.980,-0.374412,-0.927254,0.003846,0.927084,-0.374256,0.021172,-0.018192,0.011493,0.999768,0,0.86934,-0.60484,52.160,-1.210,-1,375.000,-1,375.000,-1,300.000,300.000,300.000,300.000,-1,-1,-1,-1,675.000,675.000,-1,-1,2,0,2,0,2,0,0,0,0,2,2,2,2,0,0,2,2
260,-6366.605,17121.984,72.110,110.770,-0.354735,-0.934960,0.003712,0.934811,-0.354601,0.019665,-0.017070,0.010446,0.999800,0,0.86934,-0.60484,52.160,-1.210,-1,375.000,-1,375.000,-1,300.000,300.000,300.000,300.000,-1,-1,-1,-1,675.000,675.000,-1,-1,2,0,2,0,2,0,0,0,0,2,2,2,2,0,0,2,2
261,-6384.068,17171.134,71.478,109.560,-0.334905,-0.942244,0.003790,0.942115,-0.334786,0.018371,-0.016041,0.009723,0.999824,0,0.86934,-0.60484,52.160,-1.210,-1,375.000,-1,375.000,-1,300.000,300.000,300.000,300.000,-1,-1,-1,-1,675.000,675.000,-1,-1,2,0,2,0,2,0,0,0,0,2,2,2,2,0,0,2,2
262,-6400.490,17220.642,71.114,108.351,-0.314938,-0.949098,0.005198,0.949008,-0.314818,0.016568,-0.014088,0.010151,0.999849,0,0.86934,-0.60484,52.160,-1.210,-1,375.000,-1,375.000,-1,300.000,300.000,300.000,300.000,-1,-1,-1,-1,675.000,675.000,-1,-1,2,0,2,0,2,0,0,0,0,2,2,2,2,0,0,2,2
263,-6415.863,17270.485,70.737,107.141,-0.294827,-0.955528,0.006527,0.955474,-0.294709,0.014714,-0.012136,0.010574,0.999870,0,0.86934,-0.60484,52.160,-1.210,-1,375.000,-1,375.000,-1,300.000,300.000,300.000,300.000,-1,-1,-1,-1,675.000,675.000,-1,-1,2,0,2,0,2,0,0,0,0,2,2,2,2,0,0,2,2
264,-6430.180,17320.642,70.348,105.931,-0.274580,-0.961533,0.007772,0.961510,-0.274470,0.012811,-0.010185,0.010990,0.999888,0,0.86934,-0.60484,52.160,-1.210,-1,375.000,-1,375.000,-1,300.000,300.000,300.000,300.000,-1,-1,-1,-1,675.000,675.000,-1,-1,2,0,2,0,2,0,0,0,0,2,2,2,2,0,0,2,2
265,-6443.435,17371.090,69.946,104.722,-0.254207,-0.967109,0.008931,0.967115,-0.254108,0.010863,-0.008236,0.011398,0.999901,0,0.86934,-0.60484,52.160,-1.210,-1,375.000,-1,375.000,-1,300.000,300.000,300.000,300.000,-1,950.000,875.000,-1,675.000,675.000,-1,-1,2,0,2,0,2,0,0,0,0,2,0,0,2,0,0,2,2
266,-6455.623,17421.807,69.532,103.512,-0.233717,-0.972253,0.010000,0.972284,-0.233633,0.008875,-0.006292,0.011797,0.999911,0,0.86934,-0.60484,52.160,-1.210,-1,375.000,-1,375.000,-1,300.000,300.000,300.000,300.000,-1,825.000,775.000,-1,675.000,675.000,-1,-1,2,0,2,0,2,0,0,0,0,2,0,0,2,0,0,2,2
267,-6466.737,17472.769,69.107,102.302,-0.213120,-0.976964,0.010976,0.977016,-0.213054,0.006850,-0.004354,0.012183,0.999916,0,0.86934,-0.60484,52.160,-1.210,-1,375.000,-1,375.000,-1,325.000,300.000,300.000,300.000,-1,725.000,725.000,-1,675.000,675.000,-1,-1,2,0,2,0,2,0,0,0,0,2,0,0,2,0,0,2,2
268,-6476.772,17523.955,68.669,101.093,-0.192425,-0.981240,0.011856,0.981309,-0.192381,0.004793,-0.002422,0.012557,0.999918,0,0.86934,-0.60484,52.160,-1.210,-1,375.000,-1,375.000,-1,300.000,300.000,300.000,300.000,-1,650.000,675.000,-1,675.000,675.000,-1,-1,2,0,2,0,2,0,0,0,0,2,0,0,2,0,0,2,2
269,-6485.725,17575.341,68.221,99.883,-0.171642,-0.985078,0.012639,0.985159,-0.171622,0.002709,-0.000499,0.012916,0.999916,0,0.86934,-0.60484,52.160,-1.210,-1,375.000,-1,375.000,-1,300.000,300.000,300.000,300.000,-1,575.000,600.000,-1,675.000,675.000,-1,-1,2,0,2,0,2,0,0,0,0,2,0,0,2,0,0,2,2
270,-6493.591,17626.905,67.761,98.673,-0.150781,-0.988477,0.013320,0.988566,-0.150786,0.000601,0.001414,0.013258,0.999911,0,0.86934,-0.60484,52.160,-1.210,-1,375.000,-1,375.000,-1,300.000,300.000,300.000,275.000,-1,525.000,525.000,-1,675.000,675.000,-1,-1,2,0,2,0,2,0,0,0,0,2,0,0,2,0,0,2,2
271,-6500.366,17678.624,67.359,97.464,-0.129854,-0.991440,0.013620,0.991528,-0.129884,-0.001356,0.003114,0.013328,0.999906,0,0.86934,-0.60484,52.160,-1.210,-1,375.000,-1,375.000,-1,300.000,300.000,300.000,275.000,-1,475.000,475.000,-1,675.000,675.000,-1,-1,2,0,2,0,2,0,0,0,0,2,0,0,2,0,0,2,2
272,-6506.048,17730.474,67.454,96.254,-0.108876,-0.993983,0.012005,0.994043,-0.108927,-0.003681,0.004966,0.011533,0.999921,0,0.86934,-0.60484,52.160,-1.210,-1,375.000,-1,375.000,-1,300.000,300.000,300.000,300.000,-1,450.000,450.000,-1,675.000,675.000,-1,-1,2,0,2,0,2,0,0,0,0,2,0,0,2,0,0,2,2
273,-6510.634,17782.432,68.190,95.044,-0.087847,-0.996060,0.012131,0.996113,-0.087918,-0.005494,0.006539,0.011601,0.999911,0,0.86934,-0.60484,52.160,-1.210,-1,375.000,-1,375.000,-1,300.000,300.000,300.000,300.000,-1,475.000,475.000,-1,700.000,675.000,-1,-1,2,0,2,0,2,0,0,0,0,2,0,0,2,0,0,2,2
274,-6514.123,17834.476,69.020,93.835,-0.066775,-0.997691,0.012398,0.997734,-0.066870,-0.007462,0.008274,0.011871,0.999895,0,0.86934,-0.60484,52.160,-1.210,-1,375.000,-1,375.000,-1,300.000,300.000,300.000,300.000,-1,475.000,475.000,-1,700.000,675.000,-1,-1,2,0,2,0,2,0,0,0,0,2,0,0,2,0,0,2,2
275,-6516.512,17886.581,69.836,92.625,-0.045672,-0.998877,0.012582,0.998906,-0.045793,-0.009439,0.010005,0.012137,0.999876,0,0.86934,-0.60484,52.160,-1.210,-1,375.000,-1,375.000,-1,300.000,300.000,300.000,300.000,-1,500.000,500.000,-1,700.000,700.000,-1,-1,2,0,2,0,2,0,0,0,0,2,0,0,2,0,0,2,2
276,-6517.800,17938.726,70.638,91.415,-0.024549,-0.999618,0.012683,0.999630,-0.024694,-0.011423,0.011732,0.012398,0.999854,0,0.86934,-0.60484,52.160,-1.210,-1,375.000,-1,375.000,-1,300.000,300.000,300.000,300.000,-1,500.000,500.000,-1,700.000,700.000,-1,-1,2,0,2,0,2,0,0,0,0,2,0,0,2,0,0,2,2
277,-6517.987,17990.886,71.426,90.205,-0.003415,-0.999914,0.012701,0.999904,-0.003586,-0.013411,0.013456,0.012654,0.999829,0,0.86934,-0.60484,52.160,-1.210,-1,375.000,-1,375.000,-1,300.000,300.000,300.000,300.000,-1,500.000,500.000,-1,725.000,700.000,-1,-1,2,0,2,0,2,0,0,0,0,2,0,0,2,0,0,2,2
278,-6517.073,18043.038,72.199,88.996,0.017720,-0.999763,0.012636,0.999728,0.017525,-0.015402,0.015176,0.012906,0.999802,0,0.86934,-0.60484,52.160,-1.210,-1,375.000,-1,375.000,-1,325.000,300.000,300.000,300.000,-1,525.000,500.000,-1,725.000,725.000,-1,-1,2,0,2,0,2,0,0,0,0,2,0,0,2,0,0,2,2
279,-6515.058,18095.160,72.958,87.786,0.038847,-0.999167,0.012488,0.999102,0.038627,-0.017391,0.016894,0.013152,0.999771,0,0.86934,-0.60484,52.160,-1.210,-1,375.000,-1,375.000,-1,325.000,325.000,300.000,300.000,-1,525.000,525.000,-1,725.000,725.000,-1,-1,2,0,2,0,2,0,0,0,0,2,0,0,2,0,0,2,2
280,-6511.943,18147.227,73.702,86.576,0.059956,-0.998126,0.012257,0.998028,0.059712,-0.019378,0.018610,0.013394,0.999737,0,0.86934,-0.60484,52.160,-1.210,-1,375.000,-1,375.000,-1,325.000,325.000,300.000,300.000,-1,525.000,525.000,-1,725.000,725.000,-1,-1,2,0,2,0,2,0,0,0,0,2,0,0,2,0,0,2,2
281,-6507.730,18199.217,74.431,85.367,0.081038,-0.996639,0.011943,0.996504,0.080771,-0.021359,0.020323,0.013632,0.999701,0,0.86934,-0.60484,52.160,-1.210,-1,375.000,-1,375.000,-1,325.000,325.000,300.000,300.000,-1,525.000,525.000,-1,750.000,750.000,-1,-1,2,0,2,0,2,0,0,0,0,2,0,0,2,0,0,2,2
282,-6502.420,18251.107,75.162,84.157,0.102081,-0.994710,0.011477,0.994531,0.101793,-0.023377,0.022085,0.013801,0.999661,0,0.86934,-0.60484,52.160,-1.210,-1,400.000,-1,400.000,-1,325.000,325.000,300.000,300.000,-1,500.000,500.000,-1,750.000,750.000,-1,-1,2,0,2,0,2,0,0,0,0,2,0,0,2,0,0,2,2
283,-6496.016,18302.873,75.893,82.947,0.123077,-0.992338,0.010870,0.992110,0.122770,-0.025417,0.023888,0.013913,0.999618,0,0.86934,-0.60484,52.160,-1.210,-1,400.000,-1,400.000,-1,325.000,325.000,300.000,300.000,-1,450.000,450.000,-1,-1,750.000,-1,-1,2,0,2,0,2,0,0,0,0,2,0,0,2,2,0,2,2
284,-6488.520,18354.492,76.816,81.738,0.144030,-0.989510,0.011165,0.989258,0.143690,-0.026848,0.024962,0.014911,0.999577,0,0.86934,-0.60484,52.160,-1.210,-1,400.000,-1,400.000,-1,325.000,325.000,300.000,300.000,-1,450.000,450.000,-1,-1,775.000,-1,-1,2,0,2,0,2,0,0,0,0,2,0,0,2,2,0,2,2
285,-6479.937,18405.941,77.904,80.528,0.164916,-0.986239,0.011667,0.985980,0.164545,-0.027708,0.025407,0.016072,0.999548,0,0.86934,-0.60484,52.160,-1.210,-1,400.000,-1,400.000,-1,325.000,325.000,300.000,300.000,-1,475.000,450.000,-1,-1,-1,-1,-1,2,0,2,0,2,0,0,0,0,2,0,0,2,2,2,2,2
286,-6470.268,18457.198,79.206,79.318,0.185699,-0.982540,0.011443,0.982285,0.185329,-0.027723,0.025118,0.016388,0.999550,0,0.86934,-0.60484,52.160,-1.210,-1,400.000,-1,400.000,-1,325.000,325.000,300.000,300.000,-1,525.000,525.000,-1,-1,-1,-1,-1,2,0,2,0,2,0,0,0,0,2,0,0,2,2,2,2,2
287,-6459.521,18508.239,80.484,78.109,0.206401,-0.978403,0.011259,0.978153,0.206029,-0.027720,0.024802,0.016734,0.999552,0,0.86934,-0.60484,52.160,-1.210,-1,400.000,-1,400.000,-1,325.000,325.000,300.000,300.000,-1,575.000,575.000,-1,-1,-1,-1,-1,2,0,2,0,2,0,0,0,0,2,0,0,2,2,2,2,2
288,-6447.697,18559.041,81.737,76.899,0.227010,-0.973829,0.011117,0.973585,0.226637,-0.027703,0.024459,0.017112,0.999554,0,0.86934,-0.60484,52.160,-1.210,-1,400.000,-1,400.000,-1,325.000,325.000,300.000,300.000,-1,650.000,625.000,-1,-1,-1,-1,-1,2,0,2,0,2,0,0,0,0,2,0,0,2,2,2,2,2
289,-6434.804,18609.583,82.965,75.689,0.247519,-0.968820,0.011021,0.968584,0.247144,-0.027673,0.024086,0.017524,0.999556,0,0.86934,-0.60484,52.160,-1.210,-1,400.000,-1,400.000,-1,325.000,325.000,300.000,300.000,-1,700.000,675.000,-1,-1,-1,-1,-1,2,0,2,0,2,0,0,0,0,2,0,0,2,2,2,2,2
290,-6422.323,18655.269,84.059,74.720,0.263880,-0.964493,0.010982,0.964263,0.263502,-0.027632,0.023757,0.017881,0.999558,0,0.78934,-0.48484,47.360,-0.970,-1,-1,-1,400.000,-1,325.000,325.000,300.000,300.000,-1,750.000,725.000,-1,-1,-1,-1,-1,2,2,2,0,2,0,0,0,0,2,0,0,2,2,2,2,2
291,-6410.584,18696.179,85.027,73.990,0.276142,-0.961054,0.010988,0.960830,0.275763,-0.027586,0.023481,0.018176,0.999559,0,0.70934,-0.36484,42.560,-0.730,-1,-1,-1,400.000,-1,325.000,325.000,300.000,300.000,-1,800.000,775.000,-1,-1,-1,-1,-1,2,2,2,0,2,0,0,0,0,2,0,0,2,2,2,2,2
292,-6399.737,18732.348,85.874,73.305,0.287605,-0.957686,0.011023,0.957468,0.287223,-0.027539,0.023207,0.018475,0.999560,0,0.62934,-0.34226,37.760,-0.685,-1,-1,-1,400.000,-1,325.000,325.000,300.000,300.000,-1,825.000,800.000,-1,-1,-1,-1,-1,2,2,2,0,2,0,0,0,0,2,0,0,2,2,2,2,2
293,-6388.539,18768.127,86.704,72.621,0.299027,-0.954180,0.011087,0.953969,0.298642,-0.027487,0.022917,0.018797,0.999561,0,0.62485,-0.34226,37.491,-0.685,-1,-1,-1,-1,-1,-1,325.000,300.000,300.000,-1,875.000,850.000,-1,-1,-1,-1,-1,2,2,2,2,2,2,0,0,0,2,0,0,2,2,2,2,2
294,-6376.914,18803.770,87.521,71.936,0.310407,-0.950538,0.011182,0.950335,0.310018,-0.027432,0.022608,0.019142,0.999561,0,0.62485,-0.34226,37.491,-0.685,-1,-1,-1,-1,-1,-1,-1,300.000,300.000,-1,925.000,900.000,-1,-1,-1,-1,-1,2,2,2,2,2,2,2,0,0,2,0,0,2,2,2,2,2
295,-6364.864,18839.271,88.326,71.252,0.321743,-0.946760,0.011309,0.946565,0.321350,-0.027373,0.022281,0.019511,0.999561,0,0.62485,-0.34226,37.491,-0.685,-1,-1,-1,-1,-1,-1,-1,300.000,300.000,-1,975.000,925.000,-1,-1,-1,-1,-1,2,2,2,2,2,2,2,0,0,2,0,0,2,2,2,2,2
296,-6352.391,18874.626,89.132,70.567,0.333031,-0.942846,0.011438,0.942661,0.332635,-0.027262,0.021899,0.019861,0.999563,0,0.62485,-0.34226,37.491,-0.685,-1,-1,-1,-1,-1,-1,-1,300.000,300.000,-1,-1,975.000,-1,-1,-1,-1,-1,2,2,2,2,2,2,2,0,0,2,2,0,2,2,2,2,2
297,-6339.496,18898.502,89.642,69.883,0.344271,-0.938800,0.011518,0.938624,0.343874,-0.027125,0.021504,0.020149,0.999566,0,0.62485,-0.34226,37.491,-0.685,-1,-1,-1,-1,-1,-1,-1,300.000,300.000,-1,-1,-1,-1,-1,-1,-1,-1,2,2,2,2,2,2,2,0,0,2,2,2,2,2,2,2,2
298,-6324.312,18898.502,89.505,68.958,0.359373,-0.933123,0.011506,0.932955,0.358975,-0.027060,0.021120,0.020459,0.999568,0,0.70485,-0.46226,42.291,-0.925,-1,-1,-1,-1,-1,-1,-1,300.000,300.000,-1,-1,-1,-1,-1,-1,-1,-1,2,2,2,2,2,2,2,0,0,2,2,2,2,2,2,2,2
299,-6306.514,18898.502,89.344,67.794,0.378262,-0.925627,0.011487,0.925468,0.377862,-0.026997,0.020648,0.020842,0.999570,0,0.78485,-0.58226,47.091,-1.165,-1,-1,-1,-1,-1,-1,-1,300.000,300.000,-1,-1,-1,-1,-1,-1,-1,-1,2,2,2,2,2,2,2,0,0,2,2,2,2,2,2,2,2
