timestep,x_cm,y_cm,z_cm,yaw_deg,basis_xx,basis_xy,basis_xz,basis_yx,basis_yy,basis_yz,basis_zx,basis_zy,basis_zz,teleport_flag,throttle_cmd,steering_cmd,cmd_move_cm,cmd_turn_deg,lidar_cm_0,lidar_cm_1,lidar_cm_2,lidar_cm_3,lidar_cm_4,lidar_cm_5,lidar_cm_6,lidar_cm_7,lidar_cm_8,lidar_cm_9,lidar_cm_10,lidar_cm_11,lidar_cm_12,lidar_cm_13,lidar_cm_14,lidar_cm_15,lidar_cm_16,lidar_class_0,lidar_class_1,lidar_class_2,lidar_class_3,lidar_class_4,lidar_class_5,lidar_class_6,lidar_class_7,lidar_class_8,lidar_class_9,lidar_class_10,lidar_class_11,lidar_class_12,lidar_class_13,lidar_class_14,lidar_class_15,lidar_class_16
0,-8854.810,-3612.420,-107.263,-86.801,0.056370,0.997793,0.035085,-0.998283,0.055766,0.017946,0.015950,-0.036036,0.999223,1,0.08000,-0.12000,4.800,-0.240,-1,400.000,-1,400.000,-1,325.000,325.000,300.000,300.000,-1,-1,-1,-1,775.000,800.000,-1,-1,2,0,2,0,2,0,0,0,0,2,2,2,2,0,0,2,2
1,-8854.355,-3622.009,-107.111,-87.281,0.048011,0.998233,0.035024,-0.998715,0.047406,0.017921,0.016229,-0.035840,0.999226,0,0.16000,-0.24000,9.600,-0.480,-1,400.000,-1,400.000,-1,325.000,325.000,300.000,300.000,-1,-1,-1,-1,775.000,825.000,-1,-1,2,0,2,0,2,0,0,0,0,2,2,2,2,0,0,2,2
2,-8853.853,-3636.400,-106.876,-88.001,0.035467,0.998760,0.034927,-0.999232,0.034858,0.017881,0.016641,-0.035534,0.999230,0,0.24000,-0.36000,14.400,-0.720,-1,400.000,-1,400.000,-1,325.000,325.000,300.000,300.000,-1,-1,-1,-1,775.000,825.000,-1,-1,2,0,2,0,2,0,0,0,0,2,2,2,2,0,0,2,2
3,-8853.505,-3655.597,-106.550,-88.961,0.018732,0.999219,0.034786,-0.999677,0.018120,0.017825,0.017181,-0.035108,0.999236,0,0.32000,-0.48000,19.200,-0.960,-1,400.000,-1,400.000,-1,325.000,325.000,300.000,300.000,-1,-1,-1,-1,775.000,825.000,-1,-1,2,0,2,0,2,0,0,0,0,2,2,2,2,0,0,2,2
4,-8853.573,-3679.597,-106.125,-90.161,-0.002194,0.999399,0.034591,-0.999838,-0.002810,0.017752,0.017839,-0.034547,0.999244,0,0.40000,-0.60000,24.000,-1.200,-1,400.000,-1,400.000,-1,325.000,325.000,300.000,300.000,-1,-1,-1,-1,775.000,825.000,-1,-1,2,0,2,0,2,0,0,0,0,2,2,2,2,0,0,2,2
5,-8854.378,-3708.386,-105.590,-91.601,-0.027306,0.999037,0.034332,-0.999454,-0.027925,0.017660,0.018602,-0.033831,0.999254,0,0.48000,-0.72000,28.800,-1.440,-1,400.000,-1,400.000,-1,325.000,325.000,300.000,300.000,-1,-1,-1,-1,775.000,825.000,-1,-1,2,0,2,0,2,0,0,0,0,2,2,2,2,0,0,2,2
6,-8856.301,-3741.931,-104.933,-93.281,-0.056583,0.997819,0.033994,-0.998208,-0.057203,0.017551,0.019457,-0.032940,0.999268,0,0.56000,-0.84000,33.600,-1.680,-1,400.000,-1,400.000,-1,325.000,325.000,300.000,300.000,-1,-1,-1,-1,775.000,825.000,-1,-1,2,0,2,0,2,0,0,0,0,2,2,2,2,0,0,2,2
7,-8859.783,-3780.173,-104.141,-95.201,-0.089986,0.995377,0.033562,-0.995734,-0.090606,0.017426,0.020386,-0.031851,0.999285,0,0.64000,-0.96000,38.400,-1.920,-1,400.000,-1,400.000,-1,325.000,325.000,300.000,300.000,-1,-1,-1,-1,775.000,825.000,-1,-1,2,0,2,0,2,0,0,0,0,2,2,2,2,0,0,2,2
8,-8865.198,-3823.033,-103.203,-97.201,-0.124677,0.991648,0.033025,-0.991969,-0.125293,0.017290,0.021283,-0.030604,0.999305,0,0.72000,-1.00000,43.200,-2.000,-1,400.000,-1,400.000,-1,325.000,325.000,300.000,300.000,-1,-1,-1,-1,775.000,850.000,-1,-1,2,0,2,0,2,0,0,0,0,2,2,2,2,0,0,2,2
9,-8872.874,-3870.415,-102.112,-99.201,-0.159223,0.986712,0.032374,-0.986995,-0.159832,0.017149,0.022096,-0.029222,0.999329,0,0.80000,-1.00000,48.000,-2.000,-1,400.000,-1,400.000,-1,325.000,325.000,300.000,300.000,-1,-1,-1,-1,800.000,850.000,-1,-1,2,0,2,0,2,0,0,0,0,2,2,2,2,0,0,2,2
10,-8882.283,-3917.925,-101.043,-101.201,-0.193578,0.980565,0.031936,-0.980823,-0.194176,0.016813,0.022687,-0.028069,0.999348,0,0.80721,-1.00000,48.433,-2.000,-1,400.000,-1,400.000,-1,325.000,325.000,300.000,300.000,-1,-1,-1,-1,800.000,850.000,-1,-1,2,0,2,0,2,0,0,0,0,2,2,2,2,0,0,2,2
11,-8893.344,-3965.078,-100.006,-103.201,-0.227701,0.973216,0.031672,-0.973460,-0.228285,0.016194,0.022990,-0.027144,0.999367,0,0.80721,-1.00000,48.433,-2.000,-1,400.000,-1,400.000,-1,325.000,325.000,300.000,300.000,-1,-1,-1,-1,800.000,875.000,-1,-1,2,0,2,0,2,0,0,0,0,2,2,2,2,0,0,2,2
12,-8906.043,-4011.816,-98.949,-105.201,-0.261550,0.964683,0.031274,-0.964909,-0.262118,0.015628,0.023274,-0.026089,0.999389,0,0.80721,-1.00000,48.433,-2.000,-1,400.000,-1,400.000,-1,325.000,325.000,300.000,300.000,-1,-1,-1,-1,825.000,900.000,-1,-1,2,0,2,0,2,0,0,0,0,2,2,2,2,0,0,2,2
13,-8920.367,-4058.082,-97.968,-107.201,-0.295102,0.954984,0.030325,-0.955184,-0.295637,0.014901,0.023195,-0.024569,0.999429,0,0.80721,-1.00000,48.433,-2.000,-1,400.000,-1,400.000,-1,325.000,325.000,300.000,300.000,-1,-1,-1,-1,825.000,925.000,-1,-1,2,0,2,0,2,0,0,0,0,2,2,2,2,0,0,2,2
14,-8936.296,-4103.821,-96.961,-109.201,-0.328298,0.944121,0.029263,-0.944294,-0.328798,0.014200,0.023028,-0.022971,0.999471,0,0.80721,-1.00000,48.433,-2.000,-1,400.000,-1,400.000,-1,325.000,325.000,300.000,300.000,-1,-1,-1,-1,850.000,925.000,-1,-1,2,0,2,0,2,0,0,0,0,2,2,2,2,0,0,2,2
15,-8953.811,-4148.975,-95.926,-111.201,-0.361095,0.932105,0.028125,-0.932250,-0.361560,0.013546,0.022795,-0.021328,0.999513,0,0.80721,-1.00000,48.433,-2.000,-1,400.000,-1,400.000,-1,325.000,325.000,300.000,300.000,-1,-1,-1,-1,850.000,950.000,-1,-1,2,0,2,0,2,0,0,0,0,2,2,2,2,0,0,2,2
16,-8972.892,-4193.491,-94.864,-113.201,-0.393453,0.918950,0.026915,-0.919069,-0.393883,0.012946,0.022498,-0.019644,0.999554,0,0.80721,-1.00000,48.433,-2.000,-1,400.000,-1,400.000,-1,325.000,325.000,300.000,300.000,-1,-1,-1,-1,875.000,975.000,-1,-1,2,0,2,0,2,0,0,0,0,2,2,2,2,0,0,2,2
17,-8993.515,-4237.313,-93.907,-115.201,-0.425333,0.904665,0.025939,-0.904776,-0.425724,0.011798,0.021716,-0.018451,0.999594,0,0.80721,-1.00000,48.433,-2.000,-1,400.000,-1,400.000,-1,325.000,325.000,300.000,300.000,-1,-1,-1,-1,875.000,1000.000,-1,-1,2,0,2,0,2,0,0,0,0,2,2,2,2,0,0,2,2
18,-9015.654,-4280.390,-92.944,-117.201,-0.456695,0.889275,0.024891,-0.889379,-0.457047,0.010625,0.020825,-0.017286,0.999634,0,0.80721,-1.00000,48.433,-2.000,-1,400.000,-1,400.000,-1,325.000,325.000,300.000,300.000,-1,-1,-1,-1,875.000,1000.000,-1,-1,2,0,2,0,2,0,0,0,0,2,2,2,2,0,0,2,2
19,-9039.283,-4322.667,-91.968,-119.201,-0.487501,0.872799,0.023752,-0.872897,-0.487813,0.009479,0.019859,-0.016112,0.999673,0,0.80721,-1.00000,48.433,-2.000,-1,400.000,-1,425.000,-1,325.000,325.000,300.000,300.000,-1,-1,-1,-1,875.000,-1,-1,-1,2,0,2,0,2,0,0,0,0,2,2,2,2,0,2,2,2
20,-9064.374,-4364.094,-90.981,-121.201,-0.517711,0.855259,0.022523,-0.855348,-0.517986,0.008366,0.018822,-0.014934,0.999711,0,0.80721,-1.00000,48.433,-2.000,-1,400.000,-1,425.000,-1,325.000,325.000,300.000,300.000,-1,-1,-1,-1,900.000,-1,-1,-1,2,0,2,0,2,0,0,0,0,2,2,2,2,0,2,2,2
21,-9090.026,-4403.292,-90.065,-123.201,-0.547282,0.836672,0.021505,-0.836757,-0.547526,0.007352,0.017925,-0.013971,0.999742,0,0.78076,-1.00000,46.846,-2.000,-1,425.000,-1,425.000,-1,325.000,325.000,300.000,300.000,-1,-1,-1,-1,900.000,-1,-1,-1,2,0,2,0,2,0,0,0,0,2,2,2,2,0,2,2,2
22,-9117.030,-4441.571,-89.225,-125.201,-0.576174,0.817061,0.020833,-0.817145,-0.576397,0.006393,0.017232,-0.013340,0.999763,0,0.78076,-1.00000,46.846,-2.000,-1,425.000,-1,425.000,-1,325.000,325.000,300.000,300.000,-1,-1,-1,-1,900.000,-1,-1,-1,2,0,2,0,2,0,0,0,0,2,2,2,2,0,2,2,2
23,-9145.353,-4478.885,-88.690,-127.201,-0.604398,0.796465,0.018620,-0.796531,-0.604574,0.005408,0.015564,-0.011563,0.999812,0,0.78076,-1.00000,46.846,-2.000,-1,425.000,-1,425.000,-1,325.000,325.000,300.000,300.000,-1,-1,-1,-1,925.000,-1,-1,-1,2,0,2,0,2,0,0,0,0,2,2,2,2,0,2,2,2
24,-9174.962,-4515.187,-88.337,-129.201,-0.631887,0.774895,0.016045,-0.774947,-0.632013,0.004041,0.013272,-0.009881,0.999863,0,0.78076,-1.00000,46.846,-2.000,-1,425.000,-1,425.000,-1,325.000,325.000,300.000,300.000,-1,-1,-1,-1,925.000,-1,-1,-1,2,0,2,0,2,0,0,0,0,2,2,2,2,0,2,2,2
25,-9205.819,-4550.433,-88.085,-131.201,-0.658598,0.752375,0.013432,-0.752420,-0.658680,0.002332,0.010602,-0.008571,0.999907,0,0.78076,-1.00000,46.846,-2.000,-1,400.000,-1,425.000,-1,325.000,325.000,300.000,300.000,-1,-1,-1,-1,925.000,-1,-1,-1,2,0,2,0,2,0,0,0,0,2,2,2,2,0,2,2,2
26,-9237.888,-4584.582,-87.837,-133.201,-0.684498,0.728937,0.010667,-0.728972,-0.684543,0.000799,0.007885,-0.007229,0.999943,0,0.78076,-1.00000,46.846,-2.000,-1,400.000,-1,425.000,-1,325.000,325.000,300.000,300.000,-1,-1,-1,-1,925.000,-1,-1,-1,2,0,2,0,2,0,0,0,0,2,2,2,2,0,2,2,2
27,-9271.129,-4617.590,-87.594,-135.201,-0.709554,0.704609,0.007767,-0.704633,-0.709572,-0.000543,0.005129,-0.005858,0.999970,0,0.78076,-1.00000,46.846,-2.000,-1,425.000,-1,425.000,-1,325.000,325.000,300.000,300.000,-1,-1,-1,-1,925.000,-1,-1,-1,2,0,2,0,2,0,0,0,0,2,2,2,2,0,2,2,2
28,-9305.502,-4649.418,-87.485,-137.201,-0.733731,0.679419,0.005410,-0.679435,-0.733734,-0.001781,0.002760,-0.004983,0.999984,0,0.78076,-1.00000,46.846,-2.000,-1,425.000,-1,425.000,-1,325.000,350.000,300.000,300.000,-1,-1,-1,-1,925.000,-1,-1,-1,2,0,2,0,2,0,0,0,0,2,2,2,2,0,2,2,2
29,-9340.964,-4680.028,-87.461,-139.201,-0.757006,0.653401,0.002984,-0.653408,-0.757002,-0.002525,0.000609,-0.003861,0.999992,0,0.78076,-1.00000,46.846,-2.000,-1,425.000,-1,425.000,-1,350.000,350.000,300.000,300.000,-1,-1,-1,-1,925.000,-1,-1,-1,2,0,2,0,2,0,0,0,0,2,2,2,2,0,2,2,2
30,-9377.557,-4709.448,-87.482,-141.201,-0.779351,0.626587,0.000505,-0.626585,-0.779347,-0.002933,-0.001444,-0.002603,0.999996,0,0.78254,-1.00000,46.953,-2.000,-1,425.000,-1,425.000,-1,350.000,350.000,325.000,300.000,-1,-1,-1,-1,925.000,-1,-1,-1,2,0,2,0,2,0,0,0,0,2,2,2,2,0,2,2,2
31,-9415.276,-4737.664,-87.536,-143.201,-0.800741,0.599008,-0.002005,-0.599000,-0.800742,-0.003308,-0.003587,-0.001447,0.999993,0,0.78508,-1.00000,47.105,-2.000,-1,425.000,-1,425.000,-1,350.000,350.000,325.000,300.000,-1,-1,-1,-1,925.000,-1,-1,-1,2,0,2,0,2,0,0,0,0,2,2,2,2,0,2,2,2
32,-9454.089,-4764.639,-88.066,-145.201,-0.821148,0.570697,-0.004704,-0.570670,-0.821158,-0.005967,-0.007268,-0.002216,0.999971,0,0.78778,-1.00000,47.267,-2.000,-1,425.000,-1,425.000,-1,350.000,350.000,325.000,300.000,-1,-1,-1,-1,925.000,1000.000,-1,-1,2,0,2,0,2,0,0,0,0,2,2,2,2,0,0,2,2
33,-9493.966,-4790.336,-88.598,-147.201,-0.840544,0.541690,-0.007582,-0.541633,-0.840573,-0.008413,-0.010930,-0.002965,0.999936,0,0.79066,-1.00000,47.440,-2.000,-1,425.000,-1,425.000,-1,325.000,325.000,300.000,300.000,-1,-1,-1,-1,900.000,975.000,-1,-1,2,0,2,0,2,0,0,0,0,2,2,2,2,0,0,2,2
34,-9534.872,-4814.721,-89.133,-149.201,-0.858906,0.512023,-0.010622,-0.511926,-0.858964,-0.010635,-0.014570,-0.003697,0.999887,0,0.79371,-1.00000,47.623,-2.000,-1,425.000,-1,425.000,-1,325.000,325.000,300.000,300.000,-1,-1,-1,-1,900.000,975.000,-1,-1,2,0,2,0,2,0,0,0,0,2,2,2,2,0,0,2,2
35,-9576.775,-4837.756,-89.673,-151.201,-0.876210,0.481732,-0.013790,-0.481587,-0.876307,-0.012631,-0.018169,-0.004426,0.999825,0,0.79694,-1.00000,47.817,-2.000,-1,400.000,-1,425.000,-1,325.000,325.000,300.000,300.000,-1,-1,-1,-1,875.000,950.000,-1,-1,2,0,2,0,2,0,0,0,0,2,2,2,2,0,0,2,2
36,-9619.638,-4859.407,-90.409,-153.201,-0.892452,0.450853,-0.016170,-0.450648,-0.892579,-0.014807,-0.021109,-0.005927,0.999760,0,0.80035,-1.00000,48.021,-2.000,-1,400.000,-1,425.000,-1,325.000,325.000,300.000,300.000,-1,-1,-1,-1,875.000,925.000,-1,-1,2,0,2,0,2,0,0,0,0,2,2,2,2,0,1,2,2
37,-9663.426,-4879.639,-91.141,-155.201,-0.907598,0.419423,-0.018710,-0.419152,-0.907761,-0.016790,-0.024027,-0.007396,0.999684,0,0.80393,-1.00000,48.236,-2.000,-1,400.000,-1,425.000,-1,325.000,325.000,300.000,325.000,-1,-1,-1,-1,850.000,925.000,-1,-1,2,0,2,0,2,0,0,0,0,2,2,2,2,0,1,2,2
38,-9708.101,-4898.418,-91.868,-157.201,-0.921629,0.387483,-0.021397,-0.387138,-0.921835,-0.018572,-0.026921,-0.008833,0.999599,0,0.80769,-1.00000,48.461,-2.000,-1,400.000,-1,425.000,-1,325.000,325.000,300.000,325.000,-1,-1,-1,-1,850.000,900.000,-1,-1,2,0,2,0,2,0,0,0,0,2,2,2,2,0,1,2,2
39,-9753.625,-4915.710,-92.957,-159.201,-0.934538,0.355075,-0.023687,-0.354704,-0.934796,-0.018493,-0.028709,-0.008880,0.999548,0,0.81163,-1.00000,48.698,-2.000,-1,400.000,-1,425.000,1000.000,325.000,325.000,300.000,325.000,-1,-1,-1,-1,850.000,900.000,-1,-1,2,0,2,0,1,0,0,0,0,2,2,2,2,0,1,2,2
40,-9799.959,-4931.482,-94.238,-161.201,-0.946288,0.322237,-0.026518,-0.321857,-0.946624,-0.017632,-0.030784,-0.008150,0.999493,0,0.81574,-1.00000,48.944,-2.000,-1,400.000,-1,425.000,925.000,325.000,325.000,300.000,325.000,-1,-1,-1,-1,850.000,900.000,-1,-1,2,0,2,0,1,0,0,0,0,2,2,2,2,0,1,2,2
41,-9847.834,-4945.939,-95.721,-163.197,-0.956835,0.289075,-0.030028,-0.288708,-0.957283,-0.015997,-0.033370,-0.006637,0.999421,0,0.83350,-0.99797,50.010,-1.996,-1,425.000,-1,425.000,875.000,325.000,325.000,300.000,300.000,-1,-1,-1,-1,850.000,900.000,-1,-1,2,0,2,0,1,0,0,0,0,2,2,2,2,0,1,2,2
42,-9896.554,-4958.822,-97.279,-165.188,-0.966203,0.255644,-0.033145,-0.255301,-0.966757,-0.014250,-0.035686,-0.005306,0.999349,0,0.83992,-0.99551,50.395,-1.991,-1,425.000,-1,425.000,825.000,325.000,325.000,325.000,300.000,-1,-1,-1,-1,800.000,850.000,-1,-1,2,0,2,0,1,0,0,0,0,2,2,2,2,1,1,2,2
43,-9946.062,-4970.094,-99.509,-167.173,-0.974427,0.222002,-0.034747,-0.221615,-0.975024,-0.014681,-0.037139,-0.006605,0.999288,0,0.84624,-0.99249,50.774,-1.985,-1,425.000,-1,425.000,775.000,325.000,325.000,325.000,300.000,-1,-1,-1,-1,750.000,800.000,950.000,925.000,2,0,2,0,1,0,0,0,0,2,2,2,2,1,1,1,1
44,-9996.293,-4979.722,-101.883,-169.151,-0.981439,0.188218,-0.036756,-0.187759,-0.982091,-0.015592,-0.039032,-0.008402,0.999203,0,0.85241,-0.98888,51.145,-1.978,1000.000,400.000,-1,425.000,725.000,325.000,325.000,300.000,300.000,-1,-1,-1,-1,700.000,750.000,875.000,825.000,1,0,2,0,1,0,0,0,0,2,2,2,2,1,1,1,1
45,-10047.178,-4987.672,-104.254,-171.120,-0.987251,0.154356,-0.038848,-0.153826,-0.987964,-0.016290,-0.040895,-0.010107,0.999112,0,0.85838,-0.98465,51.503,-1.969,900.000,400.000,-1,425.000,675.000,325.000,325.000,300.000,300.000,-1,-1,-1,-1,650.000,700.000,775.000,750.000,1,0,2,0,1,0,0,0,0,2,2,2,2,1,1,1,1
46,-10101.447,-4994.481,-106.748,-172.849,-0.991371,0.124470,-0.041123,-0.123872,-0.992156,-0.016775,-0.042888,-0.011536,0.999013,0,0.91156,-0.86465,54.693,-1.729,800.000,400.000,-1,400.000,625.000,325.000,325.000,300.000,300.000,-1,-1,-1,-1,600.000,650.000,700.000,675.000,1,0,2,0,1,0,0,0,0,2,2,2,2,1,1,1,1
47,-10156.220,-4999.911,-109.239,-174.339,-0.994175,0.098640,-0.043442,-0.097981,-0.995042,-0.017057,-0.044909,-0.012701,0.998910,0,0.91736,-0.74465,55.042,-1.489,700.000,400.000,-1,400.000,575.000,325.000,325.000,300.000,300.000,-1,-1,-1,-1,575.000,625.000,625.000,600.000,1,0,2,1,1,0,0,0,0,2,2,2,2,1,1,1,1
48,-10211.432,-5004.171,-111.728,-175.588,-0.995985,0.076921,-0.045789,-0.076206,-0.996944,-0.017173,-0.046970,-0.013614,0.998804,0,0.92293,-0.62465,55.376,-1.249,625.000,375.000,-1,400.000,525.000,325.000,325.000,300.000,300.000,-1,-1,-1,-1,525.000,575.000,575.000,550.000,1,1,2,1,1,0,1,0,0,2,2,2,2,1,1,1,1
49,-10267.029,-5007.477,-114.219,-176.597,-0.997075,0.059348,-0.048152,-0.058582,-0.998135,-0.017158,-0.049081,-0.014287,0.998693,0,0.92825,-0.50465,55.695,-1.009,550.000,350.000,-1,375.000,475.000,325.000,325.000,300.000,300.000,-1,-1,-1,-1,500.000,550.000,500.000,500.000,1,1,2,1,1,1,1,0,0,2,2,2,2,1,1,1,1
50,-10322.976,-5009.969,-116.713,-177.450,-0.997731,0.044484,-0.050528,-0.043673,-0.998900,-0.017043,-0.051230,-0.014798,0.998577,0,0.93336,-0.42642,56.002,-0.853,475.000,350.000,-1,375.000,425.000,300.000,325.000,300.000,300.000,-1,-1,-1,-1,475.000,525.000,450.000,450.000,1,1,2,1,1,1,1,0,0,2,2,2,2,1,1,1,1
51,-10379.243,-5011.648,-119.209,-178.290,-0.998153,0.029834,-0.052916,-0.028980,-0.999438,-0.016837,-0.053389,-0.015272,0.998457,0,0.93819,-0.42002,56.292,-0.840,400.000,325.000,-1,350.000,375.000,275.000,325.000,300.000,300.000,-1,-1,-1,-1,425.000,500.000,400.000,375.000,1,1,2,1,1,1,1,0,0,2,2,2,2,1,1,1,1
52,-10435.791,-5012.521,-121.707,-179.116,-0.998350,0.015424,-0.055315,-0.014529,-0.999758,-0.016546,-0.055557,-0.015715,0.998332,0,0.94259,-0.41298,56.555,-0.826,350.000,300.000,1000.000,325.000,325.000,275.000,325.000,300.000,300.000,-1,-1,-1,-1,400.000,450.000,325.000,325.000,1,1,1,1,1,1,1,0,0,2,2,2,2,1,1,1,1
53,-10492.579,-5012.594,-124.283,-179.927,-0.998346,0.001280,-0.057485,-0.000354,-0.999870,-0.016130,-0.057498,-0.016083,0.998216,0,0.94646,-0.40525,56.788,-0.811,275.000,275.000,950.000,325.000,275.000,275.000,325.000,300.000,300.000,-1,-1,-1,-1,375.000,425.000,275.000,275.000,1,1,1,1,1,1,1,0,0,2,2,2,2,1,1,1,1
54,-10549.556,-5011.876,-122.083,-180.720,-0.999108,-0.012568,-0.040320,0.013101,-0.999830,-0.012991,-0.040150,-0.013508,0.999102,0,0.94972,-0.39677,56.983,-0.794,275.000,300.000,975.000,325.000,250.000,275.000,350.000,325.000,325.000,-1,-1,-1,-1,400.000,450.000,275.000,275.000,1,1,1,1,1,1,1,0,0,2,2,2,2,1,1,1,1
55,-10606.671,-5010.384,-119.214,-181.495,-0.999438,-0.026090,-0.021028,0.026332,-0.999590,-0.011289,-0.020725,-0.011837,0.999715,0,0.95226,-0.38748,57.136,-0.775,250.000,325.000,975.000,350.000,225.000,325.000,425.000,350.000,350.000,-1,700.000,500.000,-1,450.000,450.000,275.000,275.000,1,1,1,1,1,1,1,0,0,2,0,0,2,1,1,1,1
56,-10663.863,-5008.137,-116.225,-182.250,-0.999228,-0.039254,-0.001434,0.039268,-0.999162,-0.011582,-0.000978,-0.011629,0.999932,0,0.95395,-0.37733,57.237,-0.755,250.000,350.000,1000.000,350.000,225.000,350.000,450.000,375.000,350.000,-1,200.000,150.000,-1,475.000,450.000,275.000,250.000,1,1,1,1,1,1,1,0,0,2,0,0,2,1,1,1,1
57,-10721.066,-5005.156,-113.105,-182.982,-0.998477,-0.052023,0.018374,0.051768,-0.998560,-0.014055,0.019079,-0.013082,0.999732,0,0.95466,-0.36625,57.280,-0.732,250.000,375.000,1000.000,350.000,200.000,400.000,475.000,400.000,375.000,-1,150.000,125.000,-1,525.000,450.000,300.000,250.000,1,1,1,1,1,1,1,0,0,2,0,0,2,1,1,1,1
58,2951.679,-6231.376,77.878,142.843,-0.796230,-0.602894,0.050370,0.604743,-0.795536,0.037538,0.017439,0.060349,0.998025,1,0.00000,0.00000,57.254,-0.708,-1,400.000,-1,375.000,475.000,325.000,325.000,325.000,325.000,675.000,575.000,500.000,-1,800.000,575.000,-1,525.000,2,0,2,0,1,0,0,0,0,1,1,1,2,0,1,2,1
59,2947.866,-6228.461,77.965,142.603,-0.793702,-0.606219,0.050363,0.608064,-0.793001,0.037521,0.017192,0.060405,0.998026,0,0.08000,-0.12000,4.800,-0.240,-1,400.000,-1,375.000,450.000,325.000,325.000,325.000,325.000,700.000,600.000,500.000,-1,800.000,575.000,-1,525.000,2,0,2,0,1,0,0,0,0,1,1,1,2,0,1,2,1
60,2940.288,-6222.567,78.137,142.123,-0.788604,-0.612836,0.050354,0.614675,-0.787889,0.037490,0.016698,0.060516,0.998028,0,0.16000,-0.24000,9.600,-0.480,-1,400.000,-1,375.000,450.000,325.000,325.000,325.000,325.000,725.000,600.000,525.000,-1,800.000,550.000,-1,525.000,2,0,2,0,1,0,0,0,0,1,1,1,2,0,1,2,1
61,2929.033,-6213.583,78.384,141.403,-0.780854,-0.622683,0.050331,0.624510,-0.780119,0.037444,0.015948,0.060670,0.998030,0,0.24000,-0.36000,14.400,-0.720,-1,400.000,-1,375.000,450.000,325.000,325.000,325.000,325.000,775.000,625.000,550.000,-1,800.000,550.000,-1,500.000,2,0,2,0,1,0,0,0,0,1,1,1,2,0,1,2,1
62,2914.230,-6201.356,78.696,140.443,-0.770330,-0.635658,0.050301,0.637470,-0.769567,0.037390,0.014943,0.060868,0.998034,0,0.32000,-0.48000,19.200,-0.960,-1,400.000,-1,375.000,425.000,325.000,325.000,325.000,325.000,850.000,675.000,575.000,-1,800.000,525.000,-1,475.000,2,0,2,0,1,0,0,0,0,1,1,1,2,0,1,2,1
63,2896.014,-6185.729,79.063,139.375,-0.758360,-0.649893,0.050280,0.651689,-0.757567,0.037336,0.013826,0.061081,0.998037,0,0.40000,-0.53438,24.000,-1.069,-1,400.000,-1,375.000,400.000,325.000,325.000,325.000,325.000,975.000,675.000,600.000,-1,800.000,525.000,-1,450.000,2,0,2,0,1,0,0,0,0,1,1,1,2,0,1,2,1
64,2874.511,-6166.569,79.434,138.299,-0.746042,-0.663999,0.050262,0.665775,-0.745232,0.037060,0.012849,0.061111,0.998048,0,0.48000,-0.53783,28.800,-1.076,-1,400.000,-1,375.000,375.000,325.000,325.000,325.000,325.000,-1,700.000,650.000,-1,800.000,500.000,-1,425.000,2,0,2,0,1,0,0,0,0,2,1,1,2,0,1,2,1
65,2849.852,-6143.745,79.810,137.213,-0.733330,-0.678014,0.050243,0.679768,-0.732514,0.036603,0.011986,0.060995,0.998066,0,0.56000,-0.54319,33.600,-1.086,-1,400.000,-1,375.000,350.000,325.000,325.000,325.000,325.000,-1,700.000,700.000,-1,800.000,475.000,-1,400.000,2,0,2,1,1,0,0,0,0,2,1,1,2,0,1,2,1
66,2822.178,-6117.124,80.215,136.112,-0.720176,-0.691971,0.050230,0.693702,-0.719356,0.036116,0.011142,0.060855,0.998084,0,0.64000,-0.55053,38.400,-1.101,-1,400.000,-1,350.000,325.000,325.000,325.000,325.000,325.000,-1,725.000,750.000,-1,800.000,450.000,-1,350.000,2,0,2,1,1,0,0,0,0,2,1,1,2,0,1,2,1
67,2791.635,-6086.572,80.645,134.992,-0.706523,-0.705905,0.050227,0.707615,-0.705701,0.035604,0.010312,0.060696,0.998103,0,0.72000,-0.55996,43.200,-1.120,-1,400.000,-1,325.000,300.000,325.000,325.000,325.000,325.000,-1,750.000,800.000,-1,800.000,425.000,-1,325.000,2,0,2,1,1,0,0,0,0,2,1,1,2,0,1,2,1
68,2758.383,-6051.955,81.096,133.849,-0.692308,-0.719852,0.050236,0.721540,-0.691484,0.035073,0.009490,0.060528,0.998121,0,0.80000,-0.57159,48.000,-1.143,-1,400.000,-1,300.000,250.000,325.000,300.000,325.000,325.000,-1,775.000,875.000,-1,775.000,375.000,-1,275.000,2,0,2,1,1,0,1,0,0,2,1,1,2,1,1,2,1
69,2723.595,-6014.226,81.551,132.677,-0.677458,-0.733842,0.050259,0.735511,-0.676632,0.034541,0.008659,0.060366,0.998139,0,0.85531,-0.58560,51.319,-1.171,-1,400.000,-1,275.000,225.000,325.000,275.000,300.000,300.000,-1,825.000,925.000,-1,750.000,350.000,-1,225.000,2,0,2,1,1,0,1,1,0,2,1,1,2,1,1,2,1
70,2689.558,-5975.715,82.497,131.474,-0.661855,-0.748018,0.049164,0.749574,-0.661192,0.031033,0.009294,0.057391,0.998309,0,0.85660,-0.60151,51.396,-1.203,-1,400.000,-1,250.000,175.000,325.000,250.000,300.000,325.000,-1,850.000,950.000,-1,725.000,325.000,-1,200.000,2,0,2,1,1,1,1,1,0,2,1,1,2,1,1,2,1
71,2656.340,-5936.445,87.341,130.238,-0.645169,-0.762766,0.044106,0.763736,-0.645466,0.009036,0.021576,0.039515,0.998986,0,0.85724,-0.61790,51.434,-1.236,-1,400.000,-1,250.000,175.000,300.000,250.000,300.000,325.000,-1,425.000,575.000,-1,900.000,325.000,-1,200.000,2,1,2,1,1,1,1,1,1,2,0,0,2,0,1,2,1
72,2624.000,-5896.453,92.210,128.969,-0.627967,-0.777309,0.038055,0.777496,-0.628754,-0.012973,0.034012,0.021441,0.999191,0,0.85717,-0.63480,51.430,-1.270,-1,400.000,-1,250.000,175.000,300.000,250.000,300.000,350.000,-1,200.000,375.000,-1,1000.000,300.000,-1,175.000,2,1,2,1,1,1,1,0,1,2,0,0,2,0,1,2,1
73,2592.607,-5855.776,97.094,127.664,-0.610257,-0.791598,0.030962,0.790834,-0.611033,-0.034926,0.046566,0.003172,0.998910,0,0.85636,-0.65219,51.381,-1.304,-1,400.000,-1,225.000,175.000,300.000,225.000,275.000,350.000,925.000,125.000,300.000,-1,-1,300.000,-1,175.000,2,1,2,1,1,1,1,0,1,0,0,0,2,2,1,2,1
74,2559.632,-5811.269,102.357,126.536,-0.595043,-0.803374,0.022661,0.801410,-0.595240,-0.058571,0.060543,-0.016692,0.998026,0,0.92315,-0.56441,55.389,-1.129,-1,400.000,-1,225.000,175.000,275.000,225.000,275.000,350.000,650.000,75.000,250.000,-1,-1,300.000,-1,175.000,2,1,2,1,1,1,1,0,1,0,0,0,2,2,1,2,1
75,2527.428,-5765.915,107.553,125.375,-0.579526,-0.814839,0.013701,0.811496,-0.578533,-0.082306,0.074993,-0.036580,0.996513,0,0.92704,-0.58052,55.623,-1.161,-1,400.000,-1,225.000,175.000,275.000,200.000,250.000,325.000,475.000,50.000,225.000,-1,-1,275.000,-1,175.000,2,1,2,1,1,1,1,0,1,0,0,0,2,2,1,2,1
76,-6887.288,-6887.291,-99.210,-160.959,-0.945283,0.326198,0.005864,-0.326021,-0.945138,0.020587,0.012257,0.017549,0.999771,1,0.00000,0.00000,55.809,-1.195,975.000,400.000,-1,400.000,-1,325.000,325.000,300.000,300.000,-1,-1,-1,-1,800.000,850.000,950.000,-1,1,0,2,0,2,0,0,0,0,2,2,2,2,1,0,1,2
77,-6891.831,-6888.838,-99.157,-161.199,-0.946642,0.322236,0.005763,-0.322061,-0.946495,0.020600,0.012093,0.017645,0.999771,0,0.08000,-0.12000,4.800,-0.240,975.000,400.000,-1,400.000,-1,325.000,325.000,300.000,300.000,-1,-1,-1,-1,800.000,850.000,950.000,-1,1,0,2,0,2,0,0,0,0,2,2,2,2,1,0,1,2
78,-6900.945,-6891.855,-99.052,-161.679,-0.949309,0.314294,0.005561,-0.314123,-0.949158,0.020627,0.011762,0.017835,0.999772,0,0.16000,-0.24000,9.600,-0.480,950.000,400.000,-1,400.000,-1,325.000,325.000,300.000,300.000,-1,-1,-1,-1,800.000,850.000,950.000,-1,1,0,2,0,2,0,0,0,0,2,2,2,2,1,0,1,2
79,-6914.666,-6896.225,-98.897,-162.335,-0.952848,0.303401,0.005259,-0.303237,-0.952691,0.020670,0.011282,0.018101,0.999773,0,0.24000,-0.32813,14.400,-0.656,925.000,400.000,-1,400.000,-1,325.000,325.000,300.000,300.000,-1,-1,-1,-1,800.000,850.000,950.000,-1,1,0,2,0,2,0,0,0,0,2,2,2,2,1,0,1,2
80,-6933.026,-6901.842,-98.692,-162.988,-0.956247,0.292519,0.004858,-0.292363,-0.956083,0.020734,0.010709,0.018407,0.999773,0,0.32000,-0.32660,19.200,-0.653,900.000,400.000,-1,400.000,-1,325.000,325.000,300.000,300.000,-1,-1,-1,-1,800.000,850.000,925.000,-1,1,0,2,0,2,0,0,0,0,2,2,2,2,0,0,1,2
81,-6956.054,-6908.604,-98.439,-163.638,-0.959504,0.281663,0.004356,-0.281518,-0.959330,0.020818,0.010042,0.018749,0.999774,0,0.40000,-0.32468,24.000,-0.649,875.000,400.000,-1,400.000,-1,325.000,325.000,300.000,300.000,-1,-1,-1,-1,825.000,850.000,925.000,-1,1,0,2,0,2,0,0,0,0,2,2,2,2,1,0,1,2
82,-6983.777,-6916.405,-98.139,-164.282,-0.962614,0.270850,0.003751,-0.270717,-0.962432,0.020920,0.009276,0.019123,0.999774,0,0.48000,-0.32233,28.800,-0.645,825.000,400.000,-1,400.000,-1,325.000,325.000,300.000,300.000,-1,-1,-1,-1,825.000,850.000,900.000,-1,1,0,2,0,2,0,0,0,0,2,2,2,2,1,0,1,2
83,-7016.220,-6925.146,-97.794,-164.921,-0.965578,0.260097,0.003040,-0.259979,-0.965385,0.021040,0.008408,0.019525,0.999774,0,0.56000,-0.31951,33.600,-0.639,800.000,400.000,-1,400.000,-1,325.000,325.000,300.000,300.000,-1,-1,-1,-1,825.000,850.000,900.000,-1,1,0,2,0,2,0,0,0,0,2,2,2,2,1,0,1,2
84,-7053.406,-6934.726,-97.403,-165.554,-0.968392,0.249425,0.002222,-0.249324,-0.968189,0.021175,0.007433,0.019952,0.999773,0,0.64000,-0.31618,38.400,-0.632,775.000,400.000,-1,400.000,-1,325.000,325.000,300.000,300.000,-1,-1,-1,-1,825.000,850.000,875.000,-1,1,0,2,0,2,0,0,0,0,2,2,2,2,1,0,1,2
85,-7093.378,-6944.561,-96.990,-166.178,-0.971055,0.238854,0.001335,-0.238772,-0.970842,0.021319,0.006388,0.020383,0.999772,0,0.68608,-0.31228,41.165,-0.625,725.000,400.000,-1,400.000,-1,325.000,325.000,300.000,300.000,-1,-1,-1,-1,825.000,850.000,850.000,-1,1,0,2,0,2,0,0,0,0,2,2,2,2,1,0,1,2
86,-7133.616,-6954.003,-96.580,-166.794,-0.973567,0.228403,0.000436,-0.228341,-0.973345,0.021463,0.005326,0.020797,0.999770,0,0.68884,-0.30794,41.331,-0.616,700.000,400.000,-1,400.000,-1,325.000,325.000,300.000,300.000,-1,-1,-1,-1,825.000,850.000,850.000,-1,1,0,2,0,2,0,0,0,0,2,2,2,2,1,0,1,2
87,-7174.100,-6963.052,-96.255,-167.401,-0.975931,0.218079,-0.000338,-0.218034,-0.975694,0.021949,0.004457,0.021495,0.999759,0,0.69137,-0.30337,41.482,-0.607,675.000,400.000,-1,400.000,-1,325.000,325.000,300.000,300.000,-1,-1,-1,-1,825.000,850.000,825.000,-1,1,0,2,0,2,0,0,0,0,2,2,2,2,1,0,1,2
88,-7214.808,-6971.706,-96.100,-167.998,-0.978150,0.207893,-0.001559,-0.207874,-0.977886,0.022969,0.003250,0.022792,0.999735,0,0.69364,-0.29856,41.619,-0.597,650.000,400.000,-1,400.000,-1,325.000,325.000,300.000,300.000,-1,-1,-1,-1,825.000,825.000,825.000,-1,1,0,2,0,2,0,0,0,0,2,2,2,2,1,0,1,2
89,-7255.721,-6979.967,-95.960,-168.585,-0.980227,0.197858,-0.002752,-0.197866,-0.979935,0.024005,0.002052,0.024075,0.999708,0,0.69564,-0.29351,41.738,-0.587,625.000,400.000,-1,400.000,-1,325.000,325.000,300.000,300.000,-1,-1,-1,-1,850.000,825.000,800.000,-1,1,0,2,0,2,0,0,0,0,2,2,2,2,1,0,1,2
90,-7296.815,-6987.835,-96.087,-169.161,-0.982165,0.187988,-0.003543,-0.188019,-0.981870,0.024078,0.001048,0.024315,0.999704,0,0.69734,-0.28822,41.840,-0.576,600.000,400.000,-1,400.000,-1,325.000,325.000,300.000,300.000,-1,-1,-1,-1,850.000,825.000,800.000,-1,1,0,2,0,2,0,0,0,0,2,2,2,2,1,0,1,2
91,-7338.066,-6995.312,-96.326,-169.727,-0.983967,0.178291,-0.004583,-0.178349,-0.983682,0.023705,-0.000282,0.024142,0.999708,0,0.69872,-0.28270,41.923,-0.565,600.000,400.000,-1,400.000,-1,325.000,325.000,300.000,300.000,-1,-1,-1,-1,850.000,825.000,800.000,-1,1,0,2,0,2,0,0,0,0,2,2,2,2,1,0,1,2
92,-7379.449,-7002.400,-96.577,-170.281,-0.985639,0.168774,-0.005634,-0.168860,-0.985363,0.023345,-0.001612,0.023961,0.999712,0,0.69977,-0.27694,41.986,-0.554,575.000,400.000,-1,400.000,-1,325.000,325.000,300.000,300.000,-1,-1,-1,-1,850.000,825.000,825.000,-1,1,0,2,0,2,0,0,0,0,2,2,2,2,1,0,1,2
93,-7420.939,-7009.103,-96.840,-170.823,-0.987184,0.159448,-0.006695,-0.159561,-0.986920,0.022997,-0.002941,0.023771,0.999713,0,0.70046,-0.27095,42.028,-0.542,550.000,400.000,-1,400.000,-1,325.000,325.000,300.000,300.000,-1,-1,-1,-1,825.000,800.000,825.000,-1,1,0,2,0,2,0,0,0,0,2,2,2,2,0,0,1,2
94,-7462.508,-7015.425,-97.114,-171.352,-0.988607,0.150322,-0.007764,-0.150462,-0.988356,0.022662,-0.004267,0.023572,0.999713,0,0.70078,-0.26474,42.047,-0.529,550.000,400.000,-1,400.000,-1,325.000,325.000,300.000,300.000,-1,-1,-1,-1,825.000,800.000,850.000,-1,1,0,2,0,2,0,0,0,0,2,2,2,2,0,0,1,2
95,-7504.128,-7021.372,-97.398,-171.869,-0.989912,0.141405,-0.008840,-0.141570,-0.989676,0.022339,-0.005590,0.023366,0.999711,0,0.70072,-0.25831,42.043,-0.517,525.000,400.000,-1,400.000,-1,325.000,325.000,300.000,300.000,-1,-1,-1,-1,825.000,800.000,850.000,-1,1,0,2,0,2,0,0,0,0,2,2,2,2,0,0,1,2
96,-7545.772,-7026.949,-97.692,-172.372,-0.991106,0.132705,-0.009922,-0.132896,-0.990885,0.022029,-0.006908,0.023151,0.999708,0,0.70025,-0.25168,42.015,-0.503,525.000,400.000,-1,400.000,-1,325.000,325.000,300.000,300.000,-1,-1,-1,-1,825.000,800.000,875.000,-1,1,0,2,0,2,0,0,0,0,2,2,2,2,0,0,1,2
97,-7587.409,-7032.163,-97.995,-172.862,-0.992192,0.124232,-0.011006,-0.124447,-0.991988,0.021730,-0.008219,0.022930,0.999703,0,0.69937,-0.24486,41.962,-0.490,500.000,400.000,-1,400.000,-1,325.000,325.000,300.000,300.000,-1,-1,-1,-1,825.000,800.000,875.000,-1,1,0,2,0,2,0,0,1,0,2,2,2,2,0,0,1,2
98,-7629.010,-7037.022,-98.306,-173.337,-0.993177,0.115992,-0.012093,-0.116231,-0.992991,0.021442,-0.009521,0.022701,0.999697,0,0.69807,-0.23787,41.884,-0.476,500.000,400.000,-1,400.000,-1,325.000,325.000,300.000,300.000,-1,-1,-1,-1,825.000,775.000,900.000,-1,1,0,2,0,2,0,0,1,0,2,2,2,2,0,0,1,2
99,-7670.546,-7041.535,-98.624,-173.799,-0.994064,0.107991,-0.013181,-0.108254,-0.993898,0.021165,-0.010815,0.022466,0.999689,0,0.69635,-0.23072,41.781,-0.461,525.000,400.000,-1,400.000,-1,325.000,325.000,275.000,300.000,-1,-1,-1,-1,825.000,775.000,925.000,-1,1,0,2,0,2,0,0,1,0,2,2,2,2,0,0,1,2
100,-7711.988,-7045.711,-98.949,-174.246,-0.994861,0.100236,-0.014267,-0.100521,-0.994715,0.020898,-0.012097,0.022225,0.999680,0,0.69419,-0.22344,41.652,-0.447,525.000,400.000,-1,400.000,-1,325.000,325.000,275.000,300.000,-1,-1,-1,-1,825.000,775.000,950.000,-1,1,0,2,0,2,0,0,1,0,2,2,2,2,0,0,1,2
101,-7758.223,-7050.189,-99.321,-174.467,-0.995223,0.096388,-0.015501,-0.096697,-0.995101,0.020601,-0.013439,0.022001,0.999668,0,0.77419,-0.11083,46.452,-0.222,525.000,400.000,-1,400.000,-1,325.000,325.000,275.000,300.000,-1,-1,-1,-1,825.000,775.000,975.000,-1,1,0,2,0,2,0,0,1,0,2,2,2,2,0,0,1,2
102,-7809.254,-7054.947,-99.738,-174.674,-0.995541,0.092809,-0.016869,-0.093143,-0.995446,0.020278,-0.014911,0.021759,0.999652,0,0.85419,-0.10304,51.252,-0.206,525.000,400.000,-1,400.000,-1,325.000,325.000,275.000,300.000,-1,-1,-1,-1,800.000,775.000,-1,-1,1,0,2,0,2,0,0,1,0,2,2,2,2,0,0,2,2
103,-7862.317,-7059.718,-100.271,-174.862,-0.995819,0.089528,-0.018127,-0.089891,-0.995745,0.020308,-0.016232,0.021852,0.999629,0,0.88795,-0.09438,53.277,-0.189,525.000,400.000,-1,400.000,-1,325.000,325.000,275.000,300.000,-1,-1,-1,-1,800.000,775.000,-1,-1,1,0,2,0,2,0,0,1,0,2,2,2,2,0,0,2,2
104,-7915.137,-7064.308,-101.131,-175.033,-0.996068,0.086562,-0.018879,-0.086943,-0.996005,0.020370,-0.017040,0.021931,0.999614,0,0.88364,-0.08532,53.019,-0.171,525.000,400.000,-1,400.000,-1,325.000,325.000,275.000,300.000,-1,-1,-1,-1,800.000,750.000,-1,-1,1,0,2,0,2,0,0,1,0,2,2,2,2,0,0,2,2
105,-7967.679,-7068.729,-102.156,-175.190,-0.996291,0.083830,-0.019404,-0.084213,-0.996251,0.019814,-0.017671,0.021374,0.999615,0,0.87880,-0.07860,52.728,-0.157,525.000,400.000,-1,400.000,-1,325.000,325.000,275.000,300.000,-1,-1,-1,-1,800.000,750.000,-1,-1,1,0,2,0,2,0,0,1,0,2,2,2,2,0,0,2,2
106,-8019.914,-7072.985,-103.184,-175.342,-0.996500,0.081187,-0.019926,-0.081571,-0.996481,0.019269,-0.018292,0.020827,0.999616,0,0.87346,-0.07602,52.408,-0.152,525.000,400.000,-1,400.000,-1,325.000,325.000,250.000,300.000,-1,-1,-1,-1,800.000,750.000,-1,-1,1,0,2,0,2,0,0,1,0,2,2,2,2,0,0,2,2
107,-8071.813,-7077.079,-104.214,-175.490,-0.996695,0.078619,-0.020444,-0.079004,-0.996698,0.018736,-0.018904,0.020289,0.999615,0,0.86768,-0.07384,52.061,-0.148,525.000,400.000,-1,400.000,-1,325.000,325.000,250.000,300.000,-1,-1,-1,-1,800.000,750.000,-1,-1,1,0,2,0,2,0,0,1,0,2,2,2,2,0,0,2,2
108,-8123.354,-7081.014,-105.246,-175.634,-0.996879,0.076113,-0.020957,-0.076498,-0.996903,0.018214,-0.019506,0.019760,0.999614,0,0.86151,-0.07205,51.691,-0.144,525.000,400.000,-1,400.000,-1,325.000,325.000,250.000,300.000,-1,-1,-1,-1,800.000,750.000,-1,-1,1,0,2,0,2,0,0,1,0,2,2,2,2,0,0,2,2
109,-8174.517,-7084.793,-106.277,-175.775,-0.997053,0.073655,-0.021466,-0.074039,-0.997098,0.017702,-0.020100,0.019239,0.999613,0,0.85504,-0.07066,51.302,-0.141,525.000,400.000,-1,400.000,-1,325.000,325.000,250.000,300.000,-1,-1,-1,-1,800.000,750.000,-1,-1,1,0,2,0,2,0,0,1,0,2,2,2,2,0,0,2,2
110,-8225.289,-7088.419,-107.309,-175.915,-0.997218,0.071230,-0.021969,-0.071614,-0.997284,0.017201,-0.020684,0.018726,0.999611,0,0.84836,-0.06968,50.901,-0.139,525.000,400.000,-1,400.000,-1,325.000,325.000,250.000,300.000,-1,-1,-1,-1,775.000,750.000,-1,-1,1,0,2,0,2,0,0,1,0,2,2,2,2,0,0,2,2
111,-8275.662,-7091.895,-108.339,-176.053,-0.997376,0.068825,-0.022466,-0.069207,-0.997462,0.016709,-0.021259,0.018220,0.999608,0,0.84155,-0.06910,50.493,-0.138,550.000,400.000,-1,400.000,-1,325.000,325.000,250.000,300.000,-1,-1,-1,-1,775.000,750.000,-1,-1,1,0,2,0,2,0,0,1,0,2,2,2,2,0,0,2,2
112,-8325.633,-7095.222,-109.367,-176.191,-0.997527,0.066426,-0.022958,-0.066806,-0.997634,0.016226,-0.021826,0.017719,0.999605,0,0.83470,-0.06892,50.082,-0.138,575.000,400.000,-1,400.000,-1,325.000,325.000,250.000,300.000,-1,-1,-1,-1,775.000,750.000,-1,-1,1,0,2,0,2,0,0,1,0,2,2,2,2,0,0,2,2
113,-8375.207,-7098.402,-110.393,-176.329,-0.997673,0.064019,-0.023443,-0.064397,-0.997800,0.015751,-0.022383,0.017224,0.999601,0,0.82792,-0.06912,49.675,-0.138,625.000,400.000,-1,400.000,-1,325.000,325.000,225.000,300.000,-1,-1,-1,-1,775.000,750.000,-1,-1,1,0,2,0,2,0,0,1,0,2,2,2,2,0,0,2,2
114,-8424.389,-7101.438,-111.417,-176.468,-0.997815,0.061592,-0.023923,-0.061967,-0.997961,0.015284,-0.022932,0.016733,0.999597,0,0.82127,-0.06970,49.276,-0.139,-1,400.000,-1,400.000,-1,325.000,325.000,225.000,275.000,-1,-1,-1,-1,775.000,750.000,975.000,-1,2,0,2,0,2,0,0,1,0,2,2,2,2,0,0,1,2
115,-8473.194,-7104.329,-112.439,-176.610,-0.997952,0.059131,-0.024395,-0.059504,-0.998118,0.014825,-0.023473,0.016246,0.999592,0,0.81484,-0.07064,48.890,-0.141,-1,400.000,-1,400.000,-1,325.000,325.000,225.000,275.000,-1,-1,-1,-1,775.000,725.000,925.000,-1,2,0,2,0,2,0,0,1,0,2,2,2,2,0,0,1,2
116,-8521.637,-7107.077,-113.479,-176.753,-0.998087,0.056625,-0.024800,-0.056995,-0.998270,0.014456,-0.023938,0.015841,0.999588,0,0.80869,-0.07194,48.521,-0.144,975.000,400.000,1000.000,400.000,-1,325.000,325.000,225.000,275.000,-1,-1,-1,-1,750.000,725.000,875.000,-1,1,0,1,0,2,0,0,1,0,2,2,2,2,1,0,1,2
117,-8569.740,-7109.681,-114.591,-176.901,-0.998229,0.054062,-0.024841,-0.054423,-0.998418,0.014108,-0.024039,0.015435,0.999592,0,0.80288,-0.07357,48.173,-0.147,900.000,400.000,975.000,400.000,-1,325.000,325.000,225.000,275.000,-1,-1,-1,-1,700.000,725.000,825.000,-1,1,0,1,0,2,0,0,1,0,2,2,2,2,1,0,1,2
118,-8622.335,-7112.397,-115.813,-177.044,-0.998363,0.051568,-0.024758,-0.051919,-0.998557,0.013735,-0.024014,0.014998,0.999599,0,0.87777,-0.07155,52.666,-0.143,850.000,400.000,925.000,400.000,-1,325.000,325.000,225.000,275.000,600.000,-1,-1,-1,675.000,725.000,750.000,-1,1,0,1,0,2,0,0,1,0,1,2,2,2,1,0,1,2
119,-8674.582,-7114.969,-117.031,-177.182,-0.998486,0.049158,-0.024668,-0.049498,-0.998685,0.013365,-0.023979,0.014566,0.999606,0,0.87182,-0.06916,52.309,-0.138,775.000,400.000,875.000,400.000,-1,325.000,325.000,225.000,275.000,525.000,-1,-1,-1,625.000,725.000,700.000,-1,1,0,1,0,2,0,0,1,0,1,2,2,2,1,0,1,2
120,-8726.451,-7117.400,-118.241,-177.316,-0.998602,0.046816,-0.024559,-0.047145,-0.998804,0.012982,-0.023922,0.014121,0.999614,0,0.86544,-0.06717,51.926,-0.134,725.000,400.000,825.000,400.000,-1,325.000,325.000,225.000,275.000,475.000,-1,-1,-1,575.000,725.000,650.000,-1,1,0,1,0,2,0,0,1,0,1,2,2,2,1,0,1,2
121,-8777.922,-7119.695,-119.438,-177.448,-0.998710,0.044529,-0.024422,-0.044846,-0.998915,0.012575,-0.023836,0.013654,0.999623,0,0.85870,-0.06560,51.522,-0.131,650.000,400.000,775.000,400.000,-1,325.000,325.000,225.000,275.000,450.000,-1,-1,-1,525.000,725.000,600.000,-1,1,0,1,0,2,0,0,1,0,1,2,2,2,1,0,1,2
122,-8828.978,-7121.855,-120.629,-177.576,-0.998811,0.042283,-0.024282,-0.042587,-0.999019,0.012172,-0.023744,0.013191,0.999631,0,0.85169,-0.06444,51.102,-0.129,600.000,400.000,725.000,400.000,-1,325.000,325.000,225.000,275.000,450.000,-1,-1,-1,500.000,725.000,550.000,-1,1,0,1,1,2,0,0,1,0,1,2,2,2,1,0,1,2
123,-8879.608,-7123.886,-121.815,-177.704,-0.998906,0.040061,-0.024140,-0.040354,-0.999116,0.011772,-0.023647,0.012734,0.999639,0,0.84452,-0.06370,50.671,-0.127,550.000,375.000,675.000,375.000,-1,325.000,325.000,225.000,275.000,450.000,-1,-1,-1,450.000,725.000,475.000,-1,1,1,1,1,2,0,0,1,0,1,2,2,2,1,0,1,2
124,-8929.808,-7125.787,-122.994,-177.831,-0.998995,0.037852,-0.023994,-0.038133,-0.999208,0.011377,-0.023545,0.012280,0.999647,0,0.83727,-0.06336,50.236,-0.127,475.000,350.000,625.000,375.000,-1,300.000,300.000,225.000,275.000,450.000,-1,-1,-1,400.000,725.000,425.000,-1,1,1,1,1,2,1,1,1,0,1,2,2,2,1,0,1,2
125,-8979.580,-7127.562,-124.166,-177.957,-0.999080,0.035639,-0.023847,-0.035909,-0.999295,0.010985,-0.023439,0.011831,0.999655,0,0.83005,-0.06343,49.803,-0.127,425.000,300.000,575.000,350.000,-1,275.000,300.000,225.000,275.000,450.000,-1,-1,-1,375.000,725.000,375.000,-1,1,1,1,1,2,1,1,1,0,1,2,2,2,1,0,1,2
126,-9028.929,-7129.212,-125.331,-178.085,-0.999161,0.033411,-0.023698,-0.033669,-0.999377,0.010596,-0.023329,0.011385,0.999663,0,0.82295,-0.06389,49.377,-0.128,350.000,275.000,525.000,350.000,-1,250.000,275.000,225.000,275.000,450.000,-1,-1,-1,325.000,725.000,325.000,-1,1,1,1,1,2,1,1,1,0,1,2,2,2,1,0,1,2
127,-9077.869,-7130.737,-126.490,-178.215,-0.999237,0.031153,-0.023547,-0.031400,-0.999455,0.010211,-0.023217,0.010943,0.999671,0,0.81606,-0.06473,48.964,-0.129,300.000,250.000,475.000,325.000,-1,225.000,250.000,250.000,275.000,450.000,-1,-1,-1,300.000,725.000,275.000,1000.000,1,1,1,1,2,1,1,1,0,1,2,2,2,1,0,1,1
128,-9126.416,-7132.139,-127.642,-178.347,-0.999310,0.028853,-0.023395,-0.029089,-0.999528,0.009828,-0.023101,0.010502,0.999678,0,0.80946,-0.06593,48.567,-0.132,250.000,225.000,450.000,325.000,-1,200.000,225.000,250.000,275.000,450.000,-1,-1,-1,250.000,725.000,225.000,950.000,1,1,1,1,2,1,1,1,0,1,2,2,2,1,0,1,1
129,-9174.591,-7133.416,-128.788,-178.481,-0.999379,0.026499,-0.023243,-0.026725,-0.999598,0.009447,-0.022984,0.010062,0.999685,0,0.80320,-0.06747,48.192,-0.135,200.000,175.000,400.000,300.000,-1,175.000,225.000,250.000,275.000,450.000,-1,-1,-1,225.000,725.000,175.000,900.000,1,1,1,1,2,1,1,1,0,1,2,2,2,1,1,1,1
130,-9227.561,-7134.923,-124.237,-178.376,-0.999587,0.028319,-0.004976,-0.028462,-0.999097,0.031552,-0.004078,0.031681,0.999490,0,0.88320,0.05253,52.992,0.105,175.000,175.000,400.000,325.000,-1,175.000,225.000,275.000,275.000,475.000,575.000,475.000,-1,200.000,725.000,150.000,900.000,1,1,1,1,2,1,1,1,0,1,0,0,2,1,1,1,1
131,-9285.319,-7136.936,-115.821,-178.031,-0.999089,0.034273,0.025415,-0.032447,-0.997084,0.069072,0.027708,0.068184,0.997288,0,0.96320,0.17253,57.792,0.345,150.000,175.000,450.000,375.000,-1,175.000,225.000,350.000,250.000,525.000,275.000,150.000,725.000,200.000,725.000,150.000,925.000,1,1,1,1,2,1,1,1,0,1,0,0,0,1,1,1,1
132,-9511.017,-983.899,-134.711,-110.513,-0.350317,0.936588,0.008927,-0.936431,-0.350424,0.017315,0.019345,-0.002294,0.999810,1,0.00000,0.00000,60.000,0.585,-1,375.000,-1,400.000,550.000,325.000,325.000,325.000,325.000,-1,-1,-1,-1,725.000,750.000,-1,700.000,2,0,2,0,1,0,0,0,0,2,2,2,2,0,1,2,1
133,-9512.718,-988.387,-134.613,-110.753,-0.354240,0.935113,0.008855,-0.934954,-0.354344,0.017386,0.019395,-0.002121,0.999810,0,0.08000,-0.12000,4.800,-0.240,-1,375.000,-1,400.000,550.000,325.000,325.000,325.000,325.000,-1,-1,-1,-1,725.000,750.000,-1,700.000,2,0,2,0,1,0,0,0,0,2,2,2,2,0,1,2,1
134,-9516.195,-997.336,-134.415,-111.233,-0.362065,0.932112,0.008708,-0.931949,-0.362166,0.017532,0.019495,-0.001768,0.999808,0,0.16000,-0.24000,9.600,-0.480,-1,375.000,-1,400.000,550.000,325.000,325.000,325.000,325.000,-1,-1,-1,-1,725.000,750.000,-1,675.000,2,0,2,0,1,0,0,0,0,2,2,2,2,0,1,2,1
135,-9521.578,-1010.691,-134.116,-111.953,-0.373756,0.927488,0.008479,-0.927319,-0.373850,0.017763,0.019645,-0.001223,0.999806,0,0.24000,-0.36000,14.400,-0.720,-1,375.000,-1,400.000,525.000,325.000,325.000,325.000,325.000,-1,-1,-1,-1,750.000,725.000,-1,650.000,2,0,2,0,1,0,0,0,0,2,2,2,2,0,1,2,1
136,-9529.054,-1028.376,-133.716,-112.913,-0.389252,0.921095,0.008160,-0.920917,-0.389338,0.018096,0.019845,-0.000471,0.999803,0,0.32000,-0.48000,19.200,-0.960,-1,375.000,-1,400.000,500.000,325.000,325.000,325.000,325.000,-1,-1,-1,-1,750.000,700.000,-1,625.000,2,0,2,0,1,0,0,0,0,2,2,2,2,0,1,2,1
137,-9538.859,-1050.282,-133.211,-114.113,-0.408469,0.912739,0.007742,-0.912551,-0.408542,0.018549,0.020093,0.000511,0.999798,0,0.40000,-0.60000,24.000,-1.200,-1,375.000,-1,400.000,475.000,325.000,325.000,325.000,325.000,-1,-1,-1,-1,750.000,675.000,-1,600.000,2,0,2,0,1,0,0,0,0,2,2,2,2,0,1,2,1
138,-9551.281,-1076.265,-132.599,-115.553,-0.431293,0.902183,0.007216,-0.901982,-0.431350,0.019149,0.020389,0.001750,0.999791,0,0.48000,-0.72000,28.800,-1.440,-1,375.000,-1,400.000,450.000,325.000,325.000,325.000,325.000,-1,-1,-1,-1,750.000,625.000,-1,550.000,2,0,2,0,1,0,0,0,0,2,2,2,2,0,1,2,1
139,-9566.657,-1106.141,-131.876,-117.233,-0.457577,0.889146,0.006573,-0.888929,-0.457612,0.019931,0.020729,0.003277,0.999780,0,0.56000,-0.84000,33.600,-1.680,-1,400.000,-1,400.000,425.000,325.000,325.000,325.000,325.000,-1,-1,-1,-1,750.000,600.000,-1,525.000,2,0,2,0,1,0,0,0,0,2,2,2,2,0,1,2,1
140,-9585.363,-1139.676,-131.033,-119.153,-0.487134,0.873308,0.005780,-0.873072,-0.487141,0.020929,0.021093,0.005148,0.999764,0,0.64000,-0.96000,38.400,-1.920,-1,400.000,-1,400.000,400.000,325.000,325.000,325.000,325.000,-1,-1,-1,-1,775.000,550.000,-1,475.000,2,0,2,0,1,0,0,0,0,2,2,2,2,0,1,2,1
141,-9607.712,-1176.646,-130.340,-121.153,-0.517330,0.855770,0.005245,-0.855541,-0.517319,0.020729,0.020452,0.006237,0.999771,0,0.72000,-1.00000,43.200,-2.000,-1,400.000,-1,400.000,350.000,325.000,325.000,325.000,325.000,-1,-1,-1,-1,775.000,525.000,-1,425.000,2,0,2,0,1,0,0,0,0,2,2,2,2,0,1,2,1
142,-9633.962,-1216.832,-129.593,-123.153,-0.546897,0.837188,0.004569,-0.836970,-0.546866,0.020483,0.019647,0.007378,0.999780,0,0.80000,-1.00000,48.000,-2.000,-1,400.000,-1,400.000,325.000,325.000,325.000,325.000,325.000,-1,-1,-1,-1,775.000,475.000,-1,375.000,2,0,2,1,1,0,0,0,0,2,2,2,2,0,1,2,1
143,-9662.709,-1257.655,-128.823,-125.153,-0.575796,0.817584,0.003769,-0.817378,-0.575745,0.020266,0.018739,0.008588,0.999788,0,0.83215,-1.00000,49.929,-2.000,-1,400.000,900.000,375.000,275.000,325.000,325.000,325.000,325.000,-1,-1,-1,-1,775.000,425.000,-1,325.000,2,0,1,1,1,0,0,0,0,2,2,2,2,0,1,2,1
144,-9692.910,-1297.510,-128.050,-127.153,-0.603994,0.796984,0.002867,-0.796791,-0.603920,0.020119,0.017766,0.009867,0.999793,0,0.83342,-1.00000,50.005,-2.000,-1,400.000,775.000,325.000,225.000,325.000,325.000,325.000,325.000,-1,-1,-1,-1,775.000,375.000,-1,275.000,2,0,1,1,1,0,0,0,0,2,2,2,2,0,1,2,1
145,-9724.520,-1336.334,-127.276,-129.153,-0.631454,0.775411,0.001866,-0.775233,-0.631358,0.020053,0.016727,0.011216,0.999797,0,0.83442,-1.00000,50.065,-2.000,-1,400.000,675.000,300.000,200.000,325.000,325.000,325.000,325.000,-1,-1,-1,-1,775.000,325.000,-1,225.000,2,0,1,1,1,0,1,0,1,2,2,2,2,0,1,2,1
146,-9760.000,-1376.929,-126.439,-131.153,-0.658145,0.752891,0.000681,-0.752730,-0.658023,0.020103,0.015583,0.012718,0.999798,0,0.89858,-1.00000,53.915,-2.000,-1,400.000,575.000,250.000,150.000,325.000,275.000,300.000,300.000,-1,-1,-1,-1,725.000,275.000,-1,175.000,2,0,1,1,1,0,1,0,1,2,2,2,2,1,1,2,1
147,-9797.090,-1416.488,-119.636,-133.153,-0.683417,0.729503,0.027686,-0.729326,-0.683931,0.017923,0.032011,-0.007943,0.999456,0,0.90377,-1.00000,54.226,-2.000,-1,425.000,525.000,225.000,150.000,350.000,250.000,300.000,325.000,-1,-1,-1,-1,650.000,275.000,-1,150.000,2,0,1,1,1,1,1,0,1,2,2,2,2,1,1,2,1
148,-9835.745,-1454.941,-110.592,-135.153,-0.706492,0.704732,0.064978,-0.705585,-0.708513,0.012629,0.054938,-0.036925,0.997807,0,0.90868,-1.00000,54.521,-2.000,-1,450.000,500.000,225.000,125.000,325.000,225.000,275.000,350.000,-1,125.000,300.000,-1,600.000,250.000,-1,150.000,2,1,1,1,1,1,1,0,1,2,0,0,2,1,1,2,1
149,-9875.915,-1492.216,-100.932,-137.153,-0.727147,0.678451,0.104697,-0.681867,-0.731464,0.004255,0.079469,-0.068295,0.994495,0,0.91327,-1.00000,54.796,-2.000,-1,400.000,475.000,200.000,125.000,300.000,225.000,250.000,375.000,750.000,50.000,200.000,-1,550.000,250.000,-1,125.000,2,1,1,1,1,1,1,0,1,0,0,0,2,1,1,2,1
150,-9917.547,-1528.241,-90.686,-139.153,-0.745133,0.650620,0.146530,-0.658539,-0.752509,-0.007519,0.105373,-0.102098,0.989178,0,0.91747,-1.00000,55.048,-2.000,-1,375.000,450.000,200.000,125.000,275.000,200.000,250.000,425.000,400.000,25.000,200.000,-1,500.000,225.000,-1,125.000,2,1,1,1,1,1,1,0,1,0,0,0,2,1,1,2,1
151,-9960.581,-1562.946,-80.163,-141.153,-0.760002,0.621113,0.191352,-0.636143,-0.771220,-0.023281,0.133115,-0.139421,0.981245,0,0.92124,-1.00000,55.274,-2.000,-1,325.000,450.000,200.000,125.000,250.000,200.000,225.000,500.000,250.000,0.000,175.000,-1,450.000,225.000,-1,125.000,2,1,1,1,1,1,1,0,1,0,0,0,2,1,1,2,1
152,1639.354,7543.105,35.303,106.165,-0.244002,-0.929199,-0.277581,0.961384,-0.269343,0.056535,-0.127297,-0.253068,0.959037,1,0.00000,0.00000,55.471,-2.000,50.000,250.000,-1,500.000,-1,250.000,350.000,150.000,200.000,625.000,475.000,475.000,150.000,350.000,875.000,50.000,-1,0,0,2,0,2,0,0,0,1,1,1,1,1,0,0,0,2
153,6887.288,327.966,-270.168,57.505,0.537226,-0.843438,-0.000588,0.843436,0.537222,0.002918,-0.002145,-0.002064,0.999996,1,0.00000,0.00000,4.800,0.240,-1,400.000,-1,400.000,-1,325.000,325.000,300.000,300.000,-1,-1,525.000,525.000,725.000,750.000,-1,-1,2,0,2,0,2,0,0,0,0,2,2,1,1,0,0,2,2
154,6889.884,332.004,-270.184,57.265,0.540754,-0.841181,-0.000605,0.841178,0.540750,0.002895,-0.002108,-0.002074,0.999996,0,0.08000,-0.12000,4.800,-0.240,-1,400.000,-1,400.000,-1,325.000,325.000,300.000,300.000,-1,-1,525.000,525.000,725.000,750.000,-1,-1,2,0,2,0,2,0,0,0,0,2,2,1,1,0,0,2,2
155,6895.142,340.035,-270.217,56.785,0.547782,-0.836621,-0.000639,0.836619,0.547778,0.002853,-0.002037,-0.002097,0.999996,0,0.16000,-0.24000,9.600,-0.480,-1,400.000,-1,400.000,-1,325.000,325.000,300.000,300.000,-1,-1,550.000,550.000,725.000,750.000,-1,-1,2,0,2,0,2,0,0,0,0,2,2,1,1,0,0,2,2
156,6903.181,351.983,-270.266,56.065,0.558252,-0.829671,-0.000694,0.829669,0.558248,0.002797,-0.001933,-0.002137,0.999996,0,0.24000,-0.36000,14.400,-0.720,-1,400.000,-1,400.000,-1,325.000,325.000,300.000,300.000,-1,-1,575.000,550.000,725.000,750.000,-1,-1,2,0,2,0,2,0,0,0,0,2,2,1,1,0,0,2,2
157,6914.165,367.731,-270.334,55.105,0.572074,-0.820202,-0.000775,0.820200,0.572070,0.002735,-0.001800,-0.002200,0.999996,0,0.32000,-0.48000,19.200,-0.960,-1,400.000,-1,400.000,-1,325.000,325.000,300.000,300.000,-1,-1,600.000,575.000,725.000,750.000,-1,-1,2,0,2,0,2,0,0,0,0,2,2,1,1,0,0,2,2
158,6928.304,387.124,-270.403,53.905,0.589125,-0.808041,-0.000861,0.808040,0.589122,0.002580,-0.001578,-0.002215,0.999996,0,0.40000,-0.60000,24.000,-1.200,-1,400.000,-1,400.000,-1,325.000,325.000,300.000,300.000,-1,-1,675.000,575.000,725.000,750.000,-1,-1,2,0,2,0,2,0,0,0,0,2,2,1,1,0,0,2,2
159,6945.850,409.962,-270.474,52.465,0.609245,-0.792981,-0.000961,0.792981,0.609242,0.002334,-0.001265,-0.002184,0.999997,0,0.48000,-0.72000,28.800,-1.440,-1,400.000,-1,400.000,-1,325.000,325.000,300.000,300.000,-1,-1,-1,600.000,725.000,750.000,-1,-1,2,0,2,0,2,0,0,0,0,2,2,2,1,0,0,2,2
160,6964.421,432.719,-270.482,50.785,0.632231,-0.774780,-0.000731,0.774779,0.632228,0.002090,-0.001157,-0.001887,0.999998,0,0.48955,-0.84000,29.373,-1.680,-1,400.000,-1,400.000,-1,325.000,325.000,300.000,300.000,-1,-1,-1,625.000,725.000,750.000,-1,-1,2,0,2,0,2,0,0,0,0,2,2,2,1,0,0,2,2
161,6984.066,455.212,-270.474,48.865,0.657834,-0.753163,-0.000417,0.753162,0.657832,0.001828,-0.001102,-0.001517,0.999998,0,0.49774,-0.96000,29.864,-1.920,-1,400.000,-1,400.000,-1,325.000,325.000,300.000,300.000,-1,-1,-1,650.000,725.000,750.000,-1,-1,2,0,2,0,2,0,0,0,0,2,2,2,1,0,0,2,2
162,7004.839,477.383,-270.470,46.865,0.683718,-0.729747,-0.000136,0.729746,0.683717,0.001546,-0.001035,-0.001157,0.999999,0,0.50637,-1.00000,30.382,-2.000,-1,400.000,-1,400.000,-1,325.000,325.000,300.000,300.000,-1,-1,-1,675.000,725.000,725.000,-1,-1,2,0,2,0,2,0,0,0,0,2,2,2,1,0,0,2,2
163,7029.775,502.202,-270.472,44.865,0.708769,-0.705441,0.000109,0.705440,0.708768,0.001212,-0.000932,-0.000782,0.999999,0,0.58637,-1.00000,35.182,-2.000,-1,400.000,-1,400.000,-1,325.000,325.000,300.000,300.000,-1,-1,-1,700.000,725.000,725.000,-1,-1,2,0,2,0,2,0,0,0,0,2,2,2,1,0,0,2,2
164,7056.717,527.207,-270.481,42.865,0.732956,-0.680276,0.000300,0.680275,0.732956,0.000858,-0.000804,-0.000425,1.000000,0,0.61261,-1.00000,36.757,-2.000,-1,400.000,-1,400.000,-1,325.000,325.000,300.000,300.000,-1,-1,-1,725.000,725.000,725.000,-1,-1,2,0,2,0,2,0,0,0,0,2,2,2,1,0,0,2,2
165,7080.884,548.116,-270.494,40.865,0.756251,-0.654282,0.000431,0.654281,0.756251,0.000541,-0.000680,-0.000127,1.000000,0,0.53261,-1.00000,31.957,-2.000,-1,400.000,-1,400.000,-1,325.000,325.000,300.000,300.000,-1,-1,-1,750.000,725.000,725.000,-1,-1,2,0,2,0,2,0,0,0,0,2,2,2,1,0,0,2,2
166,7102.029,565.156,-270.510,38.865,0.778624,-0.627490,0.000518,0.627490,0.778624,0.000262,-0.000568,0.000121,1.000000,0,0.45261,-1.00000,27.157,-2.000,-1,400.000,-1,400.000,-1,325.000,325.000,300.000,300.000,-1,-1,-1,775.000,725.000,725.000,-1,-1,2,0,2,0,2,0,0,0,0,2,2,2,1,0,0,2,2
167,7119.915,578.569,-270.522,36.865,0.800049,-0.599934,0.000571,0.599934,0.800049,-0.000008,-0.000452,0.000349,1.000000,0,0.37261,-1.00000,22.357,-2.000,-1,400.000,-1,375.000,-1,325.000,325.000,300.000,300.000,-1,-1,-1,800.000,725.000,725.000,-1,-1,2,0,2,0,2,0,0,0,0,2,2,2,1,0,0,2,2
168,7134.321,588.605,-270.534,34.865,0.820499,-0.571647,0.000601,0.571648,0.820499,-0.000246,-0.000352,0.000545,1.000000,0,0.29261,-1.00000,17.557,-2.000,-1,400.000,-1,375.000,-1,325.000,325.000,300.000,300.000,-1,-1,-1,825.000,725.000,725.000,-1,-1,2,0,2,0,2,0,0,0,0,2,2,2,1,0,0,2,2
169,7145.036,595.528,-270.543,32.865,0.839950,-0.542664,0.000592,0.542664,0.839949,-0.000423,-0.000267,0.000677,1.000000,0,0.21261,-1.00000,12.757,-2.000,-1,400.000,-1,375.000,-1,325.000,325.000,300.000,300.000,-1,-1,-1,850.000,725.000,725.000,-1,-1,2,0,2,0,2,0,0,0,0,2,2,2,1,0,0,2,2
170,7151.866,599.610,-270.556,30.865,0.858377,-0.513020,0.000592,0.513020,0.858376,-0.000556,-0.000223,0.000781,1.000000,0,0.13261,-1.00000,7.957,-2.000,-1,375.000,-1,375.000,-1,325.000,325.000,300.000,300.000,-1,-1,-1,875.000,725.000,725.000,-1,-1,2,0,2,0,2,0,0,0,0,2,2,2,1,0,0,2,2
171,7154.630,601.134,-270.574,28.865,0.875758,-0.482750,0.000617,0.482751,0.875758,-0.000655,-0.000224,0.000871,1.000000,0,0.05261,-1.00000,3.157,-2.000,-1,375.000,-1,375.000,-1,325.000,325.000,300.000,300.000,-1,-1,-1,900.000,725.000,725.000,-1,-1,2,0,2,0,2,0,0,0,0,2,2,2,1,0,0,2,2
172,7153.164,600.391,-270.595,26.865,0.892072,-0.451893,0.000670,0.451893,0.892072,-0.000728,-0.000269,0.000953,1.000000,0,-0.02739,-1.00000,-1.643,-2.000,-1,375.000,-1,375.000,-1,325.000,325.000,300.000,300.000,-1,-1,-1,950.000,725.000,725.000,-1,-1,2,0,2,0,2,0,0,0,0,2,2,2,1,0,0,2,2
173,7147.319,597.682,-270.614,24.865,0.907299,-0.420484,0.000748,0.420485,0.907299,-0.000808,-0.000339,0.001048,0.999999,0,-0.10739,-1.00000,-6.443,-2.000,-1,375.000,-1,400.000,-1,325.000,325.000,300.000,300.000,-1,-1,-1,-1,725.000,750.000,-1,-1,2,0,2,0,2,0,0,0,0,2,2,2,2,0,0,2,2
174,7136.959,593.313,-270.620,22.865,0.921421,-0.388564,0.000818,0.388565,0.921421,-0.000896,-0.000406,0.001144,0.999999,0,-0.18739,-1.00000,-11.243,-2.000,-1,375.000,-1,400.000,-1,325.000,325.000,300.000,300.000,-1,-1,-1,-1,725.000,750.000,-1,-1,2,0,2,0,2,0,0,0,0,2,2,2,2,0,0,2,2
175,7121.968,587.599,-270.622,20.865,0.934421,-0.356170,0.000901,0.356171,0.934420,-0.000984,-0.000492,0.001240,0.999999,0,-0.26739,-1.00000,-16.043,-2.000,-1,400.000,-1,400.000,-1,325.000,325.000,300.000,300.000,-1,-1,-1,-1,725.000,750.000,-1,-1,2,0,2,0,2,0,0,0,0,2,2,2,2,0,0,2,2
176,7102.244,580.860,-270.621,18.865,0.946282,-0.323342,0.001000,0.323343,0.946281,-0.001087,-0.000595,0.001352,0.999999,0,-0.34739,-1.00000,-20.843,-2.000,-1,400.000,-1,400.000,-1,325.000,325.000,300.000,300.000,-1,-1,-1,-1,725.000,750.000,-1,-1,2,0,2,0,2,0,0,0,0,2,2,2,2,0,0,2,2
177,7082.313,574.818,-270.625,16.865,0.956989,-0.290121,0.001082,0.290122,0.956989,-0.001226,-0.000680,0.001487,0.999999,0,-0.34711,-1.00000,-20.827,-2.000,-1,400.000,-1,400.000,775.000,325.000,325.000,300.000,300.000,-1,-1,-1,-1,725.000,750.000,-1,-1,2,0,2,0,1,0,0,0,0,2,2,2,2,0,0,2,2
178,7062.594,569.584,-270.630,14.865,0.966532,-0.256545,0.001150,0.256547,0.966531,-0.001381,-0.000758,0.001630,0.999998,0,-0.34003,-1.00000,-20.402,-2.000,-1,400.000,-1,400.000,700.000,325.000,325.000,300.000,300.000,-1,-1,-1,-1,725.000,750.000,-1,-1,2,0,2,0,1,0,0,0,0,2,2,2,2,0,0,2,2
179,7043.117,565.135,-270.636,12.865,0.974896,-0.222658,0.001204,0.222659,0.974895,-0.001549,-0.000829,0.001779,0.999998,0,-0.33299,-1.00000,-19.979,-2.000,-1,400.000,-1,400.000,650.000,325.000,325.000,300.000,300.000,-1,-1,-1,-1,725.000,750.000,-1,-1,2,0,2,0,1,0,0,0,0,2,2,2,2,0,0,2,2
180,7023.906,561.448,-270.642,10.865,0.982073,-0.188499,0.001243,0.188500,0.982072,-0.001728,-0.000895,0.001932,0.999998,0,-0.32603,-1.00000,-19.562,-2.000,-1,400.000,-1,400.000,600.000,325.000,325.000,300.000,300.000,-1,-1,-1,-1,725.000,750.000,-1,-1,2,0,2,0,1,0,0,0,0,2,2,2,2,0,0,2,2
181,7004.984,558.497,-270.648,8.865,0.988053,-0.154110,0.001267,0.154112,0.988052,-0.001916,-0.000956,0.002089,0.999997,0,-0.31917,-1.00000,-19.150,-2.000,-1,400.000,-1,400.000,600.000,325.000,325.000,300.000,300.000,-1,-1,-1,-1,725.000,750.000,-1,-1,2,0,2,0,1,0,0,0,0,2,2,2,2,0,0,2,2
182,6986.371,556.256,-270.655,6.865,0.992829,-0.119533,0.001274,0.119536,0.992828,-0.002111,-0.001013,0.002248,0.999997,0,-0.31246,-1.00000,-18.748,-2.000,-1,400.000,-1,400.000,575.000,325.000,325.000,300.000,300.000,-1,-1,-1,-1,725.000,750.000,-1,825.000,2,0,2,0,1,0,0,0,0,2,2,2,2,0,0,2,1
183,6968.083,554.699,-270.661,4.865,0.996396,-0.084811,0.001266,0.084814,0.996394,-0.002309,-0.001066,0.002408,0.999997,0,-0.30591,-1.00000,-18.354,-2.000,-1,400.000,-1,400.000,575.000,325.000,325.000,300.000,300.000,-1,-1,-1,-1,750.000,750.000,-1,750.000,2,0,2,0,1,0,0,0,0,2,2,2,2,0,1,2,1
184,6950.133,553.801,-270.660,2.865,0.998749,-0.049986,0.001220,0.049989,0.998747,-0.002485,-0.001095,0.002543,0.999996,0,-0.29954,-1.00000,-17.973,-2.000,-1,400.000,-1,400.000,600.000,325.000,325.000,300.000,300.000,-1,-1,-1,-1,750.000,700.000,-1,700.000,2,0,2,0,1,0,0,0,0,2,2,2,2,0,1,2,1
185,6932.531,553.535,-270.634,0.865,0.999885,-0.015100,0.001087,0.015103,0.999883,-0.002570,-0.001048,0.002586,0.999996,0,-0.29339,-1.00000,-17.603,-2.000,-1,400.000,-1,400.000,600.000,325.000,325.000,300.000,300.000,-1,-1,-1,-1,750.000,675.000,-1,675.000,2,0,2,0,1,0,0,0,0,2,2,2,2,0,1,2,1
186,6910.853,553.964,-270.606,-1.135,0.999803,0.019805,0.000974,-0.019802,0.999800,-0.002684,-0.001027,0.002664,0.999996,0,-0.36138,-1.00000,-21.683,-2.000,-1,400.000,-1,400.000,625.000,325.000,325.000,300.000,300.000,-1,-1,-1,-1,750.000,650.000,-1,675.000,2,0,2,0,1,0,0,0,0,2,2,2,2,0,1,2,1
187,6889.791,555.118,-270.580,-3.135,0.998503,0.054685,0.000861,-0.054683,0.998500,-0.002802,-0.001013,0.002750,0.999996,0,-0.35155,-1.00000,-21.093,-2.000,-1,400.000,-1,400.000,675.000,325.000,325.000,300.000,300.000,-1,-1,-1,-1,750.000,625.000,-1,675.000,2,0,2,1,1,0,0,0,0,2,2,2,2,0,1,2,1
188,6869.364,556.953,-270.520,-5.135,0.995987,0.089499,0.000868,-0.089496,0.995983,-0.002797,-0.001115,0.002708,0.999996,0,-0.34182,-1.00000,-20.509,-2.000,-1,400.000,-1,400.000,700.000,325.000,325.000,300.000,300.000,-1,-1,-1,-1,750.000,625.000,-1,700.000,2,0,2,0,1,0,0,0,0,2,2,2,2,0,1,2,1
189,6849.582,559.429,-270.458,-7.135,0.992256,0.124204,0.000892,-0.124201,0.992253,-0.002793,-0.001232,0.002660,0.999996,0,-0.33227,-1.00000,-19.936,-2.000,-1,400.000,-1,400.000,725.000,325.000,325.000,300.000,300.000,-1,-1,-1,-1,750.000,625.000,-1,700.000,2,0,2,0,1,0,0,0,0,2,2,2,2,0,1,2,1
190,6830.452,562.506,-270.395,-9.135,0.987317,0.158757,0.000934,-0.158754,0.987314,-0.002790,-0.001365,0.002606,0.999996,0,-0.32294,-1.00000,-19.377,-2.000,-1,400.000,-1,400.000,775.000,325.000,325.000,300.000,300.000,-1,-1,-1,-1,750.000,625.000,-1,725.000,2,0,2,0,1,0,0,0,0,2,2,2,2,0,1,2,1
191,6811.972,566.143,-270.332,-11.135,0.981175,0.193117,0.000992,-0.193114,0.981172,-0.002789,-0.001511,0.002545,0.999996,0,-0.31391,-1.00000,-18.835,-2.000,-1,400.000,-1,400.000,825.000,325.000,325.000,300.000,300.000,-1,-1,-1,-1,750.000,625.000,-1,750.000,2,0,2,0,1,0,0,0,0,2,2,2,2,0,1,2,1
192,6794.138,570.304,-270.267,-13.135,0.973838,0.227242,0.001065,-0.227239,0.973835,-0.002790,-0.001671,0.002475,0.999996,0,-0.30522,-1.00000,-18.313,-2.000,-1,400.000,-1,400.000,875.000,325.000,325.000,300.000,300.000,-1,-1,-1,-1,750.000,650.000,-1,775.000,2,0,2,0,1,0,0,0,0,2,2,2,2,0,1,2,1
193,6776.942,574.955,-270.203,-15.135,0.965314,0.261090,0.001154,-0.261086,0.965311,-0.002796,-0.001844,0.002398,0.999995,0,-0.29690,-1.00000,-17.814,-2.000,-1,400.000,-1,400.000,900.000,325.000,325.000,300.000,300.000,-1,-1,-1,-1,750.000,675.000,-1,825.000,2,0,2,0,1,0,0,0,0,2,2,2,2,0,1,2,1
194,6760.372,580.064,-270.137,-17.135,0.955614,0.294620,0.001256,-0.294616,0.955612,-0.002806,-0.002027,0.002312,0.999995,0,-0.28900,-1.00000,-17.340,-2.000,-1,400.000,-1,400.000,925.000,325.000,325.000,300.000,300.000,-1,1000.000,-1,-1,750.000,675.000,-1,850.000,2,0,2,0,1,0,0,0,0,2,0,2,2,0,1,2,1
195,6748.507,584.125,-270.085,-18.895,0.946114,0.323831,0.001338,-0.323826,0.946112,-0.002795,-0.002171,0.002211,0.999995,0,-0.20900,-0.88000,-12.540,-1.760,-1,400.000,-1,375.000,900.000,325.000,325.000,300.000,300.000,-1,950.000,-1,-1,750.000,700.000,-1,875.000,2,0,2,0,1,0,0,0,0,2,0,2,2,0,1,2,1
196,6741.254,586.825,-270.046,-20.415,0.937191,0.348813,0.001393,-0.348809,0.937190,-0.002757,-0.002267,0.002098,0.999995,0,-0.12900,-0.76000,-7.740,-1.520,-1,400.000,-1,375.000,900.000,325.000,325.000,300.000,300.000,-1,925.000,-1,-1,750.000,725.000,-1,925.000,2,0,2,0,1,0,0,0,0,2,0,2,2,0,1,2,1
197,6738.522,587.911,-270.023,-21.695,0.929165,0.369662,0.001415,-0.369657,0.929164,-0.002687,-0.002308,0.001973,0.999995,0,-0.04900,-0.64000,-2.940,-1.280,-1,400.000,-1,375.000,875.000,325.000,325.000,300.000,300.000,-1,900.000,1000.000,-1,750.000,725.000,-1,925.000,2,0,2,0,1,0,0,0,0,2,0,0,2,0,1,2,1
198,6740.238,587.192,-270.014,-22.735,0.922303,0.386466,0.001401,-0.386462,0.922302,-0.002581,-0.002290,0.001839,0.999996,0,0.03100,-0.52000,1.860,-1.040,-1,400.000,-1,375.000,875.000,325.000,325.000,300.000,300.000,-1,875.000,975.000,-1,750.000,725.000,-1,950.000,2,0,2,0,1,0,0,0,0,2,0,0,2,0,0,2,1
199,6746.343,584.531,-270.021,-23.551,0.916706,0.399560,0.001349,-0.399556,0.916706,-0.002437,-0.002211,0.001695,0.999996,0,0.11100,-0.40794,6.660,-0.816,-1,400.000,-1,375.000,850.000,325.000,325.000,300.000,300.000,-1,875.000,975.000,-1,750.000,725.000,-1,950.000,2,0,2,0,1,0,0,0,0,2,0,0,2,0,0,2,1
200,6756.783,579.804,-270.039,-24.364,0.910939,0.412538,0.001262,-0.412535,0.910939,-0.002234,-0.002071,0.001514,0.999997,0,0.19100,-0.40686,11.460,-0.814,-1,400.000,-1,375.000,825.000,325.000,325.000,300.000,300.000,-1,850.000,950.000,-1,750.000,725.000,-1,950.000,2,0,2,0,1,0,0,0,0,2,0,0,2,0,0,2,1
201,6771.498,572.886,-270.069,-25.179,0.904983,0.425445,0.001141,-0.425443,0.904983,-0.001970,-0.001870,0.001298,0.999997,0,0.27100,-0.40723,16.260,-0.814,-1,400.000,-1,375.000,825.000,325.000,325.000,300.000,300.000,-1,850.000,950.000,-1,750.000,725.000,-1,925.000,2,0,2,0,1,0,0,0,0,2,0,0,2,0,0,2,1
202,6790.427,563.655,-270.110,-25.997,0.898817,0.438323,0.000990,-0.438321,0.898817,-0.001644,-0.001610,0.001044,0.999998,0,0.35100,-0.40905,21.060,-0.818,-1,400.000,1000.000,375.000,800.000,325.000,325.000,300.000,300.000,-1,850.000,925.000,-1,750.000,725.000,-1,925.000,2,0,1,0,1,0,0,0,0,2,0,0,2,0,1,2,1
203,6813.505,551.986,-270.159,-26.822,0.892415,0.451214,0.000814,-0.451213,0.892415,-0.001256,-0.001294,0.000754,0.999999,0,0.43100,-0.41233,25.860,-0.825,-1,400.000,950.000,375.000,775.000,325.000,325.000,300.000,300.000,-1,825.000,925.000,-1,750.000,725.000,-1,900.000,2,0,1,0,1,0,0,0,0,2,0,0,2,0,1,2,1
204,6840.662,537.755,-270.216,-27.656,0.885752,0.464159,0.000621,-0.464158,0.885752,-0.000805,-0.000923,0.000425,0.999999,0,0.51100,-0.41709,30.660,-0.834,-1,400.000,925.000,375.000,750.000,325.000,325.000,300.000,300.000,-1,825.000,900.000,-1,775.000,700.000,-1,875.000,2,0,1,0,1,0,0,0,0,2,0,0,2,0,1,2,1
205,6871.824,520.834,-270.279,-28.502,0.878796,0.477197,0.000416,-0.477197,0.878796,-0.000293,-0.000505,0.000059,1.000000,0,0.59100,-0.42335,35.460,-0.847,-1,400.000,875.000,375.000,725.000,325.000,325.000,300.000,300.000,-1,825.000,900.000,-1,750.000,675.000,-1,850.000,2,0,1,0,1,0,0,0,0,2,0,0,2,1,1,2,1
206,6906.912,501.091,-270.344,-29.365,0.871515,0.490368,0.000209,-0.490368,0.871515,0.000281,-0.000044,-0.000347,1.000000,0,0.67100,-0.43114,40.260,-0.862,-1,400.000,825.000,400.000,700.000,325.000,325.000,300.000,300.000,-1,825.000,900.000,-1,700.000,675.000,-1,800.000,2,0,1,0,1,0,0,0,0,2,0,0,2,1,1,2,1
207,6943.440,479.792,-270.405,-30.246,0.863873,0.503710,0.000024,-0.503710,0.863872,0.000878,0.000421,-0.000770,1.000000,0,0.70475,-0.44051,42.285,-0.881,-1,400.000,800.000,400.000,650.000,325.000,325.000,300.000,300.000,-1,825.000,900.000,-1,650.000,625.000,-1,775.000,2,1,1,0,1,0,0,0,0,2,0,0,2,1,1,2,1
208,6979.683,457.889,-270.458,-31.147,0.855844,0.517234,-0.000124,-0.517233,0.855843,0.001473,0.000868,-0.001196,0.999999,0,0.70579,-0.45057,42.347,-0.901,-1,375.000,750.000,400.000,625.000,325.000,325.000,300.000,300.000,-1,850.000,900.000,-1,600.000,600.000,-1,725.000,2,1,1,0,1,1,0,0,0,2,0,0,2,1,1,2,1
209,7015.612,435.378,-270.501,-32.068,0.847416,0.530929,-0.000235,-0.530928,0.847415,0.002060,0.001293,-0.001621,0.999998,0,0.70663,-0.46069,42.398,-0.921,-1,375.000,700.000,400.000,600.000,325.000,325.000,300.000,300.000,-1,850.000,900.000,-1,575.000,575.000,-1,700.000,2,1,1,0,1,1,0,0,0,2,0,0,2,1,1,2,1
210,7054.208,410.517,-270.479,-32.787,0.840690,0.541516,-0.000306,-0.541514,0.840688,0.002357,0.001534,-0.001815,0.999997,0,0.76517,-0.35934,45.910,-0.719,-1,350.000,650.000,400.000,575.000,300.000,325.000,300.000,300.000,-1,875.000,925.000,-1,525.000,550.000,875.000,650.000,2,1,1,0,1,1,0,0,0,2,0,0,2,1,1,1,1
211,7092.766,384.978,-270.452,-33.518,0.833709,0.552205,-0.000349,-0.552202,0.833706,0.002677,0.001769,-0.002039,0.999996,0,0.77081,-0.36574,46.249,-0.731,-1,350.000,600.000,375.000,525.000,300.000,325.000,300.000,300.000,-1,900.000,950.000,-1,475.000,525.000,750.000,600.000,2,1,1,0,1,1,1,0,0,2,0,0,2,1,1,1,1
212,7131.257,358.758,-270.419,-34.263,0.826467,0.562985,-0.000369,-0.562981,0.826464,0.003017,0.002003,-0.002286,0.999995,0,0.77623,-0.37204,46.574,-0.744,-1,325.000,550.000,375.000,500.000,275.000,300.000,300.000,300.000,-1,925.000,975.000,-1,450.000,475.000,650.000,575.000,2,1,1,1,1,1,1,0,0,2,0,0,2,1,1,1,1
213,7169.654,331.853,-270.347,-35.019,0.818963,0.573846,-0.000207,-0.573842,0.818959,0.003423,0.002134,-0.002685,0.999994,0,0.78141,-0.37822,46.885,-0.756,-1,300.000,525.000,350.000,475.000,250.000,275.000,300.000,300.000,-1,950.000,1000.000,-1,400.000,450.000,575.000,525.000,2,1,1,1,1,1,1,0,0,2,0,0,2,1,1,1,1
214,7207.926,304.264,-270.256,-35.787,0.811194,0.584777,0.000131,-0.584773,0.811188,0.003887,0.002166,-0.003230,0.999992,0,0.78633,-0.38423,47.180,-0.768,-1,275.000,475.000,325.000,425.000,250.000,250.000,300.000,300.000,-1,1000.000,-1,-1,375.000,425.000,475.000,475.000,2,1,1,1,1,1,1,0,0,2,0,2,2,1,1,1,1
215,7246.043,275.989,-269.319,-36.568,0.803146,0.595770,-0.003769,-0.595761,0.803155,0.003231,0.004952,-0.000349,0.999988,0,0.79098,-0.39004,47.459,-0.780,-1,250.000,425.000,300.000,400.000,225.000,250.000,300.000,300.000,-1,900.000,950.000,-1,325.000,375.000,425.000,425.000,2,1,1,1,1,1,1,0,0,2,0,0,2,1,1,1,1
216,7283.972,247.033,-267.683,-37.359,0.794779,0.606795,-0.011205,-0.606816,0.794840,0.001818,0.010009,0.005354,0.999936,0,0.79532,-0.39561,47.719,-0.791,-1,225.000,400.000,275.000,375.000,200.000,225.000,325.000,300.000,-1,750.000,725.000,-1,300.000,350.000,375.000,400.000,2,1,1,1,1,1,1,0,0,2,0,0,2,1,1,1,1
217,7321.686,217.403,-265.454,-38.157,0.786064,0.617763,-0.021722,-0.617910,0.786248,-0.000087,0.017025,0.013491,0.999764,0,0.79934,-0.39916,47.960,-0.798,525.000,225.000,350.000,250.000,325.000,200.000,200.000,350.000,300.000,-1,575.000,500.000,-1,275.000,325.000,325.000,350.000,1,1,1,1,1,1,1,0,0,2,0,0,2,1,1,1,1
218,7359.154,187.113,-262.624,-38.957,0.776964,0.628551,-0.035366,-0.629008,0.777395,-0.002364,0.026007,0.024083,0.999372,0,0.80300,-0.39985,48.180,-0.800,450.000,200.000,325.000,225.000,300.000,175.000,200.000,375.000,275.000,-1,450.000,350.000,-1,250.000,300.000,300.000,325.000,1,1,1,1,1,1,1,0,0,2,0,0,2,1,1,1,1
219,7396.350,156.180,-259.186,-39.756,0.767364,0.639084,-0.052184,-0.640145,0.768238,-0.004893,0.036963,0.037159,0.998626,0,0.80627,-0.39986,48.376,-0.800,375.000,175.000,300.000,225.000,275.000,175.000,175.000,400.000,275.000,-1,350.000,225.000,-1,225.000,275.000,250.000,275.000,1,1,1,1,1,1,1,0,0,2,0,0,2,1,1,1,1
220,4919.927,-2951.099,-112.517,-30.284,0.884969,0.465125,-0.022096,-0.407465,0.796485,0.446748,0.225393,-0.386355,0.894387,1,0.00000,0.00000,48.547,-0.798,-1,600.000,-1,275.000,125.000,350.000,275.000,175.000,375.000,75.000,25.000,225.000,-1,-1,375.000,-1,150.000,2,1,2,1,1,1,1,0,1,0,0,0,2,2,1,2,1
221,8859.890,-6231.358,72.572,-1.133,0.998107,0.019591,-0.058302,-0.011548,0.990749,0.135217,0.060412,-0.134288,0.989099,1,0.08000,-0.12000,4.800,-0.240,700.000,475.000,-1,300.000,175.000,425.000,350.000,250.000,450.000,525.000,100.000,300.000,-1,625.000,425.000,700.000,200.000,1,1,2,1,1,1,1,0,1,0,0,0,2,1,1,1,1
222,8869.488,-6231.590,73.258,-1.403,0.997916,0.024247,-0.059802,-0.015781,0.990281,0.138182,0.062571,-0.136951,0.988600,0,0.16000,-0.13491,9.600,-0.270,700.000,450.000,-1,300.000,175.000,425.000,350.000,250.000,450.000,525.000,100.000,275.000,-1,625.000,450.000,675.000,200.000,1,1,2,1,1,1,1,0,1,0,0,0,2,1,1,1,1
223,8883.883,-6232.005,74.283,-1.675,0.997646,0.028933,-0.062172,-0.019821,0.989599,0.142484,0.065648,-0.140916,0.987843,0,0.24000,-0.13604,14.400,-0.272,675.000,450.000,-1,300.000,175.000,425.000,350.000,250.000,425.000,500.000,75.000,275.000,-1,600.000,450.000,675.000,200.000,1,1,2,1,1,1,1,0,1,0,0,0,2,1,1,1,1
224,8903.074,-6232.652,75.661,-1.951,0.997289,0.033680,-0.065428,-0.023667,0.988676,0.148186,0.069678,-0.146236,0.986793,0,0.32000,-0.13817,19.200,-0.276,650.000,450.000,-1,300.000,150.000,425.000,350.000,250.000,425.000,450.000,75.000,275.000,-1,600.000,475.000,650.000,175.000,1,1,2,1,1,1,1,0,1,0,0,0,2,1,1,1,1
225,8927.057,-6233.578,77.413,-2.234,0.996832,0.038517,-0.069587,-0.027310,0.987479,0.155367,0.074700,-0.152975,0.985403,0,0.40000,-0.14133,24.000,-0.283,625.000,450.000,-1,300.000,150.000,400.000,350.000,250.000,400.000,425.000,75.000,250.000,-1,600.000,500.000,625.000,175.000,1,1,2,1,1,1,1,0,1,0,0,0,2,1,1,1,1
226,8955.832,-6234.834,79.563,-2.525,0.996260,0.043478,-0.074672,-0.030728,0.985962,0.164118,0.080759,-0.161210,0.983610,0,0.48000,-0.14561,28.800,-0.291,600.000,425.000,-1,325.000,150.000,400.000,350.000,250.000,375.000,375.000,50.000,250.000,-1,575.000,-1,600.000,175.000,1,1,2,1,1,1,1,0,1,0,0,0,2,1,2,1,1
227,8989.394,-6236.476,82.139,-2.827,0.995552,0.048596,-0.080709,-0.033884,0.984065,0.174550,0.087905,-0.171039,0.981335,0,0.56000,-0.15109,33.600,-0.302,550.000,425.000,-1,325.000,150.000,400.000,350.000,250.000,350.000,350.000,50.000,225.000,-1,575.000,-1,575.000,175.000,1,1,2,1,1,1,1,0,1,0,0,0,2,1,2,1,1
228,9027.740,-6238.563,85.175,-3.143,0.994684,0.053905,-0.087733,-0.036727,0.981712,0.186796,0.096197,-0.182581,0.978473,0,0.64000,-0.15791,38.400,-0.316,525.000,425.000,-1,350.000,125.000,400.000,350.000,225.000,325.000,300.000,50.000,225.000,-1,550.000,-1,550.000,175.000,1,1,2,1,1,1,1,0,1,0,0,0,2,1,2,1,1
229,9070.865,-6241.157,88.715,-3.475,0.993626,0.059444,-0.095781,-0.039180,0.978804,0.201018,0.105700,-0.195984,0.974894,0,0.72000,-0.16621,43.200,-0.332,475.000,400.000,-1,375.000,125.000,375.000,350.000,225.000,300.000,275.000,25.000,200.000,-1,550.000,-1,525.000,150.000,1,1,2,1,1,1,1,0,1,0,0,0,2,1,2,1,1
230,-328.404,5575.986,89.936,50.920,0.663352,-0.747806,-0.027401,0.666751,0.607281,-0.432034,0.339717,0.268321,0.901441,1,0.00000,0.00000,48.000,-0.352,150.000,200.000,450.000,300.000,-1,200.000,225.000,-1,300.000,-1,125.000,25.000,125.000,275.000,425.000,125.000,-1,1,1,1,1,2,1,1,2,0,2,0,0,0,1,1,1,2
231,-3612.424,6887.489,-75.616,177.569,-0.998533,-0.042418,-0.033655,0.042921,-0.998975,-0.014365,-0.033011,-0.015788,0.999330,1,0.08000,0.12000,4.800,0.240,-1,400.000,-1,400.000,-1,325.000,325.000,325.000,325.000,-1,-1,-1,-1,775.000,775.000,-1,-1,2,0,2,0,2,0,0,0,0,2,2,2,2,0,0,2,2
232,-3622.018,6887.844,-75.935,177.882,-0.998750,-0.036952,-0.033656,0.037452,-0.999195,-0.014352,-0.033099,-0.015595,0.999330,0,0.16000,0.15672,9.600,0.313,-1,400.000,-1,400.000,-1,325.000,325.000,325.000,325.000,-1,-1,-1,-1,775.000,775.000,-1,-1,2,0,2,0,2,0,0,0,0,2,2,2,2,0,0,2,2
233,-3636.411,6888.297,-76.414,178.195,-0.998937,-0.031491,-0.033660,0.031989,-0.999385,-0.014338,-0.033188,-0.015399,0.999330,0,0.24000,0.15656,14.400,0.313,-1,400.000,-1,400.000,-1,325.000,325.000,325.000,325.000,-1,-1,-1,-1,775.000,775.000,-1,-1,2,0,2,0,2,0,0,0,0,2,2,2,2,0,0,2,2
234,-3655.604,6888.797,-77.053,178.508,-0.999094,-0.026037,-0.033666,0.026531,-0.999545,-0.014323,-0.033278,-0.015204,0.999330,0,0.32000,0.15635,19.200,0.313,-1,400.000,-1,400.000,-1,325.000,325.000,325.000,325.000,-1,-1,-1,-1,775.000,775.000,-1,-1,2,0,2,0,2,0,0,0,0,2,2,2,2,0,0,2,2
235,-3679.599,6889.292,-77.855,178.820,-0.999221,-0.020590,-0.033675,0.021081,-0.999675,-0.014311,-0.033369,-0.015010,0.999330,0,0.40000,0.15610,24.000,0.312,-1,400.000,-1,400.000,-1,325.000,325.000,325.000,325.000,-1,-1,-1,-1,775.000,775.000,-1,-1,2,0,2,0,2,0,0,0,0,2,2,2,2,0,0,2,2
236,-3708.396,6889.728,-78.818,179.132,-0.999318,-0.015152,-0.033686,0.015641,-0.999775,-0.014303,-0.033462,-0.014820,0.999330,0,0.48000,0.15582,28.800,0.312,-1,400.000,-1,400.000,-1,325.000,325.000,325.000,325.000,-1,-1,-1,-1,775.000,775.000,-1,-1,2,0,2,0,2,0,0,0,0,2,2,2,2,0,0,2,2
237,-3741.994,6890.055,-79.944,179.443,-0.999385,-0.009725,-0.033700,0.010212,-0.999846,-0.014302,-0.033556,-0.014637,0.999330,0,0.56000,0.15551,33.600,0.311,-1,400.000,-1,400.000,-1,325.000,325.000,325.000,325.000,-1,-1,-1,-1,775.000,775.000,-1,-1,2,0,2,0,2,0,0,0,0,2,2,2,2,0,0,2,2
238,-3780.394,6890.220,-81.234,179.753,-0.999422,-0.004309,-0.033717,0.004794,-0.999886,-0.014310,-0.033652,-0.014463,0.999329,0,0.64000,0.15517,38.400,0.310,-1,400.000,-1,400.000,-1,325.000,325.000,325.000,325.000,-1,-1,-1,-1,775.000,775.000,-1,-1,2,0,2,0,2,0,0,0,0,2,2,2,2,0,0,2,2
239,-3819.723,6890.177,-82.558,180.063,-0.999430,0.001094,-0.033734,-0.000611,-0.999897,-0.014326,-0.033747,-0.014297,0.999328,0,0.65549,0.15480,39.329,0.310,-1,400.000,-1,400.000,-1,325.000,325.000,325.000,325.000,-1,-1,-1,-1,775.000,775.000,-1,-1,2,0,2,0,2,0,0,0,0,2,2,2,2,0,0,2,2
240,-3858.981,6889.923,-83.883,180.372,-0.999409,0.006484,-0.033752,-0.006002,-0.999879,-0.014351,-0.033841,-0.014140,0.999327,0,0.65432,0.15443,39.259,0.309,-1,400.000,-1,400.000,-1,325.000,325.000,325.000,325.000,-1,-1,-1,-1,775.000,775.000,-1,-1,2,0,2,0,2,0,0,0,0,2,2,2,2,0,0,2,2
241,-3898.172,6889.458,-85.207,180.680,-0.999359,0.011861,-0.033769,-0.011381,-0.999832,-0.014385,-0.033934,-0.013991,0.999326,0,0.65323,0.15408,39.194,0.308,-1,400.000,-1,400.000,-1,325.000,325.000,325.000,325.000,-1,-1,-1,-1,775.000,775.000,-1,-1,2,0,2,0,2,0,0,0,0,2,2,2,2,0,0,2,2
242,-3937.301,6888.784,-86.538,180.987,-0.999280,0.017227,-0.033791,-0.016748,-0.999756,-0.014407,-0.034031,-0.013831,0.999325,0,0.65224,0.15374,39.134,0.307,-1,400.000,-1,400.000,-1,325.000,325.000,325.000,325.000,-1,-1,-1,-1,775.000,800.000,-1,-1,2,0,2,0,2,0,0,0,0,2,2,2,2,0,0,2,2
243,-3976.907,6887.889,-87.958,181.294,-0.999167,0.022577,-0.034001,-0.022101,-0.999653,-0.014322,-0.034312,-0.013558,0.999319,0,0.66028,0.15332,39.617,0.307,-1,400.000,-1,400.000,-1,325.000,325.000,325.000,325.000,-1,-1,-1,-1,775.000,800.000,-1,-1,2,0,2,0,2,0,0,0,0,2,2,2,2,0,0,2,2
244,-4016.454,6886.788,-89.381,181.596,-0.999026,0.027842,-0.034218,-0.027367,-0.999524,-0.014259,-0.034599,-0.013309,0.999313,0,0.65936,0.15089,39.562,0.302,-1,400.000,-1,400.000,-1,325.000,325.000,325.000,325.000,-1,-1,-1,-1,775.000,800.000,-1,-1,2,0,2,0,2,0,0,0,0,2,2,2,2,0,0,2,2
245,-4056.031,6885.383,-90.808,182.033,-0.998777,0.035466,-0.034435,-0.034994,-0.999287,-0.014206,-0.034914,-0.012984,0.999306,0,0.66004,0.21853,39.602,0.437,-1,400.000,-1,400.000,-1,325.000,325.000,325.000,300.000,-1,-1,-1,-1,775.000,800.000,-1,-1,2,0,2,0,2,0,0,0,0,2,2,2,2,0,0,2,2
246,-4095.574,6883.679,-92.237,182.468,-0.998472,0.043057,-0.034648,-0.042587,-0.998992,-0.014167,-0.035224,-0.012670,0.999299,0,0.65966,0.21764,39.579,0.435,-1,400.000,-1,400.000,-1,325.000,325.000,325.000,300.000,-1,-1,-1,-1,775.000,800.000,-1,-1,2,0,2,0,2,0,0,0,0,2,2,2,2,0,0,2,2
247,-4135.081,6881.677,-93.668,182.901,-0.998110,0.050607,-0.034859,-0.050140,-0.998642,-0.014142,-0.035527,-0.012367,0.999292,0,0.65929,0.21655,39.557,0.433,-1,400.000,-1,400.000,-1,325.000,325.000,325.000,300.000,-1,-1,-1,-1,775.000,800.000,-1,-1,2,0,2,0,2,0,0,0,0,2,2,2,2,0,0,2,2
248,-4174.550,6879.379,-95.100,183.332,-0.997694,0.058110,-0.035066,-0.057645,-0.998237,-0.014130,-0.035825,-0.012076,0.999285,0,0.65894,0.21527,39.536,0.431,-1,400.000,-1,400.000,-1,325.000,325.000,300.000,300.000,-1,-1,-1,-1,775.000,800.000,-1,-1,2,0,2,0,2,0,0,0,0,2,2,2,2,0,0,2,2
249,-4213.982,6876.789,-96.533,183.759,-0.997225,0.065557,-0.035269,-0.065094,-0.997779,-0.014131,-0.036117,-0.011796,0.999278,0,0.65862,0.21379,39.517,0.428,-1,400.000,-1,400.000,-1,325.000,325.000,300.000,300.000,-1,-1,-1,-1,775.000,800.000,-1,-1,2,0,2,0,2,0,0,0,0,2,2,2,2,0,0,2,2
250,-4253.376,6873.907,-97.968,184.183,-0.996705,0.072943,-0.035467,-0.072481,-0.997269,-0.014144,-0.036402,-0.011526,0.999271,0,0.65832,0.21211,39.499,0.424,-1,400.000,-1,400.000,-1,325.000,325.000,300.000,300.000,-1,-1,-1,-1,775.000,800.000,-1,-1,2,0,2,0,2,0,0,0,0,2,2,2,2,0,0,2,2
251,-4287.975,6871.265,-99.230,184.368,-0.996459,0.076150,-0.035640,-0.075687,-0.997031,-0.014161,-0.036612,-0.011414,0.999264,0,0.57832,0.09211,34.699,0.184,-1,400.000,-1,400.000,-1,325.000,325.000,300.000,300.000,-1,-1,-1,-1,775.000,800.000,-1,-1,2,0,2,0,2,0,0,0,0,2,2,2,2,0,0,2,2
252,-4317.790,6869.017,-100.317,184.312,-0.996528,0.075179,-0.035788,-0.074713,-0.997104,-0.014175,-0.036751,-0.011452,0.999259,0,0.49832,-0.02789,29.899,-0.056,-1,400.000,-1,400.000,-1,325.000,325.000,300.000,300.000,-1,-1,-1,-1,775.000,800.000,-1,-1,2,0,2,0,2,0,0,0,0,2,2,2,2,0,0,2,2
253,-4342.827,6867.259,-101.230,184.016,-0.996898,0.070030,-0.035916,-0.069560,-0.997477,-0.014182,-0.036819,-0.011639,0.999254,0,0.41832,-0.14789,25.099,-0.296,-1,400.000,-1,400.000,-1,325.000,325.000,300.000,300.000,-1,-1,-1,-1,775.000,800.000,-1,-1,2,0,2,0,2,0,0,0,0,2,2,2,2,0,0,2,2
254,-4363.089,6866.027,-101.969,183.480,-0.997506,0.060700,-0.036024,-0.060223,-0.998084,-0.014179,-0.036816,-0.011974,0.999250,0,0.33832,-0.26789,20.299,-0.536,-1,400.000,-1,400.000,-1,325.000,325.000,300.000,325.000,-1,-1,-1,-1,775.000,800.000,-1,-1,2,0,2,0,2,0,0,0,0,2,2,2,2,0,0,2,2
255,-4378.571,6865.295,-102.532,182.704,-0.998233,0.047180,-0.036113,-0.046695,-0.998809,-0.014167,-0.036738,-0.012456,0.999247,0,0.25832,-0.38789,15.499,-0.776,-1,400.000,-1,400.000,-1,325.000,325.000,300.000,325.000,-1,-1,-1,-1,775.000,800.000,-1,-1,2,0,2,0,2,0,0,0,0,2,2,2,2,0,0,2,2
256,-4389.266,6864.980,-102.921,181.689,-0.998911,0.029466,-0.036181,-0.028970,-0.999480,-0.014151,-0.036579,-0.013088,0.999245,0,0.17832,-0.50789,10.699,-1.016,-1,400.000,-1,400.000,-1,325.000,325.000,300.000,325.000,-1,-1,-1,-1,775.000,800.000,-1,-1,2,0,2,0,2,0,0,0,0,2,2,2,2,0,0,2,2
257,-4395.165,6864.935,-103.136,180.433,-0.999315,0.007554,-0.036230,-0.007046,-0.999875,-0.014137,-0.036332,-0.013872,0.999243,0,0.09832,-0.62789,5.899,-1.256,-1,400.000,-1,400.000,-1,325.000,325.000,300.000,325.000,-1,-1,-1,-1,775.000,800.000,-1,-1,2,0,2,0,2,0,0,0,0,2,2,2,2,0,0,2,2
258,-4396.264,6864.955,-103.180,178.937,-0.999170,-0.018548,-0.036257,0.019071,-0.999718,-0.014133,-0.035985,-0.014813,0.999243,0,0.01832,-0.74789,1.099,-1.496,-1,400.000,-1,400.000,-1,325.000,325.000,300.000,300.000,-1,-1,-1,-1,775.000,825.000,-1,-1,2,0,2,0,2,0,0,0,0,2,2,2,2,0,0,2,2
259,-4392.568,6864.774,-103.053,177.201,-0.998149,-0.048821,-0.036264,0.049361,-0.998681,-0.014152,-0.035525,-0.015916,0.999242,0,-0.06168,-0.86789,-3.701,-1.736,-1,400.000,-1,400.000,-1,325.000,325.000,300.000,300.000,-1,-1,-1,-1,775.000,825.000,-1,-1,2,0,2,0,2,0,0,0,0,2,2,2,2,0,0,2,2
260,-4384.095,6864.083,-102.759,175.336,-0.996030,-0.081300,-0.036251,0.081859,-0.996543,-0.014207,-0.034970,-0.017118,0.999242,0,-0.14168,-0.93265,-8.501,-1.865,-1,400.000,-1,400.000,-1,325.000,325.000,300.000,300.000,-1,-1,-1,-1,775.000,825.000,-1,-1,2,0,2,0,2,0,0,0,0,2,2,2,2,0,0,2,2
261,-4370.881,6862.571,-102.303,173.473,-0.992860,-0.113651,-0.036217,0.114229,-0.993351,-0.014312,-0.034350,-0.018347,0.999241,0,-0.22168,-0.93146,-13.301,-1.863,-1,400.000,-1,400.000,-1,325.000,325.000,300.000,300.000,-1,-1,-1,-1,775.000,825.000,-1,-1,2,0,2,0,2,0,0,0,0,2,2,2,2,0,0,2,2
262,-4352.974,6859.931,-101.690,171.614,-0.988651,-0.145810,-0.036169,0.146408,-0.989118,-0.014478,-0.033664,-0.019610,0.999241,0,-0.30168,-0.92944,-18.101,-1.859,-1,400.000,-1,400.000,-1,325.000,325.000,300.000,300.000,-1,-1,-1,-1,775.000,825.000,-1,-1,2,0,2,0,2,0,0,0,0,2,2,2,2,0,0,2,2
263,-4334.661,6856.623,-101.067,169.761,-0.983419,-0.177713,-0.036131,0.178332,-0.983861,-0.014676,-0.032940,-0.020876,0.999239,0,-0.31016,-0.92652,-18.609,-1.853,-1,400.000,-1,400.000,-1,325.000,325.000,300.000,300.000,-1,-1,-1,-1,775.000,825.000,-1,-1,2,0,2,0,2,0,0,0,0,2,2,2,2,0,0,2,2
264,-4316.338,6852.699,-100.447,167.914,-0.977180,-0.209320,-0.036109,0.209960,-0.977596,-0.014901,-0.032181,-0.022143,0.999237,0,-0.31232,-0.92334,-18.739,-1.847,-1,400.000,-1,400.000,-1,325.000,325.000,300.000,300.000,-1,-1,-1,-1,775.000,825.000,-1,-1,2,0,2,0,2,0,0,0,0,2,2,2,2,0,0,2,2
265,-4298.016,6848.156,-99.831,166.075,-0.969954,-0.240593,-0.036106,0.241254,-0.970344,-0.015152,-0.031389,-0.023407,0.999233,0,-0.31461,-0.91997,-18.877,-1.840,-1,400.000,-1,400.000,-1,325.000,325.000,300.000,300.000,-1,-1,-1,-1,775.000,825.000,-1,-1,2,0,2,0,2,0,0,0,0,2,2,2,2,0,0,2,2
266,-4284.453,6844.387,-99.375,164.475,-0.962857,-0.267585,-0.036126,0.268263,-0.963223,-0.015356,-0.030689,-0.024477,0.999229,0,-0.23461,-0.79997,-14.077,-1.600,-1,400.000,-1,400.000,-1,325.000,325.000,300.000,325.000,-1,-1,-1,-1,775.000,825.000,-1,-1,2,0,2,0,2,0,0,0,0,2,2,2,2,0,0,2,2
267,-4275.583,6841.670,-99.072,162.968,-0.955487,-0.292809,-0.036168,0.293502,-0.955833,-0.015502,-0.030032,-0.025427,0.999225,0,-0.15461,-0.75323,-9.277,-1.506,-1,400.000,-1,400.000,-1,325.000,325.000,300.000,325.000,-1,-1,-1,-1,775.000,825.000,-1,-1,2,0,2,0,2,0,0,0,0,2,2,2,2,0,0,2,2
268,-4271.339,6840.247,-98.916,161.465,-0.947477,-0.317766,-0.036229,0.318472,-0.947804,-0.015581,-0.029387,-0.026300,0.999222,0,-0.07461,-0.75133,-4.477,-1.503,-1,400.000,-1,400.000,-1,325.000,325.000,300.000,325.000,-1,-1,-1,-1,775.000,825.000,-1,-1,2,0,2,0,2,0,0,0,0,2,2,2,2,0,0,2,2
269,-4271.642,6840.357,-98.901,159.965,-0.938826,-0.342473,-0.036302,0.343189,-0.939137,-0.015583,-0.028755,-0.027088,0.999219,0,0.00539,-0.75038,0.323,-1.501,-1,400.000,-1,400.000,-1,325.000,325.000,300.000,325.000,-1,-1,-1,-1,775.000,825.000,-1,-1,2,0,2,0,2,0,0,0,0,2,2,2,2,0,0,2,2
270,-4276.408,6842.238,-99.022,158.464,-0.929530,-0.366947,-0.036378,0.367671,-0.929827,-0.015502,-0.028136,-0.027785,0.999218,0,0.08539,-0.75045,5.123,-1.501,-1,400.000,-1,400.000,-1,325.000,325.000,300.000,325.000,-1,-1,-1,-1,775.000,825.000,-1,-1,2,0,2,0,2,0,0,0,0,2,2,2,2,0,0,2,2
271,-4285.540,6846.121,-99.273,156.961,-0.919580,-0.391208,-0.036449,0.391936,-0.919865,-0.015329,-0.027531,-0.028382,0.999218,0,0.16539,-0.75164,9.923,-1.503,-1,400.000,-1,400.000,-1,325.000,325.000,300.000,325.000,-1,-1,-1,-1,775.000,825.000,-1,-1,2,0,2,0,2,0,0,0,0,2,2,2,2,0,0,2,2
272,-4298.933,6852.238,-99.647,155.452,-0.908963,-0.415275,-0.036508,0.416005,-0.909237,-0.015059,-0.026941,-0.028876,0.999220,0,0.24539,-0.75404,14.723,-1.508,-1,400.000,-1,400.000,-1,325.000,325.000,300.000,325.000,-1,-1,-1,-1,775.000,825.000,-1,-1,2,0,2,0,2,0,0,0,0,2,2,2,2,0,0,2,2
273,-4316.471,6860.815,-100.139,153.937,-0.897659,-0.439172,-0.036546,0.439900,-0.897927,-0.014685,-0.026366,-0.029259,0.999224,0,0.32539,-0.75775,19.523,-1.515,-1,400.000,-1,400.000,-1,325.000,325.000,300.000,300.000,-1,-1,-1,-1,800.000,825.000,-1,-1,2,0,2,0,2,0,0,0,0,2,2,2,2,0,0,2,2
274,-4338.029,6872.080,-100.742,152.411,-0.885645,-0.462921,-0.036554,0.463644,-0.885908,-0.014203,-0.025809,-0.029527,0.999231,0,0.40539,-0.76288,24.323,-1.526,-1,400.000,-1,400.000,-1,325.000,325.000,300.000,300.000,-1,-1,-1,-1,800.000,850.000,-1,-1,2,0,2,0,2,0,0,0,0,2,2,2,2,0,0,2,2
275,-4363.469,6886.256,-101.448,150.872,-0.872891,-0.486547,-0.036525,0.487261,-0.873150,-0.013609,-0.025270,-0.029677,0.999240,0,0.48539,-0.76955,29.123,-1.539,-1,400.000,-1,400.000,-1,325.000,325.000,300.000,300.000,-1,-1,-1,-1,800.000,850.000,-1,-1,2,0,2,0,2,0,0,0,0,2,2,2,2,0,0,2,2
276,-4392.643,6903.567,-102.251,149.316,-0.859359,-0.510073,-0.036449,0.510774,-0.859618,-0.012901,-0.024752,-0.029704,0.999252,0,0.56539,-0.77787,33.923,-1.556,-1,400.000,-1,400.000,-1,325.000,325.000,300.000,300.000,-1,-1,-1,-1,800.000,850.000,-1,-1,2,0,2,0,2,0,0,0,0,2,2,2,2,0,0,2,2
277,-4425.338,6924.316,-103.152,147.601,-0.843705,-0.535578,-0.036309,0.536264,-0.843963,-0.012146,-0.024138,-0.029719,0.999267,0,0.64539,-0.85776,38.723,-1.716,-1,400.000,-1,400.000,-1,325.000,325.000,300.000,300.000,-1,-1,-1,-1,825.000,850.000,-1,-1,2,0,2,0,2,0,0,0,0,2,2,2,2,0,0,2,2
278,-4461.363,6948.739,-104.219,145.864,-0.827077,-0.560902,-0.036509,0.561585,-0.827340,-0.011436,-0.023790,-0.029961,0.999268,0,0.72539,-0.86824,43.523,-1.736,-1,400.000,-1,400.000,-1,325.000,325.000,300.000,300.000,-1,-1,-1,-1,825.000,850.000,-1,-1,2,0,2,0,2,0,0,0,0,2,2,2,2,0,0,2,2
279,-4500.509,6977.072,-105.448,144.104,-0.809434,-0.586040,-0.037075,0.586731,-0.809710,-0.010731,-0.023731,-0.030440,0.999255,0,0.80539,-0.88001,48.323,-1.760,-1,400.000,-1,400.000,-1,325.000,325.000,300.000,300.000,-1,-1,-1,-1,825.000,850.000,-1,-1,2,0,2,0,2,0,0,0,0,2,2,2,2,0,0,2,2
280,-4542.431,7009.701,-106.833,142.104,-0.788445,-0.613925,-0.038081,0.614641,-0.788744,-0.010011,-0.023891,-0.031299,0.999224,0,0.88539,-1.00000,53.123,-2.000,-1,400.000,-1,400.000,-1,325.000,325.000,300.000,300.000,-1,-1,-1,-1,825.000,850.000,-1,-1,2,0,2,0,2,0,0,0,0,2,2,2,2,0,0,2,2
281,-4585.828,7045.981,-108.260,140.104,-0.766493,-0.641061,-0.039113,0.641800,-0.766817,-0.009166,-0.024116,-0.032128,0.999193,0,0.94274,-1.00000,56.564,-2.000,-1,400.000,-1,400.000,-1,325.000,325.000,300.000,300.000,-1,-1,-1,-1,825.000,850.000,-1,-1,2,0,2,0,2,0,0,0,0,2,2,2,2,0,0,2,2
282,-4628.032,7083.842,-109.643,138.104,-0.743605,-0.667414,-0.040118,0.668176,-0.743958,-0.008250,-0.024340,-0.032941,0.999161,0,0.94494,-1.00000,56.697,-2.000,-1,400.000,-1,400.000,-1,325.000,325.000,300.000,300.000,-1,-1,-1,-1,825.000,850.000,-1,-1,2,0,2,0,2,0,0,0,0,2,2,2,2,0,0,2,2
283,-4669.658,7123.893,-111.009,136.104,-0.719812,-0.692953,-0.041072,0.693735,-0.720194,-0.007246,-0.024558,-0.033709,0.999130,0,0.96276,-1.00000,57.766,-2.000,-1,400.000,-1,400.000,1000.000,325.000,325.000,300.000,300.000,-1,-1,-1,-1,825.000,850.000,-1,-1,2,0,2,0,1,0,0,0,0,2,2,2,2,0,0,2,2
284,-4710.081,7165.600,-112.509,134.104,-0.695141,-0.717664,-0.041691,0.718438,-0.695569,-0.005526,-0.025033,-0.033793,0.999115,0,0.96802,-1.00000,58.081,-2.000,-1,400.000,-1,400.000,925.000,325.000,325.000,300.000,300.000,-1,-1,-1,-1,825.000,850.000,-1,-1,2,0,2,0,1,0,0,0,0,2,2,2,2,0,1,2,2
285,-4749.242,7208.934,-114.056,132.104,-0.669618,-0.741508,-0.042148,0.742258,-0.670106,-0.003333,-0.025773,-0.033517,0.999106,0,0.97345,-1.00000,58.407,-2.000,-1,400.000,-1,400.000,875.000,325.000,325.000,300.000,300.000,-1,-1,-1,-1,825.000,800.000,-1,-1,2,0,2,0,1,0,0,0,0,2,2,2,2,0,1,2,2
286,-4787.084,7253.866,-115.557,130.104,-0.643281,-0.764451,-0.042477,0.765171,-0.643826,-0.001098,-0.026508,-0.033209,0.999097,0,0.97905,-1.00000,58.743,-2.000,-1,400.000,-1,400.000,800.000,325.000,325.000,300.000,300.000,-1,-1,-1,-1,825.000,775.000,-1,-1,2,0,2,0,1,0,0,0,0,2,2,2,2,0,1,2,2
287,-4823.548,7300.363,-117.011,128.104,-0.616161,-0.786463,-0.042671,0.787149,-0.616762,0.001171,-0.027239,-0.032867,0.999088,0,0.98482,-1.00000,59.089,-2.000,-1,400.000,-1,400.000,750.000,325.000,325.000,300.000,300.000,-1,-1,-1,-1,825.000,725.000,-1,925.000,2,0,2,0,1,0,0,0,0,2,2,2,2,0,1,2,1
288,-4858.576,7348.391,-118.592,126.104,-0.588301,-0.807500,-0.042966,0.808178,-0.588932,0.002586,-0.027392,-0.033203,0.999073,0,0.99075,-1.00000,59.445,-2.000,-1,400.000,-1,400.000,700.000,325.000,325.000,300.000,300.000,-1,-1,-1,-1,825.000,700.000,-1,825.000,2,0,2,0,1,0,0,0,0,2,2,2,2,0,1,2,1
289,-4892.112,7397.914,-120.178,124.104,-0.559727,-0.827547,-0.043266,0.828226,-0.560382,0.003747,-0.027346,-0.033737,0.999057,0,0.99682,-1.00000,59.809,-2.000,-1,400.000,-1,400.000,650.000,325.000,325.000,300.000,300.000,-1,-1,-1,-1,825.000,650.000,-1,725.000,2,0,2,0,1,0,0,0,0,2,2,2,2,0,1,2,1
290,-4922.979,7446.657,-121.825,122.344,-0.533992,-0.844335,-0.044176,0.845041,-0.534681,0.004633,-0.027532,-0.034856,0.999013,0,0.96156,-0.88000,57.694,-1.760,-1,400.000,-1,400.000,600.000,325.000,325.000,300.000,300.000,-1,-1,-1,-1,825.000,625.000,-1,675.000,2,0,2,0,1,0,0,0,0,2,2,2,2,0,1,2,1
291,-4952.724,7496.506,-123.515,120.824,-0.511330,-0.858179,-0.045491,0.858925,-0.512071,0.005606,-0.028106,-0.036207,0.998949,0,0.96749,-0.76000,58.049,-1.520,-1,400.000,-1,400.000,550.000,325.000,325.000,300.000,300.000,-1,-1,-1,-1,800.000,600.000,-1,600.000,2,0,2,0,1,0,0,0,0,2,2,2,2,0,1,2,1
292,-4981.519,7547.307,-125.195,119.544,-0.491953,-0.869368,-0.046702,0.870143,-0.492753,0.006738,-0.028870,-0.037322,0.998886,0,0.97323,-0.64000,58.394,-1.280,-1,400.000,-1,400.000,500.000,325.000,325.000,300.000,300.000,-1,-1,-1,-1,800.000,550.000,-1,525.000,2,0,2,1,1,0,0,0,0,2,2,2,2,0,1,2,1
293,-5009.544,7598.912,-126.880,118.504,-0.476009,-0.878140,-0.047799,0.878933,-0.476877,0.008039,-0.029854,-0.038186,0.998825,0,0.97872,-0.52000,58.723,-1.040,-1,400.000,-1,375.000,425.000,325.000,325.000,300.000,300.000,-1,-1,-1,-1,800.000,525.000,-1,475.000,2,0,2,1,1,0,0,0,0,2,2,2,2,0,1,2,1
294,-5036.989,7651.176,-128.544,117.704,-0.463618,-0.884687,-0.048857,0.885494,-0.464556,0.009343,-0.030963,-0.038931,0.998762,0,0.98386,-0.40000,59.031,-0.800,-1,400.000,-1,350.000,375.000,325.000,325.000,300.000,325.000,-1,-1,-1,-1,775.000,500.000,-1,425.000,2,0,2,1,1,0,1,0,0,2,2,2,2,0,1,2,1
295,-5064.049,7703.955,-130.196,117.144,-0.454862,-0.889163,-0.049892,0.889980,-0.455876,0.010637,-0.032203,-0.039564,0.998698,0,0.98853,-0.28000,59.312,-0.560,-1,400.000,-1,325.000,325.000,325.000,300.000,300.000,325.000,-1,-1,-1,-1,775.000,475.000,-1,375.000,2,1,2,1,1,1,1,0,0,2,2,2,2,0,1,2,1
296,-5090.924,7757.102,-132.044,116.824,-0.449851,-0.891703,-0.049995,0.892494,-0.450907,0.011714,-0.032988,-0.039351,0.998681,0,0.99260,-0.16000,59.556,-0.320,-1,400.000,-1,300.000,275.000,300.000,275.000,300.000,325.000,-1,-1,-1,-1,775.000,450.000,-1,325.000,2,0,2,1,1,1,1,0,0,2,2,2,2,0,1,2,1
297,-5117.815,7810.464,-133.132,116.744,-0.448621,-0.892240,-0.051443,0.893176,-0.449615,0.009079,-0.031231,-0.041875,0.998635,0,0.99591,-0.04000,59.754,-0.080,-1,400.000,-1,300.000,250.000,300.000,275.000,300.000,325.000,-1,-1,-1,-1,800.000,450.000,-1,275.000,2,0,2,1,1,1,1,0,0,2,2,2,2,0,1,2,1
298,-5144.924,7863.872,-131.538,116.904,-0.451350,-0.890447,-0.058202,0.892086,-0.451834,-0.005314,-0.021566,-0.054320,0.998291,0,0.99824,0.08000,59.894,0.160,-1,425.000,-1,300.000,250.000,325.000,300.000,300.000,350.000,-1,-1,-1,-1,850.000,475.000,-1,300.000,2,0,2,1,1,1,1,0,0,2,2,2,2,0,1,2,1
299,-5172.435,7917.148,-130.395,117.304,-0.457904,-0.886701,-0.063918,0.888902,-0.457745,-0.017978,-0.013317,-0.065049,0.997793,0,0.99935,0.20000,59.961,0.400,-1,450.000,-1,325.000,250.000,350.000,300.000,300.000,375.000,-1,-1,-1,-1,900.000,550.000,-1,325.000,2,0,2,1,1,1,1,0,1,2,2,2,2,0,1,2,1
