timestep,x_cm,y_cm,z_cm,yaw_deg,basis_xx,basis_xy,basis_xz,basis_yx,basis_yy,basis_yz,basis_zx,basis_zy,basis_zz,teleport_flag,throttle_cmd,steering_cmd,cmd_move_cm,cmd_turn_deg,lidar_cm_0,lidar_cm_1,lidar_cm_2,lidar_cm_3,lidar_cm_4,lidar_cm_5,lidar_cm_6,lidar_cm_7,lidar_cm_8,lidar_cm_9,lidar_cm_10,lidar_cm_11,lidar_cm_12,lidar_cm_13,lidar_cm_14,lidar_cm_15,lidar_cm_16,lidar_class_0,lidar_class_1,lidar_class_2,lidar_class_3,lidar_class_4,lidar_class_5,lidar_class_6,lidar_class_7,lidar_class_8,lidar_class_9,lidar_class_10,lidar_class_11,lidar_class_12,lidar_class_13,lidar_class_14,lidar_class_15,lidar_class_16
0,-1640.191,-8859.882,305.505,-94.278,-0.071555,0.996768,-0.036516,-0.993208,-0.074571,-0.089317,-0.091751,0.029877,0.995334,1,0.08000,0.12000,4.800,0.240,-1,400.000,-1,375.000,-1,325.000,325.000,300.000,275.000,-1,-1,-1,-1,675.000,675.000,-1,-1,2,0,2,0,2,0,0,0,0,2,2,2,2,0,0,2,2
1,-1640.826,-8869.461,304.625,-93.798,-0.063190,0.997339,-0.036356,-0.993814,-0.066217,-0.089163,-0.091333,0.030497,0.995353,0,0.16000,0.24000,9.600,0.480,-1,400.000,-1,375.000,-1,325.000,325.000,300.000,275.000,-1,-1,-1,-1,675.000,675.000,-1,-1,2,0,2,0,2,0,0,0,0,2,2,2,2,0,0,2,2
2,-1641.599,-8883.840,303.309,-93.078,-0.050633,0.998063,-0.036141,-0.994591,-0.053677,-0.088926,-0.090694,0.031442,0.995382,0,0.24000,0.36000,14.400,0.720,-1,400.000,-1,375.000,-1,325.000,325.000,300.000,275.000,-1,-1,-1,-1,675.000,675.000,-1,-1,2,0,2,0,2,0,0,0,0,2,2,2,2,0,0,2,2
3,-1642.331,-8903.026,301.561,-92.185,-0.035041,0.998741,-0.035899,-0.995338,-0.038106,-0.088598,-0.089854,0.032627,0.995420,0,0.32000,0.44673,19.200,0.893,-1,375.000,-1,375.000,-1,325.000,325.000,300.000,275.000,-1,-1,-1,-1,675.000,675.000,-1,-1,2,0,2,0,2,0,0,0,0,2,2,2,2,0,0,2,2
4,-1642.872,-8927.019,299.385,-91.292,-0.019450,0.999174,-0.035667,-0.995851,-0.022533,-0.088164,-0.088895,0.033804,0.995467,0,0.40000,0.44658,24.000,0.893,-1,375.000,-1,375.000,-1,325.000,325.000,300.000,275.000,-1,-1,-1,-1,675.000,675.000,-1,-1,2,0,2,0,2,0,0,0,0,2,2,2,2,0,0,2,2
5,-1643.071,-8955.818,296.786,-90.399,-0.003855,0.999364,-0.035463,-0.996129,-0.006952,-0.087628,-0.087818,0.034988,0.995522,0,0.48000,0.44666,28.800,0.893,-1,375.000,-1,375.000,-1,325.000,325.000,300.000,275.000,-1,-1,-1,-1,675.000,675.000,-1,-1,2,0,2,0,2,0,0,0,0,2,2,2,2,0,0,2,2
6,-1642.780,-8989.417,293.770,-89.504,0.011756,0.999307,-0.035306,-0.996172,0.008645,-0.086989,-0.086624,0.036193,0.995583,0,0.56000,0.44711,33.600,0.894,-1,375.000,-1,375.000,-1,325.000,325.000,300.000,275.000,-1,-1,-1,-1,650.000,650.000,-1,-1,2,0,2,0,2,0,0,0,0,2,2,2,2,0,0,2,2
7,-1641.847,-9027.805,290.343,-88.608,0.027396,0.999004,-0.035211,-0.995978,0.024273,-0.086251,-0.085310,0.037433,0.995651,0,0.64000,0.44809,38.400,0.896,-1,375.000,-1,375.000,-1,325.000,325.000,300.000,275.000,-1,-1,-1,-1,650.000,650.000,-1,-1,2,0,2,0,2,0,0,0,0,2,2,2,2,0,0,2,2
8,-1640.119,-9070.970,286.513,-87.709,0.043087,0.998451,-0.035194,-0.995544,0.039951,-0.085415,-0.083876,0.038717,0.995724,0,0.72000,0.44975,43.200,0.899,-1,375.000,-1,375.000,-1,300.000,300.000,300.000,275.000,-1,-1,-1,-1,650.000,650.000,-1,-1,2,0,2,0,2,0,0,0,0,2,2,2,2,0,0,2,2
9,-1637.443,-9118.895,282.286,-86.804,0.058856,0.997643,-0.035265,-0.994867,0.055705,-0.084483,-0.082320,0.040056,0.995801,0,0.80000,0.45228,48.000,0.905,-1,375.000,-1,375.000,-1,300.000,300.000,300.000,275.000,-1,-1,-1,-1,650.000,650.000,-1,-1,2,0,2,0,2,0,0,0,0,2,2,2,2,0,0,2,2
10,-1633.649,-9169.971,277.861,-85.754,0.077143,0.996397,-0.035252,-0.993753,0.073982,-0.083558,-0.080649,0.041478,0.995879,0,0.85361,0.52523,51.216,1.050,-1,375.000,-1,375.000,-1,300.000,300.000,300.000,300.000,-1,-1,-1,-1,650.000,650.000,-1,-1,2,0,2,0,2,0,0,0,0,2,2,2,2,0,0,2,2
11,-1629.176,-9220.527,274.282,-84.943,0.091066,0.995269,-0.033870,-0.992786,0.088070,-0.081367,-0.077999,0.041035,0.996109,0,0.84590,0.40523,50.754,0.810,-1,350.000,-1,375.000,-1,300.000,300.000,300.000,300.000,-1,-1,-1,-1,650.000,650.000,-1,-1,2,0,2,0,2,0,0,0,0,2,2,2,2,0,0,2,2
12,-1624.204,-9270.979,271.151,-84.373,0.100914,0.994299,-0.034438,-0.992086,0.097970,-0.078530,-0.074708,0.042090,0.996317,0,0.84495,0.28523,50.697,0.570,-1,375.000,-1,375.000,-1,300.000,300.000,300.000,300.000,-1,-1,950.000,-1,650.000,650.000,-1,-1,2,0,2,0,2,0,0,0,0,2,2,0,2,0,0,2,2
13,-1618.945,-9321.363,268.041,-84.042,0.106586,0.993683,-0.035128,-0.991724,0.103699,-0.075700,-0.071579,0.042906,0.996512,0,0.84431,0.16523,50.658,0.330,-1,375.000,-1,375.000,-1,300.000,300.000,300.000,300.000,-1,1000.000,825.000,-1,650.000,650.000,-1,-1,2,0,2,0,2,0,0,0,0,2,0,0,2,0,0,2,2
14,-1613.589,-9371.907,264.931,-83.952,0.108085,0.993494,-0.035889,-0.991772,0.105266,-0.072859,-0.068607,0.043468,0.996696,0,0.84713,0.04523,50.828,0.090,-1,375.000,-1,375.000,-1,300.000,300.000,300.000,300.000,-1,925.000,750.000,-1,650.000,650.000,-1,-1,2,0,2,0,2,0,0,0,0,2,0,0,2,0,0,2,2
15,-1608.367,-9422.447,261.821,-84.101,0.105413,0.993752,-0.036663,-0.992249,0.102671,-0.070007,-0.065805,0.043759,0.996873,0,0.84683,-0.07477,50.810,-0.150,-1,375.000,-1,375.000,-1,300.000,300.000,300.000,300.000,-1,850.000,700.000,-1,650.000,650.000,-1,-1,2,0,2,0,2,0,0,0,0,2,0,0,2,0,0,2,2
16,-1603.488,-9473.029,258.702,-84.491,0.098567,0.994427,-0.037402,-0.993123,0.095912,-0.067132,-0.063171,0.043762,0.997043,0,0.84695,-0.19477,50.817,-0.390,-1,375.000,-1,375.000,-1,300.000,300.000,300.000,300.000,-1,800.000,675.000,-1,650.000,650.000,-1,-1,2,0,2,0,2,0,0,0,0,2,0,0,2,0,0,2,2
17,-1599.163,-9523.692,255.561,-85.120,0.087536,0.995434,-0.038058,-0.994310,0.084982,-0.064227,-0.060700,0.043464,0.997209,0,0.84746,-0.31477,50.847,-0.630,-1,375.000,-1,375.000,-1,300.000,325.000,300.000,300.000,-1,700.000,625.000,-1,650.000,650.000,-1,-1,2,0,2,0,2,0,0,0,0,2,0,0,2,0,0,2,2
18,-1595.604,-9574.465,252.386,-85.990,0.072310,0.996636,-0.038585,-0.995672,0.069867,-0.061284,-0.058382,0.042849,0.997374,0,0.84829,-0.43477,50.897,-0.870,-1,375.000,-1,375.000,-1,300.000,325.000,300.000,300.000,-1,625.000,600.000,-1,650.000,650.000,-1,-1,2,0,2,0,2,0,0,0,0,2,0,0,2,0,0,2,2
19,-1592.823,-9625.351,249.175,-86.873,0.056831,0.997624,-0.038949,-0.996809,0.054508,-0.058317,-0.056055,0.042139,0.997538,0,0.84938,-0.44131,50.963,-0.883,-1,375.000,-1,375.000,-1,300.000,300.000,300.000,300.000,-1,575.000,600.000,-1,650.000,650.000,-1,-1,2,0,2,0,2,0,0,0,0,2,0,0,2,0,0,2,2
20,-1590.814,-9676.346,245.926,-87.743,0.041548,0.998369,-0.039159,-0.997692,0.039349,-0.055333,-0.053702,0.041368,0.997700,0,0.85057,-0.43518,51.034,-0.870,-1,375.000,-1,375.000,-1,300.000,300.000,300.000,300.000,-1,550.000,575.000,-1,650.000,650.000,-1,-1,2,0,2,0,2,0,0,0,0,2,0,0,2,0,0,2,2
21,-1589.566,-9727.441,242.642,-88.601,0.026470,0.998880,-0.039223,-0.998331,0.024400,-0.052339,-0.051324,0.040543,0.997859,0,0.85184,-0.42888,51.111,-0.858,-1,375.000,-1,375.000,-1,300.000,300.000,300.000,300.000,-1,475.000,550.000,-1,650.000,650.000,-1,-1,2,0,2,0,2,0,0,0,0,2,0,0,2,0,0,2,2
22,-1589.070,-9778.630,239.323,-89.445,0.011609,0.999166,-0.039150,-0.998735,0.009670,-0.049341,-0.048921,0.039673,0.998014,0,0.85320,-0.42240,51.192,-0.845,-1,375.000,-1,375.000,-1,300.000,300.000,300.000,300.000,-1,425.000,500.000,-1,650.000,650.000,-1,-1,2,0,2,0,2,0,0,0,0,2,0,0,2,0,0,2,2
23,-1589.327,-9829.821,235.976,-90.287,-0.003206,0.999236,-0.038954,-0.998913,-0.005012,-0.046352,-0.046512,0.038763,0.998165,0,0.85320,-0.42095,51.192,-0.842,-1,375.000,-1,375.000,-1,300.000,300.000,300.000,300.000,-1,375.000,450.000,-1,650.000,650.000,-1,-1,2,0,2,0,2,0,0,0,0,2,0,0,2,0,0,2,2
24,-1590.151,-9882.916,234.050,-90.889,-0.013768,0.999134,-0.039267,-0.998894,-0.015509,-0.044392,-0.044963,0.038612,0.998242,0,0.88503,-0.30095,53.102,-0.602,-1,375.000,-1,375.000,-1,300.000,300.000,300.000,300.000,-1,400.000,475.000,-1,675.000,675.000,-1,-1,2,0,2,0,2,0,0,0,0,2,0,0,2,0,0,2,2
25,-1591.311,-9935.997,232.315,-91.251,-0.020173,0.999025,-0.039276,-0.998880,-0.021820,-0.041972,-0.042788,0.038386,0.998346,0,0.88490,-0.18095,53.094,-0.362,-1,375.000,-1,375.000,-1,300.000,300.000,300.000,300.000,-1,425.000,475.000,-1,675.000,675.000,-1,-1,2,0,2,0,2,0,0,0,0,2,0,0,2,0,0,2,2
26,-1592.582,-9989.067,230.579,-91.373,-0.022394,0.998980,-0.039198,-0.998930,-0.023945,-0.039569,-0.040467,0.038270,0.998448,0,0.88475,-0.06095,53.085,-0.122,-1,375.000,-1,375.000,-1,300.000,300.000,300.000,300.000,-1,450.000,500.000,-1,675.000,675.000,-1,-1,2,0,2,0,2,0,0,0,0,2,0,0,2,0,0,2,2
27,-1593.745,-10042.131,228.849,-91.255,-0.020431,0.999028,-0.039072,-0.999069,-0.021886,-0.037179,-0.037998,0.038276,0.998544,0,0.88462,0.05905,53.077,0.118,-1,375.000,-1,375.000,-1,300.000,300.000,300.000,300.000,-1,475.000,525.000,-1,675.000,675.000,-1,-1,2,0,2,0,2,0,0,0,0,2,0,0,2,0,0,2,2
28,-1594.575,-10095.196,227.134,-90.897,-0.014284,0.999140,-0.038936,-0.999272,-0.015642,-0.034797,-0.035376,0.038410,0.998636,0,0.88453,0.17905,53.072,0.358,-1,375.000,-1,375.000,-1,300.000,300.000,300.000,300.000,-1,475.000,525.000,-1,675.000,675.000,-1,-1,2,0,2,0,2,0,0,0,0,2,0,0,2,0,0,2,2
29,-1594.852,-10148.267,225.439,-90.299,-0.003951,0.999238,-0.038824,-0.999461,-0.005211,-0.032416,-0.032594,0.038675,0.998720,0,0.88454,0.29905,53.072,0.598,-1,375.000,-1,375.000,-1,300.000,300.000,325.000,300.000,-1,500.000,550.000,-1,675.000,675.000,-1,-1,2,0,2,0,2,0,0,0,0,2,0,0,2,0,0,2,2
30,-1594.380,-10201.345,223.772,-89.491,0.010037,0.999198,-0.038772,-0.999510,0.008874,-0.030032,-0.029664,0.039054,0.998797,0,0.88467,0.40384,53.080,0.808,-1,375.000,-1,375.000,-1,300.000,300.000,300.000,300.000,-1,525.000,550.000,-1,675.000,675.000,-1,-1,2,0,2,0,2,0,0,0,0,2,0,0,2,0,0,2,2
31,-1593.154,-10254.431,222.131,-88.678,0.024118,0.998956,-0.038804,-0.999352,0.023054,-0.027638,-0.026714,0.039446,0.998865,0,0.88500,0.40660,53.100,0.813,-1,375.000,-1,375.000,-1,300.000,300.000,300.000,300.000,-1,525.000,550.000,-1,675.000,675.000,-1,-1,2,0,2,0,2,0,0,0,0,2,0,0,2,0,0,2,2
32,-1591.168,-10307.529,220.516,-87.859,0.038301,0.998508,-0.038916,-0.998984,0.037336,-0.025235,-0.023744,0.039843,0.998924,0,0.88559,0.40966,53.135,0.819,-1,375.000,-1,375.000,-1,300.000,300.000,300.000,300.000,-1,550.000,550.000,-1,700.000,675.000,-1,-1,2,0,2,0,2,0,0,0,0,2,0,0,2,0,0,2,2
33,-1588.414,-10360.644,218.930,-87.033,0.052592,0.997850,-0.039102,-0.998400,0.051726,-0.022825,-0.020754,0.040240,0.998974,0,0.88645,0.41302,53.187,0.826,-1,375.000,-1,375.000,-1,300.000,300.000,300.000,300.000,-1,550.000,550.000,-1,700.000,675.000,-1,-1,2,0,2,0,2,0,0,0,0,2,0,0,2,0,0,2,2
34,-1584.884,-10413.783,217.372,-86.199,0.066997,0.996977,-0.039356,-0.997595,0.066233,-0.020411,-0.017742,0.040629,0.999017,0,0.88760,0.41668,53.256,0.833,-1,375.000,-1,375.000,-1,300.000,300.000,300.000,300.000,-1,525.000,525.000,-1,700.000,675.000,-1,-1,2,0,2,0,2,0,0,0,0,2,0,0,2,0,0,2,2
35,-1580.575,-10466.896,215.852,-85.363,0.081439,0.995889,-0.039647,-0.996569,0.080777,-0.018012,-0.014735,0.040978,0.999051,0,0.88813,0.41819,53.288,0.836,-1,375.000,-1,375.000,-1,300.000,300.000,300.000,300.000,-1,450.000,450.000,-1,700.000,675.000,-1,-1,2,0,2,0,2,0,0,0,0,2,0,0,2,0,0,2,2
36,-1575.493,-10519.941,215.151,-84.526,0.095858,0.994688,-0.037502,-0.995318,0.095314,-0.016035,-0.012376,0.038864,0.999168,0,0.88813,0.41819,53.288,0.836,-1,375.000,-1,375.000,-1,300.000,300.000,300.000,300.000,-1,450.000,475.000,-1,700.000,675.000,-1,-1,2,0,2,0,2,0,0,0,0,2,0,0,2,0,0,2,2
37,-1569.636,-10572.906,215.033,-83.690,0.110285,0.993209,-0.037059,-0.993849,0.109825,-0.014228,-0.010062,0.038400,0.999212,0,0.88813,0.41819,53.288,0.836,-1,375.000,-1,375.000,-1,300.000,300.000,300.000,300.000,-1,475.000,475.000,-1,700.000,675.000,-1,-1,2,0,2,0,2,0,0,0,0,2,0,0,2,0,0,2,2
38,-1563.007,-10625.780,214.962,-82.854,0.124690,0.991514,-0.036767,-0.992166,0.124313,-0.012370,-0.007695,0.038021,0.999247,0,0.88813,0.41819,53.288,0.836,-1,375.000,-1,375.000,-1,300.000,300.000,300.000,325.000,-1,500.000,500.000,-1,725.000,675.000,-1,-1,2,0,2,0,2,0,0,0,0,2,0,0,2,0,0,2,2
39,-1555.607,-10678.552,214.913,-82.017,0.139071,0.989609,-0.036517,-0.990268,0.138775,-0.010533,-0.005356,0.037627,0.999278,0,0.88813,0.41819,53.288,0.836,-1,375.000,-1,375.000,-1,300.000,300.000,300.000,325.000,-1,525.000,525.000,-1,725.000,675.000,-1,-1,2,0,2,0,2,0,0,0,0,2,0,0,2,0,0,2,2
40,-1547.437,-10731.209,214.887,-81.181,0.153425,0.987493,-0.036305,-0.988156,0.153208,-0.008720,-0.003049,0.037213,0.999303,0,0.88813,0.41819,53.288,0.836,-1,375.000,-1,375.000,-1,325.000,300.000,300.000,325.000,-1,525.000,550.000,-1,725.000,675.000,-1,-1,2,0,2,0,2,0,0,0,0,2,0,0,2,0,0,2,2
41,-1538.499,-10783.743,214.882,-80.345,0.167750,0.985167,-0.036124,-0.985829,0.167608,-0.006934,-0.000776,0.036775,0.999323,0,0.88813,0.41819,53.288,0.836,-1,400.000,-1,375.000,-1,325.000,300.000,300.000,325.000,-1,550.000,550.000,-1,725.000,675.000,-1,-1,2,0,2,0,2,0,0,0,0,2,0,0,2,0,0,2,2
42,-1528.796,-10836.140,214.900,-79.508,0.182042,0.982633,-0.035970,-0.983290,0.181974,-0.005177,0.001459,0.036311,0.999339,0,0.88813,0.41819,53.288,0.836,-1,400.000,-1,375.000,-1,325.000,325.000,300.000,325.000,-1,550.000,575.000,-1,725.000,675.000,-1,-1,2,0,2,0,2,0,0,0,0,2,0,0,2,0,0,2,2
43,-1518.329,-10888.389,214.938,-78.672,0.196298,0.979889,-0.035836,-0.980537,0.196302,-0.003452,0.003652,0.035816,0.999352,0,0.88813,0.41819,53.288,0.836,-1,400.000,-1,375.000,-1,325.000,325.000,300.000,300.000,-1,575.000,575.000,-1,750.000,675.000,-1,-1,2,0,2,0,2,0,0,0,0,2,0,0,2,0,0,2,2
44,-1507.100,-10940.481,214.997,-77.835,0.210515,0.976938,-0.035717,-0.977573,0.210588,-0.001760,0.005802,0.035287,0.999360,0,0.88813,0.41819,53.288,0.836,-1,400.000,-1,375.000,-1,325.000,325.000,300.000,300.000,-1,600.000,600.000,-1,750.000,675.000,-1,-1,2,0,2,0,2,0,0,0,0,2,0,0,2,0,0,2,2
45,-1495.112,-10992.403,215.077,-76.999,0.224691,0.973779,-0.035607,-0.974398,0.224830,-0.000104,0.007904,0.034719,0.999366,0,0.88813,0.41819,53.288,0.836,-1,400.000,-1,375.000,-1,325.000,300.000,300.000,300.000,-1,600.000,625.000,-1,750.000,675.000,-1,-1,2,0,2,0,2,0,0,0,0,2,0,0,2,0,0,2,2
46,-1482.368,-11044.144,215.178,-76.163,0.238823,0.970414,-0.035501,-0.971012,0.239026,0.001515,0.009956,0.034110,0.999368,0,0.88813,0.41819,53.288,0.836,-1,400.000,-1,375.000,-1,325.000,300.000,300.000,300.000,-1,600.000,625.000,-1,750.000,675.000,-1,-1,2,0,2,0,2,0,0,0,0,2,0,0,2,0,0,2,2
47,-1468.870,-11095.694,215.425,-75.326,0.252933,0.966858,-0.034793,-0.967417,0.253175,0.002637,0.011359,0.032992,0.999391,0,0.88813,0.41819,53.288,0.836,-1,400.000,-1,375.000,-1,325.000,300.000,300.000,300.000,-1,650.000,650.000,-1,775.000,675.000,-1,-1,2,0,2,0,2,0,0,0,0,2,0,0,2,0,0,2,2
48,-1454.621,-11147.042,216.124,-74.490,0.267010,0.963144,-0.032558,-0.963608,0.267284,0.004301,0.012844,0.030225,0.999461,0,0.88813,0.41819,53.288,0.836,-1,400.000,-1,375.000,-1,325.000,300.000,300.000,300.000,-1,650.000,675.000,-1,775.000,675.000,-1,-1,2,0,2,0,2,0,0,0,0,2,0,0,2,0,0,2,2
49,-1439.624,-11198.176,216.857,-73.654,0.281037,0.959219,-0.030287,-0.959589,0.281338,0.006096,0.014369,0.027350,0.999523,0,0.88813,0.41819,53.288,0.836,-1,400.000,-1,375.000,-1,325.000,300.000,300.000,300.000,-1,625.000,675.000,-1,775.000,675.000,-1,-1,2,0,2,0,2,0,0,0,0,2,0,0,2,0,0,2,2
50,-1423.883,-11249.086,217.777,-72.817,0.295018,0.955062,-0.028646,-0.955370,0.295326,0.007091,0.015232,0.025276,0.999564,0,0.88813,0.41819,53.288,0.836,-1,400.000,-1,375.000,-1,325.000,300.000,300.000,325.000,-1,650.000,725.000,-1,775.000,700.000,-1,-1,2,0,2,0,2,0,0,0,0,2,0,0,2,0,0,2,2
51,-1407.399,-11299.761,218.904,-71.981,0.308914,0.950677,-0.028019,-0.950947,0.309244,0.008242,0.016500,0.024099,0.999573,0,0.88813,0.41819,53.288,0.836,-1,400.000,-1,375.000,-1,325.000,325.000,300.000,300.000,-1,700.000,750.000,-1,775.000,700.000,-1,-1,2,0,2,0,2,0,0,0,0,2,0,0,2,0,0,2,2
52,-1390.178,-11350.189,220.018,-71.145,0.322748,0.946088,-0.027412,-0.946320,0.323097,0.009336,0.017690,0.022927,0.999581,0,0.88813,0.41819,53.288,0.836,-1,400.000,-1,375.000,-1,325.000,325.000,300.000,300.000,-1,700.000,800.000,-1,800.000,700.000,-1,-1,2,0,2,0,2,0,0,0,0,2,0,0,2,0,0,2,2
53,-1372.222,-11400.361,221.117,-70.308,0.336516,0.941296,-0.026822,-0.941490,0.336881,0.010373,0.018800,0.021762,0.999586,0,0.88813,0.41819,53.288,0.836,-1,400.000,-1,375.000,-1,325.000,325.000,300.000,300.000,-1,725.000,825.000,-1,800.000,700.000,-1,-1,2,0,2,0,2,0,0,0,0,2,0,0,2,0,0,2,2
54,-1353.527,-11450.289,222.201,-69.471,0.350226,0.936298,-0.026246,-0.936455,0.350603,0.011350,0.019829,0.020603,0.999591,0,0.88855,0.41845,53.313,0.837,-1,400.000,-1,375.000,-1,325.000,325.000,300.000,300.000,-1,750.000,850.000,-1,800.000,700.000,-1,-1,2,0,2,0,2,0,0,0,0,2,0,0,2,0,0,2,2
55,-1334.260,-11500.154,223.231,-68.874,0.359967,0.932618,-0.025457,-0.932738,0.360347,0.012213,0.020564,0.019349,0.999601,0,0.89096,0.29845,53.458,0.597,-1,400.000,-1,375.000,-1,325.000,325.000,300.000,300.000,-1,800.000,900.000,-1,800.000,700.000,-1,-1,2,0,2,0,2,0,0,0,0,2,0,0,2,0,0,2,2
56,-1314.570,-11550.186,224.246,-68.517,0.365779,0.930376,-0.024627,-0.930461,0.366158,0.013040,0.021149,0.018145,0.999612,0,0.89613,0.17845,53.768,0.357,-1,400.000,-1,375.000,-1,325.000,325.000,300.000,300.000,-1,825.000,925.000,-1,800.000,700.000,-1,-1,2,0,2,0,2,0,0,0,0,2,0,0,2,0,0,2,2
57,-1294.627,-11600.449,225.246,-68.358,0.368374,0.929373,-0.023776,-0.929426,0.368749,0.013847,0.021636,0.016997,0.999621,0,0.90124,0.07962,54.074,0.159,-1,400.000,-1,375.000,-1,325.000,325.000,300.000,300.000,-1,825.000,950.000,-1,800.000,700.000,-1,-1,2,0,2,0,2,0,0,0,0,2,0,0,2,0,0,2,2
58,-1274.427,-11650.932,226.176,-68.192,0.371080,0.928313,-0.023107,-0.928335,0.371454,0.014690,0.022221,0.016000,0.999625,0,0.90625,0.08323,54.375,0.166,-1,400.000,-1,375.000,-1,325.000,325.000,300.000,300.000,-1,850.000,975.000,-1,825.000,700.000,-1,-1,2,0,2,0,2,0,0,0,0,2,0,0,2,0,0,2,2
59,-1253.963,-11701.628,227.170,-68.018,0.373919,0.927200,-0.022019,-0.927188,0.374279,0.015388,0.022509,0.014662,0.999639,0,0.91117,0.08700,54.670,0.174,-1,400.000,-1,375.000,-1,325.000,325.000,300.000,300.000,-1,875.000,-1,-1,825.000,700.000,-1,-1,2,0,2,0,2,0,0,0,0,2,0,2,2,0,0,2,2
60,-1233.230,-11752.526,228.352,-67.836,0.376907,0.926034,-0.020029,-0.925981,0.377231,0.015980,0.022354,0.012524,0.999672,0,0.91598,0.09092,54.959,0.182,-1,400.000,-1,375.000,-1,325.000,325.000,300.000,300.000,-1,950.000,-1,-1,800.000,700.000,-1,-1,2,0,2,0,2,0,0,0,0,2,0,2,2,0,0,2,2
61,-1212.221,-11803.615,229.630,-67.646,0.380026,0.924805,-0.017751,-0.924700,0.380311,0.017118,0.022581,0.009909,0.999696,0,0.92068,0.09501,55.241,0.190,-1,400.000,-1,375.000,-1,325.000,325.000,300.000,300.000,-1,975.000,-1,-1,800.000,725.000,-1,-1,2,0,2,0,2,0,0,0,0,2,0,2,2,0,0,2,2
62,-1190.929,-11854.885,230.870,-67.447,0.383279,0.923503,-0.015497,-0.923351,0.383522,0.018247,0.022795,0.007316,0.999713,0,0.92525,0.09927,55.515,0.199,-1,400.000,-1,375.000,-1,325.000,325.000,300.000,300.000,-1,-1,-1,-1,825.000,725.000,-1,-1,2,0,2,0,2,0,0,0,0,2,2,2,2,0,0,2,2
63,-1169.350,-11906.322,232.186,-67.240,0.386666,0.922120,-0.013552,-0.921942,0.386868,0.018853,0.022628,0.005204,0.999730,0,0.92967,0.10372,55.780,0.207,-1,400.000,-1,375.000,-1,325.000,325.000,300.000,300.000,-1,-1,-1,-1,800.000,700.000,-1,-1,2,0,2,0,2,0,0,0,0,2,2,2,2,0,0,2,2
64,-1147.476,-11957.911,233.600,-67.023,0.390186,0.920657,-0.012093,-0.920466,0.390356,0.019097,0.022302,0.003680,0.999745,0,0.93393,0.10836,56.036,0.217,-1,400.000,-1,375.000,-1,325.000,325.000,300.000,300.000,-1,-1,-1,-1,800.000,700.000,-1,-1,2,0,2,0,2,0,0,0,0,2,2,2,2,0,0,2,2
65,-1125.302,-12009.639,235.060,-66.797,0.393844,0.919110,-0.011108,-0.918907,0.393993,0.019464,0.022266,0.002542,0.999749,0,0.93800,0.11321,56.280,0.226,-1,400.000,-1,375.000,-1,325.000,325.000,300.000,300.000,-1,-1,-1,-1,825.000,700.000,-1,-1,2,0,2,0,2,0,0,0,0,2,2,2,2,0,0,2,2
66,-1102.822,-12061.488,236.470,-66.560,0.397659,0.917478,-0.010127,-0.917264,0.397785,0.019838,0.022230,0.001400,0.999752,0,0.94187,0.11828,56.512,0.237,-1,400.000,-1,375.000,-1,325.000,325.000,300.000,300.000,-1,-1,-1,-1,825.000,700.000,-1,-1,2,0,2,0,2,0,0,0,0,2,2,2,2,0,0,2,2
67,-1080.031,-12113.440,237.788,-66.313,0.401638,0.915754,-0.009054,-0.915527,0.401740,0.020402,0.022320,0.000095,0.999751,0,0.94552,0.12358,56.731,0.247,-1,400.000,-1,375.000,-1,325.000,325.000,300.000,300.000,-1,-1,-1,-1,-1,700.000,-1,-1,2,0,2,0,2,0,0,0,0,2,2,2,2,2,0,2,2
68,-1056.923,-12165.475,239.059,-66.055,0.405786,0.913933,-0.008001,-0.913694,0.405863,0.020945,0.022390,-0.001188,0.999749,0,0.94892,0.12913,56.935,0.258,-1,400.000,-1,375.000,-1,325.000,325.000,300.000,300.000,-1,-1,-1,-1,-1,700.000,-1,-1,2,0,2,0,2,0,0,0,0,2,2,2,2,2,0,2,2
69,-1033.494,-12217.571,240.279,-65.785,0.410111,0.912009,-0.006971,-0.911760,0.410163,0.021467,0.022438,-0.002448,0.999745,0,0.95203,0.13494,57.122,0.270,-1,400.000,-1,375.000,-1,325.000,325.000,300.000,300.000,-1,-1,-1,-1,-1,700.000,-1,-1,2,0,2,0,2,0,0,0,0,2,2,2,2,2,0,2,2
70,-1011.610,-12265.096,241.344,-65.275,0.418233,0.908320,-0.006062,-0.908063,0.418261,0.021908,0.022435,-0.003658,0.999742,0,0.87203,0.25494,52.322,0.510,-1,400.000,-1,375.000,-1,325.000,325.000,300.000,300.000,-1,-1,-1,-1,-1,725.000,-1,-1,2,0,2,0,2,0,0,0,0,2,2,2,2,2,0,2,2
71,-991.170,-12307.998,242.264,-64.525,0.430105,0.902764,-0.005279,-0.902502,0.430110,0.022267,0.022372,-0.004813,0.999738,0,0.79203,0.37494,47.522,0.750,-1,400.000,-1,375.000,-1,325.000,325.000,300.000,300.000,-1,-1,-1,-1,-1,725.000,-1,-1,2,0,2,0,2,0,0,0,0,2,2,2,2,2,0,2,2
72,-972.131,-12346.243,243.161,-63.535,0.445664,0.895191,-0.004095,-0.894932,0.445638,0.022431,0.021905,-0.006332,0.999740,0,0.71203,0.49494,42.722,0.990,-1,400.000,-1,375.000,-1,325.000,325.000,300.000,300.000,-1,-1,-1,-1,-1,725.000,-1,-1,2,0,2,0,2,0,0,0,0,2,2,2,2,2,0,2,2
73,-954.506,-12379.820,243.956,-62.305,0.464802,0.885410,-0.002926,-0.885158,0.464745,0.022516,0.021296,-0.007875,0.999742,0,0.63203,0.61494,37.922,1.230,-1,400.000,-1,375.000,-1,325.000,325.000,300.000,300.000,-1,-1,-1,-1,-1,725.000,-1,-1,2,0,2,0,2,0,0,0,0,2,2,2,2,2,0,2,2
74,-938.365,-12408.743,244.712,-60.836,0.487388,0.873184,-0.001762,-0.872935,0.487296,0.022969,0.020914,-0.009657,0.999735,0,0.55203,0.73494,33.122,1.470,-1,400.000,-1,375.000,-1,325.000,325.000,300.000,300.000,-1,-1,-1,-1,-1,725.000,-1,-1,2,0,2,0,2,0,0,0,0,2,2,2,2,2,0,2,2
75,-923.832,-12433.051,245.347,-59.126,0.513249,0.858239,-0.000788,-0.857995,0.513124,0.023398,0.020486,-0.011333,0.999726,0,0.47203,0.85494,28.322,1.710,-1,400.000,-1,375.000,-1,325.000,325.000,300.000,300.000,-1,-1,-1,-1,-1,750.000,-1,-1,2,0,2,0,2,0,0,0,0,2,2,2,2,2,0,2,2
76,-911.081,-12452.817,245.835,-57.176,0.542170,0.840269,-0.000056,-0.840033,0.542020,0.023658,0.019909,-0.012779,0.999720,0,0.39203,0.97494,23.522,1.950,-1,400.000,-1,400.000,-1,325.000,325.000,300.000,300.000,-1,-1,-1,-1,-1,750.000,-1,-1,2,0,2,0,2,0,0,0,0,2,2,2,2,2,0,2,2
77,-900.390,-12468.186,246.201,-55.176,0.571176,0.820827,0.000476,-0.820601,0.571005,0.023820,0.019280,-0.013996,0.999716,0,0.31203,1.00000,18.722,2.000,-1,400.000,-1,400.000,-1,325.000,325.000,300.000,300.000,-1,-1,-1,-1,-1,750.000,-1,-1,2,0,2,0,2,0,0,0,0,2,2,2,2,2,0,2,2
78,-892.045,-12479.330,246.455,-53.176,0.599482,0.800388,0.000832,-0.800171,0.599295,0.023898,0.018629,-0.014992,0.999714,0,0.23203,1.00000,13.922,2.000,-1,-1,-1,400.000,-1,325.000,325.000,300.000,300.000,-1,-1,-1,-1,-1,775.000,-1,-1,2,2,2,0,2,0,0,0,0,2,2,2,2,2,0,2,2
79,-886.327,-12486.437,246.609,-51.176,0.627053,0.778976,0.001033,-0.778769,0.626855,0.023901,0.017971,-0.015792,0.999714,0,0.15203,1.00000,9.122,2.000,-1,-1,-1,400.000,-1,325.000,325.000,300.000,300.000,-1,-1,-1,-1,-1,775.000,-1,-1,2,2,2,0,2,0,0,0,0,2,2,2,2,2,0,2,2
80,-883.501,-12489.707,246.672,-49.176,0.653858,0.756616,0.001096,-0.756419,0.653653,0.023842,0.017323,-0.016419,0.999715,0,0.07203,1.00000,4.322,2.000,-1,-1,-1,400.000,-1,325.000,325.000,300.000,300.000,-1,-1,-1,-1,-1,775.000,-1,-1,2,2,2,0,2,0,0,0,0,2,2,2,2,2,0,2,2
81,-883.826,-12489.356,246.651,-47.176,0.679864,0.733338,0.001042,-0.733148,0.679655,0.023732,0.016695,-0.016898,0.999718,0,-0.00797,1.00000,-0.478,2.000,-1,-1,-1,400.000,-1,325.000,325.000,300.000,300.000,-1,-1,-1,-1,-1,775.000,-1,-1,2,2,2,0,2,0,0,0,0,2,2,2,2,2,0,2,2
82,-885.789,-12487.381,246.593,-45.176,0.705041,0.709166,0.000945,-0.708985,0.704829,0.023601,0.016071,-0.017310,0.999721,0,-0.04642,1.00000,-2.785,2.000,-1,-1,-1,400.000,-1,325.000,325.000,300.000,300.000,-1,-1,-1,-1,-1,800.000,-1,-1,2,2,2,0,2,0,0,0,0,2,2,2,2,2,0,2,2
83,-887.727,-12485.562,246.539,-43.176,0.729358,0.684131,0.000866,-0.683958,0.729144,0.023473,0.015427,-0.017713,0.999724,0,-0.04429,1.00000,-2.657,2.000,-1,-1,-1,400.000,-1,325.000,325.000,300.000,300.000,-1,-1,-1,-1,-1,800.000,-1,-1,2,2,2,0,2,0,0,0,0,2,2,2,2,2,0,2,2
84,-889.638,-12483.891,246.488,-41.176,0.752788,0.658263,0.000805,-0.658098,0.752570,0.023350,0.014765,-0.018107,0.999727,0,-0.04231,1.00000,-2.538,2.000,-1,-1,-1,400.000,-1,325.000,325.000,300.000,300.000,-1,-1,-1,-1,-1,-1,-1,-1,2,2,2,0,2,0,0,0,0,2,2,2,2,2,2,2,2
85,-891.521,-12482.357,246.440,-39.176,0.775299,0.631593,0.000759,-0.631437,0.775079,0.023232,0.014085,-0.018491,0.999730,0,-0.04048,1.00000,-2.429,2.000,-1,-1,-1,400.000,-1,325.000,325.000,300.000,300.000,-1,-1,-1,-1,-1,-1,-1,-1,2,2,2,0,2,0,0,0,0,2,2,2,2,2,2,2,2
86,-893.375,-12480.950,246.393,-37.176,0.796867,0.604154,0.000729,-0.604006,0.796644,0.023132,0.013394,-0.018874,0.999732,0,-0.03880,1.00000,-2.328,2.000,-1,-1,-1,400.000,-1,325.000,325.000,300.000,300.000,-1,-1,-1,-1,-1,-1,-1,-1,2,2,2,0,2,0,0,0,0,2,2,2,2,2,2,2,2
87,-895.203,-12479.662,246.322,-35.176,0.817464,0.575979,0.000705,-0.575837,0.817236,0.023172,0.012771,-0.019348,0.999731,0,-0.03727,1.00000,-2.236,2.000,-1,-1,-1,400.000,-1,325.000,325.000,300.000,300.000,-1,-1,-1,-1,-1,-1,-1,-1,2,2,2,0,2,0,0,0,0,2,2,2,2,2,2,2,2
88,-897.005,-12478.483,246.254,-33.176,0.837066,0.547102,0.000684,-0.546968,0.836832,0.023218,0.012130,-0.019809,0.999730,0,-0.03588,1.00000,-2.153,2.000,-1,-1,-1,400.000,-1,325.000,325.000,300.000,300.000,-1,-1,-1,-1,-1,-1,-1,-1,2,2,2,0,2,0,0,0,0,2,2,2,2,2,2,2,2
89,-898.784,-12477.407,246.189,-31.176,0.855647,0.517559,0.000665,-0.517432,0.855408,0.023268,0.011473,-0.020253,0.999729,0,-0.03465,1.00000,-2.079,2.000,-1,-1,-1,400.000,-1,325.000,325.000,300.000,300.000,-1,-1,-1,-1,-1,-1,-1,-1,2,2,2,0,2,0,0,0,0,2,2,2,2,2,2,2,2
90,-900.542,-12476.425,246.126,-29.176,0.873186,0.487386,0.000649,-0.487267,0.872942,0.023322,0.010801,-0.020681,0.999728,0,-0.03357,1.00000,-2.014,2.000,-1,-1,-1,400.000,-1,325.000,325.000,300.000,300.000,-1,-1,-1,-1,-1,-1,-1,-1,2,2,2,0,2,1,0,0,0,2,2,2,2,2,2,2,2
91,-902.284,-12475.531,246.065,-27.176,0.889662,0.456620,0.000633,-0.456508,0.889412,0.023382,0.010113,-0.021091,0.999726,0,-0.03263,1.00000,-1.958,2.000,-1,-1,-1,400.000,-1,-1,325.000,300.000,300.000,-1,-1,-1,-1,-1,-1,-1,-1,2,2,2,0,2,2,0,0,0,2,2,2,2,2,2,2,2
92,-899.717,-12476.750,246.061,-25.416,0.903264,0.429085,0.000682,-0.428982,0.903010,0.023387,0.009420,-0.021417,0.999726,0,0.04737,0.88000,2.842,1.760,-1,-1,-1,400.000,-1,-1,325.000,300.000,300.000,-1,-1,-1,-1,-1,-1,-1,-1,2,2,2,0,2,2,0,0,0,2,2,2,2,2,2,2,2
93,-892.730,-12479.846,246.107,-23.896,0.914326,0.404979,0.000788,-0.404886,0.914070,0.023329,0.008728,-0.021649,0.999728,0,0.12737,0.76000,7.642,1.520,-1,-1,-1,400.000,-1,-1,325.000,300.000,300.000,-1,-1,-1,-1,-1,-1,-1,-1,2,2,2,0,2,2,0,0,0,2,2,2,2,2,2,2,2
94,-881.245,-12484.630,246.195,-22.616,0.923142,0.384458,0.000948,-0.384375,0.922886,0.023199,0.008044,-0.021781,0.999730,0,0.20737,0.64000,12.442,1.280,-1,-1,-1,400.000,-1,-1,325.000,300.000,300.000,-1,-1,-1,-1,-1,-1,-1,-1,2,2,2,0,2,2,0,0,0,2,2,2,2,2,2,2,2
95,-865.211,-12490.970,246.321,-21.576,0.929966,0.367644,0.001161,-0.367572,0.929711,0.022990,0.007372,-0.021807,0.999735,0,0.28737,0.52000,17.242,1.040,-1,-1,-1,-1,-1,-1,-1,300.000,300.000,-1,-1,-1,-1,-1,-1,-1,-1,2,2,2,2,2,2,2,0,0,2,2,2,2,2,2,2,2
96,-844.596,-12498.773,246.476,-20.731,0.935281,0.353904,0.001426,-0.353844,0.935029,0.022698,0.006700,-0.021734,0.999741,0,0.36737,0.42217,22.042,0.844,-1,-1,-1,-1,-1,-1,-1,300.000,300.000,-1,-1,-1,-1,-1,-1,-1,-1,2,2,2,2,2,2,2,0,0,2,2,2,2,2,2,2,2
97,-819.355,-12507.905,246.679,-19.890,0.940376,0.340131,0.001791,-0.340085,0.940133,0.022171,0.005857,-0.021458,0.999753,0,0.44737,0.42089,26.842,0.842,-1,-1,-1,-1,-1,-1,-1,300.000,300.000,-1,-1,-1,-1,-1,-1,-1,-1,2,2,2,2,2,2,2,0,0,2,2,2,2,2,2,2,2
98,-789.446,-12518.233,246.900,-19.050,0.945254,0.326327,0.002222,-0.326297,0.945023,0.021510,0.004919,-0.021058,0.999766,0,0.52737,0.41964,31.642,0.839,-1,-1,-1,-1,-1,-1,-1,300.000,300.000,-1,-1,-1,-1,-1,-1,-1,-1,2,2,2,2,2,2,2,0,0,2,2,2,2,2,2,2,2
99,-754.830,-12529.623,247.109,-18.214,0.949916,0.312493,0.002682,-0.312480,0.949696,0.020814,0.003957,-0.020609,0.999780,0,0.60737,0.41839,36.442,0.837,-1,-1,-1,-1,-1,-1,-1,300.000,300.000,-1,-1,-1,-1,-1,-1,-1,-1,2,2,2,2,2,2,2,0,0,2,2,2,2,2,2,2,2
100,-715.471,-12541.942,247.097,-17.379,0.954361,0.298631,0.003878,-0.298646,0.954139,0.020704,0.002483,-0.020918,0.999778,0,0.68737,0.41711,41.242,0.834,-1,-1,-1,-1,-1,-1,-1,300.000,300.000,-1,-1,-1,-1,-1,-1,-1,-1,2,2,2,2,2,2,2,0,0,2,2,2,2,2,2,2,2
101,-671.335,-12555.052,244.973,-16.548,0.958516,0.284689,0.014107,-0.284978,0.958159,0.026800,-0.005887,-0.029708,0.999541,0,0.76737,0.41577,46.042,0.832,-1,-1,-1,-1,-1,-1,-1,275.000,300.000,-1,-1,-1,-1,-1,-1,-1,-1,2,2,2,2,2,2,2,0,0,2,2,2,2,2,2,2,2
102,-622.392,-12568.821,242.422,-15.719,0.962315,0.270705,0.025839,-0.271490,0.961831,0.034281,-0.015573,-0.040004,0.999078,0,0.84737,0.41432,50.842,0.829,-1,-1,-1,-1,-1,-1,-1,250.000,300.000,-1,-1,-1,-1,-1,-1,-1,-1,2,2,2,2,2,2,2,0,0,2,2,2,2,2,2,2,2
103,-568.618,-12583.118,237.701,-14.894,0.965557,0.256759,0.042131,-0.258287,0.965397,0.036000,-0.031430,-0.045642,0.998463,0,0.92737,0.41272,55.642,0.825,-1,-1,-1,-1,-1,-1,-1,225.000,300.000,-1,-1,-1,-1,-1,-1,-1,-1,2,2,2,2,2,2,2,0,0,2,2,2,2,2,2,2,2
104,-510.415,-12597.717,224.138,-14.072,0.966984,0.243081,0.076510,-0.244038,0.969760,0.003282,-0.073398,-0.021845,0.997063,0,1.00000,0.41093,60.000,0.822,825.000,875.000,-1,-1,-1,-1,-1,225.000,225.000,-1,-1,-1,-1,-1,-1,-1,-1,1,1,2,2,2,2,2,0,0,2,2,2,2,2,2,2,2
105,6404.179,-2245.431,183.393,-58.116,0.524627,0.834779,0.167066,-0.851052,0.519290,0.077773,-0.021833,-0.182984,0.982873,1,0.00000,0.00000,60.000,0.818,875.000,300.000,-1,275.000,-1,250.000,225.000,250.000,325.000,475.000,-1,-1,-1,450.000,400.000,600.000,-1,1,1,2,1,2,1,1,1,0,0,2,2,2,1,1,1,2
106,6406.732,-2249.495,183.527,-57.876,0.528111,0.832514,0.167389,-0.848885,0.522731,0.078407,-0.022224,-0.183502,0.982768,0,0.08000,0.12000,4.800,0.240,875.000,300.000,-1,275.000,-1,250.000,225.000,250.000,325.000,475.000,-1,-1,-1,450.000,400.000,600.000,-1,1,1,2,1,2,1,1,1,0,0,2,2,2,1,1,1,2
107,6411.906,-2257.579,183.788,-57.396,0.535052,0.827939,0.168033,-0.844506,0.529580,0.079715,-0.022988,-0.184557,0.982553,0,0.16000,0.24000,9.600,0.480,875.000,300.000,-1,275.000,-1,250.000,225.000,250.000,325.000,475.000,-1,-1,-1,450.000,400.000,600.000,-1,1,1,2,1,2,1,1,1,0,0,2,2,2,1,1,1,2
108,6419.819,-2269.606,184.168,-56.676,0.545402,0.820962,0.168990,-0.837829,0.539773,0.081781,-0.024077,-0.186189,0.982219,0,0.24000,0.36000,14.400,0.720,875.000,300.000,-1,275.000,-1,250.000,225.000,250.000,325.000,500.000,-1,-1,-1,450.000,400.000,600.000,-1,1,1,2,1,2,1,1,1,0,0,2,2,2,1,0,1,2
109,6430.583,-2285.502,184.749,-55.911,0.556379,0.813389,0.169827,-0.830561,0.550473,0.084547,-0.024715,-0.188092,0.981840,0,0.32000,0.38215,19.200,0.764,875.000,300.000,-1,275.000,-1,250.000,225.000,250.000,325.000,475.000,-1,-1,-1,450.000,400.000,600.000,-1,1,1,2,1,2,1,1,1,0,0,2,2,2,1,0,1,2
110,-1640.555,-3607.355,692.385,72.400,0.232882,-0.881300,0.411189,0.958470,0.279569,0.056357,-0.164623,0.380988,0.909806,1,0.00000,0.00000,24.000,0.796,-1,525.000,-1,250.000,50.000,350.000,250.000,225.000,150.000,250.000,-1,-1,800.000,950.000,350.000,-1,50.000,2,1,2,0,0,0,0,1,0,1,2,2,1,1,0,2,0
111,9506.967,-8852.507,-73.968,147.500,-0.843475,-0.537154,0.003875,0.536807,-0.843151,-0.030565,0.019686,-0.023701,0.999525,1,0.08000,0.12000,4.800,0.240,425.000,400.000,725.000,375.000,-1,325.000,325.000,300.000,300.000,-1,-1,-1,-1,475.000,725.000,425.000,-1,1,1,1,0,2,0,0,0,0,2,2,2,2,1,1,1,2
112,9498.828,-8847.417,-73.761,147.980,-0.847949,-0.530066,0.003432,0.529732,-0.847613,-0.030609,0.019134,-0.024137,0.999526,0,0.16000,0.24000,9.600,0.480,400.000,375.000,725.000,375.000,-1,325.000,325.000,300.000,300.000,-1,-1,-1,-1,450.000,700.000,425.000,-1,1,1,1,0,2,0,0,0,0,2,2,2,2,1,1,1,2
113,9486.523,-8839.937,-73.455,148.700,-0.854548,-0.519365,0.002772,0.519050,-0.854193,-0.030681,0.018302,-0.024780,0.999525,0,0.24000,0.36000,14.400,0.720,400.000,375.000,700.000,375.000,-1,325.000,325.000,300.000,300.000,-1,-1,-1,-1,450.000,675.000,400.000,-1,1,1,1,0,2,0,0,0,0,2,2,2,2,1,1,1,2
114,9469.953,-8830.238,-73.056,149.660,-0.863135,-0.504970,0.001902,0.504681,-0.862757,-0.030789,0.017188,-0.025615,0.999524,0,0.32000,0.48000,19.200,0.960,375.000,350.000,675.000,375.000,-1,325.000,325.000,300.000,300.000,-1,-1,-1,-1,425.000,650.000,400.000,-1,1,1,1,0,2,0,0,0,0,2,2,2,2,1,1,1,2
115,9448.990,-8818.552,-72.572,150.860,-0.873525,-0.486778,0.000831,0.486523,-0.873120,-0.030940,0.015787,-0.026623,0.999521,0,0.40000,0.60000,24.000,1.200,350.000,350.000,625.000,375.000,-1,325.000,325.000,300.000,300.000,-1,-1,-1,-1,400.000,600.000,375.000,900.000,1,1,1,0,2,0,0,0,0,2,2,2,2,1,1,1,1
116,9423.491,-8805.165,-72.013,152.300,-0.885485,-0.464668,-0.000430,0.464455,-0.885049,-0.031147,0.014093,-0.027780,0.999515,0,0.48000,0.72000,28.800,1.440,325.000,325.000,575.000,375.000,-1,325.000,325.000,300.000,300.000,-1,-1,-1,-1,375.000,575.000,350.000,800.000,1,1,1,0,2,1,0,0,0,2,2,2,2,1,1,1,1
117,9393.297,-8790.425,-71.391,153.980,-0.898727,-0.438505,-0.001868,0.438342,-0.898259,-0.031422,0.012100,-0.029058,0.999504,0,0.56000,0.84000,33.600,1.680,300.000,300.000,550.000,375.000,-1,300.000,325.000,300.000,300.000,-1,-1,-1,-1,350.000,525.000,300.000,700.000,1,1,1,0,2,1,0,0,0,2,2,2,2,1,1,1,1
118,9358.244,-8774.746,-70.720,155.900,-0.912910,-0.408147,-0.003471,0.408044,-0.912409,-0.031776,0.009802,-0.030425,0.999489,0,0.64000,0.96000,38.400,1.920,275.000,275.000,475.000,375.000,-1,275.000,300.000,300.000,300.000,-1,-1,-1,-1,325.000,475.000,275.000,625.000,1,1,1,1,2,1,1,0,0,2,2,2,2,1,1,1,1
119,9318.218,-8758.493,-70.011,157.900,-0.926589,-0.376040,-0.005217,0.376006,-0.926058,-0.032191,0.007274,-0.031789,0.999468,0,0.72000,1.00000,43.200,2.000,250.000,250.000,425.000,325.000,750.000,250.000,275.000,300.000,300.000,-1,-1,-1,-1,300.000,400.000,250.000,525.000,1,1,1,1,1,1,1,0,0,2,2,2,2,1,1,1,1
120,9273.141,-8741.999,-69.508,159.900,-0.939141,-0.343466,-0.006711,0.343491,-0.938548,-0.033795,0.005308,-0.034044,0.999406,0,0.80000,1.00000,48.000,2.000,200.000,225.000,375.000,275.000,600.000,200.000,250.000,300.000,300.000,-1,-1,-1,-1,250.000,350.000,200.000,450.000,1,1,1,1,1,1,1,0,0,2,2,2,2,1,1,1,1
121,9223.535,-8725.780,-65.762,161.900,-0.950520,-0.310601,0.006304,0.310344,-0.950264,-0.026163,0.014116,-0.022912,0.999638,0,0.86984,1.00000,52.190,2.000,175.000,200.000,325.000,250.000,475.000,200.000,225.000,325.000,300.000,-1,-1,-1,-1,225.000,300.000,175.000,375.000,1,1,1,1,1,1,1,0,0,2,2,2,2,1,1,1,1
122,9173.015,-8711.195,-59.310,163.900,-0.960288,-0.277321,0.030677,0.277170,-0.960777,-0.009135,0.032007,-0.000270,0.999488,0,0.87638,1.00000,52.583,2.000,175.000,175.000,300.000,225.000,375.000,175.000,200.000,400.000,275.000,-1,-1,-1,-1,225.000,275.000,175.000,300.000,1,1,1,1,1,1,1,0,0,2,2,2,2,1,1,1,1
123,9121.627,-8698.293,-52.989,165.900,-0.968353,-0.243556,0.054524,0.244446,-0.969609,0.010203,0.050382,0.023208,0.998460,0,0.88301,1.00000,52.981,2.000,175.000,175.000,275.000,200.000,300.000,150.000,175.000,475.000,275.000,-1,500.000,275.000,900.000,200.000,250.000,150.000,250.000,1,1,1,1,1,1,1,0,0,2,0,0,0,1,1,1,1
124,9069.422,-8687.102,-39.207,167.900,-0.973248,-0.209587,0.094131,0.210438,-0.977607,-0.000910,0.092214,0.018923,0.995559,0,0.88973,1.00000,53.384,2.000,175.000,175.000,300.000,200.000,275.000,175.000,175.000,525.000,300.000,-1,200.000,100.000,675.000,225.000,250.000,175.000,250.000,1,1,1,1,1,1,1,0,0,2,0,0,0,1,1,1,1
125,7543.191,328.094,279.002,32.712,0.807978,-0.531382,0.254569,0.559576,0.827323,-0.049107,-0.184516,0.182128,0.965807,1,0.00000,0.00000,53.792,2.000,825.000,300.000,650.000,225.000,150.000,250.000,225.000,350.000,250.000,350.000,75.000,225.000,-1,475.000,325.000,625.000,150.000,0,0,0,0,0,0,0,1,0,1,1,1,2,0,0,0,0
126,-983.880,2951.701,495.284,8.384,0.980809,-0.145542,-0.129737,0.151893,0.987570,0.040429,0.122240,-0.059359,0.990724,1,0.00000,0.00000,4.800,-0.240,-1,425.000,-1,-1,-1,350.000,375.000,225.000,425.000,-1,0.000,0.000,-1,-1,-1,-1,-1,2,0,2,2,2,0,0,1,0,2,1,0,2,2,2,2,2
127,-979.135,2952.421,495.860,8.624,0.980295,-0.149683,-0.128902,0.155884,0.986990,0.039380,0.121331,-0.058698,0.990875,0,0.08000,0.12000,4.800,0.240,-1,425.000,-1,-1,-1,350.000,375.000,225.000,425.000,-1,0.000,0.000,-1,-1,-1,-1,-1,2,0,2,2,2,0,0,1,0,2,1,0,2,2,2,2,2
128,-969.656,2953.940,497.006,9.104,0.979213,-0.157958,-0.127245,0.163870,0.985775,0.037347,0.119536,-0.057422,0.991168,0,0.16000,0.24000,9.600,0.480,-1,425.000,-1,-1,-1,350.000,375.000,200.000,425.000,-1,0.000,0.000,-1,-1,-1,-1,-1,2,0,2,2,2,0,0,1,0,2,1,0,2,2,2,2,2
129,-955.468,2956.396,498.709,9.824,0.977451,-0.170350,-0.124782,0.175856,0.983813,0.034445,0.116894,-0.055612,0.991586,0,0.24000,0.36000,14.400,0.720,-1,425.000,-1,-1,-1,350.000,375.000,200.000,425.000,-1,0.000,0.000,-1,-1,-1,-1,-1,2,0,2,2,2,0,0,1,0,2,1,0,2,2,2,2,2
130,-936.608,2959.988,500.951,10.784,0.974845,-0.186832,-0.121533,0.191845,0.980941,0.030833,0.113457,-0.053373,0.992108,0,0.32000,0.48000,19.200,0.960,-1,425.000,-1,-1,-1,350.000,375.000,200.000,400.000,-1,0.000,0.000,-1,-1,-1,-1,-1,2,0,2,2,2,0,0,1,0,2,1,0,2,2,2,2,2
131,-913.132,2964.971,503.713,11.984,0.971179,-0.207362,-0.117529,0.211825,0.976943,0.026706,0.109281,-0.050831,0.992710,0,0.40000,0.60000,24.000,1.200,-1,450.000,-1,925.000,-1,350.000,375.000,200.000,400.000,-1,0.000,0.000,-1,-1,-1,-1,-1,2,0,2,1,2,0,0,0,0,2,1,0,2,2,2,2,2
132,-885.121,2971.657,506.972,13.424,0.966182,-0.231879,-0.112799,0.235769,0.971554,0.022281,0.104424,-0.048122,0.993368,0,0.48000,0.72000,28.800,1.440,-1,450.000,-1,675.000,-1,350.000,375.000,200.000,400.000,-1,0.000,0.000,-1,-1,-1,-1,-1,2,0,2,1,2,0,0,0,0,2,1,0,2,2,2,2,2
133,-852.683,2980.411,510.711,15.104,0.959540,-0.260296,-0.107378,0.263622,0.964462,0.017786,0.098932,-0.045373,0.994059,0,0.56000,0.84000,33.600,1.680,-1,450.000,-1,575.000,-1,350.000,400.000,225.000,400.000,-1,0.000,0.000,-1,-1,-1,-1,-1,2,0,2,1,2,0,0,0,0,2,1,0,2,2,2,2,2
134,-815.967,2991.653,514.912,17.024,0.950887,-0.292498,-0.101287,0.295291,0.955313,0.013441,0.092829,-0.042690,0.994766,0,0.64000,0.96000,38.400,1.920,-1,450.000,-1,575.000,-1,375.000,400.000,225.000,375.000,-1,0.000,0.000,-1,-1,-1,-1,-1,2,0,2,0,2,0,0,0,0,2,1,0,2,2,2,2,2
135,-775.412,3005.636,519.513,19.024,0.940733,-0.325695,-0.094573,0.328008,0.944626,0.009601,0.086209,-0.040053,0.995472,0,0.71499,1.00000,42.899,2.000,-1,450.000,-1,575.000,-1,375.000,400.000,250.000,375.000,-1,0.000,0.000,-1,-1,-1,-1,-1,2,0,2,0,2,0,0,0,0,2,1,0,2,2,2,2,2
136,-735.254,3021.071,523.874,21.024,0.929359,-0.358508,-0.088115,0.360355,0.932799,0.005478,0.080230,-0.036844,0.996095,0,0.71705,1.00000,43.023,2.000,-1,475.000,-1,575.000,-1,375.000,400.000,250.000,375.000,-1,0.000,0.000,-1,-1,-1,-1,-1,2,0,2,0,2,0,0,0,0,2,1,0,2,2,2,2,2
137,-695.541,3037.947,527.408,23.024,0.917072,-0.390925,-0.078466,0.392127,0.919911,-0.000109,0.072224,-0.030669,0.996917,0,0.71919,1.00000,43.151,2.000,-1,450.000,-1,550.000,-1,375.000,400.000,275.000,350.000,-1,0.000,0.000,-1,-1,-1,-1,-1,2,0,2,0,2,0,0,0,0,2,1,0,2,2,2,2,2
138,-656.322,3056.254,530.503,25.024,0.903749,-0.422881,-0.066398,0.423451,0.905900,-0.005940,0.062662,-0.022748,0.997776,0,0.72139,1.00000,43.283,2.000,-1,450.000,-1,525.000,-1,375.000,400.000,300.000,325.000,-1,0.000,0.000,-1,-1,-1,-1,-1,2,0,2,0,2,0,0,0,0,2,0,0,2,2,2,2,2
139,-617.646,3075.980,533.457,27.024,0.889270,-0.454312,-0.052905,0.454387,0.890733,-0.011308,0.052261,-0.013984,0.998536,0,0.72363,1.00000,43.418,2.000,-1,450.000,-1,500.000,-1,375.000,375.000,300.000,300.000,-1,0.000,-1,-1,-1,-1,-1,-1,2,0,2,0,2,0,0,0,0,2,0,2,2,2,2,2,2
140,-579.561,3097.112,536.530,29.024,0.873559,-0.485163,-0.038894,0.484935,0.874409,-0.015715,0.041634,-0.005133,0.999120,0,0.72592,1.00000,43.555,2.000,-1,450.000,-1,475.000,-1,350.000,375.000,325.000,375.000,-1,-1,-1,-1,-1,-1,-1,-1,2,0,2,0,2,0,0,1,1,2,2,2,2,2,2,2,2
141,-542.118,3119.631,538.093,31.024,0.856347,-0.515388,-0.032322,0.515141,0.856952,-0.016197,0.036046,-0.002780,0.999346,0,0.72824,1.00000,43.694,2.000,-1,450.000,-1,475.000,-1,350.000,350.000,325.000,-1,-1,-1,-1,-1,-1,-1,-1,-1,2,0,2,0,2,0,0,1,2,2,2,2,2,2,2,2,2
142,-503.183,3144.708,539.407,32.784,0.840269,-0.541466,-0.027624,0.541245,0.840721,-0.015559,0.031649,-0.001878,0.999497,0,0.77187,0.88000,46.312,1.760,-1,450.000,-1,475.000,-1,350.000,350.000,325.000,-1,-1,-1,-1,-1,-1,-1,-1,-1,2,0,2,0,2,0,0,1,2,2,2,2,2,2,2,2,2
143,-465.347,3170.521,540.740,34.304,0.825735,-0.563577,-0.023313,0.563387,0.826063,-0.014654,0.027516,-0.001034,0.999621,0,0.76337,0.76000,45.802,1.520,-1,450.000,-1,450.000,-1,350.000,350.000,300.000,-1,-1,-1,-1,-1,1000.000,-1,-1,-1,2,0,2,0,2,0,0,1,2,2,2,2,2,0,2,2,2
144,-428.505,3196.881,541.957,35.584,0.813039,-0.581889,-0.019314,0.581746,0.813268,-0.012916,0.023223,-0.000735,0.999730,0,0.75503,0.64000,45.302,1.280,-1,450.000,-1,450.000,-1,350.000,350.000,300.000,-1,-1,-1,-1,-1,975.000,-1,-1,-1,2,0,2,0,2,0,0,1,2,2,2,2,2,0,2,2,2
145,-392.534,3223.619,542.490,36.624,0.802425,-0.596552,-0.015516,0.596514,0.802568,-0.007479,0.016914,-0.003254,0.999852,0,0.74701,0.52000,44.821,1.040,-1,425.000,-1,450.000,-1,350.000,350.000,275.000,-1,-1,-1,-1,-1,925.000,-1,-1,-1,2,0,2,0,2,0,0,1,2,2,2,2,2,0,2,2,2
146,-357.298,3250.581,543.012,37.424,0.794081,-0.607692,-0.012088,0.607716,0.794152,-0.001974,0.010800,-0.005778,0.999925,0,0.73947,0.40000,44.368,0.800,-1,425.000,-1,425.000,-1,325.000,350.000,275.000,-1,-1,-1,-1,-1,875.000,-1,-1,-1,2,0,2,0,2,0,0,1,2,2,2,2,2,0,2,2,2
147,-322.658,3277.630,543.541,37.984,0.788153,-0.615414,-0.008931,0.615459,0.788161,0.003416,0.004936,-0.008189,0.999954,0,0.73251,0.28000,43.950,0.560,-1,400.000,-1,425.000,-1,325.000,325.000,275.000,-1,-1,-1,-1,-1,825.000,-1,-1,-1,2,0,2,0,2,0,0,1,2,2,2,2,2,0,2,2,2
148,-288.465,3304.638,544.078,38.304,0.784742,-0.619794,-0.005941,0.619822,0.784695,0.008636,-0.000691,-0.010460,0.999945,0,0.72621,0.16000,43.573,0.320,-1,400.000,-1,425.000,-1,325.000,325.000,250.000,-1,-1,-1,-1,-1,800.000,-1,-1,-1,2,0,2,0,2,0,0,1,2,2,2,2,2,0,2,2,2
149,-254.572,3331.485,544.621,38.384,0.783905,-0.620874,-0.003021,0.620851,0.783810,0.013634,-0.006097,-0.012563,0.999902,0,0.72063,0.04000,43.238,0.080,-1,400.000,-1,425.000,-1,325.000,325.000,250.000,-1,-1,-1,-1,-1,775.000,-1,-1,-1,2,0,2,0,2,0,0,1,2,2,2,2,2,0,2,2,2
150,-220.044,3359.152,544.745,38.704,0.780433,-0.625239,-0.000196,0.625159,0.780327,0.016297,-0.010036,-0.012841,0.999867,0,0.73743,0.16000,44.246,0.320,-1,400.000,-1,450.000,-1,325.000,325.000,250.000,-1,-1,-1,-1,-1,750.000,-1,-1,-1,2,0,2,0,2,0,0,1,2,2,2,2,2,0,2,2,2
151,-185.984,3386.993,544.152,39.264,0.774266,-0.632855,0.002444,0.632755,0.774203,0.015215,-0.011521,-0.010234,0.999881,0,0.73318,0.28000,43.991,0.560,-1,400.000,-1,450.000,-1,325.000,325.000,250.000,350.000,-1,-1,-1,-1,750.000,-1,-1,-1,2,0,2,0,2,0,0,1,0,2,2,2,2,0,2,2,2
152,-152.407,3415.077,543.628,39.910,0.767052,-0.641566,0.004966,0.641455,0.767030,0.014159,-0.012893,-0.007675,0.999887,0,0.72955,0.32326,43.773,0.647,-1,375.000,-1,450.000,-1,325.000,325.000,250.000,350.000,-1,-1,-1,-1,775.000,-1,-1,-1,2,0,2,0,2,0,0,1,0,2,2,2,2,0,2,2,2
153,-119.303,3443.406,543.176,40.556,0.759745,-0.650179,0.007399,0.650066,0.759764,0.013166,-0.014182,-0.005193,0.999886,0,0.72618,0.32283,43.571,0.646,-1,375.000,-1,450.000,-1,325.000,325.000,275.000,350.000,-1,-1,-1,-1,775.000,-1,-1,-1,2,0,2,0,2,0,0,1,0,2,2,2,2,0,2,2,2
154,-86.668,3471.975,542.793,41.200,0.752352,-0.658690,0.009744,0.658582,0.752410,0.012232,-0.015389,-0.002786,0.999878,0,0.72289,0.32223,43.374,0.644,-1,375.000,-1,450.000,-1,325.000,325.000,275.000,350.000,-1,-1,-1,-1,775.000,-1,-1,-1,2,0,2,0,2,0,0,1,0,2,2,2,2,0,2,2,2
155,-54.498,3500.782,541.983,41.843,0.744837,-0.667093,0.014342,0.667004,0.744974,0.010963,-0.017997,0.001401,0.999837,0,0.71971,0.32146,43.182,0.643,-1,375.000,-1,450.000,-1,300.000,325.000,300.000,350.000,-1,-1,-1,-1,775.000,-1,-1,-1,2,0,2,0,2,0,0,1,0,2,2,2,2,0,2,2,2
156,-22.789,3529.822,541.073,42.484,0.737214,-0.675373,0.019659,0.675332,0.737450,0.009674,-0.021032,0.006144,0.999760,0,0.71663,0.32051,42.998,0.641,-1,375.000,-1,450.000,-1,300.000,325.000,300.000,350.000,-1,-1,-1,-1,775.000,1000.000,-1,-1,2,0,2,0,2,0,0,1,0,2,2,2,2,0,0,2,2
157,8.466,3559.094,540.250,43.123,0.729504,-0.683527,0.024809,0.683558,0.729846,0.008522,-0.023932,0.010741,0.999656,0,0.71369,0.31941,42.821,0.639,-1,375.000,-1,425.000,-1,300.000,325.000,325.000,350.000,-1,-1,-1,-1,775.000,950.000,-1,-1,2,0,2,0,2,0,0,1,0,2,2,2,2,0,0,2,2
158,42.721,3592.176,539.242,44.002,0.718732,-0.694587,0.031193,0.694742,0.719221,0.007326,-0.027523,0.016406,0.999487,0,0.79369,0.43941,47.621,0.879,-1,375.000,-1,425.000,-1,300.000,325.000,350.000,350.000,-1,-1,-1,-1,750.000,900.000,-1,-1,2,0,2,0,2,0,0,1,0,2,2,2,2,0,0,2,2
159,79.710,3629.322,538.238,45.121,0.704772,-0.708415,0.038007,0.708743,0.705439,0.006335,-0.031299,0.022472,0.999257,0,0.87369,0.55941,52.421,1.119,-1,375.000,-1,400.000,-1,300.000,325.000,350.000,350.000,-1,-1,-1,-1,750.000,850.000,-1,-1,2,0,2,0,2,0,0,0,0,2,2,2,2,0,0,2,2
160,116.161,3667.707,536.678,46.479,0.687649,-0.724893,0.040852,0.725313,0.688392,0.006116,-0.032555,0.025425,0.999147,0,0.88225,0.67941,52.935,1.359,-1,375.000,-1,400.000,-1,300.000,325.000,375.000,350.000,-1,-1,-1,-1,750.000,825.000,-1,-1,2,0,2,0,2,0,0,0,0,2,2,2,2,0,0,2,2
161,151.459,3707.017,534.981,48.078,0.667114,-0.743792,0.041625,0.744245,0.667876,0.006354,-0.032527,0.026741,0.999113,0,0.88053,0.79941,52.832,1.599,-1,375.000,-1,400.000,-1,300.000,325.000,375.000,350.000,-1,-1,-1,-1,725.000,800.000,-1,-1,2,0,2,0,2,0,0,0,0,2,2,2,2,0,0,2,2
162,185.465,3747.367,533.490,49.876,0.643417,-0.764362,0.042023,0.764834,0.644191,0.006861,-0.032315,0.027726,0.999093,0,0.87948,0.89907,52.769,1.798,-1,375.000,-1,400.000,-1,300.000,325.000,375.000,350.000,-1,-1,-1,-1,725.000,775.000,-1,-1,2,0,2,0,2,0,0,0,0,2,2,2,2,0,0,2,2
163,218.172,3788.738,532.193,51.670,0.619162,-0.784138,0.042022,0.784613,0.619941,0.007519,-0.031947,0.028316,0.999088,0,0.87897,0.89684,52.738,1.794,-1,375.000,-1,400.000,-1,300.000,300.000,375.000,375.000,-1,-1,-1,-1,725.000,775.000,-1,-1,2,0,2,0,2,0,0,0,0,2,2,2,2,0,0,2,2
164,252.441,3834.957,530.985,53.445,0.594576,-0.802962,0.041612,0.803426,0.595348,0.008266,-0.031412,0.028518,0.999100,0,0.95897,0.88763,57.538,1.775,-1,375.000,-1,400.000,-1,300.000,300.000,375.000,375.000,-1,-1,-1,-1,725.000,750.000,-1,-1,2,0,2,0,2,0,0,0,0,2,2,2,2,0,0,2,2
165,285.540,3882.636,530.451,55.231,0.569302,-0.821081,0.041488,0.821609,0.570011,0.006769,-0.029207,0.030233,0.999116,0,0.96736,0.89277,58.042,1.786,-1,375.000,-1,400.000,-1,325.000,325.000,375.000,375.000,-1,-1,-1,-1,750.000,750.000,-1,-1,2,0,2,0,2,0,0,1,0,2,2,2,2,0,0,2,2
166,317.128,3931.331,529.447,57.027,0.543341,-0.838492,0.041369,0.839098,0.543961,0.004586,-0.026348,0.032221,0.999133,0,0.96739,0.89810,58.043,1.796,-1,400.000,-1,400.000,-1,325.000,325.000,350.000,375.000,-1,-1,-1,-1,775.000,750.000,-1,-1,2,0,2,0,2,0,0,1,0,2,2,2,2,0,0,2,2
167,347.159,3980.987,527.874,58.834,0.516705,-0.855169,0.041253,0.855854,0.517213,0.001965,-0.023017,0.034292,0.999147,0,0.96719,0.90354,58.031,1.807,-1,400.000,-1,400.000,-1,325.000,325.000,325.000,375.000,-1,-1,-1,-1,800.000,750.000,-1,-1,2,0,2,0,2,0,0,1,0,2,2,2,2,0,0,2,2
168,375.587,4031.547,526.143,60.652,0.489387,-0.871120,0.040623,0.871833,0.489804,0.000358,-0.020209,0.035242,0.999174,0,0.96674,0.90909,58.004,1.818,-1,400.000,-1,400.000,-1,325.000,325.000,300.000,375.000,-1,-1,-1,-1,825.000,750.000,-1,-1,2,0,2,0,2,0,0,1,0,2,2,2,2,0,0,2,2
169,402.367,4082.951,524.289,62.482,0.461400,-0.886313,0.039501,0.887014,0.461743,-0.000488,-0.017807,0.035263,0.999219,0,0.96603,0.91475,57.962,1.830,-1,400.000,-1,400.000,-1,325.000,325.000,275.000,350.000,-1,-1,-1,-1,850.000,750.000,-1,-1,2,0,2,0,2,0,0,1,0,2,2,2,2,0,0,2,2
170,427.456,4135.136,522.172,64.323,0.432689,-0.900691,0.039195,0.901379,0.433031,0.000243,-0.017191,0.035225,0.999232,0,0.96506,0.92053,57.903,1.841,-1,400.000,-1,400.000,-1,325.000,325.000,250.000,350.000,-1,-1,0.000,-1,850.000,725.000,-1,-1,2,0,2,0,2,0,0,1,0,2,2,0,2,0,0,2,2
171,450.815,4188.036,520.479,66.176,0.403353,-0.914206,0.039158,0.914901,0.403677,0.000414,-0.016185,0.035659,0.999233,0,0.96380,0.92640,57.828,1.853,-1,400.000,-1,375.000,-1,325.000,325.000,225.000,350.000,-1,-1,50.000,-1,875.000,700.000,-1,925.000,2,0,2,0,2,0,0,1,0,2,2,0,2,0,1,2,1
172,472.408,4241.582,519.148,68.037,0.373461,-0.926821,0.039104,0.927525,0.373761,0.000391,-0.014978,0.036124,0.999235,0,0.96226,0.93074,57.735,1.861,-1,400.000,-1,375.000,1000.000,325.000,325.000,225.000,350.000,-1,375.000,125.000,-1,875.000,675.000,-1,850.000,2,0,2,0,1,0,0,1,0,2,0,0,2,0,1,2,1
173,492.206,4295.698,518.047,69.905,0.343070,-0.938510,0.038752,0.939206,0.343354,0.000712,-0.013973,0.036152,0.999249,0,0.96041,0.93390,57.625,1.868,-1,400.000,-1,375.000,875.000,325.000,325.000,200.000,325.000,-1,350.000,200.000,-1,900.000,650.000,-1,800.000,2,0,2,0,1,0,0,1,0,2,0,0,2,0,1,2,1
174,510.184,4350.311,517.162,71.779,0.312212,-0.949248,0.038092,0.949921,0.312488,0.001352,-0.013187,0.035762,0.999273,0,0.95826,0.93688,57.496,1.874,975.000,425.000,-1,375.000,775.000,325.000,325.000,200.000,325.000,-1,0.000,300.000,-1,925.000,650.000,-1,725.000,1,0,2,0,1,0,0,1,0,2,0,0,2,1,1,2,1
175,526.320,4405.341,516.475,73.658,0.280922,-0.959013,0.037116,0.959647,0.281197,0.002287,-0.012630,0.034976,0.999308,0,0.95580,0.93968,57.348,1.879,900.000,425.000,-1,375.000,700.000,325.000,325.000,175.000,325.000,-1,100.000,450.000,-1,875.000,650.000,1000.000,675.000,1,0,2,0,1,0,0,1,0,2,0,0,2,1,1,1,1
176,539.337,4456.251,516.015,75.658,0.247287,-0.968273,0.036021,0.968866,0.247564,0.003390,-0.012200,0.034061,0.999345,0,0.87580,1.00000,52.548,2.000,825.000,425.000,975.000,375.000,625.000,325.000,325.000,175.000,325.000,-1,200.000,-1,-1,825.000,650.000,975.000,650.000,1,0,1,0,1,0,0,1,0,2,0,2,2,1,1,1,1
177,549.543,4502.895,515.730,77.658,0.213345,-0.976357,0.034808,0.976904,0.213629,0.004617,-0.011943,0.033019,0.999383,0,0.79580,1.00000,47.748,2.000,650.000,425.000,925.000,400.000,575.000,325.000,325.000,175.000,325.000,-1,350.000,-1,-1,800.000,650.000,925.000,650.000,1,0,1,0,1,0,0,1,0,2,0,2,2,1,1,1,1
178,557.254,4545.145,515.805,79.658,0.179102,-0.983223,0.034564,0.983750,0.179425,0.006474,-0.012567,0.032843,0.999382,0,0.71580,1.00000,42.948,2.000,550.000,425.000,875.000,400.000,550.000,325.000,325.000,175.000,325.000,-1,-1,-1,-1,775.000,675.000,875.000,625.000,1,0,1,0,1,0,0,1,0,2,2,2,2,1,1,1,1
179,563.196,4585.671,515.922,81.658,0.144619,-0.988903,0.034011,0.989389,0.145004,0.009155,-0.013985,0.032326,0.999380,0,0.68266,1.00000,40.959,2.000,450.000,425.000,825.000,400.000,525.000,350.000,325.000,175.000,325.000,-1,-1,-1,-1,750.000,700.000,825.000,650.000,1,0,1,0,1,0,0,1,0,2,2,2,2,1,1,1,1
180,567.716,4626.332,515.788,83.658,0.109984,-0.993393,0.032780,0.993821,0.110407,0.011381,-0.014925,0.031326,0.999398,0,0.68185,1.00000,40.911,2.000,375.000,425.000,775.000,400.000,500.000,350.000,325.000,150.000,325.000,-1,-1,-1,-1,700.000,725.000,775.000,675.000,1,0,1,0,1,0,0,1,0,2,2,2,2,1,1,1,1
181,570.808,4667.071,515.131,85.658,0.075186,-0.996596,0.033826,0.997046,0.075668,0.013203,-0.015717,0.032733,0.999341,0,0.68094,1.00000,40.856,2.000,325.000,425.000,750.000,400.000,500.000,350.000,325.000,150.000,300.000,-1,-1,-1,-1,675.000,675.000,725.000,700.000,1,0,1,0,1,0,0,1,0,2,2,2,2,1,1,1,1
182,572.473,4707.833,515.339,87.658,0.040370,-0.998469,0.037803,0.999099,0.040835,0.011597,-0.013123,0.037301,0.999218,0,0.67994,1.00000,40.796,2.000,325.000,450.000,725.000,400.000,500.000,350.000,325.000,150.000,300.000,-1,-1,-1,-1,675.000,625.000,675.000,675.000,1,0,1,0,1,0,0,1,0,2,2,2,2,1,1,1,1
183,572.714,4748.562,515.593,89.658,0.005554,-0.999112,0.041766,0.999935,0.005963,0.009674,-0.009915,0.041710,0.999081,0,0.67884,1.00000,40.731,2.000,300.000,475.000,675.000,400.000,525.000,350.000,350.000,150.000,275.000,-1,-1,-1,-1,625.000,600.000,650.000,650.000,1,0,1,0,1,0,0,1,0,2,2,2,2,1,1,1,1
184,571.535,4789.204,515.902,91.658,-0.029218,-0.998522,0.045837,0.999554,-0.028904,0.007490,-0.006154,0.046035,0.998921,0,0.67765,1.00000,40.659,2.000,275.000,475.000,650.000,425.000,550.000,375.000,350.000,150.000,275.000,-1,-1,-1,-1,600.000,550.000,600.000,600.000,1,1,1,0,1,0,0,1,0,2,2,2,2,1,1,1,1
185,568.943,4829.703,516.273,93.658,-0.063898,-0.996697,0.050130,0.997955,-0.063721,0.005116,-0.001905,0.050355,0.998730,0,0.67637,1.00000,40.582,2.000,275.000,475.000,625.000,425.000,550.000,375.000,375.000,150.000,275.000,-1,-1,-1,-1,575.000,500.000,575.000,550.000,1,1,1,0,1,0,0,1,0,2,2,2,2,1,1,1,1
186,564.946,4870.004,516.717,95.658,-0.098440,-0.993635,0.054758,0.995139,-0.098444,0.002639,0.002769,0.054751,0.998496,0,0.67500,1.00000,40.500,2.000,250.000,450.000,625.000,425.000,525.000,400.000,375.000,150.000,250.000,-1,-1,-1,-1,550.000,475.000,525.000,500.000,1,1,1,1,1,0,0,1,1,2,2,2,2,1,1,1,1
187,559.556,4910.055,517.524,97.658,-0.132844,-0.989269,0.060817,0.991113,-0.133017,0.001208,0.006895,0.060437,0.998148,0,0.67354,1.00000,40.413,2.000,250.000,450.000,600.000,400.000,475.000,400.000,375.000,150.000,250.000,-1,-1,-1,-1,525.000,450.000,500.000,450.000,1,1,1,1,1,1,1,1,1,2,2,2,2,1,1,1,1
188,552.786,4949.802,518.464,99.658,-0.167022,-0.983642,0.067461,0.985890,-0.167396,0.000113,0.011181,0.066528,0.997722,0,0.67200,1.00000,40.320,2.000,225.000,425.000,575.000,375.000,425.000,400.000,350.000,150.000,250.000,-1,-1,-1,-1,525.000,400.000,450.000,400.000,1,1,1,1,1,1,1,1,1,2,2,2,2,1,1,1,1
189,544.652,4989.193,519.521,101.658,-0.200924,-0.976757,0.074661,0.979482,-0.201531,-0.000613,0.015645,0.073006,0.997209,0,0.67038,1.00000,40.223,2.000,225.000,400.000,575.000,350.000,375.000,375.000,350.000,150.000,250.000,-1,-1,-1,-1,500.000,375.000,400.000,375.000,1,1,1,1,1,1,1,1,1,2,2,2,2,1,1,1,1
190,535.171,5028.177,520.685,103.658,-0.234498,-0.968618,0.082404,0.971905,-0.235373,-0.000921,0.020288,0.079873,0.996599,0,0.66869,1.00000,40.122,2.000,200.000,375.000,575.000,325.000,325.000,350.000,325.000,150.000,250.000,-1,-1,-1,-1,475.000,350.000,375.000,325.000,1,1,1,1,1,1,1,1,1,2,2,2,2,1,1,1,1
191,524.362,5066.705,521.945,105.658,-0.267695,-0.959228,0.090672,0.963176,-0.268869,-0.000764,0.025112,0.087129,0.995880,0,0.66694,1.00000,40.016,2.000,200.000,350.000,575.000,300.000,275.000,325.000,300.000,150.000,250.000,-1,-1,-1,-1,475.000,325.000,350.000,275.000,1,1,1,1,1,1,1,1,0,2,2,2,2,1,1,1,1
192,512.247,5104.727,523.292,107.658,-0.300465,-0.948594,0.099446,0.953317,-0.301970,-0.000095,0.030120,0.094776,0.995043,0,0.66512,1.00000,39.907,2.000,200.000,350.000,550.000,275.000,250.000,325.000,275.000,150.000,250.000,-1,-1,325.000,-1,450.000,300.000,325.000,250.000,1,1,1,1,1,1,1,1,0,2,2,0,2,1,1,1,1
193,498.849,5142.196,524.680,109.658,-0.332741,-0.936714,0.108862,0.942353,-0.334619,0.001076,0.035419,0.102945,0.994056,0,0.66324,1.00000,39.795,2.000,175.000,325.000,575.000,250.000,200.000,300.000,275.000,150.000,250.000,-1,-1,225.000,-1,450.000,275.000,300.000,200.000,1,1,1,1,1,1,1,1,0,2,2,0,2,1,1,1,1
194,484.190,5179.066,525.706,111.658,-0.364280,-0.923446,0.120614,0.930336,-0.366701,0.002268,0.042135,0.113038,0.992697,0,0.66132,1.00000,39.679,2.000,175.000,300.000,625.000,225.000,150.000,275.000,250.000,150.000,250.000,-1,475.000,125.000,750.000,475.000,275.000,275.000,175.000,1,1,1,1,1,1,1,1,0,2,0,0,0,1,1,1,1
195,468.334,5215.312,534.856,113.658,-0.393952,-0.911968,0.114529,0.916238,-0.399530,-0.029733,0.072873,0.093222,0.992975,0,0.65936,1.00000,39.562,2.000,200.000,325.000,-1,250.000,150.000,300.000,275.000,150.000,300.000,-1,225.000,75.000,675.000,-1,300.000,375.000,175.000,1,1,2,1,1,1,1,1,0,2,0,0,0,2,1,1,1
196,451.269,5250.877,544.010,115.658,-0.423738,-0.898922,0.111292,0.899853,-0.431812,-0.061663,0.103488,0.074018,0.991873,0,0.65736,1.00000,39.442,2.000,225.000,375.000,-1,275.000,150.000,300.000,275.000,150.000,350.000,-1,125.000,75.000,650.000,-1,325.000,-1,175.000,1,1,2,1,1,1,1,1,0,2,0,0,0,2,1,2,1
197,8199.166,5575.132,619.045,-173.185,-0.980923,0.115150,-0.156624,-0.148618,-0.963570,0.222363,-0.125313,0.241398,0.962301,1,0.00000,0.00000,44.242,2.000,-1,225.000,-1,200.000,-1,150.000,125.000,-1,-1,-1,0.000,0.000,450.000,700.000,475.000,-1,-1,2,0,2,1,2,0,1,2,2,2,0,1,1,0,1,2,2
198,-8857.682,5579.462,186.438,122.484,-0.535211,-0.842336,0.063389,0.844027,-0.536301,-0.000196,0.034161,0.053397,0.997989,1,0.08000,-0.12000,4.800,-0.240,-1,375.000,625.000,375.000,400.000,300.000,300.000,300.000,-1,-1,825.000,800.000,-1,725.000,425.000,-1,400.000,2,0,1,1,1,0,0,0,2,2,0,0,2,1,1,2,1
199,-8862.770,5587.603,186.888,122.004,-0.528134,-0.846797,0.063325,0.848483,-0.529223,-0.000505,0.033940,0.053463,0.997993,0,0.16000,-0.24000,9.600,-0.480,-1,375.000,625.000,375.000,400.000,300.000,300.000,300.000,-1,-1,825.000,825.000,-1,700.000,425.000,-1,375.000,2,0,1,1,1,0,0,0,2,2,0,0,2,1,1,2,1
200,-8870.248,5599.909,187.552,121.284,-0.517449,-0.853376,0.063216,0.855054,-0.518538,-0.000952,0.033593,0.053561,0.997999,0,0.24000,-0.36000,14.400,-0.720,-1,375.000,600.000,350.000,400.000,325.000,300.000,300.000,-1,-1,825.000,825.000,-1,675.000,400.000,-1,375.000,2,0,1,1,1,0,0,0,2,2,0,0,2,1,1,2,1
201,-8879.959,5616.473,188.450,120.384,-0.503969,-0.861422,0.062993,0.863082,-0.505062,-0.001664,0.033249,0.053530,0.998013,0,0.32000,-0.45030,19.200,-0.901,-1,375.000,575.000,350.000,375.000,325.000,300.000,300.000,-1,-1,850.000,825.000,-1,650.000,400.000,-1,350.000,2,0,1,1,1,0,0,0,2,2,0,0,2,1,1,2,1
202,-8891.770,5637.366,189.678,119.480,-0.490300,-0.869315,0.062434,0.870915,-0.491425,-0.003090,0.033367,0.052860,0.998044,0,0.40000,-0.45203,24.000,-0.904,-1,400.000,550.000,325.000,350.000,325.000,325.000,300.000,-1,-1,850.000,850.000,-1,600.000,375.000,-1,325.000,2,0,1,1,1,0,0,0,2,2,0,0,2,1,1,2,1
203,-8905.543,5662.660,191.248,118.571,-0.476435,-0.877059,0.061455,0.878552,-0.477618,-0.005306,0.034005,0.051463,0.998096,0,0.48000,-0.45412,28.800,-0.908,-1,400.000,500.000,300.000,325.000,325.000,325.000,300.000,-1,-1,850.000,850.000,-1,575.000,350.000,900.000,300.000,2,0,1,1,1,0,1,0,2,2,0,0,2,1,1,1,1
204,-8921.139,5692.421,193.183,117.658,-0.462370,-0.884658,0.059951,0.885986,-0.463635,-0.008415,0.035240,0.049225,0.998166,0,0.56000,-0.45649,33.600,-0.913,-1,400.000,475.000,300.000,300.000,325.000,300.000,300.000,-1,-1,825.000,825.000,-1,525.000,325.000,800.000,275.000,2,0,1,1,1,0,1,0,2,2,0,0,2,1,1,1,1
205,-8938.417,5726.715,194.487,116.740,-0.448165,-0.891947,0.059823,0.893299,-0.449389,-0.008118,0.034124,0.049801,0.998176,0,0.64000,-0.45900,38.400,-0.918,-1,400.000,425.000,275.000,275.000,325.000,275.000,300.000,-1,-1,875.000,875.000,-1,475.000,300.000,700.000,250.000,2,1,1,1,1,1,1,0,2,2,0,0,2,1,1,1,1
206,-8957.232,5765.603,195.510,115.817,-0.433660,-0.898977,0.061471,0.900433,-0.434918,-0.008126,0.034041,0.051827,0.998076,0,0.72000,-0.46149,43.200,-0.923,-1,350.000,375.000,225.000,225.000,275.000,225.000,300.000,-1,-1,875.000,875.000,-1,425.000,250.000,600.000,200.000,2,1,1,1,1,1,1,0,2,2,0,0,2,1,1,1,1
207,-8977.439,5809.143,195.538,114.890,-0.418634,-0.905598,0.068093,0.907398,-0.420169,-0.009352,0.037080,0.057872,0.997635,0,0.80000,-0.46376,48.000,-0.928,-1,300.000,325.000,200.000,175.000,250.000,200.000,300.000,-1,-1,775.000,750.000,-1,375.000,225.000,525.000,175.000,2,1,1,1,1,1,1,0,2,2,0,0,2,1,1,1,1
208,-8998.792,5857.215,200.824,113.959,-0.403240,-0.912924,0.062985,0.913468,-0.405671,-0.031746,0.054533,0.044734,0.997509,0,0.87665,-0.46558,52.599,-0.931,-1,275.000,275.000,175.000,125.000,225.000,175.000,300.000,-1,-1,225.000,225.000,-1,325.000,200.000,475.000,125.000,2,1,1,1,1,1,1,0,2,2,0,0,2,1,1,1,1
209,-9019.938,5907.592,212.305,112.787,-0.385109,-0.921914,0.042012,0.918642,-0.387300,-0.078077,0.088252,0.008526,0.996062,0,0.91048,-0.58558,54.629,-1.171,-1,250.000,275.000,175.000,125.000,200.000,175.000,275.000,-1,775.000,0.000,100.000,-1,300.000,200.000,425.000,125.000,2,1,1,1,1,1,1,0,2,0,0,0,2,1,1,1,1
210,-9039.485,5957.548,223.872,111.376,-0.365074,-0.930821,0.017106,0.923233,-0.364341,-0.122052,0.119841,-0.028765,0.992376,0,0.89393,-0.70558,53.636,-1.411,-1,225.000,250.000,150.000,125.000,175.000,150.000,250.000,-1,400.000,0.000,100.000,-1,250.000,175.000,350.000,125.000,2,1,1,1,1,1,1,0,2,0,0,1,2,1,1,1,1
211,-9057.306,6007.232,235.409,109.725,-0.343220,-0.939175,-0.012282,0.927292,-0.336739,-0.163515,0.149433,-0.067511,0.986464,0,0.87956,-0.82558,52.773,-1.651,475.000,200.000,225.000,150.000,125.000,175.000,150.000,250.000,-1,250.000,0.000,75.000,-1,225.000,175.000,275.000,125.000,1,1,1,1,1,1,1,0,2,0,0,0,2,1,1,1,1
212,2951.344,-5575.965,562.833,156.872,-0.848579,-0.378883,0.369273,0.446698,-0.887090,0.116325,0.283504,0.263665,0.922012,1,0.00000,0.00000,52.046,-1.891,100.000,250.000,-1,825.000,750.000,300.000,575.000,350.000,200.000,-1,225.000,100.000,50.000,375.000,-1,100.000,-1,1,1,2,1,1,1,1,1,1,2,0,0,1,1,2,1,2
213,-7538.851,8853.098,182.110,-24.642,0.908842,0.416439,-0.024176,-0.417121,0.907829,-0.043096,0.004001,0.049252,0.998778,1,0.08000,0.12000,4.800,0.240,-1,400.000,-1,400.000,-1,325.000,325.000,300.000,300.000,-1,-1,-1,-1,825.000,825.000,-1,-1,2,0,2,0,2,0,0,0,0,2,2,2,2,0,0,2,2
214,-7530.108,8849.132,182.179,-24.396,0.910633,0.412539,-0.023649,-0.413200,0.909603,-0.043448,0.003587,0.049337,0.998776,0,0.16000,0.12291,9.600,0.246,-1,400.000,-1,400.000,-1,325.000,325.000,300.000,300.000,-1,-1,-1,-1,825.000,800.000,-1,-1,2,0,2,0,2,0,0,0,0,2,2,2,2,0,0,2,2
215,-7516.968,8843.241,182.289,-24.149,0.912422,0.408612,-0.022865,-0.409241,0.911365,-0.043988,0.002865,0.049493,0.998770,0,0.24000,0.12346,14.400,0.247,-1,400.000,-1,400.000,-1,325.000,325.000,300.000,300.000,-1,-1,-1,-1,800.000,800.000,-1,-1,2,0,2,0,2,0,0,0,0,2,2,2,2,0,0,2,2
216,-7499.415,8835.462,182.440,-23.901,0.914212,0.404649,-0.021830,-0.405233,0.913120,-0.044711,0.001841,0.049722,0.998761,0,0.32000,0.12431,19.200,0.249,-1,400.000,-1,400.000,-1,325.000,325.000,300.000,300.000,-1,-1,-1,-1,800.000,800.000,-1,-1,2,0,2,0,2,0,0,0,0,2,2,2,2,0,0,2,2
217,-7477.431,8825.835,182.632,-23.650,0.916005,0.400639,-0.020552,-0.401165,0.914869,-0.045612,0.000529,0.050026,0.998748,0,0.40000,0.12548,24.000,0.251,-1,400.000,-1,400.000,-1,325.000,325.000,300.000,300.000,-1,-1,-1,-1,800.000,775.000,-1,-1,2,0,2,0,2,0,0,0,0,2,2,2,2,0,0,2,2
218,-7450.998,8814.399,182.863,-23.396,0.917806,0.396572,-0.019042,-0.397027,0.916619,-0.046684,-0.001059,0.050407,0.998728,0,0.48000,0.12700,28.800,0.254,-1,400.000,-1,400.000,-1,325.000,325.000,300.000,300.000,-1,-1,-1,-1,775.000,775.000,-1,-1,2,0,2,0,2,0,0,0,0,2,2,2,2,0,0,2,2
219,-7420.101,8801.197,183.130,-23.138,0.919617,0.392434,-0.017314,-0.392805,0.918372,-0.047919,-0.002905,0.050868,0.998701,0,0.56000,0.12890,33.600,0.258,-1,400.000,-1,400.000,-1,325.000,325.000,300.000,300.000,-1,-1,-1,-1,775.000,775.000,-1,-1,2,0,2,0,2,0,0,0,0,2,2,2,2,0,0,2,2
220,-7384.721,8786.270,183.431,-22.875,0.921441,0.388213,-0.015382,-0.388486,0.920134,-0.049311,-0.004990,0.051412,0.998665,0,0.64000,0.13121,38.400,0.262,-1,400.000,-1,400.000,-1,325.000,325.000,325.000,300.000,-1,-1,-1,-1,775.000,750.000,-1,-1,2,0,2,0,2,0,0,0,0,2,2,2,2,0,0,2,2
221,-7344.843,8769.658,183.683,-22.614,0.923235,0.384003,-0.013381,-0.384172,0.921882,-0.050449,-0.007037,0.051717,0.998637,0,0.72000,0.13077,43.200,0.262,-1,400.000,-1,400.000,-1,325.000,325.000,325.000,300.000,-1,-1,-1,-1,750.000,750.000,-1,-1,2,0,2,0,2,0,0,0,0,2,2,2,2,0,0,2,2
222,-7300.451,8751.400,183.540,-22.356,0.924959,0.379883,-0.011833,-0.379984,0.923660,-0.049640,-0.007928,0.050411,0.998697,0,0.80000,0.12870,48.000,0.257,-1,400.000,-1,400.000,-1,325.000,325.000,325.000,300.000,-1,-1,-1,-1,750.000,725.000,-1,-1,2,0,2,0,2,0,0,0,0,2,2,2,2,0,0,2,2
223,-7251.532,8731.532,183.444,-22.103,0.926634,0.375818,-0.010517,-0.375865,0.925381,-0.048941,-0.008661,0.049303,0.998746,0,0.88000,0.12661,52.800,0.253,-1,400.000,-1,375.000,-1,325.000,325.000,325.000,300.000,-1,-1,-1,-1,725.000,725.000,-1,-1,2,0,2,0,2,0,0,0,0,2,2,2,2,0,0,2,2
224,-7200.634,8711.118,183.332,-21.854,0.928263,0.371811,-0.009197,-0.371806,0.927057,-0.048222,-0.009404,0.048182,0.998794,0,0.91398,0.12456,54.839,0.249,-1,375.000,-1,375.000,-1,325.000,325.000,325.000,300.000,-1,-1,-1,-1,725.000,725.000,-1,-1,2,0,2,0,2,0,0,0,0,2,2,2,2,0,0,2,2
225,-7148.855,8690.625,183.160,-21.592,0.929958,0.367576,-0.008157,-0.367532,0.928789,-0.047647,-0.009938,0.047308,0.998831,0,0.92811,0.13123,55.687,0.262,-1,375.000,-1,375.000,-1,300.000,300.000,325.000,300.000,-1,-1,-1,-1,700.000,725.000,-1,-1,2,0,2,0,2,0,0,0,0,2,2,2,2,0,0,2,2
226,-7096.951,8670.347,182.662,-21.340,0.931560,0.363484,-0.008691,-0.363468,0.930376,-0.047877,-0.009317,0.047759,0.998815,0,0.92875,0.12588,55.725,0.252,-1,375.000,-1,375.000,-1,300.000,300.000,325.000,300.000,-1,-1,-1,-1,700.000,725.000,-1,-1,2,0,2,0,2,0,0,0,0,2,2,2,2,0,0,2,2
227,-7044.945,8650.281,182.405,-21.099,0.933068,0.359573,-0.009562,-0.359611,0.931910,-0.047158,-0.008045,0.047441,0.998842,0,0.92905,0.12047,55.743,0.241,-1,375.000,-1,375.000,-1,300.000,300.000,325.000,300.000,-1,-1,-1,-1,700.000,725.000,-1,-1,2,0,2,0,2,0,0,0,0,2,2,2,2,0,0,2,2
228,-6992.862,8630.425,182.185,-20.869,0.934490,0.355834,-0.010485,-0.355925,0.933361,-0.046422,-0.006732,0.047113,0.998867,0,0.92900,0.11502,55.740,0.230,-1,375.000,-1,375.000,-1,300.000,300.000,325.000,300.000,-1,-1,-1,-1,700.000,725.000,-1,-1,2,0,2,0,2,0,0,0,0,2,2,2,2,0,0,2,2
229,-6940.725,8610.776,182.000,-20.650,0.935829,0.352268,-0.011459,-0.352413,0.934730,-0.045668,-0.005376,0.046776,0.998891,0,0.92861,0.10957,55.717,0.219,-1,375.000,-1,375.000,-1,300.000,300.000,325.000,300.000,-1,-1,-1,-1,675.000,725.000,-1,-1,2,0,2,0,2,0,0,0,0,2,2,2,2,0,0,2,2
230,-6888.557,8591.332,181.851,-20.441,0.937087,0.348873,-0.012482,-0.349074,0.936019,-0.044899,-0.003980,0.046431,0.998914,0,0.92789,0.10414,55.674,0.208,-1,375.000,-1,375.000,-1,325.000,300.000,325.000,325.000,-1,-1,-1,-1,675.000,725.000,-1,-1,2,0,2,0,2,0,0,0,0,2,2,2,2,0,0,2,2
231,-6836.381,8572.090,181.737,-20.244,0.938266,0.345650,-0.013554,-0.345906,0.937231,-0.044114,-0.002545,0.046079,0.998935,0,0.92685,0.09875,55.611,0.197,-1,375.000,-1,375.000,-1,325.000,300.000,325.000,325.000,-1,-1,-1,-1,675.000,700.000,-1,-1,2,0,2,0,2,0,0,0,0,2,2,2,2,0,0,2,2
232,-6784.217,8553.048,181.656,-20.054,0.939389,0.342539,-0.014673,-0.342852,0.938390,-0.043316,-0.001068,0.045721,0.998954,0,0.92551,0.09521,55.531,0.190,-1,375.000,-1,375.000,-1,300.000,300.000,325.000,325.000,-1,-1,-1,-1,675.000,700.000,-1,-1,2,0,2,0,2,0,0,0,0,2,2,2,2,0,0,2,2
233,-6732.084,8534.209,181.580,-19.868,0.940470,0.339511,-0.015797,-0.339878,0.939503,-0.042629,0.000368,0.045460,0.998966,0,0.92388,0.09252,55.433,0.185,-1,375.000,-1,375.000,-1,300.000,300.000,325.000,325.000,-1,-1,-1,-1,675.000,700.000,-1,-1,2,0,2,0,2,0,0,0,0,2,2,2,2,0,0,2,2
234,-6679.998,8515.572,181.466,-19.688,0.941514,0.336553,-0.016855,-0.336971,0.940567,-0.042251,0.001633,0.045460,0.998965,0,0.92199,0.09014,55.319,0.180,-1,375.000,-1,375.000,-1,300.000,300.000,325.000,325.000,-1,-1,-1,-1,650.000,700.000,-1,-1,2,0,2,0,2,0,0,0,0,2,2,2,2,0,0,2,2
235,-6627.976,8497.138,181.445,-19.512,0.942528,0.333654,-0.017786,-0.334117,0.941580,-0.042344,0.002619,0.045853,0.998945,0,0.91986,0.08807,55.191,0.176,-1,375.000,-1,375.000,-1,300.000,300.000,325.000,325.000,-1,-1,-1,-1,650.000,700.000,-1,-1,2,0,2,0,2,0,0,0,0,2,2,2,2,0,0,2,2
236,-6576.032,8478.908,181.736,-19.339,0.943488,0.330789,-0.020218,-0.331372,0.942506,-0.043290,0.004735,0.047544,0.998858,0,0.91751,0.08633,55.051,0.173,-1,375.000,-1,375.000,-1,300.000,300.000,325.000,325.000,-1,700.000,-1,-1,650.000,700.000,-1,-1,2,0,2,0,2,0,0,0,0,2,0,2,2,0,0,2,2
237,-6524.176,8460.883,182.043,-19.170,0.944417,0.327966,-0.022672,-0.328677,0.943401,-0.044328,0.006851,0.049316,0.998760,0,0.91499,0.08490,54.899,0.170,-1,375.000,-1,375.000,-1,300.000,300.000,325.000,325.000,-1,625.000,625.000,-1,650.000,700.000,-1,-1,2,0,2,0,2,0,0,0,0,2,0,0,2,0,0,2,2
238,-6470.667,8442.480,182.534,-18.980,0.945457,0.324816,-0.024625,-0.325634,0.944417,-0.045162,0.008587,0.050718,0.998676,0,0.94307,0.09492,56.584,0.190,-1,350.000,-1,375.000,-1,300.000,300.000,325.000,300.000,-1,625.000,600.000,-1,650.000,700.000,-1,-1,2,0,2,0,2,0,0,0,0,2,0,0,2,0,0,2,2
239,-6417.144,8424.257,183.503,-18.803,0.946392,0.321906,-0.026809,-0.322830,0.945420,-0.044287,0.011089,0.050568,0.998659,0,0.94234,0.08827,56.540,0.177,-1,375.000,-1,375.000,-1,300.000,300.000,325.000,325.000,-1,575.000,575.000,-1,650.000,700.000,-1,-1,2,0,2,0,2,0,0,0,0,2,0,0,2,0,0,2,2
240,-6364.729,8406.345,184.562,-18.867,0.945965,0.322958,-0.029114,-0.323983,0.945077,-0.043173,0.013572,0.050272,0.998643,0,0.92319,-0.03173,55.391,-0.063,-1,375.000,-1,375.000,-1,300.000,300.000,325.000,325.000,-1,550.000,550.000,-1,650.000,725.000,-1,-1,2,0,2,0,2,0,0,0,0,2,0,0,2,0,0,2,2
241,-6312.478,8388.180,185.622,-19.170,0.944169,0.327960,-0.031432,-0.329083,0.943356,-0.042223,0.015804,0.050209,0.998614,0,0.92197,-0.15173,55.318,-0.303,-1,375.000,-1,375.000,-1,300.000,300.000,325.000,325.000,-1,550.000,525.000,-1,650.000,725.000,-1,-1,2,0,2,0,2,0,0,0,0,2,0,0,2,0,0,2,2
242,-6260.470,8369.545,186.672,-19.714,0.940938,0.336889,-0.033769,-0.338110,0.940194,-0.041433,0.017791,0.050404,0.998570,0,0.92075,-0.27173,55.245,-0.543,-1,375.000,-1,375.000,-1,300.000,300.000,325.000,325.000,-1,525.000,525.000,-1,650.000,725.000,-1,-1,2,0,2,0,2,0,0,0,0,2,0,0,2,0,0,2,2
243,-6208.788,8350.225,187.699,-20.497,0.936163,0.349705,-0.036137,-0.351024,0.935477,-0.040798,0.019538,0.050878,0.998514,0,0.91959,-0.39173,55.175,-0.783,-1,350.000,-1,375.000,-1,300.000,300.000,325.000,325.000,-1,525.000,500.000,-1,650.000,750.000,-1,-1,2,0,2,0,2,0,0,0,0,2,0,0,2,0,0,2,2
244,-6157.469,8330.128,188.707,-21.387,0.930529,0.364185,-0.038533,-0.365606,0.929898,-0.040282,0.021162,0.051572,0.998445,0,0.91856,-0.44513,55.113,-0.890,-1,350.000,-1,400.000,-1,300.000,300.000,325.000,325.000,-1,500.000,500.000,-1,625.000,750.000,-1,-1,2,0,2,0,2,0,0,0,0,2,0,0,2,0,0,2,2
245,-6106.531,8309.255,189.700,-22.283,0.924626,0.378668,-0.040952,-0.380196,0.924046,-0.039869,0.022744,0.052433,0.998365,0,0.91747,-0.44810,55.048,-0.896,-1,350.000,-1,400.000,-1,300.000,300.000,325.000,325.000,-1,475.000,475.000,-1,625.000,775.000,-1,-1,2,0,2,0,2,0,0,0,0,2,0,0,2,0,0,2,2
246,-6055.998,8287.613,190.620,-23.185,0.918443,0.393138,-0.043644,-0.394796,0.917911,-0.039692,0.024457,0.053685,0.998258,0,0.91619,-0.45090,54.971,-0.902,-1,350.000,-1,400.000,-1,300.000,325.000,325.000,325.000,-1,450.000,425.000,-1,625.000,775.000,-1,-1,2,0,2,0,2,0,0,0,0,2,0,0,2,0,0,2,2
247,-6005.896,8265.211,191.762,-24.092,0.912010,0.407558,-0.046195,-0.409383,0.911436,-0.041100,0.025353,0.056395,0.998087,0,0.91471,-0.45351,54.882,-0.907,-1,350.000,-1,400.000,-1,300.000,325.000,325.000,325.000,-1,450.000,425.000,-1,625.000,800.000,-1,-1,2,0,2,0,2,0,0,0,0,2,0,0,2,0,1,2,2
248,-5956.246,8242.058,193.074,-25.004,0.905288,0.421918,-0.049391,-0.423978,0.904634,-0.043354,0.026389,0.060189,0.997838,0,0.91304,-0.45594,54.782,-0.912,-1,350.000,-1,400.000,-1,300.000,325.000,325.000,325.000,-1,475.000,400.000,-1,650.000,875.000,-1,-1,2,0,2,0,2,0,0,0,0,2,0,0,2,0,1,2,2
249,-5907.073,8218.164,194.452,-25.920,0.898269,0.436209,-0.053244,-0.438571,0.897520,-0.045974,0.027734,0.064648,0.997523,0,0.91119,-0.45817,54.671,-0.916,-1,375.000,-1,400.000,-1,300.000,325.000,325.000,325.000,-1,475.000,400.000,-1,675.000,900.000,-1,-1,2,0,2,0,2,0,0,0,0,2,0,0,2,0,1,2,2
250,-5858.397,8193.538,195.792,-26.841,0.890973,0.450428,-0.057282,-0.453125,0.890115,-0.048707,0.029049,0.069353,0.997169,0,0.90916,-0.46021,54.550,-0.920,-1,375.000,-1,400.000,-1,300.000,325.000,350.000,325.000,-1,500.000,375.000,-1,675.000,900.000,-1,-1,2,0,2,0,2,0,0,0,0,2,0,0,2,0,1,2,2
251,-5807.525,8166.839,197.390,-27.696,0.884002,0.463518,-0.060758,-0.466527,0.883018,-0.051299,0.029872,0.073693,0.996833,0,0.95753,-0.42758,57.452,-0.855,-1,375.000,-1,400.000,-1,325.000,325.000,350.000,325.000,-1,525.000,400.000,-1,700.000,900.000,-1,-1,2,0,2,0,2,0,0,0,0,2,0,0,2,0,1,2,2
252,-5756.999,8139.336,199.155,-28.564,0.876761,0.476701,-0.063606,-0.479984,0.875632,-0.053710,0.030092,0.077621,0.996529,0,0.95877,-0.43408,57.526,-0.868,-1,375.000,-1,400.000,-1,325.000,325.000,350.000,300.000,-1,575.000,425.000,-1,725.000,900.000,-1,-1,2,0,2,0,2,0,0,0,0,2,0,0,2,0,1,2,2
253,-5706.856,8111.033,200.839,-29.446,0.869232,0.490010,-0.065770,-0.493489,0.868002,-0.055143,0.030068,0.080389,0.996310,0,0.95964,-0.44083,57.579,-0.882,-1,375.000,-1,400.000,-1,325.000,325.000,350.000,300.000,-1,600.000,450.000,-1,725.000,900.000,-1,-1,2,0,2,0,2,0,0,0,0,2,0,0,2,0,0,2,2
254,-5657.138,8081.933,202.165,-30.342,0.861470,0.503469,-0.066247,-0.506984,0.860152,-0.055724,0.028927,0.081591,0.996246,0,0.96012,-0.44782,57.607,-0.896,-1,375.000,-1,400.000,-1,325.000,325.000,350.000,300.000,-1,675.000,525.000,-1,725.000,900.000,-1,-1,2,0,2,0,2,0,0,0,0,2,0,0,2,0,0,2,2
255,-5607.886,8052.045,203.417,-31.252,0.853377,0.517011,-0.066694,-0.520563,0.851952,-0.056497,0.027611,0.082932,0.996173,0,0.96018,-0.45507,57.611,-0.910,-1,400.000,-1,425.000,-1,325.000,325.000,325.000,300.000,-1,750.000,575.000,-1,725.000,900.000,-1,-1,2,0,2,1,2,0,0,0,0,2,0,0,2,0,0,2,2
256,-5559.142,8021.379,204.593,-32.177,0.844940,0.530633,-0.067119,-0.534224,0.843388,-0.057468,0.026113,0.084413,0.996089,0,0.95978,-0.46258,57.587,-0.925,-1,400.000,-1,450.000,-1,325.000,325.000,325.000,300.000,-1,825.000,650.000,-1,725.000,900.000,-1,-1,2,0,2,1,2,0,0,0,0,2,0,0,2,0,0,2,2
257,-5510.953,7989.945,205.691,-33.118,0.836147,0.544332,-0.067532,-0.547961,0.834446,-0.058642,0.024431,0.086038,0.995992,0,0.95890,-0.47035,57.534,-0.941,-1,375.000,-1,450.000,-1,325.000,325.000,325.000,-1,-1,900.000,725.000,-1,725.000,900.000,-1,-1,2,0,2,1,2,0,0,0,2,2,0,0,2,0,0,2,2
258,-5463.364,7957.758,206.710,-34.074,0.826985,0.558103,-0.067944,-0.561770,0.825113,-0.060025,0.022561,0.087809,0.995882,0,0.95751,-0.47837,57.450,-0.957,-1,375.000,-1,450.000,-1,325.000,325.000,325.000,-1,-1,1000.000,800.000,-1,725.000,900.000,-1,-1,2,0,2,1,2,0,0,0,2,2,0,0,2,0,0,2,2
259,-5416.423,7924.837,207.537,-35.048,0.817536,0.571826,-0.068182,-0.575571,0.815213,-0.064385,0.018766,0.091881,0.995593,0,0.95558,-0.48663,57.335,-0.973,-1,375.000,-1,425.000,-1,325.000,325.000,325.000,-1,-1,-1,975.000,-1,700.000,875.000,-1,-1,2,0,2,1,2,0,1,0,2,2,2,0,2,0,0,2,2
260,-5370.175,7891.201,206.702,-36.038,0.807978,0.585255,-0.068178,-0.589126,0.804419,-0.076426,0.010115,0.101916,0.994742,0,0.95309,-0.49513,57.186,-0.990,-1,375.000,-1,400.000,-1,300.000,325.000,325.000,-1,-1,-1,-1,-1,675.000,800.000,-1,-1,2,0,2,1,2,0,0,0,2,2,2,2,2,0,0,2,2
261,-5324.670,7856.868,206.180,-37.045,0.797985,0.598728,-0.068884,-0.602672,0.793230,-0.087021,0.002539,0.110956,0.993822,0,0.95004,-0.50382,57.003,-1.008,-1,350.000,-1,375.000,-1,300.000,300.000,325.000,-1,-1,-1,-1,-1,650.000,750.000,-1,-1,2,0,2,0,2,0,0,0,2,2,2,2,2,0,0,2,2
262,-5279.959,7821.859,206.012,-38.071,0.787527,0.612239,-0.070466,-0.616269,0.781637,-0.096214,-0.003828,0.119197,0.992863,0,0.94643,-0.51270,56.786,-1.025,-1,350.000,-1,375.000,-1,300.000,300.000,325.000,-1,-1,-1,-1,-1,650.000,700.000,-1,975.000,2,0,2,0,2,0,0,0,2,2,2,2,2,0,0,2,1
263,-5236.087,7786.199,206.074,-39.114,0.776595,0.625825,-0.072406,-0.629932,0.769687,-0.103762,-0.009207,0.126192,0.991963,0,0.94225,-0.52170,56.535,-1.043,-1,350.000,-1,350.000,1000.000,275.000,300.000,325.000,-1,-1,-1,-1,-1,650.000,675.000,-1,900.000,2,0,2,0,1,0,0,0,2,2,2,2,2,0,0,2,1
264,-5193.096,7749.918,205.820,-40.167,0.765119,0.639556,-0.074576,-0.643779,0.757701,-0.106949,-0.011893,0.129840,0.991464,0,0.93753,-0.52632,56.252,-1.053,-1,350.000,-1,350.000,950.000,275.000,300.000,325.000,-1,-1,-1,-1,-1,650.000,675.000,-1,825.000,2,0,2,0,1,0,0,0,2,2,2,2,2,0,0,2,1
265,-5151.021,7713.055,205.891,-41.225,0.753273,0.653267,-0.076303,-0.657561,0.745562,-0.108402,-0.013927,0.131830,0.991174,0,0.93229,-0.52911,55.937,-1.058,-1,350.000,-1,350.000,900.000,300.000,300.000,325.000,-1,-1,-1,-1,-1,650.000,675.000,-1,775.000,2,0,2,0,1,0,0,0,2,2,2,2,2,0,1,2,1
266,-5109.894,7675.648,206.265,-42.288,0.741056,0.666951,-0.077544,-0.671269,0.733273,-0.108202,-0.015304,0.132237,0.991100,0,0.92655,-0.53155,55.593,-1.063,-1,350.000,-1,350.000,850.000,300.000,300.000,325.000,-1,-1,-1,-1,-1,650.000,650.000,-1,750.000,2,0,2,0,1,0,0,0,2,2,2,2,2,0,1,2,1
267,-5072.813,7640.933,206.852,-43.111,0.731326,0.677495,-0.078507,-0.681857,0.723701,-0.106433,-0.015292,0.131367,0.991216,0,0.84655,-0.41155,50.793,-0.823,-1,350.000,-1,375.000,825.000,300.000,300.000,325.000,-1,-1,-1,-1,-1,675.000,625.000,-1,700.000,2,0,2,0,1,0,0,0,2,2,2,2,2,0,1,2,1
268,-5036.576,7606.306,207.727,-43.694,0.724205,0.685023,-0.079184,-0.689447,0.716976,-0.103000,-0.013784,0.129187,0.991524,0,0.83535,-0.29155,50.121,-0.583,-1,375.000,-1,375.000,775.000,300.000,300.000,325.000,-1,-1,-1,-1,-1,675.000,600.000,-1,675.000,2,0,2,0,1,0,0,0,2,2,2,2,2,0,1,2,1
269,-5000.868,7571.771,208.914,-44.038,0.719791,0.689629,-0.079449,-0.694107,0.713197,-0.097802,-0.010784,0.125543,0.992030,0,0.82793,-0.17155,49.676,-0.343,-1,375.000,-1,400.000,750.000,300.000,325.000,325.000,-1,-1,-1,-1,-1,700.000,575.000,-1,650.000,2,0,2,0,1,0,0,0,2,2,2,2,2,0,1,2,1
270,-4965.580,7537.521,209.459,-44.141,0.718394,0.691170,-0.078708,-0.695576,0.712221,-0.094422,-0.009205,0.122579,0.992416,0,0.81960,-0.05155,49.176,-0.103,-1,375.000,-1,400.000,700.000,325.000,325.000,300.000,-1,-1,-1,-1,-1,700.000,550.000,-1,625.000,2,0,2,0,1,0,0,0,2,2,2,2,2,0,1,2,1
271,-4930.602,7503.738,209.252,-44.004,0.720066,0.689467,-0.078359,-0.693842,0.713871,-0.094719,-0.009367,0.122573,0.992415,0,0.81048,0.06845,48.629,0.137,-1,375.000,-1,400.000,650.000,325.000,325.000,300.000,-1,-1,-1,-1,-1,700.000,525.000,-1,575.000,2,0,2,0,1,0,0,0,2,2,2,2,2,0,1,2,1
272,-4895.831,7470.587,207.326,-43.649,0.723916,0.684471,-0.086285,-0.689878,0.717540,-0.095943,-0.003757,0.128980,0.991640,0,0.80070,0.17745,48.042,0.355,-1,375.000,-1,400.000,575.000,325.000,325.000,300.000,-1,-1,-1,-1,-1,725.000,500.000,-1,525.000,2,0,2,1,1,0,0,0,2,2,2,2,2,0,1,2,1
273,-4861.300,7438.073,205.428,-43.293,0.727671,0.679383,-0.094519,-0.685924,0.721126,-0.097392,0.001993,0.135702,0.990748,0,0.79050,0.17802,47.430,0.356,-1,400.000,-1,375.000,500.000,325.000,325.000,325.000,-1,-1,-1,725.000,-1,750.000,475.000,-1,475.000,2,0,2,1,1,0,0,0,2,2,2,0,2,0,1,2,1
274,-4826.999,7406.175,204.021,-42.935,0.731478,0.674321,-0.101151,-0.681834,0.724775,-0.099020,0.006540,0.141399,0.989931,0,0.78069,0.17903,46.841,0.358,-1,400.000,-1,350.000,450.000,325.000,325.000,325.000,950.000,-1,-1,0.000,-1,750.000,450.000,-1,425.000,2,0,2,1,1,0,0,0,1,2,2,0,2,0,1,2,1
275,-4792.910,7374.870,203.020,-42.574,0.735356,0.669305,-0.106220,-0.677605,0.728532,-0.100458,0.010148,0.145847,0.989255,0,0.77139,0.18046,46.283,0.361,-1,400.000,-1,325.000,375.000,325.000,325.000,325.000,725.000,-1,200.000,0.000,-1,775.000,425.000,-1,375.000,2,0,2,1,1,0,0,0,1,2,0,0,2,0,1,2,1
276,-4759.010,7344.132,202.412,-42.209,0.739332,0.664331,-0.109788,-0.673219,0.732418,-0.101688,0.012856,0.149092,0.988740,0,0.76269,0.18228,45.762,0.365,-1,400.000,-1,325.000,325.000,325.000,325.000,325.000,575.000,-1,75.000,0.000,-1,775.000,400.000,-1,325.000,2,0,2,1,1,0,1,0,1,2,0,1,2,0,1,2,1
277,-4725.273,7313.931,202.186,-41.840,0.743425,0.659390,-0.111908,-0.668658,0.736445,-0.102691,0.014700,0.151171,0.988398,0,0.75469,0.18447,45.281,0.369,-1,400.000,-1,300.000,275.000,325.000,300.000,325.000,475.000,-1,50.000,0.000,-1,775.000,375.000,-1,275.000,2,0,2,1,1,0,1,0,1,2,0,1,2,1,1,2,1
278,-4691.669,7284.237,202.473,-41.466,0.747608,0.654524,-0.112604,-0.663944,0.740683,-0.102795,0.016122,0.151613,0.988308,0,0.74741,0.18700,44.845,0.374,-1,400.000,-1,275.000,250.000,325.000,275.000,325.000,400.000,-1,0.000,0.000,-1,750.000,350.000,-1,250.000,2,0,2,1,1,0,1,0,1,2,0,1,2,1,1,2,1
279,-4658.173,7255.013,205.252,-41.087,0.751324,0.650406,-0.111734,-0.659533,0.745927,-0.092781,0.023000,0.143401,0.989397,0,0.74089,0.18985,44.453,0.380,-1,425.000,-1,275.000,225.000,350.000,275.000,325.000,375.000,-1,0.000,0.000,-1,775.000,325.000,-1,225.000,2,0,2,1,1,0,1,0,1,2,0,1,2,1,1,2,1
280,-4624.745,7226.238,208.739,-40.701,0.755140,0.646323,-0.109684,-0.654870,0.751403,-0.080860,0.030156,0.132889,0.990672,0,0.73513,0.19299,44.108,0.386,-1,425.000,-1,250.000,200.000,350.000,250.000,300.000,350.000,-1,25.000,100.000,-1,800.000,300.000,-1,225.000,2,0,2,1,1,1,1,0,1,2,0,1,2,0,1,2,1
281,-4591.350,7197.885,212.917,-40.308,0.759093,0.642213,-0.106492,-0.649897,0.757062,-0.067014,0.037584,0.120078,0.992053,0,0.73012,0.19640,43.807,0.393,-1,450.000,-1,250.000,200.000,325.000,250.000,300.000,350.000,-1,50.000,150.000,-1,850.000,300.000,-1,200.000,2,0,2,1,1,1,1,0,1,2,0,1,2,0,1,2,1
282,-4553.966,7166.819,218.397,-39.699,0.765489,0.635347,-0.101789,-0.641763,0.765315,-0.049334,0.046557,0.103089,0.993582,0,0.81012,0.30456,48.607,0.609,-1,450.000,-1,225.000,175.000,325.000,250.000,300.000,375.000,-1,75.000,225.000,-1,900.000,300.000,-1,175.000,2,1,2,1,1,1,1,0,1,2,0,1,2,0,1,2,1
283,-4512.670,7132.950,225.245,-39.330,0.769323,0.631665,-0.095607,-0.636344,0.770932,-0.027020,0.056639,0.081626,0.995052,0,0.89012,0.18456,53.407,0.369,-1,450.000,-1,250.000,175.000,325.000,250.000,275.000,400.000,-1,100.000,275.000,-1,950.000,325.000,-1,175.000,2,1,2,1,1,1,1,0,1,2,0,1,2,0,1,2,1
284,-4467.572,7096.145,231.374,-39.200,0.769853,0.630840,-0.096781,-0.633828,0.773474,-0.000168,0.074752,0.061472,0.995306,0,0.97012,0.06456,58.207,0.129,-1,475.000,-1,250.000,150.000,350.000,275.000,275.000,425.000,725.000,75.000,200.000,-1,-1,375.000,-1,150.000,2,1,2,1,1,1,1,0,1,0,0,0,2,2,1,2,1
285,-4421.157,7058.117,238.384,-39.311,0.767917,0.633071,-0.097595,-0.633478,0.773150,0.030738,0.094915,0.038220,0.994751,0,1.00000,-0.05544,60.000,-0.111,-1,525.000,-1,275.000,150.000,375.000,300.000,250.000,450.000,475.000,50.000,175.000,-1,-1,450.000,-1,150.000,2,1,2,1,1,1,1,0,1,0,0,0,2,2,1,2,1
286,-4374.972,7019.807,246.067,-39.662,0.763650,0.638211,-0.097595,-0.635026,0.769761,0.064879,0.116531,0.012431,0.993109,0,1.00000,-0.17544,60.000,-0.351,-1,600.000,-1,325.000,150.000,425.000,350.000,250.000,500.000,325.000,25.000,175.000,-1,-1,725.000,-1,125.000,2,0,2,1,1,1,1,0,1,0,0,0,2,2,1,2,1
287,-4329.180,6981.029,251.774,-40.253,0.757067,0.646153,-0.096617,-0.639938,0.763184,0.089609,0.131637,-0.006011,0.991280,0,1.00000,-0.29544,60.000,-0.591,-1,625.000,-1,375.000,100.000,475.000,375.000,225.000,525.000,250.000,0.000,150.000,-1,-1,825.000,-1,125.000,2,0,2,1,1,1,1,0,1,0,0,0,2,2,1,2,1
288,-4283.955,6941.596,255.452,-41.084,0.747853,0.657071,-0.094728,-0.648893,0.753641,0.104706,0.140190,-0.016836,0.989981,0,1.00000,-0.41544,60.000,-0.831,-1,650.000,-1,425.000,75.000,550.000,425.000,225.000,450.000,225.000,0.000,150.000,-1,-1,850.000,-1,125.000,2,0,2,1,1,1,1,0,1,0,0,0,2,2,1,2,1
289,-4239.474,6901.324,258.957,-42.155,0.735721,0.670915,-0.092671,-0.660930,0.741090,0.118142,0.147941,-0.025671,0.988663,0,1.00000,-0.53544,60.000,-1.071,-1,675.000,-1,475.000,75.000,575.000,500.000,225.000,400.000,200.000,0.000,150.000,-1,-1,825.000,-1,125.000,2,0,2,1,1,0,1,0,1,0,0,0,2,2,1,2,1
290,-7543.220,4263.571,166.765,-1.571,0.999621,0.027398,-0.002669,-0.027257,0.998687,0.043374,0.003854,-0.043285,0.999055,1,0.00000,0.00000,60.000,-1.115,-1,375.000,-1,375.000,-1,325.000,325.000,300.000,300.000,-1,525.000,575.000,-1,725.000,675.000,-1,-1,2,0,2,0,2,0,0,0,0,2,0,0,2,0,0,2,2
291,-7538.421,4263.459,166.782,-1.331,0.999727,0.023215,-0.002823,-0.023070,0.998790,0.043431,0.003828,-0.043354,0.999052,0,0.08000,0.12000,4.800,0.240,-1,375.000,-1,375.000,-1,325.000,325.000,300.000,300.000,-1,525.000,575.000,-1,725.000,675.000,-1,-1,2,0,2,0,2,0,0,0,0,2,0,0,2,0,0,2,2
292,-7528.823,4263.317,166.811,-0.851,0.999885,0.014847,-0.003131,-0.014696,0.998944,0.043537,0.003774,-0.043486,0.999047,0,0.16000,0.24000,9.600,0.480,-1,375.000,-1,375.000,-1,325.000,325.000,300.000,300.000,-1,525.000,575.000,-1,725.000,675.000,-1,-1,2,0,2,0,2,0,0,0,0,2,0,0,2,0,0,2,2
293,-7514.423,4263.284,166.847,-0.131,0.999991,0.002293,-0.003593,-0.002133,0.999043,0.043683,0.003689,-0.043675,0.999039,0,0.24000,0.36000,14.400,0.720,-1,375.000,-1,375.000,-1,325.000,325.000,300.000,300.000,-1,550.000,575.000,-1,725.000,675.000,-1,-1,2,0,2,0,2,0,0,0,0,2,0,0,2,0,0,2,2
294,-7495.225,4263.561,166.880,0.829,0.999887,-0.014446,-0.004208,0.014617,0.998931,0.043850,0.003570,-0.043907,0.999029,0,0.32000,0.48000,19.200,0.960,-1,375.000,-1,375.000,-1,325.000,325.000,300.000,300.000,-1,550.000,575.000,-1,725.000,675.000,-1,-1,2,0,2,0,2,0,0,0,0,2,0,0,2,0,0,2,2
295,-7471.240,4264.411,166.895,2.029,0.999362,-0.035362,-0.004973,0.035547,0.998398,0.044018,0.003409,-0.044167,0.999018,0,0.40000,0.60000,24.000,1.200,-1,375.000,-1,375.000,-1,325.000,325.000,300.000,300.000,-1,575.000,600.000,-1,725.000,675.000,-1,-1,2,0,2,0,2,0,0,0,0,2,0,0,2,0,0,2,2
296,-7442.493,4266.154,166.878,3.469,0.998154,-0.060440,-0.005885,0.060642,0.997182,0.044159,0.003199,-0.044435,0.999007,0,0.48000,0.72000,28.800,1.440,-1,400.000,-1,375.000,-1,325.000,325.000,300.000,300.000,-1,575.000,600.000,-1,750.000,700.000,-1,-1,2,0,2,0,2,0,0,0,0,2,0,0,2,0,0,2,2
297,-7409.029,4269.169,166.809,5.149,0.995949,-0.089648,-0.006933,0.089868,0.994970,0.044244,0.002932,-0.044687,0.998997,0,0.56000,0.84000,33.600,1.680,-1,400.000,-1,375.000,-1,325.000,325.000,300.000,300.000,-1,600.000,600.000,-1,750.000,700.000,-1,-1,2,0,2,0,2,0,0,0,0,2,0,0,2,0,0,2,2
298,-7370.911,4273.812,166.671,6.945,0.992645,-0.120789,-0.008108,0.121031,0.991662,0.044247,0.002696,-0.044902,0.998988,0,0.64000,0.89809,38.400,1.796,-1,400.000,-1,375.000,-1,325.000,325.000,300.000,300.000,-1,625.000,625.000,-1,750.000,700.000,-1,-1,2,0,2,0,2,0,0,0,0,2,0,0,2,0,0,2,2
299,-7328.215,4280.384,166.448,8.750,0.988340,-0.151975,-0.009396,0.152243,0.987356,0.044155,0.002567,-0.045070,0.998981,0,0.72000,0.90282,43.200,1.806,-1,400.000,-1,375.000,-1,325.000,325.000,300.000,300.000,-1,625.000,625.000,-1,750.000,700.000,-1,-1,2,0,2,0,2,0,0,0,0,2,0,0,2,0,0,2,2
