timestep,x_cm,y_cm,z_cm,yaw_deg,teleport_flag,throttle_cmd,steering_cmd,cmd_move_cm,cmd_turn_deg,lidar_cm_0,lidar_cm_1,lidar_cm_2,lidar_cm_3,lidar_cm_4,lidar_cm_5,lidar_cm_6,lidar_cm_7,lidar_cm_8,lidar_cm_9,lidar_cm_10,lidar_cm_11,lidar_cm_12,lidar_cm_13,lidar_cm_14,lidar_cm_15,lidar_cm_16,lidar_class_0,lidar_class_1,lidar_class_2,lidar_class_3,lidar_class_4,lidar_class_5,lidar_class_6,lidar_class_7,lidar_class_8,lidar_class_9,lidar_class_10,lidar_class_11,lidar_class_12,lidar_class_13,lidar_class_14,lidar_class_15,lidar_class_16
0,-7539.957,3604.107,-490.240,-47.173,1,0.08000,0.12000,4.800,0.240,-1,400.000,-1,400.000,-1,325.000,325.000,275.000,275.000,-1,-1,-1,-1,700.000,700.000,-1,-1,2,0,2,0,2,0,0,0,0,2,2,2,2,0,0,2,2
1,-7533.373,3597.121,-490.472,-46.693,0,0.16000,0.24000,9.600,0.480,-1,400.000,-1,400.000,-1,325.000,325.000,275.000,275.000,-1,-1,-1,-1,700.000,700.000,-1,-1,2,0,2,0,2,0,0,0,0,2,2,2,2,0,0,2,2
2,-7523.365,3586.767,-490.847,-45.973,0,0.24000,0.36000,14.400,0.720,-1,400.000,-1,400.000,-1,325.000,325.000,275.000,275.000,-1,-1,-1,-1,700.000,700.000,-1,-1,2,0,2,0,2,0,0,0,0,2,2,2,2,0,0,2,2
3,-7509.806,3573.173,-491.393,-45.074,0,0.32000,0.44938,19.200,0.899,-1,400.000,-1,400.000,-1,325.000,325.000,275.000,275.000,-1,-1,-1,-1,700.000,700.000,-1,-1,2,0,2,0,2,0,0,0,0,2,2,2,2,0,0,2,2
4,-7492.592,3556.449,-492.035,-44.174,0,0.40000,0.45043,24.000,0.901,1000.000,400.000,-1,400.000,-1,325.000,325.000,275.000,275.000,-1,-1,-1,-1,700.000,700.000,-1,-1,0,0,2,0,2,0,0,0,0,2,2,2,2,0,0,2,2
5,-7471.622,3536.708,-492.704,-43.270,0,0.48000,0.45185,28.800,0.904,975.000,400.000,-1,400.000,-1,325.000,325.000,275.000,275.000,-1,-1,-1,-1,700.000,700.000,-1,-1,0,0,2,0,2,0,0,0,0,2,2,2,2,0,0,2,2
6,-7446.795,3514.068,-493.584,-42.363,0,0.56000,0.45369,33.600,0.907,925.000,400.000,-1,400.000,1000.000,325.000,325.000,275.000,275.000,-1,-1,-1,875.000,675.000,700.000,-1,-1,0,0,2,0,1,0,0,0,0,2,2,2,1,0,0,2,2
7,-7418.013,3488.648,-494.714,-41.451,0,0.64000,0.45601,38.400,0.912,900.000,375.000,-1,400.000,975.000,325.000,325.000,275.000,275.000,-1,-1,-1,775.000,675.000,700.000,-1,-1,0,0,2,0,1,0,0,0,0,2,2,2,1,0,0,2,2
8,-7385.180,3460.573,-496.134,-40.533,0,0.72000,0.45886,43.200,0.918,850.000,375.000,-1,400.000,950.000,325.000,325.000,275.000,275.000,-1,-1,-1,750.000,650.000,700.000,-1,-1,0,0,2,0,1,0,0,0,0,2,2,2,1,0,0,2,2
9,-7348.200,3429.972,-497.892,-39.608,0,0.80000,0.46232,48.000,0.925,825.000,375.000,-1,400.000,925.000,325.000,325.000,275.000,275.000,-1,-1,-1,725.000,650.000,675.000,975.000,-1,0,0,2,0,1,0,0,0,0,2,2,2,1,0,0,0,2
10,-7309.150,3398.714,-499.911,-38.675,0,0.83366,0.46644,50.019,0.933,775.000,375.000,-1,400.000,900.000,325.000,325.000,275.000,275.000,-1,-1,-1,750.000,625.000,650.000,900.000,1000.000,0,0,2,0,1,0,0,0,0,2,2,2,1,0,0,0,1
11,-7269.624,3368.129,-501.527,-37.733,0,0.83296,0.47101,49.977,0.942,750.000,375.000,-1,375.000,875.000,325.000,325.000,275.000,275.000,-1,-1,-1,750.000,650.000,650.000,900.000,975.000,0,0,2,0,1,0,0,0,0,2,2,2,1,0,0,0,1
12,-7229.604,3338.210,-503.266,-36.782,0,0.83279,0.47586,49.967,0.952,750.000,375.000,-1,375.000,825.000,325.000,325.000,275.000,275.000,-1,-1,-1,775.000,650.000,625.000,875.000,950.000,0,0,2,0,1,0,0,0,0,2,2,2,1,0,0,0,1
13,-7189.070,3308.955,-504.838,-35.820,0,0.83315,0.48096,49.989,0.962,725.000,375.000,-1,375.000,825.000,325.000,325.000,275.000,275.000,-1,-1,-1,775.000,650.000,625.000,850.000,925.000,0,0,2,0,1,0,0,0,0,2,2,2,1,0,0,0,1
14,-7144.074,3277.695,-506.757,-34.789,0,0.91315,0.51538,54.789,1.031,725.000,375.000,-1,375.000,800.000,325.000,325.000,275.000,275.000,-1,-1,-1,825.000,650.000,625.000,825.000,925.000,0,0,2,0,1,0,0,0,0,2,2,2,1,0,0,0,1
15,-7097.847,3246.781,-508.600,-33.772,0,0.92685,0.50853,55.611,1.017,700.000,375.000,-1,375.000,775.000,325.000,325.000,275.000,275.000,-1,-1,-1,850.000,650.000,625.000,800.000,900.000,0,0,2,0,1,0,0,0,0,2,2,2,1,0,0,0,1
16,-7051.037,3216.650,-510.625,-32.769,0,0.92781,0.50126,55.669,1.003,675.000,375.000,-1,375.000,750.000,325.000,300.000,275.000,275.000,-1,-1,-1,900.000,625.000,625.000,775.000,875.000,0,0,2,0,1,0,0,0,0,2,2,2,1,0,0,0,1
17,-7003.699,3187.320,-512.049,-31.782,0,0.92814,0.49367,55.688,0.987,650.000,375.000,-1,375.000,725.000,325.000,300.000,275.000,275.000,-1,-1,725.000,925.000,625.000,625.000,750.000,875.000,0,0,2,0,1,0,0,0,0,2,2,0,1,0,0,0,1
18,-6952.288,3156.386,-513.246,-31.035,0,1.00000,0.37367,60.000,0.747,650.000,375.000,-1,375.000,725.000,325.000,300.000,275.000,275.000,-1,725.000,650.000,975.000,625.000,650.000,750.000,850.000,0,0,2,0,1,0,0,0,0,2,0,0,1,0,0,0,1
19,-6900.604,3125.910,-514.637,-30.527,0,1.00000,0.25367,60.000,0.507,625.000,400.000,-1,375.000,700.000,325.000,325.000,275.000,275.000,-1,625.000,525.000,-1,600.000,675.000,750.000,850.000,0,0,2,0,1,0,0,0,0,2,0,0,2,0,0,0,1
20,-6848.780,3095.674,-516.200,-30.260,0,1.00000,0.13367,60.000,0.267,625.000,375.000,-1,375.000,675.000,325.000,325.000,275.000,275.000,-1,600.000,475.000,-1,600.000,675.000,725.000,825.000,0,0,2,0,1,0,0,0,0,2,0,0,2,0,0,0,1
21,-6796.940,3065.464,-517.917,-30.233,0,1.00000,0.01367,60.000,0.027,600.000,375.000,-1,375.000,675.000,325.000,325.000,275.000,275.000,-1,425.000,325.000,-1,575.000,650.000,725.000,775.000,0,0,2,0,1,0,0,0,0,2,0,0,2,0,0,0,1
22,-6745.213,3035.061,-519.724,-30.445,0,1.00000,-0.10633,60.000,-0.213,600.000,375.000,-1,375.000,650.000,325.000,325.000,275.000,300.000,-1,325.000,275.000,1000.000,575.000,650.000,725.000,750.000,0,0,2,0,1,0,0,0,0,2,0,0,0,0,0,0,1
23,-6693.728,3004.250,-520.841,-30.898,0,1.00000,-0.22633,60.000,-0.453,575.000,350.000,-1,375.000,600.000,300.000,325.000,275.000,300.000,-1,325.000,275.000,975.000,575.000,650.000,700.000,700.000,0,0,2,0,1,0,0,0,0,2,0,0,0,0,1,0,1
24,-6642.620,2972.819,-521.577,-31.591,0,1.00000,-0.34633,60.000,-0.693,575.000,350.000,-1,375.000,575.000,300.000,300.000,275.000,300.000,-1,350.000,325.000,1000.000,550.000,600.000,675.000,650.000,0,0,2,0,1,0,0,0,0,2,0,0,0,0,1,0,1
25,-6592.082,2940.595,-521.319,-32.523,0,0.99895,-0.46633,59.937,-0.933,625.000,350.000,-1,375.000,525.000,300.000,300.000,275.000,275.000,-1,375.000,325.000,950.000,550.000,575.000,675.000,600.000,0,0,2,0,1,0,0,0,0,2,0,0,0,0,1,0,1
26,-6542.299,2907.399,-521.104,-33.696,0,0.99727,-0.58633,59.836,-1.173,650.000,350.000,-1,375.000,500.000,300.000,300.000,275.000,275.000,-1,375.000,325.000,900.000,550.000,550.000,700.000,550.000,0,0,2,0,1,0,0,0,0,2,0,0,0,0,1,0,1
27,-6493.215,2872.891,-520.156,-35.108,0,1.00000,-0.70633,60.000,-1.413,675.000,350.000,-1,375.000,450.000,300.000,300.000,275.000,275.000,-1,375.000,325.000,850.000,575.000,525.000,725.000,500.000,0,0,2,0,1,0,0,0,0,2,0,0,0,0,1,0,1
28,-6445.147,2836.982,-518.498,-36.761,0,1.00000,-0.82633,60.000,-1.653,700.000,350.000,-1,375.000,425.000,300.000,300.000,275.000,275.000,-1,425.000,350.000,825.000,600.000,500.000,750.000,450.000,0,0,2,1,1,0,0,0,0,2,0,0,0,0,1,0,1
29,-6398.282,2799.516,-516.697,-38.641,0,1.00000,-0.93972,60.000,-1.879,725.000,350.000,-1,350.000,375.000,300.000,300.000,275.000,275.000,-1,450.000,375.000,825.000,600.000,475.000,800.000,400.000,0,0,2,1,1,0,0,0,0,2,0,0,0,0,1,0,1
30,-6352.677,2760.526,-514.924,-40.529,0,1.00000,-0.94428,60.000,-1.889,725.000,350.000,-1,325.000,325.000,300.000,300.000,275.000,275.000,-1,475.000,400.000,825.000,600.000,425.000,825.000,375.000,0,0,2,1,1,0,0,0,0,2,0,0,0,0,1,0,1
31,-6308.389,2720.047,-513.181,-42.427,0,1.00000,-0.94901,60.000,-1.898,750.000,350.000,-1,300.000,300.000,300.000,300.000,275.000,275.000,-1,425.000,425.000,825.000,600.000,400.000,875.000,325.000,0,0,2,1,1,0,1,0,0,2,0,0,0,0,1,0,1
32,-6265.473,2678.116,-509.533,-44.335,0,1.00000,-0.95395,60.000,-1.908,800.000,375.000,-1,300.000,275.000,300.000,275.000,275.000,275.000,950.000,325.000,350.000,850.000,600.000,400.000,925.000,300.000,0,0,2,1,1,0,1,0,1,0,0,0,0,1,1,1,1
33,-6223.985,2634.772,-504.164,-46.253,0,1.00000,-0.95916,60.000,-1.918,900.000,400.000,-1,300.000,300.000,300.000,275.000,275.000,275.000,800.000,250.000,300.000,875.000,600.000,400.000,-1,300.000,0,1,2,1,1,1,1,0,1,0,0,0,0,1,1,2,1
34,-6183.979,2590.055,-497.986,-48.183,0,1.00000,-0.96467,60.000,-1.929,-1,375.000,-1,275.000,300.000,300.000,275.000,250.000,300.000,700.000,225.000,275.000,950.000,575.000,375.000,-1,300.000,2,1,2,1,1,1,1,0,1,0,0,0,0,1,1,2,1
35,-6145.512,2544.010,-491.378,-50.124,0,1.00000,-0.97056,60.000,-1.941,-1,350.000,-1,275.000,300.000,275.000,250.000,250.000,300.000,575.000,225.000,275.000,1000.000,550.000,375.000,-1,300.000,2,1,2,1,1,1,1,0,1,0,0,0,0,1,1,2,1
36,-6108.636,2496.679,-484.110,-52.078,0,1.00000,-0.97688,60.000,-1.954,-1,325.000,-1,275.000,300.000,275.000,250.000,250.000,300.000,525.000,250.000,300.000,-1,525.000,375.000,-1,300.000,2,1,2,1,1,1,1,0,1,0,0,0,2,1,1,2,1
37,-6073.407,2448.110,-476.624,-54.045,0,1.00000,-0.98373,60.000,-1.967,-1,300.000,-1,250.000,300.000,250.000,225.000,250.000,300.000,475.000,250.000,300.000,-1,500.000,350.000,-1,275.000,2,1,2,1,1,1,1,0,1,0,0,0,2,1,1,2,1
38,-6039.879,2398.352,-467.923,-56.027,0,1.00000,-0.99118,60.000,-1.982,-1,275.000,-1,250.000,300.000,250.000,225.000,250.000,300.000,425.000,225.000,275.000,-1,500.000,350.000,-1,275.000,2,1,2,1,1,1,1,0,1,0,0,0,2,1,1,2,1
39,8199.153,-6231.356,399.781,166.518,1,0.00000,0.00000,60.000,-1.999,-1,375.000,-1,425.000,-1,300.000,325.000,325.000,325.000,-1,-1,-1,-1,725.000,975.000,-1,-1,2,0,2,0,2,0,0,0,0,2,2,2,2,0,0,2,2
40,8203.825,-6232.455,399.779,166.758,0,-0.08000,0.12000,-4.800,0.240,-1,375.000,-1,425.000,-1,300.000,325.000,325.000,325.000,-1,-1,-1,-1,725.000,975.000,-1,-1,2,0,2,0,2,0,0,0,0,2,2,2,2,0,0,2,2
41,8213.188,-6234.576,399.777,167.238,0,-0.16000,0.24000,-9.600,0.480,-1,375.000,-1,425.000,-1,300.000,325.000,325.000,325.000,-1,-1,-1,-1,725.000,975.000,-1,-1,2,0,2,0,2,0,0,0,0,2,2,2,2,0,0,2,2
42,8227.271,-6237.580,399.778,167.958,0,-0.24000,0.36000,-14.400,0.720,-1,375.000,-1,425.000,-1,300.000,325.000,325.000,325.000,-1,-1,-1,-1,725.000,950.000,-1,-1,2,0,2,0,2,0,0,0,0,2,2,2,2,0,0,2,2
43,8246.113,-6241.271,399.787,168.918,0,-0.32000,0.48000,-19.200,0.960,-1,375.000,-1,425.000,-1,300.000,325.000,325.000,325.000,-1,-1,-1,-1,725.000,950.000,-1,-1,2,0,2,0,2,0,0,0,0,2,2,2,2,0,0,2,2
44,8269.757,-6245.389,399.810,170.118,0,-0.40000,0.60000,-24.000,1.200,-1,375.000,-1,425.000,-1,300.000,325.000,325.000,325.000,-1,-1,-1,-1,725.000,950.000,-1,-1,2,0,2,0,2,0,0,0,0,2,2,2,2,0,0,2,2
45,8297.300,-6249.477,399.854,171.558,0,-0.46409,0.72000,-27.845,1.440,-1,375.000,-1,400.000,-1,300.000,325.000,325.000,325.000,-1,-1,-1,-1,725.000,925.000,-1,-1,2,0,2,0,2,0,0,0,0,2,2,2,2,0,0,2,2
46,8324.952,-6252.756,399.916,173.238,0,-0.46409,0.84000,-27.845,1.680,-1,375.000,-1,400.000,-1,300.000,325.000,325.000,325.000,-1,-1,-1,-1,725.000,900.000,-1,-1,2,0,2,0,2,0,0,0,0,2,2,2,2,0,0,2,2
47,8352.698,-6255.106,400.002,175.158,0,-0.46409,0.96000,-27.845,1.920,-1,375.000,-1,400.000,-1,300.000,325.000,325.000,325.000,-1,-1,-1,-1,725.000,900.000,-1,-1,2,0,2,0,2,0,0,0,0,2,2,2,2,0,0,2,2
48,8380.509,-6256.486,400.118,177.158,0,-0.46409,1.00000,-27.845,2.000,-1,375.000,-1,400.000,-1,300.000,325.000,325.000,325.000,-1,-1,-1,-1,725.000,875.000,-1,-1,2,0,2,0,2,0,0,0,0,2,2,2,2,0,0,2,2
49,8408.351,-6256.895,400.265,179.158,0,-0.46409,1.00000,-27.845,2.000,-1,375.000,-1,400.000,-1,300.000,300.000,325.000,325.000,-1,-1,-1,-1,725.000,850.000,-1,-1,2,0,2,0,2,0,0,0,0,2,2,2,2,0,0,2,2
50,8436.191,-6256.333,400.445,181.158,0,-0.46409,1.00000,-27.845,2.000,-1,375.000,-1,400.000,-1,300.000,300.000,325.000,325.000,-1,-1,-1,-1,750.000,850.000,-1,-1,2,0,2,0,2,0,0,0,0,2,2,2,2,0,0,2,2
51,8463.994,-6254.798,400.656,183.158,0,-0.46409,1.00000,-27.845,2.000,-1,375.000,-1,400.000,-1,300.000,300.000,325.000,325.000,-1,-1,-1,-1,750.000,825.000,-1,-1,2,0,2,0,2,0,0,0,0,2,2,2,2,0,0,2,2
52,8491.726,-6252.295,400.902,185.158,0,-0.46409,1.00000,-27.845,2.000,-1,375.000,-1,400.000,-1,300.000,300.000,325.000,325.000,-1,-1,-1,-1,750.000,800.000,-1,-1,2,0,2,0,2,0,0,0,0,2,2,2,2,0,0,2,2
53,8519.355,-6248.825,401.102,187.158,0,-0.46409,1.00000,-27.845,2.000,-1,400.000,-1,400.000,-1,325.000,300.000,325.000,325.000,-1,-1,-1,-1,750.000,800.000,-1,-1,2,0,2,0,2,0,0,0,0,2,2,2,2,0,0,2,2
54,8546.845,-6244.393,401.204,189.158,0,-0.46409,1.00000,-27.845,2.000,-1,400.000,-1,400.000,-1,325.000,300.000,325.000,325.000,-1,-1,-1,-1,750.000,800.000,-1,-1,2,0,2,0,2,0,0,0,0,2,2,2,2,0,0,2,2
55,8574.164,-6239.005,401.328,191.158,0,-0.46409,1.00000,-27.845,2.000,-1,400.000,-1,400.000,-1,325.000,300.000,325.000,325.000,-1,-1,-1,-1,775.000,775.000,-1,-1,2,0,2,0,2,0,0,0,0,2,2,2,2,0,0,2,2
56,8601.278,-6232.666,401.449,193.158,0,-0.46409,1.00000,-27.845,2.000,-1,400.000,-1,375.000,-1,325.000,325.000,325.000,325.000,-1,-1,-1,-1,775.000,775.000,-1,-1,2,0,2,0,2,0,0,0,0,2,2,2,2,0,0,2,2
57,8628.155,-6225.385,401.484,195.158,0,-0.46409,1.00000,-27.845,2.000,-1,400.000,-1,375.000,-1,325.000,325.000,325.000,325.000,-1,-1,-1,-1,775.000,775.000,-1,-1,2,0,2,0,2,0,0,0,0,2,2,2,2,0,0,2,2
58,8654.761,-6217.170,401.563,197.158,0,-0.46409,1.00000,-27.845,2.000,-1,400.000,-1,375.000,-1,325.000,325.000,325.000,325.000,-1,-1,-1,-1,800.000,775.000,-1,-1,2,0,2,0,2,0,0,0,0,2,2,2,2,0,0,2,2
59,8681.064,-6208.032,401.685,199.158,0,-0.46409,1.00000,-27.845,2.000,-1,400.000,-1,375.000,-1,325.000,325.000,300.000,325.000,-1,-1,-1,-1,800.000,775.000,-1,-1,2,0,2,0,2,0,0,0,0,2,2,2,2,0,0,2,2
60,8707.032,-6197.981,401.851,201.158,0,-0.46409,1.00000,-27.845,2.000,-1,400.000,-1,400.000,-1,325.000,325.000,300.000,325.000,-1,-1,-1,-1,800.000,775.000,-1,-1,2,0,2,0,2,0,0,0,0,2,2,2,2,0,0,2,2
61,8732.634,-6187.030,402.059,203.158,0,-0.46409,1.00000,-27.845,2.000,-1,400.000,-1,400.000,-1,325.000,325.000,325.000,325.000,-1,-1,-1,-1,825.000,775.000,-1,-1,2,0,2,0,2,0,0,0,0,2,2,2,2,0,0,2,2
62,8757.837,-6175.193,402.311,205.158,0,-0.46409,1.00000,-27.845,2.000,-1,400.000,-1,400.000,-1,325.000,325.000,325.000,325.000,-1,-1,-1,-1,850.000,775.000,-1,-1,2,0,2,0,2,0,0,0,0,2,2,2,2,0,0,2,2
63,8782.613,-6162.483,402.605,207.158,0,-0.46409,1.00000,-27.845,2.000,-1,400.000,-1,400.000,-1,325.000,325.000,325.000,325.000,-1,-1,-1,-1,875.000,800.000,-1,-1,2,0,2,0,2,0,0,0,0,2,2,2,2,0,0,2,2
64,8802.784,-6151.339,402.890,208.918,0,-0.38409,0.88000,-23.045,1.760,-1,425.000,-1,400.000,-1,325.000,325.000,325.000,325.000,-1,-1,-1,-1,875.000,800.000,-1,-1,2,0,2,0,2,0,0,0,0,2,2,2,2,0,0,2,2
65,8818.515,-6142.096,402.964,210.438,0,-0.30409,0.76000,-18.245,1.520,-1,425.000,-1,400.000,-1,325.000,325.000,325.000,325.000,-1,-1,-1,-1,900.000,800.000,-1,-1,2,0,2,0,2,0,0,0,0,2,2,2,2,0,0,2,2
66,8829.952,-6135.027,403.024,211.718,0,-0.22409,0.64000,-13.445,1.280,-1,425.000,-1,400.000,-1,325.000,325.000,325.000,325.000,-1,-1,-1,-1,900.000,800.000,-1,-1,2,0,2,0,2,0,0,0,0,2,2,2,2,0,0,2,2
67,8837.223,-6130.349,403.074,212.758,0,-0.14409,0.52000,-8.645,1.040,-1,425.000,-1,400.000,-1,325.000,325.000,325.000,325.000,-1,-1,-1,-1,925.000,825.000,-1,-1,2,0,2,0,2,0,0,0,0,2,2,2,2,0,0,2,2
68,8840.427,-6128.223,403.109,213.558,0,-0.06409,0.40000,-3.845,0.800,-1,425.000,-1,400.000,-1,325.000,325.000,325.000,325.000,-1,-1,-1,-1,925.000,825.000,-1,-1,2,0,2,0,2,0,0,0,0,2,2,2,2,0,0,2,2
69,8839.637,-6128.759,403.123,214.118,0,0.01591,0.28000,0.955,0.560,-1,425.000,-1,400.000,-1,325.000,325.000,325.000,325.000,-1,-1,-1,-1,925.000,825.000,-1,-1,2,0,2,0,2,0,0,0,0,2,2,2,2,0,0,2,2
70,8834.890,-6132.013,403.114,214.438,0,0.09591,0.16000,5.755,0.320,-1,425.000,-1,400.000,-1,325.000,325.000,325.000,325.000,-1,-1,-1,-1,925.000,825.000,-1,-1,2,0,2,0,2,0,0,0,0,2,2,2,2,0,0,2,2
71,8826.194,-6137.994,403.079,214.518,0,0.17591,0.04000,10.555,0.080,-1,425.000,-1,400.000,-1,325.000,325.000,325.000,325.000,-1,-1,-1,-1,925.000,825.000,-1,-1,2,0,2,0,2,0,0,0,0,2,2,2,2,0,0,2,2
72,8813.518,-6146.660,403.023,214.358,0,0.25591,-0.08000,15.355,-0.160,-1,425.000,-1,400.000,-1,325.000,325.000,325.000,325.000,-1,-1,-1,-1,925.000,825.000,-1,-1,2,0,2,0,2,0,0,0,0,2,2,2,2,0,0,2,2
73,8796.801,-6157.918,402.946,213.958,0,0.33591,-0.20000,20.155,-0.400,-1,425.000,-1,400.000,-1,325.000,325.000,325.000,325.000,-1,-1,-1,-1,900.000,800.000,-1,-1,2,0,2,0,2,0,0,0,0,2,2,2,2,0,0,2,2
74,8775.948,-6171.625,402.857,213.318,0,0.41591,-0.32000,24.955,-0.640,-1,425.000,-1,400.000,-1,325.000,325.000,325.000,325.000,-1,-1,-1,-1,900.000,800.000,-1,-1,2,0,2,0,2,0,0,0,0,2,2,2,2,0,0,2,2
75,8750.836,-6187.585,402.636,212.438,0,0.49591,-0.44000,29.755,-0.880,-1,425.000,-1,400.000,-1,325.000,325.000,325.000,325.000,-1,-1,-1,-1,900.000,800.000,-1,-1,2,0,2,0,2,0,0,0,0,2,2,2,2,0,0,2,2
76,8721.350,-6205.602,402.288,211.425,0,0.57591,-0.50653,34.555,-1.013,-1,400.000,-1,400.000,-1,325.000,325.000,325.000,325.000,-1,-1,-1,-1,875.000,800.000,-1,-1,2,0,2,0,2,0,0,0,0,2,2,2,2,0,0,2,2
77,8687.410,-6225.524,401.788,210.412,0,0.65591,-0.50653,39.355,-1.013,-1,400.000,-1,400.000,-1,325.000,325.000,300.000,325.000,-1,-1,-1,-1,875.000,800.000,-1,-1,2,0,2,0,2,0,0,0,0,2,2,2,2,0,0,2,2
78,8648.942,-6247.199,401.139,209.399,0,0.73591,-0.50653,44.155,-1.013,-1,400.000,-1,400.000,-1,325.000,325.000,300.000,325.000,-1,-1,-1,-1,850.000,775.000,-1,-1,2,0,2,0,2,0,0,0,0,2,2,2,2,0,0,2,2
79,8605.971,-6270.653,400.454,208.626,0,0.81591,-0.38653,48.955,-0.773,-1,400.000,-1,400.000,-1,325.000,325.000,300.000,325.000,-1,-1,-1,-1,850.000,775.000,-1,-1,2,0,2,0,2,0,0,0,0,2,2,2,2,0,0,2,2
80,8560.431,-6294.962,399.737,208.093,0,0.86036,-0.26653,51.622,-0.533,-1,400.000,-1,400.000,-1,325.000,325.000,300.000,325.000,-1,-1,-1,-1,850.000,775.000,-1,-1,2,0,2,0,2,0,0,0,0,2,2,2,2,0,0,2,2
81,8514.767,-6319.037,398.788,207.800,0,0.86036,-0.14653,51.622,-0.293,-1,400.000,-1,400.000,-1,325.000,325.000,325.000,325.000,-1,-1,-1,-1,825.000,775.000,-1,-1,2,0,2,0,2,0,0,0,0,2,2,2,2,0,0,2,2
82,8469.081,-6343.071,397.841,207.747,0,0.86036,-0.02653,51.622,-0.053,-1,400.000,-1,400.000,-1,325.000,325.000,325.000,325.000,-1,-1,-1,-1,825.000,750.000,-1,-1,2,0,2,0,2,0,0,0,0,2,2,2,2,0,0,2,2
83,8423.474,-6367.253,396.732,207.934,0,0.86036,0.09347,51.622,0.187,-1,400.000,-1,400.000,-1,325.000,325.000,325.000,325.000,-1,-1,-1,-1,825.000,750.000,-1,-1,2,0,2,0,2,0,0,0,0,2,2,2,2,0,0,2,2
84,8377.972,-6391.633,395.470,208.183,0,0.86036,0.12451,51.622,0.249,-1,400.000,-1,400.000,-1,325.000,325.000,325.000,325.000,-1,-1,-1,-1,825.000,750.000,-1,-1,2,0,2,0,2,0,0,0,0,2,2,2,2,0,0,2,2
85,8332.577,-6416.211,394.263,208.432,0,0.86036,0.12451,51.622,0.249,-1,400.000,-1,400.000,-1,325.000,325.000,325.000,325.000,-1,-1,-1,-1,825.000,750.000,-1,-1,2,0,2,0,2,0,0,0,0,2,2,2,2,0,0,2,2
86,8287.289,-6440.986,393.109,208.681,0,0.86036,0.12451,51.622,0.249,-1,400.000,-1,400.000,-1,325.000,325.000,325.000,325.000,-1,-1,-1,-1,825.000,725.000,-1,-1,2,0,2,0,2,0,0,0,0,2,2,2,2,0,0,2,2
87,8242.109,-6465.957,391.976,208.930,0,0.86036,0.12451,51.622,0.249,-1,400.000,-1,375.000,-1,325.000,325.000,325.000,325.000,-1,-1,-1,-1,825.000,725.000,-1,-1,2,0,2,0,2,0,0,0,0,2,2,2,2,0,0,2,2
88,8197.037,-6491.125,390.863,209.179,0,0.86036,0.12451,51.622,0.249,-1,400.000,-1,375.000,-1,325.000,325.000,325.000,325.000,-1,-1,-1,-1,825.000,725.000,-1,-1,2,0,2,0,2,0,0,0,0,2,2,2,2,0,0,2,2
89,8156.161,-6513.959,389.715,209.188,0,0.78036,0.00451,46.822,0.009,-1,400.000,-1,375.000,-1,325.000,325.000,325.000,325.000,-1,-1,-1,-1,800.000,725.000,-1,-1,2,0,2,0,2,0,0,0,0,2,2,2,2,0,0,2,2
90,8119.392,-6534.304,388.704,208.957,0,0.70036,-0.11549,42.022,-0.231,-1,400.000,-1,375.000,-1,300.000,325.000,325.000,325.000,-1,-1,-1,-1,800.000,725.000,-1,-1,2,0,2,0,2,0,0,0,0,2,2,2,2,0,0,2,2
91,8086.677,-6552.057,387.848,208.486,0,0.62036,-0.23549,37.222,-0.471,-1,400.000,-1,375.000,-1,300.000,300.000,325.000,325.000,-1,-1,-1,-1,800.000,725.000,-1,-1,2,0,2,0,2,0,0,0,0,2,2,2,2,0,0,2,2
92,8058.015,-6567.211,387.136,207.866,0,0.54036,-0.30976,32.422,-0.620,-1,400.000,-1,375.000,-1,300.000,300.000,325.000,325.000,-1,-1,-1,-1,775.000,725.000,-1,-1,2,0,2,0,2,0,0,0,0,2,2,2,2,0,0,2,2
93,8033.458,-6579.857,386.554,207.247,0,0.46036,-0.30976,27.622,-0.620,-1,400.000,-1,375.000,-1,300.000,300.000,325.000,325.000,-1,-1,-1,-1,775.000,725.000,-1,-1,2,0,2,0,2,0,0,0,0,2,2,2,2,0,0,2,2
94,8013.057,-6590.085,386.090,206.627,0,0.38036,-0.30976,22.822,-0.620,-1,400.000,-1,375.000,-1,300.000,300.000,325.000,325.000,-1,-1,-1,-1,775.000,725.000,-1,-1,2,0,2,0,2,0,0,0,0,2,2,2,2,0,0,2,2
95,7996.860,-6597.988,385.667,206.008,0,0.30036,-0.30976,18.022,-0.620,-1,400.000,-1,375.000,-1,300.000,300.000,325.000,325.000,-1,-1,-1,-1,775.000,725.000,-1,-1,2,0,2,0,2,0,0,0,0,2,2,2,2,0,0,2,2
96,7984.915,-6603.657,385.336,205.388,0,0.22036,-0.30976,13.222,-0.620,-1,400.000,-1,375.000,-1,300.000,300.000,325.000,325.000,-1,-1,-1,-1,775.000,725.000,-1,-1,2,0,2,0,2,0,0,0,0,2,2,2,2,0,0,2,2
97,7977.268,-6607.185,385.136,204.769,0,0.14036,-0.30976,8.422,-0.620,-1,400.000,-1,375.000,-1,300.000,300.000,325.000,325.000,-1,-1,-1,-1,775.000,725.000,-1,-1,2,0,2,0,2,0,0,0,0,2,2,2,2,0,0,2,2
98,7973.963,-6608.667,385.059,204.149,0,0.06036,-0.30976,3.622,-0.620,-1,400.000,-1,375.000,-1,300.000,300.000,325.000,325.000,-1,-1,-1,-1,775.000,725.000,-1,-1,2,0,2,0,2,0,0,0,0,2,2,2,2,0,0,2,2
99,7975.043,-6608.196,385.100,203.530,0,-0.01964,-0.30976,-1.178,-0.620,-1,400.000,-1,375.000,-1,300.000,300.000,325.000,325.000,-1,-1,-1,-1,775.000,725.000,-1,-1,2,0,2,0,2,0,0,0,0,2,2,2,2,0,0,2,2
100,7980.550,-6605.869,385.252,202.910,0,-0.09964,-0.30976,-5.978,-0.620,-1,375.000,-1,375.000,-1,300.000,300.000,325.000,325.000,-1,-1,-1,-1,775.000,725.000,-1,-1,2,0,2,0,2,0,0,0,0,2,2,2,2,0,0,2,2
101,7990.523,-6601.781,385.512,202.291,0,-0.17964,-0.30976,-10.778,-0.620,-1,375.000,-1,375.000,-1,300.000,300.000,325.000,325.000,-1,-1,-1,-1,775.000,725.000,-1,-1,2,0,2,0,2,0,0,0,0,2,2,2,2,0,0,2,2
102,8005.000,-6596.028,385.872,201.671,0,-0.25964,-0.30976,-15.578,-0.620,-1,375.000,-1,375.000,-1,300.000,300.000,325.000,325.000,-1,-1,-1,-1,750.000,725.000,-1,-1,2,0,2,0,2,0,0,0,0,2,2,2,2,0,0,2,2
103,8024.018,-6588.708,386.327,201.052,0,-0.33964,-0.30976,-20.378,-0.620,-1,375.000,-1,375.000,-1,300.000,300.000,325.000,325.000,-1,-1,-1,-1,750.000,725.000,-1,-1,2,0,2,0,2,0,0,0,0,2,2,2,2,0,0,2,2
104,8038.593,-6583.209,386.669,200.672,0,-0.25964,-0.18976,-15.578,-0.380,-1,375.000,-1,375.000,-1,300.000,300.000,325.000,325.000,-1,-1,-1,-1,750.000,725.000,-1,-1,2,0,2,0,2,0,0,0,0,2,2,2,2,0,0,2,2
105,8048.687,-6579.428,386.903,200.533,0,-0.17964,-0.06976,-10.778,-0.140,-1,375.000,-1,375.000,-1,300.000,300.000,325.000,325.000,-1,-1,-1,-1,750.000,725.000,-1,-1,2,0,2,0,2,0,0,0,0,2,2,2,2,0,0,2,2
106,8054.281,-6577.322,387.030,200.633,0,-0.09964,0.05024,-5.978,0.100,-1,375.000,-1,375.000,-1,300.000,300.000,325.000,325.000,-1,-1,-1,-1,750.000,725.000,-1,-1,2,0,2,0,2,0,0,0,0,2,2,2,2,0,0,2,2
107,8055.381,-6576.900,387.049,200.974,0,-0.01964,0.17024,-1.178,0.340,-1,375.000,-1,375.000,-1,300.000,300.000,325.000,325.000,-1,-1,-1,-1,750.000,725.000,-1,-1,2,0,2,0,2,0,0,0,0,2,2,2,2,0,0,2,2
108,8052.013,-6578.231,386.955,201.554,0,0.06036,0.29024,3.622,0.580,-1,375.000,-1,375.000,-1,300.000,300.000,325.000,325.000,-1,-1,-1,-1,775.000,725.000,-1,-1,2,0,2,0,2,0,0,0,0,2,2,2,2,0,0,2,2
109,8044.225,-6581.436,386.742,202.375,0,0.14036,0.41024,8.422,0.820,-1,375.000,-1,375.000,-1,300.000,300.000,325.000,325.000,-1,-1,-1,-1,775.000,725.000,-1,-1,2,0,2,0,2,0,0,0,0,2,2,2,2,0,0,2,2
110,8032.094,-6586.695,386.401,203.435,0,0.22036,0.53024,13.222,1.060,-1,400.000,-1,375.000,-1,300.000,300.000,325.000,325.000,-1,-1,-1,-1,775.000,725.000,-1,-1,2,0,2,0,2,0,0,0,0,2,2,2,2,0,0,2,2
111,8015.726,-6594.236,385.922,204.736,0,0.30036,0.65024,18.022,1.300,-1,400.000,-1,375.000,-1,300.000,300.000,325.000,325.000,-1,-1,-1,-1,775.000,725.000,-1,-1,2,0,2,0,2,0,0,0,0,2,2,2,2,0,0,2,2
112,7995.262,-6604.339,385.281,206.276,0,0.38036,0.77024,22.822,1.540,-1,400.000,-1,375.000,-1,300.000,300.000,325.000,325.000,-1,-1,-1,-1,775.000,700.000,-1,-1,2,0,2,0,2,0,0,0,0,2,2,2,2,0,0,2,2
113,7970.883,-6617.325,384.472,208.043,0,0.46036,0.88350,27.622,1.767,-1,400.000,-1,375.000,-1,300.000,300.000,325.000,325.000,-1,-1,-1,-1,775.000,700.000,-1,-1,2,0,2,0,2,0,0,0,0,2,2,2,2,0,0,2,2
114,7942.751,-6633.442,383.496,209.810,0,0.54036,0.88350,32.422,1.767,-1,400.000,-1,375.000,-1,300.000,300.000,325.000,325.000,-1,-1,-1,-1,775.000,700.000,-1,-1,2,0,2,0,2,0,0,0,0,2,2,2,2,0,0,2,2
115,7911.041,-6652.933,382.370,211.577,0,0.62036,0.88350,37.222,1.767,-1,400.000,-1,375.000,-1,325.000,300.000,325.000,325.000,-1,-1,-1,-1,775.000,700.000,-1,-1,2,0,2,0,2,0,0,0,0,2,2,2,2,0,0,2,2
116,7875.936,-6676.031,381.067,213.344,0,0.70036,0.88350,42.022,1.767,-1,400.000,-1,375.000,-1,325.000,300.000,325.000,325.000,-1,-1,-1,-1,800.000,700.000,-1,-1,2,0,2,0,2,0,0,0,0,2,2,2,2,0,0,2,2
117,7837.634,-6702.961,379.583,215.111,0,0.78036,0.88350,46.822,1.767,-1,400.000,-1,375.000,-1,325.000,300.000,325.000,325.000,-1,-1,-1,-1,800.000,700.000,-1,-1,2,0,2,0,2,0,0,0,0,2,2,2,2,0,0,2,2
118,7798.603,-6732.244,378.006,216.878,0,0.81325,0.88350,48.795,1.767,-1,400.000,-1,375.000,-1,325.000,300.000,325.000,325.000,-1,-1,-1,-1,800.000,725.000,-1,-1,2,0,2,0,2,0,0,0,0,2,2,2,2,0,0,2,2
119,7760.492,-6762.716,376.435,218.645,0,0.81325,0.88350,48.795,1.767,-1,400.000,-1,375.000,-1,325.000,325.000,325.000,325.000,-1,-1,-1,-1,800.000,725.000,-1,-1,2,0,2,0,2,0,0,0,0,2,2,2,2,0,0,2,2
120,7723.340,-6794.349,374.871,220.412,0,0.81325,0.88350,48.795,1.767,-1,400.000,-1,375.000,-1,325.000,325.000,325.000,325.000,-1,-1,-1,-1,800.000,750.000,-1,-1,2,0,2,0,2,0,0,0,0,2,2,2,2,0,0,2,2
121,7687.181,-6827.112,373.288,222.179,0,0.81325,0.88350,48.795,1.767,-1,400.000,-1,400.000,-1,325.000,325.000,325.000,325.000,-1,-1,-1,-1,800.000,750.000,-1,-1,2,0,2,0,2,0,0,0,0,2,2,2,2,0,0,2,2
122,7652.049,-6860.975,371.421,223.946,0,0.81325,0.88350,48.795,1.767,-1,400.000,-1,400.000,-1,325.000,325.000,325.000,325.000,-1,-1,-1,-1,800.000,775.000,-1,-1,2,0,2,0,2,0,0,0,0,2,2,2,2,0,0,2,2
123,7617.977,-6895.904,369.241,225.713,0,0.81325,0.88350,48.795,1.767,-1,400.000,-1,400.000,-1,325.000,325.000,325.000,325.000,-1,-1,-1,-1,800.000,775.000,-1,-1,2,0,2,0,2,0,0,0,0,2,2,2,2,0,0,2,2
124,7585.000,-6931.868,367.023,227.480,0,0.81325,0.88350,48.795,1.767,-1,400.000,-1,400.000,-1,325.000,325.000,325.000,325.000,-1,-1,-1,-1,800.000,750.000,-1,-1,2,0,2,0,2,0,0,0,0,2,2,2,2,0,0,2,2
125,7553.146,-6968.832,364.639,229.247,0,0.81325,0.88350,48.795,1.767,-1,400.000,-1,375.000,-1,325.000,325.000,325.000,300.000,-1,-1,-1,-1,775.000,750.000,-1,-1,2,0,2,0,2,0,0,0,0,2,2,2,2,0,0,2,2
126,7522.448,-7006.760,362.164,231.014,0,0.81325,0.88350,48.795,1.767,-1,400.000,-1,375.000,-1,325.000,325.000,325.000,300.000,-1,-1,-1,-1,775.000,750.000,-1,-1,2,0,2,0,2,0,0,0,0,2,2,2,2,0,0,2,2
127,7492.934,-7045.617,359.681,232.781,0,0.81325,0.88350,48.795,1.767,-1,400.000,-1,375.000,-1,325.000,325.000,325.000,300.000,-1,-1,-1,-1,775.000,750.000,-1,-1,2,0,2,0,2,0,0,0,0,2,2,2,2,0,0,2,2
128,7464.632,-7085.365,357.157,234.548,0,0.81325,0.88350,48.795,1.767,-1,400.000,-1,375.000,-1,325.000,325.000,325.000,300.000,-1,-1,-1,-1,775.000,750.000,-1,-1,2,0,2,0,2,0,0,0,0,2,2,2,2,0,0,2,2
129,7437.569,-7125.967,354.595,236.315,0,0.81325,0.88350,48.795,1.767,-1,400.000,-1,375.000,-1,325.000,325.000,325.000,300.000,-1,-1,-1,-1,750.000,750.000,-1,-1,2,0,2,0,2,0,0,0,0,2,2,2,2,0,0,2,2
130,7411.771,-7167.385,352.013,238.082,0,0.81325,0.88350,48.795,1.767,-1,400.000,-1,375.000,-1,325.000,325.000,300.000,300.000,-1,-1,-1,-1,750.000,750.000,-1,-1,2,0,2,0,2,0,0,0,0,2,2,2,2,0,0,2,2
131,7387.262,-7209.578,349.398,239.849,0,0.81325,0.88350,48.795,1.767,-1,400.000,-1,375.000,-1,325.000,325.000,300.000,300.000,-1,-1,-1,-1,725.000,725.000,-1,-1,2,0,2,0,2,0,0,0,0,2,2,2,2,0,0,2,2
132,7364.067,-7252.507,346.752,241.616,0,0.81325,0.88350,48.795,1.767,-1,375.000,-1,375.000,-1,325.000,325.000,300.000,300.000,-1,-1,-1,-1,725.000,725.000,-1,-1,2,0,2,0,2,0,0,0,0,2,2,2,2,0,0,2,2
133,7342.205,-7296.130,343.921,243.383,0,0.81325,0.88350,48.795,1.767,-1,375.000,-1,375.000,-1,325.000,300.000,300.000,300.000,-1,-1,-1,-1,700.000,725.000,-1,-1,2,0,2,0,2,0,0,0,0,2,2,2,2,0,0,2,2
134,7321.700,-7340.407,340.652,245.150,0,0.81325,0.88350,48.795,1.767,-1,375.000,-1,375.000,-1,325.000,300.000,300.000,300.000,-1,-1,-1,-1,700.000,725.000,-1,-1,2,0,2,0,2,0,0,0,0,2,2,2,2,0,0,2,2
135,7300.481,-7389.623,337.136,246.677,0,0.89325,0.76350,53.595,1.527,-1,375.000,-1,375.000,-1,325.000,300.000,300.000,300.000,-1,-1,-1,-1,700.000,725.000,-1,-1,2,0,2,0,2,0,0,0,0,2,2,2,2,0,0,2,2
136,7280.073,-7440.044,333.567,247.964,0,0.90658,0.64350,54.395,1.287,-1,375.000,-1,375.000,-1,325.000,300.000,300.000,300.000,-1,-1,-1,-1,700.000,725.000,-1,-1,2,0,2,0,2,0,0,0,0,2,2,2,2,0,0,2,2
137,7260.589,-7490.830,329.982,249.011,0,0.90658,0.52350,54.395,1.047,-1,375.000,-1,375.000,-1,325.000,300.000,300.000,325.000,-1,-1,-1,-1,700.000,700.000,-1,-1,2,0,2,0,2,0,0,0,0,2,2,2,2,0,0,2,2
138,7241.823,-7541.885,326.390,249.818,0,0.90658,0.40350,54.395,0.807,-1,375.000,-1,375.000,-1,325.000,300.000,300.000,325.000,-1,-1,-1,-1,675.000,700.000,-1,-1,2,0,2,0,2,0,0,0,0,2,2,2,2,0,0,2,2
139,7223.563,-7593.124,322.788,250.385,0,0.90658,0.28350,54.395,0.567,-1,375.000,-1,375.000,-1,325.000,300.000,300.000,325.000,-1,-1,-1,-1,675.000,675.000,-1,-1,2,0,2,0,2,0,0,0,0,2,2,2,2,0,0,2,2
140,7205.595,-7644.465,319.141,250.712,0,0.90658,0.16350,54.395,0.327,-1,375.000,-1,375.000,-1,300.000,300.000,300.000,325.000,-1,-1,-1,-1,675.000,675.000,-1,-1,2,0,2,0,2,0,0,0,0,2,2,2,2,0,0,2,2
141,7187.706,-7695.834,315.508,250.799,0,0.90658,0.04350,54.395,0.087,-1,375.000,-1,375.000,-1,300.000,300.000,300.000,325.000,-1,-1,-1,-1,650.000,675.000,-1,-1,2,0,2,0,2,0,0,0,0,2,2,2,2,0,0,2,2
142,7169.679,-7747.155,311.917,250.646,0,0.90658,-0.07650,54.395,-0.153,-1,375.000,-1,375.000,-1,300.000,300.000,300.000,325.000,-1,-1,-1,-1,650.000,650.000,-1,-1,2,0,2,0,2,0,0,0,0,2,2,2,2,0,0,2,2
143,7151.389,-7798.383,308.378,250.351,0,0.90658,-0.14755,54.395,-0.295,-1,350.000,-1,375.000,-1,300.000,300.000,300.000,325.000,-1,-1,-1,-1,625.000,650.000,-1,-1,2,0,2,0,2,0,0,0,0,2,2,2,2,0,0,2,2
144,7132.834,-7849.516,305.221,250.056,0,0.90658,-0.14755,54.395,-0.295,-1,350.000,-1,375.000,-1,300.000,300.000,325.000,325.000,-1,-1,-1,-1,625.000,650.000,-1,-1,2,0,2,0,2,0,0,0,0,2,2,2,2,0,0,2,2
145,7114.017,-7900.552,302.146,249.761,0,0.90658,-0.14755,54.395,-0.295,-1,350.000,-1,350.000,-1,300.000,300.000,325.000,325.000,-1,775.000,-1,-1,625.000,650.000,-1,-1,2,0,2,0,2,0,0,0,0,2,0,2,2,0,0,2,2
146,7094.937,-7951.491,299.183,249.466,0,0.90658,-0.14755,54.395,-0.295,-1,350.000,-1,350.000,-1,300.000,300.000,325.000,325.000,-1,725.000,750.000,-1,625.000,625.000,-1,-1,2,0,2,0,2,0,0,0,0,2,0,0,2,0,0,2,2
147,7075.535,-8002.482,296.572,249.168,0,0.90930,-0.14879,54.558,-0.298,-1,350.000,-1,350.000,-1,300.000,300.000,325.000,325.000,-1,675.000,675.000,-1,625.000,625.000,-1,-1,2,0,2,0,2,0,0,0,0,2,0,0,2,0,0,2,2
148,7055.733,-8053.705,294.357,248.865,0,0.91529,-0.15157,54.917,-0.303,-1,350.000,-1,350.000,-1,300.000,300.000,325.000,325.000,-1,575.000,600.000,-1,625.000,650.000,-1,-1,2,0,2,0,2,0,0,0,0,2,0,0,2,0,0,2,2
149,7035.525,-8105.155,292.203,248.556,0,0.92127,-0.15444,55.276,-0.309,-1,350.000,-1,350.000,-1,300.000,300.000,325.000,325.000,-1,525.000,525.000,-1,625.000,650.000,-1,-1,2,0,2,0,2,0,0,0,0,2,0,0,2,0,0,2,2
150,7014.902,-8156.825,290.112,248.241,0,0.92724,-0.15740,55.634,-0.315,-1,350.000,-1,375.000,-1,300.000,300.000,325.000,325.000,-1,475.000,475.000,-1,625.000,650.000,-1,-1,2,0,2,0,2,0,0,0,0,2,0,0,2,0,0,2,2
151,6993.854,-8208.711,288.087,247.920,0,0.93320,-0.16045,55.992,-0.321,-1,350.000,-1,375.000,-1,300.000,300.000,325.000,325.000,-1,425.000,425.000,-1,600.000,650.000,1000.000,-1,2,0,2,0,2,0,0,0,0,2,0,0,2,0,0,1,2
152,6972.376,-8260.805,286.043,247.593,0,0.93914,-0.16362,56.348,-0.327,1000.000,350.000,-1,375.000,-1,300.000,300.000,325.000,350.000,-1,375.000,375.000,-1,600.000,675.000,950.000,1000.000,1,0,2,0,2,0,0,0,0,2,0,0,2,0,0,1,1
153,6950.456,-8313.101,284.061,247.259,0,0.94505,-0.16690,56.703,-0.334,950.000,350.000,-1,375.000,-1,300.000,300.000,325.000,350.000,-1,350.000,325.000,-1,625.000,675.000,925.000,975.000,1,0,2,0,2,0,0,0,0,2,0,0,2,0,0,1,1
154,6928.089,-8365.589,282.143,246.919,0,0.95092,-0.17031,57.055,-0.341,900.000,350.000,-1,375.000,-1,300.000,300.000,325.000,350.000,-1,300.000,300.000,-1,625.000,675.000,875.000,950.000,1,0,2,0,2,0,0,0,0,2,0,0,2,0,0,1,1
155,6905.264,-8418.261,280.527,246.571,0,0.95675,-0.17387,57.405,-0.348,825.000,350.000,-1,375.000,1000.000,300.000,300.000,325.000,350.000,-1,300.000,275.000,-1,625.000,675.000,825.000,900.000,1,0,2,0,1,0,0,0,0,2,0,0,2,0,0,1,1
156,6881.973,-8471.107,279.262,246.216,0,0.96252,-0.17757,57.751,-0.355,775.000,350.000,-1,375.000,925.000,300.000,300.000,325.000,325.000,-1,300.000,250.000,-1,650.000,675.000,775.000,875.000,1,0,2,0,1,0,0,0,0,2,0,0,2,0,1,1,1
157,6858.209,-8524.117,278.237,245.853,0,0.96822,-0.18145,58.093,-0.363,725.000,350.000,-1,375.000,875.000,300.000,300.000,350.000,325.000,-1,300.000,250.000,-1,650.000,675.000,725.000,825.000,1,0,2,0,1,0,0,0,0,2,0,0,2,0,1,1,1
158,6833.961,-8577.278,277.310,245.482,0,0.97383,-0.18552,58.430,-0.371,675.000,375.000,-1,375.000,825.000,300.000,300.000,350.000,325.000,-1,300.000,250.000,-1,650.000,650.000,675.000,775.000,1,0,2,0,1,0,0,0,0,2,0,0,2,1,1,1,1
159,6809.223,-8630.577,276.934,245.102,0,0.97933,-0.18979,58.760,-0.380,625.000,375.000,-1,375.000,750.000,300.000,300.000,350.000,325.000,-1,325.000,250.000,-1,600.000,625.000,625.000,725.000,1,0,2,0,1,0,0,0,0,2,0,0,2,1,1,1,1
160,6783.987,-8683.999,276.952,244.714,0,0.98472,-0.19430,59.083,-0.389,575.000,375.000,-1,375.000,700.000,300.000,300.000,350.000,325.000,-1,350.000,275.000,-1,575.000,625.000,575.000,675.000,1,0,2,0,1,0,0,0,0,2,0,0,2,1,1,1,1
161,6758.243,-8737.527,276.944,244.316,0,0.98995,-0.19906,59.397,-0.398,525.000,375.000,-1,375.000,650.000,300.000,300.000,350.000,325.000,-1,375.000,325.000,-1,550.000,600.000,525.000,650.000,1,0,2,0,1,0,0,0,0,2,0,0,2,1,1,1,1
162,6734.034,-8786.463,276.994,243.678,0,0.90995,-0.31906,54.597,-0.638,475.000,375.000,-1,375.000,600.000,300.000,300.000,350.000,325.000,-1,400.000,350.000,-1,525.000,575.000,475.000,600.000,1,0,2,0,1,0,0,0,0,2,0,0,2,1,1,1,1
163,6711.419,-8830.829,277.120,242.991,0,0.82995,-0.34346,49.797,-0.687,425.000,375.000,-1,375.000,575.000,300.000,300.000,350.000,325.000,-1,425.000,350.000,-1,500.000,550.000,450.000,550.000,1,0,2,0,1,0,0,0,0,2,0,0,2,1,1,1,1
164,6689.995,-8871.629,277.308,242.296,0,0.76805,-0.34741,46.083,-0.695,375.000,375.000,-1,375.000,525.000,300.000,300.000,350.000,325.000,-1,425.000,325.000,-1,475.000,525.000,400.000,525.000,1,1,2,1,1,0,0,0,0,2,0,0,2,1,1,1,1
165,6667.960,-8912.371,277.573,241.594,0,0.77198,-0.35110,46.319,-0.702,350.000,350.000,-1,375.000,500.000,300.000,300.000,350.000,325.000,-1,425.000,300.000,-1,475.000,500.000,375.000,475.000,1,1,2,1,1,0,0,0,0,2,0,0,2,1,1,1,1
166,6645.309,-8953.038,277.917,240.884,0,0.77583,-0.35496,46.550,-0.710,300.000,325.000,-1,350.000,450.000,300.000,325.000,350.000,350.000,-1,400.000,275.000,-1,450.000,475.000,325.000,450.000,1,1,2,1,1,1,0,0,0,2,0,0,2,1,1,1,1
167,6622.040,-8993.613,278.342,240.166,0,0.77956,-0.35900,46.774,-0.718,275.000,325.000,-1,325.000,400.000,300.000,325.000,325.000,350.000,-1,400.000,275.000,-1,450.000,450.000,300.000,400.000,1,1,2,1,1,1,0,0,0,2,0,0,2,1,1,1,1
168,6598.147,-9034.076,279.340,239.439,0,0.78317,-0.36325,46.990,-0.727,250.000,300.000,-1,325.000,375.000,300.000,325.000,325.000,350.000,-1,400.000,300.000,-1,450.000,425.000,275.000,375.000,1,1,2,1,1,1,1,0,0,2,0,0,2,1,1,1,1
169,6573.630,-9074.407,281.160,238.704,0,0.78664,-0.36773,47.198,-0.735,200.000,300.000,-1,300.000,350.000,300.000,300.000,325.000,375.000,-1,375.000,300.000,-1,475.000,425.000,225.000,350.000,1,1,2,1,1,1,1,0,0,2,0,0,2,1,1,1,1
170,6548.485,-9114.582,285.295,237.959,0,0.78992,-0.37248,47.395,-0.745,200.000,325.000,-1,300.000,325.000,325.000,300.000,350.000,375.000,-1,275.000,250.000,-1,575.000,425.000,225.000,325.000,1,1,2,1,1,1,1,0,0,2,0,0,2,1,1,1,1
171,6522.713,-9154.578,290.961,237.204,0,0.79300,-0.37751,47.580,-0.755,225.000,375.000,-1,300.000,325.000,375.000,300.000,375.000,400.000,-1,200.000,200.000,-1,925.000,450.000,275.000,325.000,1,1,2,1,1,1,1,1,0,2,0,0,2,1,1,1,1
172,6496.314,-9194.368,296.405,236.438,0,0.79584,-0.38287,47.751,-0.766,225.000,450.000,-1,325.000,300.000,375.000,325.000,325.000,375.000,-1,200.000,175.000,-1,-1,450.000,375.000,325.000,1,1,2,1,1,1,1,1,1,2,0,0,2,2,1,1,1
173,6469.292,-9233.923,301.431,235.661,0,0.79840,-0.38859,47.904,-0.777,250.000,550.000,-1,325.000,300.000,400.000,325.000,275.000,375.000,-1,175.000,150.000,1000.000,-1,475.000,-1,300.000,1,1,2,1,1,1,1,1,1,2,0,0,0,2,1,2,1
174,6441.651,-9273.211,306.143,234.871,0,0.80062,-0.39472,48.037,-0.789,300.000,550.000,-1,325.000,300.000,400.000,325.000,250.000,400.000,-1,125.000,125.000,1000.000,-1,500.000,-1,300.000,1,1,2,1,1,1,1,1,1,2,0,0,0,2,1,2,1
175,6887.288,-2295.763,129.110,110.186,1,0.00000,0.00000,48.147,-0.803,-1,400.000,-1,400.000,-1,325.000,325.000,300.000,275.000,-1,-1,-1,-1,725.000,675.000,-1,-1,2,0,2,0,2,0,0,0,0,2,2,2,2,0,0,2,2
176,6885.651,-2291.251,128.513,109.946,0,0.08000,-0.12000,4.800,-0.240,-1,400.000,-1,400.000,-1,325.000,325.000,300.000,275.000,-1,-1,-1,-1,725.000,675.000,-1,-1,2,0,2,0,2,0,0,0,0,2,2,2,2,0,0,2,2
177,6882.452,-2282.199,127.315,109.466,0,0.16000,-0.24000,9.600,-0.480,-1,400.000,-1,400.000,-1,325.000,325.000,300.000,275.000,-1,-1,-1,-1,700.000,675.000,-1,-1,2,0,2,0,2,0,0,0,0,2,2,2,2,0,0,2,2
178,6877.824,-2268.563,125.510,108.746,0,0.24000,-0.36000,14.400,-0.720,-1,400.000,-1,400.000,-1,325.000,325.000,300.000,275.000,-1,-1,-1,-1,700.000,675.000,-1,-1,2,0,2,0,2,0,0,0,0,2,2,2,2,0,0,2,2
179,6871.959,-2250.281,123.090,107.786,0,0.32000,-0.48000,19.200,-0.960,-1,400.000,-1,400.000,-1,325.000,325.000,300.000,275.000,-1,-1,-1,-1,700.000,650.000,-1,-1,2,0,2,0,2,0,0,0,0,2,2,2,2,0,0,2,2
180,6865.108,-2227.279,120.046,106.586,0,0.40000,-0.60000,24.000,-1.200,-1,400.000,-1,375.000,-1,325.000,325.000,300.000,275.000,-1,-1,-1,-1,675.000,650.000,-1,-1,2,0,2,0,2,0,0,0,0,2,2,2,2,0,0,2,2
181,6857.584,-2199.480,116.368,105.146,0,0.48000,-0.72000,28.800,-1.440,-1,400.000,-1,375.000,-1,325.000,325.000,300.000,275.000,-1,-1,-1,-1,675.000,650.000,-1,-1,2,0,2,0,2,0,0,0,0,2,2,2,2,0,0,2,2
182,6849.759,-2166.804,112.047,103.466,0,0.56000,-0.84000,33.600,-1.680,-1,375.000,-1,375.000,1000.000,325.000,325.000,300.000,275.000,-1,-1,-1,-1,650.000,650.000,-1,-1,2,0,2,0,0,0,0,0,0,2,2,2,2,0,0,2,2
183,6842.074,-2129.181,107.077,101.546,0,0.64000,-0.96000,38.400,-1.920,-1,375.000,-1,375.000,975.000,325.000,325.000,300.000,275.000,-1,-1,-1,-1,650.000,625.000,-1,-1,2,0,2,0,0,0,0,0,0,2,2,2,2,0,0,2,2
184,6834.909,-2086.579,101.451,99.546,0,0.72000,-1.00000,43.200,-2.000,975.000,375.000,-1,375.000,950.000,300.000,300.000,300.000,300.000,-1,-1,-1,-1,625.000,625.000,-1,1000.000,0,0,2,0,0,0,0,0,0,2,2,2,2,0,0,2,0
185,6828.606,-2038.994,95.170,97.546,0,0.80000,-1.00000,48.000,-2.000,925.000,375.000,-1,350.000,925.000,300.000,300.000,300.000,300.000,-1,-1,-1,-1,625.000,600.000,1000.000,950.000,0,0,2,0,0,0,0,0,0,2,2,2,2,0,0,0,0
186,6823.504,-1986.442,88.263,95.546,0,0.88000,-1.00000,52.800,-2.000,900.000,350.000,-1,350.000,900.000,300.000,300.000,300.000,300.000,-1,-1,-1,-1,600.000,600.000,950.000,925.000,0,0,2,0,0,0,0,0,0,2,2,2,2,0,0,0,0
187,6820.002,-1929.935,81.787,93.546,0,0.94358,-1.00000,56.615,-2.000,875.000,350.000,-1,350.000,925.000,300.000,300.000,300.000,300.000,-1,-1,-1,-1,600.000,600.000,925.000,950.000,0,0,2,0,0,0,0,0,0,2,2,2,2,0,0,0,0
188,6818.475,-1873.341,76.055,91.546,0,0.94358,-1.00000,56.615,-2.000,900.000,350.000,-1,350.000,1000.000,300.000,300.000,300.000,300.000,-1,700.000,-1,-1,600.000,625.000,950.000,1000.000,0,0,2,0,0,0,0,0,0,2,0,2,2,0,0,0,0
189,6818.924,-1816.728,70.319,89.546,0,0.94358,-1.00000,56.615,-2.000,925.000,350.000,-1,350.000,-1,300.000,300.000,325.000,300.000,-1,550.000,600.000,-1,625.000,625.000,1000.000,-1,0,0,2,0,2,0,0,0,0,2,0,0,2,0,0,0,2
190,6821.348,-1760.165,64.587,87.546,0,0.94358,-1.00000,56.615,-2.000,950.000,375.000,-1,375.000,-1,300.000,300.000,325.000,300.000,-1,475.000,500.000,-1,625.000,625.000,-1,-1,0,0,2,0,2,0,0,0,0,2,0,0,2,0,0,2,2
191,6825.745,-1703.721,58.867,85.546,0,0.94358,-1.00000,56.615,-2.000,1000.000,375.000,-1,375.000,-1,300.000,300.000,325.000,300.000,-1,400.000,425.000,-1,625.000,650.000,-1,-1,0,0,2,0,2,0,0,0,0,2,0,0,2,0,0,2,2
192,6832.109,-1647.465,53.167,83.546,0,0.94358,-1.00000,56.615,-2.000,-1,375.000,-1,375.000,-1,325.000,300.000,325.000,300.000,-1,350.000,375.000,-1,650.000,650.000,-1,-1,2,0,2,0,2,0,0,0,0,2,0,0,2,0,0,2,2
193,6840.433,-1591.466,47.497,81.546,0,0.94358,-1.00000,56.615,-2.000,-1,375.000,-1,375.000,-1,325.000,325.000,300.000,300.000,-1,325.000,350.000,-1,650.000,650.000,-1,-1,2,0,2,0,2,0,0,0,0,2,0,0,2,0,0,2,2
194,6849.744,-1539.789,42.270,79.786,0,0.87515,-0.88000,52.509,-1.760,-1,375.000,-1,375.000,-1,325.000,325.000,300.000,300.000,-1,275.000,300.000,-1,650.000,675.000,-1,-1,2,0,2,0,2,0,0,0,0,2,0,0,2,0,0,2,2
195,6860.423,-1488.377,37.083,78.266,0,0.87515,-0.76000,52.509,-1.520,-1,375.000,-1,375.000,-1,325.000,325.000,300.000,300.000,-1,275.000,275.000,-1,675.000,675.000,-1,-1,2,0,2,0,2,0,0,0,0,2,0,0,2,0,0,2,2
196,6872.248,-1437.217,31.941,76.986,0,0.87515,-0.64000,52.509,-1.280,-1,375.000,-1,375.000,-1,325.000,325.000,300.000,300.000,-1,250.000,275.000,-1,675.000,700.000,-1,-1,2,0,2,0,2,0,0,0,0,2,0,0,2,0,0,2,2
197,6884.999,-1386.280,26.973,75.946,0,0.87515,-0.52000,52.509,-1.040,-1,375.000,-1,375.000,-1,325.000,325.000,275.000,300.000,-1,250.000,250.000,-1,700.000,700.000,-1,-1,2,0,2,0,2,0,0,0,0,2,0,0,2,0,0,2,2
198,6898.460,-1335.526,22.890,75.146,0,0.87515,-0.40000,52.509,-0.800,-1,375.000,-1,375.000,-1,325.000,325.000,275.000,300.000,-1,275.000,275.000,-1,700.000,700.000,-1,-1,2,0,2,0,2,0,0,0,0,2,0,0,2,0,0,2,2
199,6912.417,-1284.905,18.925,74.586,0,0.87515,-0.28000,52.509,-0.560,-1,400.000,-1,375.000,-1,325.000,325.000,300.000,300.000,-1,300.000,300.000,-1,725.000,700.000,-1,-1,2,0,2,0,2,0,0,0,0,2,0,0,2,0,0,2,2
200,6926.656,-1234.364,15.348,74.266,0,0.87515,-0.16000,52.509,-0.320,-1,400.000,-1,375.000,-1,325.000,325.000,300.000,300.000,-1,325.000,325.000,-1,725.000,700.000,-1,-1,2,0,2,0,2,0,0,0,0,2,0,0,2,0,0,2,2
201,6940.966,-1183.842,12.182,74.186,0,0.87515,-0.04000,52.509,-0.080,-1,375.000,-1,375.000,-1,325.000,325.000,300.000,300.000,-1,375.000,375.000,-1,725.000,725.000,-1,-1,2,0,2,0,2,0,0,0,0,2,0,0,2,0,0,2,2
202,6955.134,-1133.281,9.019,74.346,0,0.87515,0.08000,52.509,0.160,-1,375.000,-1,375.000,-1,325.000,325.000,300.000,300.000,-1,425.000,425.000,-1,725.000,725.000,-1,-1,2,0,2,0,2,0,0,0,0,2,0,0,2,0,0,2,2
203,6968.951,-1082.622,5.834,74.744,0,0.87515,0.19920,52.509,0.398,-1,400.000,-1,375.000,-1,325.000,325.000,300.000,300.000,-1,475.000,475.000,-1,750.000,725.000,-1,-1,2,0,2,0,2,0,0,0,0,2,0,0,2,0,0,2,2
204,6982.424,-1031.833,2.616,75.143,0,0.87577,0.19966,52.546,0.399,-1,400.000,-1,375.000,-1,325.000,325.000,275.000,300.000,-1,500.000,500.000,-1,750.000,725.000,-1,-1,2,0,2,0,2,0,0,0,0,2,0,0,2,0,0,2,2
205,6995.605,-980.680,-0.648,75.550,0,0.88039,0.20318,52.823,0.406,-1,400.000,-1,375.000,-1,325.000,325.000,275.000,300.000,-1,550.000,550.000,-1,750.000,750.000,-1,-1,2,0,2,0,2,0,0,0,0,2,0,0,2,0,0,2,2
206,7007.234,-933.351,-3.682,76.196,0,0.81228,0.32318,48.737,0.646,-1,400.000,-1,400.000,-1,325.000,325.000,275.000,300.000,-1,575.000,575.000,-1,750.000,750.000,-1,-1,2,0,2,0,2,0,0,0,0,2,0,0,2,0,0,2,2
207,7018.261,-885.618,-6.761,76.992,0,0.81650,0.39783,48.990,0.796,-1,400.000,-1,400.000,-1,325.000,325.000,275.000,300.000,-1,600.000,625.000,-1,775.000,750.000,-1,-1,2,0,2,0,2,0,0,0,0,2,0,0,2,0,0,2,2
208,7028.672,-837.487,-9.890,77.794,0,0.82074,0.40113,49.245,0.802,-1,400.000,-1,400.000,-1,325.000,325.000,275.000,300.000,-1,650.000,650.000,-1,775.000,750.000,-1,-1,2,0,2,0,2,0,0,0,0,2,0,0,2,0,0,2,2
209,7038.454,-788.962,-13.067,78.603,0,0.82501,0.40445,49.501,0.809,-1,400.000,-1,400.000,-1,325.000,325.000,275.000,300.000,-1,675.000,675.000,-1,775.000,750.000,-1,-1,2,0,2,0,2,0,0,0,0,2,0,0,2,0,0,2,2
210,7047.591,-740.050,-16.292,79.419,0,0.82930,0.40781,49.758,0.816,-1,400.000,-1,400.000,-1,325.000,325.000,275.000,300.000,-1,700.000,700.000,-1,800.000,775.000,-1,-1,2,0,2,0,2,0,0,0,0,2,0,0,2,0,0,2,2
211,7056.069,-690.759,-19.457,80.241,0,0.83359,0.41119,50.015,0.822,1000.000,400.000,-1,400.000,-1,325.000,325.000,275.000,300.000,-1,725.000,725.000,-1,800.000,775.000,-1,-1,1,0,2,0,2,0,0,0,0,2,0,0,2,0,0,2,2
212,7063.873,-641.095,-22.701,81.070,0,0.83789,0.41461,50.273,0.829,950.000,400.000,-1,400.000,-1,325.000,325.000,275.000,300.000,-1,775.000,775.000,-1,800.000,775.000,-1,-1,1,0,2,0,2,0,0,0,0,2,0,0,2,0,0,2,2
213,7070.987,-591.066,-25.817,81.906,0,0.84219,0.41808,50.532,0.836,925.000,400.000,-1,400.000,-1,325.000,325.000,275.000,300.000,-1,825.000,825.000,-1,800.000,775.000,-1,-1,1,0,2,0,2,0,0,0,0,2,0,0,2,1,0,2,2
214,7077.397,-540.683,-28.926,82.750,0,0.84650,0.42159,50.790,0.843,875.000,400.000,-1,400.000,-1,325.000,325.000,275.000,300.000,-1,900.000,875.000,-1,800.000,750.000,-1,-1,1,0,2,0,2,0,0,0,0,2,0,0,2,1,0,2,2
215,7083.087,-489.954,-32.075,83.600,0,0.85079,0.42516,51.047,0.850,825.000,400.000,-1,400.000,-1,325.000,325.000,275.000,300.000,-1,950.000,925.000,-1,800.000,750.000,-1,-1,1,0,2,0,2,0,0,0,0,2,0,0,2,1,0,2,2
216,7088.042,-438.889,-35.263,84.457,0,0.85507,0.42879,51.304,0.858,775.000,400.000,-1,400.000,-1,325.000,325.000,275.000,300.000,-1,-1,975.000,-1,775.000,750.000,975.000,-1,1,0,2,0,2,0,0,0,0,2,2,0,2,1,0,1,2
217,7092.247,-387.502,-38.488,85.322,0,0.85932,0.43249,51.559,0.865,750.000,400.000,-1,400.000,-1,325.000,325.000,275.000,300.000,-1,-1,-1,-1,775.000,750.000,925.000,-1,1,0,2,0,2,0,0,0,0,2,2,2,2,1,0,1,2
218,7095.685,-335.803,-41.750,86.195,0,0.86354,0.43627,51.813,0.873,700.000,400.000,-1,400.000,-1,325.000,325.000,275.000,300.000,-1,-1,-1,-1,750.000,750.000,875.000,-1,1,0,2,0,2,0,0,0,0,2,2,2,2,1,0,1,2
219,7098.342,-283.808,-45.048,87.075,0,0.86773,0.44014,52.064,0.880,650.000,400.000,-1,400.000,-1,325.000,325.000,275.000,300.000,-1,-1,-1,-1,725.000,750.000,800.000,-1,1,0,2,0,2,0,0,0,0,2,2,2,2,1,0,1,2
220,7100.201,-231.529,-48.380,87.963,0,0.87186,0.44412,52.312,0.888,625.000,400.000,-1,400.000,-1,325.000,325.000,275.000,300.000,-1,-1,-1,-1,725.000,750.000,750.000,-1,1,0,2,0,2,0,0,0,0,2,2,2,2,1,0,1,2
221,7101.247,-178.984,-51.745,88.860,0,0.87593,0.44821,52.556,0.896,575.000,400.000,-1,400.000,-1,325.000,325.000,275.000,300.000,-1,-1,-1,-1,700.000,750.000,700.000,-1,1,0,2,0,2,0,0,0,0,2,2,2,2,1,0,1,2
222,7101.463,-126.189,-55.141,89.765,0,0.87991,0.45243,52.795,0.905,525.000,400.000,-1,400.000,-1,325.000,325.000,275.000,300.000,-1,-1,-1,-1,675.000,750.000,650.000,-1,1,0,2,0,2,0,0,0,0,2,2,2,2,1,0,1,2
223,7100.835,-73.165,-58.567,90.678,0,0.88381,0.45679,53.029,0.914,500.000,425.000,-1,400.000,-1,325.000,325.000,275.000,300.000,-1,-1,-1,-1,650.000,750.000,600.000,-1,1,1,2,0,2,0,0,0,0,2,2,2,2,1,0,1,2
224,7099.348,-19.930,-62.021,91.601,0,0.88759,0.46132,53.256,0.923,450.000,400.000,-1,400.000,-1,325.000,325.000,275.000,300.000,-1,-1,-1,-1,625.000,750.000,550.000,-1,1,1,2,0,2,0,0,0,0,2,2,2,2,1,0,1,2
225,7096.984,33.493,-65.486,92.533,0,0.89124,0.46603,53.475,0.932,425.000,400.000,-1,400.000,-1,325.000,325.000,275.000,300.000,-1,-1,-1,-1,600.000,750.000,500.000,-1,1,1,2,0,2,0,0,0,0,2,2,2,2,1,0,1,2
226,7093.730,87.078,-68.754,93.475,0,0.89474,0.47095,53.684,0.942,375.000,400.000,-1,400.000,-1,350.000,325.000,275.000,300.000,-1,-1,-1,-1,600.000,750.000,475.000,-1,1,1,2,0,2,0,0,0,0,2,2,2,2,1,0,1,2
227,7089.136,143.481,-72.077,94.657,0,0.94316,0.59095,56.590,1.182,350.000,400.000,-1,400.000,-1,350.000,350.000,300.000,300.000,-1,-1,-1,-1,575.000,775.000,425.000,-1,1,1,2,0,2,0,0,0,0,2,2,2,2,1,0,1,2
228,7083.121,199.964,-75.249,96.079,0,0.94671,0.71095,56.803,1.422,325.000,375.000,-1,425.000,-1,350.000,350.000,300.000,300.000,-1,-1,-1,-1,550.000,775.000,400.000,-1,1,1,2,0,2,0,0,0,0,2,2,2,2,1,0,1,2
229,7075.440,256.470,-78.230,97.741,0,0.95042,0.83095,57.025,1.662,300.000,375.000,-1,425.000,-1,375.000,350.000,300.000,275.000,-1,-1,-1,-1,525.000,800.000,350.000,-1,1,1,2,0,2,0,0,0,0,2,2,2,2,1,0,1,2
230,7065.849,312.923,-80.981,99.643,0,0.95435,0.95095,57.261,1.902,275.000,350.000,-1,425.000,-1,375.000,375.000,325.000,275.000,-1,1000.000,700.000,-1,500.000,825.000,325.000,-1,1,1,2,0,2,1,0,0,0,2,0,0,2,1,0,1,2
231,7054.300,369.264,-83.485,101.584,0,0.95854,0.97073,57.513,1.941,250.000,350.000,-1,450.000,-1,375.000,375.000,325.000,275.000,-1,700.000,450.000,-1,475.000,850.000,300.000,-1,1,1,2,0,2,1,0,0,0,2,0,0,2,1,0,1,2
232,7040.783,425.419,-85.715,103.534,0,0.96265,0.97520,57.759,1.950,225.000,325.000,-1,450.000,-1,350.000,400.000,350.000,275.000,-1,525.000,325.000,975.000,450.000,900.000,275.000,-1,1,1,2,0,2,1,0,0,0,2,0,0,0,1,0,1,2
233,7025.290,481.305,-87.650,105.494,0,0.96657,0.97997,57.994,1.960,225.000,325.000,-1,475.000,-1,325.000,425.000,350.000,250.000,-1,425.000,225.000,800.000,450.000,925.000,250.000,-1,1,1,2,0,2,1,0,1,0,2,0,0,0,1,0,1,2
234,7007.819,536.836,-89.268,107.465,0,0.97025,0.98509,58.215,1.970,200.000,300.000,-1,500.000,-1,325.000,425.000,350.000,250.000,-1,375.000,175.000,650.000,425.000,950.000,225.000,-1,1,1,2,0,2,1,1,1,0,2,0,0,0,1,0,1,2
235,6988.092,593.500,-90.603,109.195,0,1.00000,0.86509,60.000,1.730,175.000,300.000,-1,525.000,-1,300.000,400.000,375.000,250.000,-1,325.000,125.000,525.000,425.000,975.000,200.000,-1,1,1,2,0,2,1,1,1,0,2,0,0,0,1,0,1,2
236,6966.898,649.633,-91.339,110.685,0,1.00000,0.74509,60.000,1.490,175.000,300.000,-1,550.000,-1,300.000,375.000,375.000,250.000,-1,275.000,100.000,450.000,425.000,-1,175.000,-1,1,1,2,0,2,1,1,1,0,2,0,0,0,1,2,1,2
237,6944.485,705.289,-91.685,111.935,0,1.00000,0.62509,60.000,1.250,150.000,300.000,-1,550.000,-1,300.000,375.000,375.000,225.000,-1,250.000,75.000,375.000,425.000,-1,175.000,-1,1,1,2,1,2,1,1,1,0,2,0,0,0,1,2,1,2
238,6920.970,760.489,-91.345,113.074,0,1.00000,0.56923,60.000,1.138,150.000,300.000,-1,550.000,-1,300.000,375.000,375.000,225.000,-1,250.000,50.000,300.000,425.000,-1,175.000,-1,1,1,2,1,2,1,1,1,0,2,0,0,0,1,2,1,2
239,5575.424,-6887.288,371.754,-3.912,1,0.00000,0.00000,60.000,1.163,-1,400.000,-1,400.000,-1,300.000,325.000,325.000,325.000,-1,-1,-1,-1,850.000,850.000,-1,-1,2,0,2,0,2,0,0,0,0,2,2,2,2,0,0,2,2
240,5580.214,-6887.596,371.816,-3.672,0,0.08000,0.12000,4.800,0.240,-1,400.000,-1,400.000,-1,300.000,325.000,325.000,325.000,-1,-1,-1,-1,850.000,850.000,-1,-1,2,0,2,0,2,0,0,0,0,2,2,2,2,0,0,2,2
241,5589.799,-6888.130,371.944,-3.192,0,0.16000,0.24000,9.600,0.480,-1,400.000,-1,400.000,-1,300.000,325.000,325.000,325.000,-1,-1,-1,-1,850.000,850.000,-1,-1,2,0,2,0,2,0,0,0,0,2,2,2,2,0,0,2,2
242,5604.183,-6888.803,372.148,-2.680,0,0.24000,0.25588,14.400,0.512,-1,400.000,-1,400.000,-1,300.000,325.000,325.000,325.000,-1,-1,-1,-1,850.000,850.000,-1,-1,2,0,2,0,2,0,0,0,0,2,2,2,2,0,0,2,2
243,5623.369,-6889.530,372.433,-2.168,0,0.32000,0.25588,19.200,0.512,-1,400.000,-1,400.000,-1,300.000,325.000,325.000,325.000,-1,-1,-1,-1,850.000,850.000,-1,-1,2,0,2,0,2,0,0,0,0,2,2,2,2,0,0,2,2
244,5647.359,-6890.223,372.802,-1.656,0,0.40000,0.25588,24.000,0.512,-1,400.000,-1,400.000,-1,325.000,325.000,325.000,325.000,-1,-1,-1,-1,850.000,850.000,-1,-1,2,0,2,0,2,0,0,0,0,2,2,2,2,0,0,2,2
245,5676.154,-6890.799,373.261,-1.145,0,0.48000,0.25588,28.800,0.512,-1,400.000,-1,400.000,-1,325.000,325.000,325.000,325.000,-1,-1,-1,-1,850.000,850.000,-1,-1,2,0,2,0,2,0,0,0,0,2,2,2,2,0,0,2,2
246,5707.383,-6891.144,373.774,-0.633,0,0.52052,0.25588,31.231,0.512,-1,400.000,-1,400.000,-1,325.000,325.000,325.000,325.000,-1,-1,-1,-1,850.000,850.000,-1,-1,2,0,2,0,2,0,0,0,0,2,2,2,2,0,0,2,2
247,5738.614,-6891.210,374.303,-0.121,0,0.52052,0.25588,31.231,0.512,-1,400.000,-1,400.000,-1,325.000,325.000,325.000,325.000,-1,-1,-1,-1,825.000,825.000,-1,-1,2,0,2,0,2,0,0,0,0,2,2,2,2,0,0,2,2
248,5769.845,-6890.997,374.847,0.391,0,0.52052,0.25588,31.231,0.512,-1,400.000,-1,400.000,-1,325.000,325.000,325.000,325.000,-1,-1,-1,-1,825.000,825.000,-1,-1,2,0,2,0,2,0,0,0,0,2,2,2,2,0,0,2,2
249,5801.072,-6890.505,375.405,0.902,0,0.52052,0.25588,31.231,0.512,-1,400.000,-1,400.000,-1,325.000,325.000,325.000,325.000,-1,-1,-1,-1,825.000,825.000,-1,-1,2,0,2,0,2,0,0,0,0,2,2,2,2,0,0,2,2
250,5832.294,-6889.734,375.979,1.414,0,0.52052,0.25588,31.231,0.512,-1,400.000,-1,400.000,-1,325.000,325.000,325.000,325.000,-1,-1,-1,-1,825.000,825.000,-1,-1,2,0,2,0,2,0,0,0,0,2,2,2,2,0,0,2,2
251,5863.508,-6888.685,376.567,1.926,0,0.52052,0.25588,31.231,0.512,-1,400.000,-1,400.000,-1,325.000,325.000,325.000,325.000,-1,-1,-1,-1,825.000,825.000,-1,-1,2,0,2,0,2,0,0,0,0,2,2,2,2,0,0,2,2
252,5894.711,-6887.357,377.116,2.438,0,0.52052,0.25588,31.231,0.512,-1,400.000,-1,400.000,-1,325.000,325.000,325.000,325.000,-1,-1,-1,-1,825.000,825.000,-1,-1,2,0,2,0,2,0,0,0,0,2,2,2,2,0,0,2,2
253,5925.900,-6885.750,377.323,2.949,0,0.52052,0.25588,31.231,0.512,-1,400.000,-1,400.000,-1,325.000,325.000,325.000,325.000,-1,-1,-1,-1,825.000,825.000,-1,-1,2,0,2,0,2,0,0,0,0,2,2,2,2,0,0,2,2
254,5957.075,-6883.864,377.435,3.461,0,0.52052,0.25588,31.231,0.512,-1,400.000,-1,400.000,-1,325.000,300.000,325.000,325.000,-1,-1,-1,-1,825.000,825.000,-1,-1,2,0,2,0,2,0,0,0,0,2,2,2,2,0,0,2,2
255,5988.231,-6881.700,377.563,3.973,0,0.52052,0.25588,31.231,0.512,-1,400.000,-1,400.000,-1,325.000,300.000,325.000,325.000,-1,-1,-1,-1,825.000,825.000,-1,-1,2,0,2,0,2,0,0,0,0,2,2,2,2,0,0,2,2
256,6019.367,-6879.258,377.708,4.485,0,0.52052,0.25588,31.231,0.512,-1,400.000,-1,400.000,-1,325.000,300.000,325.000,325.000,-1,-1,-1,-1,825.000,825.000,-1,-1,2,0,2,0,2,0,0,0,0,2,2,2,2,0,0,2,2
257,6050.479,-6876.538,377.869,4.996,0,0.52052,0.25588,31.231,0.512,-1,400.000,-1,400.000,-1,325.000,300.000,325.000,325.000,-1,-1,-1,-1,800.000,825.000,-1,-1,2,0,2,0,2,0,0,0,0,2,2,2,2,0,0,2,2
258,6081.566,-6873.541,378.046,5.508,0,0.52052,0.25588,31.231,0.512,-1,400.000,-1,400.000,-1,325.000,300.000,325.000,325.000,-1,-1,-1,-1,800.000,800.000,-1,-1,2,0,2,0,2,0,0,0,0,2,2,2,2,0,0,2,2
259,6112.625,-6870.265,378.238,6.020,0,0.52052,0.25588,31.231,0.512,-1,400.000,-1,400.000,-1,325.000,300.000,325.000,325.000,-1,-1,-1,-1,800.000,800.000,-1,-1,2,0,2,0,2,0,0,0,0,2,2,2,2,0,0,2,2
260,6143.654,-6866.713,378.447,6.532,0,0.52052,0.25588,31.231,0.512,-1,400.000,-1,400.000,-1,325.000,300.000,325.000,325.000,-1,-1,-1,-1,800.000,800.000,-1,-1,2,0,2,0,2,0,0,0,0,2,2,2,2,0,0,2,2
261,6174.649,-6862.883,378.672,7.043,0,0.52052,0.25588,31.231,0.512,-1,400.000,-1,400.000,-1,325.000,300.000,325.000,325.000,-1,-1,-1,-1,800.000,800.000,-1,-1,2,0,2,0,2,0,0,0,0,2,2,2,2,0,0,2,2
262,6205.609,-6858.777,378.912,7.555,0,0.52052,0.25588,31.231,0.512,-1,400.000,-1,400.000,-1,325.000,300.000,325.000,325.000,-1,-1,-1,-1,800.000,800.000,-1,-1,2,0,2,0,2,0,0,0,0,2,2,2,2,0,0,2,2
263,6241.305,-6853.870,379.193,7.827,0,0.60052,0.13588,36.031,0.272,-1,400.000,-1,400.000,-1,325.000,300.000,325.000,325.000,-1,-1,-1,-1,800.000,800.000,-1,-1,2,0,2,0,2,0,0,0,0,2,2,2,2,0,0,2,2
264,6281.753,-6848.287,379.508,7.859,0,0.68052,0.01588,40.831,0.032,-1,400.000,-1,400.000,-1,325.000,300.000,325.000,325.000,-1,-1,-1,-1,800.000,800.000,-1,-1,2,0,2,0,2,0,0,0,0,2,2,2,2,0,0,2,2
265,6326.483,-6842.279,379.840,7.650,0,0.75220,-0.10412,45.132,-0.208,-1,400.000,-1,400.000,-1,325.000,300.000,325.000,325.000,-1,-1,-1,-1,775.000,800.000,-1,-1,2,0,2,0,2,0,0,0,0,2,2,2,2,0,0,2,2
266,6371.260,-6836.620,380.147,7.202,0,0.75220,-0.22412,45.132,-0.448,-1,400.000,-1,400.000,-1,325.000,300.000,325.000,325.000,-1,-1,-1,-1,775.000,800.000,-1,-1,2,0,2,0,2,0,0,0,0,2,2,2,2,0,0,2,2
267,6416.101,-6831.500,380.419,6.514,0,0.75220,-0.34412,45.132,-0.688,-1,400.000,-1,400.000,-1,325.000,300.000,325.000,325.000,-1,-1,-1,-1,775.000,800.000,-1,-1,2,0,2,0,2,0,0,0,0,2,2,2,2,0,0,2,2
268,6461.018,-6827.107,380.645,5.586,0,0.75220,-0.46412,45.132,-0.928,-1,400.000,-1,400.000,-1,325.000,300.000,325.000,325.000,-1,-1,-1,-1,775.000,800.000,-1,-1,2,0,2,0,2,0,0,0,0,2,2,2,2,0,0,2,2
269,6506.017,-6823.631,380.818,4.417,0,0.75220,-0.58412,45.132,-1.168,-1,400.000,-1,400.000,-1,325.000,300.000,325.000,325.000,-1,-1,-1,-1,750.000,800.000,-1,-1,2,0,2,0,2,0,0,0,0,2,2,2,2,0,0,2,2
270,6551.087,-6821.262,380.876,3.009,0,0.75220,-0.70412,45.132,-1.408,-1,400.000,-1,400.000,-1,325.000,300.000,325.000,325.000,-1,-1,-1,-1,750.000,825.000,-1,-1,2,0,2,0,2,0,0,0,0,2,2,2,2,0,0,2,2
271,6596.206,-6820.190,380.643,1.361,0,0.75220,-0.82412,45.132,-1.648,-1,400.000,-1,400.000,-1,325.000,300.000,325.000,325.000,-1,-1,-1,-1,750.000,825.000,-1,-1,2,0,2,0,2,0,0,0,0,2,2,2,2,0,0,2,2
272,6641.337,-6820.605,380.313,-0.527,0,0.75220,-0.94412,45.132,-1.888,-1,400.000,-1,400.000,-1,325.000,325.000,325.000,325.000,-1,-1,-1,-1,750.000,825.000,-1,-1,2,0,2,0,2,0,0,0,0,2,2,2,2,0,0,2,2
273,6686.425,-6822.595,379.903,-2.527,0,0.75220,-1.00000,45.132,-2.000,-1,375.000,-1,400.000,-1,325.000,325.000,325.000,325.000,-1,-1,-1,-1,750.000,825.000,-1,-1,2,0,2,0,2,0,0,0,0,2,2,2,2,0,0,2,2
274,6731.416,-6826.158,379.410,-4.527,0,0.75220,-1.00000,45.132,-2.000,-1,375.000,-1,400.000,-1,300.000,325.000,325.000,325.000,-1,-1,-1,-1,750.000,825.000,-1,-1,2,0,2,0,2,0,0,0,0,2,2,2,2,0,0,2,2
275,6776.256,-6831.288,378.832,-6.527,0,0.75220,-1.00000,45.132,-2.000,-1,375.000,-1,400.000,-1,300.000,325.000,325.000,325.000,-1,-1,-1,-1,750.000,850.000,-1,-1,2,0,2,0,2,0,0,0,0,2,2,2,2,0,0,2,2
276,6820.890,-6837.981,378.168,-8.527,0,0.75220,-1.00000,45.132,-2.000,-1,375.000,-1,400.000,-1,300.000,325.000,325.000,325.000,-1,-1,-1,-1,725.000,850.000,-1,-1,2,0,2,0,2,0,0,0,0,2,2,2,2,0,0,2,2
277,6870.015,-6846.922,377.337,-10.315,0,0.83220,-0.89402,49.932,-1.788,-1,375.000,-1,400.000,-1,300.000,325.000,325.000,325.000,-1,-1,-1,-1,725.000,850.000,-1,-1,2,0,2,0,2,0,0,0,0,2,2,2,2,0,0,2,2
278,6920.280,-6857.701,376.385,-12.103,0,0.85680,-0.89402,51.408,-1.788,-1,375.000,-1,400.000,-1,300.000,325.000,325.000,325.000,-1,-1,-1,-1,725.000,850.000,-1,-1,2,0,2,0,2,0,0,0,0,2,2,2,2,0,0,2,2
279,6970.185,-6870.043,375.336,-13.891,0,0.85680,-0.89402,51.408,-1.788,-1,375.000,-1,400.000,-1,325.000,325.000,325.000,325.000,-1,-1,-1,-1,725.000,850.000,-1,-1,2,0,2,0,2,0,0,0,0,2,2,2,2,0,0,2,2
280,7019.680,-6883.936,374.188,-15.679,0,0.85680,-0.89402,51.408,-1.788,-1,375.000,-1,400.000,-1,325.000,325.000,325.000,325.000,-1,-1,-1,-1,725.000,850.000,-1,-1,2,0,2,0,2,0,0,0,0,2,2,2,2,0,0,2,2
281,7068.717,-6899.367,372.941,-17.467,0,0.85680,-0.89402,51.408,-1.788,-1,375.000,-1,400.000,-1,325.000,325.000,325.000,325.000,-1,-1,-1,-1,725.000,850.000,-1,-1,2,0,2,0,2,0,0,0,0,2,2,2,2,0,0,2,2
282,7117.249,-6916.321,371.588,-19.256,0,0.85680,-0.89402,51.408,-1.788,-1,375.000,-1,400.000,-1,325.000,325.000,325.000,325.000,-1,-1,-1,-1,725.000,850.000,-1,-1,2,0,2,0,2,0,0,0,0,2,2,2,2,0,0,2,2
283,7165.229,-6934.780,370.145,-21.044,0,0.85680,-0.89402,51.408,-1.788,-1,375.000,-1,400.000,-1,325.000,325.000,325.000,325.000,-1,-1,-1,-1,750.000,850.000,-1,-1,2,0,2,0,2,0,0,0,0,2,2,2,2,0,0,2,2
284,7212.609,-6954.728,368.630,-22.832,0,0.85680,-0.89402,51.408,-1.788,-1,375.000,-1,425.000,-1,325.000,325.000,325.000,325.000,-1,-1,-1,-1,750.000,850.000,-1,-1,2,0,2,0,2,0,0,0,0,2,2,2,2,0,0,2,2
285,7259.344,-6976.144,367.008,-24.620,0,0.85680,-0.89402,51.408,-1.788,-1,400.000,-1,425.000,-1,325.000,325.000,325.000,325.000,-1,-1,-1,-1,750.000,850.000,-1,-1,2,0,2,0,2,0,0,0,0,2,2,2,2,0,0,2,2
286,7305.388,-6999.008,365.105,-26.408,0,0.85680,-0.89402,51.408,-1.788,-1,400.000,-1,425.000,-1,325.000,325.000,325.000,325.000,-1,-1,-1,-1,750.000,850.000,-1,-1,2,0,2,0,2,0,0,0,0,2,2,2,2,0,0,2,2
287,7350.696,-7023.297,362.853,-28.196,0,0.85680,-0.89402,51.408,-1.788,-1,400.000,-1,400.000,-1,325.000,325.000,325.000,300.000,-1,-1,-1,-1,750.000,850.000,-1,-1,2,0,2,0,2,0,0,0,0,2,2,2,2,0,0,2,2
288,7395.223,-7048.989,360.503,-29.984,0,0.85680,-0.89402,51.408,-1.788,-1,400.000,-1,400.000,-1,325.000,325.000,300.000,300.000,-1,-1,-1,-1,750.000,850.000,-1,-1,2,0,2,0,2,0,0,0,0,2,2,2,2,0,0,2,2
289,7438.928,-7076.057,358.068,-31.772,0,0.85680,-0.89402,51.408,-1.788,-1,400.000,-1,400.000,-1,325.000,325.000,300.000,300.000,-1,-1,-1,-1,750.000,850.000,-1,-1,2,0,2,0,2,0,0,0,0,2,2,2,2,0,0,2,2
290,7481.767,-7104.476,355.518,-33.560,0,0.85680,-0.89402,51.408,-1.788,-1,400.000,-1,400.000,-1,325.000,325.000,300.000,300.000,-1,-1,-1,-1,750.000,850.000,-1,-1,2,0,2,0,2,0,0,0,0,2,2,2,2,0,0,2,2
291,7523.698,-7134.217,352.856,-35.348,0,0.85680,-0.89402,51.408,-1.788,-1,400.000,-1,400.000,-1,325.000,325.000,300.000,300.000,-1,-1,-1,-1,750.000,825.000,-1,-1,2,0,2,0,2,0,0,0,0,2,2,2,2,0,0,2,2
292,7564.681,-7165.253,350.080,-37.136,0,0.85680,-0.89402,51.408,-1.788,-1,400.000,-1,400.000,-1,325.000,325.000,300.000,300.000,-1,-1,-1,-1,750.000,825.000,-1,-1,2,0,2,0,2,0,0,0,0,2,2,2,2,0,0,2,2
293,7604.676,-7197.552,347.189,-38.924,0,0.85680,-0.89402,51.408,-1.788,-1,400.000,-1,400.000,-1,325.000,325.000,300.000,300.000,-1,-1,-1,-1,750.000,825.000,-1,-1,2,0,2,0,2,0,0,0,0,2,2,2,2,0,0,2,2
294,7643.643,-7231.083,344.223,-40.712,0,0.85680,-0.89402,51.408,-1.788,-1,400.000,-1,400.000,-1,325.000,325.000,300.000,300.000,-1,-1,-1,-1,750.000,825.000,-1,-1,2,0,2,0,2,0,0,0,0,2,2,2,2,0,0,2,2
295,7683.614,-7267.403,341.026,-42.260,0,0.90014,-0.77402,54.008,-1.548,-1,400.000,-1,400.000,-1,325.000,325.000,300.000,300.000,-1,-1,-1,-1,750.000,800.000,-1,-1,2,0,2,0,2,0,0,0,0,2,2,2,2,0,0,2,2
296,7722.747,-7304.627,337.726,-43.568,0,0.90014,-0.65402,54.008,-1.308,-1,400.000,-1,400.000,-1,325.000,325.000,300.000,300.000,-1,-1,-1,-1,750.000,800.000,-1,-1,2,0,2,0,2,0,0,0,0,2,2,2,2,0,0,2,2
297,7761.178,-7342.573,334.015,-44.636,0,0.90014,-0.53402,54.008,-1.068,-1,400.000,-1,400.000,-1,325.000,325.000,300.000,300.000,-1,-1,-1,-1,750.000,800.000,-1,-1,2,0,2,0,2,0,0,0,0,2,2,2,2,0,0,2,2
298,7799.057,-7381.071,330.290,-45.464,0,0.90014,-0.41402,54.008,-0.828,-1,400.000,-1,400.000,-1,325.000,325.000,300.000,300.000,-1,-1,-1,-1,750.000,775.000,-1,-1,2,0,2,0,2,0,0,0,0,2,2,2,2,0,0,2,2
299,7836.539,-7419.956,326.556,-46.052,0,0.90014,-0.29402,54.008,-0.588,-1,400.000,-1,400.000,-1,325.000,325.000,300.000,300.000,-1,-1,-1,-1,750.000,775.000,-1,-1,2,0,2,0,2,0,0,0,0,2,2,2,2,0,0,2,2
