timestep,x_cm,y_cm,z_cm,yaw_deg,teleport_flag,throttle_cmd,steering_cmd,cmd_move_cm,cmd_turn_deg,lidar_cm_0,lidar_cm_1,lidar_cm_2,lidar_cm_3,lidar_cm_4,lidar_cm_5,lidar_cm_6,lidar_cm_7,lidar_cm_8,lidar_cm_9,lidar_cm_10,lidar_cm_11,lidar_cm_12,lidar_cm_13,lidar_cm_14,lidar_cm_15,lidar_cm_16,lidar_class_0,lidar_class_1,lidar_class_2,lidar_class_3,lidar_class_4,lidar_class_5,lidar_class_6,lidar_class_7,lidar_class_8,lidar_class_9,lidar_class_10,lidar_class_11,lidar_class_12,lidar_class_13,lidar_class_14,lidar_class_15,lidar_class_16
0,346.724,-17304.928,53.907,46.299,1,0.08000,-0.01303,9.600,-0.117,-1,400.000,-1,400.000,-1,325.000,325.000,375.000,300.000,-1,-1,-1,-1,700.000,700.000,-1,-1,2,0,2,0,2,0,0,0,0,2,2,2,2,0,0,2,2
2,380.001,-17270.335,48.353,46.065,0,0.24000,-0.01303,28.800,-0.117,-1,400.000,-1,400.000,-1,325.000,325.000,350.000,300.000,-1,-1,-1,-1,700.000,700.000,-1,-1,2,0,2,0,2,0,0,0,0,2,2,2,2,0,0,2,2
4,440.147,-17208.307,38.324,45.830,0,0.40000,-0.01303,48.000,-0.117,-1,375.000,-1,400.000,-1,325.000,325.000,350.000,300.000,-1,-1,-1,-1,675.000,675.000,-1,-1,2,0,2,0,2,0,0,0,0,2,2,2,2,0,0,2,2
6,527.387,-17119.066,23.775,45.596,0,0.56000,-0.01303,67.200,-0.117,-1,375.000,-1,375.000,-1,300.000,325.000,325.000,300.000,-1,-1,-1,-1,625.000,650.000,-1,-1,2,0,2,0,2,0,0,0,0,2,2,2,2,0,0,2,2
8,641.946,-17002.831,4.651,45.361,0,0.72000,-0.01303,86.400,-0.117,-1,350.000,-1,350.000,-1,300.000,300.000,325.000,300.000,-1,-1,-1,-1,600.000,625.000,-1,-1,2,0,2,0,2,0,0,0,0,2,2,2,2,0,0,2,2
10,770.860,-16873.081,-16.910,45.127,0,0.76210,-0.01303,91.452,-0.117,-1,325.000,-1,325.000,900.000,275.000,275.000,300.000,275.000,-1,-1,-1,-1,550.000,575.000,-1,925.000,2,0,2,0,0,0,0,0,0,2,2,2,2,0,0,2,0
12,900.303,-16743.860,-38.604,44.892,0,0.76210,-0.01303,91.452,-0.117,-1,300.000,-1,300.000,725.000,250.000,250.000,300.000,275.000,-1,-1,-1,-1,525.000,550.000,-1,750.000,2,0,2,0,0,0,0,0,0,2,2,2,2,0,0,2,0
14,1030.275,-16615.170,-52.195,44.658,0,0.76210,-0.01303,91.452,-0.117,-1,450.000,-1,425.000,-1,350.000,350.000,325.000,275.000,-1,0.000,0.000,-1,-1,850.000,-1,-1,2,0,2,0,2,0,0,0,0,2,0,0,2,2,0,2,2
16,1160.772,-16487.013,-62.820,44.423,0,0.76210,-0.01303,91.452,-0.117,-1,450.000,-1,400.000,-1,350.000,350.000,300.000,275.000,-1,250.000,225.000,-1,1000.000,775.000,-1,-1,2,0,2,0,2,0,0,0,0,2,0,0,2,0,0,2,2
18,1285.936,-16355.545,-75.116,47.429,0,0.75645,0.22697,90.775,2.043,-1,475.000,-1,400.000,-1,375.000,350.000,300.000,275.000,-1,575.000,550.000,-1,875.000,725.000,-1,-1,2,0,2,0,2,0,0,0,0,2,0,0,2,0,0,2,2
20,1396.371,-16211.581,-88.352,54.465,0,0.75645,0.43485,90.775,3.914,-1,475.000,-1,375.000,-1,375.000,325.000,300.000,275.000,-1,-1,-1,-1,800.000,675.000,-1,-1,2,0,2,0,2,0,0,0,0,2,2,2,2,0,0,2,2
22,1487.525,-16050.873,-102.698,62.425,0,0.77531,0.44447,93.037,4.000,800.000,400.000,-1,325.000,600.000,325.000,300.000,275.000,275.000,-1,-1,-1,-1,600.000,550.000,750.000,625.000,0,0,2,0,0,0,0,0,0,2,2,2,2,0,0,0,0
24,1557.147,-15874.146,-122.160,70.510,0,0.79774,0.45032,95.729,4.053,650.000,325.000,925.000,300.000,375.000,275.000,275.000,300.000,225.000,-1,-1,-1,-1,500.000,450.000,575.000,425.000,0,0,1,0,0,0,0,0,0,2,2,2,2,0,0,0,0
26,1602.473,-15683.620,-140.853,78.632,0,0.82300,0.45108,98.760,4.060,550.000,275.000,700.000,250.000,200.000,225.000,225.000,300.000,200.000,-1,-1,-1,-1,425.000,350.000,450.000,200.000,0,0,1,0,0,0,0,0,0,2,2,2,2,0,0,0,0
28,1621.175,-15482.215,-157.612,86.683,0,0.85019,0.44542,102.023,4.009,525.000,225.000,500.000,175.000,0.000,200.000,175.000,300.000,175.000,-1,-1,-1,-1,350.000,275.000,350.000,0.000,1,0,1,0,0,0,0,0,0,2,2,2,2,0,0,0,0
30,1611.708,-15273.536,-151.982,94.524,0,0.87773,0.43159,105.327,3.884,825.000,350.000,650.000,300.000,475.000,300.000,275.000,300.000,200.000,600.000,0.000,0.000,275.000,475.000,425.000,600.000,425.000,1,1,1,1,1,1,1,0,0,0,0,0,0,1,1,1,1
32,1573.778,-15061.785,-134.687,101.974,0,0.90278,0.40696,108.334,3.663,525.000,250.000,450.000,200.000,200.000,200.000,200.000,300.000,225.000,650.000,125.000,125.000,650.000,350.000,275.000,400.000,200.000,1,1,1,1,1,1,1,0,0,0,0,0,0,1,1,1,1
34,-18155.809,18190.977,-334.564,141.316,1,0.00000,0.00000,89.134,1.503,-1,375.000,-1,375.000,-1,325.000,325.000,275.000,275.000,900.000,0.000,0.000,675.000,625.000,675.000,-1,-1,2,0,2,0,2,0,0,0,0,0,0,0,0,0,0,2,2
36,-18177.473,18209.946,-333.996,138.076,0,0.16000,-0.24000,19.200,-2.160,-1,375.000,-1,375.000,-1,325.000,325.000,275.000,275.000,925.000,25.000,0.000,700.000,625.000,675.000,900.000,-1,2,0,2,0,2,0,0,0,0,0,0,0,0,0,0,0,2
38,-18222.876,18259.433,-332.871,130.810,0,0.32000,-0.44727,38.400,-4.025,-1,375.000,-1,375.000,-1,325.000,325.000,275.000,275.000,900.000,125.000,75.000,725.000,600.000,650.000,800.000,-1,2,0,2,0,2,0,0,0,0,0,0,0,0,0,0,0,2
40,-18282.788,18346.314,-331.531,122.760,0,0.48000,-0.44727,57.600,-4.025,675.000,350.000,-1,350.000,-1,300.000,300.000,300.000,275.000,925.000,250.000,200.000,800.000,550.000,600.000,675.000,-1,0,0,2,0,2,0,0,0,0,0,0,0,0,0,0,0,2
42,-18347.197,18475.007,-330.334,114.709,0,0.64000,-0.44727,76.800,-4.025,525.000,325.000,-1,325.000,-1,300.000,275.000,275.000,275.000,-1,350.000,375.000,925.000,525.000,-1,550.000,-1,0,0,2,0,2,0,0,0,0,2,0,0,0,0,2,0,2
44,-18405.233,18647.810,-329.646,106.658,0,0.80000,-0.44727,96.000,-4.025,375.000,300.000,-1,300.000,-1,275.000,250.000,250.000,275.000,-1,500.000,550.000,-1,500.000,-1,425.000,-1,0,0,2,0,2,0,0,0,0,2,0,0,2,0,2,0,2
46,-18444.092,18855.049,-321.697,98.607,0,0.87909,-0.44727,105.491,-4.025,-1,-1,-1,-1,-1,-1,-1,250.000,300.000,-1,50.000,75.000,900.000,-1,-1,-1,-1,2,2,2,2,2,2,2,0,0,2,0,0,0,2,2,2,2
48,-18455.532,18898.500,-319.453,91.637,0,0.87909,-0.32727,105.491,-2.945,-1,-1,-1,-1,-1,-1,-1,225.000,300.000,-1,100.000,100.000,925.000,-1,-1,-1,-1,2,2,2,2,2,2,2,0,0,2,0,0,0,2,2,2,2
50,-18453.243,18898.500,-319.520,88.986,0,0.87909,-0.08727,105.491,-0.785,-1,-1,-1,-1,-1,-1,-1,225.000,300.000,-1,100.000,100.000,925.000,-1,-1,-1,-1,2,2,2,2,2,2,2,0,0,2,0,0,0,2,2,2,2
52,-18443.110,18898.500,-319.817,86.646,0,0.86133,-0.12098,103.360,-1.089,-1,-1,-1,-1,-1,-1,-1,250.000,300.000,-1,100.000,100.000,925.000,-1,-1,-1,-1,2,2,2,2,2,2,2,0,0,2,0,0,0,2,2,2,2
54,-18429.024,18898.500,-320.230,85.548,0,0.86133,-0.12098,103.360,-1.089,-1,-1,-1,-1,-1,-1,-1,250.000,300.000,-1,100.000,100.000,925.000,-1,-1,-1,-1,2,2,2,2,2,2,2,0,0,2,0,0,0,2,2,2,2
56,-18416.757,18898.500,-320.590,86.611,0,0.70133,0.11902,84.160,1.071,-1,-1,-1,-1,-1,-1,-1,250.000,275.000,-1,100.000,100.000,900.000,-1,-1,-1,-1,2,2,2,2,2,2,2,0,0,2,0,0,0,2,2,2,2
58,-18405.207,18898.500,-320.928,85.513,0,0.70001,-0.12098,84.001,-1.089,-1,-1,-1,-1,-1,-1,-1,250.000,275.000,-1,100.000,100.000,900.000,-1,-1,-1,-1,2,2,2,2,2,2,2,0,0,2,0,0,0,2,2,2,2
60,-18384.335,18898.500,-321.540,82.917,0,0.83239,-0.20421,99.886,-1.838,-1,-1,-1,-1,-1,-1,-1,250.000,275.000,-1,100.000,100.000,900.000,-1,-1,-1,-1,2,2,2,2,2,2,2,0,0,2,0,0,0,2,2,2,2
62,-18342.827,18898.500,-322.757,76.002,0,0.83239,-0.44421,99.886,-3.998,-1,-1,-1,-1,-1,-1,-1,275.000,275.000,-1,125.000,100.000,875.000,-1,-1,-1,-1,2,2,2,2,2,2,2,0,0,2,0,0,0,2,2,2,2
64,-18279.395,18898.500,-324.618,71.246,0,0.86306,-0.20421,103.567,-1.838,-1,-1,-1,-1,-1,-1,-1,275.000,275.000,-1,150.000,100.000,850.000,-1,-1,-1,-1,2,2,2,2,2,2,2,0,0,2,0,0,0,2,2,2,2
66,-18210.761,18898.500,-326.630,70.810,0,0.86306,0.03579,103.567,0.322,-1,-1,-1,-1,-1,-1,-1,300.000,250.000,-1,150.000,100.000,800.000,-1,-1,-1,-1,2,2,2,2,2,2,2,0,0,2,0,0,0,2,2,2,2
68,-18130.158,18898.500,-328.994,68.215,0,0.94299,-0.20421,113.159,-1.838,-1,-1,-1,-1,-1,-1,-1,300.000,250.000,-1,150.000,100.000,775.000,-1,-1,-1,-1,2,2,2,2,2,2,2,0,0,2,0,0,0,2,2,2,2
70,-18028.523,18898.500,-331.975,61.299,0,0.94299,-0.44421,113.159,-3.998,-1,-1,-1,-1,-1,-1,-1,300.000,225.000,-1,175.000,125.000,750.000,-1,-1,-1,-1,2,2,2,2,2,2,2,0,0,2,0,0,0,2,2,2,2
72,-17920.735,18898.500,-329.381,56.543,0,0.80860,-0.20421,97.032,-1.838,-1,-1,-1,-1,-1,-1,-1,250.000,275.000,750.000,75.000,125.000,950.000,-1,-1,-1,-1,2,2,2,2,2,2,2,0,0,0,0,0,0,2,2,2,2
74,-17810.101,18898.500,-327.197,54.698,0,0.80860,-0.12081,97.032,-1.087,-1,-1,-1,425.000,-1,-1,-1,275.000,275.000,875.000,225.000,250.000,-1,-1,-1,-1,-1,2,2,2,0,2,2,2,0,0,0,0,0,2,2,2,2,2
76,-17685.924,18898.500,-324.745,55.763,0,0.92641,0.11919,111.169,1.073,-1,-1,-1,-1,-1,-1,-1,275.000,275.000,-1,400.000,475.000,-1,-1,-1,-1,-1,2,2,2,2,2,2,2,0,0,2,0,0,2,2,2,2,2
78,-17560.014,18898.500,-322.259,55.258,0,0.92641,-0.05534,111.169,-0.498,-1,-1,-1,400.000,-1,-1,-1,275.000,275.000,-1,650.000,725.000,-1,-1,-1,-1,-1,2,2,2,0,2,2,2,0,0,2,0,0,2,2,2,2,2
80,-17442.004,18898.500,-319.929,51.022,0,0.76641,-0.29534,91.969,-2.658,-1,-1,-1,400.000,-1,-1,325.000,275.000,250.000,-1,875.000,875.000,-1,-1,-1,-1,-1,2,2,2,0,2,2,0,0,0,2,0,0,2,2,2,2,2
82,-17334.888,18898.500,-316.586,48.946,0,0.67959,-0.05534,81.550,-0.498,-1,-1,-1,425.000,-1,-1,350.000,250.000,275.000,-1,700.000,800.000,-1,-1,-1,-1,-1,2,2,2,0,2,2,0,0,0,2,0,0,2,2,2,2,2
84,-17201.551,18898.500,-310.494,44.709,0,0.83959,-0.29534,100.750,-2.658,-1,-1,-1,400.000,-1,-1,350.000,275.000,275.000,-1,925.000,975.000,-1,-1,-1,-1,-1,2,2,2,0,2,2,0,0,0,2,0,0,2,2,2,2,2
86,-17035.867,18898.500,-302.925,37.559,0,0.89207,-0.37913,107.048,-3.412,-1,-1,-1,375.000,-1,325.000,300.000,275.000,275.000,-1,-1,-1,-1,-1,625.000,-1,-1,2,2,2,0,2,0,0,0,0,2,2,2,2,2,0,2,2
88,-16879.816,18898.500,-295.795,33.539,0,0.76219,-0.16336,91.463,-1.470,-1,-1,-1,350.000,-1,300.000,300.000,-1,300.000,-1,-1,-1,-1,-1,700.000,-1,-1,2,2,2,0,2,0,0,2,0,2,2,2,2,2,0,2,2
90,-16727.268,18898.500,-288.826,33.838,0,0.76219,0.07664,91.463,0.690,-1,-1,-1,325.000,-1,275.000,275.000,-1,325.000,-1,-1,-1,-1,-1,825.000,-1,-1,2,2,2,0,2,0,0,2,0,2,2,2,2,2,0,2,2
92,-16585.735,18898.500,-280.621,34.138,0,0.70962,0.07664,85.155,0.690,-1,-1,-1,400.000,-1,275.000,275.000,-1,350.000,-1,-1,-1,-1,-1,-1,-1,-1,2,2,2,0,2,0,0,2,0,2,2,2,2,2,2,2,2
94,-16450.359,18898.500,-272.769,38.758,0,0.70962,0.31664,85.155,2.850,-1,-1,-1,450.000,-1,275.000,325.000,-1,350.000,-1,325.000,150.000,-1,-1,-1,-1,-1,2,2,2,0,2,0,0,2,0,2,0,0,2,2,2,2,2
96,-16310.473,18898.500,-264.655,47.697,0,0.86962,0.55664,104.355,5.010,-1,-1,-1,525.000,-1,-1,375.000,350.000,350.000,-1,125.000,100.000,-1,-1,-1,-1,-1,2,2,2,0,2,2,0,0,0,2,0,0,2,2,2,2,2
98,-16191.991,18898.500,-257.783,59.287,0,0.89635,0.61113,107.562,5.500,-1,-1,-1,-1,-1,-1,-1,350.000,400.000,-1,100.000,125.000,-1,-1,-1,-1,-1,2,2,2,2,2,2,2,0,0,2,0,0,2,2,2,2,2
100,-16114.140,18898.500,-253.269,67.048,0,0.73635,0.37113,88.362,3.340,-1,-1,-1,-1,-1,-1,-1,350.000,425.000,-1,100.000,150.000,-1,-1,-1,-1,-1,2,2,2,2,2,2,2,0,0,2,0,0,2,2,2,2,2
102,-16060.401,18898.500,-250.153,70.586,0,0.64952,0.14201,77.942,1.278,-1,-1,-1,-1,-1,-1,-1,350.000,450.000,-1,100.000,150.000,-1,-1,-1,-1,-1,2,2,2,2,2,2,2,0,0,2,0,0,2,2,2,2,2
104,-16005.920,18898.500,-252.643,69.902,0,0.67485,-0.09799,80.982,-0.882,-1,-1,-1,-1,-1,-1,-1,525.000,300.000,-1,725.000,600.000,1000.000,-1,-1,-1,-1,2,2,2,2,2,2,2,0,0,2,0,0,0,2,2,2,2
106,-15943.938,18898.500,-254.473,67.058,0,0.67485,-0.09799,80.982,-0.882,-1,-1,-1,-1,-1,-1,-1,475.000,300.000,-1,875.000,750.000,-1,-1,-1,-1,-1,2,2,2,2,2,2,2,0,0,2,0,0,2,2,2,2,2
108,-15858.846,18898.500,-256.984,62.054,0,0.83485,-0.33799,100.182,-3.042,-1,-1,-1,-1,625.000,-1,-1,425.000,275.000,-1,-1,-1,-1,-1,-1,-1,-1,2,2,2,2,0,2,2,0,0,2,2,2,2,2,2,2,2
110,-15747.475,18898.500,-260.272,56.751,0,0.88461,-0.35461,106.153,-3.191,-1,-1,-1,350.000,425.000,-1,-1,325.000,250.000,-1,-1,-1,-1,-1,-1,-1,525.000,2,2,2,0,0,2,2,0,0,2,2,2,2,2,2,2,0
112,-15629.945,18898.500,-263.740,53.608,0,0.83567,-0.11461,100.280,-1.031,-1,-1,-1,300.000,275.000,-1,275.000,275.000,225.000,-1,-1,-1,-1,-1,-1,-1,325.000,2,2,2,0,0,2,0,0,0,2,2,2,2,2,2,2,0
114,-15512.691,18898.500,-267.201,54.785,0,0.83567,0.12539,100.280,1.129,-1,-1,-1,250.000,150.000,-1,225.000,275.000,200.000,-1,-1,-1,-1,-1,375.000,-1,150.000,2,2,2,0,0,2,0,0,0,2,2,2,2,2,0,2,0
116,-15403.696,18898.500,-268.989,60.282,0,0.87298,0.36539,104.757,3.289,-1,-1,-1,-1,-1,-1,-1,150.000,325.000,275.000,0.000,0.000,-1,-1,-1,-1,-1,2,2,2,2,2,2,2,0,0,0,0,0,2,2,2,2,2
118,-15319.481,18898.500,-260.277,68.637,0,0.87298,0.52415,104.757,4.717,-1,-1,-1,-1,-1,-1,-1,175.000,325.000,425.000,0.000,75.000,-1,-1,-1,-1,-1,2,2,2,2,2,2,2,0,0,0,0,0,2,2,2,2,2
120,-15258.539,18898.500,-253.974,74.832,0,0.89707,0.28415,107.649,2.557,-1,-1,-1,-1,-1,-1,-1,200.000,325.000,550.000,50.000,100.000,-1,-1,-1,-1,-1,2,2,2,2,2,2,2,0,0,0,0,0,2,2,2,2,2
122,-15208.308,18898.500,-248.777,76.707,0,0.89707,0.04415,107.649,0.397,-1,-1,-1,-1,-1,-1,-1,200.000,325.000,625.000,75.000,100.000,-1,-1,-1,-1,-1,2,2,2,2,2,2,2,0,0,0,0,0,2,2,2,2,2
124,-15169.160,18898.500,-244.728,80.584,0,0.88560,0.26668,106.272,2.400,-1,-1,-1,-1,-1,-1,-1,225.000,325.000,700.000,75.000,100.000,-1,-1,-1,-1,-1,2,2,2,2,2,2,2,0,0,0,0,0,2,2,2,2,2
126,-15153.947,18898.500,-243.155,88.022,0,0.88560,0.47323,106.272,4.259,-1,-1,-1,-1,-1,-1,-1,225.000,325.000,875.000,75.000,125.000,-1,-1,-1,-1,-1,2,2,2,2,2,2,2,0,0,0,0,0,2,2,2,2,2
128,-15162.047,18898.500,-243.994,93.591,0,0.80743,0.26556,96.892,2.390,-1,-1,-1,-1,-1,-1,-1,225.000,325.000,975.000,75.000,150.000,-1,-1,-1,-1,-1,2,2,2,2,2,2,2,0,0,0,0,0,2,2,2,2,2
130,-15182.622,18898.500,-246.123,97.291,0,0.80743,0.26556,96.892,2.390,-1,-1,-1,-1,-1,-1,-1,225.000,325.000,-1,100.000,175.000,-1,-1,-1,-1,-1,2,2,2,2,2,2,2,0,0,2,0,0,2,2,2,2,2
132,-15216.588,18898.500,-249.637,99.055,0,0.95521,0.05038,114.625,0.453,-1,-1,-1,-1,-1,-1,-1,200.000,300.000,-1,100.000,175.000,-1,-1,-1,-1,-1,2,2,2,2,2,2,2,0,0,2,0,0,2,2,2,2,2
134,-15263.828,18898.500,-254.525,103.202,0,0.95521,0.29038,114.625,2.613,250.000,-1,-1,-1,-1,-1,-1,200.000,300.000,-1,125.000,225.000,-1,-1,-1,-1,-1,0,2,2,2,2,2,2,0,0,2,0,0,2,2,2,2,2
136,-15315.541,18898.500,-259.875,105.188,0,0.79521,0.05038,95.425,0.453,175.000,-1,-1,-1,-1,-1,-1,175.000,300.000,-1,125.000,250.000,-1,-1,-1,200.000,-1,0,2,2,2,2,2,2,0,0,2,0,0,2,2,2,0,2
138,-15370.191,18898.500,-265.529,107.505,0,0.77384,0.08698,92.861,0.783,75.000,-1,-1,-1,-1,-1,-1,175.000,300.000,-1,150.000,275.000,-1,-1,-1,100.000,-1,0,2,2,2,2,2,2,0,0,2,0,0,2,2,2,0,2
140,-15446.711,18898.500,-269.140,112.310,0,0.93384,0.32698,112.061,2.943,-1,-1,-1,-1,-1,-1,-1,325.000,175.000,-1,25.000,0.000,325.000,-1,-1,-1,-1,2,2,2,2,2,2,2,0,0,2,0,0,0,2,2,2,2
142,-15551.653,18898.500,-266.042,119.276,0,0.93770,0.32698,112.524,2.943,-1,-1,-1,-1,-1,-1,-1,325.000,225.000,-1,50.000,0.000,400.000,-1,-1,-1,-1,2,2,2,2,2,2,2,0,0,2,0,0,0,2,2,2,2
144,-15667.117,18898.500,-262.634,121.922,0,0.92000,0.08698,110.400,0.783,-1,-1,-1,-1,-1,-1,-1,350.000,275.000,-1,75.000,75.000,500.000,-1,-1,-1,-1,2,2,2,2,2,2,2,0,0,2,0,0,0,2,2,2,2
146,-15780.618,18898.500,-259.284,120.248,0,0.92000,-0.15302,110.400,-1.377,-1,-1,-1,-1,-1,-1,-1,350.000,300.000,-1,75.000,75.000,600.000,-1,-1,-1,-1,2,2,2,2,2,2,2,0,0,2,0,0,0,2,2,2,2
148,-15873.144,18898.500,-256.554,114.253,0,0.87919,-0.39302,105.502,-3.537,-1,-1,-1,-1,-1,-1,-1,375.000,325.000,-1,100.000,75.000,650.000,-1,-1,-1,-1,2,2,2,2,2,2,2,0,0,2,0,0,0,2,2,2,2
150,-15939.342,18898.500,-254.602,105.955,0,0.87919,-0.52099,105.502,-4.689,-1,-1,-1,-1,-1,-1,-1,425.000,325.000,-1,150.000,75.000,675.000,-1,-1,-1,-1,2,2,2,2,2,2,2,0,0,2,0,0,0,2,2,2,2
152,-15975.859,18898.500,-253.526,99.818,0,0.78254,-0.28099,93.905,-2.529,-1,-1,-1,-1,-1,-1,-1,450.000,325.000,-1,200.000,100.000,700.000,-1,-1,-1,-1,2,2,2,2,2,2,2,0,0,2,0,0,0,2,2,2,2
154,-16002.595,18898.500,-252.737,98.000,0,0.78254,-0.04099,93.905,-0.369,-1,-1,-1,-1,-1,-1,-1,450.000,325.000,-1,250.000,125.000,700.000,-1,-1,-1,-1,2,2,2,2,2,2,2,0,0,2,0,0,0,2,2,2,2
156,-16026.070,18898.500,-252.044,95.326,0,0.94254,-0.20856,113.105,-1.877,-1,-1,-1,-1,-1,-1,-1,475.000,325.000,-1,300.000,125.000,725.000,-1,-1,-1,-1,2,2,2,2,2,2,2,0,0,2,0,0,0,2,2,2,2
158,-16034.911,18898.500,-251.784,90.826,0,0.95101,-0.30999,114.121,-2.790,-1,-1,-1,-1,-1,-1,-1,475.000,300.000,-1,375.000,175.000,725.000,-1,-1,-1,-1,2,2,2,2,2,2,2,0,0,2,0,0,0,2,2,2,2
160,-16030.680,18898.500,-251.910,88.486,0,0.82548,-0.06999,99.058,-0.630,-1,-1,-1,-1,-1,-1,-1,500.000,300.000,-1,425.000,200.000,725.000,-1,-1,-1,-1,2,2,2,2,2,2,2,0,0,2,0,0,0,2,2,2,2
162,-16029.646,18898.500,-251.940,90.466,0,0.82548,0.17001,99.058,1.530,-1,-1,-1,-1,-1,-1,-1,475.000,300.000,-1,400.000,175.000,725.000,-1,-1,-1,-1,2,2,2,2,2,2,2,0,0,2,0,0,0,2,2,2,2
164,-16031.936,18898.500,-251.872,90.286,0,0.92464,-0.06999,110.957,-0.630,-1,-1,-1,-1,-1,-1,-1,475.000,300.000,-1,400.000,175.000,725.000,-1,-1,-1,-1,2,2,2,2,2,2,2,0,0,2,0,0,0,2,2,2,2
166,-16021.026,18898.500,-252.195,85.786,0,0.92464,-0.30999,110.957,-2.790,-1,-1,-1,-1,-1,-1,-1,500.000,300.000,-1,475.000,225.000,725.000,-1,-1,-1,-1,2,2,2,2,2,2,2,0,0,2,0,0,0,2,2,2,2
168,-16000.092,18898.500,-252.813,83.446,0,0.76464,-0.06999,91.757,-0.630,-1,-1,-1,-1,-1,-1,-1,500.000,300.000,-1,550.000,275.000,750.000,-1,-1,-1,-1,2,2,2,2,2,2,2,0,0,2,0,0,0,2,2,2,2
170,-15985.570,18898.500,-253.242,85.426,0,0.60464,0.17001,72.557,1.530,-1,-1,-1,-1,-1,-1,-1,475.000,300.000,-1,525.000,225.000,725.000,-1,-1,-1,-1,2,2,2,2,2,2,2,0,0,2,0,0,0,2,2,2,2
172,-15974.190,18898.500,-253.577,86.581,0,0.76464,0.07829,91.757,0.705,-1,-1,-1,-1,-1,-1,-1,475.000,300.000,-1,525.000,200.000,725.000,-1,-1,-1,-1,2,2,2,2,2,2,2,0,0,2,0,0,0,2,2,2,2
174,-15971.147,18898.500,-253.666,89.922,0,0.92464,0.17291,110.957,1.556,-1,-1,-1,-1,-1,-1,-1,475.000,300.000,-1,425.000,150.000,700.000,-1,-1,-1,-1,2,2,2,2,2,2,2,0,0,2,0,0,0,2,2,2,2
176,-15971.496,18898.500,-253.656,89.794,0,0.86847,-0.06709,104.216,-0.604,-1,-1,-1,-1,-1,-1,-1,475.000,300.000,-1,425.000,150.000,700.000,-1,-1,-1,-1,2,2,2,2,2,2,2,0,0,2,0,0,0,2,2,2,2
178,-15960.074,18898.500,-253.994,85.605,0,0.86847,-0.27831,104.216,-2.505,-1,-1,-1,-1,-1,-1,-1,475.000,300.000,-1,575.000,200.000,725.000,-1,-1,-1,-1,2,2,2,2,2,2,2,0,0,2,0,0,0,2,2,2,2
180,-15922.648,18898.500,-255.100,77.889,0,0.90658,-0.48870,108.790,-4.398,-1,-1,-1,-1,-1,-1,-1,475.000,300.000,-1,725.000,600.000,800.000,-1,-1,-1,-1,2,2,2,2,2,2,2,0,0,2,0,0,0,2,2,2,2
182,-15860.686,18898.500,-256.929,72.332,0,0.90658,-0.24870,108.790,-2.238,-1,-1,-1,-1,-1,-1,-1,425.000,275.000,-1,925.000,825.000,925.000,-1,-1,-1,-1,2,2,2,2,2,2,2,0,0,2,0,0,0,2,2,2,2
184,-15793.092,18898.500,-258.924,71.095,0,0.87102,-0.00870,104.523,-0.078,-1,-1,-1,-1,-1,-1,-1,400.000,250.000,-1,-1,-1,950.000,-1,-1,-1,-1,2,2,2,2,2,2,2,0,0,2,2,2,0,2,2,2,2
186,-15725.346,18898.500,-260.924,70.728,0,0.87102,-0.08039,104.523,-0.723,-1,-1,-1,-1,-1,-1,-1,350.000,250.000,-1,-1,-1,950.000,-1,-1,-1,-1,2,2,2,2,2,2,2,0,0,2,2,2,0,2,2,2,2
188,-15661.183,18898.500,-262.818,72.522,0,0.85618,0.15961,102.741,1.437,-1,-1,-1,-1,-1,-1,-1,325.000,225.000,-1,-1,-1,850.000,-1,-1,-1,-1,2,2,2,2,2,2,2,0,0,2,2,2,0,2,2,2,2
190,-15614.411,18898.500,-264.197,78.635,0,0.85618,0.39961,102.741,3.597,-1,-1,-1,-1,-1,-1,-1,325.000,225.000,-1,-1,200.000,650.000,-1,-1,-1,-1,2,2,2,2,2,2,2,0,0,2,2,0,0,2,2,2,2
192,-15598.204,18898.500,-264.674,88.274,0,0.92133,0.55146,110.560,4.963,-1,-1,-1,-1,-1,-1,-1,325.000,200.000,-1,250.000,100.000,550.000,-1,-1,-1,-1,2,2,2,2,2,2,2,0,0,2,0,0,0,2,2,2,2
194,-15622.602,18898.500,-263.952,98.669,0,0.92133,0.51747,110.560,4.657,-1,-1,-1,-1,-1,-1,-1,350.000,225.000,-1,150.000,75.000,500.000,-1,-1,-1,-1,2,2,2,2,2,2,2,0,0,2,0,0,0,2,2,2,2
196,-15671.640,18898.500,-262.503,104.743,0,0.87582,0.27747,105.098,2.497,-1,-1,-1,-1,-1,-1,-1,350.000,250.000,-1,125.000,75.000,525.000,-1,-1,-1,-1,2,2,2,2,2,2,2,0,0,2,0,0,0,2,2,2,2
198,-15730.999,18898.500,-260.751,106.646,0,0.87582,0.05399,105.098,0.486,-1,-1,-1,-1,-1,-1,-1,375.000,275.000,-1,100.000,75.000,550.000,-1,-1,-1,-1,2,2,2,2,2,2,2,0,0,2,0,0,0,2,2,2,2
200,-15802.339,18898.500,-258.645,110.858,0,0.88917,0.29399,106.700,2.646,-1,-1,-1,-1,-1,-1,-1,375.000,300.000,-1,100.000,75.000,600.000,-1,-1,-1,-1,2,2,2,2,2,2,2,0,0,2,0,0,0,2,2,2,2
202,-15899.093,18898.500,-255.788,119.390,0,0.88917,0.53399,106.700,4.806,-1,-1,-1,-1,-1,-1,-1,375.000,325.000,-1,100.000,75.000,675.000,-1,-1,-1,-1,2,2,2,2,2,2,2,0,0,2,0,0,0,2,2,2,2
204,-16021.871,18898.500,-252.163,125.762,0,0.90484,0.29399,108.581,2.646,-1,-1,-1,-1,-1,-1,-1,375.000,350.000,-1,100.000,100.000,800.000,-1,-1,-1,-1,2,2,2,2,2,2,2,0,0,2,0,0,0,2,2,2,2
206,-16154.283,18898.500,-255.614,127.814,0,0.90484,0.05399,108.581,0.486,-1,475.000,-1,-1,-1,-1,-1,275.000,425.000,-1,1000.000,-1,-1,-1,-1,-1,-1,2,0,2,2,2,2,2,0,0,2,0,2,2,2,2,2,2
208,-16280.249,18898.500,-262.918,125.546,0,0.88492,-0.18601,106.191,-1.674,-1,-1,-1,-1,-1,-1,-1,275.000,350.000,-1,-1,-1,-1,-1,-1,-1,-1,2,2,2,2,2,2,2,0,0,2,2,2,2,2,2,2,2
210,-16389.174,18898.500,-269.233,118.958,0,0.88492,-0.42601,106.191,-3.834,-1,-1,-1,-1,-1,-1,-1,275.000,325.000,-1,-1,-1,-1,-1,-1,-1,-1,2,2,2,2,2,2,2,0,0,2,2,2,2,2,2,2,2
212,-16474.063,18898.500,-274.155,114.529,0,0.82572,-0.18601,99.086,-1.674,-1,-1,-1,-1,-1,-1,-1,300.000,275.000,-1,-1,-1,-1,-1,-1,-1,-1,2,2,2,2,2,2,2,0,0,2,2,2,2,2,2,2,2
214,-16541.344,18898.500,-278.055,107.941,0,0.82572,-0.42601,99.086,-3.834,-1,-1,-1,-1,-1,-1,-1,300.000,275.000,-1,-1,-1,-1,-1,-1,-1,-1,2,2,2,2,2,2,2,0,0,2,2,2,2,2,2,2,2
216,-16578.321,18898.500,-280.197,97.033,0,0.88582,-0.66601,106.298,-5.994,-1,-1,-1,-1,-1,-1,-1,300.000,300.000,-1,-1,-1,-1,-1,-1,-1,-1,2,2,2,2,2,2,2,0,0,2,2,2,2,2,2,2,2
218,-16563.093,18898.500,-279.310,81.805,0,0.88582,-0.90601,106.298,-8.154,-1,-1,-1,-1,-1,-1,-1,300.000,325.000,-1,300.000,650.000,-1,-1,-1,-1,-1,2,2,2,2,2,2,2,0,0,2,0,0,2,2,2,2,2
220,-16500.351,18898.500,-275.668,68.737,0,0.83521,-0.66601,100.226,-5.994,-1,-1,-1,-1,-1,-1,-1,300.000,350.000,-1,175.000,250.000,-1,-1,-1,-1,-1,2,2,2,2,2,2,2,0,0,2,0,0,2,2,2,2,2
222,-16393.174,18898.500,-269.451,53.509,0,0.83521,-0.90601,100.226,-8.154,-1,-1,-1,450.000,-1,-1,300.000,325.000,350.000,-1,125.000,125.000,-1,-1,-1,-1,-1,2,2,2,0,2,2,0,0,0,2,0,0,2,2,2,2,2
224,-16264.882,18898.500,-262.012,39.227,0,0.70078,-0.73342,84.094,-6.601,-1,-1,-1,575.000,-1,-1,400.000,-1,350.000,-1,150.000,100.000,-1,-1,-1,-1,-1,2,2,2,0,2,2,0,2,0,2,0,0,2,2,2,2,2
226,-16121.565,18898.500,-253.702,29.265,0,0.70078,-0.49342,84.094,-4.441,-1,-1,-1,575.000,-1,475.000,475.000,-1,325.000,-1,200.000,125.000,-1,-1,975.000,-1,-1,2,2,2,0,2,0,0,2,0,2,0,0,2,2,0,2,2
228,-15942.648,18898.500,-254.508,23.624,0,0.86078,-0.25342,103.294,-2.281,-1,-1,-1,350.000,550.000,350.000,325.000,-1,250.000,-1,-1,-1,-1,-1,525.000,-1,575.000,2,2,2,0,0,0,0,2,0,2,2,2,2,2,0,2,0
230,-15738.295,18898.500,-260.539,22.302,0,0.92071,-0.01342,110.486,-0.121,-1,350.000,-1,300.000,375.000,275.000,250.000,-1,250.000,-1,-1,-1,-1,-1,425.000,-1,375.000,2,0,2,0,0,0,0,2,0,2,2,2,2,2,0,2,0
232,-15530.085,18898.500,-266.685,25.301,0,0.95188,0.22658,114.226,2.039,-1,275.000,-1,225.000,175.000,225.000,200.000,-1,225.000,-1,-1,-1,-1,-1,350.000,-1,175.000,2,0,2,0,0,0,0,2,0,2,2,2,2,2,0,2,0
234,-15333.416,18898.500,-261.715,32.619,0,0.95188,0.46658,114.226,4.199,-1,-1,-1,400.000,-1,300.000,300.000,250.000,300.000,250.000,0.000,0.000,-1,-1,900.000,-1,-1,2,2,2,0,2,0,0,0,0,0,0,0,2,2,0,2,2
236,-15163.063,18898.500,-244.091,42.097,0,0.92718,0.46658,111.261,4.199,-1,-1,-1,425.000,-1,-1,325.000,275.000,300.000,450.000,50.000,100.000,-1,-1,-1,-1,-1,2,2,2,0,2,2,0,0,0,0,0,0,2,2,2,2,2
238,-15009.170,18898.500,-228.169,47.256,0,0.92718,0.22658,111.261,2.039,-1,-1,-1,450.000,-1,-1,325.000,325.000,350.000,600.000,175.000,100.000,-1,-1,-1,-1,-1,2,2,2,0,2,2,0,0,0,0,0,0,2,2,2,2,2
240,-14879.941,18898.500,-214.800,48.094,0,0.76718,-0.01342,92.061,-0.121,-1,-1,-1,475.000,-1,-1,350.000,325.000,375.000,750.000,175.000,100.000,-1,-1,-1,-1,-1,2,2,2,0,2,2,0,0,0,0,0,0,2,2,2,2,2
242,-14754.225,18898.500,-201.793,45.559,0,0.75721,-0.14829,90.865,-1.335,-1,-1,-1,500.000,-1,-1,375.000,325.000,400.000,850.000,175.000,100.000,-1,-1,-1,-1,-1,2,2,2,0,2,2,0,0,0,0,0,0,2,2,2,2,2
244,-14647.401,18898.500,-198.364,46.129,0,0.59721,0.09171,71.665,0.825,-1,-1,-1,375.000,-1,-1,300.000,-1,300.000,-1,875.000,625.000,-1,-1,-1,-1,-1,2,2,2,0,2,2,0,2,0,2,0,0,2,2,2,2,2
246,-14572.896,18898.500,-195.768,51.020,0,0.43721,0.33171,52.465,2.985,-1,-1,-1,375.000,-1,-1,300.000,375.000,300.000,-1,600.000,225.000,-1,-1,-1,-1,-1,2,2,2,0,2,2,0,0,0,2,0,0,2,2,2,2,2
248,-14495.523,18898.500,-193.072,55.415,0,0.59721,0.18415,71.665,1.657,-1,-1,-1,400.000,-1,-1,300.000,375.000,325.000,-1,275.000,100.000,-1,-1,-1,-1,-1,2,2,2,0,2,2,0,0,0,2,0,0,2,2,2,2,2
250,-14399.864,18898.500,-189.740,55.489,0,0.73848,-0.05585,88.617,-0.503,-1,-1,-1,400.000,-1,-1,-1,350.000,350.000,-1,125.000,100.000,-1,-1,-1,-1,-1,2,2,2,0,2,2,2,0,0,2,0,0,2,2,2,2,2
252,-14284.068,18898.500,-185.705,55.564,0,0.89848,-0.05585,107.817,-0.503,-1,-1,-1,-1,-1,-1,-1,325.000,375.000,-1,150.000,100.000,-1,-1,-1,-1,-1,2,2,2,2,2,2,2,0,0,2,0,0,2,2,2,2,2
254,-14149.752,18898.500,-181.026,51.319,0,0.92272,-0.29585,110.727,-2.663,-1,-1,-1,475.000,-1,-1,-1,325.000,400.000,-1,175.000,125.000,-1,-1,-1,-1,-1,2,2,2,0,2,2,2,0,0,2,0,0,2,2,2,2,2
256,-14024.627,18898.500,-181.643,49.233,0,0.76272,-0.05585,91.527,-0.503,-1,-1,-1,375.000,-1,-1,300.000,-1,300.000,-1,-1,600.000,-1,-1,-1,-1,-1,2,2,2,0,2,2,0,2,0,2,2,0,2,2,2,2,2
258,-13924.601,18898.500,-184.548,49.308,0,0.60272,-0.05585,72.327,-0.503,-1,-1,-1,375.000,-1,-1,300.000,375.000,300.000,-1,675.000,425.000,-1,-1,-1,-1,-1,2,2,2,0,2,2,0,0,0,2,0,0,2,2,2,2,2
260,-13812.230,18898.500,-187.810,49.382,0,0.76272,-0.05585,91.527,-0.503,-1,-1,-1,375.000,-1,-1,300.000,350.000,300.000,-1,500.000,150.000,-1,-1,-1,-1,-1,2,2,2,0,2,2,0,0,0,2,0,0,2,2,2,2,2
262,-13669.683,18898.500,-191.949,45.137,0,0.88148,-0.29585,105.778,-2.663,-1,-1,-1,375.000,875.000,-1,300.000,325.000,300.000,-1,275.000,175.000,-1,-1,650.000,-1,-1,2,2,2,0,0,2,0,0,0,2,0,0,2,2,0,2,2
264,-13528.001,18898.500,-196.063,36.572,0,0.72148,-0.53585,86.578,-4.823,-1,-1,-1,375.000,725.000,300.000,300.000,-1,300.000,-1,300.000,200.000,-1,-1,600.000,-1,775.000,2,2,2,0,0,0,0,2,0,2,0,0,2,2,0,2,0
266,-13405.064,18898.500,-199.147,30.166,0,0.56148,-0.29585,67.378,-2.663,-1,-1,-1,375.000,675.000,300.000,300.000,-1,300.000,-1,250.000,150.000,-1,-1,575.000,-1,725.000,2,2,2,0,0,0,0,2,0,2,0,0,2,2,0,2,0
268,-13259.600,18898.500,-201.665,25.921,0,0.72148,-0.29585,86.578,-2.663,-1,-1,-1,325.000,525.000,300.000,300.000,-1,300.000,-1,350.000,225.000,-1,-1,525.000,-1,550.000,2,2,2,0,0,0,0,2,0,2,0,0,2,2,0,2,0
270,-13086.066,18898.500,-204.668,23.836,0,0.79203,-0.05585,95.044,-0.503,-1,325.000,-1,300.000,350.000,275.000,250.000,-1,300.000,-1,425.000,300.000,-1,-1,450.000,-1,350.000,2,0,2,0,0,0,0,2,0,2,0,0,2,2,0,2,0
272,-12912.528,18898.500,-207.672,26.070,0,0.79948,0.18415,95.938,1.657,-1,300.000,-1,250.000,175.000,250.000,225.000,-1,250.000,-1,450.000,375.000,-1,-1,375.000,-1,175.000,2,0,2,0,0,0,0,2,0,2,0,0,2,2,0,2,0
274,-12747.662,18898.500,-205.028,32.625,0,0.79948,0.42415,95.938,3.817,-1,-1,-1,425.000,-1,375.000,350.000,250.000,275.000,300.000,0.000,0.000,825.000,-1,825.000,-1,-1,2,2,2,0,2,0,0,0,0,0,0,0,0,2,0,2,2
276,-12587.846,18898.500,-187.346,43.499,0,0.87705,0.66415,105.246,5.977,-1,-1,-1,425.000,-1,-1,350.000,250.000,275.000,425.000,50.000,150.000,-1,-1,-1,-1,-1,2,2,2,0,2,2,0,0,0,0,0,0,2,2,2,2,2
278,-12461.252,18898.500,-173.339,55.776,0,0.87705,0.62204,105.246,5.598,-1,-1,-1,-1,-1,-1,-1,250.000,300.000,600.000,400.000,600.000,-1,-1,-1,-1,-1,2,2,2,2,2,2,2,0,0,0,0,0,2,2,2,2,2
280,-12385.291,18898.500,-164.936,70.213,0,0.78105,0.86204,93.726,7.758,-1,-1,-1,-1,-1,-1,-1,250.000,325.000,775.000,925.000,-1,-1,-1,-1,-1,-1,2,2,2,2,2,2,2,0,0,0,0,2,2,2,2,2,2
282,-12364.301,18898.500,-162.614,88.051,0,0.78105,1.00000,93.726,9.000,-1,-1,-1,-1,-1,-1,-1,275.000,325.000,-1,900.000,725.000,-1,-1,-1,-1,-1,2,2,2,2,2,2,2,0,0,2,0,0,2,2,2,2,2
284,-12398.978,18898.500,-166.451,102.811,0,0.89927,0.76000,107.912,6.840,-1,-1,-1,-1,-1,-1,-1,275.000,325.000,-1,500.000,300.000,-1,-1,-1,-1,-1,2,2,2,2,2,2,2,0,0,2,0,0,2,2,2,2,2
286,-12475.944,18898.500,-174.967,113.251,0,0.89927,0.52000,107.912,4.680,400.000,-1,-1,-1,-1,-1,-1,250.000,325.000,-1,275.000,175.000,-1,-1,-1,-1,-1,0,2,2,2,2,2,2,0,0,2,0,0,2,2,2,2,2
288,-12568.525,18898.500,-185.212,119.371,0,0.81855,0.28000,98.226,2.520,275.000,300.000,-1,-1,-1,-1,-1,225.000,350.000,-1,175.000,150.000,-1,-1,-1,325.000,-1,0,0,2,2,2,2,2,0,0,2,0,0,2,2,2,0,2
290,-12669.678,18898.500,-196.407,121.171,0,0.81855,0.04000,98.226,0.360,175.000,275.000,-1,-1,-1,250.000,-1,200.000,350.000,-1,150.000,125.000,-1,-1,-1,225.000,-1,0,0,2,2,2,0,2,0,0,2,0,0,2,2,2,0,2
292,-12771.718,18898.500,-207.699,118.651,0,0.86217,-0.20000,103.460,-1.800,75.000,250.000,-1,-1,-1,225.000,-1,175.000,350.000,725.000,125.000,100.000,-1,-1,-1,100.000,-1,0,0,2,2,2,0,2,0,0,0,0,0,2,2,2,0,2
294,-12855.140,18898.500,-208.670,111.811,0,0.86217,-0.44000,103.460,-3.960,-1,-1,-1,-1,-1,-1,-1,300.000,200.000,-1,150.000,0.000,275.000,-1,-1,-1,-1,2,2,2,2,2,2,2,0,0,2,0,0,0,2,2,2,2
296,-12911.905,18898.500,-207.687,107.131,0,0.74446,-0.20000,89.336,-1.800,-1,-1,-1,-1,-1,-1,-1,300.000,200.000,-1,375.000,100.000,325.000,-1,-1,-1,-1,2,2,2,2,2,2,2,0,0,2,0,0,0,2,2,2,2
298,-12958.247,18898.500,-206.885,103.977,0,0.74446,-0.23523,89.336,-2.117,-1,-1,-1,-1,-1,-1,-1,300.000,225.000,-1,350.000,275.000,400.000,-1,-1,-1,-1,2,2,2,2,2,2,2,0,0,2,0,0,0,2,2,2,2
299,-12980.270,18898.500,-206.504,102.940,0,0.81959,-0.11523,98.351,-1.037,-1,-1,-1,-1,-1,-1,-1,300.000,225.000,-1,350.000,375.000,425.000,-1,-1,-1,-1,2,2,2,2,2,2,2,0,0,2,0,0,0,2,2,2,2
