timestep,x_cm,y_cm,z_cm,yaw_deg,basis_xx,basis_xy,basis_xz,basis_yx,basis_yy,basis_yz,basis_zx,basis_zy,basis_zz,teleport_flag,throttle_cmd,steering_cmd,cmd_move_cm,cmd_turn_deg,lidar_cm_0,lidar_cm_1,lidar_cm_2,lidar_cm_3,lidar_cm_4,lidar_cm_5,lidar_cm_6,lidar_cm_7,lidar_cm_8,lidar_cm_9,lidar_cm_10,lidar_cm_11,lidar_cm_12,lidar_cm_13,lidar_cm_14,lidar_cm_15,lidar_cm_16,lidar_class_0,lidar_class_1,lidar_class_2,lidar_class_3,lidar_class_4,lidar_class_5,lidar_class_6,lidar_class_7,lidar_class_8,lidar_class_9,lidar_class_10,lidar_class_11,lidar_class_12,lidar_class_13,lidar_class_14,lidar_class_15,lidar_class_16
0,-6232.235,-332.686,234.029,-101.422,-0.200160,0.974872,-0.097783,-0.979536,-0.196965,0.041397,0.021097,0.104068,0.994346,1,0.08000,0.12000,4.800,0.240,-1,375.000,550.000,325.000,650.000,300.000,275.000,425.000,275.000,375.000,175.000,650.000,-1,450.000,475.000,525.000,550.000,2,1,1,0,1,0,0,0,0,1,1,1,2,1,1,1,1
1,-6234.059,-342.111,234.173,-100.942,-0.192085,0.976708,-0.095632,-0.981109,-0.188834,0.042041,0.023003,0.101900,0.994529,0,0.16000,0.24000,9.600,0.480,-1,350.000,550.000,325.000,625.000,300.000,275.000,425.000,275.000,375.000,175.000,675.000,-1,450.000,475.000,525.000,550.000,2,1,1,0,1,0,0,0,0,1,1,1,2,1,1,1,1
2,-6236.618,-356.281,234.412,-100.222,-0.179929,0.979322,-0.092492,-0.983341,-0.176603,0.043035,0.025811,0.098694,0.994783,0,0.24000,0.36000,14.400,0.720,-1,350.000,525.000,325.000,600.000,300.000,275.000,400.000,275.000,375.000,175.000,750.000,-1,425.000,450.000,525.000,525.000,2,1,1,0,1,0,0,0,0,1,1,1,2,1,1,1,1
3,-6239.713,-375.229,234.774,-99.262,-0.163646,0.982545,-0.088464,-0.986079,-0.160236,0.044409,0.029459,0.094500,0.995089,0,0.32000,0.48000,19.200,0.960,-1,350.000,525.000,350.000,575.000,300.000,300.000,400.000,275.000,375.000,200.000,850.000,-1,425.000,425.000,525.000,500.000,2,1,1,0,1,0,0,0,0,1,1,1,2,1,1,1,1
4,-6243.084,-398.990,235.293,-98.062,-0.143180,0.986153,-0.083677,-0.989117,-0.139690,0.046197,0.033869,0.089380,0.995422,0,0.40000,0.60000,24.000,1.200,-1,325.000,500.000,350.000,525.000,300.000,300.000,400.000,300.000,400.000,225.000,-1,-1,400.000,425.000,500.000,475.000,2,1,1,1,1,1,0,0,0,1,1,2,2,1,1,1,1
5,-6246.411,-427.596,236.008,-96.622,-0.118475,0.989866,-0.078284,-0.992193,-0.114924,0.048429,0.038942,0.083411,0.995754,0,0.48000,0.72000,28.800,1.440,-1,325.000,475.000,325.000,500.000,275.000,300.000,375.000,300.000,400.000,250.000,-1,-1,400.000,400.000,500.000,425.000,2,1,1,1,1,1,1,0,0,1,1,2,2,1,1,1,1
6,-6249.312,-461.070,236.962,-94.942,-0.089482,0.993349,-0.072459,-0.994991,-0.085901,0.051129,0.044564,0.076671,0.996060,0,0.56000,0.84000,33.600,1.680,-1,300.000,450.000,300.000,450.000,275.000,275.000,375.000,300.000,400.000,300.000,-1,-1,375.000,350.000,475.000,400.000,2,1,1,1,1,1,1,0,0,1,1,2,2,1,1,1,1
7,-6251.112,-495.055,238.070,-93.022,-0.056164,0.996168,-0.067047,-0.997164,-0.052598,0.053821,0.050088,0.069880,0.996297,0,0.56724,0.96000,34.034,1.920,-1,275.000,425.000,275.000,400.000,250.000,250.000,350.000,300.000,400.000,350.000,-1,-1,350.000,325.000,475.000,350.000,2,1,1,1,1,1,1,0,0,1,1,2,2,1,1,1,1
8,-6251.729,-529.332,239.314,-91.022,-0.021320,0.997843,-0.062087,-0.998239,-0.017808,0.056585,0.055357,0.063184,0.996465,0,0.57137,1.00000,34.282,2.000,-1,275.000,375.000,250.000,350.000,225.000,225.000,350.000,300.000,425.000,450.000,-1,-1,350.000,300.000,475.000,300.000,2,1,1,1,1,1,1,0,0,1,1,2,2,1,1,1,1
9,-6251.145,-563.861,240.683,-89.022,0.013609,0.998249,-0.057559,-0.998086,0.017034,0.059441,0.060317,0.056640,0.996571,0,0.57558,1.00000,34.535,2.000,-1,250.000,350.000,225.000,300.000,225.000,200.000,325.000,300.000,425.000,-1,-1,-1,325.000,275.000,475.000,275.000,2,1,1,1,1,1,1,0,0,1,2,2,2,1,1,1,1
10,-6249.107,-603.143,242.352,-87.022,0.048586,0.997419,-0.052874,-0.996674,0.051881,0.062846,0.065427,0.049645,0.996622,0,0.65558,1.00000,39.335,2.000,-1,250.000,325.000,200.000,250.000,200.000,175.000,325.000,300.000,425.000,-1,-1,-1,325.000,250.000,500.000,225.000,2,1,1,1,1,1,1,0,0,1,2,2,2,1,1,1,1
11,-6245.293,-647.114,245.567,-85.033,0.083569,0.995538,-0.043810,-0.993759,0.086518,0.070413,0.073889,0.037652,0.996555,0,0.73558,0.99464,44.135,1.989,-1,225.000,300.000,175.000,200.000,175.000,175.000,300.000,325.000,425.000,-1,-1,-1,300.000,225.000,925.000,175.000,2,1,1,1,1,1,1,0,0,1,2,2,2,1,1,1,1
12,-6239.391,-695.697,256.526,-83.056,0.120065,0.992663,-0.014291,-0.987635,0.120893,0.099812,0.100808,0.002130,0.994904,0,0.81558,0.98840,48.935,1.977,-1,225.000,325.000,175.000,175.000,200.000,150.000,275.000,400.000,375.000,225.000,425.000,-1,350.000,225.000,-1,175.000,2,1,1,1,1,1,1,0,0,1,1,0,2,1,1,2,1
13,-6231.285,-748.827,271.542,-81.320,0.152422,0.988315,0.000831,-0.979116,0.150889,0.136250,0.134532,-0.021582,0.990674,0,0.89558,0.86840,53.735,1.737,-1,275.000,400.000,175.000,175.000,200.000,175.000,300.000,475.000,375.000,100.000,250.000,-1,475.000,225.000,-1,175.000,2,1,1,1,1,1,1,0,0,1,1,0,2,1,1,2,1
14,983.902,-5575.421,166.040,19.977,0.938249,-0.341638,-0.054527,0.340620,0.939806,-0.027273,0.060562,0.007016,0.998140,1,0.00000,0.00000,58.535,1.497,-1,425.000,-1,400.000,-1,325.000,325.000,300.000,275.000,-1,-1,-1,-1,875.000,750.000,-1,-1,2,0,2,0,2,0,0,0,0,2,2,2,2,0,0,2,2
15,988.411,-5573.775,166.330,20.055,0.937785,-0.342920,-0.054454,0.341918,0.939340,-0.027056,0.060429,0.006754,0.998150,0,0.08000,0.03909,4.800,0.078,-1,425.000,-1,400.000,-1,325.000,325.000,300.000,275.000,-1,-1,-1,-1,875.000,750.000,-1,-1,2,0,2,0,2,0,0,0,0,2,2,2,2,0,0,2,2
16,997.424,-5570.470,166.912,20.135,0.937315,-0.344225,-0.054309,0.343252,0.938866,-0.026621,0.060153,0.006311,0.998169,0,0.16000,0.03978,9.600,0.080,-1,425.000,-1,400.000,-1,325.000,325.000,300.000,275.000,-1,-1,-1,-1,875.000,750.000,-1,-1,2,0,2,0,2,0,0,0,0,2,2,2,2,0,0,2,2
17,1010.937,-5565.494,167.781,20.217,0.936831,-0.345575,-0.054090,0.344645,0.938374,-0.025971,0.059732,0.005689,0.998198,0,0.24000,0.04116,14.400,0.082,-1,425.000,-1,400.000,-1,325.000,325.000,300.000,275.000,-1,-1,-1,-1,875.000,750.000,-1,-1,2,0,2,0,2,0,0,0,0,2,2,2,2,0,0,2,2
18,1028.944,-5558.832,168.927,20.304,0.936325,-0.346990,-0.053796,0.346115,0.937856,-0.025106,0.059165,0.004887,0.998236,0,0.32000,0.04318,19.200,0.086,-1,425.000,-1,400.000,-1,325.000,325.000,300.000,275.000,-1,-1,-1,-1,875.000,750.000,-1,-1,2,0,2,0,2,0,0,0,0,2,2,2,2,0,0,2,2
19,1051.440,-5550.468,170.343,20.395,0.935788,-0.348491,-0.053426,0.347683,0.937304,-0.024027,0.058449,0.003909,0.998283,0,0.40000,0.04579,24.000,0.092,-1,425.000,-1,400.000,-1,325.000,325.000,300.000,275.000,-1,-1,-1,-1,850.000,750.000,-1,-1,2,0,2,0,2,0,0,0,0,2,2,2,2,0,0,2,2
20,1078.417,-5540.386,172.013,20.493,0.935216,-0.350092,-0.052976,0.349364,0.936711,-0.022738,0.057584,0.002757,0.998337,0,0.48000,0.04892,28.800,0.098,-1,425.000,-1,400.000,-1,325.000,325.000,300.000,275.000,-1,-1,-1,-1,850.000,750.000,-1,-1,2,0,2,0,2,0,0,0,0,2,2,2,2,0,0,2,2
21,1109.869,-5528.566,173.924,20.598,0.934602,-0.351808,-0.052447,0.351169,0.936071,-0.021239,0.056566,0.001433,0.998398,0,0.56000,0.05247,33.600,0.105,-1,425.000,-1,400.000,-1,325.000,325.000,300.000,275.000,-1,-1,-1,-1,850.000,750.000,-1,-1,2,0,2,0,2,0,0,0,0,2,2,2,2,0,0,2,2
22,1145.787,-5514.986,176.055,20.711,0.933941,-0.353648,-0.051835,0.353108,0.935379,-0.019535,0.055393,-0.000059,0.998465,0,0.64000,0.05631,38.400,0.113,-1,425.000,-1,400.000,-1,325.000,325.000,300.000,275.000,-1,-1,-1,-1,825.000,750.000,-1,-1,2,0,2,0,2,0,0,0,0,2,2,2,2,0,0,2,2
23,1186.163,-5499.623,178.386,20.831,0.933233,-0.355615,-0.051137,0.355182,0.934631,-0.017627,0.054063,-0.001713,0.998536,0,0.72000,0.06030,43.200,0.121,-1,425.000,-1,400.000,-1,325.000,325.000,300.000,275.000,-1,-1,-1,-1,825.000,725.000,-1,-1,2,0,2,0,2,0,0,0,0,2,2,2,2,0,0,2,2
24,1230.987,-5482.453,180.941,20.960,0.932478,-0.357709,-0.050284,0.357401,0.933826,-0.015306,0.052432,-0.003699,0.998618,0,0.80000,0.06427,48.000,0.129,-1,400.000,-1,375.000,-1,325.000,325.000,300.000,275.000,-1,-1,-1,-1,800.000,725.000,-1,-1,2,0,2,0,2,0,0,0,0,2,2,2,2,0,0,2,2
25,1280.248,-5463.449,183.683,21.096,0.931673,-0.359921,-0.049421,0.359748,0.932964,-0.012667,0.050667,-0.005978,0.998698,0,0.88000,0.06801,52.800,0.136,-1,400.000,-1,375.000,-1,325.000,325.000,300.000,275.000,-1,-1,-1,-1,775.000,725.000,-1,-1,2,0,2,0,2,0,0,0,0,2,2,2,2,0,0,2,2
26,1331.184,-5443.654,186.503,21.238,0.930801,-0.362235,-0.048944,0.362208,0.932047,-0.009733,0.049143,-0.008669,0.998754,0,0.91078,0.07129,54.647,0.143,-1,400.000,-1,375.000,-1,325.000,325.000,300.000,275.000,-1,-1,-1,-1,775.000,725.000,-1,-1,2,0,2,0,2,0,0,1,0,2,2,2,2,0,0,2,2
27,1381.401,-5423.988,189.203,21.386,0.929885,-0.364623,-0.048612,0.364738,0.931085,-0.006799,0.047740,-0.011408,0.998795,0,0.89885,0.07376,53.931,0.148,-1,400.000,-1,375.000,-1,325.000,325.000,300.000,275.000,-1,-1,-1,-1,750.000,725.000,-1,-1,2,0,2,0,2,0,0,1,0,2,2,2,2,0,0,2,2
28,1430.894,-5404.456,191.855,21.536,0.928954,-0.367056,-0.048111,0.367297,0.930095,-0.004047,0.046233,-0.013912,0.998834,0,0.88680,0.07525,53.208,0.150,-1,400.000,-1,375.000,-1,325.000,325.000,275.000,275.000,-1,-1,-1,-1,750.000,725.000,-1,-1,2,0,2,0,2,0,0,1,0,2,2,2,2,0,0,2,2
29,1479.665,-5385.059,194.707,21.688,0.927976,-0.369509,-0.048208,0.369808,0.929104,-0.002872,0.045851,-0.015163,0.998833,0,0.87478,0.07579,52.487,0.152,-1,400.000,-1,375.000,-1,325.000,325.000,275.000,275.000,-1,-1,-1,-1,750.000,725.000,-1,-1,2,0,2,0,2,0,0,1,0,2,2,2,2,0,0,2,2
30,1527.725,-5365.799,197.508,21.839,0.926986,-0.371948,-0.048504,0.372295,0.928112,-0.002007,0.045764,-0.016198,0.998821,0,0.86293,0.07543,51.776,0.151,-1,400.000,-1,375.000,-1,325.000,325.000,275.000,300.000,-1,-1,-1,-1,725.000,725.000,-1,-1,2,0,2,0,2,0,0,1,0,2,2,2,2,0,0,2,2
31,1575.092,-5346.674,200.221,21.987,0.925998,-0.374344,-0.048933,0.374736,0.927131,-0.001243,0.045833,-0.017186,0.998801,0,0.85137,0.07420,51.082,0.148,-1,400.000,-1,375.000,-1,325.000,325.000,275.000,300.000,-1,-1,-1,-1,725.000,725.000,-1,-1,2,0,2,0,2,0,0,1,0,2,2,2,2,0,0,2,2
32,1621.790,-5327.681,202.848,22.131,0.925024,-0.376671,-0.049488,0.377107,0.926170,-0.000580,0.046053,-0.018126,0.998775,0,0.84020,0.07214,50.412,0.144,-1,400.000,-1,375.000,-1,325.000,325.000,275.000,300.000,-1,-1,-1,-1,725.000,725.000,-1,-1,2,0,2,0,2,0,0,1,0,2,2,2,2,0,0,2,2
33,1667.849,-5308.819,205.392,22.270,0.924075,-0.378904,-0.050167,0.379381,0.925241,-0.000014,0.046422,-0.019019,0.998741,0,0.82953,0.06929,49.772,0.139,-1,400.000,-1,375.000,-1,325.000,325.000,275.000,300.000,-1,-1,-1,-1,725.000,725.000,-1,-1,2,0,2,0,2,0,0,1,0,2,2,2,2,0,0,2,2
34,1713.305,-5290.082,207.864,22.401,0.923161,-0.381019,-0.050975,0.381534,0.924355,0.000416,0.046961,-0.019832,0.998700,0,0.81943,0.06570,49.166,0.131,-1,400.000,-1,375.000,-1,325.000,325.000,275.000,300.000,1000.000,-1,-1,-1,725.000,725.000,-1,-1,2,0,2,0,2,0,0,1,0,1,2,2,2,0,0,2,2
35,1758.195,-5271.466,210.303,22.524,0.922288,-0.382994,-0.051960,0.383538,0.923525,0.000540,0.047780,-0.020427,0.998649,0,0.80995,0.06140,48.597,0.123,-1,400.000,-1,375.000,-1,325.000,325.000,300.000,300.000,950.000,-1,-1,-1,725.000,725.000,-1,-1,2,0,2,0,2,0,0,1,0,1,2,2,2,0,0,2,2
36,1803.216,-5252.460,212.702,22.887,0.919781,-0.388828,-0.053060,0.389406,0.921066,0.000613,0.048634,-0.021226,0.998591,0,0.81448,0.18140,48.869,0.363,-1,400.000,-1,375.000,-1,325.000,325.000,300.000,300.000,900.000,-1,-1,-1,725.000,725.000,-1,-1,2,0,2,0,2,0,0,1,0,1,2,2,2,0,0,2,2
37,1847.645,-5233.151,215.030,23.490,0.915569,-0.398488,-0.054238,0.399107,0.916904,0.000636,0.049477,-0.022228,0.998528,0,0.80738,0.30140,48.443,0.603,-1,400.000,-1,375.000,-1,325.000,325.000,300.000,300.000,875.000,-1,-1,-1,750.000,725.000,-1,-1,2,0,2,0,2,0,0,0,0,1,2,2,2,0,0,2,2
38,1891.492,-5213.323,217.346,24.333,0.909534,-0.411918,-0.055418,0.412594,0.910915,0.000825,0.050141,-0.023615,0.998463,0,0.80203,0.42140,48.122,0.843,-1,400.000,-1,375.000,-1,325.000,325.000,300.000,300.000,875.000,-1,-1,-1,750.000,725.000,-1,-1,2,0,2,0,2,0,0,0,0,1,2,2,2,0,0,2,2
39,1934.755,-5192.766,219.610,25.415,0.901519,-0.429041,-0.056450,0.429781,0.902933,0.001072,0.050511,-0.025227,0.998405,0,0.79832,0.54140,47.899,1.083,-1,400.000,-1,375.000,-1,325.000,325.000,300.000,300.000,875.000,-1,-1,-1,750.000,725.000,-1,-1,2,0,2,0,2,0,0,0,0,1,2,2,2,0,0,2,2
40,1977.413,-5171.275,221.845,26.738,0.891297,-0.449749,-0.057583,0.450564,0.892743,0.001333,0.050808,-0.027133,0.998340,0,0.79610,0.66140,47.766,1.323,-1,400.000,-1,375.000,-1,325.000,325.000,300.000,300.000,875.000,-1,-1,-1,750.000,750.000,-1,-1,2,0,2,0,2,0,0,0,0,1,2,2,2,0,0,2,2
41,2019.425,-5148.652,224.060,28.301,0.878609,-0.473899,-0.058868,0.474805,0.880090,0.001606,0.051048,-0.029362,0.998264,0,0.79526,0.78140,47.716,1.563,-1,400.000,-1,375.000,-1,325.000,325.000,300.000,300.000,900.000,-1,-1,-1,750.000,750.000,-1,-1,2,0,2,0,2,0,0,0,0,1,2,2,2,0,0,2,2
42,2060.828,-5124.883,226.318,29.859,0.865313,-0.497624,-0.060024,0.498614,0.866822,0.001759,0.051155,-0.031450,0.998195,0,0.79567,0.77912,47.740,1.558,-1,400.000,-1,375.000,-1,325.000,325.000,300.000,300.000,925.000,-1,-1,-1,750.000,750.000,-1,-1,2,0,2,0,2,0,0,0,0,1,2,2,2,0,0,2,2
43,2101.604,-5099.989,228.771,31.403,0.851560,-0.520778,-0.060299,0.521806,0.853063,0.001533,0.050640,-0.032769,0.998179,0,0.79625,0.77201,47.775,1.544,-1,400.000,-1,375.000,-1,325.000,325.000,300.000,300.000,975.000,-1,-1,-1,750.000,750.000,-1,-1,2,0,2,0,2,0,0,0,0,1,2,2,2,0,0,2,2
44,2141.737,-5073.993,231.210,32.933,0.837318,-0.543338,-0.060688,0.544409,0.838819,0.001343,0.050177,-0.034164,0.998156,0,0.79695,0.76479,47.817,1.530,-1,400.000,-1,375.000,-1,325.000,325.000,300.000,300.000,-1,-1,-1,-1,775.000,775.000,-1,-1,2,0,2,0,2,0,0,0,0,2,2,2,2,0,0,2,2
45,2181.210,-5046.916,233.635,34.448,0.822615,-0.565295,-0.061197,0.566416,0.824119,0.001178,0.049768,-0.035632,0.998125,0,0.79778,0.75747,47.867,1.515,-1,400.000,-1,375.000,-1,325.000,325.000,300.000,300.000,-1,-1,-1,-1,775.000,775.000,-1,-1,2,0,2,0,2,0,0,0,0,2,2,2,2,0,0,2,2
46,2220.005,-5018.783,236.065,35.948,0.807481,-0.586644,-0.061831,0.587815,0.808995,0.000922,0.049480,-0.037090,0.998086,0,0.79872,0.75004,47.923,1.500,-1,400.000,-1,400.000,-1,325.000,325.000,300.000,325.000,-1,-1,-1,-1,775.000,800.000,-1,-1,2,0,2,0,2,0,0,0,0,2,2,2,2,0,0,2,2
47,2258.109,-4989.615,238.472,37.433,0.791945,-0.607377,-0.062582,0.608605,0.793473,0.000711,0.049225,-0.038651,0.998040,0,0.79977,0.74250,47.986,1.485,-1,400.000,-1,400.000,-1,325.000,325.000,300.000,325.000,-1,-1,-1,-1,775.000,825.000,-1,-1,2,0,2,0,2,0,0,0,0,2,2,2,2,0,0,2,2
48,2295.506,-4959.436,240.855,38.903,0.776037,-0.627488,-0.063452,0.628781,0.777582,0.000535,0.049004,-0.040313,0.997985,0,0.80092,0.73487,48.055,1.470,-1,400.000,-1,400.000,-1,325.000,325.000,300.000,325.000,-1,-1,-1,-1,800.000,825.000,-1,-1,2,0,2,0,2,0,0,0,0,2,2,2,2,0,0,2,2
49,2332.182,-4928.269,243.150,40.357,0.759804,-0.646979,-0.064148,0.648331,0.761359,0.000328,0.048628,-0.041838,0.997940,0,0.80218,0.72714,48.131,1.454,-1,400.000,-1,400.000,-1,325.000,325.000,300.000,325.000,-1,-1,-1,-1,800.000,850.000,-1,-1,2,0,2,0,2,0,0,0,0,2,2,2,2,0,0,2,2
50,2368.125,-4896.137,245.303,41.795,0.743313,-0.665863,-0.064129,0.667237,0.744846,0.000010,0.047759,-0.042796,0.997942,0,0.80353,0.71931,48.212,1.439,-1,400.000,-1,400.000,-1,325.000,325.000,300.000,325.000,-1,-1,-1,-1,800.000,875.000,-1,-1,2,0,2,0,2,0,0,0,0,2,2,2,2,0,0,2,2
51,2403.321,-4863.063,247.375,43.218,0.726557,-0.684133,-0.063854,0.685510,0.728063,-0.000463,0.046806,-0.043436,0.997959,0,0.80497,0.71138,48.298,1.423,-1,400.000,-1,400.000,-1,325.000,325.000,300.000,325.000,-1,-1,-1,-1,800.000,875.000,-1,-1,2,0,2,0,2,0,0,0,0,2,2,2,2,0,0,2,2
52,2437.761,-4829.070,249.396,44.625,0.709559,-0.701780,-0.063489,0.703163,0.711028,-0.000784,0.045692,-0.044087,0.997982,0,0.80650,0.70336,48.390,1.407,-1,400.000,-1,400.000,-1,325.000,325.000,300.000,300.000,-1,-1,-1,-1,800.000,900.000,-1,-1,2,0,2,0,2,0,0,0,0,2,2,2,2,0,0,2,2
53,2471.433,-4794.182,251.369,46.015,0.692347,-0.718805,-0.063048,0.720197,0.693769,-0.000929,0.044409,-0.044764,0.998010,0,0.80812,0.69524,48.487,1.390,-1,400.000,-1,400.000,-1,325.000,325.000,300.000,300.000,-1,-1,-1,-1,800.000,900.000,-1,-1,2,0,2,0,2,0,0,0,0,2,2,2,2,0,0,2,2
54,2504.328,-4758.422,253.295,47.389,0.674946,-0.735211,-0.062548,0.736615,0.676311,-0.000893,0.042958,-0.045471,0.998042,0,0.80983,0.68702,48.590,1.374,-1,400.000,-1,425.000,-1,325.000,325.000,300.000,300.000,-1,-1,-1,-1,800.000,900.000,-1,-1,2,0,2,0,2,0,0,0,0,2,2,2,2,0,0,2,2
55,2536.438,-4721.811,255.174,48.747,0.657384,-0.751001,-0.062002,0.752421,0.658683,-0.000670,0.041343,-0.046211,0.998076,0,0.81161,0.67871,48.697,1.357,-1,400.000,-1,425.000,-1,325.000,325.000,300.000,300.000,-1,-1,-1,-1,800.000,900.000,-1,-1,2,0,2,0,2,0,0,0,0,2,2,2,2,0,0,2,2
56,2567.753,-4684.374,256.932,50.087,0.639709,-0.766188,-0.061053,0.767609,0.640918,-0.000279,0.039344,-0.046687,0.998134,0,0.81348,0.67030,48.809,1.341,-1,400.000,-1,425.000,-1,325.000,325.000,300.000,300.000,-1,-1,-1,-1,800.000,925.000,-1,-1,2,0,2,0,2,0,0,0,0,2,2,2,2,0,0,2,2
57,2595.048,-4649.852,258.428,51.668,0.618428,-0.783569,-0.059720,0.784969,0.619535,-0.000025,0.037018,-0.046863,0.998215,0,0.73348,0.79030,44.009,1.581,-1,400.000,-1,425.000,-1,325.000,325.000,300.000,300.000,-1,-1,-1,-1,800.000,900.000,-1,-1,2,0,2,0,2,0,0,0,0,2,2,2,2,0,0,2,2
58,2618.375,-4618.339,259.717,53.489,0.593313,-0.802838,-0.058575,0.804232,0.594315,0.000376,0.034510,-0.047331,0.998283,0,0.65348,0.91030,39.209,1.821,-1,400.000,-1,425.000,-1,325.000,325.000,300.000,300.000,-1,-1,-1,-1,800.000,900.000,-1,-1,2,0,2,0,2,0,0,0,0,2,2,2,2,0,0,2,2
59,2637.869,-4589.986,260.813,55.489,0.565017,-0.823063,-0.057635,0.824462,0.565916,0.000879,0.031894,-0.048015,0.998337,0,0.57348,1.00000,34.409,2.000,-1,400.000,-1,425.000,-1,325.000,325.000,300.000,300.000,-1,-1,-1,-1,800.000,900.000,-1,-1,2,0,2,0,2,0,0,0,0,2,2,2,2,0,0,2,2
60,2653.782,-4565.017,261.727,57.489,0.536027,-0.842281,-0.056902,0.843691,0.536827,0.001434,0.029338,-0.048777,0.998379,0,0.49348,1.00000,29.609,2.000,-1,400.000,-1,425.000,-1,325.000,325.000,300.000,300.000,-1,-1,-1,-1,775.000,900.000,-1,-1,2,0,2,0,2,0,0,0,0,2,2,2,2,0,0,2,2
61,2666.377,-4543.644,262.472,59.489,0.506376,-0.860468,-0.056373,0.861894,0.507084,0.001996,0.026869,-0.049598,0.998408,0,0.41348,1.00000,24.809,2.000,-1,400.000,-1,425.000,-1,325.000,325.000,300.000,300.000,-1,-1,-1,-1,775.000,900.000,-1,-1,2,0,2,0,2,0,0,0,0,2,2,2,2,0,0,2,2
62,2675.926,-4526.062,263.063,61.489,0.476101,-0.877603,-0.056040,0.879049,0.476725,0.002523,0.024502,-0.050463,0.998425,0,0.33348,1.00000,20.009,2.000,-1,400.000,-1,425.000,-1,325.000,325.000,300.000,300.000,-1,-1,-1,-1,775.000,900.000,-1,-1,2,0,2,0,2,0,0,0,0,2,2,2,2,0,0,2,2
63,2682.714,-4512.453,263.463,63.489,0.445236,-0.893674,-0.055776,0.895133,0.445791,0.002763,0.022395,-0.051157,0.998440,0,0.25348,1.00000,15.209,2.000,-1,400.000,-1,425.000,-1,325.000,325.000,300.000,300.000,-1,-1,-1,-1,775.000,900.000,-1,-1,2,0,2,0,2,0,0,0,0,2,2,2,2,0,0,2,2
64,2687.032,-4502.983,263.730,65.489,0.413823,-0.908658,-0.055601,0.910128,0.414317,0.002884,0.020416,-0.051798,0.998449,0,0.17348,1.00000,10.409,2.000,-1,400.000,-1,425.000,-1,325.000,325.000,300.000,300.000,-1,-1,-1,-1,750.000,875.000,-1,-1,2,0,2,0,2,0,0,0,0,2,2,2,2,0,0,2,2
65,2689.178,-4497.802,263.893,67.489,0.381901,-0.922529,-0.055602,0.924018,0.382338,0.002967,0.018522,-0.052510,0.998449,0,0.09348,1.00000,5.609,2.000,-1,400.000,-1,400.000,-1,325.000,325.000,300.000,300.000,-1,-1,-1,-1,750.000,875.000,-1,-1,2,0,2,0,2,0,0,0,0,2,2,2,2,0,0,2,2
66,2689.461,-4497.045,263.970,69.489,0.349509,-0.935271,-0.055774,0.936784,0.349895,0.003016,0.016695,-0.053303,0.998439,0,0.01348,1.00000,0.809,2.000,-1,375.000,-1,400.000,-1,325.000,325.000,300.000,300.000,-1,-1,-1,-1,750.000,875.000,-1,-1,2,0,2,0,2,0,0,0,0,2,2,2,2,0,0,2,2
67,2688.192,-4500.830,263.976,71.489,0.316690,-0.946868,-0.056116,0.948412,0.317026,0.003037,0.014915,-0.054183,0.998420,0,-0.06652,1.00000,-3.991,2.000,-1,375.000,-1,400.000,-1,325.000,325.000,300.000,325.000,-1,-1,-1,-1,750.000,875.000,-1,-1,2,0,2,0,2,0,0,0,0,2,2,2,2,0,0,2,2
68,2685.693,-4509.259,263.928,73.489,0.283484,-0.957304,-0.056624,0.958887,0.283773,0.003036,0.013162,-0.055157,0.998391,0,-0.14652,1.00000,-8.791,2.000,-1,375.000,-1,400.000,-1,325.000,325.000,300.000,325.000,-1,-1,-1,-1,725.000,875.000,-1,-1,2,0,2,0,2,0,0,0,0,2,2,2,2,0,0,2,2
69,2682.501,-4521.587,263.851,75.489,0.249934,-0.966568,-0.057270,0.968196,0.250176,0.003022,0.011407,-0.056203,0.998354,0,-0.21222,1.00000,-12.733,2.000,-1,375.000,-1,400.000,-1,325.000,325.000,300.000,325.000,-1,-1,-1,-1,725.000,875.000,-1,-1,2,0,2,0,2,0,0,0,0,2,2,2,2,0,0,2,2
70,2679.820,-4533.663,263.800,77.489,0.216086,-0.974655,-0.057914,0.976327,0.216279,0.003001,0.009600,-0.057192,0.998317,0,-0.20616,1.00000,-12.369,2.000,-1,375.000,-1,400.000,-1,325.000,325.000,300.000,325.000,-1,-1,-1,-1,725.000,850.000,-1,-1,2,0,2,0,2,0,0,0,0,2,2,2,2,0,0,2,2
71,2677.630,-4545.465,263.775,79.489,0.181982,-0.981557,-0.058556,0.983271,0.182122,0.002974,0.007745,-0.058118,0.998280,0,-0.20005,1.00000,-12.003,2.000,-1,375.000,-1,400.000,-1,325.000,325.000,300.000,325.000,-1,-1,-1,-1,725.000,850.000,-1,-1,2,0,2,0,2,0,0,0,0,2,2,2,2,0,0,2,2
72,2675.072,-4562.072,263.728,81.249,0.151787,-0.986631,-0.059323,0.988394,0.151881,0.002952,0.006097,-0.059083,0.998234,0,-0.28005,0.88000,-16.803,1.760,-1,375.000,-1,400.000,-1,325.000,325.000,300.000,325.000,-1,-1,-1,-1,725.000,850.000,-1,-1,2,0,2,0,2,0,0,0,0,2,2,2,2,0,0,2,2
73,2672.984,-4578.522,263.649,82.769,0.125591,-0.990272,-0.059904,0.992071,0.125651,0.002779,0.004775,-0.059778,0.998200,0,-0.27635,0.76000,-16.581,1.520,-1,375.000,-1,400.000,-1,325.000,325.000,300.000,325.000,-1,-1,-1,-1,700.000,850.000,-1,-1,2,0,2,0,2,0,0,0,0,2,2,2,2,0,0,2,2
74,2671.297,-4594.699,263.536,84.049,0.103462,-0.992806,-0.060270,0.994627,0.103496,0.002573,0.003683,-0.060213,0.998179,0,-0.27108,0.64000,-16.265,1.280,-1,375.000,-1,400.000,-1,325.000,325.000,300.000,325.000,-1,-1,-1,-1,700.000,825.000,-1,-1,2,0,2,0,2,0,0,0,0,2,2,2,2,0,0,2,2
75,2669.928,-4610.631,263.402,85.089,0.085448,-0.994505,-0.060481,0.996339,0.085458,0.002432,0.002750,-0.060468,0.998166,0,-0.26649,0.52000,-15.990,1.040,-1,375.000,-1,400.000,-1,325.000,325.000,300.000,325.000,-1,-1,-1,-1,700.000,825.000,-1,-1,2,0,2,0,2,0,0,0,0,2,2,2,2,0,0,2,2
76,2668.798,-4626.346,263.318,85.889,0.071564,-0.995600,-0.060497,0.997434,0.071564,0.002164,0.002174,-0.060497,0.998166,0,-0.26259,0.40000,-15.755,0.800,-1,375.000,-1,400.000,-1,325.000,325.000,300.000,325.000,-1,-1,-1,-1,700.000,825.000,-1,-1,2,0,2,0,2,0,0,0,0,2,2,2,2,0,0,2,2
77,2667.834,-4641.878,263.244,86.449,0.061833,-0.996254,-0.060447,0.998085,0.061830,0.001918,0.001827,-0.060450,0.998170,0,-0.25937,0.28000,-15.562,0.560,-1,375.000,-1,400.000,-1,325.000,325.000,300.000,325.000,-1,-1,-1,-1,700.000,825.000,-1,-1,2,0,2,0,2,0,0,0,0,2,2,2,2,0,0,2,2
78,2666.966,-4657.263,263.166,86.769,0.056262,-0.996588,-0.060385,0.998414,0.056265,0.001654,0.001749,-0.060382,0.998174,0,-0.25682,0.16000,-15.409,0.320,-1,375.000,-1,400.000,-1,325.000,325.000,300.000,325.000,-1,-1,-1,-1,700.000,825.000,-1,-1,2,0,2,0,2,0,0,0,0,2,2,2,2,0,0,2,2
79,2666.188,-4672.538,263.091,87.086,0.050743,-0.996889,-0.060320,0.998710,0.050751,0.001396,0.001669,-0.060313,0.998178,0,-0.25492,0.15849,-15.295,0.317,-1,375.000,-1,400.000,-1,325.000,325.000,300.000,325.000,-1,-1,-1,-1,700.000,825.000,-1,-1,2,0,2,0,2,0,0,0,0,2,2,2,2,0,0,2,2
80,2665.499,-4687.707,263.022,87.400,0.045263,-0.997156,-0.060253,0.998974,0.045276,0.001143,0.001588,-0.060243,0.998182,0,-0.25307,0.15731,-15.184,0.315,-1,375.000,-1,400.000,-1,325.000,325.000,300.000,325.000,-1,-1,-1,-1,725.000,825.000,-1,-1,2,0,2,0,2,0,0,0,0,2,2,2,2,0,0,2,2
81,2664.898,-4702.773,262.956,87.712,0.039826,-0.997392,-0.060185,0.999205,0.039844,0.000894,0.001506,-0.060173,0.998187,0,-0.25129,0.15604,-15.077,0.312,-1,375.000,-1,400.000,-1,325.000,325.000,300.000,325.000,-1,-1,-1,-1,725.000,825.000,-1,-1,2,0,2,0,2,0,0,0,0,2,2,2,2,0,0,2,2
82,2664.381,-4717.738,262.894,88.022,0.034435,-0.997597,-0.060116,0.999406,0.034458,0.000650,0.001423,-0.060102,0.998191,0,-0.24957,0.15470,-14.974,0.309,-1,375.000,-1,400.000,-1,325.000,325.000,300.000,325.000,-1,-1,-1,-1,725.000,825.000,-1,-1,2,0,2,0,2,0,0,0,0,2,2,2,2,0,0,2,2
83,2663.947,-4732.607,262.836,88.328,0.029092,-0.997772,-0.060044,0.999576,0.029120,0.000408,0.001341,-0.060031,0.998196,0,-0.24792,0.15328,-14.875,0.307,-1,375.000,-1,400.000,-1,325.000,325.000,300.000,325.000,-1,-1,-1,-1,725.000,825.000,-1,-1,2,0,2,0,2,0,0,0,0,2,2,2,2,0,0,2,2
84,2663.594,-4747.383,262.782,88.632,0.023800,-0.997916,-0.059971,0.999716,0.023833,0.000170,0.001259,-0.059958,0.998200,0,-0.24633,0.15179,-14.780,0.304,-1,375.000,-1,400.000,-1,325.000,325.000,300.000,325.000,-1,-1,-1,-1,725.000,825.000,-1,-1,2,0,2,0,2,0,0,0,0,2,2,2,2,0,0,2,2
85,2663.320,-4762.069,262.732,88.932,0.018563,-0.998032,-0.059897,0.999827,0.018600,-0.000065,0.001179,-0.059886,0.998205,0,-0.24481,0.15022,-14.688,0.300,-1,375.000,-1,400.000,-1,325.000,325.000,300.000,325.000,-1,-1,-1,-1,725.000,800.000,-1,-1,2,0,2,0,2,0,0,0,0,2,2,2,2,0,0,2,2
86,2663.124,-4776.669,262.685,89.230,0.013381,-0.998119,-0.059822,0.999910,0.013423,-0.000298,0.001100,-0.059812,0.998209,0,-0.24335,0.14859,-14.601,0.297,-1,400.000,-1,400.000,-1,325.000,325.000,300.000,325.000,-1,-1,-1,-1,725.000,800.000,-1,-1,2,0,2,0,2,0,0,0,0,2,2,2,2,0,0,2,2
87,2663.003,-4791.186,262.642,89.523,0.008259,-0.998180,-0.059745,0.999965,0.008306,-0.000529,0.001024,-0.059739,0.998214,0,-0.24197,0.14688,-14.518,0.294,-1,400.000,-1,400.000,-1,325.000,325.000,300.000,300.000,-1,-1,-1,-1,725.000,800.000,-1,-1,2,0,2,0,2,0,0,0,0,2,2,2,2,0,0,2,2
88,2662.956,-4805.626,262.602,89.813,0.003199,-0.998213,-0.059667,0.999994,0.003250,-0.000758,0.000951,-0.059664,0.998218,0,-0.24066,0.14511,-14.440,0.290,-1,400.000,-1,400.000,-1,325.000,325.000,300.000,300.000,-1,-1,-1,-1,725.000,800.000,-1,-1,2,0,2,0,2,0,0,0,0,2,2,2,2,0,0,2,2
89,2662.981,-4819.991,262.565,90.100,-0.001798,-0.998221,-0.059587,0.999998,-0.001742,-0.000987,0.000881,-0.059589,0.998223,0,-0.23942,0.14327,-14.365,0.287,-1,400.000,-1,400.000,-1,325.000,325.000,300.000,300.000,-1,-1,-1,-1,725.000,800.000,-1,-1,2,0,2,0,2,0,0,0,0,2,2,2,2,0,0,2,2
90,2663.077,-4834.286,262.531,90.383,-0.006728,-0.998205,-0.059507,0.999977,-0.006668,-0.001214,0.000815,-0.059514,0.998227,0,-0.23825,0.14136,-14.295,0.283,-1,400.000,-1,400.000,-1,325.000,325.000,300.000,300.000,-1,-1,-1,-1,725.000,800.000,-1,-1,2,0,2,0,2,0,0,0,0,2,2,2,2,0,0,2,2
91,2663.241,-4848.515,262.500,90.662,-0.011590,-0.998165,-0.059425,0.999933,-0.011525,-0.001440,0.000753,-0.059438,0.998232,0,-0.23716,0.13939,-14.230,0.279,-1,400.000,-1,400.000,-1,325.000,325.000,300.000,300.000,-1,-1,-1,-1,725.000,800.000,-1,-1,2,0,2,0,2,0,0,0,0,2,2,2,2,0,0,2,2
92,2663.420,-4857.943,262.485,91.088,-0.019020,-0.998054,-0.059377,0.999819,-0.018960,-0.001568,0.000439,-0.059396,0.998234,0,-0.15716,0.21340,-9.430,0.427,-1,400.000,-1,400.000,-1,325.000,325.000,300.000,300.000,-1,-1,-1,-1,725.000,800.000,-1,-1,2,0,2,0,2,0,0,0,0,2,2,2,2,0,0,2,2
93,2663.542,-4862.571,262.481,91.509,-0.026344,-0.997889,-0.059360,0.999653,-0.026294,-0.001611,0.000046,-0.059382,0.998235,0,-0.07716,0.21054,-4.630,0.421,-1,400.000,-1,400.000,-1,325.000,325.000,300.000,300.000,-1,-1,-1,-1,725.000,800.000,-1,-1,2,0,2,0,2,0,0,0,0,2,2,2,2,0,0,2,2
94,2663.536,-4862.401,262.484,91.926,-0.033588,-0.997670,-0.059377,0.999436,-0.033554,-0.001568,-0.000428,-0.059396,0.998234,0,0.00284,0.20843,0.170,0.417,-1,400.000,-1,400.000,-1,325.000,325.000,300.000,300.000,-1,-1,-1,-1,725.000,800.000,-1,-1,2,0,2,0,2,0,0,0,0,2,2,2,2,0,0,2,2
95,2663.333,-4857.435,262.491,92.341,-0.040789,-0.997399,-0.059428,0.999167,-0.040776,-0.001441,-0.000986,-0.059437,0.998232,0,0.08284,0.20741,4.970,0.415,-1,400.000,-1,400.000,-1,325.000,325.000,300.000,300.000,-1,-1,-1,-1,725.000,800.000,-1,-1,2,0,2,0,2,0,0,0,0,2,2,2,2,0,0,2,2
96,2662.863,-4847.676,262.499,92.756,-0.047987,-0.997073,-0.059516,0.998847,-0.047999,-0.001228,-0.001632,-0.059507,0.998227,0,0.16284,0.20750,9.770,0.415,-1,400.000,-1,400.000,-1,325.000,325.000,300.000,300.000,-1,-1,-1,-1,725.000,800.000,-1,-1,2,0,2,0,2,0,0,0,0,2,2,2,2,0,0,2,2
97,2662.057,-4833.129,262.505,93.173,-0.055218,-0.996691,-0.059643,0.998472,-0.055261,-0.000933,-0.002366,-0.059604,0.998219,0,0.24284,0.20871,14.570,0.417,-1,400.000,-1,400.000,-1,325.000,325.000,300.000,300.000,-1,-1,-1,-1,725.000,800.000,-1,-1,2,0,2,0,2,0,0,0,0,2,2,2,2,0,0,2,2
98,2660.842,-4813.797,262.505,93.596,-0.062522,-0.996250,-0.059811,0.998039,-0.062601,-0.000556,-0.003190,-0.059728,0.998210,0,0.32284,0.21102,19.370,0.422,-1,400.000,-1,400.000,-1,325.000,325.000,300.000,300.000,-1,-1,-1,-1,725.000,800.000,-1,-1,2,0,2,0,2,0,0,0,0,2,2,2,2,0,0,2,2
99,2659.145,-4789.686,262.495,94.024,-0.069935,-0.995744,-0.060020,0.997543,-0.070055,-0.000103,-0.004102,-0.059880,0.998197,0,0.40284,0.21444,24.170,0.429,-1,375.000,-1,400.000,-1,325.000,325.000,300.000,325.000,-1,-1,-1,-1,725.000,800.000,-1,-1,2,0,2,0,2,0,0,0,0,2,2,2,2,0,0,2,2
100,2656.891,-4760.804,262.473,94.462,-0.077497,-0.995169,-0.060274,0.996980,-0.077663,0.000421,-0.005100,-0.060059,0.998182,0,0.48284,0.21897,28.970,0.438,-1,375.000,-1,400.000,-1,325.000,325.000,300.000,325.000,-1,-1,-1,-1,700.000,800.000,-1,-1,2,0,2,0,2,0,0,0,0,2,2,2,2,0,0,2,2
101,2653.999,-4727.157,262.432,94.912,-0.085244,-0.994517,-0.060572,0.996341,-0.085462,0.001008,-0.006179,-0.060265,0.998163,0,0.56284,0.22459,33.770,0.449,-1,375.000,-1,400.000,-1,325.000,325.000,300.000,325.000,-1,-1,-1,-1,700.000,775.000,-1,-1,2,0,2,0,2,0,0,0,0,2,2,2,2,0,0,2,2
102,2650.611,-4691.145,262.375,95.374,-0.093216,-0.993782,-0.060899,0.995619,-0.093488,0.001611,-0.007294,-0.060482,0.998143,0,0.60287,0.23131,36.172,0.463,-1,375.000,-1,400.000,-1,325.000,325.000,300.000,325.000,-1,-1,-1,-1,700.000,775.000,-1,-1,2,0,2,0,2,0,0,0,0,2,2,2,2,0,0,2,2
103,2646.925,-4655.176,262.303,95.850,-0.101410,-0.992958,-0.061235,0.994809,-0.101734,0.002186,-0.008401,-0.060696,0.998121,0,0.60262,0.23784,36.157,0.476,-1,375.000,-1,400.000,-1,325.000,325.000,300.000,325.000,-1,-1,-1,-1,700.000,775.000,-1,-1,2,0,2,0,2,0,0,0,0,2,2,2,2,0,0,2,2
104,2642.938,-4619.263,262.152,96.336,-0.109789,-0.992061,-0.061324,0.993911,-0.110153,0.002569,-0.009304,-0.060669,0.998115,0,0.60224,0.24301,36.134,0.486,-1,375.000,-1,400.000,-1,300.000,325.000,300.000,325.000,-1,-1,-1,-1,700.000,775.000,-1,-1,2,0,2,0,2,0,0,0,0,2,2,2,2,0,0,2,2
105,2638.246,-4578.598,261.780,96.582,-0.114069,-0.991620,-0.060646,0.993430,-0.114416,0.002274,-0.009193,-0.059988,0.998157,0,0.68224,0.12301,40.934,0.246,-1,375.000,-1,400.000,-1,300.000,325.000,300.000,325.000,-1,-1,-1,-1,700.000,775.000,-1,-1,2,0,2,0,2,0,0,0,0,2,2,2,2,0,0,2,2
106,2633.000,-4533.165,261.439,96.588,-0.114214,-0.991664,-0.059640,0.993418,-0.114527,0.001844,-0.008659,-0.059037,0.998218,0,0.76224,0.00301,45.734,0.006,-1,375.000,-1,400.000,-1,300.000,325.000,300.000,325.000,-1,-1,-1,-1,700.000,775.000,-1,-1,2,0,2,0,2,0,0,0,0,2,2,2,2,0,0,2,2
107,2627.409,-4482.941,261.147,96.354,-0.110225,-0.992198,-0.058256,0.993877,-0.110484,0.001226,-0.007653,-0.057765,0.998301,0,0.84224,-0.11699,50.534,-0.234,-1,375.000,-1,400.000,-1,300.000,325.000,300.000,325.000,-1,-1,-1,-1,700.000,775.000,-1,-1,2,0,2,0,2,0,0,0,0,2,2,2,2,0,0,2,2
108,2621.746,-4427.942,260.866,95.880,-0.102085,-0.993157,-0.056734,0.994755,-0.102280,0.000548,-0.006347,-0.056380,0.998389,0,0.92150,-0.23699,55.290,-0.474,-1,375.000,-1,400.000,-1,300.000,325.000,300.000,325.000,-1,-1,-1,-1,700.000,775.000,-1,-1,2,0,2,0,2,0,0,0,0,2,2,2,2,0,0,2,2
109,2616.650,-4373.238,260.630,95.323,-0.092496,-0.994180,-0.055224,0.995701,-0.092631,-0.000126,-0.004990,-0.054998,0.998474,0,0.91568,-0.27842,54.941,-0.557,-1,375.000,-1,400.000,-1,325.000,325.000,300.000,325.000,-1,-1,-1,-1,700.000,800.000,-1,-1,2,0,2,0,2,0,0,0,0,2,2,2,2,0,0,2,2
110,2612.111,-4318.881,260.436,94.774,-0.083035,-0.995097,-0.053734,0.996540,-0.083112,-0.000791,-0.003679,-0.053613,0.998555,0,0.90910,-0.27433,54.546,-0.549,-1,375.000,-1,400.000,-1,325.000,325.000,300.000,325.000,-1,-1,-1,-1,700.000,800.000,-1,-1,2,0,2,0,2,0,0,0,0,2,2,2,2,0,0,2,2
111,2608.398,-4265.570,260.292,93.986,-0.069393,-0.996219,-0.052278,0.997587,-0.069413,-0.001436,-0.002198,-0.052251,0.998632,0,0.89066,-0.39433,53.440,-0.789,-1,375.000,-1,400.000,-1,325.000,325.000,300.000,325.000,-1,-1,-1,-1,700.000,800.000,-1,-1,2,0,2,0,2,0,0,0,0,2,2,2,2,0,0,2,2
112,2605.478,-4212.416,260.196,93.145,-0.054824,-0.997201,-0.050842,0.998496,-0.054790,-0.002067,-0.000725,-0.050878,0.998705,0,0.88724,-0.42041,53.234,-0.841,-1,375.000,-1,400.000,-1,325.000,325.000,300.000,325.000,-1,-1,-1,-1,700.000,800.000,-1,-1,2,0,2,0,2,0,0,0,0,2,2,2,2,0,0,2,2
113,2603.347,-4159.438,260.143,92.305,-0.040249,-0.997966,-0.049427,0.999189,-0.040166,-0.002679,0.000688,-0.049495,0.998774,0,0.88366,-0.42006,53.020,-0.840,-1,375.000,-1,400.000,-1,325.000,325.000,300.000,325.000,-1,-1,-1,-1,700.000,825.000,-1,-1,2,0,2,0,2,0,0,0,0,2,2,2,2,0,0,2,2
114,2601.999,-4106.651,260.132,91.465,-0.025656,-0.998516,-0.048034,0.999669,-0.025528,-0.003270,0.002039,-0.048102,0.998840,0,0.88008,-0.42013,52.805,-0.840,-1,375.000,-1,400.000,-1,325.000,325.000,300.000,325.000,-1,-1,-1,-1,700.000,825.000,-1,-1,2,0,2,0,2,0,0,0,0,2,2,2,2,0,0,2,2
115,2601.427,-4054.062,260.157,90.623,-0.011034,-0.998850,-0.046663,0.999934,-0.010867,-0.003839,0.003328,-0.046703,0.998903,0,0.87654,-0.42060,52.592,-0.841,-1,375.000,-1,400.000,-1,325.000,325.000,300.000,325.000,-1,-1,-1,-1,700.000,825.000,-1,-1,2,0,2,0,2,0,0,0,0,2,2,2,2,0,0,2,2
116,2601.629,-4001.676,260.216,89.780,0.003627,-0.998966,-0.045315,0.999983,0.003829,-0.004383,0.004552,-0.045299,0.998963,0,0.87310,-0.42146,52.386,-0.843,-1,375.000,-1,400.000,-1,325.000,325.000,300.000,325.000,-1,-1,-1,-1,700.000,850.000,-1,-1,2,0,2,0,2,0,0,0,0,2,2,2,2,0,0,2,2
117,2602.600,-3949.494,260.306,88.935,0.018336,-0.998864,-0.043989,0.999816,0.018570,-0.004900,0.005712,-0.043891,0.999020,0,0.86984,-0.42272,52.190,-0.845,-1,375.000,-1,400.000,-1,325.000,325.000,300.000,325.000,-1,-1,-1,-1,725.000,875.000,-1,-1,2,0,2,0,2,0,0,0,0,2,2,2,2,0,0,2,2
118,2604.338,-3897.516,260.557,88.086,0.033133,-0.998554,-0.042323,0.999432,0.033365,-0.004796,0.006201,-0.042140,0.999092,0,0.86679,-0.42435,52.007,-0.849,-1,375.000,-1,400.000,-1,325.000,325.000,300.000,325.000,-1,-1,-1,-1,725.000,875.000,-1,-1,2,0,2,0,2,0,0,0,0,2,2,2,2,0,0,2,2
119,2606.841,-3845.735,260.829,87.234,0.048000,-0.998020,-0.040656,0.998826,0.048225,-0.004578,0.006529,-0.040389,0.999163,0,0.86401,-0.42635,51.841,-0.853,-1,375.000,-1,400.000,-1,325.000,325.000,300.000,325.000,-1,-1,-1,-1,725.000,900.000,-1,-1,2,0,2,0,2,0,0,0,0,2,2,2,2,0,0,2,2
120,2610.109,-3794.146,261.121,86.376,0.062943,-0.997255,-0.038992,0.997994,0.063159,-0.004335,0.006785,-0.038641,0.999230,0,0.86154,-0.42871,51.692,-0.857,-1,375.000,-1,400.000,-1,325.000,325.000,300.000,325.000,-1,-1,-1,-1,750.000,900.000,-1,-1,2,0,2,0,2,0,0,0,0,2,2,2,2,0,0,2,2
121,2614.144,-3742.740,261.430,85.513,0.077969,-0.996257,-0.037330,0.996931,0.078174,-0.004066,0.006969,-0.036898,0.999295,0,0.85941,-0.43141,51.564,-0.863,-1,375.000,-1,400.000,-1,325.000,325.000,300.000,300.000,-1,-1,-1,-1,750.000,925.000,-1,-1,2,0,2,0,2,0,0,0,0,2,2,2,2,0,0,2,2
122,2618.947,-3691.506,261.752,84.644,0.093086,-0.995019,-0.035669,0.995633,0.093279,-0.003773,0.007081,-0.035162,0.999357,0,0.85765,-0.43445,51.459,-0.869,-1,375.000,-1,400.000,-1,325.000,325.000,300.000,300.000,-1,-1,-1,-1,750.000,925.000,-1,-1,2,0,2,0,2,0,0,0,0,2,2,2,2,0,0,2,2
123,2624.525,-3640.432,262.084,83.769,0.108301,-0.993536,-0.034008,0.994093,0.108480,-0.003453,0.007120,-0.033434,0.999416,0,0.85629,-0.43782,51.377,-0.876,-1,375.000,-1,400.000,-1,325.000,325.000,300.000,300.000,-1,-1,-1,-1,775.000,950.000,-1,-1,2,0,2,0,2,0,0,0,0,2,2,2,2,0,0,2,2
124,2630.881,-3589.507,262.422,82.886,0.123621,-0.991802,-0.032349,0.992304,0.123785,-0.003107,0.007086,-0.031715,0.999472,0,0.85534,-0.44149,51.320,-0.883,-1,400.000,-1,400.000,-1,325.000,325.000,300.000,300.000,-1,-1,-1,-1,775.000,950.000,-1,-1,2,0,2,0,2,0,0,0,0,2,2,2,2,0,0,2,2
125,2638.024,-3538.718,262.762,81.995,0.139051,-0.989810,-0.030688,0.990261,0.139199,-0.002734,0.006978,-0.030009,0.999525,0,0.85482,-0.44547,51.289,-0.891,-1,400.000,-1,425.000,-1,325.000,325.000,300.000,300.000,-1,-1,-1,-1,775.000,975.000,-1,-1,2,0,2,0,2,0,0,0,0,2,2,2,2,0,0,2,2
126,2645.963,-3488.052,263.101,81.095,0.154596,-0.987551,-0.029027,0.987954,0.154727,-0.002333,0.006795,-0.028317,0.999576,0,0.85473,-0.44973,51.284,-0.899,-1,400.000,-1,425.000,-1,325.000,325.000,300.000,300.000,-1,-1,-1,-1,800.000,975.000,-1,-1,2,0,2,0,2,0,0,0,0,2,2,2,2,0,0,2,2
127,2654.708,-3437.498,263.436,80.187,0.170260,-0.985019,-0.027365,0.985377,0.170375,-0.001904,0.006538,-0.026640,0.999624,0,0.85508,-0.45428,51.305,-0.909,-1,400.000,-1,425.000,-1,325.000,325.000,300.000,300.000,-1,-1,-1,-1,800.000,1000.000,-1,-1,2,0,2,0,2,0,0,0,0,2,2,2,2,0,0,2,2
128,2664.270,-3387.043,263.733,79.269,0.186051,-0.982207,-0.025574,0.982521,0.186146,-0.001379,0.006115,-0.024870,0.999672,0,0.85587,-0.45909,51.352,-0.918,-1,400.000,-1,425.000,-1,325.000,350.000,300.000,300.000,-1,-1,-1,-1,825.000,1000.000,-1,-1,2,0,2,0,2,0,0,0,0,2,2,2,2,0,0,2,2
129,2674.664,-3336.679,264.017,78.340,0.201967,-0.979103,-0.023802,0.979376,0.202043,-0.000840,0.005632,-0.023141,0.999716,0,0.85710,-0.46416,51.426,-0.928,-1,400.000,-1,425.000,-1,325.000,350.000,300.000,300.000,-1,-1,-1,-1,825.000,-1,-1,-1,2,0,2,0,2,0,0,0,0,2,2,2,2,0,2,2,2
130,2685.903,-3286.394,264.074,77.401,0.218020,-0.975679,-0.022762,0.975934,0.218065,0.000520,0.004457,-0.022327,0.999741,0,0.85876,-0.46948,51.526,-0.939,-1,400.000,-1,425.000,-1,325.000,350.000,300.000,300.000,-1,-1,-1,-1,850.000,-1,-1,-1,2,0,2,0,2,0,0,0,0,2,2,2,2,0,2,2,2
131,2696.650,-3240.921,264.059,76.702,0.229941,-0.972956,-0.021993,0.973200,0.229953,0.002000,0.003111,-0.021863,0.999756,0,0.77876,-0.34948,46.726,-0.699,-1,400.000,-1,425.000,-1,325.000,350.000,300.000,300.000,-1,-1,-1,-1,850.000,-1,-1,-1,2,0,2,0,2,0,0,0,0,2,2,2,2,0,2,2,2
132,2706.620,-3200.198,263.951,76.243,0.237761,-0.971097,-0.020989,0.971322,0.237743,0.003368,0.001719,-0.021187,0.999774,0,0.69876,-0.22948,41.926,-0.459,-1,400.000,-1,425.000,-1,350.000,350.000,300.000,300.000,-1,-1,-1,-1,850.000,-1,-1,-1,2,0,2,0,2,0,0,0,0,2,2,2,2,0,2,2,2
133,2715.586,-3164.171,263.669,76.025,0.241508,-0.970206,-0.019351,0.970399,0.241458,0.004914,-0.000095,-0.019965,0.999801,0,0.61876,-0.10948,37.126,-0.219,-1,400.000,-1,425.000,-1,325.000,350.000,300.000,300.000,-1,-1,-1,-1,850.000,-1,-1,-1,2,0,2,0,2,0,0,0,0,2,2,2,2,0,2,2,2
134,2723.382,-3132.799,263.409,76.046,0.241182,-0.970315,-0.017912,0.970478,0.241107,0.006253,-0.001748,-0.018891,0.999820,0,0.53876,0.01052,32.326,0.021,-1,400.000,-1,425.000,-1,325.000,350.000,300.000,300.000,-1,-1,-1,-1,850.000,-1,-1,-1,2,0,2,0,2,0,0,0,0,2,2,2,2,0,2,2,2
135,2729.898,-3106.056,263.175,76.307,0.236781,-0.971420,-0.016678,0.971558,0.236688,0.007382,-0.003224,-0.017952,0.999834,0,0.45876,0.13052,27.526,0.261,-1,400.000,-1,425.000,-1,325.000,350.000,300.000,300.000,-1,-1,-1,-1,850.000,1000.000,-1,-1,2,0,2,0,2,0,0,0,0,2,2,2,2,0,0,2,2
136,2735.085,-3083.930,262.973,76.808,0.228294,-0.973466,-0.015652,0.973582,0.228188,0.008304,-0.004512,-0.017135,0.999843,0,0.37876,0.25052,22.726,0.501,-1,400.000,-1,425.000,-1,325.000,350.000,300.000,300.000,-1,-1,-1,-1,850.000,1000.000,-1,-1,2,0,2,0,2,0,0,0,0,2,2,2,2,0,0,2,2
137,2738.950,-3066.426,262.810,77.549,0.215697,-0.976348,-0.014836,0.976444,0.215581,0.009020,-0.005608,-0.016432,0.999849,0,0.29876,0.37052,17.926,0.741,-1,400.000,-1,425.000,-1,325.000,350.000,300.000,300.000,-1,-1,-1,-1,850.000,1000.000,-1,-1,2,0,2,0,2,0,0,0,0,2,2,2,2,0,0,2,2
138,2741.560,-3053.562,262.690,78.530,0.198956,-0.979905,-0.014230,0.979987,0.198835,0.009532,-0.006511,-0.015841,0.999853,0,0.21876,0.49052,13.126,0.981,-1,400.000,-1,425.000,-1,325.000,350.000,300.000,300.000,-1,-1,-1,-1,825.000,1000.000,-1,-1,2,0,2,0,2,0,0,0,0,2,2,2,2,0,0,2,2
139,2743.041,-3045.370,262.621,79.751,0.178035,-0.983927,-0.013829,0.983998,0.177909,0.009843,-0.007225,-0.015360,0.999856,0,0.13876,0.61052,8.326,1.221,-1,400.000,-1,425.000,-1,325.000,350.000,300.000,300.000,-1,-1,-1,-1,825.000,1000.000,-1,-1,2,0,2,0,2,0,0,0,0,2,2,2,2,0,0,2,2
140,2743.580,-3041.885,262.606,81.212,0.152893,-0.988149,-0.013629,0.988212,0.152765,0.009960,-0.007760,-0.014991,0.999858,0,0.05876,0.73052,3.526,1.461,-1,400.000,-1,425.000,-1,325.000,350.000,300.000,300.000,-1,-1,-1,-1,825.000,1000.000,-1,-1,2,0,2,0,2,0,0,0,0,2,2,2,2,0,0,2,2
141,2743.418,-3043.149,262.647,82.681,0.127508,-0.991744,-0.013629,0.991805,0.127380,0.009892,-0.008074,-0.014779,0.999858,0,-0.02124,0.73460,-1.274,1.469,-1,400.000,-1,425.000,-1,325.000,350.000,300.000,300.000,-1,-1,-1,-1,800.000,1000.000,-1,-1,2,0,2,0,2,0,0,0,0,2,2,2,2,0,0,2,2
142,2742.799,-3049.192,262.740,84.150,0.102032,-0.994685,-0.013798,0.994748,0.101905,0.009622,-0.008165,-0.014707,0.999859,0,-0.10124,0.73474,-6.074,1.469,-1,400.000,-1,425.000,-1,325.000,350.000,300.000,300.000,-1,-1,-1,-1,800.000,1000.000,-1,-1,2,0,2,0,2,0,0,0,0,2,2,2,2,0,0,2,2
143,2741.969,-3060.034,262.877,85.621,0.076465,-0.996973,-0.014085,0.997040,0.076341,0.009125,-0.008022,-0.014741,0.999859,0,-0.18124,0.73538,-10.874,1.471,-1,400.000,-1,425.000,-1,325.000,350.000,300.000,300.000,-1,-1,-1,-1,800.000,1000.000,-1,-1,2,0,2,0,2,0,0,0,0,2,2,2,2,0,0,2,2
144,2741.219,-3074.796,263.069,87.094,0.050808,-0.998603,-0.014505,0.998678,0.050689,0.008498,-0.007751,-0.014917,0.999859,0,-0.24635,0.73648,-14.781,1.473,-1,400.000,-1,425.000,-1,325.000,325.000,300.000,300.000,-1,-1,-1,-1,775.000,1000.000,-1,-1,2,0,2,0,2,0,0,0,0,2,2,2,2,0,0,2,2
145,2740.850,-3089.601,263.266,88.570,0.025068,-0.999575,-0.014896,0.999658,0.024952,0.007885,-0.007510,-0.015088,0.999858,0,-0.24683,0.73792,-14.810,1.476,-1,400.000,-1,425.000,-1,325.000,325.000,300.000,300.000,-1,-1,-1,-1,775.000,1000.000,-1,-1,2,0,2,0,2,0,0,0,0,2,2,2,2,0,0,2,2
146,2740.862,-3104.434,263.471,90.049,-0.000738,-0.999883,-0.015258,0.999973,-0.000849,0.007287,-0.007299,-0.015252,0.999857,0,-0.24721,0.73931,-14.833,1.479,-1,400.000,-1,425.000,-1,325.000,325.000,300.000,300.000,-1,-1,-1,-1,775.000,975.000,-1,-1,2,0,2,0,2,0,0,0,0,2,2,2,2,0,0,2,2
147,2741.259,-3119.279,263.683,91.530,-0.026588,-0.999525,-0.015590,0.999621,-0.026695,0.006705,-0.007118,-0.015406,0.999856,0,-0.24750,0.74063,-14.850,1.481,-1,400.000,-1,425.000,-1,325.000,325.000,300.000,300.000,-1,-1,-1,-1,775.000,975.000,-1,-1,2,0,2,0,2,0,0,0,0,2,2,2,2,0,0,2,2
148,2741.829,-3129.313,263.840,93.251,-0.056602,-0.998274,-0.015690,0.998371,-0.056706,0.006298,-0.007176,-0.015308,0.999857,0,-0.16750,0.86063,-10.050,1.721,-1,400.000,-1,425.000,-1,325.000,325.000,300.000,300.000,-1,-1,-1,-1,775.000,975.000,-1,-1,2,0,2,0,2,0,0,0,0,2,2,2,2,0,0,2,2
149,2742.306,-3134.542,263.942,95.212,-0.090735,-0.995753,-0.015575,0.995847,-0.090838,0.006066,-0.007455,-0.014960,0.999860,0,-0.08750,0.98063,-5.250,1.961,-1,400.000,-1,425.000,-1,325.000,325.000,300.000,300.000,-1,-1,-1,-1,750.000,975.000,-1,-1,2,0,2,0,2,0,0,0,0,2,2,2,2,0,0,2,2
150,2742.362,-3134.988,263.976,97.212,-0.125432,-0.991985,-0.015279,0.992071,-0.125535,0.006029,-0.007899,-0.014402,0.999865,0,-0.00750,1.00000,-0.450,2.000,-1,400.000,-1,425.000,-1,325.000,325.000,300.000,300.000,-1,-1,-1,-1,750.000,975.000,-1,-1,2,0,2,0,2,0,0,0,0,2,2,2,2,0,0,2,2
151,2741.666,-3130.695,263.940,99.212,-0.159975,-0.987009,-0.014840,0.987085,-0.160080,0.006174,-0.008469,-0.013661,0.999871,0,0.07250,1.00000,4.350,2.000,-1,400.000,-1,425.000,-1,325.000,325.000,325.000,300.000,-1,-1,-1,-1,750.000,950.000,-1,-1,2,0,2,0,2,0,0,0,0,2,2,2,2,0,0,2,2
152,2739.887,-3121.720,263.837,101.212,-0.194325,-0.980833,-0.014298,0.980895,-0.194431,0.006468,-0.009124,-0.012768,0.999877,0,0.15250,1.00000,9.150,2.000,-1,400.000,-1,425.000,-1,325.000,325.000,325.000,300.000,-1,-1,-1,-1,725.000,925.000,-1,-1,2,0,2,0,2,0,0,0,0,2,2,2,2,0,0,2,2
153,2736.699,-3108.139,263.664,103.212,-0.228438,-0.973462,-0.013680,0.973509,-0.228546,0.006892,-0.009836,-0.011743,0.999883,0,0.23250,1.00000,13.950,2.000,-1,375.000,-1,425.000,-1,325.000,325.000,325.000,300.000,-1,-1,-1,-1,725.000,925.000,-1,-1,2,0,2,0,2,0,0,0,0,2,2,2,2,0,0,2,2
154,2731.779,-3090.047,263.425,105.212,-0.262275,-0.964905,-0.013010,0.964935,-0.262384,0.007423,-0.010576,-0.010607,0.999888,0,0.31250,1.00000,18.750,2.000,-1,375.000,-1,425.000,-1,325.000,325.000,325.000,300.000,-1,-1,-1,-1,725.000,900.000,-1,-1,2,0,2,0,2,0,0,0,0,2,2,2,2,0,0,2,2
155,2724.811,-3067.552,263.122,107.212,-0.295795,-0.955172,-0.012309,0.955185,-0.295902,0.008031,-0.011313,-0.009382,0.999892,0,0.39250,1.00000,23.550,2.000,-1,375.000,-1,400.000,-1,325.000,325.000,325.000,300.000,-1,-1,-1,-1,725.000,875.000,-1,-1,2,0,2,0,2,0,0,0,0,2,2,2,2,0,0,2,2
156,2715.482,-3040.781,262.762,109.212,-0.328956,-0.944274,-0.011597,0.944269,-0.329061,0.008687,-0.012019,-0.008093,0.999895,0,0.47250,1.00000,28.350,2.000,-1,375.000,-1,400.000,-1,325.000,325.000,325.000,300.000,-1,-1,-1,-1,700.000,875.000,-1,-1,2,0,2,0,2,0,0,0,0,2,2,2,2,0,0,2,2
157,2703.617,-3009.827,262.346,110.972,-0.357809,-0.933731,-0.010894,0.933709,-0.357910,0.009360,-0.012639,-0.006823,0.999897,0,0.55250,0.88000,33.150,1.760,-1,375.000,-1,400.000,-1,325.000,325.000,325.000,325.000,-1,-1,-1,-1,700.000,850.000,-1,-1,2,0,2,0,2,0,0,0,0,2,2,2,2,0,0,2,2
158,2689.099,-2974.764,261.888,112.492,-0.382460,-0.923916,-0.010190,0.923878,-0.382555,0.010030,-0.013165,-0.005578,0.999898,0,0.63250,0.76000,37.950,1.520,-1,375.000,-1,400.000,-1,325.000,325.000,325.000,325.000,-1,-1,-1,-1,700.000,850.000,-1,-1,2,0,2,0,2,0,0,0,0,2,2,2,2,0,0,2,2
159,2671.866,-2935.641,261.394,113.772,-0.403013,-0.915145,-0.009498,0.915093,-0.403101,0.010692,-0.013614,-0.004383,0.999898,0,0.71250,0.64000,42.750,1.280,-1,375.000,-1,400.000,-1,300.000,325.000,325.000,325.000,-1,-1,-1,-1,700.000,825.000,-1,-1,2,0,2,0,2,0,0,0,0,2,2,2,2,0,0,2,2
160,2651.749,-2892.557,260.831,115.029,-0.422992,-0.906088,-0.009112,0.906023,-0.423076,0.011396,-0.014181,-0.003435,0.999894,0,0.79250,0.62834,47.550,1.257,-1,375.000,-1,400.000,-1,300.000,325.000,325.000,325.000,-1,-1,-1,-1,675.000,825.000,-1,-1,2,0,2,0,2,0,0,0,0,2,2,2,2,0,0,2,2
161,2630.647,-2849.827,260.336,116.282,-0.442711,-0.896622,-0.008747,0.896546,-0.442790,0.011965,-0.014602,-0.002545,0.999890,0,0.79428,0.62651,47.657,1.253,-1,375.000,-1,400.000,-1,300.000,325.000,325.000,325.000,-1,-1,-1,-1,675.000,800.000,-1,-1,2,0,2,0,2,0,0,0,0,2,2,2,2,0,0,2,2
162,2608.609,-2807.547,259.912,117.531,-0.462162,-0.886756,-0.008396,0.886671,-0.462235,0.012398,-0.014875,-0.001715,0.999888,0,0.79465,0.62468,47.679,1.249,-1,375.000,-1,400.000,-1,300.000,325.000,325.000,325.000,-1,-1,-1,-1,675.000,800.000,-1,-1,2,0,2,0,2,0,0,0,0,2,2,2,2,0,0,2,2
163,2585.645,-2765.737,259.408,118.777,-0.481348,-0.876499,-0.007335,0.876409,-0.481404,0.012571,-0.014550,-0.000378,0.999894,0,0.79502,0.62285,47.701,1.246,-1,375.000,-1,400.000,-1,300.000,325.000,325.000,325.000,-1,-1,-1,-1,675.000,800.000,-1,-1,2,0,2,0,2,0,0,0,0,2,2,2,2,0,0,2,2
164,2561.770,-2724.416,258.788,120.019,-0.500263,-0.865857,-0.005365,0.865768,-0.500289,0.012505,-0.013512,0.001611,0.999907,0,0.79538,0.62102,47.723,1.242,-1,375.000,-1,400.000,-1,300.000,325.000,325.000,325.000,-1,-1,-1,-1,675.000,775.000,-1,-1,2,0,2,0,2,0,0,0,0,2,2,2,2,0,0,2,2
165,2536.999,-2683.609,258.186,121.259,-0.518907,-0.854825,-0.003299,0.854739,-0.518903,0.012703,-0.012571,0.003772,0.999914,0,0.79561,0.61988,47.737,1.240,-1,375.000,-1,400.000,-1,300.000,325.000,325.000,325.000,-1,-1,-1,-1,675.000,775.000,-1,-1,2,0,2,0,2,0,0,0,0,2,2,2,2,0,0,2,2
166,2511.351,-2643.348,257.578,122.499,-0.537305,-0.843387,-0.001130,0.843305,-0.537271,0.013309,-0.011832,0.006198,0.999911,0,0.79561,0.61988,47.737,1.240,-1,375.000,-1,400.000,-1,300.000,325.000,325.000,325.000,-1,-1,-1,-1,650.000,750.000,-1,-1,2,0,2,0,2,0,0,0,0,2,2,2,2,0,0,2,2
167,2484.837,-2603.651,257.070,123.738,-0.555447,-0.831551,0.000962,0.831479,-0.555383,0.013864,-0.010994,0.008501,0.999903,0,0.79561,0.61988,47.737,1.240,-1,375.000,-1,400.000,-1,300.000,300.000,325.000,325.000,-1,-1,-1,-1,650.000,750.000,-1,-1,2,0,2,0,2,0,0,0,0,2,2,2,2,0,0,2,2
168,2457.471,-2564.537,256.665,124.978,-0.573325,-0.819323,0.002978,0.819266,-0.573233,0.014366,-0.010064,0.010676,0.999892,0,0.79561,0.61988,47.737,1.240,-1,375.000,-1,375.000,-1,300.000,300.000,325.000,325.000,-1,-1,1000.000,-1,650.000,725.000,-1,-1,2,0,2,0,2,0,0,0,0,2,2,0,2,0,0,2,2
169,2429.266,-2526.025,256.328,126.218,-0.590927,-0.806711,0.004867,0.806676,-0.590813,0.014625,-0.008922,0.012568,0.999881,0,0.79561,0.61988,47.737,1.240,-1,375.000,-1,375.000,-1,300.000,300.000,350.000,325.000,-1,-1,925.000,-1,650.000,725.000,-1,-1,2,0,2,0,2,0,0,0,0,2,2,0,2,0,0,2,2
170,2400.233,-2488.131,255.959,127.458,-0.608240,-0.793726,0.006518,0.793720,-0.608119,0.014132,-0.007253,0.013769,0.999879,0,0.79561,0.61988,47.737,1.240,-1,375.000,-1,375.000,-1,300.000,300.000,350.000,325.000,-1,1000.000,800.000,-1,650.000,700.000,-1,-1,2,0,2,0,2,0,0,0,0,2,0,0,2,0,0,2,2
171,2370.387,-2450.875,255.704,128.698,-0.625264,-0.780371,0.008138,0.780394,-0.625141,0.013600,-0.005525,0.014855,0.999874,0,0.79561,0.61988,47.737,1.240,-1,375.000,-1,375.000,-1,300.000,300.000,350.000,325.000,-1,875.000,650.000,-1,650.000,700.000,-1,-1,2,0,2,0,2,0,0,0,0,2,0,0,2,0,0,2,2
172,2339.743,-2414.273,255.565,129.937,-0.641990,-0.766651,0.009729,0.766704,-0.641869,0.013030,-0.003745,0.015824,0.999868,0,0.79561,0.61988,47.737,1.240,-1,375.000,-1,375.000,-1,300.000,300.000,350.000,325.000,-1,750.000,525.000,-1,675.000,675.000,-1,-1,2,0,2,0,2,0,0,0,0,2,0,0,2,0,0,2,2
173,2308.243,-2378.254,255.558,131.170,-0.658323,-0.752651,0.011280,0.752733,-0.658210,0.012347,-0.001868,0.016619,0.999860,0,0.79749,0.61653,47.850,1.233,-1,375.000,-1,375.000,-1,300.000,300.000,350.000,325.000,-1,675.000,475.000,-1,675.000,675.000,-1,-1,2,0,2,0,2,0,0,0,0,2,0,0,2,0,0,2,2
174,2275.915,-2342.846,255.656,132.396,-0.674254,-0.738392,0.012576,0.738499,-0.674158,0.011387,0.000070,0.016965,0.999856,0,0.79911,0.61297,47.947,1.226,-1,375.000,-1,375.000,-1,300.000,300.000,350.000,325.000,-1,600.000,475.000,-1,675.000,675.000,-1,-1,2,0,2,0,2,0,0,0,0,2,0,0,2,0,0,2,2
175,2242.788,-2308.078,255.780,133.615,-0.689782,-0.723890,0.013537,0.724014,-0.689714,0.009945,0.002137,0.016661,0.999859,0,0.80038,0.60936,48.023,1.219,-1,375.000,-1,375.000,-1,300.000,300.000,350.000,325.000,-1,500.000,475.000,-1,675.000,650.000,-1,-1,2,0,2,0,2,0,0,0,0,2,0,0,2,0,0,2,2
176,2208.894,-2273.978,256.052,134.827,-0.704907,-0.709152,0.014516,0.709287,-0.704870,0.008384,0.004286,0.016206,0.999859,0,0.80132,0.60573,48.079,1.211,-1,375.000,-1,375.000,-1,300.000,300.000,350.000,325.000,-1,500.000,475.000,-1,675.000,650.000,-1,-1,2,0,2,0,2,0,0,0,0,2,0,0,2,0,0,2,2
177,2174.264,-2240.572,256.432,136.031,-0.719624,-0.694186,0.015702,0.694332,-0.719623,0.006734,0.006624,0.015748,0.999854,0,0.80193,0.60212,48.116,1.204,-1,375.000,-1,375.000,-1,300.000,300.000,350.000,325.000,-1,500.000,475.000,-1,700.000,650.000,-1,-1,2,0,2,0,2,0,0,0,0,2,0,0,2,0,0,2,2
178,2138.931,-2207.885,256.823,137.228,-0.733928,-0.679001,0.017541,0.679162,-0.733971,0.005083,0.009423,0.015644,0.999833,0,0.80223,0.59857,48.134,1.197,-1,375.000,-1,375.000,-1,300.000,300.000,350.000,325.000,-1,450.000,450.000,-1,700.000,650.000,-1,-1,2,0,2,0,2,0,0,0,0,2,0,0,2,0,0,2,2
179,2099.486,-2172.599,257.417,138.185,-0.745116,-0.666647,0.019576,0.666819,-0.745213,0.003203,0.012453,0.015440,0.999803,0,0.88208,0.47857,52.925,0.957,-1,375.000,-1,375.000,-1,300.000,300.000,350.000,350.000,-1,425.000,425.000,-1,725.000,650.000,-1,-1,2,0,2,0,2,0,0,0,0,2,0,0,2,0,0,2,2
180,2059.610,-2137.815,258.166,138.902,-0.753345,-0.657271,0.021583,0.657444,-0.753502,0.001266,0.015431,0.015143,0.999766,0,0.88192,0.35857,52.915,0.717,-1,375.000,-1,375.000,-1,300.000,300.000,350.000,350.000,-1,400.000,400.000,-1,725.000,650.000,-1,-1,2,0,2,0,2,0,0,0,0,2,0,0,2,0,0,2,2
181,2019.460,-2103.378,258.886,139.379,-0.758754,-0.650983,0.022642,0.651135,-0.758962,-0.000891,0.017764,0.014067,0.999743,0,0.88159,0.23857,52.896,0.477,-1,375.000,-1,350.000,-1,300.000,300.000,350.000,350.000,-1,400.000,400.000,-1,725.000,675.000,-1,-1,2,0,2,0,2,0,0,0,0,2,0,0,2,0,0,2,2
182,1979.187,-2069.123,259.751,139.616,-0.761403,-0.647846,0.023672,0.647969,-0.761661,-0.003089,0.020031,0.012987,0.999715,0,0.88117,0.11857,52.870,0.237,-1,375.000,-1,350.000,-1,300.000,300.000,325.000,350.000,-1,375.000,375.000,-1,725.000,675.000,-1,-1,2,0,2,0,2,0,0,0,0,2,0,0,2,0,0,2,2
183,1938.938,-2034.884,260.757,139.614,-0.761332,-0.647892,0.024680,0.647981,-0.761638,-0.005308,0.022236,0.011951,0.999681,0,0.88070,-0.00143,52.842,-0.003,-1,375.000,-1,375.000,-1,300.000,300.000,325.000,350.000,-1,350.000,375.000,-1,725.000,675.000,-1,-1,2,0,2,0,2,0,0,0,0,2,0,0,2,0,0,2,2
184,1898.856,-2000.494,261.912,139.371,-0.758539,-0.651122,0.025669,0.651170,-0.758894,-0.007574,0.024412,0.010970,0.999642,0,0.88022,-0.12143,52.813,-0.243,-1,375.000,-1,375.000,-1,300.000,300.000,325.000,350.000,-1,325.000,350.000,-1,750.000,700.000,-1,-1,2,0,2,0,2,0,0,0,0,2,0,0,2,0,0,2,2
185,1859.085,-1965.785,263.219,138.888,-0.752987,-0.657500,0.026521,0.657505,-0.753387,-0.009774,0.026406,0.010078,0.999600,0,0.87977,-0.24143,52.786,-0.483,-1,375.000,-1,375.000,-1,300.000,300.000,325.000,350.000,-1,325.000,350.000,-1,750.000,700.000,-1,-1,2,0,2,0,2,0,0,0,0,2,0,0,2,0,0,2,2
186,1819.774,-1930.593,264.667,138.165,-0.744596,-0.666957,0.027283,0.666917,-0.745037,-0.011871,0.028244,0.009356,0.999557,0,0.87937,-0.36143,52.762,-0.723,-1,400.000,-1,375.000,-1,325.000,300.000,325.000,350.000,-1,325.000,350.000,-1,775.000,700.000,-1,-1,2,0,2,0,2,0,0,0,0,2,0,0,2,0,0,2,2
187,1781.073,-1894.759,266.249,137.202,-0.733247,-0.679386,0.027989,0.679303,-0.733728,-0.013830,0.029932,0.008873,0.999513,0,0.87905,-0.48143,52.743,-0.963,-1,400.000,-1,375.000,-1,325.000,300.000,325.000,350.000,-1,350.000,350.000,-1,775.000,725.000,-1,-1,2,0,2,0,2,0,0,0,0,2,0,0,2,0,0,2,2
188,1742.991,-1858.286,267.895,136.237,-0.721657,-0.691659,0.028629,0.691522,-0.722178,-0.016034,0.031765,0.008226,0.999462,0,0.87883,-0.48282,52.730,-0.966,-1,400.000,-1,375.000,-1,325.000,325.000,325.000,350.000,-1,350.000,350.000,-1,800.000,725.000,-1,-1,2,0,2,0,2,0,0,0,0,2,0,0,2,0,0,2,2
189,1705.542,-1821.187,269.627,135.269,-0.709839,-0.703758,0.029200,0.703559,-0.710400,-0.018359,0.033664,0.007512,0.999405,0,0.87858,-0.48375,52.715,-0.967,-1,400.000,-1,375.000,-1,325.000,325.000,325.000,350.000,-1,350.000,375.000,-1,800.000,750.000,-1,-1,2,0,2,0,2,0,0,0,0,2,0,0,2,0,0,2,2
190,1668.736,-1783.470,271.240,134.300,-0.697798,-0.715671,0.029878,0.715454,-0.698392,-0.019327,0.034698,0.007890,0.999367,0,0.87831,-0.48459,52.699,-0.969,-1,400.000,-1,375.000,-1,325.000,325.000,325.000,350.000,-1,350.000,375.000,-1,800.000,750.000,-1,-1,2,0,2,0,2,0,0,0,0,2,0,0,2,0,0,2,2
191,1632.587,-1745.149,272.898,133.329,-0.685536,-0.727395,0.030618,0.727180,-0.686163,-0.019718,0.035351,0.008747,0.999337,0,0.87802,-0.48534,52.681,-0.971,-1,400.000,-1,375.000,-1,325.000,325.000,325.000,350.000,-1,375.000,400.000,-1,825.000,775.000,-1,-1,2,0,2,0,2,0,0,0,0,2,0,0,2,0,0,2,2
192,1597.105,-1706.234,274.546,132.357,-0.673059,-0.738927,0.031278,0.738698,-0.673722,-0.020589,0.036286,0.009248,0.999299,0,0.87771,-0.48601,52.663,-0.972,-1,400.000,-1,400.000,-1,325.000,325.000,325.000,325.000,-1,400.000,425.000,-1,825.000,775.000,-1,-1,2,0,2,0,2,0,0,0,0,2,0,0,2,0,0,2,2
193,1562.303,-1666.736,276.112,131.384,-0.660397,-0.750264,0.031289,0.750004,-0.661075,-0.021768,0.037016,0.009092,0.999273,0,0.87738,-0.48659,52.643,-0.973,-1,400.000,-1,400.000,-1,325.000,325.000,325.000,325.000,-1,425.000,450.000,-1,825.000,775.000,-1,-1,2,0,2,0,2,0,0,0,0,2,0,0,2,0,0,2,2
194,1528.190,-1626.668,277.741,130.410,-0.647541,-0.761397,0.031079,0.761106,-0.648225,-0.022825,0.037525,0.008874,0.999256,0,0.87704,-0.48709,52.622,-0.974,-1,400.000,-1,400.000,-1,325.000,325.000,325.000,325.000,-1,450.000,475.000,-1,825.000,800.000,-1,-1,2,0,2,0,2,0,0,0,0,2,0,0,2,0,0,2,2
195,1494.778,-1586.041,279.455,129.435,-0.634490,-0.772318,0.030768,0.772002,-0.635177,-0.023748,0.037885,0.008685,0.999244,0,0.87669,-0.48749,52.601,-0.975,-1,400.000,-1,400.000,-1,325.000,325.000,325.000,325.000,-1,475.000,500.000,-1,825.000,800.000,-1,-1,2,0,2,0,2,0,0,0,0,2,0,0,2,0,0,2,2
196,1462.076,-1544.869,281.251,128.459,-0.621252,-0.783022,0.030363,0.782685,-0.621935,-0.024531,0.038093,0.008525,0.999238,0,0.87633,-0.48781,52.580,-0.976,-1,400.000,-1,400.000,-1,325.000,325.000,325.000,325.000,-1,500.000,525.000,-1,825.000,825.000,-1,-1,2,0,2,0,2,0,0,0,0,2,0,0,2,0,0,2,2
197,1430.093,-1503.162,283.143,127.483,-0.607833,-0.793505,0.029807,0.793150,-0.608507,-0.025168,0.038109,0.008343,0.999239,0,0.87596,-0.48805,52.557,-0.976,-1,400.000,-1,400.000,-1,325.000,325.000,325.000,325.000,-1,550.000,575.000,-1,825.000,825.000,-1,-1,2,0,2,0,2,0,0,0,0,2,0,0,2,0,0,2,2
198,1398.839,-1460.935,285.107,126.507,-0.594237,-0.803760,0.029209,0.803392,-0.594897,-0.025655,0.037997,0.008221,0.999244,0,0.87558,-0.48819,52.535,-0.976,-1,400.000,-1,400.000,-1,325.000,325.000,325.000,325.000,-1,600.000,625.000,-1,825.000,825.000,-1,-1,2,0,2,0,2,0,0,0,0,2,0,0,2,0,0,2,2
199,1368.323,-1418.200,286.986,125.530,-0.580501,-0.813786,0.027776,0.813407,-0.581116,-0.025948,0.037257,0.007530,0.999277,0,0.87521,-0.48825,52.512,-0.977,-1,400.000,-1,400.000,-1,325.000,325.000,325.000,325.000,-1,650.000,675.000,-1,825.000,825.000,-1,-1,2,0,2,0,2,0,0,0,0,2,0,0,2,0,0,2,2
200,1338.551,-1374.970,288.812,124.554,-0.566599,-0.823573,0.026343,0.823206,-0.567165,-0.025608,0.036031,0.007176,0.999325,0,0.87483,-0.48822,52.490,-0.976,-1,400.000,-1,400.000,-1,325.000,325.000,325.000,325.000,-1,750.000,775.000,-1,825.000,850.000,-1,-1,2,0,2,0,2,0,0,0,0,2,0,0,2,0,0,2,2
201,1309.533,-1331.257,290.537,123.578,-0.552527,-0.833114,0.025208,0.832794,-0.553050,-0.024302,0.034187,0.007566,0.999387,0,0.87446,-0.48811,52.468,-0.976,-1,400.000,-1,400.000,-1,325.000,325.000,325.000,325.000,-1,925.000,875.000,-1,825.000,875.000,-1,-1,2,0,2,0,2,0,0,0,0,2,0,0,2,0,0,2,2
202,1281.276,-1287.075,292.330,122.602,-0.538298,-0.842408,0.024153,0.842138,-0.538780,-0.022818,0.032235,0.008057,0.999448,0,0.87410,-0.48790,52.446,-0.976,-1,400.000,-1,400.000,-1,325.000,325.000,325.000,325.000,-1,-1,-1,-1,800.000,875.000,-1,-1,2,0,2,0,2,0,0,0,0,2,2,2,2,0,0,2,2
203,1253.785,-1242.437,294.079,121.627,-0.523902,-0.851449,0.023696,0.851233,-0.524359,-0.021224,0.030497,0.009051,0.999494,0,0.87374,-0.48761,52.424,-0.975,-1,400.000,-1,400.000,-1,325.000,325.000,325.000,325.000,-1,-1,-1,-1,800.000,900.000,-1,-1,2,0,2,0,2,0,0,0,0,2,2,2,2,0,0,2,2
204,1227.069,-1197.355,295.573,120.652,-0.509328,-0.860230,0.024276,0.860063,-0.509795,-0.020040,0.029615,0.010673,0.999504,0,0.87339,-0.48724,52.404,-0.974,-1,400.000,-1,400.000,-1,325.000,325.000,325.000,325.000,-1,-1,-1,-1,800.000,925.000,-1,-1,2,0,2,0,2,0,0,0,0,2,2,2,2,0,0,2,2
205,1201.132,-1151.844,297.054,119.679,-0.494622,-0.868752,0.024873,0.868629,-0.495097,-0.019047,0.028862,0.012184,0.999509,0,0.87306,-0.48677,52.384,-0.974,-1,400.000,-1,400.000,-1,325.000,325.000,325.000,300.000,-1,-1,-1,-1,800.000,950.000,-1,-1,2,0,2,0,2,0,0,0,0,2,2,2,2,0,0,2,2
206,1175.980,-1105.915,298.388,118.706,-0.479821,-0.877021,0.024637,0.876935,-0.480276,-0.017872,0.027507,0.013029,0.999537,0,0.87274,-0.48623,52.364,-0.972,-1,400.000,-1,400.000,-1,325.000,325.000,325.000,300.000,-1,-1,-1,-1,800.000,950.000,-1,-1,2,0,2,0,2,0,0,0,0,2,2,2,2,0,0,2,2
207,1151.840,-1059.735,299.638,117.598,-0.462795,-0.886141,0.023991,0.886091,-0.463216,-0.016540,0.025769,0.013603,0.999575,0,0.86849,-0.55424,52.109,-1.108,-1,400.000,-1,400.000,-1,325.000,325.000,325.000,325.000,-1,-1,-1,-1,800.000,975.000,-1,-1,2,0,2,0,2,0,0,0,0,2,2,2,2,0,0,2,2
208,1128.607,-1013.122,300.917,116.493,-0.445650,-0.894900,0.023469,0.894885,-0.446040,-0.015138,0.024015,0.014256,0.999610,0,0.86803,-0.55242,52.082,-1.105,-1,400.000,-1,400.000,-1,325.000,325.000,325.000,325.000,-1,-1,-1,-1,800.000,975.000,-1,-1,2,0,2,0,2,0,0,0,0,2,2,2,2,0,0,2,2
209,1108.156,-970.492,302.103,115.628,-0.432116,-0.901523,0.023078,0.901539,-0.432478,-0.013830,0.022449,0.014830,0.999638,0,0.78803,-0.43242,47.282,-0.865,-1,400.000,-1,400.000,-1,325.000,325.000,325.000,325.000,-1,-1,-1,-1,825.000,1000.000,-1,-1,2,0,2,0,2,0,0,0,0,2,2,2,2,0,0,2,2
210,1089.886,-931.318,303.189,115.003,-0.422281,-0.906180,0.022715,0.906218,-0.422618,-0.012725,0.021131,0.015211,0.999661,0,0.72042,-0.31242,43.225,-0.625,-1,400.000,-1,400.000,-1,325.000,325.000,325.000,325.000,-1,-1,-1,-1,825.000,-1,-1,-1,2,0,2,0,2,0,0,0,0,2,2,2,2,0,2,2,2
211,1071.914,-892.049,304.185,114.592,-0.415797,-0.909189,0.022104,0.909232,-0.416112,-0.012149,0.020243,0.015046,0.999682,0,0.71977,-0.20537,43.186,-0.411,-1,400.000,-1,425.000,-1,325.000,325.000,325.000,325.000,-1,-1,-1,-1,850.000,-1,-1,-1,2,0,2,0,2,0,0,0,0,2,2,2,2,0,2,2,2
212,1054.241,-852.700,305.204,114.186,-0.409364,-0.912117,0.021536,0.912166,-0.409659,-0.011539,0.019348,0.014921,0.999701,0,0.71893,-0.20305,43.136,-0.406,-1,400.000,-1,425.000,-1,325.000,325.000,325.000,325.000,-1,-1,-1,-1,850.000,-1,-1,-1,2,0,2,0,2,0,0,0,0,2,2,2,2,0,2,2,2
213,1036.863,-813.270,306.244,113.785,-0.402992,-0.914962,0.021013,0.915018,-0.403266,-0.010898,0.018445,0.014836,0.999720,0,0.71817,-0.20047,43.090,-0.401,-1,400.000,-1,425.000,-1,325.000,325.000,325.000,325.000,-1,-1,-1,-1,875.000,-1,-1,-1,2,0,2,0,2,0,0,0,0,2,2,2,2,0,2,2,2
214,1019.773,-773.758,307.219,113.390,-0.396679,-0.917719,0.020927,0.917785,-0.396943,-0.010333,0.017790,0.015108,0.999728,0,0.71749,-0.19763,43.050,-0.395,-1,400.000,-1,425.000,-1,325.000,325.000,325.000,325.000,-1,-1,-1,-1,875.000,-1,-1,-1,2,0,2,0,2,0,0,0,0,2,2,2,2,0,2,2,2
215,1002.964,-734.162,308.066,113.001,-0.390429,-0.920381,0.021558,0.920466,-0.390697,-0.009932,0.017564,0.015965,0.999718,0,0.71692,-0.19453,43.015,-0.389,-1,400.000,-1,450.000,-1,325.000,350.000,325.000,325.000,-1,-1,-1,-1,900.000,-1,-1,-1,2,0,2,0,2,0,0,0,0,2,2,2,2,0,2,2,2
216,986.431,-694.482,308.538,112.619,-0.384273,-0.922930,0.023137,0.923078,-0.384532,-0.007869,0.016160,0.018333,0.999701,0,0.71645,-0.19116,42.987,-0.382,-1,425.000,-1,450.000,-1,325.000,350.000,325.000,325.000,-1,-1,-1,-1,925.000,-1,-1,-1,2,0,2,0,2,0,0,0,0,2,2,2,2,0,2,2,2
217,970.166,-654.714,308.865,112.244,-0.378225,-0.925372,0.025161,0.925604,-0.378459,-0.005121,0.014261,0.021352,0.999670,0,0.71609,-0.18754,42.965,-0.375,-1,425.000,-1,450.000,-1,350.000,350.000,325.000,325.000,-1,-1,-1,-1,925.000,-1,-1,-1,2,0,2,0,2,0,0,0,0,2,2,2,2,0,2,2,2
218,954.162,-614.856,309.207,111.876,-0.372295,-0.927714,0.027265,0.928032,-0.372492,-0.002361,0.012347,0.024423,0.999625,0,0.71585,-0.18367,42.951,-0.367,-1,425.000,-1,450.000,-1,350.000,350.000,325.000,300.000,-1,-1,-1,-1,925.000,-1,-1,-1,2,0,2,0,2,0,0,0,0,2,2,2,2,0,2,2,2
219,938.410,-574.905,309.496,111.517,-0.366490,-0.929961,0.029273,0.930361,-0.366644,0.000106,0.010634,0.027273,0.999571,0,0.71574,-0.17953,42.944,-0.359,-1,425.000,-1,450.000,-1,350.000,350.000,325.000,300.000,-1,-1,-1,-1,975.000,-1,-1,-1,2,0,2,0,2,0,0,0,0,2,2,2,2,0,2,2,2
220,922.902,-534.858,309.645,111.167,-0.360811,-0.932125,0.030949,0.932592,-0.360928,0.001890,0.009409,0.029545,0.999519,0,0.71576,-0.17515,42.946,-0.350,-1,425.000,-1,450.000,-1,350.000,350.000,325.000,300.000,-1,-1,-1,-1,1000.000,-1,-1,-1,2,0,2,0,2,0,0,0,0,2,2,2,2,0,2,2,2
221,907.630,-494.709,309.229,110.826,-0.355350,-0.934259,0.029781,0.934712,-0.355375,0.004634,0.006254,0.029483,0.999546,0,0.71592,-0.17050,42.955,-0.341,-1,425.000,-1,450.000,-1,350.000,350.000,325.000,300.000,-1,-1,-1,-1,1000.000,-1,-1,-1,2,0,2,0,2,0,0,0,0,2,2,2,2,0,2,2,2
222,892.585,-454.456,308.807,110.495,-0.350036,-0.936300,0.028582,0.936731,-0.349969,0.007471,0.003008,0.029389,0.999564,0,0.71622,-0.16561,42.973,-0.331,-1,425.000,-1,450.000,-1,350.000,350.000,325.000,300.000,-1,-1,-1,-1,1000.000,-1,-1,-1,2,0,2,0,2,0,0,0,0,2,2,2,2,0,2,2,2
223,877.756,-414.093,308.397,110.174,-0.344876,-0.938247,0.027444,0.938648,-0.344720,0.010371,-0.000270,0.029337,0.999570,0,0.71668,-0.16046,43.001,-0.321,-1,425.000,-1,450.000,-1,350.000,350.000,300.000,300.000,-1,-1,-1,-1,1000.000,-1,-1,-1,2,0,2,0,2,0,0,0,0,2,2,2,2,0,2,2,2
224,863.132,-373.616,307.997,109.864,-0.339880,-0.940099,0.026372,0.940462,-0.339637,0.013344,-0.003588,0.029337,0.999563,0,0.71729,-0.15506,43.038,-0.310,-1,425.000,-1,450.000,-1,350.000,350.000,300.000,300.000,-1,-1,-1,-1,1000.000,-1,-1,-1,2,0,2,0,2,0,0,0,0,2,2,2,2,0,2,2,2
225,848.705,-333.019,307.562,109.565,-0.335062,-0.941851,0.025476,0.942169,-0.334727,0.016564,-0.007073,0.029552,0.999538,0,0.71807,-0.14940,43.084,-0.299,-1,400.000,-1,450.000,-1,325.000,350.000,300.000,325.000,-1,-1,-1,-1,975.000,-1,-1,-1,2,0,2,0,2,0,0,0,0,2,2,2,2,0,2,2,2
226,834.462,-292.296,307.143,109.278,-0.330429,-0.943509,0.024629,0.943771,-0.330004,0.019826,-0.010579,0.029795,0.999500,0,0.71902,-0.14349,43.141,-0.287,-1,400.000,-1,450.000,-1,325.000,350.000,300.000,325.000,-1,-1,-1,-1,975.000,-1,-1,-1,2,0,2,0,2,0,0,0,0,2,2,2,2,0,2,2,2
227,820.392,-251.442,306.739,109.003,-0.325990,-0.945073,0.023829,0.945268,-0.325475,0.023129,-0.014103,0.030065,0.999448,0,0.72016,-0.13732,43.209,-0.275,-1,400.000,-1,450.000,-1,325.000,350.000,300.000,325.000,-1,-1,-1,-1,975.000,-1,-1,-1,2,0,2,0,2,0,0,0,0,2,2,2,2,0,2,2,2
228,804.787,-206.039,306.326,108.969,-0.325513,-0.945258,0.022982,0.945368,-0.324899,0.026819,-0.017884,0.030456,0.999376,0,0.80016,-0.01732,48.009,-0.035,-1,400.000,-1,450.000,-1,325.000,350.000,275.000,325.000,-1,-1,-1,-1,975.000,-1,-1,-1,2,0,2,0,2,0,0,0,0,2,2,2,2,0,2,2,2
229,788.236,-158.442,305.936,109.174,-0.328995,-0.944074,0.022078,0.944082,-0.328280,0.030683,-0.021719,0.030938,0.999285,0,0.83988,0.10268,50.393,0.205,-1,400.000,-1,450.000,-1,325.000,350.000,300.000,325.000,-1,-1,-1,-1,950.000,-1,-1,-1,2,0,2,0,2,0,0,0,0,2,2,2,2,0,2,2,2
230,771.274,-110.858,305.596,109.619,-0.336415,-0.941478,0.021100,0.941371,-0.335603,0.034516,-0.025415,0.031475,0.999181,0,0.84194,0.22268,50.516,0.445,-1,400.000,-1,450.000,-1,325.000,350.000,300.000,325.000,-1,-1,-1,-1,950.000,-1,-1,-1,2,0,2,0,2,0,0,0,0,2,2,2,2,0,2,2,2
231,753.691,-63.341,304.602,110.305,-0.347761,-0.937297,0.023177,0.937198,-0.346804,0.037232,-0.026860,0.034669,0.999038,0,0.84443,0.34268,50.666,0.685,-1,425.000,-1,450.000,-1,350.000,350.000,300.000,325.000,-1,-1,-1,-1,950.000,-1,-1,-1,2,0,2,0,2,0,0,0,0,2,2,2,2,0,2,2,2
232,735.318,-16.050,303.062,111.230,-0.363065,-0.931382,0.026682,0.931292,-0.361821,0.042202,-0.029652,0.040171,0.998753,0,0.84557,0.46268,50.734,0.925,-1,425.000,-1,450.000,-1,350.000,350.000,300.000,325.000,-1,-1,-1,-1,950.000,-1,-1,-1,2,0,2,0,2,0,0,0,0,2,2,2,2,0,2,2,2
233,715.986,30.857,301.552,112.395,-0.382167,-0.923604,0.030062,0.923529,-0.380596,0.047331,-0.032274,0.045852,0.998427,0,0.84557,0.58268,50.734,1.165,-1,425.000,-1,450.000,-1,350.000,350.000,325.000,300.000,-1,-1,-1,-1,950.000,1000.000,-1,-1,2,0,2,0,2,0,0,0,0,2,2,2,2,0,0,2,2
234,695.509,77.275,300.004,113.801,-0.404941,-0.913753,0.032833,0.913686,-0.403028,0.052407,-0.034655,0.051221,0.998086,0,0.84557,0.70268,50.734,1.405,-1,425.000,-1,450.000,-1,350.000,350.000,325.000,300.000,-1,-1,-1,-1,950.000,975.000,-1,-1,2,0,2,0,2,0,0,0,0,2,2,2,2,0,0,2,2
235,673.709,123.087,297.894,115.446,-0.431118,-0.901668,0.033634,0.901607,-0.429034,0.055088,-0.035241,0.054074,0.997915,0,0.84557,0.82268,50.734,1.645,-1,425.000,-1,450.000,-1,350.000,350.000,325.000,300.000,-1,-1,-1,-1,950.000,975.000,-1,-1,2,0,2,0,2,0,0,0,0,2,2,2,2,0,0,2,2
236,650.593,168.249,295.782,117.105,-0.457136,-0.888756,0.033763,0.888664,-0.454890,0.057886,-0.036088,0.056466,0.997752,0,0.84557,0.82924,50.734,1.658,-1,425.000,-1,425.000,-1,350.000,350.000,325.000,300.000,-1,-1,-1,-1,925.000,950.000,-1,-1,2,0,2,0,2,0,0,0,0,2,2,2,2,0,0,2,2
237,626.180,212.723,293.409,118.763,-0.482755,-0.875176,0.031853,0.874927,-0.480399,0.060985,-0.038070,0.057310,0.997630,0,0.84557,0.82924,50.734,1.658,-1,425.000,-1,425.000,-1,350.000,350.000,325.000,300.000,-1,-1,-1,-1,900.000,925.000,-1,-1,2,0,2,0,2,0,0,0,0,2,2,2,2,0,0,2,2
238,600.490,256.472,291.098,120.422,-0.507961,-0.860859,0.029944,0.860456,-0.505500,0.063917,-0.039887,0.058233,0.997506,0,0.84557,0.82924,50.734,1.658,-1,425.000,-1,425.000,-1,325.000,350.000,325.000,300.000,-1,-1,-1,-1,900.000,925.000,-1,-1,2,0,2,0,2,0,0,0,0,2,2,2,2,0,0,2,2
239,573.545,299.459,288.848,122.080,-0.532733,-0.845818,0.028071,0.845264,-0.530171,0.066689,-0.041524,0.059255,0.997379,0,0.84557,0.82924,50.734,1.658,-1,425.000,-1,425.000,-1,325.000,325.000,325.000,300.000,-1,-1,-1,-1,875.000,900.000,-1,-1,2,0,2,0,2,0,0,0,0,2,2,2,2,0,0,2,2
240,545.366,341.648,286.706,123.739,-0.557049,-0.830072,0.026029,0.829360,-0.554397,0.069330,-0.043118,0.060207,0.997254,0,0.84557,0.82924,50.734,1.658,-1,400.000,-1,425.000,-1,325.000,325.000,325.000,325.000,-1,-1,-1,-1,850.000,875.000,-1,-1,2,0,2,0,2,0,0,0,0,2,2,2,2,0,0,2,2
241,515.979,383.004,284.676,125.397,-0.580888,-0.813635,0.023823,0.812757,-0.578158,0.071832,-0.044672,0.061089,0.997132,0,0.84557,0.82924,50.734,1.658,-1,400.000,-1,425.000,-1,325.000,325.000,300.000,325.000,-1,-1,-1,-1,825.000,850.000,-1,-1,2,0,2,0,2,0,0,0,0,2,2,2,2,0,0,2,2
242,485.407,423.492,282.761,127.056,-0.604229,-0.796521,0.021459,0.795471,-0.601434,0.074189,-0.046187,0.061897,0.997013,0,0.84557,0.82924,50.734,1.658,-1,400.000,-1,425.000,-1,325.000,325.000,300.000,325.000,-1,-1,-1,-1,825.000,850.000,-1,-1,2,0,2,0,2,0,0,0,0,2,2,2,2,0,0,2,2
243,453.675,463.078,280.498,128.714,-0.627089,-0.778661,0.021123,0.777570,-0.624138,0.076392,-0.046300,0.064329,0.996854,0,0.84557,0.82924,50.734,1.658,-1,400.000,-1,400.000,-1,325.000,325.000,300.000,325.000,-1,-1,-1,-1,800.000,825.000,-1,-1,2,0,2,0,2,0,0,0,0,2,2,2,2,0,0,2,2
244,420.810,501.728,278.204,130.373,-0.649426,-0.760125,0.021344,0.759036,-0.646289,0.078580,-0.045936,0.067233,0.996679,0,0.84557,0.82924,50.734,1.658,-1,400.000,-1,400.000,-1,325.000,325.000,300.000,325.000,-1,-1,-1,-1,800.000,825.000,-1,-1,2,0,2,0,2,0,0,0,0,2,2,2,2,0,0,2,2
245,386.840,539.410,276.027,132.031,-0.671211,-0.740956,0.021445,0.739867,-0.667887,0.080769,-0.045524,0.070080,0.996502,0,0.84557,0.82924,50.734,1.658,-1,400.000,-1,400.000,-1,325.000,325.000,300.000,325.000,-1,-1,-1,-1,800.000,800.000,-1,-1,2,0,2,0,2,0,0,0,0,2,2,2,2,0,0,2,2
246,351.794,576.094,273.893,133.690,-0.692439,-0.721157,0.021473,0.720054,-0.688900,0.083307,-0.045285,0.073146,0.996293,0,0.84557,0.82924,50.734,1.658,-1,400.000,-1,400.000,-1,325.000,325.000,300.000,325.000,-1,-1,-1,-1,800.000,775.000,-1,-1,2,0,2,0,2,0,0,0,0,2,2,2,2,0,0,2,2
247,315.701,611.747,271.820,135.348,-0.713089,-0.700747,0.021389,0.699616,-0.709311,0.086109,-0.045170,0.076368,0.996056,0,0.84557,0.82924,50.734,1.658,-1,400.000,-1,400.000,-1,325.000,325.000,300.000,300.000,-1,-1,-1,-1,775.000,775.000,-1,-1,2,0,2,0,2,0,0,0,0,2,2,2,2,0,0,2,2
248,278.591,646.341,269.887,137.006,-0.733130,-0.679759,0.021143,0.678600,-0.729118,0.088817,-0.044958,0.079462,0.995824,0,0.84557,0.82924,50.734,1.658,-1,400.000,-1,400.000,-1,325.000,325.000,300.000,300.000,-1,-1,-1,-1,775.000,750.000,-1,-1,2,0,2,0,2,0,0,0,0,2,2,2,2,0,0,2,2
249,240.496,679.847,267.978,138.665,-0.752525,-0.658238,0.020717,0.657073,-0.748334,0.090839,-0.044291,0.081971,0.995650,0,0.84557,0.82924,50.734,1.658,-1,400.000,-1,400.000,-1,325.000,325.000,300.000,300.000,-1,-1,-1,-1,775.000,725.000,-1,-1,2,0,2,0,2,0,0,0,0,2,2,2,2,0,0,2,2
250,201.447,712.236,266.198,140.323,-0.771277,-0.636180,0.020178,0.635011,-0.766921,0.092702,-0.043500,0.084312,0.995489,0,0.84557,0.82924,50.734,1.658,-1,400.000,-1,375.000,-1,325.000,325.000,300.000,300.000,-1,-1,-1,-1,775.000,725.000,-1,-1,2,0,2,0,2,0,0,0,0,2,2,2,2,0,0,2,2
251,161.477,743.481,264.473,141.982,-0.789361,-0.613618,0.019544,0.612466,-0.784885,0.094023,-0.042354,0.086188,0.995378,0,0.84557,0.82924,50.734,1.658,-1,400.000,-1,375.000,-1,325.000,325.000,300.000,300.000,-1,-1,-1,-1,775.000,725.000,-1,-1,2,0,2,0,2,0,0,0,0,2,2,2,2,0,0,2,2
252,120.621,773.557,262.520,143.640,-0.806720,-0.590631,0.018920,0.589581,-0.802296,0.093351,-0.039956,0.086463,0.995453,0,0.84557,0.82924,50.734,1.658,-1,400.000,-1,375.000,-1,325.000,325.000,300.000,300.000,-1,-1,-1,-1,775.000,700.000,-1,-1,2,0,2,0,2,0,0,0,0,2,2,2,2,0,0,2,2
253,78.911,802.439,260.678,145.299,-0.823406,-0.567161,0.018183,0.566206,-0.819052,0.092548,-0.037597,0.086500,0.995542,0,0.84557,0.82924,50.734,1.658,-1,400.000,-1,375.000,-1,325.000,325.000,300.000,300.000,-1,-1,-1,-1,775.000,700.000,-1,-1,2,0,2,0,2,0,0,0,0,2,2,2,2,0,0,2,2
254,40.512,827.645,259.069,146.717,-0.837132,-0.546728,0.017294,0.545834,-0.832865,0.091660,-0.035709,0.086172,0.995640,0,0.76557,0.70924,45.934,1.418,-1,400.000,-1,375.000,-1,325.000,325.000,300.000,300.000,-1,-1,-1,-1,750.000,700.000,-1,-1,2,0,2,0,2,0,0,0,0,2,2,2,2,0,0,2,2
255,2.994,851.185,257.613,147.896,-0.848146,-0.529505,0.016500,0.528662,-0.843969,0.090738,-0.034121,0.085682,0.995738,0,0.73820,0.58924,44.292,1.178,-1,400.000,-1,375.000,-1,325.000,325.000,300.000,300.000,-1,-1,-1,-1,750.000,700.000,-1,-1,2,0,2,0,2,0,0,0,0,2,2,2,2,0,0,2,2
256,-34.905,874.106,256.235,148.834,-0.856660,-0.515640,0.015764,0.514834,-0.852577,0.089768,-0.032848,0.085017,0.995838,0,0.73820,0.46924,44.292,0.938,-1,400.000,-1,375.000,-1,325.000,325.000,300.000,300.000,-1,-1,-1,-1,750.000,700.000,-1,-1,2,0,2,0,2,0,0,0,0,2,2,2,2,0,0,2,2
257,-73.081,896.565,254.917,149.533,-0.862845,-0.505243,0.015097,0.504462,-0.858859,0.088770,-0.031884,0.084211,0.995938,0,0.73820,0.34924,44.292,0.698,-1,400.000,-1,375.000,-1,325.000,325.000,300.000,300.000,-1,-1,-1,-1,750.000,675.000,-1,-1,2,0,2,0,2,0,0,0,0,2,2,2,2,0,0,2,2
258,-111.435,918.716,253.522,149.991,-0.866832,-0.498375,0.015021,0.497644,-0.862910,0.087963,-0.030877,0.083724,0.996011,0,0.73820,0.22924,44.292,0.458,-1,400.000,-1,375.000,-1,325.000,300.000,300.000,300.000,-1,-1,-1,-1,750.000,675.000,-1,-1,2,0,2,0,2,0,0,0,0,2,2,2,2,0,0,2,2
259,-149.874,940.722,252.171,150.210,-0.868703,-0.495107,0.014943,0.494410,-0.864850,0.087135,-0.030217,0.083082,0.996084,0,0.73820,0.10924,44.292,0.218,-1,400.000,-1,375.000,-1,325.000,300.000,300.000,300.000,-1,-1,-1,-1,725.000,675.000,-1,-1,2,0,2,0,2,0,0,0,0,2,2,2,2,0,0,2,2
260,-188.304,962.743,250.850,150.188,-0.868501,-0.495465,0.014842,0.494783,-0.864721,0.086294,-0.029922,0.082290,0.996159,0,0.73820,-0.01076,44.292,-0.022,-1,400.000,-1,375.000,-1,325.000,300.000,300.000,300.000,-1,-1,-1,-1,725.000,675.000,-1,-1,2,0,2,0,2,0,0,0,0,2,2,2,2,0,0,2,2
261,-226.634,984.939,249.545,149.927,-0.866220,-0.499445,0.014741,0.498764,-0.862518,0.085423,-0.029950,0.081347,0.996236,0,0.73820,-0.13076,44.292,-0.262,-1,400.000,-1,375.000,-1,325.000,300.000,300.000,300.000,-1,-1,-1,-1,725.000,650.000,-1,-1,2,0,2,0,2,0,0,0,0,2,2,2,2,0,0,2,2
262,-264.767,1007.469,248.246,149.425,-0.861809,-0.507021,0.014644,0.506328,-0.858190,0.084511,-0.030281,0.080247,0.996315,0,0.73820,-0.25076,44.292,-0.502,-1,375.000,-1,375.000,-1,300.000,300.000,300.000,300.000,-1,-1,-1,-1,725.000,650.000,-1,-1,2,0,2,0,2,0,0,0,0,2,2,2,2,0,0,2,2
263,-302.606,1030.492,246.937,148.684,-0.855174,-0.518137,0.014552,0.517419,-0.851642,0.083563,-0.030904,0.078990,0.996396,0,0.73820,-0.37076,44.292,-0.742,-1,375.000,-1,375.000,-1,300.000,300.000,300.000,325.000,-1,-1,-1,-1,700.000,650.000,-1,-1,2,0,2,0,2,0,0,0,0,2,2,2,2,0,0,2,2
264,-340.046,1054.160,245.664,147.702,-0.846176,-0.532698,0.014761,0.531965,-0.842720,0.082687,-0.031608,0.077820,0.996466,0,0.73820,-0.49076,44.292,-0.982,-1,375.000,-1,375.000,-1,300.000,300.000,300.000,325.000,-1,-1,-1,-1,700.000,650.000,-1,-1,2,0,2,0,2,0,0,0,0,2,2,2,2,0,0,2,2
265,-376.972,1078.620,244.426,146.481,-0.834637,-0.550586,0.015347,0.549850,-0.831239,0.081895,-0.032334,0.076791,0.996523,0,0.73820,-0.61076,44.292,-1.222,-1,375.000,-1,375.000,-1,300.000,300.000,300.000,325.000,-1,-1,-1,-1,700.000,625.000,-1,-1,2,0,2,0,2,0,0,0,0,2,2,2,2,0,0,2,2
266,-413.263,1104.014,243.155,145.019,-0.820336,-0.571657,0.016045,0.570915,-0.816995,0.081083,-0.033243,0.075676,0.996578,0,0.73820,-0.73076,44.292,-1.462,-1,375.000,-1,375.000,-1,300.000,300.000,325.000,325.000,-1,-1,-1,-1,700.000,625.000,-1,-1,2,0,2,0,2,0,0,0,0,2,2,2,2,0,0,2,2
267,-448.882,1130.341,241.786,143.533,-0.805233,-0.592719,0.016846,0.591991,-0.801974,0.079908,-0.033853,0.074317,0.996660,0,0.73820,-0.74322,44.292,-1.486,-1,375.000,-1,375.000,-1,300.000,300.000,325.000,325.000,-1,-1,-1,-1,700.000,625.000,-1,1000.000,2,0,2,0,2,0,0,0,0,2,2,2,2,0,0,2,0
268,-483.807,1157.583,240.330,142.046,-0.789580,-0.613392,0.017715,0.612696,-0.786418,0.078422,-0.034172,0.072774,0.996763,0,0.73820,-0.74322,44.292,-1.486,-1,375.000,-1,375.000,-1,300.000,300.000,325.000,325.000,-1,-1,-1,-1,700.000,625.000,-1,1000.000,2,0,2,0,2,0,0,0,0,2,2,2,2,0,0,2,0
269,-518.013,1185.722,238.848,140.560,-0.773392,-0.633655,0.018632,0.632995,-0.770325,0.076914,-0.034385,0.071279,0.996864,0,0.73820,-0.74322,44.292,-1.486,-1,375.000,-1,350.000,-1,300.000,300.000,325.000,325.000,-1,725.000,-1,-1,700.000,625.000,-1,1000.000,2,0,2,0,2,0,0,0,0,2,0,2,2,0,0,2,0
270,-551.478,1214.739,237.339,139.074,-0.756681,-0.653491,0.019592,0.652874,-0.753706,0.075383,-0.034495,0.069832,0.996962,0,0.73820,-0.74322,44.292,-1.486,-1,375.000,-1,350.000,-1,300.000,300.000,325.000,325.000,-1,650.000,750.000,-1,700.000,600.000,-1,1000.000,2,0,2,0,2,0,0,0,0,2,0,0,2,0,0,2,0
271,-584.178,1244.614,235.893,137.587,-0.739454,-0.672886,0.020822,0.672337,-0.736571,0.073671,-0.034235,0.068476,0.997065,0,0.73820,-0.74322,44.292,-1.486,-1,375.000,-1,350.000,-1,300.000,300.000,325.000,325.000,-1,575.000,650.000,-1,700.000,600.000,-1,1000.000,2,0,2,0,2,0,0,0,0,2,0,0,2,0,0,2,0
272,-616.093,1275.327,234.658,136.101,-0.721690,-0.691867,0.021994,0.691420,-0.718973,0.070829,-0.033192,0.066324,0.997246,0,0.73820,-0.74322,44.292,-1.486,-1,375.000,-1,350.000,-1,300.000,300.000,325.000,325.000,-1,500.000,575.000,-1,675.000,600.000,-1,-1,2,0,2,0,2,0,0,0,0,2,0,0,2,0,0,2,2
273,-647.200,1306.858,233.384,134.614,-0.703435,-0.710387,0.023020,0.710034,-0.700885,0.067917,-0.032113,0.064120,0.997425,0,0.73820,-0.74322,44.292,-1.486,-1,375.000,-1,350.000,-1,300.000,300.000,325.000,325.000,-1,450.000,500.000,-1,675.000,625.000,-1,-1,2,0,2,0,2,0,0,0,0,2,0,0,2,0,0,2,2
274,-677.478,1339.185,232.072,133.128,-0.684701,-0.728433,0.023896,0.728165,-0.682318,0.064945,-0.031003,0.061868,0.997603,0,0.73820,-0.74322,44.292,-1.486,-1,375.000,-1,350.000,-1,300.000,300.000,325.000,325.000,-1,400.000,450.000,-1,675.000,625.000,-1,-1,2,0,2,0,2,0,0,0,0,2,0,0,2,0,0,2,2
275,-706.908,1372.287,230.723,131.641,-0.665501,-0.745991,0.024618,0.745800,-0.663286,0.061926,-0.029867,0.059572,0.997777,0,0.73820,-0.74322,44.292,-1.486,-1,375.000,-1,350.000,-1,300.000,300.000,325.000,325.000,-1,350.000,425.000,-1,650.000,625.000,-1,-1,2,0,2,0,2,0,0,0,0,2,0,0,2,0,0,2,2
276,-735.470,1406.140,229.348,130.155,-0.645850,-0.763048,0.025209,0.762923,-0.643797,0.058939,-0.028744,0.057299,0.997943,0,0.73820,-0.74322,44.292,-1.486,-1,375.000,-1,350.000,-1,300.000,300.000,300.000,325.000,-1,350.000,400.000,-1,650.000,625.000,-1,-1,2,0,2,0,2,0,0,0,0,2,0,0,2,0,0,2,2
277,-763.143,1440.724,228.062,128.669,-0.625783,-0.779571,0.025776,0.779495,-0.623851,0.056550,-0.028005,0.055480,0.998067,0,0.73820,-0.74322,44.292,-1.486,-1,375.000,-1,350.000,-1,300.000,300.000,300.000,325.000,-1,350.000,375.000,-1,650.000,625.000,-1,-1,2,0,2,0,2,0,0,0,0,2,0,0,2,0,0,2,2
278,-789.996,1476.130,226.756,127.179,-0.605247,-0.795606,0.026203,0.795569,-0.603433,0.054205,-0.027314,0.053654,0.998186,0,0.74062,-0.74488,44.437,-1.490,-1,375.000,-1,350.000,-1,300.000,300.000,300.000,325.000,-1,350.000,375.000,-1,650.000,625.000,-1,-1,2,0,2,0,2,0,0,0,0,2,0,0,2,0,0,2,2
279,-816.064,1512.431,225.428,125.684,-0.584224,-0.811160,0.026495,0.811154,-0.582524,0.051912,-0.026674,0.051820,0.998300,0,0.74485,-0.74762,44.691,-1.495,-1,350.000,-1,350.000,-1,300.000,300.000,300.000,325.000,-1,350.000,375.000,-1,625.000,625.000,-1,-1,2,0,2,0,2,0,0,0,0,2,0,0,2,0,0,2,2
280,-841.321,1549.620,224.336,124.183,-0.562725,-0.826169,0.028009,0.826258,-0.561105,0.049574,-0.025240,0.051039,0.998378,0,0.74923,-0.75026,44.954,-1.501,-1,350.000,-1,350.000,-1,300.000,300.000,300.000,325.000,-1,350.000,375.000,-1,625.000,650.000,-1,-1,2,0,2,0,2,0,0,0,0,2,0,0,2,0,0,2,2
281,-865.138,1586.403,223.469,122.922,-0.544351,-0.838305,0.030440,0.838541,-0.542790,0.047188,-0.023036,0.051212,0.998422,0,0.73035,-0.63026,43.821,-1.261,-1,350.000,-1,350.000,-1,300.000,300.000,300.000,325.000,-1,350.000,350.000,-1,625.000,650.000,-1,-1,2,0,2,0,2,0,0,0,0,2,0,0,2,0,0,2,2
282,-888.438,1623.832,222.609,121.902,-0.529257,-0.847826,0.032835,0.848211,-0.527765,0.044744,-0.020606,0.051532,0.998459,0,0.73482,-0.51026,44.089,-1.021,-1,375.000,-1,375.000,-1,300.000,300.000,300.000,325.000,-1,325.000,325.000,-1,650.000,650.000,-1,-1,2,0,2,0,2,0,0,0,0,2,0,0,2,0,0,2,2
283,-911.366,1661.807,221.768,121.121,-0.517570,-0.854916,0.035204,0.855453,-0.516155,0.042253,-0.017952,0.051985,0.998487,0,0.73933,-0.39026,44.360,-0.781,-1,375.000,-1,375.000,-1,300.000,300.000,325.000,325.000,-1,325.000,300.000,-1,650.000,675.000,-1,-1,2,0,2,0,2,0,0,0,0,2,0,0,2,0,0,2,2
284,-934.073,1700.230,220.994,120.581,-0.509386,-0.859715,0.037631,0.860404,-0.508047,0.039914,-0.015196,0.052710,0.998494,0,0.74384,-0.27026,44.630,-0.541,-1,375.000,-1,375.000,-1,300.000,300.000,325.000,325.000,-1,300.000,300.000,-1,650.000,675.000,-1,-1,2,0,2,0,2,0,0,0,0,2,0,0,2,0,0,2,2
285,-956.712,1739.001,220.257,120.280,-0.504759,-0.862331,0.040054,0.863174,-0.503509,0.037533,-0.012199,0.053519,0.998492,0,0.74830,-0.15026,44.898,-0.301,-1,375.000,-1,375.000,-1,300.000,300.000,325.000,325.000,-1,300.000,275.000,-1,650.000,675.000,-1,-1,2,0,2,0,2,0,0,0,0,2,0,0,2,0,0,2,2
286,-979.443,1778.024,219.556,120.220,-0.503718,-0.862824,0.042459,0.863822,-0.502576,0.035057,-0.008910,0.054336,0.998483,0,0.75266,-0.03026,45.160,-0.061,-1,375.000,-1,375.000,975.000,300.000,300.000,325.000,325.000,-1,275.000,275.000,-1,675.000,700.000,-1,-1,2,0,2,0,1,0,0,0,0,2,0,0,2,0,0,2,2
287,-1002.423,1817.193,219.119,120.399,-0.506294,-0.861244,0.043863,0.862340,-0.505276,0.032649,-0.005956,0.054354,0.998504,0,0.75688,0.08974,45.413,0.179,-1,375.000,-1,375.000,950.000,300.000,300.000,325.000,325.000,-1,275.000,275.000,-1,675.000,700.000,-1,-1,2,0,2,0,1,0,0,0,0,2,0,0,2,0,0,2,2
288,-1025.655,1856.493,218.872,120.588,-0.509017,-0.859597,0.044658,0.860750,-0.508128,0.030248,-0.003309,0.053836,0.998544,0,0.76089,0.09450,45.653,0.189,-1,375.000,-1,375.000,925.000,300.000,300.000,325.000,325.000,-1,300.000,300.000,-1,675.000,700.000,-1,1000.000,2,0,2,0,1,0,0,0,0,2,0,0,2,0,0,2,1
289,-1049.129,1895.919,218.669,120.770,-0.511620,-0.858007,0.045474,0.859211,-0.510862,0.027860,-0.000674,0.053325,0.998577,0,0.76475,0.09072,45.885,0.181,-1,375.000,-1,375.000,875.000,300.000,300.000,325.000,325.000,-1,300.000,300.000,-1,675.000,700.000,-1,1000.000,2,0,2,0,1,0,0,0,0,2,0,0,2,0,0,2,1
290,-1072.837,1935.464,218.518,120.943,-0.514098,-0.856481,0.046294,0.857729,-0.513472,0.025447,0.001976,0.052790,0.998604,0,0.76846,0.08674,46.108,0.173,-1,375.000,-1,375.000,850.000,300.000,300.000,325.000,325.000,-1,300.000,300.000,-1,700.000,725.000,-1,1000.000,2,0,2,0,1,0,0,0,0,2,0,0,2,0,1,2,1
291,-1096.769,1975.124,218.421,121.108,-0.516445,-0.855023,0.047115,0.856308,-0.515954,0.023003,0.004641,0.052225,0.998625,0,0.77201,0.08256,46.321,0.165,-1,375.000,-1,375.000,825.000,300.000,300.000,325.000,325.000,-1,300.000,325.000,-1,700.000,725.000,-1,1000.000,2,0,2,0,1,0,0,0,0,2,0,0,2,0,1,2,1
292,-1120.914,2014.890,218.378,121.265,-0.518655,-0.853638,0.047938,0.854952,-0.518301,0.020530,0.007321,0.051633,0.998639,0,0.77537,0.07817,46.522,0.156,-1,375.000,-1,375.000,800.000,300.000,325.000,325.000,325.000,-1,300.000,325.000,-1,700.000,700.000,-1,-1,2,0,2,0,1,0,0,0,0,2,0,0,2,0,1,2,2
293,-1145.259,2054.756,218.402,121.412,-0.520725,-0.852330,0.048779,0.853666,-0.520506,0.018078,0.009981,0.051055,0.998646,0,0.77854,0.07356,46.712,0.147,-1,375.000,-1,400.000,775.000,300.000,325.000,325.000,325.000,-1,300.000,325.000,-1,700.000,700.000,-1,-1,2,0,2,0,1,0,0,0,0,2,0,0,2,0,1,2,2
294,-1169.794,2094.714,218.854,121.549,-0.522690,-0.851039,0.050270,0.852446,-0.522525,0.017412,0.011449,0.051954,0.998584,0,0.78148,0.06872,46.889,0.137,-1,375.000,-1,400.000,750.000,325.000,325.000,325.000,325.000,-1,325.000,350.000,-1,725.000,700.000,-1,-1,2,0,2,0,1,0,0,0,0,2,0,0,2,0,1,2,2
295,-1194.502,2134.755,219.376,121.677,-0.524500,-0.849835,0.051776,0.851313,-0.524389,0.016792,0.012881,0.052884,0.998518,0,0.78418,0.06365,47.051,0.127,-1,375.000,-1,400.000,725.000,325.000,325.000,325.000,325.000,-1,375.000,375.000,-1,725.000,700.000,-1,-1,2,0,2,0,1,0,0,0,0,2,0,0,2,0,1,2,2
296,-1219.369,2174.871,219.928,121.793,-0.526157,-0.848729,0.053085,0.850270,-0.526096,0.016242,0.014143,0.053682,0.998458,0,0.78663,0.05833,47.198,0.117,-1,375.000,-1,400.000,700.000,325.000,325.000,325.000,325.000,-1,400.000,425.000,-1,725.000,700.000,-1,-1,2,0,2,0,1,0,0,0,0,2,0,0,2,0,1,2,2
297,-1244.378,2215.050,220.473,121.899,-0.527664,-0.847735,0.053998,0.849319,-0.527644,0.015786,0.015109,0.054191,0.998416,0,0.78879,0.05277,47.327,0.106,-1,375.000,-1,400.000,700.000,325.000,325.000,325.000,325.000,-1,425.000,450.000,-1,750.000,700.000,-1,-1,2,0,2,0,1,0,0,0,0,2,0,0,2,0,1,2,2
298,-1269.512,2255.283,221.101,121.993,-0.528994,-0.846842,0.054992,0.848473,-0.529015,0.015368,0.016077,0.054789,0.998369,0,0.79064,0.04695,47.438,0.094,-1,375.000,-1,400.000,675.000,325.000,325.000,300.000,325.000,-1,450.000,475.000,-1,750.000,725.000,-1,-1,2,0,2,0,1,0,0,0,0,2,0,0,2,0,1,2,2
299,-1294.751,2295.557,221.774,122.074,-0.530150,-0.846061,0.055865,0.847735,-0.530208,0.015012,0.016919,0.055317,0.998325,0,0.79215,0.04087,47.529,0.082,-1,375.000,-1,400.000,650.000,325.000,325.000,300.000,325.000,-1,500.000,500.000,-1,775.000,750.000,-1,-1,2,0,2,1,1,0,0,0,0,2,0,0,2,0,1,2,2
