timestep,x_cm,y_cm,z_cm,yaw_deg,teleport_flag,throttle_cmd,steering_cmd,cmd_move_cm,cmd_turn_deg,lidar_cm_0,lidar_cm_1,lidar_cm_2,lidar_cm_3,lidar_cm_4,lidar_cm_5,lidar_cm_6,lidar_cm_7,lidar_cm_8,lidar_cm_9,lidar_cm_10,lidar_cm_11,lidar_cm_12,lidar_cm_13,lidar_cm_14,lidar_cm_15,lidar_cm_16,lidar_class_0,lidar_class_1,lidar_class_2,lidar_class_3,lidar_class_4,lidar_class_5,lidar_class_6,lidar_class_7,lidar_class_8,lidar_class_9,lidar_class_10,lidar_class_11,lidar_class_12,lidar_class_13,lidar_class_14,lidar_class_15,lidar_class_16
0,15602.764,17864.709,-349.795,-103.093,1,0.08000,0.12000,9.600,1.080,-1,400.000,-1,400.000,-1,325.000,325.000,300.000,300.000,-1,-1,-1,975.000,775.000,775.000,-1,-1,2,0,2,0,2,0,0,0,0,2,2,2,0,0,0,2,2
2,15595.267,17817.317,-338.975,-97.693,0,0.24000,0.36000,28.800,3.240,-1,400.000,-1,400.000,-1,325.000,325.000,300.000,300.000,-1,-1,-1,925.000,800.000,750.000,-1,-1,2,0,2,0,2,0,0,0,0,2,2,2,0,0,0,2,2
4,15594.706,17731.014,-318.605,-87.973,0,0.40000,0.60000,48.000,5.400,-1,400.000,-1,400.000,-1,325.000,325.000,325.000,300.000,-1,-1,-1,925.000,825.000,750.000,-1,-1,2,0,2,0,2,0,0,0,0,2,2,2,0,0,0,2,2
6,15621.825,17609.472,-288.254,-73.933,0,0.56000,0.84000,67.200,7.560,-1,400.000,-1,400.000,-1,325.000,325.000,325.000,325.000,-1,625.000,425.000,975.000,-1,825.000,-1,-1,2,0,2,0,2,0,0,0,0,2,0,0,0,2,0,2,2
8,15700.440,17469.976,-250.087,-56.293,0,0.69848,1.00000,83.817,9.000,-1,550.000,-1,425.000,-1,350.000,350.000,350.000,300.000,-1,475.000,475.000,-1,-1,-1,-1,-1,2,0,2,0,2,0,0,0,0,2,0,0,2,2,2,2,2
10,15823.073,17356.444,-215.045,-38.293,0,0.69848,1.00000,83.817,9.000,-1,675.000,-1,525.000,-1,450.000,425.000,375.000,300.000,-1,875.000,950.000,-1,-1,-1,-1,-1,2,0,2,0,2,0,0,0,0,2,0,0,2,2,2,2,2
12,15974.787,17286.365,-189.908,-20.293,0,0.69848,1.00000,83.817,9.000,-1,700.000,-1,800.000,-1,525.000,550.000,375.000,300.000,-1,-1,-1,-1,-1,-1,-1,-1,2,0,2,0,2,0,0,0,0,2,2,2,2,2,2,2,2
14,16140.732,17266.598,-183.394,-2.293,0,0.69848,1.00000,83.817,9.000,-1,375.000,-1,450.000,-1,325.000,350.000,350.000,300.000,-1,-1,-1,-1,675.000,-1,-1,-1,2,0,2,0,2,0,0,0,0,2,2,2,2,0,2,2,2
16,16304.663,17299.078,-197.936,15.707,0,0.69848,1.00000,83.817,9.000,-1,375.000,-1,400.000,-1,300.000,325.000,400.000,325.000,-1,-1,-1,-1,650.000,875.000,-1,-1,2,0,2,0,2,0,0,0,0,2,2,2,2,0,0,2,2
18,16450.534,17380.626,-218.915,33.707,0,0.69848,1.00000,83.817,9.000,-1,350.000,-1,375.000,-1,300.000,300.000,350.000,450.000,-1,-1,-1,-1,575.000,675.000,-1,-1,2,0,2,0,2,0,0,0,0,2,2,2,2,0,0,2,2
20,16564.066,17503.259,-248.782,51.707,0,0.69848,1.00000,83.817,9.000,-1,375.000,-1,350.000,-1,300.000,275.000,350.000,400.000,-1,-1,-1,-1,700.000,575.000,-1,-1,2,0,2,0,2,0,0,0,0,2,2,2,2,0,0,2,2
22,16634.145,17654.974,-281.161,69.707,0,0.69848,1.00000,83.817,9.000,-1,425.000,-1,350.000,-1,325.000,300.000,325.000,350.000,-1,850.000,-1,-1,1000.000,650.000,-1,-1,2,0,2,0,2,0,0,0,0,2,0,2,2,0,0,2,2
24,16653.913,17820.918,-314.383,87.707,0,0.69848,1.00000,83.817,9.000,-1,525.000,-1,425.000,-1,375.000,350.000,325.000,300.000,-1,-1,-1,-1,-1,800.000,-1,-1,2,0,2,0,2,0,0,0,0,2,2,2,2,2,0,2,2
26,16621.432,17984.850,-347.451,105.707,0,0.69848,1.00000,83.817,9.000,-1,575.000,-1,500.000,-1,425.000,400.000,300.000,300.000,-1,-1,-1,-1,-1,-1,-1,-1,2,0,2,0,2,0,0,0,0,2,2,2,2,2,2,2,2
28,16543.999,18136.513,-385.825,120.467,0,0.71080,0.76000,85.295,6.840,-1,425.000,-1,425.000,-1,350.000,350.000,300.000,275.000,-1,-1,-1,-1,750.000,875.000,-1,-1,2,0,2,0,2,0,0,0,0,2,2,2,2,0,0,2,2
30,16437.737,18269.783,-425.206,130.907,0,0.71080,0.52000,85.295,4.680,-1,375.000,-1,425.000,-1,325.000,350.000,300.000,275.000,-1,-1,-1,-1,625.000,850.000,925.000,-1,2,0,2,0,2,0,0,0,0,2,2,2,2,0,0,0,2
32,16315.536,18388.755,-463.572,137.027,0,0.71080,0.28000,85.295,2.520,750.000,325.000,-1,375.000,-1,275.000,300.000,275.000,275.000,-1,-1,-1,-1,525.000,650.000,675.000,-1,0,0,2,0,2,0,0,0,0,2,2,2,2,0,0,0,2
34,16187.482,18501.463,-502.738,138.827,0,0.71080,0.04000,85.295,0.360,450.000,275.000,925.000,325.000,-1,250.000,250.000,275.000,275.000,-1,-1,-1,-1,425.000,500.000,400.000,-1,0,0,0,0,2,0,0,0,0,2,2,2,2,0,0,0,2
36,16052.953,18621.339,-545.023,138.467,0,0.79080,0.04000,94.895,0.360,-1,350.000,-1,325.000,-1,275.000,275.000,375.000,225.000,-1,0.000,0.000,425.000,575.000,550.000,900.000,-1,2,0,2,0,2,0,0,0,0,2,0,0,0,0,0,0,2
38,15903.602,18741.562,-574.231,142.427,0,0.79905,0.28000,95.887,2.520,-1,350.000,-1,325.000,-1,275.000,275.000,375.000,300.000,-1,25.000,0.000,450.000,575.000,-1,1000.000,-1,2,0,2,0,2,0,0,0,0,2,0,0,0,0,2,0,2
40,15740.458,18842.058,-592.892,150.707,0,0.79905,0.52000,95.887,4.680,-1,350.000,-1,325.000,-1,275.000,275.000,350.000,350.000,-1,100.000,75.000,575.000,625.000,-1,-1,-1,2,0,2,0,2,0,0,0,0,2,0,0,0,0,2,2,2
42,15560.700,18898.500,-595.788,163.307,0,0.79905,0.76000,95.887,6.840,-1,400.000,-1,325.000,-1,300.000,275.000,350.000,-1,-1,150.000,250.000,-1,725.000,-1,-1,-1,2,0,2,0,2,0,0,0,2,2,0,0,2,0,2,2,2
44,15371.238,18898.500,-583.449,173.747,0,0.79905,0.52000,95.887,4.680,-1,400.000,-1,325.000,-1,325.000,300.000,325.000,-1,750.000,300.000,450.000,-1,775.000,575.000,-1,-1,2,0,2,0,2,0,0,0,2,0,0,0,2,0,0,2,2
46,15170.913,18898.500,-570.401,179.867,0,0.87118,0.28000,104.542,2.520,-1,400.000,-1,350.000,-1,325.000,300.000,300.000,-1,750.000,600.000,700.000,-1,750.000,600.000,-1,-1,2,0,2,0,2,0,0,0,2,0,0,0,2,0,0,2,2
48,14961.901,18893.074,-555.916,181.667,0,0.87118,0.04000,104.542,0.360,-1,375.000,-1,350.000,-1,300.000,300.000,300.000,-1,750.000,825.000,950.000,-1,650.000,600.000,-1,-1,2,0,2,0,2,0,0,0,2,0,0,0,2,0,0,2,2
50,14752.596,18886.220,-541.326,182.304,0,0.87402,0.09540,104.882,0.859,-1,400.000,-1,400.000,-1,325.000,325.000,300.000,-1,575.000,0.000,150.000,-1,675.000,775.000,-1,-1,2,0,2,0,2,0,0,0,2,0,0,0,2,0,0,2,2
52,14543.961,18865.204,-518.723,187.261,0,0.87402,0.33540,104.882,3.019,975.000,375.000,-1,375.000,-1,300.000,325.000,300.000,-1,725.000,175.000,650.000,-1,625.000,750.000,1000.000,-1,0,0,2,0,2,0,0,0,2,0,0,0,2,0,0,0,2
54,14339.756,18817.762,-492.924,195.019,0,0.87402,0.43097,104.882,3.879,825.000,350.000,-1,375.000,-1,300.000,300.000,300.000,300.000,875.000,550.000,-1,-1,575.000,700.000,800.000,-1,0,0,2,0,2,0,0,0,0,0,0,2,2,0,0,0,2
56,14141.928,18742.225,-463.813,202.857,0,0.88605,0.43684,106.326,3.932,675.000,325.000,-1,325.000,-1,275.000,275.000,300.000,300.000,-1,-1,-1,-1,525.000,625.000,625.000,-1,0,0,2,0,2,0,0,0,0,2,2,2,2,0,0,0,2
58,13953.481,18638.635,-425.877,210.772,0,0.90018,0.44045,108.022,3.964,950.000,350.000,-1,375.000,-1,300.000,300.000,300.000,350.000,875.000,75.000,100.000,-1,575.000,750.000,725.000,-1,1,0,2,0,2,0,0,0,0,0,0,0,2,1,0,1,2
60,13778.213,18507.825,-380.884,218.711,0,0.91578,0.44101,109.894,3.969,1000.000,350.000,825.000,375.000,-1,300.000,300.000,350.000,350.000,950.000,150.000,175.000,-1,525.000,725.000,675.000,925.000,1,1,1,0,2,0,0,0,0,0,0,0,2,1,0,1,1
62,13619.832,18351.371,-330.116,226.610,0,0.93233,0.43773,111.880,3.940,-1,325.000,575.000,375.000,750.000,275.000,300.000,325.000,375.000,1000.000,200.000,200.000,-1,450.000,525.000,625.000,700.000,2,1,1,1,1,1,1,0,0,0,0,0,2,1,1,1,1
64,13481.744,18171.673,-274.260,234.384,0,0.94892,0.42942,113.871,3.865,-1,250.000,400.000,225.000,450.000,200.000,200.000,325.000,375.000,-1,200.000,250.000,-1,350.000,300.000,650.000,350.000,2,1,1,1,1,1,1,0,0,2,0,0,2,1,1,1,1
66,6896.049,-10348.486,-99.859,-11.545,1,0.00000,0.00000,115.651,3.727,625.000,400.000,750.000,350.000,400.000,325.000,300.000,100.000,325.000,150.000,-1,-1,-1,700.000,500.000,925.000,525.000,1,1,1,0,1,0,0,1,0,1,2,2,2,1,1,1,1
68,6924.488,-10353.003,-103.176,-8.305,0,0.16000,0.24000,19.200,2.160,575.000,400.000,775.000,350.000,425.000,325.000,300.000,100.000,300.000,225.000,-1,-1,-1,825.000,475.000,725.000,500.000,1,1,1,0,1,1,0,1,1,1,2,2,2,1,1,1,1
70,6991.572,-10356.045,-110.575,-0.745,0,0.32000,0.48000,38.400,4.320,525.000,425.000,-1,325.000,450.000,325.000,300.000,100.000,300.000,-1,-1,-1,-1,625.000,425.000,550.000,425.000,1,1,2,1,1,1,1,1,1,2,2,2,2,1,1,1,1
72,7095.929,-10341.027,-121.227,11.135,0,0.48000,0.72000,57.600,6.480,500.000,350.000,-1,300.000,300.000,325.000,300.000,100.000,300.000,-1,-1,-1,-1,475.000,425.000,450.000,300.000,1,1,2,1,1,1,1,1,1,2,2,2,2,1,1,1,1
74,7227.808,-10284.222,-133.767,27.335,0,0.64000,0.96000,76.800,8.640,525.000,300.000,475.000,400.000,250.000,250.000,275.000,100.000,275.000,-1,-1,-1,-1,350.000,625.000,425.000,-1,1,1,1,1,1,1,1,1,0,2,2,2,2,1,1,1,2
76,9391.099,-6406.353,-326.865,49.166,1,0.00000,0.00000,96.000,9.000,-1,650.000,-1,175.000,0.000,325.000,175.000,350.000,275.000,425.000,200.000,200.000,-1,-1,250.000,-1,0.000,2,0,2,1,1,1,1,0,1,1,0,0,2,2,1,2,1
78,9409.214,-6383.966,-323.813,51.409,0,0.16000,0.12914,19.200,1.162,-1,675.000,-1,175.000,0.000,350.000,200.000,350.000,225.000,425.000,175.000,225.000,-1,-1,325.000,-1,0.000,2,0,2,1,1,1,1,0,1,1,0,0,2,2,1,2,1
80,9449.521,-6330.199,-316.565,53.601,0,0.32000,0.11888,38.400,1.070,-1,725.000,-1,225.000,0.000,450.000,275.000,350.000,175.000,475.000,175.000,225.000,-1,-1,-1,-1,0.000,2,0,2,1,1,1,1,0,1,1,0,0,2,2,2,2,1
82,-13402.266,-18890.897,-101.476,52.367,1,0.08000,0.12000,9.600,1.080,-1,400.000,-1,425.000,-1,325.000,325.000,300.000,300.000,-1,-1,-1,-1,925.000,875.000,-1,-1,2,0,2,0,2,0,0,0,0,2,2,2,2,0,0,2,2
84,-13375.763,-18850.900,-99.688,57.767,0,0.24000,0.36000,28.800,3.240,-1,400.000,-1,425.000,-1,325.000,325.000,300.000,300.000,-1,-1,-1,-1,925.000,875.000,-1,-1,2,0,2,0,2,0,0,0,0,2,2,2,2,0,0,2,2
86,-13339.408,-18772.625,-96.623,67.487,0,0.40000,0.60000,48.000,5.400,-1,400.000,-1,425.000,-1,325.000,325.000,300.000,300.000,-1,-1,-1,-1,925.000,950.000,-1,-1,2,0,2,0,2,0,0,0,0,2,2,2,2,0,0,2,2
88,-13313.289,-18650.846,-92.569,81.261,0,0.56000,0.81047,67.200,7.294,-1,400.000,-1,425.000,-1,325.000,325.000,300.000,300.000,-1,-1,-1,-1,900.000,-1,-1,-1,2,0,2,0,2,0,0,0,0,2,2,2,2,0,2,2,2
90,-13320.158,-18488.120,-87.744,95.849,0,0.72000,0.81047,86.400,7.294,-1,400.000,-1,450.000,-1,325.000,350.000,300.000,300.000,-1,-1,-1,-1,875.000,-1,-1,-1,2,0,2,0,2,0,0,0,0,2,2,2,2,0,2,2,2
92,-13377.627,-18298.997,-82.082,110.438,0,0.85052,0.81047,102.063,7.294,-1,425.000,-1,475.000,-1,350.000,350.000,300.000,325.000,-1,750.000,600.000,-1,850.000,-1,-1,-1,2,0,2,0,2,0,0,0,0,2,0,0,2,0,2,2,2
94,-13486.447,-18117.554,-75.692,123.946,0,0.91518,0.69047,109.821,6.214,-1,425.000,-1,475.000,-1,350.000,375.000,325.000,350.000,-1,525.000,475.000,-1,900.000,-1,-1,-1,2,0,2,0,2,0,0,0,0,2,0,0,2,0,2,2,2
96,-13630.766,-17952.162,-72.684,133.135,0,0.91518,0.45047,109.821,4.054,-1,375.000,-1,400.000,-1,300.000,300.000,375.000,325.000,-1,-1,-1,-1,750.000,850.000,-1,-1,2,0,2,0,2,0,0,0,0,2,2,2,2,0,0,2,2
98,-13791.527,-17802.544,-72.439,138.003,0,0.91518,0.21047,109.821,1.894,-1,400.000,-1,400.000,-1,325.000,325.000,350.000,325.000,-1,-1,-1,-1,800.000,925.000,-1,-1,2,0,2,0,2,0,0,0,0,2,2,2,2,0,0,2,2
100,-13956.497,-17657.535,-71.163,138.551,0,0.91518,-0.02953,109.821,-0.266,-1,400.000,-1,450.000,-1,325.000,350.000,325.000,325.000,-1,-1,-1,-1,925.000,-1,-1,-1,2,0,2,0,2,0,0,0,0,2,2,2,2,0,2,2,2
102,-14114.570,-17504.841,-69.289,134.780,0,0.91672,-0.26953,110.007,-2.426,-1,425.000,-1,475.000,-1,350.000,375.000,300.000,375.000,-1,-1,-1,-1,1000.000,-1,-1,-1,2,0,2,0,2,0,0,0,0,2,2,2,2,0,2,2,2
104,-14273.055,-17335.990,-71.374,132.939,0,0.96692,-0.05498,116.030,-0.495,-1,400.000,-1,400.000,-1,325.000,325.000,350.000,325.000,-1,-1,-1,-1,875.000,775.000,-1,-1,2,0,2,0,2,0,0,0,0,2,2,2,2,0,0,2,2
106,-14429.435,-17162.918,-80.099,131.803,0,0.97342,-0.06591,116.811,-0.593,-1,425.000,-1,400.000,-1,325.000,325.000,325.000,300.000,-1,-1,-1,-1,925.000,825.000,-1,-1,2,0,2,0,2,0,0,0,0,2,2,2,2,0,0,2,2
108,-14582.637,-16985.468,-89.143,130.455,0,0.97776,-0.07799,117.331,-0.702,-1,450.000,-1,400.000,-1,350.000,350.000,325.000,300.000,-1,-1,-1,-1,975.000,950.000,-1,-1,2,0,2,0,2,0,0,0,0,2,2,2,2,0,0,2,2
110,-14731.442,-16803.568,-98.514,128.875,0,0.97950,-0.09112,117.540,-0.820,-1,475.000,-1,425.000,-1,375.000,350.000,350.000,300.000,-1,-1,-1,-1,-1,-1,-1,-1,2,0,2,0,2,0,0,0,0,2,2,2,2,2,2,2,2
112,-14874.511,-16617.259,-112.946,127.048,0,0.97832,-0.10500,117.398,-0.945,-1,400.000,-1,425.000,-1,325.000,325.000,300.000,325.000,-1,-1,-1,-1,800.000,950.000,-1,-1,2,0,2,0,2,0,0,0,0,2,2,2,2,0,0,2,2
114,-15010.511,-16426.734,-129.247,124.999,0,0.97418,-0.11569,116.901,-1.041,-1,400.000,-1,450.000,-1,325.000,350.000,300.000,325.000,-1,-1,-1,-1,800.000,925.000,-1,-1,2,0,2,0,2,0,0,0,0,2,2,2,2,0,1,2,2
116,-15138.529,-16232.517,-145.923,122.847,0,0.96744,-0.12058,116.093,-1.085,-1,425.000,-1,475.000,1000.000,350.000,350.000,300.000,325.000,-1,-1,-1,-1,800.000,1000.000,-1,-1,2,0,2,0,1,0,0,0,1,2,2,2,2,0,0,2,2
118,-15258.019,-16035.201,-164.504,120.645,0,0.95903,-0.12273,115.084,-1.105,-1,375.000,-1,375.000,600.000,300.000,300.000,325.000,325.000,-1,-1,-1,-1,650.000,700.000,-1,-1,2,0,2,0,1,0,0,0,0,2,2,2,2,0,0,2,2
120,-15371.607,-15830.719,-189.989,118.583,0,0.99470,-0.10632,119.364,-0.957,-1,375.000,-1,375.000,575.000,300.000,300.000,325.000,325.000,-1,-1,-1,-1,650.000,700.000,-1,850.000,2,0,2,0,1,0,0,0,0,2,2,2,2,0,0,2,1
122,-15479.726,-15618.383,-213.989,116.423,0,0.99184,-0.12475,119.021,-1.123,-1,375.000,-1,375.000,575.000,300.000,300.000,325.000,275.000,-1,-1,-1,-1,650.000,625.000,-1,650.000,2,0,2,0,1,0,0,0,1,2,2,2,2,0,1,2,1
124,-15579.990,-15420.726,-234.358,117.417,0,0.92056,0.11525,110.467,1.037,-1,375.000,-1,375.000,425.000,300.000,300.000,325.000,225.000,-1,-1,375.000,825.000,700.000,500.000,-1,475.000,2,0,2,1,1,0,0,0,1,2,2,0,1,0,1,2,1
126,-15692.336,-15234.658,-251.686,122.732,0,0.90026,0.35525,108.032,3.197,-1,375.000,-1,325.000,275.000,300.000,300.000,300.000,225.000,-1,400.000,350.000,775.000,775.000,500.000,-1,325.000,2,0,2,1,1,0,1,0,1,2,0,0,1,0,1,2,1
128,-15825.426,-15070.783,-264.803,131.226,0,0.87345,0.47297,104.814,4.257,-1,425.000,-1,400.000,275.000,325.000,325.000,300.000,275.000,-1,350.000,325.000,425.000,850.000,850.000,-1,-1,2,0,2,0,1,0,0,0,1,2,0,0,1,0,0,2,2
130,-15989.310,-14921.316,-274.038,139.755,0,0.91827,0.46804,110.193,4.212,-1,450.000,-1,450.000,-1,375.000,350.000,300.000,175.000,-1,325.000,350.000,450.000,975.000,900.000,-1,-1,2,0,2,0,2,0,0,0,1,2,0,0,1,0,0,2,2
132,-16167.404,-14801.362,-282.211,148.158,0,0.88745,0.46699,106.494,4.203,-1,400.000,-1,400.000,-1,325.000,325.000,275.000,250.000,-1,-1,-1,525.000,775.000,750.000,-1,-1,2,0,2,0,2,0,0,0,1,2,2,2,1,0,0,2,2
134,-16355.062,-14711.817,-292.864,156.632,0,0.86095,0.47254,103.314,4.253,-1,400.000,-1,375.000,975.000,325.000,300.000,300.000,325.000,-1,-1,900.000,350.000,750.000,650.000,-1,975.000,2,0,2,0,0,0,0,0,0,2,2,1,1,0,0,2,0
136,-16549.933,-14652.592,-300.663,165.276,0,0.84643,0.48316,101.572,4.348,-1,400.000,-1,375.000,850.000,325.000,300.000,275.000,300.000,-1,-1,950.000,450.000,725.000,675.000,-1,950.000,2,0,2,0,0,0,0,0,0,2,2,1,1,0,0,2,0
138,-16740.537,-14623.311,-305.088,173.014,0,0.76384,0.36986,91.660,3.329,900.000,400.000,-1,375.000,800.000,325.000,300.000,250.000,300.000,-1,-1,-1,750.000,675.000,625.000,-1,950.000,0,0,2,0,0,0,0,0,0,2,2,2,1,0,0,2,0
140,-16894.741,-14613.984,-307.659,177.834,0,0.60384,0.27110,72.460,2.440,700.000,375.000,-1,350.000,800.000,300.000,300.000,250.000,300.000,-1,-1,625.000,-1,625.000,600.000,900.000,950.000,0,0,2,0,0,0,0,0,0,2,2,1,2,0,0,0,0
142,-17010.794,-14617.010,-308.782,182.870,0,0.44384,0.28239,53.260,2.542,550.000,350.000,-1,350.000,800.000,300.000,300.000,225.000,300.000,-1,800.000,725.000,-1,575.000,600.000,700.000,875.000,0,0,2,0,0,0,0,0,0,2,1,1,2,0,0,0,0
144,-17087.980,-14625.940,-309.067,188.069,0,0.28384,0.29075,34.060,2.617,425.000,325.000,-1,350.000,800.000,300.000,275.000,225.000,300.000,-1,800.000,800.000,-1,525.000,575.000,525.000,800.000,0,0,2,0,0,0,0,0,0,2,1,1,2,0,0,0,0
146,-17126.472,-14633.924,-308.993,193.376,0,0.12384,0.29590,14.860,2.663,375.000,300.000,-1,325.000,750.000,275.000,275.000,225.000,300.000,-1,850.000,850.000,-1,500.000,575.000,450.000,750.000,0,0,2,0,0,0,0,0,0,2,1,1,2,0,0,0,0
148,-17127.417,-14633.985,-309.001,198.730,0,-0.03616,0.29768,-4.340,2.679,350.000,300.000,-1,350.000,725.000,275.000,300.000,225.000,300.000,-1,850.000,900.000,-1,475.000,575.000,400.000,750.000,0,0,2,0,0,0,0,0,0,2,1,1,2,0,0,0,0
150,-17093.481,-14618.774,-309.630,205.393,0,-0.19387,0.37079,-23.264,3.337,375.000,300.000,-1,350.000,775.000,275.000,275.000,250.000,300.000,-1,850.000,925.000,-1,475.000,600.000,425.000,825.000,0,0,2,0,0,0,0,0,0,2,1,1,2,0,0,0,0
152,-17052.954,-14594.958,-310.839,212.122,0,-0.19659,0.37488,-23.590,3.374,425.000,300.000,-1,350.000,825.000,275.000,300.000,250.000,300.000,-1,875.000,-1,-1,500.000,600.000,450.000,900.000,0,0,2,0,0,0,0,0,0,2,1,2,2,0,0,0,0
154,-17015.110,-14566.209,-312.517,218.924,0,-0.19854,0.37889,-23.825,3.410,500.000,325.000,-1,350.000,900.000,275.000,300.000,275.000,300.000,-1,-1,-1,-1,500.000,600.000,500.000,925.000,0,0,2,0,0,0,0,0,0,2,2,2,2,0,0,0,0
156,-16980.761,-14532.951,-314.651,225.797,0,-0.19947,0.38275,-23.936,3.445,600.000,325.000,-1,350.000,1000.000,275.000,300.000,275.000,300.000,900.000,-1,-1,-1,500.000,600.000,575.000,950.000,0,0,2,0,0,0,0,0,0,1,2,2,2,0,0,0,0
158,-16950.671,-14495.800,-317.205,232.735,0,-0.19912,0.38635,-23.894,3.477,725.000,325.000,-1,350.000,-1,275.000,300.000,275.000,300.000,775.000,-1,-1,-1,525.000,600.000,675.000,975.000,0,0,2,0,2,0,0,0,0,1,2,2,2,0,0,0,0
160,-16925.504,-14455.561,-320.116,239.734,0,-0.19729,0.38959,-23.675,3.506,975.000,325.000,-1,375.000,-1,275.000,300.000,300.000,300.000,725.000,-1,-1,-1,550.000,600.000,800.000,950.000,0,0,2,0,2,0,0,0,0,1,2,2,2,0,0,0,0
162,-16905.757,-14413.194,-323.294,246.785,0,-0.19391,0.39238,-23.269,3.531,-1,350.000,-1,375.000,-1,300.000,300.000,300.000,300.000,775.000,-1,-1,900.000,575.000,600.000,975.000,950.000,2,0,2,0,2,0,0,0,0,1,2,2,0,0,0,0,0
164,-16891.717,-14369.751,-326.635,253.878,0,-0.18901,0.39463,-22.681,3.552,-1,350.000,-1,375.000,-1,300.000,300.000,300.000,300.000,-1,-1,-1,800.000,600.000,600.000,-1,950.000,2,0,2,0,2,0,0,0,0,2,2,2,0,0,0,2,0
166,-16883.432,-14326.298,-330.024,261.005,0,-0.18278,0.39629,-21.933,3.567,-1,350.000,-1,375.000,-1,300.000,300.000,300.000,300.000,-1,-1,300.000,750.000,625.000,625.000,-1,950.000,2,0,2,0,2,0,0,0,0,2,2,0,0,0,0,2,0
168,-16881.088,-14292.975,-332.634,268.502,0,-0.09926,0.43609,-11.912,3.925,-1,375.000,-1,375.000,1000.000,300.000,300.000,300.000,300.000,-1,425.000,150.000,750.000,650.000,625.000,-1,950.000,2,0,2,0,0,0,0,0,0,2,0,0,0,0,0,2,0
170,-16880.379,-14297.909,-332.248,276.354,0,0.06074,0.43627,7.288,3.926,-1,375.000,-1,375.000,925.000,300.000,300.000,300.000,300.000,-1,225.000,100.000,800.000,675.000,625.000,-1,950.000,2,0,2,0,0,0,0,0,0,2,0,0,0,0,0,2,0
172,-16870.864,-14340.205,-328.938,284.208,0,0.22074,0.43632,26.488,3.927,-1,375.000,-1,350.000,875.000,300.000,300.000,300.000,325.000,-1,175.000,125.000,900.000,675.000,600.000,-1,975.000,2,0,2,0,0,0,0,0,0,2,0,0,0,0,0,2,0
174,-16842.463,-14416.841,-322.820,292.070,0,0.38074,0.43700,45.688,3.933,-1,375.000,-1,350.000,850.000,300.000,300.000,325.000,325.000,-1,200.000,175.000,-1,725.000,625.000,-1,-1,2,0,2,0,0,0,0,0,0,2,0,0,2,0,0,2,2
176,-16785.815,-14522.748,-313.921,299.959,0,0.54074,0.43881,64.888,3.949,-1,375.000,-1,350.000,1000.000,300.000,300.000,325.000,300.000,-1,275.000,275.000,-1,775.000,650.000,-1,-1,2,0,2,0,0,0,0,0,0,2,0,0,2,0,0,2,2
178,-16692.595,-14650.914,-302.238,307.899,0,0.70074,0.44199,84.088,3.978,-1,400.000,-1,375.000,-1,325.000,300.000,325.000,275.000,-1,375.000,425.000,-1,800.000,725.000,-1,-1,2,0,2,0,2,0,0,0,0,2,0,0,2,0,0,2,2
180,-16558.547,-14789.893,-287.744,315.914,0,0.82934,0.44650,99.521,4.018,-1,425.000,-1,425.000,-1,350.000,350.000,300.000,275.000,-1,225.000,300.000,-1,900.000,950.000,-1,-1,2,0,2,0,2,0,0,0,0,2,0,0,2,0,0,2,2
182,-16401.684,-14912.498,-274.104,324.020,0,0.83029,0.45165,99.635,4.065,850.000,425.000,-1,425.000,-1,350.000,350.000,300.000,275.000,-1,875.000,925.000,-1,800.000,850.000,-1,-1,1,0,2,0,2,0,0,1,0,2,0,0,2,1,0,2,2
184,-16228.843,-15011.630,-265.137,332.219,0,0.83087,0.45674,99.704,4.111,650.000,400.000,-1,400.000,-1,325.000,325.000,275.000,275.000,-1,-1,-1,-1,650.000,725.000,725.000,-1,1,0,2,0,2,0,0,1,0,2,2,2,2,1,0,1,2
186,-16043.503,-15084.901,-260.618,340.507,0,0.83094,0.46166,99.712,4.155,450.000,375.000,-1,375.000,-1,300.000,300.000,250.000,300.000,-1,-1,-1,-1,500.000,650.000,475.000,-1,1,1,2,0,2,0,0,1,0,2,2,2,2,1,0,1,2
188,-15849.582,-15130.452,-259.437,348.880,0,0.83037,0.46631,99.644,4.197,300.000,275.000,975.000,375.000,-1,275.000,300.000,225.000,300.000,-1,-1,-1,-1,375.000,650.000,300.000,-1,1,1,1,0,2,1,1,1,0,2,2,2,2,1,0,1,2
190,-15644.550,-15148.337,-260.118,356.810,0,0.88617,0.41264,106.341,3.714,125.000,200.000,625.000,325.000,925.000,175.000,225.000,225.000,300.000,-1,-1,-1,-1,250.000,650.000,125.000,775.000,1,1,1,1,1,1,1,1,0,2,2,2,2,1,1,1,1
192,-18061.059,18547.978,-143.052,-65.088,1,0.00000,0.00000,108.009,3.744,-1,425.000,-1,450.000,-1,325.000,350.000,250.000,275.000,-1,-1,-1,-1,-1,-1,-1,-1,2,0,2,0,2,0,0,0,0,2,2,2,2,2,2,2,2
194,-18047.793,18522.420,-142.659,-61.848,0,0.16000,0.24000,19.200,2.160,-1,475.000,-1,475.000,-1,375.000,375.000,275.000,250.000,-1,-1,-1,-1,-1,-1,-1,-1,2,0,2,0,2,0,0,0,0,2,2,2,2,2,2,2,2
196,-18010.377,18466.657,-139.937,-54.288,0,0.32000,0.48000,38.400,4.320,-1,475.000,-1,500.000,-1,375.000,375.000,275.000,250.000,-1,-1,-1,-1,-1,-1,-1,-1,2,0,2,0,2,0,0,0,0,2,2,2,2,2,2,2,2
198,-17936.825,18391.064,-135.992,-43.198,0,0.48000,0.63220,57.600,5.690,-1,450.000,-1,500.000,-1,375.000,375.000,275.000,275.000,-1,-1,-1,-1,-1,-1,-1,-1,2,0,2,0,2,0,0,0,0,2,2,2,2,2,2,2,2
200,-17818.259,18309.657,-131.715,-31.818,0,0.64000,0.63220,76.800,5.690,-1,425.000,-1,500.000,-1,350.000,375.000,275.000,300.000,-1,-1,-1,-1,900.000,-1,-1,-1,2,0,2,0,2,0,0,0,0,2,2,2,2,0,2,2,2
202,-17650.732,18238.083,-127.955,-20.439,0,0.80000,0.63220,96.000,5.690,750.000,375.000,-1,475.000,-1,325.000,350.000,275.000,325.000,-1,-1,-1,-1,725.000,-1,-1,-1,0,0,2,0,2,0,0,0,0,2,2,2,2,0,2,2,2
204,-17434.848,18193.060,-124.553,-9.059,0,0.96000,0.63220,115.200,5.690,525.000,350.000,-1,450.000,-1,300.000,325.000,275.000,350.000,-1,-1,-1,-1,600.000,-1,700.000,-1,0,0,2,0,2,0,0,0,0,2,2,2,2,0,2,0,2
206,-17213.384,18182.676,-117.910,-0.920,0,0.92422,0.39220,110.907,3.530,600.000,350.000,-1,450.000,-1,300.000,350.000,300.000,350.000,-1,700.000,250.000,-1,600.000,-1,750.000,-1,0,0,2,0,2,0,0,0,0,2,0,0,2,0,2,0,2
208,-16991.752,18191.248,-109.085,2.900,0,0.92422,0.15220,110.907,1.370,625.000,350.000,-1,425.000,-1,300.000,325.000,300.000,325.000,-1,750.000,300.000,-1,600.000,875.000,725.000,-1,0,0,2,0,2,0,0,0,0,2,0,0,2,0,0,0,2
210,-16770.208,18202.062,-99.477,2.399,0,0.92422,-0.08780,110.907,-0.790,-1,350.000,-1,425.000,-1,300.000,325.000,300.000,325.000,-1,1000.000,425.000,-1,675.000,800.000,-1,-1,2,0,2,0,2,0,0,0,0,2,0,0,2,0,0,2,2
212,-16548.498,18198.401,-91.388,-2.421,0,0.92422,-0.32780,110.907,-2.950,-1,375.000,-1,400.000,-1,325.000,325.000,300.000,300.000,-1,-1,-1,925.000,800.000,725.000,-1,-1,2,0,2,0,2,0,0,0,0,2,2,2,0,0,0,2,2
214,-16329.638,18163.712,-89.027,-11.562,0,0.92422,-0.56780,110.907,-5.110,-1,375.000,-1,375.000,-1,300.000,300.000,275.000,275.000,-1,-1,-1,975.000,750.000,625.000,-1,1000.000,2,0,2,0,2,0,0,0,0,2,2,2,0,0,0,2,0
216,-16123.514,18082.988,-97.835,-25.022,0,0.92422,-0.80780,110.907,-7.270,-1,325.000,-1,300.000,625.000,250.000,250.000,325.000,250.000,-1,-1,-1,-1,550.000,500.000,975.000,550.000,2,0,2,0,0,0,0,0,0,2,2,2,2,0,0,0,0
218,-15948.958,17947.236,-112.700,-42.372,0,0.92422,-1.00000,110.907,-9.000,-1,375.000,-1,350.000,-1,300.000,300.000,350.000,275.000,-1,50.000,25.000,950.000,650.000,675.000,-1,-1,2,0,2,0,2,0,0,0,0,2,0,0,0,0,0,2,2
220,-15824.523,17763.532,-133.632,-60.372,0,0.93051,-1.00000,111.661,-9.000,-1,375.000,-1,375.000,-1,300.000,300.000,325.000,275.000,-1,225.000,175.000,-1,700.000,750.000,-1,-1,2,0,2,0,2,0,0,0,0,2,0,0,2,0,0,2,2
222,-15761.856,17546.949,-163.214,-78.323,0,0.94606,-0.99519,113.527,-8.957,-1,400.000,-1,400.000,-1,325.000,325.000,300.000,250.000,-1,625.000,375.000,-1,750.000,750.000,950.000,-1,2,0,2,0,2,0,0,0,0,2,0,0,2,1,0,1,2
224,-15768.329,17318.885,-200.930,-96.021,0,0.95503,-0.97830,114.604,-8.805,800.000,400.000,-1,375.000,575.000,325.000,325.000,300.000,250.000,-1,-1,-1,-1,750.000,650.000,-1,800.000,1,0,2,0,0,0,0,0,0,2,2,2,2,0,0,2,0
226,-15842.495,17103.371,-243.923,-113.285,0,0.95007,-0.95219,114.009,-8.570,-1,375.000,-1,325.000,325.000,300.000,300.000,325.000,225.000,-1,-1,-1,-1,700.000,475.000,-1,375.000,2,0,2,0,0,0,0,0,0,2,2,2,2,0,0,2,0
228,-15973.971,16921.830,-286.285,-130.148,0,0.93112,-0.93585,111.734,-8.423,825.000,300.000,900.000,225.000,125.000,250.000,225.000,300.000,200.000,-1,-1,-1,-1,500.000,350.000,700.000,150.000,0,0,0,0,0,0,0,0,0,2,2,2,2,0,0,0,0
230,-16148.247,16789.438,-313.048,-147.027,0,0.90921,-0.93900,109.106,-8.451,700.000,350.000,-1,375.000,-1,300.000,300.000,250.000,325.000,275.000,0.000,0.000,-1,625.000,675.000,800.000,-1,0,0,2,0,2,0,0,0,0,0,0,0,2,0,0,0,2
232,-16350.244,16715.046,-314.806,-164.066,0,0.89732,-0.94968,107.678,-8.547,850.000,375.000,-1,375.000,-1,300.000,300.000,300.000,300.000,625.000,25.000,50.000,825.000,650.000,725.000,1000.000,-1,0,0,2,0,2,0,0,0,0,0,0,0,0,0,0,0,2
234,-16564.874,16703.912,-306.011,-181.369,0,0.89941,-0.96550,107.929,-8.690,-1,375.000,-1,375.000,-1,300.000,300.000,300.000,300.000,950.000,275.000,250.000,775.000,675.000,775.000,-1,-1,2,0,2,0,2,0,0,0,0,0,0,0,0,0,0,2,2
236,-16747.172,16744.121,-291.818,-196.273,0,0.73941,-0.81046,88.729,-7.294,-1,400.000,-1,425.000,-1,325.000,325.000,275.000,300.000,-1,450.000,400.000,775.000,825.000,950.000,-1,-1,2,0,2,0,2,0,0,0,0,2,0,0,0,0,0,2,2
238,-16879.197,16811.762,-275.290,-211.100,0,0.57941,-0.82916,69.529,-7.462,-1,425.000,-1,425.000,-1,325.000,325.000,275.000,300.000,-1,800.000,700.000,875.000,900.000,-1,-1,-1,2,0,2,0,2,0,0,0,0,2,0,0,0,0,2,2,2
240,-16961.035,16885.303,-261.422,-225.991,0,0.41941,-0.82726,50.329,-7.445,-1,425.000,-1,425.000,-1,350.000,325.000,275.000,275.000,-1,-1,-1,-1,950.000,-1,-1,-1,2,0,2,0,2,0,0,0,0,2,2,2,2,0,2,2,2
242,-17000.446,16945.211,-251.873,-240.881,0,0.25941,-0.82726,31.129,-7.445,-1,425.000,-1,425.000,-1,350.000,350.000,300.000,275.000,-1,850.000,950.000,-1,-1,925.000,-1,-1,2,0,2,0,2,0,0,0,0,2,0,0,2,2,0,2,2
244,-17011.329,16976.781,-247.412,-255.772,0,0.09941,-0.82726,11.929,-7.445,-1,425.000,-1,400.000,-1,350.000,325.000,300.000,300.000,-1,725.000,800.000,-1,-1,775.000,-1,-1,2,0,2,0,2,0,0,0,0,2,0,0,2,2,0,2,2
246,-17011.688,16971.822,-248.003,-270.663,0,-0.06059,-0.82726,-7.271,-7.445,-1,425.000,-1,375.000,-1,325.000,325.000,325.000,300.000,-1,625.000,675.000,-1,-1,700.000,-1,-1,2,0,2,0,2,0,0,0,0,2,0,0,2,2,0,2,2
248,-17016.185,16950.351,-250.415,-285.553,0,-0.09160,-0.82726,-10.992,-7.445,-1,400.000,-1,375.000,950.000,325.000,300.000,325.000,300.000,-1,425.000,550.000,-1,825.000,650.000,-1,-1,2,0,2,0,0,0,0,0,0,2,0,0,2,0,0,2,2
250,-17026.050,16930.756,-252.307,-300.444,0,-0.09160,-0.82726,-10.992,-7.445,-1,375.000,-1,375.000,900.000,300.000,300.000,325.000,300.000,-1,575.000,400.000,-1,725.000,625.000,-1,975.000,2,0,2,0,0,0,0,0,0,2,0,0,2,0,0,2,0
252,-17040.618,16914.353,-253.545,-315.334,0,-0.09160,-0.82726,-10.992,-7.445,-1,375.000,-1,375.000,875.000,300.000,300.000,325.000,325.000,-1,-1,900.000,-1,650.000,650.000,-1,925.000,2,0,2,0,0,0,0,0,0,2,2,0,2,0,0,2,0
254,-17058.912,16902.246,-254.046,-330.225,0,-0.09160,-0.82726,-10.992,-7.445,-1,375.000,-1,375.000,975.000,300.000,300.000,325.000,325.000,-1,-1,-1,-1,625.000,675.000,-1,925.000,2,0,2,0,0,0,0,0,0,2,2,2,2,0,0,2,0
256,-17079.704,16895.246,-253.783,-345.116,0,-0.09160,-0.82726,-10.992,-7.445,-1,375.000,-1,375.000,-1,300.000,300.000,325.000,300.000,-1,-1,-1,-1,650.000,725.000,-1,-1,2,0,2,0,2,0,0,0,0,2,2,2,2,0,0,2,2
258,-17101.595,16893.824,-252.782,-360.006,0,-0.09160,-0.82726,-10.992,-7.445,975.000,375.000,-1,400.000,-1,300.000,325.000,300.000,300.000,-1,-1,-1,-1,675.000,775.000,975.000,-1,0,0,2,0,2,0,0,0,0,2,2,2,2,0,0,0,2
260,-17123.117,16898.076,-251.123,-374.897,0,-0.09160,-0.82726,-10.992,-7.445,950.000,375.000,-1,400.000,-1,325.000,325.000,300.000,300.000,-1,-1,-1,-1,700.000,825.000,975.000,-1,0,0,2,0,2,0,0,0,0,2,2,2,2,0,0,0,2
262,-17142.824,16907.715,-248.929,-389.787,0,-0.09160,-0.82726,-10.992,-7.445,975.000,400.000,-1,400.000,-1,325.000,325.000,300.000,300.000,-1,-1,-1,-1,750.000,825.000,-1,-1,0,0,2,0,2,0,0,0,0,2,2,2,2,0,0,2,2
264,-17152.584,16915.326,-247.512,-403.598,0,-0.01160,-0.70726,-1.392,-6.365,-1,400.000,-1,400.000,-1,325.000,325.000,300.000,300.000,-1,-1,-1,-1,800.000,775.000,-1,-1,2,0,2,0,2,0,0,0,0,2,2,2,2,0,0,2,2
266,-17136.491,16894.903,-250.788,-413.089,0,0.14840,-0.46726,17.808,-4.205,-1,400.000,-1,400.000,-1,325.000,325.000,300.000,300.000,-1,-1,-1,-1,825.000,725.000,-1,-1,2,0,2,0,2,0,0,0,0,2,2,2,2,0,0,2,2
268,-17101.781,16840.651,-259.164,-418.259,0,0.30840,-0.22726,37.008,-2.045,-1,400.000,-1,400.000,925.000,325.000,325.000,300.000,300.000,-1,-1,-1,-1,825.000,675.000,-1,-1,2,0,2,0,0,0,0,0,0,2,2,2,2,0,0,2,2
270,-17049.076,16752.372,-272.870,-419.110,0,0.46840,0.01274,56.208,0.115,-1,400.000,-1,400.000,825.000,325.000,325.000,300.000,300.000,-1,-1,-1,-1,775.000,625.000,-1,900.000,2,0,2,0,0,0,0,0,0,2,2,2,2,0,0,2,0
272,-16971.562,16634.365,-291.445,-415.641,0,0.62840,0.25274,75.408,2.275,-1,400.000,-1,375.000,800.000,325.000,325.000,275.000,300.000,-1,-1,-1,-1,750.000,625.000,-1,875.000,2,0,2,0,0,0,0,0,0,2,2,2,2,0,0,2,0
274,-16859.158,16494.340,-315.428,-409.882,0,0.78840,0.31994,94.608,2.879,800.000,400.000,-1,350.000,650.000,325.000,300.000,275.000,300.000,-1,-1,-1,-1,675.000,575.000,900.000,700.000,0,0,2,0,0,0,0,0,0,2,2,2,2,0,0,0,0
276,-16708.776,16341.494,-344.602,-404.038,0,0.91904,0.32660,110.284,2.939,675.000,400.000,-1,325.000,475.000,300.000,275.000,300.000,250.000,-1,-1,-1,-1,600.000,525.000,750.000,525.000,0,0,2,0,0,0,0,0,0,2,2,2,2,0,0,0,0
278,-16543.375,16193.673,-373.866,-401.399,0,0.92694,0.08660,111.233,0.779,475.000,325.000,900.000,275.000,275.000,275.000,250.000,300.000,225.000,-1,-1,-1,-1,450.000,450.000,500.000,300.000,0,0,0,0,0,0,0,0,0,2,2,2,2,0,0,0,0
280,-16377.455,16043.051,-402.055,-402.764,0,0.93573,-0.11829,112.288,-1.065,300.000,300.000,-1,375.000,-1,275.000,300.000,200.000,300.000,325.000,0.000,0.000,-1,450.000,625.000,325.000,-1,0,0,2,0,2,0,0,0,0,0,0,0,2,0,0,0,2
282,-16215.925,15885.785,-416.631,-404.700,0,0.94024,-0.10373,112.829,-0.934,150.000,250.000,900.000,325.000,-1,225.000,250.000,200.000,300.000,450.000,0.000,125.000,-1,375.000,550.000,150.000,-1,0,0,1,0,2,0,0,0,0,0,0,0,2,0,0,0,2
284,-16059.004,15723.582,-429.036,-406.338,0,0.93999,-0.08654,112.799,-0.779,425.000,400.000,1000.000,400.000,-1,325.000,325.000,300.000,200.000,575.000,0.000,0.000,200.000,525.000,800.000,475.000,-1,1,0,1,0,2,0,0,0,0,0,0,0,0,1,0,1,2
286,-15903.773,15552.684,-421.346,-408.194,0,0.96349,-0.09877,115.619,-0.889,250.000,325.000,-1,400.000,-1,325.000,325.000,300.000,250.000,750.000,150.000,0.000,350.000,400.000,850.000,300.000,-1,1,1,2,0,2,0,0,0,0,0,0,0,0,1,0,1,2
288,-15752.906,15377.036,-414.650,-409.688,0,0.96460,-0.07726,115.752,-0.695,100.000,225.000,-1,400.000,-1,250.000,325.000,225.000,275.000,900.000,400.000,250.000,525.000,300.000,775.000,100.000,-1,1,1,2,0,2,1,1,1,0,0,0,0,0,1,1,1,2
290,-15606.423,15199.398,-408.875,-410.716,0,0.95675,-0.04991,114.810,-0.449,0.000,150.000,-1,350.000,-1,150.000,225.000,125.000,300.000,-1,675.000,525.000,700.000,175.000,950.000,0.000,-1,1,1,2,1,2,1,1,1,0,2,0,0,0,1,0,1,2
292,-5608.450,16848.529,-69.458,-100.461,1,0.08000,-0.12000,9.600,-1.080,-1,400.000,-1,375.000,-1,325.000,300.000,300.000,300.000,-1,-1,-1,-1,700.000,700.000,-1,-1,2,0,2,0,2,0,0,0,0,2,2,2,2,0,0,2,2
294,-5620.159,16801.991,-68.690,-105.123,0,0.24000,-0.27809,28.800,-2.503,-1,375.000,-1,375.000,-1,325.000,300.000,300.000,300.000,-1,-1,-1,-1,675.000,700.000,-1,-1,2,0,2,0,2,0,0,0,0,2,2,2,2,0,0,2,2
296,-5648.305,16720.325,-67.032,-110.129,0,0.40000,-0.27809,48.000,-2.503,-1,375.000,-1,375.000,-1,325.000,300.000,300.000,300.000,-1,575.000,800.000,-1,700.000,725.000,-1,-1,2,0,2,0,2,0,0,0,0,2,0,0,2,0,0,2,2
298,-5699.013,16606.324,-63.850,-115.135,0,0.56000,-0.27809,67.200,-2.503,-1,375.000,-1,375.000,-1,325.000,300.000,325.000,300.000,-1,500.000,625.000,-1,700.000,825.000,-1,-1,2,0,2,0,2,0,0,0,0,2,0,0,2,0,0,2,2
299,-5734.638,16538.287,-61.658,-117.637,0,0.64000,-0.27809,76.800,-2.503,-1,375.000,-1,375.000,-1,300.000,300.000,325.000,300.000,-1,525.000,575.000,-1,700.000,875.000,-1,-1,2,0,2,0,2,0,0,0,0,2,0,0,2,0,0,2,2
