timestep,x_cm,y_cm,z_cm,yaw_deg,basis_xx,basis_xy,basis_xz,basis_yx,basis_yy,basis_yz,basis_zx,basis_zy,basis_zz,teleport_flag,throttle_cmd,steering_cmd,cmd_move_cm,cmd_turn_deg,lidar_cm_0,lidar_cm_1,lidar_cm_2,lidar_cm_3,lidar_cm_4,lidar_cm_5,lidar_cm_6,lidar_cm_7,lidar_cm_8,lidar_cm_9,lidar_cm_10,lidar_cm_11,lidar_cm_12,lidar_cm_13,lidar_cm_14,lidar_cm_15,lidar_cm_16,lidar_class_0,lidar_class_1,lidar_class_2,lidar_class_3,lidar_class_4,lidar_class_5,lidar_class_6,lidar_class_7,lidar_class_8,lidar_class_9,lidar_class_10,lidar_class_11,lidar_class_12,lidar_class_13,lidar_class_14,lidar_class_15,lidar_class_16
0,-6882.832,-7541.435,-36.959,21.591,0.929956,-0.367414,-0.013757,0.367599,0.928385,0.054516,-0.007258,-0.055755,0.998418,1,0.08000,0.04166,4.800,0.083,-1,400.000,-1,425.000,-1,325.000,325.000,300.000,300.000,-1,500.000,625.000,-1,975.000,-1,-1,-1,2,0,2,0,2,0,0,0,0,2,1,1,2,0,2,2,2
1,-6873.911,-7537.890,-37.027,21.671,0.929453,-0.368704,-0.013220,0.368856,0.927878,0.054651,-0.007883,-0.055672,0.998418,0,0.16000,0.03977,9.600,0.080,-1,400.000,-1,425.000,-1,325.000,325.000,300.000,300.000,-1,500.000,650.000,-1,975.000,-1,-1,-1,2,0,2,0,2,0,0,0,0,2,1,1,2,0,2,2,2
2,-6860.535,-7532.555,-37.132,21.743,0.929000,-0.369871,-0.012414,0.369975,0.927421,0.054857,-0.008777,-0.055554,0.998417,0,0.24000,0.03598,14.400,0.072,-1,400.000,-1,450.000,-1,325.000,325.000,275.000,300.000,-1,525.000,675.000,-1,975.000,-1,-1,-1,2,0,2,0,2,0,0,0,0,2,1,1,2,0,2,2,2
3,-6842.709,-7525.424,-37.274,21.804,0.928622,-0.370855,-0.011338,0.370895,0.927037,0.055136,-0.009937,-0.055406,0.998414,0,0.32000,0.03029,19.200,0.061,-1,400.000,-1,450.000,-1,325.000,325.000,275.000,300.000,-1,550.000,725.000,-1,975.000,-1,-1,-1,2,0,2,0,2,0,0,0,0,2,1,1,2,0,2,2,2
4,-6820.433,-7516.492,-37.455,21.849,0.928342,-0.371593,-0.009994,0.371553,0.926752,0.055492,-0.011358,-0.055229,0.998409,0,0.40000,0.02270,24.000,0.045,-1,400.000,-1,450.000,-1,325.000,325.000,275.000,300.000,-1,600.000,825.000,-1,975.000,-1,-1,-1,2,0,2,0,2,0,0,0,0,2,1,1,2,0,2,2,2
5,-6793.707,-7505.762,-37.675,21.875,0.928186,-0.372023,-0.008383,0.371889,0.926591,0.055929,-0.013039,-0.055030,0.998400,0,0.48000,0.01319,28.800,0.026,-1,400.000,-1,450.000,-1,325.000,350.000,275.000,300.000,-1,650.000,-1,-1,1000.000,-1,-1,-1,2,0,2,0,2,0,0,0,0,2,1,2,2,0,2,2,2
6,-6762.527,-7493.241,-37.934,21.879,0.928176,-0.372084,-0.006505,0.371839,0.926579,0.056452,-0.014978,-0.054816,0.998384,0,0.56000,0.00175,33.600,0.003,-1,400.000,-1,450.000,-1,325.000,350.000,275.000,300.000,-1,700.000,-1,-1,1000.000,-1,-1,-1,2,0,2,0,2,0,0,0,0,2,1,2,2,0,2,2,2
7,-6726.887,-7478.945,-38.231,21.856,0.928338,-0.371712,-0.004360,0.371341,0.926741,0.057063,-0.017170,-0.054593,0.998361,0,0.64000,-0.01164,38.400,-0.023,-1,400.000,-1,450.000,-1,325.000,350.000,275.000,300.000,-1,750.000,-1,-1,1000.000,-1,-1,-1,2,0,2,0,2,0,0,0,0,2,1,2,2,0,2,2,2
8,-6686.776,-7462.901,-38.566,21.802,0.928693,-0.370844,-0.001949,0.370330,0.927102,0.057768,-0.019616,-0.054370,0.998328,0,0.72000,-0.02698,43.200,-0.054,-1,425.000,-1,475.000,-1,350.000,350.000,275.000,300.000,-1,850.000,-1,-1,1000.000,-1,-1,-1,2,0,2,0,2,0,0,0,0,2,1,2,2,0,2,2,2
9,-6643.907,-7445.831,-39.301,21.713,0.929254,-0.369441,0.000111,0.368837,0.927754,0.056845,-0.021104,-0.052783,0.998383,0,0.76904,-0.04431,46.143,-0.089,-1,425.000,-1,475.000,-1,350.000,350.000,275.000,300.000,-1,900.000,-1,-1,-1,-1,-1,-1,2,0,2,0,2,0,0,0,0,2,1,2,2,2,2,2,2
10,-6600.337,-7428.594,-40.501,21.587,0.930030,-0.367465,0.003780,0.366724,0.928718,0.054734,-0.023623,-0.049518,0.998494,0,0.78093,-0.06289,46.856,-0.126,-1,425.000,-1,475.000,-1,350.000,375.000,300.000,300.000,-1,1000.000,-1,-1,-1,-1,-1,-1,2,0,2,0,2,0,0,0,0,2,1,2,2,2,2,2,2
11,-6556.034,-7411.213,-42.060,21.424,0.931008,-0.364890,0.008935,0.363984,0.929965,0.051785,-0.027205,-0.044960,0.998618,0,0.79316,-0.08182,47.590,-0.164,-1,450.000,-1,475.000,-1,350.000,375.000,300.000,300.000,-1,-1,-1,-1,1000.000,-1,-1,-1,2,0,2,0,2,0,0,0,0,2,2,2,2,1,2,2,2
12,-6510.967,-7393.716,-43.644,21.221,0.932196,-0.361676,0.014198,0.360637,0.931431,0.048767,-0.030862,-0.040340,0.998709,0,0.80574,-0.10112,48.345,-0.202,-1,450.000,-1,475.000,-1,350.000,375.000,300.000,275.000,-1,-1,-1,-1,975.000,-1,-1,-1,2,0,2,0,2,0,0,0,0,2,2,2,2,1,2,2,2
13,-6465.101,-7376.131,-45.512,20.980,0.933618,-0.357796,0.018409,0.356675,0.933078,0.046347,-0.033759,-0.036704,0.998756,0,0.81869,-0.12079,49.121,-0.242,-1,450.000,-1,475.000,-1,350.000,375.000,300.000,275.000,-1,-1,-1,-1,950.000,-1,-1,-1,2,0,2,0,2,0,0,0,0,2,2,2,2,1,2,2,2
14,-6418.403,-7358.487,-47.972,20.698,0.935271,-0.353221,0.022412,0.351963,0.934872,0.046208,-0.037274,-0.035329,0.998680,0,0.83200,-0.14086,49.920,-0.282,-1,450.000,-1,475.000,-1,375.000,375.000,300.000,275.000,-1,-1,-1,-1,900.000,-1,-1,-1,2,0,2,0,2,0,0,0,0,2,2,2,2,1,2,2,2
15,-6370.836,-7340.820,-50.947,20.375,0.937119,-0.347944,0.027266,0.346428,0.936827,0.048403,-0.042385,-0.035914,0.998456,0,0.84569,-0.16131,50.741,-0.323,-1,450.000,-1,450.000,-1,350.000,350.000,300.000,275.000,-1,-1,-1,-1,850.000,-1,-1,-1,2,0,2,0,2,0,0,0,0,2,2,2,2,1,2,2,2
16,-6318.619,-7321.892,-54.214,19.924,0.939663,-0.340541,0.032640,0.338721,0.939513,0.050821,-0.047972,-0.036699,0.998174,0,0.92569,-0.22578,55.541,-0.452,-1,450.000,-1,450.000,-1,350.000,350.000,300.000,275.000,-1,-1,-1,-1,800.000,-1,-1,-1,2,0,2,0,2,0,0,0,0,2,2,2,2,1,2,2,2
17,-6263.870,-7302.557,-57.633,19.450,0.942236,-0.332749,0.038331,0.330590,0.942267,0.053328,-0.053863,-0.037576,0.997841,0,0.96770,-0.23691,58.062,-0.474,-1,425.000,-1,450.000,-1,350.000,350.000,275.000,275.000,-1,-1,-1,-1,775.000,-1,975.000,-1,2,0,2,0,2,0,0,0,0,2,2,2,2,1,2,1,2
18,-6208.058,-7283.389,-61.110,18.953,0.944833,-0.324557,0.044191,0.322030,0.945081,0.055849,-0.059891,-0.038537,0.997461,0,0.98352,-0.24830,59.011,-0.497,975.000,425.000,-1,425.000,-1,350.000,350.000,275.000,300.000,-1,-1,-1,-1,725.000,1000.000,900.000,-1,1,0,2,0,2,0,0,0,0,2,2,2,2,1,1,1,2
19,-6151.164,-7264.424,-64.645,18.434,0.947440,-0.315968,0.050224,0.313041,0.947944,0.058376,-0.066055,-0.039585,0.997030,0,0.99950,-0.25958,59.970,-0.519,875.000,425.000,-1,425.000,-1,350.000,350.000,275.000,300.000,-1,-1,-1,-1,675.000,950.000,800.000,-1,1,1,2,0,2,0,0,0,0,2,2,2,2,1,1,1,2
20,-6094.065,-7245.988,-68.181,17.893,0.950046,-0.306983,0.056338,0.303632,0.950844,0.060858,-0.072251,-0.040711,0.996555,0,1.00000,-0.27068,60.000,-0.541,775.000,400.000,-1,425.000,-1,350.000,350.000,275.000,300.000,-1,-1,-1,-1,650.000,900.000,725.000,-1,1,1,2,0,2,0,0,0,0,2,2,2,2,1,1,1,2
21,-6036.788,-7228.114,-71.651,17.330,0.952643,-0.297618,0.062413,0.293846,0.953776,0.062979,-0.078272,-0.041657,0.996061,0,1.00000,-0.28138,60.000,-0.563,675.000,400.000,-1,425.000,-1,325.000,325.000,275.000,300.000,-1,-1,-1,-1,600.000,850.000,650.000,-1,1,1,2,0,2,0,0,0,0,2,2,2,2,1,1,1,2
22,-5979.332,-7210.824,-75.382,16.747,0.955241,-0.287894,0.068055,0.283808,0.956758,0.063771,-0.083471,-0.041602,0.995641,0,1.00000,-0.29164,60.000,-0.583,600.000,400.000,-1,425.000,-1,325.000,325.000,275.000,300.000,-1,-1,-1,-1,575.000,800.000,600.000,-1,1,1,2,0,2,0,0,0,0,2,2,2,2,1,1,1,2
23,-5921.703,-7194.119,-79.914,16.167,0.957725,-0.278238,0.073118,0.274148,0.959737,0.061227,-0.087209,-0.038593,0.995442,0,1.00000,-0.28970,60.000,-0.579,525.000,375.000,1000.000,400.000,-1,325.000,325.000,275.000,300.000,-1,-1,-1,-1,550.000,750.000,525.000,-1,1,1,1,0,2,0,0,0,0,2,2,2,2,1,1,1,2
24,-5863.912,-7177.985,-84.536,15.601,0.960006,-0.268766,0.078440,0.264716,0.962561,0.058319,-0.091177,-0.035222,0.995212,0,1.00000,-0.28334,60.000,-0.567,475.000,375.000,925.000,400.000,-1,325.000,325.000,300.000,300.000,-1,-1,-1,-1,525.000,700.000,475.000,-1,1,1,1,0,2,0,0,0,0,2,2,2,2,1,1,1,2
25,-5810.662,-7163.443,-89.429,15.274,0.961387,-0.263281,0.080118,0.259245,0.964106,0.057366,-0.092346,-0.034381,0.995133,0,0.92000,-0.16334,55.200,-0.327,425.000,350.000,875.000,400.000,-1,325.000,325.000,300.000,300.000,-1,-1,-1,-1,500.000,675.000,425.000,975.000,1,1,1,0,2,0,0,0,0,2,2,2,2,1,1,1,1
26,-5762.022,-7150.242,-93.553,15.187,0.961824,-0.261845,0.079571,0.258093,0.964585,0.054437,-0.091007,-0.031823,0.995342,0,0.84000,-0.04334,50.400,-0.087,375.000,350.000,825.000,400.000,-1,325.000,325.000,300.000,300.000,-1,-1,-1,-1,475.000,650.000,400.000,925.000,1,1,1,0,2,0,0,0,0,2,2,2,2,1,1,1,1
27,-5718.046,-7138.180,-97.131,15.341,0.961181,-0.264452,0.078720,0.261046,0.963979,0.050987,-0.089368,-0.028458,0.995592,0,0.76000,0.07666,45.600,0.153,350.000,350.000,800.000,400.000,-1,325.000,325.000,300.000,300.000,-1,-1,-1,-1,475.000,625.000,375.000,850.000,1,1,1,0,2,0,0,0,0,2,2,2,2,1,1,1,1
28,-5678.743,-7127.231,-100.198,15.570,0.960191,-0.268331,0.077665,0.265302,0.963010,0.047195,-0.087456,-0.024712,0.995862,0,0.68000,0.11456,40.800,0.229,325.000,350.000,750.000,425.000,-1,350.000,350.000,325.000,300.000,-1,-1,-1,-1,450.000,600.000,350.000,800.000,1,1,1,0,2,1,0,0,0,2,2,2,2,1,1,1,1
29,-5644.105,-7117.426,-102.794,15.808,0.959149,-0.272360,0.076504,0.269709,0.961969,0.043269,-0.085379,-0.020867,0.996130,0,0.60000,0.11920,36.000,0.238,300.000,325.000,725.000,425.000,-1,350.000,350.000,325.000,300.000,-1,-1,-1,-1,450.000,575.000,325.000,750.000,1,1,1,1,2,1,0,0,0,2,2,2,2,1,1,1,1
30,-5614.122,-7108.799,-104.958,16.055,0.958051,-0.276521,0.075331,0.274232,0.960856,0.039405,-0.083279,-0.017093,0.996380,0,0.52000,0.12341,31.200,0.247,300.000,325.000,700.000,425.000,-1,350.000,350.000,325.000,275.000,-1,-1,-1,-1,450.000,550.000,300.000,700.000,1,1,1,1,2,1,0,0,0,2,2,2,2,1,1,1,1
31,-5588.784,-7101.387,-106.725,16.309,0.956892,-0.280797,0.074231,0.278837,0.959672,0.035781,-0.081284,-0.013540,0.996599,0,0.44000,0.12712,26.400,0.254,275.000,325.000,675.000,400.000,-1,325.000,350.000,350.000,275.000,-1,-1,-1,-1,425.000,525.000,300.000,675.000,1,1,1,1,2,1,0,0,0,2,2,2,2,1,1,1,1
32,-5568.081,-7095.228,-108.124,16.570,0.955673,-0.285169,0.073271,0.283493,0.958421,0.032556,-0.079508,-0.010341,0.996781,0,0.36000,0.13026,21.600,0.261,275.000,325.000,650.000,400.000,-1,325.000,350.000,350.000,275.000,-1,-1,-1,-1,425.000,525.000,275.000,650.000,1,1,1,1,2,1,0,0,0,2,2,2,2,1,1,1,1
33,-5552.001,-7090.363,-109.180,16.835,0.954393,-0.289615,0.072507,0.288171,0.957113,0.029867,-0.078047,-0.007610,0.996921,0,0.28000,0.13278,16.800,0.266,250.000,325.000,650.000,400.000,-1,325.000,350.000,350.000,275.000,-1,-1,-1,-1,425.000,500.000,275.000,625.000,1,1,1,1,2,1,1,0,0,2,2,2,2,1,1,1,1
34,-5540.532,-7086.834,-109.915,17.105,0.953056,-0.294114,0.071981,0.292845,0.955755,0.027828,-0.076981,-0.005443,0.997018,0,0.20000,0.13462,12.000,0.269,250.000,325.000,625.000,375.000,-1,325.000,350.000,350.000,275.000,-1,-1,-1,-1,425.000,500.000,275.000,600.000,1,1,1,1,2,1,1,0,0,2,2,2,2,1,1,1,1
35,-5524.478,-7081.886,-110.940,17.134,0.952976,-0.294604,0.071027,0.293559,0.955615,0.024972,-0.075231,-0.002947,0.997162,0,0.28000,0.01462,16.800,0.029,250.000,300.000,625.000,375.000,-1,325.000,350.000,350.000,275.000,-1,-1,-1,-1,400.000,500.000,275.000,600.000,1,1,1,1,2,1,1,0,0,2,2,2,2,1,1,1,1
36,-5503.813,-7075.599,-112.240,16.923,0.954163,-0.291088,0.069577,0.290312,0.956696,0.021240,-0.072747,-0.000067,0.997350,0,0.36000,-0.10538,21.600,-0.211,250.000,300.000,600.000,375.000,-1,325.000,350.000,375.000,275.000,-1,-1,-1,-1,400.000,475.000,250.000,575.000,1,1,1,1,2,1,1,0,0,2,2,2,2,1,1,1,1
37,-5478.497,-7068.114,-113.800,16.472,0.956575,-0.283551,0.067545,0.283083,0.958952,0.016600,-0.069479,0.003242,0.997578,0,0.44000,-0.22538,26.400,-0.451,225.000,300.000,600.000,350.000,-1,325.000,325.000,375.000,275.000,-1,-1,400.000,-1,400.000,475.000,250.000,550.000,1,1,1,1,2,1,1,0,0,2,2,0,2,1,1,1,1
38,-5448.474,-7059.629,-115.610,15.782,0.960121,-0.271964,0.064835,0.271830,0.962282,0.011054,-0.065396,0.007011,0.997835,0,0.52000,-0.34538,31.200,-0.691,225.000,300.000,575.000,350.000,-1,300.000,325.000,400.000,275.000,-1,-1,300.000,-1,375.000,450.000,225.000,550.000,1,1,1,1,2,1,1,0,0,2,2,0,2,1,1,1,1
39,-5413.677,-7050.402,-117.597,14.851,0.964635,-0.256286,0.061621,0.256506,0.966532,0.004461,-0.060702,0.011503,0.998090,0,0.60000,-0.46538,36.000,-0.931,200.000,300.000,550.000,325.000,-1,300.000,300.000,375.000,275.000,-1,450.000,250.000,-1,375.000,425.000,225.000,525.000,1,1,1,1,2,1,1,1,0,2,0,0,2,1,1,1,1
40,-5374.035,-7040.753,-119.828,13.680,0.969932,-0.236468,0.057566,0.237020,0.971501,-0.002859,-0.055249,0.016417,0.998338,0,0.68000,-0.58538,40.800,-1.171,200.000,275.000,525.000,325.000,-1,275.000,275.000,350.000,275.000,-1,400.000,200.000,1000.000,350.000,425.000,225.000,500.000,1,1,1,1,2,1,1,1,0,2,0,0,0,1,1,1,1
41,-5329.478,-7031.062,-122.330,12.269,0.975753,-0.212457,0.052605,0.213287,0.976932,-0.010634,-0.049132,0.021597,0.998559,0,0.76000,-0.70538,45.600,-1.411,175.000,275.000,500.000,300.000,-1,250.000,275.000,300.000,275.000,-1,375.000,175.000,825.000,325.000,400.000,200.000,475.000,1,1,1,1,2,1,1,1,0,2,0,0,0,1,1,1,1
42,-5279.942,-7021.774,-124.997,10.619,0.981832,-0.184206,0.045543,0.185177,0.982539,-0.018059,-0.041421,0.026164,0.998799,0,0.84000,-0.82538,50.400,-1.651,175.000,250.000,450.000,275.000,-1,250.000,250.000,275.000,275.000,-1,325.000,150.000,700.000,300.000,375.000,200.000,475.000,1,1,1,1,2,1,1,1,0,2,0,0,0,1,1,1,1
43,-5225.416,-7013.181,-125.170,8.956,0.987432,-0.155640,0.027458,0.156122,0.987602,-0.016358,-0.024571,0.020439,0.999489,0,0.92000,-0.83136,55.200,-1.663,150.000,225.000,450.000,275.000,-1,225.000,250.000,250.000,275.000,-1,250.000,100.000,650.000,300.000,400.000,175.000,575.000,1,1,1,1,2,1,1,1,0,2,0,0,0,1,1,1,1
44,-5165.908,-7005.522,-122.157,7.331,0.991816,-0.127548,0.005775,0.127658,0.991452,-0.026945,-0.002289,0.027462,0.999620,0,1.00000,-0.81256,60.000,-1.625,150.000,225.000,450.000,275.000,-1,225.000,225.000,225.000,300.000,-1,225.000,100.000,525.000,300.000,400.000,175.000,-1,1,1,1,1,2,1,1,1,0,2,0,0,0,1,1,1,2
45,1639.825,8199.145,327.488,150.889,-0.873936,-0.486031,-0.003125,0.485221,-0.872816,0.052472,-0.028230,0.044341,0.998618,1,0.00000,0.00000,60.000,-1.583,-1,375.000,650.000,400.000,-1,325.000,325.000,300.000,300.000,-1,550.000,500.000,-1,525.000,675.000,800.000,850.000,2,1,1,0,2,0,0,0,0,2,1,1,2,1,1,1,1
46,1635.641,8201.498,327.371,150.649,-0.871895,-0.489684,-0.003069,0.488869,-0.870774,0.052534,-0.028397,0.044304,0.998614,0,0.08000,-0.12000,4.800,-0.240,-1,375.000,650.000,400.000,-1,325.000,325.000,300.000,300.000,-1,550.000,500.000,-1,525.000,675.000,775.000,850.000,2,1,1,0,2,0,0,0,0,2,1,1,2,1,1,1,1
47,1627.313,8206.274,327.133,150.169,-0.867767,-0.496963,-0.002951,0.496141,-0.866644,0.052658,-0.028726,0.044231,0.998608,0,0.16000,-0.24000,9.600,-0.480,-1,375.000,625.000,400.000,-1,325.000,325.000,300.000,300.000,-1,575.000,500.000,-1,500.000,675.000,750.000,850.000,2,1,1,0,2,0,0,0,0,2,1,1,2,1,1,1,1
48,1614.912,8213.593,326.770,149.449,-0.861467,-0.507805,-0.002760,0.506972,-0.860341,0.052841,-0.029207,0.044122,0.998599,0,0.24000,-0.35962,14.400,-0.719,-1,375.000,625.000,400.000,-1,325.000,325.000,325.000,300.000,-1,575.000,525.000,-1,500.000,650.000,700.000,850.000,2,1,1,0,2,0,0,0,0,2,1,1,2,1,1,1,1
49,1598.501,8223.559,326.275,148.733,-0.855060,-0.518523,-0.002505,0.517681,-0.853928,0.053043,-0.029643,0.044059,0.998589,0,0.32000,-0.35818,19.200,-0.716,-1,375.000,600.000,400.000,-1,325.000,325.000,325.000,300.000,-1,625.000,550.000,-1,475.000,650.000,650.000,850.000,2,1,1,0,2,0,0,0,0,2,1,1,2,1,1,1,1
50,1578.143,8236.270,325.643,148.020,-0.848549,-0.529112,-0.002170,0.528265,-0.847408,0.053260,-0.030019,0.044048,0.998578,0,0.40000,-0.35659,24.000,-0.713,-1,350.000,575.000,400.000,-1,325.000,325.000,325.000,300.000,-1,650.000,575.000,-1,450.000,625.000,600.000,825.000,2,1,1,0,2,0,0,0,0,2,1,1,2,1,1,1,1
51,1553.905,8251.825,324.867,147.310,-0.841941,-0.539566,-0.001751,0.538716,-0.840788,0.053480,-0.030328,0.044084,0.998567,0,0.48000,-0.35482,28.800,-0.710,-1,350.000,550.000,400.000,-1,325.000,325.000,325.000,300.000,-1,675.000,600.000,-1,425.000,625.000,550.000,825.000,2,1,1,0,2,0,0,0,0,2,1,1,2,1,1,1,1
52,1525.853,8270.319,323.877,146.604,-0.835239,-0.549885,-0.001552,0.549026,-0.834086,0.053587,-0.030761,0.043906,0.998562,0,0.56000,-0.35282,33.600,-0.706,-1,325.000,525.000,400.000,-1,325.000,325.000,325.000,300.000,-1,725.000,650.000,-1,400.000,600.000,475.000,800.000,2,1,1,0,2,1,0,0,0,2,1,1,2,1,1,1,1
53,1494.054,8291.846,322.660,145.903,-0.828451,-0.560059,-0.001256,0.559207,-0.827310,0.053352,-0.030919,0.043498,0.998575,0,0.64000,-0.35055,38.400,-0.701,775.000,300.000,500.000,400.000,-1,300.000,325.000,325.000,300.000,-1,775.000,700.000,-1,375.000,550.000,425.000,750.000,1,1,1,0,2,1,0,0,0,2,1,1,2,1,1,1,1
54,1458.577,8316.496,321.271,145.208,-0.821592,-0.570075,-0.000875,0.569234,-0.820461,0.053077,-0.030976,0.043109,0.998590,0,0.72000,-0.34794,43.200,-0.696,575.000,275.000,450.000,400.000,-1,275.000,325.000,325.000,300.000,-1,825.000,725.000,-1,350.000,525.000,375.000,725.000,1,1,1,0,2,1,0,0,0,2,1,1,2,1,1,1,1
55,1419.491,8344.358,319.719,144.518,-0.814673,-0.579920,-0.000395,0.579093,-0.813548,0.052826,-0.030956,0.042807,0.998604,0,0.80000,-0.34492,48.000,-0.690,425.000,250.000,400.000,400.000,-1,250.000,300.000,325.000,300.000,-1,875.000,800.000,-1,300.000,475.000,300.000,675.000,1,1,1,0,2,1,1,0,0,2,1,1,2,1,1,1,1
56,1376.863,8375.513,319.404,143.835,-0.807791,-0.589424,0.007309,0.588885,-0.806375,0.054543,-0.026255,0.048364,0.998485,0,0.88000,-0.34141,52.800,-0.683,325.000,225.000,375.000,375.000,975.000,225.000,275.000,325.000,300.000,-1,925.000,825.000,-1,275.000,450.000,250.000,625.000,1,1,1,1,1,1,1,0,0,2,1,1,2,1,1,1,1
57,1330.759,8410.041,320.823,143.160,-0.800789,-0.598431,0.024866,0.598753,-0.798783,0.058653,-0.015238,0.061858,0.997969,0,0.96000,-0.33730,57.600,-0.675,275.000,200.000,325.000,325.000,925.000,200.000,250.000,375.000,300.000,-1,850.000,500.000,-1,250.000,400.000,225.000,600.000,1,1,1,1,1,1,1,0,0,2,0,0,2,1,1,1,1
58,1283.148,8446.554,323.634,142.495,-0.793271,-0.606797,0.050183,0.608868,-0.790660,0.064314,0.000652,0.081573,0.996667,0,1.00000,-0.33244,60.000,-0.665,250.000,175.000,300.000,300.000,850.000,175.000,225.000,425.000,275.000,-1,375.000,200.000,-1,225.000,350.000,200.000,550.000,1,1,1,1,1,1,1,0,0,2,0,0,2,1,1,1,1
59,1235.947,8483.597,327.825,141.842,-0.784735,-0.614287,0.082721,0.619476,-0.781789,0.071109,0.020989,0.107045,0.994033,0,1.00000,-0.32684,60.000,-0.654,200.000,175.000,250.000,275.000,800.000,150.000,200.000,525.000,275.000,-1,250.000,100.000,650.000,200.000,325.000,175.000,500.000,1,1,1,1,1,1,1,0,0,2,0,0,0,1,1,1,1
60,1189.148,8521.150,333.552,141.201,-0.774602,-0.620617,0.121761,0.630838,-0.771909,0.078742,0.045120,0.137805,0.989431,0,1.00000,-0.32054,60.000,-0.641,175.000,150.000,225.000,250.000,725.000,150.000,175.000,700.000,250.000,-1,200.000,50.000,425.000,175.000,300.000,150.000,475.000,1,1,1,1,1,1,1,0,0,2,0,0,0,1,1,1,1
61,3607.628,-2951.705,82.112,-95.736,-0.100191,0.994967,-0.001796,-0.990889,-0.099943,-0.090277,-0.090002,-0.007265,0.995915,1,0.00000,0.00000,60.000,-0.627,-1,400.000,-1,400.000,-1,325.000,325.000,300.000,300.000,-1,-1,-1,-1,875.000,900.000,-1,-1,2,0,2,0,2,0,0,0,0,2,2,2,2,0,0,2,2
62,3608.088,-2946.927,82.546,-95.496,-0.096006,0.995379,-0.001780,-0.991317,-0.095775,-0.090100,-0.089854,-0.006885,0.995931,0,-0.08000,0.12000,-4.800,0.240,-1,400.000,-1,400.000,-1,325.000,325.000,300.000,300.000,-1,-1,-1,-1,875.000,900.000,-1,-1,2,0,2,0,2,0,0,0,0,2,2,2,2,0,0,2,2
63,3608.946,-2937.366,83.413,-95.128,-0.089582,0.995978,-0.001748,-0.991946,-0.089377,-0.089744,-0.089540,-0.006306,0.995963,0,-0.16000,0.18409,-9.600,0.368,-1,400.000,-1,400.000,-1,325.000,325.000,300.000,300.000,-1,-1,-1,-1,875.000,900.000,-1,-1,2,0,2,0,2,0,0,0,0,2,2,2,2,0,0,2,2
64,3610.140,-2923.015,84.716,-94.759,-0.083144,0.996536,-0.001696,-0.992552,-0.082963,-0.089210,-0.089041,-0.005734,0.996011,0,-0.24000,0.18443,-14.400,0.369,-1,400.000,-1,400.000,-1,325.000,325.000,300.000,300.000,-1,-1,-1,-1,875.000,900.000,-1,-1,2,0,2,0,2,0,0,0,0,2,2,2,2,0,0,2,2
65,3611.610,-2903.871,86.455,-94.389,-0.076688,0.997054,-0.001629,-0.993132,-0.076531,-0.088496,-0.088360,-0.005169,0.996075,0,-0.32000,0.18488,-19.200,0.370,-1,400.000,-1,400.000,-1,325.000,325.000,300.000,300.000,-1,-1,-1,-1,875.000,900.000,-1,-1,2,0,2,0,2,0,0,0,0,2,2,2,2,0,0,2,2
66,3613.291,-2879.930,88.628,-94.019,-0.070214,0.997531,-0.001550,-0.993687,-0.070079,-0.087604,-0.087496,-0.004611,0.996154,0,-0.40000,0.18534,-24.000,0.371,-1,400.000,-1,400.000,-1,325.000,325.000,300.000,300.000,-1,-1,-1,-1,875.000,900.000,-1,-1,2,0,2,0,2,0,0,0,0,2,2,2,2,0,0,2,2
67,3615.123,-2851.188,91.237,-93.647,-0.063723,0.997967,-0.001461,-0.994216,-0.063610,-0.086533,-0.086450,-0.004061,0.996248,0,-0.48000,0.18574,-28.800,0.371,-1,400.000,-1,400.000,-1,325.000,325.000,300.000,300.000,-1,-1,-1,-1,875.000,900.000,-1,-1,2,0,2,0,2,0,0,0,0,2,2,2,2,0,0,2,2
68,3616.851,-2820.987,93.977,-93.275,-0.057221,0.998361,-0.001380,-0.994707,-0.057130,-0.085410,-0.085349,-0.003515,0.996345,0,-0.50418,0.18599,-30.251,0.372,-1,400.000,-1,400.000,-1,325.000,325.000,300.000,300.000,-1,-1,-1,-1,875.000,900.000,-1,-1,2,0,2,0,2,0,0,0,0,2,2,2,2,0,0,2,2
69,3618.379,-2790.869,96.708,-92.903,-0.050718,0.998712,-0.001312,-0.995153,-0.050648,-0.084292,-0.084250,-0.002969,0.996440,0,-0.50261,0.18596,-30.156,0.372,-1,400.000,-1,425.000,-1,325.000,325.000,300.000,300.000,-1,-1,-1,-1,875.000,900.000,-1,-1,2,0,2,0,2,0,0,0,0,2,2,2,2,0,0,2,2
70,3619.707,-2760.835,99.430,-92.532,-0.044224,0.999021,-0.001258,-0.995555,-0.044175,-0.083177,-0.083152,-0.002426,0.996534,0,-0.50104,0.18566,-30.063,0.371,-1,400.000,-1,425.000,-1,325.000,325.000,300.000,300.000,-1,-1,-1,-1,875.000,900.000,-1,-1,2,0,2,0,2,0,0,0,0,2,2,2,2,0,0,2,2
71,3620.837,-2730.886,102.143,-92.162,-0.037747,0.999287,-0.001218,-0.995913,-0.037720,-0.082067,-0.082054,-0.001885,0.996626,0,-0.49951,0.18508,-29.970,0.370,-1,425.000,-1,425.000,-1,325.000,325.000,300.000,300.000,-1,-1,-1,-1,875.000,900.000,-1,-1,2,0,2,0,2,0,0,0,0,2,2,2,2,0,0,2,2
72,3621.772,-2701.019,104.847,-91.793,-0.031299,0.999509,-0.001192,-0.996226,-0.031293,-0.080960,-0.080957,-0.001347,0.996717,0,-0.49801,0.18423,-29.881,0.368,-1,425.000,-1,425.000,-1,325.000,325.000,300.000,300.000,-1,-1,-1,-1,875.000,900.000,-1,-1,2,0,2,0,2,0,0,0,0,2,2,2,2,0,0,2,2
73,3622.514,-2671.234,107.542,-91.427,-0.024889,0.999690,-0.001179,-0.996495,-0.024904,-0.079856,-0.079860,-0.000813,0.996806,0,-0.49657,0.18310,-29.794,0.366,-1,425.000,-1,425.000,-1,325.000,325.000,300.000,300.000,-1,-1,-1,-1,875.000,900.000,-1,-1,2,0,2,0,2,0,0,0,0,2,2,2,2,0,0,2,2
74,3623.066,-2641.527,110.229,-91.064,-0.018527,0.999828,-0.001180,-0.996721,-0.018563,-0.078754,-0.078762,-0.000283,0.996893,0,-0.49520,0.18171,-29.712,0.363,-1,425.000,-1,425.000,-1,325.000,325.000,300.000,300.000,-1,-1,-1,-1,875.000,925.000,-1,-1,2,0,2,0,2,0,0,0,0,2,2,2,2,0,0,2,2
75,3623.402,-2616.617,112.349,-90.774,-0.013440,0.999909,-0.001449,-0.996845,-0.013512,-0.078218,-0.078230,0.000393,0.996935,0,-0.41520,0.14470,-24.912,0.289,-1,425.000,-1,425.000,-1,325.000,325.000,300.000,300.000,-1,-1,-1,-1,875.000,900.000,-1,-1,2,0,2,0,2,0,0,0,0,2,2,2,2,0,0,2,2
76,3623.573,-2596.505,113.929,-90.487,-0.008395,0.999963,-0.001714,-0.996899,-0.008504,-0.078235,-0.078247,0.001052,0.996933,0,-0.33520,0.14350,-20.112,0.287,-1,425.000,-1,425.000,-1,325.000,325.000,300.000,300.000,-1,-1,-1,-1,875.000,900.000,-1,-1,2,0,2,0,2,0,0,0,0,2,2,2,2,0,0,2,2
77,3623.627,-2581.193,115.135,-90.201,-0.003366,0.999992,-0.001933,-0.996927,-0.003507,-0.078261,-0.078267,0.001663,0.996931,0,-0.25520,0.14316,-15.312,0.286,-1,425.000,-1,425.000,-1,325.000,325.000,300.000,300.000,-1,-1,-1,-1,875.000,900.000,-1,-1,2,0,2,0,2,0,0,0,0,2,2,2,2,0,0,2,2
78,3623.611,-2570.681,115.963,-89.915,0.001647,0.999996,-0.002085,-0.996930,0.001478,-0.078281,-0.078277,0.002208,0.996929,0,-0.17520,0.14281,-10.512,0.286,-1,425.000,-1,425.000,-1,325.000,325.000,300.000,300.000,-1,-1,-1,-1,850.000,900.000,-1,-1,2,0,2,0,2,0,0,0,0,2,2,2,2,0,0,2,2
79,3623.574,-2564.968,116.412,-89.630,0.006644,0.999976,-0.002171,-0.996909,0.006453,-0.078294,-0.078278,0.002685,0.996928,0,-0.09520,0.14253,-5.712,0.285,-1,425.000,-1,425.000,-1,325.000,325.000,300.000,300.000,-1,-1,-1,-1,850.000,875.000,-1,-1,2,0,2,0,2,0,0,0,0,2,2,2,2,0,0,2,2
80,3623.564,-2564.056,116.484,-89.346,0.011629,0.999930,-0.002190,-0.996864,0.011422,-0.078301,-0.078271,0.003094,0.996927,0,-0.01520,0.14235,-0.912,0.285,-1,425.000,-1,425.000,-1,325.000,325.000,300.000,300.000,-1,-1,-1,-1,850.000,875.000,-1,-1,2,0,2,0,2,0,0,0,0,2,2,2,2,0,0,2,2
81,3623.627,-2567.943,116.179,-89.061,0.016608,0.999860,-0.002142,-0.996795,0.016389,-0.078303,-0.078257,0.003435,0.996927,0,0.06480,0.14232,3.888,0.285,-1,425.000,-1,425.000,-1,325.000,325.000,300.000,300.000,-1,-1,-1,-1,850.000,900.000,-1,-1,2,0,2,0,2,0,0,0,0,2,2,2,2,0,0,2,2
82,3623.813,-2576.629,115.497,-88.776,0.021586,0.999765,-0.002025,-0.996701,0.021361,-0.078300,-0.078238,0.003709,0.996928,0,0.14480,0.14246,8.688,0.285,-1,425.000,-1,425.000,-1,325.000,325.000,300.000,300.000,-1,-1,-1,-1,850.000,900.000,-1,-1,2,0,2,0,2,0,0,0,0,2,2,2,2,0,0,2,2
83,3624.168,-2590.112,114.438,-88.490,0.026569,0.999645,-0.001841,-0.996582,0.026343,-0.078291,-0.078215,0.003915,0.996929,0,0.22480,0.14277,13.488,0.286,-1,425.000,-1,425.000,-1,325.000,325.000,300.000,300.000,-1,-1,-1,-1,850.000,900.000,-1,-1,2,0,2,0,2,0,0,0,0,2,2,2,2,0,0,2,2
84,3624.741,-2608.391,113.001,-88.204,0.031563,0.999500,-0.001590,-0.996439,0.031342,-0.078277,-0.078188,0.004055,0.996930,0,0.30480,0.14326,18.288,0.287,-1,425.000,-1,425.000,-1,325.000,325.000,300.000,300.000,-1,-1,-1,-1,875.000,900.000,-1,-1,2,0,2,0,2,0,0,0,0,2,2,2,2,0,0,2,2
85,3625.581,-2631.463,111.077,-87.916,0.036610,0.999328,-0.001725,-0.996248,0.036362,-0.078536,-0.078421,0.004594,0.996910,0,0.38480,0.14390,23.088,0.288,-1,425.000,-1,425.000,-1,325.000,325.000,300.000,300.000,-1,-1,-1,-1,875.000,925.000,-1,-1,2,0,2,0,2,0,0,0,0,2,2,2,2,0,0,2,2
86,3626.736,-2659.327,108.580,-87.626,0.041704,0.999128,-0.001885,-0.995973,0.041422,-0.079515,-0.079367,0.005194,0.996832,0,0.46480,0.14507,27.888,0.290,-1,425.000,-1,425.000,-1,325.000,325.000,300.000,300.000,-1,-1,-1,-1,875.000,925.000,-1,-1,2,0,2,0,2,0,0,0,0,2,2,2,2,0,0,2,2
87,3628.258,-2691.980,105.627,-87.331,0.046870,0.998899,-0.001931,-0.995646,0.046562,-0.080747,-0.080568,0.005708,0.996733,0,0.54480,0.14739,32.688,0.295,-1,425.000,-1,425.000,-1,325.000,325.000,300.000,300.000,-1,-1,-1,-1,875.000,925.000,-1,-1,2,0,2,0,2,0,0,0,0,2,2,2,2,0,0,2,2
88,3630.044,-2726.426,102.514,-87.031,0.052127,0.998639,-0.001965,-0.995282,0.051790,-0.082045,-0.081831,0.006233,0.996627,0,0.57486,0.14997,34.492,0.300,-1,400.000,-1,425.000,-1,325.000,325.000,300.000,300.000,-1,-1,-1,-1,850.000,925.000,-1,-1,2,0,2,0,2,0,0,0,0,2,2,2,2,0,0,2,2
89,3632.012,-2760.829,99.405,-86.726,0.057471,0.998345,-0.001987,-0.994884,0.057106,-0.083337,-0.083086,0.006766,0.996519,0,0.57432,0.15253,34.459,0.305,-1,400.000,-1,425.000,-1,325.000,325.000,300.000,300.000,-1,-1,-1,-1,850.000,925.000,-1,-1,2,0,2,0,2,0,0,0,0,2,2,2,2,0,0,2,2
90,3634.164,-2795.184,96.303,-86.416,0.062898,0.998018,-0.001997,-0.994451,0.062504,-0.084625,-0.084332,0.007309,0.996411,0,0.57371,0.15491,34.423,0.310,-1,400.000,-1,425.000,-1,325.000,325.000,300.000,300.000,-1,-1,-1,-1,850.000,925.000,-1,-1,2,0,2,0,2,0,0,0,0,2,2,2,2,0,0,2,2
91,3636.501,-2829.488,93.207,-86.102,0.068400,0.997656,-0.001995,-0.993982,0.067976,-0.085906,-0.085569,0.007859,0.996301,0,0.57304,0.15712,34.383,0.314,-1,400.000,-1,400.000,-1,325.000,325.000,300.000,300.000,-1,-1,-1,-1,850.000,925.000,-1,-1,2,0,2,0,2,0,0,0,0,2,2,2,2,0,0,2,2
92,3639.026,-2863.734,90.118,-85.784,0.073971,0.997258,-0.001981,-0.993476,0.073517,-0.087181,-0.086797,0.008416,0.996191,0,0.57232,0.15915,34.339,0.318,-1,400.000,-1,400.000,-1,325.000,325.000,300.000,300.000,-1,-1,-1,-1,850.000,925.000,-1,-1,2,0,2,0,2,0,0,0,0,2,2,2,2,0,0,2,2
93,3641.739,-2897.920,87.036,-85.462,0.079604,0.996825,-0.001954,-0.992933,0.079120,-0.088449,-0.088013,0.008982,0.996079,0,0.57155,0.16101,34.293,0.322,-1,400.000,-1,400.000,-1,325.000,325.000,300.000,300.000,-1,-1,-1,-1,850.000,925.000,-1,-1,2,0,2,0,2,0,0,0,0,2,2,2,2,0,0,2,2
94,3644.115,-2927.318,84.386,-85.380,0.081043,0.996709,-0.001919,-0.992722,0.080547,-0.089529,-0.089079,0.009161,0.995982,0,0.49155,0.04101,29.493,0.082,-1,400.000,-1,400.000,-1,325.000,325.000,300.000,300.000,-1,-1,-1,-1,825.000,925.000,-1,-1,2,0,2,0,2,0,0,0,0,2,2,2,2,0,0,2,2
95,3646.036,-2951.936,82.165,-85.538,0.078289,0.996929,-0.001887,-0.992860,0.077799,-0.090425,-0.090000,0.008953,0.995902,0,0.41155,-0.07899,24.693,-0.158,-1,400.000,-1,400.000,-1,325.000,325.000,300.000,300.000,-1,-1,-1,-1,825.000,925.000,-1,-1,2,0,2,0,2,0,0,0,0,2,2,2,2,0,0,2,2
96,3647.446,-2971.779,80.374,-85.936,0.071339,0.997450,-0.001868,-0.993313,0.070872,-0.091139,-0.090774,0.008357,0.995836,0,0.33155,-0.19899,19.893,-0.398,-1,400.000,-1,400.000,-1,325.000,325.000,300.000,300.000,-1,-1,-1,-1,825.000,925.000,-1,-1,2,0,2,0,2,0,0,0,0,2,2,2,2,0,0,2,2
97,3648.373,-2986.844,79.011,-86.477,0.061887,0.998081,-0.001863,-0.993891,0.061456,-0.091675,-0.091385,0.007525,0.995787,0,0.25155,-0.27037,15.093,-0.541,-1,400.000,-1,400.000,-1,325.000,325.000,300.000,300.000,-1,-1,-1,-1,825.000,925.000,-1,-1,2,0,2,0,2,0,0,0,0,2,2,2,2,0,0,2,2
98,3648.909,-2997.123,78.080,-87.017,0.052439,0.998622,-0.001868,-0.994394,0.052045,-0.092038,-0.091814,0.006684,0.995754,0,0.17155,-0.27007,10.293,-0.540,-1,400.000,-1,400.000,-1,325.000,325.000,300.000,300.000,-1,-1,-1,-1,825.000,900.000,-1,-1,2,0,2,0,2,0,0,0,0,2,2,2,2,0,0,2,2
99,3649.143,-3002.611,77.582,-87.557,0.042989,0.999074,-0.001878,-0.994825,0.042633,-0.092226,-0.092060,0.005833,0.995736,0,0.09155,-0.26993,5.493,-0.540,-1,400.000,-1,400.000,-1,325.000,325.000,300.000,300.000,-1,-1,-1,-1,850.000,900.000,-1,-1,2,0,2,0,2,0,0,0,0,2,2,2,2,0,0,2,2
100,3649.166,-3003.304,77.517,-88.096,0.033536,0.999436,-0.001887,-0.995183,0.033219,-0.092239,-0.092125,0.004971,0.995735,0,0.01155,-0.26989,0.693,-0.540,-1,400.000,-1,400.000,-1,325.000,325.000,300.000,300.000,-1,-1,-1,-1,850.000,900.000,-1,-1,2,0,2,0,2,0,0,0,0,2,2,2,2,0,0,2,2
101,3649.069,-2999.198,77.886,-88.636,0.024079,0.999708,-0.001891,-0.995467,0.023803,-0.092078,-0.092006,0.004099,0.995750,0,-0.06845,-0.26989,-4.107,-0.540,-1,400.000,-1,400.000,-1,325.000,325.000,300.000,300.000,-1,-1,-1,-1,850.000,900.000,-1,-1,2,0,2,0,2,0,0,0,0,2,2,2,2,0,0,2,2
102,3648.941,-2990.292,78.690,-89.176,0.014618,0.999891,-0.001884,-0.995679,0.014384,-0.091741,-0.091704,0.003217,0.995781,0,-0.14845,-0.26989,-8.907,-0.540,-1,400.000,-1,400.000,-1,325.000,325.000,300.000,300.000,-1,-1,-1,-1,850.000,900.000,-1,-1,2,0,2,0,2,0,0,0,0,2,2,2,2,0,0,2,2
103,3648.873,-2976.585,79.929,-89.716,0.005156,0.999985,-0.001861,-0.995818,0.004964,-0.091229,-0.091218,0.002324,0.995828,0,-0.22845,-0.26986,-13.707,-0.540,-1,400.000,-1,400.000,-1,325.000,325.000,300.000,300.000,-1,-1,-1,-1,850.000,900.000,-1,-1,2,0,2,0,2,0,0,0,0,2,2,2,2,0,0,2,2
104,3648.940,-2961.492,81.295,-90.255,-0.004305,0.999989,-0.001825,-0.995871,-0.004453,-0.090666,-0.090673,0.001428,0.995880,0,-0.25154,-0.26979,-15.092,-0.540,-1,400.000,-1,400.000,-1,325.000,325.000,300.000,300.000,-1,-1,-1,-1,850.000,900.000,-1,-1,2,0,2,0,2,0,0,0,0,2,2,2,2,0,0,2,2
105,3649.040,-2951.200,82.227,-90.555,-0.009558,0.999953,-0.001796,-0.995869,-0.009681,-0.090284,-0.090297,0.000926,0.995914,0,-0.17154,-0.14979,-10.292,-0.300,-1,400.000,-1,400.000,-1,325.000,325.000,300.000,300.000,-1,-1,-1,-1,850.000,900.000,-1,-1,2,0,2,0,2,0,0,0,0,2,2,2,2,0,0,2,2
106,3649.099,-2945.708,82.724,-90.614,-0.010604,0.999942,-0.001782,-0.995877,-0.010721,-0.090082,-0.090096,0.000819,0.995933,0,-0.09154,-0.02979,-5.492,-0.060,-1,400.000,-1,400.000,-1,325.000,325.000,300.000,300.000,-1,-1,-1,-1,850.000,900.000,-1,-1,2,0,2,0,2,0,0,0,0,2,2,2,2,0,0,2,2
107,3649.104,-2945.016,82.787,-90.434,-0.007442,0.999971,-0.001785,-0.995908,-0.007572,-0.090060,-0.090070,0.001107,0.995935,0,-0.01154,0.09021,-0.692,0.180,-1,400.000,-1,400.000,-1,325.000,325.000,300.000,300.000,-1,-1,-1,-1,850.000,900.000,-1,-1,2,0,2,0,2,0,0,0,0,2,2,2,2,0,0,2,2
108,3649.103,-2949.124,82.415,-90.013,-0.000072,0.999998,-0.001804,-0.995922,-0.000235,-0.090218,-0.090218,0.001791,0.995920,0,0.06846,0.21021,4.108,0.420,-1,400.000,-1,400.000,-1,325.000,325.000,300.000,300.000,-1,-1,-1,-1,850.000,900.000,-1,-1,2,0,2,0,2,0,0,0,0,2,2,2,2,0,0,2,2
109,3649.203,-2958.031,81.609,-89.353,0.011505,0.999932,-0.001833,-0.995827,0.011292,-0.090557,-0.090530,0.002867,0.995890,0,0.14846,0.33021,8.908,0.660,-1,400.000,-1,400.000,-1,325.000,325.000,300.000,300.000,-1,-1,-1,-1,850.000,900.000,-1,-1,2,0,2,0,2,0,0,0,0,2,2,2,2,0,0,2,2
110,3649.573,-2971.734,80.372,-88.453,0.027286,0.999626,-0.001859,-0.995478,0.027004,-0.091076,-0.090992,0.004336,0.995842,0,0.22846,0.45021,13.708,0.900,-1,400.000,-1,400.000,-1,325.000,325.000,300.000,300.000,-1,-1,-1,-1,850.000,900.000,-1,-1,2,0,2,0,2,0,0,0,0,2,2,2,2,0,0,2,2
111,3650.425,-2990.222,78.706,-87.362,0.046388,0.998922,-0.001866,-0.994716,0.046021,-0.091774,-0.091589,0.006113,0.995778,0,0.30846,0.54520,18.508,1.090,-1,400.000,-1,400.000,-1,325.000,325.000,300.000,300.000,-1,-1,-1,-1,850.000,900.000,-1,-1,2,0,2,0,2,0,0,0,0,2,2,2,2,0,0,2,2
112,3651.941,-3013.480,76.613,-86.271,0.065482,0.997852,-0.001841,-0.993573,0.065030,-0.092644,-0.092325,0.007896,0.995698,0,0.38846,0.54544,23.308,1.091,-1,400.000,-1,425.000,-1,325.000,325.000,300.000,300.000,-1,-1,-1,-1,825.000,925.000,-1,-1,2,0,2,0,2,0,0,0,0,2,2,2,2,0,0,2,2
113,3654.302,-3041.489,74.098,-85.180,0.084565,0.996416,-0.001777,-0.992050,0.084028,-0.093680,-0.093195,0.009685,0.995601,0,0.46846,0.54583,28.108,1.092,-1,400.000,-1,425.000,-1,325.000,325.000,300.000,300.000,-1,-1,-1,-1,825.000,925.000,-1,-1,2,0,2,0,2,0,0,0,0,2,2,2,2,0,0,2,2
114,3657.693,-3074.221,71.162,-84.087,0.103637,0.994614,-0.001663,-0.990145,0.103013,-0.094878,-0.094196,0.011480,0.995487,0,0.54846,0.54636,32.908,1.093,-1,400.000,-1,425.000,-1,325.000,325.000,300.000,300.000,-1,-1,-1,-1,825.000,925.000,-1,-1,2,0,2,0,2,0,0,0,0,2,2,2,2,0,0,2,2
115,3662.293,-3111.648,67.810,-82.993,0.122694,0.992443,-0.001495,-0.987856,0.121982,-0.096230,-0.095320,0.013284,0.995358,0,0.62846,0.54703,37.708,1.094,-1,400.000,-1,425.000,-1,325.000,325.000,300.000,300.000,-1,-1,-1,-1,825.000,925.000,-1,-1,2,0,2,0,2,0,0,0,0,2,2,2,2,0,0,2,2
116,3668.284,-3153.731,64.046,-81.897,0.141734,0.989904,-0.001266,-0.985184,0.140933,-0.097725,-0.096560,0.015098,0.995213,0,0.70846,0.54781,42.508,1.096,-1,400.000,-1,425.000,-1,325.000,325.000,300.000,300.000,-1,-1,-1,-1,800.000,925.000,-1,-1,2,0,2,0,2,0,0,0,0,2,2,2,2,0,0,2,2
117,3675.848,-3200.431,59.876,-80.800,0.160750,0.986995,-0.000973,-0.982127,0.159860,-0.099354,-0.097906,0.016926,0.995052,0,0.78846,0.54866,47.308,1.097,-1,400.000,-1,425.000,-1,325.000,325.000,300.000,300.000,-1,-1,-1,-1,800.000,925.000,-1,-1,2,0,2,0,2,0,0,0,0,2,2,2,2,0,0,2,2
118,3684.562,-3248.386,55.377,-79.701,0.179816,0.983699,-0.001518,-0.978730,0.178752,-0.100673,-0.098760,0.019589,0.994918,0,0.81234,0.54951,48.740,1.099,-1,400.000,-1,425.000,-1,325.000,325.000,300.000,300.000,-1,-1,-1,-1,800.000,925.000,-1,-1,2,0,2,0,2,0,0,0,0,2,2,2,2,0,0,2,2
119,3694.190,-3296.134,50.364,-78.600,0.199039,0.979984,-0.003912,-0.974887,0.197593,-0.102728,-0.099898,0.024261,0.994702,0,0.81181,0.55028,48.709,1.101,-1,400.000,-1,425.000,-1,325.000,325.000,300.000,300.000,-1,-1,-1,-1,800.000,925.000,-1,-1,2,0,2,0,2,0,0,0,0,2,2,2,2,0,0,2,2
120,3704.897,-3344.418,45.202,-77.498,0.218183,0.975890,-0.005928,-0.970703,0.216389,-0.104460,-0.100659,0.028546,0.994511,0,0.82428,0.55128,49.457,1.103,-1,400.000,-1,425.000,-1,325.000,325.000,300.000,300.000,-1,-1,-1,-1,775.000,900.000,-1,-1,2,0,2,0,2,0,0,0,0,2,2,2,2,0,0,2,2
121,3716.541,-3392.504,39.773,-76.388,0.237242,0.971428,-0.006639,-0.966120,0.235220,-0.106229,-0.101632,0.031616,0.994320,0,0.82459,0.55466,49.476,1.109,-1,400.000,-1,425.000,-1,325.000,325.000,300.000,300.000,-1,-1,-1,-1,775.000,900.000,-1,-1,2,0,2,0,2,0,0,0,0,2,2,2,2,0,0,2,2
122,3729.124,-3440.371,34.364,-75.273,0.256316,0.966566,-0.007214,-0.961133,0.254069,-0.108036,-0.102591,0.034625,0.994121,0,0.82487,0.55795,49.492,1.116,-1,400.000,-1,425.000,-1,325.000,325.000,300.000,300.000,-1,-1,-1,-1,775.000,875.000,-1,-1,2,0,2,0,2,0,0,0,0,2,2,2,2,0,0,2,2
123,3742.645,-3487.995,29.001,-74.150,0.275397,0.961299,-0.007763,-0.955747,0.272919,-0.109829,-0.103460,0.037666,0.993920,0,0.82511,0.56108,49.507,1.122,-1,400.000,-1,425.000,-1,325.000,325.000,300.000,300.000,-1,-1,-1,-1,750.000,875.000,-1,-1,2,0,2,0,2,0,0,0,0,2,2,2,2,0,0,2,2
124,3757.106,-3535.356,23.717,-73.023,0.294455,0.955630,-0.008211,-0.949973,0.291754,-0.111498,-0.104156,0.040631,0.993731,0,0.82531,0.56392,49.519,1.128,-1,400.000,-1,400.000,-1,325.000,325.000,300.000,300.000,-1,-1,-1,-1,750.000,850.000,-1,-1,2,0,2,0,2,0,0,0,0,2,2,2,2,0,0,2,2
125,3772.503,-3582.431,18.535,-71.889,0.313469,0.949560,-0.008518,-0.943817,0.310560,-0.112965,-0.104621,0.043451,0.993563,0,0.82548,0.56663,49.529,1.133,-1,400.000,-1,400.000,-1,325.000,325.000,300.000,300.000,-1,-1,-1,-1,725.000,850.000,-1,-1,2,0,2,0,2,0,0,0,0,2,2,2,2,0,0,2,2
126,3787.069,-3624.721,13.907,-70.996,0.328375,0.944507,-0.008762,-0.938690,0.325293,-0.114217,-0.105028,0.045731,0.993417,0,0.74548,0.44663,44.729,0.893,-1,375.000,-1,400.000,-1,325.000,325.000,300.000,300.000,-1,-1,-1,-1,725.000,825.000,-1,-1,2,0,2,0,2,0,0,0,0,2,2,2,2,0,0,2,2
127,3800.501,-3662.322,9.814,-70.343,0.339234,0.940659,-0.008970,-0.934776,0.336013,-0.115283,-0.105428,0.047492,0.993292,0,0.66548,0.32663,39.929,0.653,-1,375.000,-1,400.000,-1,325.000,325.000,300.000,300.000,-1,-1,-1,-1,725.000,825.000,-1,-1,2,0,2,0,2,0,0,0,0,2,2,2,2,0,0,2,2
128,3812.557,-3695.318,6.235,-69.930,0.346096,0.938154,-0.009160,-0.932207,0.342768,-0.116187,-0.105862,0.048751,0.993185,0,0.58548,0.20663,35.129,0.413,-1,375.000,-1,400.000,-1,325.000,325.000,300.000,300.000,-1,-1,-1,-1,725.000,825.000,-1,-1,2,0,2,0,2,0,0,0,0,2,2,2,2,0,0,2,2
129,3823.051,-3723.773,3.154,-69.756,0.348995,0.937078,-0.009347,-0.931069,0.345590,-0.116952,-0.106363,0.049518,0.993094,0,0.50548,0.08663,30.329,0.173,-1,375.000,-1,400.000,-1,325.000,325.000,300.000,300.000,-1,-1,-1,-1,700.000,825.000,-1,-1,2,0,2,0,2,0,0,0,0,2,2,2,2,0,0,2,2
130,3831.856,-3747.735,0.558,-69.823,0.347944,0.937467,-0.009541,-0.931395,0.344494,-0.117592,-0.106952,0.049801,0.993016,0,0.42548,-0.03337,25.529,-0.067,-1,375.000,-1,400.000,-1,325.000,325.000,300.000,300.000,-1,-1,-1,-1,700.000,800.000,-1,-1,2,0,2,0,2,0,0,0,0,2,2,2,2,0,0,2,2
131,3838.902,-3767.229,-1.560,-70.130,0.342940,0.939307,-0.009746,-0.933170,0.339474,-0.118119,-0.107641,0.049603,0.992952,0,0.34548,-0.15337,20.729,-0.307,-1,375.000,-1,400.000,-1,325.000,325.000,300.000,300.000,-1,-1,-1,-1,700.000,800.000,-1,-1,2,0,2,0,2,0,0,0,0,2,2,2,2,0,0,2,2
132,3844.205,-3782.250,-3.199,-70.553,0.335993,0.941812,-0.009945,-0.935614,0.332531,-0.118533,-0.108328,0.049131,0.992900,0,0.26548,-0.21171,15.929,-0.423,-1,375.000,-1,400.000,-1,325.000,325.000,300.000,300.000,-1,-1,-1,-1,700.000,800.000,-1,-1,2,0,2,0,2,0,0,0,0,2,2,2,2,0,0,2,2
133,3847.832,-3792.771,-4.352,-70.976,0.329026,0.944267,-0.010113,-0.938019,0.325576,-0.118829,-0.108913,0.048584,0.992863,0,0.18548,-0.21153,11.129,-0.423,-1,375.000,-1,400.000,-1,325.000,325.000,300.000,300.000,-1,-1,-1,-1,700.000,800.000,-1,-1,2,0,2,0,2,0,0,0,0,2,2,2,2,0,0,2,2
134,3849.850,-3798.769,-5.018,-71.399,0.322033,0.946673,-0.010245,-0.940387,0.318607,-0.119006,-0.109395,0.047958,0.992841,0,0.10548,-0.21146,6.329,-0.423,-1,375.000,-1,400.000,-1,325.000,325.000,300.000,300.000,-1,-1,-1,-1,700.000,800.000,-1,-1,2,0,2,0,2,0,0,0,0,2,2,2,2,0,0,2,2
135,3850.327,-3800.221,-5.193,-71.822,0.315013,0.949031,-0.010336,-0.942718,0.311621,-0.119061,-0.109772,0.047249,0.992833,0,0.02548,-0.21146,1.529,-0.423,-1,375.000,-1,400.000,-1,325.000,325.000,300.000,300.000,-1,-1,-1,-1,700.000,800.000,-1,-1,2,0,2,0,2,0,0,0,0,2,2,2,2,0,0,2,2
136,3849.329,-3797.106,-4.875,-72.245,0.307966,0.951341,-0.010383,-0.945012,0.304619,-0.118992,-0.110039,0.046457,0.992841,0,-0.05452,-0.21147,-3.271,-0.423,-1,375.000,-1,400.000,-1,325.000,325.000,300.000,300.000,-1,-1,-1,-1,700.000,825.000,-1,-1,2,0,2,0,2,0,0,0,0,2,2,2,2,0,0,2,2
137,3846.924,-3789.401,-4.059,-72.668,0.300892,0.953602,-0.010382,-0.947271,0.297601,-0.118793,-0.110192,0.045579,0.992865,0,-0.13452,-0.21144,-8.071,-0.423,-1,375.000,-1,400.000,-1,325.000,325.000,300.000,300.000,-1,-1,-1,-1,700.000,825.000,-1,-1,2,0,2,0,2,0,0,0,0,2,2,2,2,0,0,2,2
138,3843.180,-3777.086,-2.741,-73.091,0.293793,0.955813,-0.010332,-0.949493,0.290569,-0.118462,-0.110225,0.044614,0.992905,0,-0.21452,-0.21138,-12.871,-0.423,-1,375.000,-1,400.000,-1,325.000,325.000,300.000,300.000,-1,-1,-1,-1,700.000,825.000,-1,-1,2,0,2,0,2,0,0,0,0,2,2,2,2,0,0,2,2
139,3839.227,-3763.733,-1.307,-73.513,0.286678,0.957972,-0.010267,-0.951666,0.283525,-0.118093,-0.110219,0.043626,0.992949,0,-0.23209,-0.21127,-13.925,-0.423,-1,375.000,-1,400.000,-1,325.000,325.000,300.000,300.000,-1,-1,-1,-1,700.000,825.000,-1,-1,2,0,2,0,2,0,0,0,0,2,2,2,2,0,0,2,2
140,3835.372,-3750.346,0.134,-73.935,0.279551,0.960077,-0.010196,-0.953786,0.276469,-0.117716,-0.110197,0.042632,0.992995,0,-0.23220,-0.21114,-13.932,-0.422,-1,375.000,-1,400.000,-1,325.000,325.000,300.000,300.000,-1,-1,-1,-1,725.000,825.000,-1,-1,2,0,2,0,2,0,0,0,0,2,2,2,2,0,0,2,2
141,3831.613,-3736.924,1.583,-74.357,0.272411,0.962128,-0.010119,-0.955854,0.269401,-0.117330,-0.110161,0.041634,0.993041,0,-0.23230,-0.21102,-13.938,-0.422,-1,375.000,-1,400.000,-1,325.000,325.000,300.000,300.000,-1,-1,-1,-1,725.000,825.000,-1,-1,2,0,2,0,2,0,0,0,0,2,2,2,2,0,0,2,2
142,3827.952,-3723.468,3.039,-74.779,0.265260,0.964125,-0.010036,-0.957869,0.262322,-0.116936,-0.110109,0.040632,0.993089,0,-0.23241,-0.21089,-13.945,-0.422,-1,375.000,-1,400.000,-1,325.000,325.000,300.000,300.000,-1,-1,-1,-1,725.000,825.000,-1,-1,2,0,2,0,2,0,0,0,0,2,2,2,2,0,0,2,2
143,3824.388,-3709.980,4.502,-75.201,0.258098,0.966068,-0.009946,-0.959831,0.255232,-0.116534,-0.110041,0.039624,0.993137,0,-0.23252,-0.21077,-13.951,-0.422,-1,375.000,-1,400.000,-1,325.000,325.000,300.000,300.000,-1,-1,-1,-1,725.000,825.000,-1,-1,2,0,2,0,2,0,0,0,0,2,2,2,2,0,0,2,2
144,3820.922,-3696.460,5.973,-75.622,0.250924,0.967957,-0.009851,-0.961741,0.248131,-0.116124,-0.109959,0.038612,0.993186,0,-0.23262,-0.21065,-13.957,-0.421,-1,375.000,-1,400.000,-1,325.000,325.000,300.000,300.000,-1,-1,-1,-1,725.000,850.000,-1,-1,2,0,2,0,2,0,0,0,0,2,2,2,2,0,0,2,2
145,3817.553,-3682.909,7.450,-76.043,0.243741,0.969791,-0.009748,-0.963598,0.241021,-0.115707,-0.109862,0.037596,0.993236,0,-0.23273,-0.21053,-13.964,-0.421,-1,375.000,-1,400.000,-1,325.000,325.000,300.000,300.000,-1,-1,-1,-1,725.000,850.000,-1,-1,2,0,2,0,2,0,0,0,0,2,2,2,2,0,0,2,2
146,3815.446,-3673.991,8.411,-76.704,0.232461,0.972557,-0.009713,-0.966362,0.229828,-0.115428,-0.110028,0.036219,0.993268,0,-0.15273,-0.33053,-9.164,-0.661,-1,375.000,-1,400.000,-1,325.000,325.000,300.000,300.000,-1,-1,-1,-1,725.000,850.000,-1,-1,2,0,2,0,2,0,0,0,0,2,2,2,2,0,0,2,2
147,3814.508,-3669.729,8.853,-77.605,0.217053,0.976111,-0.009745,-0.969892,0.214519,-0.115291,-0.110446,0.034476,0.993284,0,-0.07273,-0.45053,-4.364,-0.901,-1,375.000,-1,400.000,-1,325.000,325.000,300.000,300.000,-1,-1,-1,-1,725.000,850.000,-1,-1,2,0,2,0,2,0,0,0,0,2,2,2,2,0,0,2,2
148,3814.593,-3670.157,8.768,-78.746,0.197473,0.980259,-0.009849,-0.973992,0.195052,-0.115303,-0.111105,0.032362,0.993282,0,0.00727,-0.57053,0.436,-1.141,-1,375.000,-1,400.000,-1,325.000,325.000,300.000,300.000,-1,-1,-1,-1,725.000,850.000,-1,-1,2,0,2,0,2,0,0,0,0,2,2,2,2,0,0,2,2
149,3815.506,-3675.313,8.158,-79.952,0.176699,0.984214,-0.010020,-0.977883,0.174387,-0.115469,-0.111899,0.030201,0.993261,0,0.08727,-0.60305,5.236,-1.206,-1,400.000,-1,400.000,-1,325.000,325.000,300.000,300.000,-1,-1,-1,-1,750.000,850.000,-1,-1,2,0,2,0,2,0,0,0,0,2,2,2,2,0,0,2,2
150,3817.048,-3685.231,7.017,-81.159,0.155849,0.987728,-0.010263,-0.981319,0.153635,-0.115798,-0.112800,0.028118,0.993220,0,0.16727,-0.60323,10.036,-1.206,-1,400.000,-1,400.000,-1,325.000,325.000,300.000,300.000,-1,-1,-1,-1,750.000,850.000,-1,-1,2,0,2,0,2,0,0,0,0,2,2,2,2,0,0,2,2
151,3819.018,-3699.936,5.340,-82.366,0.134925,0.990799,-0.010591,-0.984297,0.132796,-0.116294,-0.113818,0.026116,0.993158,0,0.24727,-0.60367,14.836,-1.207,-1,400.000,-1,400.000,-1,325.000,325.000,300.000,300.000,-1,-1,-1,-1,750.000,850.000,-1,-1,2,0,2,0,2,0,0,0,0,2,2,2,2,0,0,2,2
152,3821.215,-3719.449,3.124,-83.575,0.113923,0.993429,-0.011017,-0.986816,0.111867,-0.116963,-0.114962,0.024197,0.993075,0,0.32727,-0.60449,19.636,-1.209,-1,400.000,-1,400.000,-1,325.000,325.000,300.000,300.000,-1,-1,-1,-1,750.000,850.000,-1,-1,2,0,2,0,2,0,0,0,0,2,2,2,2,0,0,2,2
153,3823.435,-3743.784,0.363,-84.787,0.092836,0.995614,-0.011554,-0.988873,0.090840,-0.117809,-0.116243,0.022362,0.992969,0,0.40727,-0.60582,24.436,-1.212,-1,400.000,-1,400.000,-1,325.000,325.000,300.000,300.000,-1,-1,-1,-1,750.000,850.000,-1,-1,2,0,2,0,2,0,0,0,0,2,2,2,2,0,0,2,2
154,3825.473,-3772.950,-2.928,-86.002,0.071643,0.997356,-0.012158,-0.990471,0.069700,-0.118784,-0.117623,0.020552,0.992846,0,0.48727,-0.60780,29.236,-1.216,-1,400.000,-1,400.000,-1,325.000,325.000,300.000,300.000,-1,-1,-1,-1,750.000,850.000,-1,-1,2,0,2,0,2,0,0,0,0,2,2,2,2,0,0,2,2
155,3827.121,-3806.947,-6.763,-87.224,0.050331,0.998650,-0.012865,-0.991602,0.048430,-0.119920,-0.119135,0.018792,0.992700,0,0.56727,-0.61059,34.036,-1.221,-1,400.000,-1,400.000,-1,325.000,325.000,300.000,300.000,-1,-1,-1,-1,750.000,850.000,-1,-1,2,0,2,0,2,0,0,0,0,2,2,2,2,0,0,2,2
156,3828.338,-3845.764,-11.144,-88.205,0.033223,0.999354,-0.013680,-0.992127,0.031323,-0.121252,-0.120745,0.017601,0.992527,0,0.64727,-0.49059,38.836,-0.981,-1,400.000,-1,400.000,-1,325.000,325.000,300.000,300.000,-1,-1,-1,-1,750.000,825.000,-1,-1,2,0,2,0,2,0,0,0,0,2,2,2,2,0,0,2,2
157,3829.140,-3889.394,-16.072,-88.946,0.020337,0.999687,-0.014597,-0.992263,0.018393,-0.122782,-0.122475,0.016981,0.992326,0,0.72727,-0.37059,43.636,-0.741,-1,400.000,-1,400.000,-1,325.000,325.000,300.000,300.000,-1,-1,-1,-1,750.000,825.000,-1,-1,2,0,2,0,2,0,0,0,0,2,2,2,2,0,0,2,2
158,3829.607,-3937.828,-21.677,-89.447,0.011698,0.999807,-0.015795,-0.992218,0.009648,-0.124136,-0.123959,0.017124,0.992140,0,0.80727,-0.25059,48.436,-0.501,-1,400.000,-1,400.000,-1,325.000,325.000,300.000,300.000,-1,-1,-1,-1,750.000,800.000,-1,-1,2,0,2,0,2,0,0,0,0,2,2,2,2,0,0,2,2
159,3829.878,-3991.064,-28.513,-89.708,0.007282,0.999827,-0.017141,-0.992192,0.005090,-0.124613,-0.124504,0.017915,0.992057,0,0.88727,-0.13059,53.236,-0.261,-1,400.000,-1,400.000,-1,325.000,325.000,300.000,300.000,-1,-1,-1,-1,725.000,800.000,-1,-1,2,0,2,0,2,0,0,0,0,2,2,2,2,0,0,2,2
160,3830.151,-4048.835,-35.938,-89.730,0.007105,0.999801,-0.018616,-0.992124,0.004720,-0.125173,-0.125060,0.019359,0.991960,0,0.96286,-0.01059,57.771,-0.021,-1,400.000,-1,400.000,-1,325.000,325.000,300.000,300.000,-1,-1,-1,-1,725.000,800.000,-1,-1,2,0,2,0,2,0,0,0,0,2,2,2,2,0,0,2,2
161,3830.643,-4106.528,-43.352,-89.511,0.011156,0.999735,-0.020127,-0.992024,0.008538,-0.125759,-0.125554,0.021369,0.991857,0,0.96159,0.10941,57.696,0.219,-1,400.000,-1,400.000,-1,325.000,325.000,300.000,300.000,-1,-1,-1,-1,725.000,800.000,-1,-1,2,0,2,0,2,0,0,0,0,2,2,2,2,0,0,2,2
162,3831.568,-4164.165,-50.755,-89.081,0.018929,0.999586,-0.021675,-0.991852,0.016042,-0.126378,-0.125978,0.023891,0.991745,0,0.96073,0.21507,57.644,0.430,-1,375.000,-1,400.000,-1,325.000,325.000,300.000,300.000,-1,-1,-1,-1,725.000,775.000,-1,-1,2,0,2,0,2,0,0,0,0,2,2,2,2,0,0,2,2
163,3832.920,-4221.762,-58.146,-88.656,0.026615,0.999376,-0.023239,-0.991625,0.023455,-0.127005,-0.126380,0.026424,0.991630,0,0.96021,0.21252,57.613,0.425,-1,375.000,-1,400.000,-1,325.000,325.000,300.000,300.000,-1,-1,-1,-1,725.000,775.000,-1,-1,2,0,2,0,2,0,0,0,0,2,2,2,2,0,0,2,2
164,3834.693,-4279.326,-65.527,-88.236,0.034207,0.999107,-0.024821,-0.991343,0.030770,-0.127641,-0.126764,0.028973,0.991510,0,0.95986,0.20976,57.592,0.420,-1,375.000,-1,400.000,-1,325.000,325.000,300.000,300.000,-1,-1,-1,-1,700.000,775.000,-1,-1,2,0,2,0,2,0,0,0,0,2,2,2,2,0,0,2,2
165,3836.881,-4336.866,-72.898,-87.822,0.041697,0.998781,-0.026427,-0.991009,0.037978,-0.128289,-0.127129,0.031539,0.991385,0,0.95969,0.20681,57.581,0.414,-1,375.000,-1,400.000,-1,325.000,325.000,300.000,275.000,-1,-1,-1,-1,700.000,775.000,-1,-1,2,0,2,0,2,0,0,0,0,2,2,2,2,0,0,2,2
166,3839.479,-4394.389,-80.242,-87.415,0.049071,0.998403,-0.028001,-0.990633,0.045074,-0.128897,-0.127428,0.034064,0.991263,0,0.95969,0.20366,57.582,0.407,-1,375.000,-1,400.000,-1,325.000,325.000,300.000,275.000,-1,-1,-1,-1,700.000,750.000,-1,-1,2,0,2,0,2,0,0,0,0,2,2,2,2,0,0,2,2
167,3842.479,-4451.904,-87.538,-87.014,0.056309,0.997978,-0.029471,-0.990226,0.052050,-0.129398,-0.127603,0.036469,0.991155,0,0.95988,0.20033,57.593,0.401,-1,375.000,-1,400.000,-1,325.000,325.000,300.000,275.000,-1,-1,-1,-1,700.000,750.000,-1,-1,2,0,2,0,2,0,0,0,0,2,2,2,2,0,0,2,2
168,3845.875,-4509.419,-94.815,-86.621,0.063420,0.997507,-0.030943,-0.989779,0.058900,-0.129881,-0.127734,0.038864,0.991047,0,0.96025,0.19681,57.615,0.394,-1,375.000,-1,400.000,-1,300.000,325.000,300.000,275.000,-1,-1,-1,-1,675.000,750.000,-1,-1,2,0,2,0,2,0,0,0,0,2,2,2,2,0,0,2,2
169,3849.662,-4566.943,-102.074,-86.235,0.070399,0.996992,-0.032421,-0.989295,0.065617,-0.130343,-0.127823,0.041250,0.990939,0,0.96081,0.19312,57.649,0.386,-1,375.000,-1,400.000,-1,300.000,325.000,300.000,275.000,-1,-1,-1,-1,675.000,750.000,-1,-1,2,0,2,0,2,0,0,0,0,2,2,2,2,0,0,2,2
170,3853.832,-4624.486,-109.263,-85.856,0.077167,0.996449,-0.033678,-0.988904,0.072195,-0.129831,-0.126938,0.043323,0.990964,0,0.96156,0.18925,57.694,0.378,-1,375.000,-1,400.000,-1,300.000,325.000,300.000,275.000,-1,-1,-1,-1,675.000,725.000,-1,-1,2,0,2,0,2,0,0,0,0,2,2,2,2,0,0,2,2
171,3858.378,-4682.056,-116.351,-85.486,0.083771,0.995869,-0.035039,-0.988561,0.078628,-0.128702,-0.125415,0.045420,0.991064,0,0.96250,0.18521,57.750,0.370,-1,375.000,-1,400.000,-1,300.000,325.000,300.000,275.000,-1,-1,-1,-1,675.000,725.000,-1,-1,2,0,2,0,2,0,0,0,0,2,2,2,2,0,0,2,2
172,3863.294,-4739.664,-123.425,-85.124,0.090221,0.995255,-0.036438,-0.988190,0.084910,-0.127555,-0.123856,0.047516,0.991162,0,0.96363,0.18100,57.818,0.362,-1,375.000,-1,400.000,-1,300.000,325.000,300.000,275.000,-1,-1,-1,-1,675.000,725.000,-1,-1,2,0,2,0,2,0,0,0,0,2,2,2,2,0,0,2,2
173,3868.572,-4797.319,-130.487,-84.770,0.096511,0.994611,-0.037878,-0.987794,0.091036,-0.126391,-0.122262,0.049613,0.991257,0,0.96495,0.17663,57.897,0.353,-1,375.000,-1,400.000,-1,300.000,325.000,300.000,275.000,-1,-1,-1,-1,675.000,700.000,-1,-1,2,0,2,0,2,0,0,0,0,2,2,2,2,0,0,2,2
174,3873.517,-4850.185,-136.962,-84.657,0.098597,0.994353,-0.039264,-0.987751,0.092995,-0.125300,-0.120941,0.051137,0.991342,0,0.88495,0.05663,53.097,0.113,-1,375.000,-1,400.000,-1,325.000,325.000,300.000,275.000,-1,-1,-1,-1,675.000,700.000,-1,-1,2,0,2,0,2,0,0,0,0,2,2,2,2,0,0,2,2
175,3877.908,-4898.282,-142.863,-84.784,0.096485,0.994507,-0.040580,-0.988084,0.090791,-0.124285,-0.119918,0.052088,0.991416,0,0.80495,-0.06337,48.297,-0.127,-1,375.000,-1,400.000,-1,325.000,325.000,300.000,275.000,-1,-1,-1,-1,650.000,700.000,-1,-1,2,0,2,0,2,0,0,0,0,2,2,2,2,0,0,2,2
176,3881.585,-4941.623,-148.176,-85.151,0.090166,0.995053,-0.041714,-0.988758,0.084422,-0.123412,-0.119280,0.052373,0.991478,0,0.72495,-0.18337,43.497,-0.367,-1,375.000,-1,400.000,-1,325.000,325.000,300.000,275.000,-1,-1,-1,-1,650.000,675.000,-1,-1,2,0,2,0,2,0,0,0,0,2,2,2,2,0,0,2,2
177,3884.448,-4980.214,-152.899,-85.757,0.079632,0.995912,-0.042628,-0.989689,0.073882,-0.122704,-0.119053,0.051959,0.991527,0,0.64495,-0.30337,38.697,-0.607,-1,375.000,-1,375.000,-1,325.000,325.000,300.000,275.000,-1,-1,-1,-1,650.000,675.000,-1,-1,2,0,2,0,2,0,0,0,0,2,2,2,2,0,0,2,2
178,3886.455,-5014.052,-157.060,-86.604,0.064879,0.996949,-0.043408,-0.990753,0.059160,-0.122098,-0.119157,0.050928,0.991568,0,0.56495,-0.42337,33.897,-0.847,-1,375.000,-1,375.000,-1,325.000,325.000,300.000,275.000,-1,-1,-1,-1,650.000,675.000,-1,-1,2,0,2,0,2,0,0,0,0,2,2,2,2,0,0,2,2
179,3887.626,-5043.125,-160.661,-87.691,0.045897,0.997974,-0.044053,-0.991764,0.040244,-0.121593,-0.119574,0.049271,0.991602,0,0.48495,-0.54337,29.097,-1.087,-1,375.000,-1,375.000,-1,300.000,325.000,300.000,275.000,-1,-1,-1,-1,650.000,675.000,-1,-1,2,0,2,0,2,0,0,0,0,2,2,2,2,0,0,2,2
180,3888.067,-5067.418,-163.696,-88.958,0.023718,0.998725,-0.044564,-0.992463,0.018162,-0.121188,-0.120224,0.047102,0.991629,0,0.40495,-0.63373,24.297,-1.267,-1,375.000,-1,375.000,-1,300.000,300.000,300.000,275.000,-1,-1,-1,-1,625.000,675.000,-1,-1,2,0,2,0,2,0,0,0,0,2,2,2,2,0,0,2,2
181,3887.989,-5086.915,-166.153,-90.226,0.001514,0.998988,-0.044951,-0.992660,-0.003935,-0.120875,-0.120930,0.044804,0.991649,0,0.32495,-0.63373,19.497,-1.267,-1,375.000,-1,375.000,-1,300.000,300.000,300.000,275.000,-1,-1,-1,-1,625.000,675.000,-1,-1,2,0,2,0,2,0,0,0,0,2,2,2,2,0,0,2,2
182,3887.605,-5101.608,-168.023,-91.493,-0.020704,0.998762,-0.045220,-0.992353,-0.026034,-0.120652,-0.121680,0.042377,0.991664,0,0.24495,-0.63373,14.697,-1.267,-1,375.000,-1,375.000,-1,300.000,300.000,300.000,275.000,-1,-1,-1,-1,625.000,650.000,-1,-1,2,0,2,0,2,0,0,0,0,2,2,2,2,0,0,2,2
183,3887.127,-5111.493,-169.296,-92.761,-0.042925,0.998047,-0.045376,-0.991545,-0.048125,-0.120513,-0.122461,0.039820,0.991674,0,0.16495,-0.63373,9.897,-1.267,-1,375.000,-1,375.000,1000.000,300.000,300.000,300.000,275.000,-1,-1,-1,-1,625.000,650.000,-1,-1,2,0,2,0,0,0,0,0,0,2,2,2,2,0,0,2,2
184,3886.768,-5116.578,-169.963,-94.028,-0.065139,0.996842,-0.045425,-0.990234,-0.070197,-0.120454,-0.123263,0.037135,0.991679,0,0.08495,-0.63373,5.097,-1.267,-1,375.000,-1,375.000,1000.000,300.000,300.000,300.000,275.000,-1,-1,-1,-1,625.000,650.000,-1,-1,2,0,2,0,0,0,0,0,0,2,2,2,2,0,0,2,2
185,3886.740,-5116.874,-170.017,-95.296,-0.087336,0.995145,-0.045372,-0.988422,-0.092238,-0.120472,-0.124072,0.034325,0.991679,0,0.00495,-0.63373,0.297,-1.267,-1,375.000,-1,375.000,1000.000,300.000,300.000,300.000,275.000,-1,-1,-1,-1,625.000,650.000,1000.000,-1,2,0,2,0,0,0,0,0,0,2,2,2,2,0,0,0,2
186,3887.254,-5112.400,-169.437,-96.563,-0.109512,0.992959,-0.045167,-0.986115,-0.114239,-0.120525,-0.124836,0.031341,0.991682,0,-0.07505,-0.63373,-4.503,-1.267,-1,375.000,-1,375.000,975.000,300.000,300.000,300.000,275.000,-1,-1,-1,-1,625.000,650.000,1000.000,-1,2,0,2,0,0,0,0,0,0,2,2,2,2,0,0,0,2
187,3888.521,-5103.184,-168.164,-97.830,-0.131687,0.990287,-0.044602,-0.983329,-0.136189,-0.120489,-0.125393,0.027992,0.991712,0,-0.15505,-0.63373,-9.303,-1.267,-1,375.000,-1,375.000,1000.000,300.000,325.000,300.000,275.000,-1,-1,-1,-1,625.000,650.000,1000.000,-1,2,0,2,0,0,0,0,0,0,2,2,2,2,0,0,0,2
188,3890.750,-5089.259,-166.281,-99.098,-0.153801,0.987121,-0.044023,-0.980039,-0.158074,-0.120569,-0.125975,0.024601,0.991728,0,-0.23505,-0.63373,-14.103,-1.267,-1,375.000,-1,375.000,1000.000,300.000,325.000,300.000,275.000,-1,-1,-1,-1,625.000,650.000,-1,-1,2,0,2,0,0,0,0,0,0,2,2,2,2,0,0,2,2
189,3894.151,-5070.664,-163.786,-100.365,-0.175839,0.983460,-0.043451,-0.976247,-0.179885,-0.120761,-0.126579,0.021185,0.991730,0,-0.31505,-0.63373,-18.903,-1.267,-1,375.000,-1,375.000,-1,300.000,325.000,300.000,275.000,-1,-1,-1,-1,650.000,650.000,-1,-1,2,0,2,0,2,0,0,0,0,2,2,2,2,0,0,2,2
190,3899.027,-5047.468,-160.671,-101.873,-0.201931,0.978462,-0.042839,-0.971100,-0.205710,-0.121029,-0.127234,0.017162,0.991724,0,-0.39505,-0.75373,-23.703,-1.507,-1,375.000,-1,400.000,-1,325.000,325.000,300.000,275.000,-1,-1,-1,-1,650.000,650.000,-1,-1,2,0,2,0,2,0,0,0,0,2,2,2,2,0,0,2,2
191,3905.739,-5019.767,-156.943,-103.620,-0.231991,0.971801,-0.042230,-0.964274,-0.235468,-0.121371,-0.127892,0.012565,0.991709,0,-0.47505,-0.87373,-28.503,-1.747,-1,375.000,-1,400.000,-1,325.000,325.000,300.000,275.000,-1,-1,-1,-1,650.000,650.000,-1,-1,2,0,2,0,2,0,0,0,0,2,2,2,2,0,0,2,2
192,3913.774,-4990.761,-153.027,-105.482,-0.263769,0.963684,-0.041703,-0.955996,-0.266933,-0.121731,-0.128442,0.007759,0.991687,0,-0.50164,-0.93099,-30.099,-1.862,-1,375.000,-1,400.000,-1,325.000,325.000,300.000,275.000,-1,-1,-1,-1,650.000,650.000,-1,-1,2,0,2,0,2,0,0,0,0,2,2,2,2,0,0,2,2
193,3922.792,-4961.875,-149.095,-107.336,-0.295105,0.954568,-0.041397,-0.946729,-0.297978,-0.122122,-0.128909,0.003152,0.991651,0,-0.50434,-0.92699,-30.261,-1.854,-1,375.000,-1,400.000,-1,325.000,325.000,300.000,275.000,-1,-1,-1,-1,650.000,675.000,-1,-1,2,0,2,0,2,0,0,0,0,2,2,2,2,0,0,2,2
194,3932.791,-4933.133,-145.165,-109.182,-0.325974,0.944479,-0.041245,-0.936502,-0.328571,-0.122497,-0.129248,-0.001305,0.991611,0,-0.50719,-0.92289,-30.432,-1.846,-1,375.000,-1,400.000,-1,325.000,325.000,300.000,275.000,-1,-1,-1,-1,675.000,675.000,-1,-1,2,0,2,0,2,0,0,0,0,2,2,2,2,0,0,2,2
195,3943.772,-4904.559,-141.246,-111.019,-0.356349,0.933444,-0.041209,-0.925344,-0.358679,-0.122831,-0.129437,-0.005638,0.991572,0,-0.51019,-0.91870,-30.611,-1.837,-1,400.000,-1,400.000,-1,325.000,325.000,300.000,275.000,-1,-1,-1,-1,675.000,675.000,-1,-1,2,0,2,0,2,0,0,0,0,2,2,2,2,0,0,2,2
196,3955.732,-4876.176,-137.343,-112.848,-0.386199,0.921491,-0.041280,-0.913283,-0.388274,-0.123112,-0.129474,-0.009846,0.991534,0,-0.51333,-0.91443,-30.800,-1.829,-1,400.000,-1,375.000,-1,325.000,325.000,300.000,275.000,-1,-1,-1,-1,675.000,675.000,-1,-1,2,0,2,0,2,0,0,0,0,2,2,2,2,0,0,2,2
197,3968.670,-4848.009,-133.422,-114.668,-0.415516,0.908648,-0.041292,-0.900355,-0.417326,-0.123291,-0.129260,-0.014052,0.991511,0,-0.51661,-0.91007,-30.997,-1.820,-1,400.000,-1,375.000,-1,325.000,325.000,300.000,275.000,-1,-1,-1,-1,675.000,675.000,-1,-1,2,0,2,0,2,0,0,0,0,2,2,2,2,0,0,2,2
198,3982.584,-4820.081,-129.462,-116.480,-0.444286,0.894941,-0.041108,-0.886590,-0.445806,-0.123348,-0.128715,-0.018356,0.991512,0,-0.52003,-0.90563,-31.202,-1.811,-1,400.000,-1,375.000,-1,325.000,325.000,300.000,275.000,-1,-1,-1,-1,700.000,675.000,-1,-1,2,0,2,0,2,0,0,0,0,2,2,2,2,0,0,2,2
199,3997.471,-4792.417,-125.514,-118.282,-0.472456,0.880403,-0.040950,-0.872012,-0.473690,-0.123344,-0.127990,-0.022566,0.991519,0,-0.52359,-0.90110,-31.415,-1.802,-1,400.000,-1,375.000,-1,325.000,325.000,300.000,300.000,-1,-1,-1,-1,700.000,675.000,-1,-1,2,0,2,0,2,0,0,0,0,2,2,2,2,0,0,2,2
200,4013.326,-4765.041,-121.585,-120.075,-0.500000,0.865063,-0.040814,-0.856650,-0.500953,-0.123276,-0.127088,-0.026675,0.991533,0,-0.52727,-0.89648,-31.636,-1.793,-1,400.000,-1,375.000,-1,325.000,325.000,300.000,300.000,-1,-1,-1,-1,700.000,675.000,-1,-1,2,0,2,0,2,0,0,0,0,2,2,2,2,0,0,2,2
201,4030.147,-4737.978,-117.557,-121.858,-0.526958,0.848943,-0.040134,-0.840550,-0.527567,-0.123082,-0.125662,-0.031125,0.991585,0,-0.53108,-0.89178,-31.865,-1.784,-1,400.000,-1,375.000,-1,325.000,325.000,300.000,300.000,-1,-1,-1,-1,725.000,675.000,-1,-1,2,0,2,0,2,0,0,0,0,2,2,2,2,0,0,2,2
202,4047.928,-4711.253,-113.545,-123.632,-0.553249,0.832083,-0.039415,-0.823729,-0.553514,-0.122852,-0.124040,-0.035501,0.991642,0,-0.53500,-0.88700,-32.100,-1.774,-1,400.000,-1,400.000,-1,325.000,325.000,300.000,300.000,-1,-1,-1,-1,725.000,675.000,-1,-1,2,0,2,0,2,0,0,0,0,2,2,2,2,0,0,2,2
203,4066.664,-4684.890,-109.567,-125.397,-0.578846,0.814517,-0.038724,-0.806218,-0.578777,-0.122596,-0.122269,-0.039745,0.991701,0,-0.53904,-0.88214,-32.343,-1.764,-1,400.000,-1,400.000,-1,325.000,325.000,300.000,300.000,-1,-1,-1,-1,750.000,700.000,-1,-1,2,0,2,0,2,0,0,0,0,2,2,2,2,0,0,2,2
204,4086.349,-4658.914,-105.642,-127.151,-0.603728,0.796280,-0.038077,-0.788058,-0.603340,-0.122252,-0.120321,-0.043800,0.991768,0,-0.54320,-0.87719,-32.592,-1.754,-1,400.000,-1,400.000,-1,325.000,325.000,300.000,300.000,-1,-1,-1,-1,750.000,700.000,-1,-1,2,0,2,0,2,0,0,0,0,2,2,2,2,0,0,2,2
205,4106.975,-4633.351,-101.791,-128.895,-0.627875,0.777411,-0.037488,-0.769294,-0.627190,-0.121738,-0.118152,-0.047597,0.991854,0,-0.54745,-0.87217,-32.847,-1.744,-1,400.000,-1,400.000,-1,325.000,325.000,300.000,300.000,-1,975.000,-1,-1,775.000,700.000,-1,-1,2,0,2,0,2,0,0,0,0,2,1,2,2,0,0,2,2
206,4128.536,-4608.227,-97.986,-130.630,-0.651282,0.757938,-0.036914,-0.749938,-0.650311,-0.121196,-0.115864,-0.051249,0.991942,0,-0.55180,-0.86707,-33.108,-1.734,-1,400.000,-1,400.000,-1,325.000,325.000,300.000,300.000,-1,900.000,-1,-1,775.000,700.000,-1,-1,2,0,2,0,2,0,0,0,0,2,1,2,2,0,0,2,2
207,4151.021,-4583.565,-94.233,-132.353,-0.673935,0.737895,-0.036357,-0.730025,-0.672691,-0.120624,-0.113465,-0.054751,0.992032,0,-0.55623,-0.86189,-33.374,-1.724,-1,400.000,-1,400.000,-1,325.000,325.000,300.000,300.000,-1,825.000,950.000,-1,775.000,700.000,-1,-1,2,0,2,0,2,0,0,0,0,2,1,1,2,0,0,2,2
208,4174.423,-4559.392,-90.534,-134.067,-0.695825,0.717318,-0.035818,-0.709588,-0.694320,-0.120023,-0.110963,-0.058099,0.992125,0,-0.56075,-0.85663,-33.645,-1.713,-1,400.000,-1,400.000,-1,325.000,325.000,300.000,300.000,-1,750.000,875.000,-1,800.000,725.000,-1,-1,2,0,2,0,2,0,0,0,0,2,1,1,2,0,0,2,2
209,4198.729,-4535.734,-86.895,-135.769,-0.716942,0.696238,-0.035296,-0.688658,-0.715189,-0.119390,-0.108367,-0.061288,0.992220,0,-0.56533,-0.85131,-33.920,-1.703,-1,400.000,-1,400.000,-1,325.000,325.000,300.000,300.000,-1,700.000,800.000,-1,800.000,725.000,-1,-1,2,0,2,0,2,0,0,0,0,2,1,1,2,0,0,2,2
210,4223.928,-4512.614,-83.283,-137.461,-0.737286,0.674685,-0.034781,-0.667248,-0.735287,-0.118888,-0.105786,-0.064446,0.992298,0,-0.56998,-0.84591,-34.199,-1.692,-1,400.000,-1,400.000,-1,325.000,325.000,300.000,300.000,-1,650.000,750.000,-1,800.000,725.000,-1,-1,2,0,2,0,2,0,0,0,0,2,1,1,2,0,0,2,2
211,4250.008,-4490.060,-79.705,-139.142,-0.756839,0.652701,-0.034300,-0.645424,-0.754615,-0.118252,-0.103066,-0.067360,0.992391,0,-0.57467,-0.84045,-34.480,-1.681,-1,400.000,-1,400.000,-1,325.000,325.000,300.000,300.000,-1,600.000,675.000,-1,800.000,725.000,-1,-1,2,0,2,0,2,0,0,0,0,2,1,1,2,0,0,2,2
212,4276.954,-4468.095,-76.176,-140.812,-0.775598,0.630319,-0.033842,-0.623222,-0.773173,-0.117465,-0.100206,-0.070014,0.992500,0,-0.57941,-0.83492,-34.765,-1.670,-1,400.000,-1,400.000,-1,325.000,325.000,300.000,300.000,-1,550.000,625.000,-1,800.000,725.000,-1,-1,2,0,2,0,2,0,0,0,0,2,1,1,2,0,0,2,2
213,4304.751,-4446.746,-72.724,-142.470,-0.793566,0.607567,-0.033401,-0.600656,-0.790952,-0.116651,-0.097291,-0.072508,0.992611,0,-0.58417,-0.82933,-35.050,-1.659,-1,400.000,-1,400.000,-1,325.000,325.000,300.000,300.000,-1,500.000,575.000,-1,825.000,725.000,-1,-1,2,0,2,0,2,0,0,0,0,2,1,1,2,0,0,2,2
214,4333.382,-4426.036,-69.352,-144.118,-0.810740,0.584477,-0.032976,-0.577756,-0.807952,-0.115811,-0.094332,-0.074840,0.992724,0,-0.58895,-0.82368,-35.337,-1.647,-1,400.000,-1,400.000,-1,325.000,325.000,300.000,300.000,-1,450.000,500.000,-1,825.000,725.000,-1,-1,2,0,2,0,2,0,0,0,0,2,1,1,2,0,0,2,2
215,4362.830,-4405.991,-66.064,-145.754,-0.827121,0.561079,-0.032569,-0.554552,-0.824172,-0.114946,-0.091336,-0.077013,0.992838,0,-0.59372,-0.81797,-35.623,-1.636,-1,400.000,-1,400.000,-1,325.000,325.000,300.000,300.000,-1,400.000,450.000,-1,825.000,750.000,-1,-1,2,0,2,0,2,0,0,0,0,2,1,1,2,0,0,2,2
216,4388.724,-4389.272,-63.305,-147.150,-0.840558,0.540761,-0.032233,-0.534403,-0.837482,-0.114184,-0.088741,-0.078753,0.992937,0,-0.51372,-0.69797,-30.823,-1.396,-1,400.000,-1,400.000,-1,325.000,325.000,300.000,300.000,-1,375.000,425.000,-1,825.000,750.000,-1,-1,2,0,2,0,2,0,0,0,0,2,1,1,2,0,0,2,2
217,4410.866,-4375.601,-61.014,-148.306,-0.851302,0.523703,-0.031947,-0.517498,-0.848134,-0.113420,-0.086493,-0.080022,0.993033,0,-0.43372,-0.57797,-26.023,-1.156,-1,400.000,-1,400.000,-1,325.000,325.000,300.000,300.000,-1,350.000,375.000,-1,825.000,750.000,-1,-1,2,0,2,0,2,0,0,0,0,2,1,1,2,0,0,2,2
218,4429.100,-4364.742,-59.184,-149.222,-0.859566,0.510039,-0.031716,-0.503960,-0.856333,-0.112779,-0.084681,-0.080958,0.993114,0,-0.35372,-0.45797,-21.223,-0.916,-1,400.000,-1,400.000,-1,325.000,325.000,300.000,300.000,-1,325.000,350.000,-1,825.000,750.000,-1,-1,2,0,2,0,2,0,0,0,0,2,1,1,2,0,0,2,2
219,4443.308,-4356.505,-57.791,-149.898,-0.865523,0.499875,-0.031540,-0.493890,-0.862245,-0.112279,-0.083320,-0.081603,0.993176,0,-0.27372,-0.33797,-16.423,-0.676,-1,400.000,-1,400.000,-1,325.000,325.000,300.000,300.000,-1,300.000,325.000,-1,825.000,750.000,-1,-1,2,0,2,0,2,0,0,0,0,2,1,1,2,0,0,2,2
220,4453.408,-4350.753,-56.818,-150.333,-0.869300,0.493285,-0.031416,-0.487365,-0.865996,-0.111921,-0.082415,-0.081982,0.993220,0,-0.19372,-0.21797,-11.623,-0.436,-1,400.000,-1,400.000,-1,325.000,325.000,300.000,300.000,-1,275.000,325.000,-1,850.000,750.000,-1,-1,2,0,2,0,2,0,0,0,0,2,1,1,2,0,0,2,2
221,4459.353,-4347.405,-56.250,-150.617,-0.871733,0.488977,-0.031343,-0.483097,-0.868411,-0.111712,-0.081843,-0.082241,0.993246,0,-0.11372,-0.14197,-6.823,-0.284,-1,400.000,-1,400.000,-1,325.000,325.000,300.000,300.000,-1,275.000,300.000,-1,850.000,750.000,-1,-1,2,0,2,0,2,0,0,0,0,2,1,1,2,0,0,2,2
222,4461.121,-4346.422,-56.080,-150.904,-0.874165,0.484619,-0.031319,-0.478762,-0.870815,-0.111660,-0.081386,-0.082615,0.993253,0,-0.03372,-0.14307,-2.023,-0.286,-1,400.000,-1,400.000,-1,325.000,325.000,300.000,300.000,-1,275.000,300.000,-1,850.000,750.000,-1,-1,2,0,2,0,2,0,0,0,0,2,1,1,2,0,0,2,2
223,4458.688,-4347.760,-56.303,-151.190,-0.876580,0.480235,-0.031344,-0.474383,-0.873195,-0.111767,-0.081044,-0.083103,0.993240,0,0.04628,-0.14339,2.777,-0.287,-1,400.000,-1,400.000,-1,325.000,325.000,300.000,300.000,-1,275.000,300.000,-1,850.000,750.000,-1,-1,2,0,2,0,2,0,0,0,0,2,1,1,2,0,0,2,2
224,4452.031,-4351.379,-56.917,-151.476,-0.878967,0.475847,-0.031416,-0.469986,-0.875536,-0.112032,-0.080816,-0.083707,0.993208,0,0.12628,-0.14295,7.577,-0.286,-1,400.000,-1,400.000,-1,325.000,325.000,300.000,300.000,-1,300.000,325.000,-1,850.000,750.000,-1,-1,2,0,2,0,2,0,0,0,0,2,1,1,2,0,0,2,2
225,4441.127,-4357.236,-57.919,-151.760,-0.881312,0.471481,-0.031534,-0.465592,-0.877825,-0.112456,-0.080703,-0.084427,0.993156,0,0.20628,-0.14173,12.377,-0.283,-1,400.000,-1,400.000,-1,325.000,325.000,300.000,300.000,-1,300.000,325.000,-1,825.000,725.000,-1,-1,2,0,2,0,2,0,0,0,0,2,1,1,2,0,0,2,2
226,4425.956,-4365.291,-59.311,-152.039,-0.883604,0.467161,-0.031697,-0.461227,-0.880052,-0.113041,-0.080703,-0.085264,0.993085,0,0.28628,-0.13974,17.177,-0.279,-1,400.000,-1,400.000,-1,325.000,325.000,300.000,300.000,-1,325.000,350.000,-1,825.000,725.000,-1,-1,2,0,2,0,2,0,0,0,0,2,1,1,2,0,0,2,2
227,4406.496,-4375.503,-61.062,-152.313,-0.885830,0.462915,-0.031869,-0.456937,-0.882213,-0.113618,-0.080711,-0.086084,0.993013,0,0.36628,-0.13697,21.977,-0.274,-1,400.000,-1,400.000,-1,325.000,325.000,300.000,300.000,-1,350.000,375.000,-1,825.000,725.000,-1,-1,2,0,2,0,2,0,0,0,0,2,1,1,2,0,0,2,2
228,4382.727,-4387.836,-63.198,-152.580,-0.887979,0.458765,-0.032069,-0.452731,-0.884290,-0.114303,-0.080797,-0.086980,0.992928,0,0.44628,-0.13344,26.777,-0.267,-1,400.000,-1,400.000,-1,325.000,325.000,300.000,300.000,-1,375.000,400.000,-1,825.000,725.000,-1,-1,2,0,2,0,2,0,0,0,0,2,1,1,2,0,0,2,2
229,4354.633,-4402.252,-65.727,-152.838,-0.890041,0.454735,-0.032297,-0.448632,-0.886272,-0.115110,-0.080968,-0.087963,0.992828,0,0.52628,-0.12913,31.577,-0.258,-1,400.000,-1,400.000,-1,325.000,325.000,300.000,300.000,-1,425.000,425.000,-1,825.000,725.000,-1,-1,2,0,2,0,2,0,0,0,0,2,1,1,2,0,0,2,2
230,4322.197,-4418.719,-68.657,-153.086,-0.892006,0.450849,-0.032549,-0.444665,-0.888148,-0.116040,-0.081225,-0.089035,0.992711,0,0.60628,-0.12406,36.377,-0.248,-1,400.000,-1,400.000,-1,325.000,325.000,300.000,300.000,-1,450.000,450.000,-1,800.000,725.000,-1,-1,2,0,2,0,2,0,0,0,0,2,1,1,2,0,0,2,2
231,4285.404,-4437.207,-71.998,-153.323,-0.893865,0.447134,-0.032821,-0.440855,-0.889908,-0.117091,-0.081563,-0.090195,0.992579,0,0.68628,-0.11821,41.177,-0.236,-1,400.000,-1,400.000,-1,325.000,325.000,300.000,300.000,-1,500.000,500.000,-1,800.000,700.000,-1,-1,2,0,2,0,2,0,0,0,0,2,1,1,2,0,0,2,2
232,4247.160,-4456.238,-75.491,-153.546,-0.895606,0.443616,-0.033090,-0.437239,-0.891547,-0.118181,-0.081928,-0.091376,0.992441,0,0.71194,-0.11159,42.717,-0.223,-1,400.000,-1,400.000,-1,325.000,325.000,300.000,300.000,-1,550.000,550.000,-1,775.000,700.000,-1,-1,2,0,2,0,2,0,0,0,0,2,1,1,2,0,0,2,2
233,4208.549,-4475.277,-79.040,-153.755,-0.897228,0.440306,-0.033347,-0.433829,-0.893065,-0.119279,-0.082300,-0.092553,0.992301,0,0.71750,-0.10473,43.050,-0.209,-1,400.000,-1,375.000,-1,325.000,325.000,300.000,300.000,-1,600.000,600.000,-1,775.000,700.000,-1,-1,2,0,2,0,2,0,0,0,0,2,1,1,2,0,0,2,2
234,4169.571,-4494.331,-82.647,-153.951,-0.898734,0.437206,-0.033592,-0.430629,-0.894464,-0.120383,-0.082679,-0.093726,0.992159,0,0.72309,-0.09781,43.385,-0.196,-1,400.000,-1,375.000,-1,325.000,325.000,300.000,300.000,-1,650.000,650.000,-1,750.000,700.000,-1,-1,2,0,2,0,2,0,0,0,0,2,1,1,2,0,0,2,2
235,4130.229,-4513.408,-86.313,-154.133,-0.900124,0.434319,-0.033826,-0.427641,-0.895747,-0.121494,-0.083067,-0.094895,0.992016,0,0.72872,-0.09084,43.723,-0.182,-1,400.000,-1,375.000,-1,325.000,325.000,300.000,300.000,-1,700.000,675.000,-1,750.000,675.000,-1,-1,2,0,2,0,2,0,0,0,0,2,1,1,2,0,0,2,2
236,4090.524,-4532.519,-90.041,-154.300,-0.901399,0.431648,-0.034048,-0.424868,-0.896913,-0.122613,-0.083464,-0.096057,0.991870,0,0.73440,-0.08382,44.064,-0.168,-1,400.000,-1,375.000,-1,325.000,325.000,300.000,300.000,-1,750.000,725.000,-1,725.000,675.000,-1,-1,2,0,2,0,2,0,0,0,0,2,1,1,2,0,0,2,2
237,4050.459,-4551.670,-93.751,-154.454,-0.902561,0.429197,-0.034249,-0.422319,-0.897968,-0.123692,-0.083843,-0.097175,0.991729,0,0.74012,-0.07674,44.407,-0.153,-1,400.000,-1,375.000,-1,325.000,325.000,300.000,300.000,-1,800.000,775.000,-1,725.000,675.000,-1,-1,2,0,2,0,2,0,0,0,0,2,1,1,2,0,0,2,2
238,4010.035,-4570.873,-97.503,-154.593,-0.903611,0.426966,-0.034440,-0.419989,-0.898910,-0.124783,-0.084236,-0.098291,0.991586,0,0.74588,-0.06961,44.753,-0.139,-1,400.000,-1,375.000,-1,325.000,300.000,300.000,300.000,-1,850.000,825.000,-1,700.000,650.000,-1,-1,2,0,2,0,2,0,0,0,0,2,1,1,2,0,0,2,2
239,3969.255,-4590.137,-101.040,-154.718,-0.904614,0.424917,-0.033449,-0.417908,-0.899647,-0.126442,-0.083820,-0.100402,0.991410,0,0.75169,-0.06242,45.101,-0.125,-1,375.000,-1,375.000,-1,325.000,300.000,300.000,300.000,-1,900.000,875.000,-1,700.000,650.000,-1,-1,2,0,2,0,2,0,0,0,0,2,1,1,2,0,0,2,2
240,3928.120,-4609.472,-104.597,-154.828,-0.905515,0.423085,-0.032261,-0.416061,-0.900255,-0.128194,-0.083280,-0.102659,0.991224,0,0.75754,-0.05517,45.452,-0.110,-1,375.000,-1,375.000,-1,325.000,300.000,300.000,300.000,-1,950.000,925.000,-1,675.000,650.000,-1,-1,2,0,2,0,2,0,0,0,0,2,1,1,2,0,0,2,2
241,3886.633,-4628.889,-108.214,-154.924,-0.906308,0.421481,-0.030972,-0.414455,-0.900748,-0.129924,-0.082659,-0.104915,0.991040,0,0.76343,-0.04787,45.806,-0.096,-1,375.000,-1,375.000,-1,300.000,300.000,300.000,300.000,-1,1000.000,975.000,-1,675.000,650.000,-1,-1,2,0,2,0,2,0,0,0,0,2,1,1,2,0,0,2,2
242,3844.795,-4648.397,-111.875,-155.005,-0.906987,0.420111,-0.029690,-0.413095,-0.901138,-0.131541,-0.082017,-0.107042,0.990866,0,0.76938,-0.04051,46.163,-0.081,-1,375.000,-1,375.000,-1,300.000,300.000,300.000,300.000,-1,-1,1000.000,-1,675.000,650.000,-1,-1,2,0,2,0,2,0,0,0,0,2,2,1,2,0,0,2,2
243,3798.666,-4670.061,-115.904,-154.846,-0.905906,0.422526,-0.028403,-0.415497,-0.899789,-0.133197,-0.081836,-0.108863,0.990682,0,0.84938,0.07949,50.963,0.159,-1,375.000,-1,375.000,-1,300.000,300.000,300.000,300.000,-1,-1,-1,-1,650.000,650.000,-1,-1,2,0,2,0,2,0,0,0,0,2,2,2,2,0,0,2,2
244,3749.748,-4693.331,-119.834,-154.560,-0.903864,0.427001,-0.026442,-0.420181,-0.897656,-0.132894,-0.080482,-0.109008,0.990777,0,0.90286,0.14288,54.172,0.286,-1,375.000,-1,375.000,-1,300.000,300.000,300.000,300.000,-1,-1,-1,-1,650.000,625.000,-1,-1,2,0,2,0,2,0,0,0,0,2,2,2,2,0,0,2,2
245,3699.521,-4717.567,-123.796,-154.240,-0.901530,0.432042,-0.024159,-0.425522,-0.895297,-0.131811,-0.078577,-0.108552,0.990980,0,0.92950,0.16039,55.770,0.321,-1,375.000,-1,375.000,-1,300.000,300.000,300.000,300.000,-1,-1,-1,-1,650.000,625.000,-1,-1,2,0,2,0,2,0,0,0,0,2,2,2,2,0,0,2,2
246,3649.083,-4742.249,-127.834,-153.924,-0.899203,0.436989,-0.021758,-0.430790,-0.892950,-0.130614,-0.076505,-0.108075,0.991195,0,0.93591,0.15779,56.155,0.316,-1,375.000,-1,375.000,-1,300.000,300.000,300.000,300.000,-1,-1,-1,-1,675.000,625.000,-1,-1,2,0,2,0,2,0,0,0,0,2,2,2,2,0,0,2,2
247,3598.438,-4767.373,-131.949,-153.614,-0.896889,0.441838,-0.019235,-0.435977,-0.890621,-0.129297,-0.074260,-0.107579,0.991419,0,0.94225,0.15498,56.535,0.310,-1,375.000,-1,375.000,1000.000,300.000,300.000,300.000,300.000,-1,-1,-1,-1,650.000,625.000,-1,1000.000,2,0,2,0,1,0,0,0,0,2,2,2,2,0,0,2,1
248,3547.591,-4792.933,-136.141,-153.310,-0.894590,0.446580,-0.016589,-0.441077,-0.888315,-0.127858,-0.071834,-0.107063,0.991654,0,0.94851,0.15194,56.911,0.304,-1,375.000,-1,375.000,975.000,300.000,300.000,300.000,300.000,-1,775.000,-1,-1,650.000,625.000,-1,950.000,2,0,2,0,1,0,0,0,0,2,0,2,2,0,0,2,1
249,3496.548,-4818.925,-140.410,-153.013,-0.892311,0.451209,-0.013814,-0.446081,-0.886037,-0.126292,-0.069224,-0.106529,0.991897,0,0.95468,0.14864,57.281,0.297,-1,375.000,-1,375.000,925.000,300.000,300.000,300.000,300.000,-1,575.000,750.000,-1,650.000,600.000,-1,925.000,2,0,2,0,1,0,0,0,0,2,0,0,2,0,0,2,1
250,3445.314,-4845.341,-144.703,-152.723,-0.890049,0.455728,-0.011156,-0.450974,-0.883813,-0.124486,-0.066592,-0.105767,0.992159,0,0.96072,0.14509,57.643,0.290,-1,375.000,-1,350.000,875.000,300.000,300.000,325.000,300.000,-1,475.000,550.000,-1,625.000,600.000,-1,875.000,2,0,2,0,1,0,0,0,0,2,0,0,2,0,0,2,1
251,3393.898,-4872.175,-148.725,-152.440,-0.887843,0.460064,-0.008754,-0.455568,-0.881525,-0.123984,-0.064758,-0.106090,0.992246,0,0.96663,0.14125,57.998,0.283,-1,375.000,-1,350.000,825.000,300.000,300.000,325.000,300.000,-1,425.000,500.000,-1,625.000,600.000,975.000,825.000,2,0,2,0,1,0,0,0,0,2,0,0,2,0,0,0,1
252,3342.307,-4899.416,-152.586,-152.166,-0.885700,0.464222,-0.005759,-0.460012,-0.879207,-0.124032,-0.062642,-0.107206,0.992262,0,0.97238,0.13712,58.343,0.274,-1,375.000,-1,350.000,775.000,300.000,300.000,325.000,300.000,-1,400.000,450.000,-1,600.000,600.000,950.000,775.000,2,0,2,0,1,0,0,0,0,2,0,0,2,0,0,0,1
253,3290.549,-4927.056,-156.002,-151.901,-0.883656,0.468137,-0.000560,-0.464406,-0.876763,-0.124953,-0.058986,-0.110155,0.992163,0,0.97795,0.13268,58.677,0.265,-1,350.000,-1,350.000,725.000,300.000,300.000,300.000,300.000,-1,375.000,425.000,-1,600.000,600.000,925.000,725.000,2,0,2,0,1,0,0,0,0,2,0,0,2,0,0,0,1
254,3237.692,-4955.448,-159.481,-151.762,-0.882606,0.470088,0.004937,-0.466902,-0.875302,-0.125896,-0.054861,-0.113422,0.992031,0,1.00000,0.06946,60.000,0.139,1000.000,350.000,-1,350.000,700.000,300.000,300.000,300.000,325.000,-1,350.000,400.000,-1,600.000,600.000,900.000,700.000,0,0,2,0,1,0,0,0,0,2,0,0,2,0,0,0,1
255,3184.891,-4983.942,-162.775,-151.649,-0.881732,0.471646,0.009959,-0.468986,-0.874086,-0.126591,-0.051001,-0.116290,0.991905,0,1.00000,0.05619,60.000,0.112,950.000,350.000,-1,350.000,650.000,300.000,300.000,300.000,325.000,-1,325.000,375.000,-1,600.000,600.000,900.000,650.000,0,0,2,0,1,0,0,0,0,2,0,0,2,0,1,0,1
256,3132.131,-5012.513,-165.437,-151.565,-0.881045,0.472841,0.013459,-0.470579,-0.873227,-0.126614,-0.048116,-0.117886,0.991861,0,1.00000,0.04211,60.000,0.084,925.000,350.000,-1,350.000,600.000,300.000,300.000,300.000,325.000,-1,350.000,400.000,-1,575.000,575.000,875.000,625.000,0,0,2,0,1,0,0,0,0,2,0,0,2,0,1,0,1
257,3079.396,-5041.131,-167.634,-151.511,-0.880531,0.473667,0.017425,-0.471960,-0.872775,-0.124568,-0.043796,-0.117910,0.992058,0,1.00000,0.02717,60.000,0.054,950.000,350.000,-1,350.000,550.000,300.000,300.000,300.000,325.000,-1,375.000,400.000,-1,575.000,550.000,875.000,575.000,0,0,2,0,1,0,0,0,0,2,0,0,2,0,1,0,1
258,3026.672,-5069.769,-169.430,-151.488,-0.880209,0.474085,0.021793,-0.473042,-0.872720,-0.120796,-0.038248,-0.116635,0.992438,0,1.00000,0.01135,60.000,0.023,975.000,350.000,-1,350.000,500.000,300.000,300.000,300.000,325.000,-1,375.000,400.000,-1,600.000,525.000,950.000,525.000,0,0,2,0,1,0,0,0,0,2,0,0,2,0,1,0,1
259,2973.942,-5098.396,-171.142,-151.499,-0.880138,0.473991,0.026268,-0.473605,-0.872941,-0.116931,-0.032494,-0.115356,0.992793,0,1.00000,-0.00541,60.000,-0.011,1000.000,350.000,-1,350.000,475.000,300.000,300.000,300.000,300.000,-1,375.000,375.000,-1,600.000,525.000,-1,500.000,0,0,2,0,1,0,0,0,0,2,0,0,2,0,1,2,1
260,2921.189,-5126.980,-172.767,-151.545,-0.880331,0.473356,0.030852,-0.473618,-0.873454,-0.112977,-0.026530,-0.114069,0.993119,0,1.00000,-0.02316,60.000,-0.046,-1,350.000,-1,350.000,425.000,300.000,300.000,325.000,300.000,-1,350.000,325.000,-1,600.000,500.000,-1,450.000,2,0,2,1,1,0,0,0,0,2,0,0,2,0,1,2,1
261,2868.394,-5155.488,-174.301,-151.629,-0.880803,0.472147,0.035552,-0.473046,-0.874277,-0.108941,-0.020354,-0.112773,0.993412,0,1.00000,-0.04195,60.000,-0.084,-1,350.000,-1,350.000,400.000,300.000,300.000,325.000,300.000,-1,300.000,300.000,-1,625.000,500.000,-1,425.000,2,0,2,1,1,0,0,0,0,2,0,0,2,0,1,2,1
262,2815.538,-5183.881,-175.739,-151.753,-0.881568,0.470328,0.040371,-0.471851,-0.875424,-0.104830,-0.013963,-0.111464,0.993670,0,1.00000,-0.06184,60.000,-0.124,-1,350.000,-1,325.000,350.000,300.000,300.000,325.000,300.000,-1,275.000,275.000,-1,650.000,475.000,-1,400.000,2,0,2,1,1,0,1,0,0,2,0,0,2,0,1,2,1
263,2762.600,-5212.122,-176.706,-151.918,-0.882658,0.467837,0.045194,-0.469951,-0.876862,-0.101285,-0.007756,-0.110639,0.993830,0,1.00000,-0.08288,60.000,-0.166,-1,375.000,-1,325.000,325.000,300.000,300.000,325.000,300.000,-1,250.000,250.000,-1,675.000,475.000,-1,350.000,2,0,2,1,1,1,1,0,0,2,0,0,2,0,1,2,1
264,2709.559,-5240.171,-177.236,-152.129,-0.884127,0.464586,0.049790,-0.467240,-0.878516,-0.099486,-0.002479,-0.111222,0.993792,0,1.00000,-0.10513,60.000,-0.210,-1,375.000,-1,325.000,275.000,300.000,275.000,325.000,300.000,-1,250.000,250.000,-1,675.000,500.000,-1,325.000,2,0,2,1,1,0,1,0,0,2,0,0,2,0,1,2,1
265,2656.398,-5267.991,-175.283,-152.386,-0.885490,0.460123,0.064761,-0.464553,-0.879613,-0.102336,0.009878,-0.120702,0.992640,0,1.00000,-0.12866,60.000,-0.257,-1,400.000,-1,325.000,275.000,325.000,300.000,325.000,325.000,1000.000,200.000,250.000,-1,725.000,550.000,-1,350.000,2,0,2,1,1,0,1,0,0,0,0,0,2,0,1,2,1
266,2603.089,-5295.528,-172.869,-152.693,-0.886924,0.454765,0.080957,-0.461343,-0.880831,-0.106297,0.022969,-0.131626,0.991033,0,1.00000,-0.15352,60.000,-0.307,-1,400.000,-1,350.000,300.000,350.000,325.000,300.000,350.000,900.000,175.000,225.000,-1,775.000,650.000,-1,425.000,2,0,2,1,1,0,1,0,0,0,0,0,2,0,1,2,1
267,2549.608,-5322.730,-170.687,-153.053,-0.888642,0.448616,0.095182,-0.457297,-0.882463,-0.110173,0.034569,-0.141431,0.989344,0,1.00000,-0.17978,60.000,-0.360,-1,425.000,-1,375.000,325.000,350.000,375.000,300.000,350.000,825.000,175.000,225.000,-1,850.000,675.000,-1,625.000,2,0,2,1,1,0,1,0,1,0,0,0,2,0,1,2,1
268,2495.929,-5349.539,-168.088,-153.468,-0.890997,0.441841,0.104405,-0.451985,-0.884941,-0.112199,0.042818,-0.147159,0.988186,0,1.00000,-0.20746,60.000,-0.415,-1,450.000,-1,425.000,350.000,375.000,400.000,275.000,325.000,800.000,175.000,250.000,-1,875.000,650.000,-1,625.000,2,0,2,1,1,0,0,0,1,0,0,0,2,0,1,2,1
269,2442.029,-5375.902,-165.735,-153.941,-0.893888,0.434223,0.111422,-0.445559,-0.887958,-0.114052,0.049414,-0.151594,0.987207,0,1.00000,-0.23660,60.000,-0.473,-1,450.000,-1,450.000,350.000,400.000,400.000,275.000,300.000,750.000,175.000,250.000,-1,925.000,650.000,-1,625.000,2,0,2,1,1,0,0,0,1,0,0,0,2,0,1,2,1
270,2387.885,-5401.761,-163.682,-154.475,-0.897318,0.425683,0.116681,-0.437988,-0.891471,-0.115960,0.054655,-0.155158,0.986377,0,1.00000,-0.26721,60.000,-0.534,-1,475.000,-1,475.000,375.000,400.000,425.000,275.000,275.000,725.000,150.000,250.000,-1,975.000,625.000,-1,600.000,2,0,2,1,1,0,0,0,1,0,0,0,2,0,1,2,1
271,2337.755,-5424.875,-161.843,-155.250,-0.902538,0.413428,0.120421,-0.426508,-0.896780,-0.117798,0.059290,-0.157678,0.985709,0,0.92000,-0.38721,55.200,-0.774,-1,475.000,-1,450.000,375.000,400.000,425.000,275.000,250.000,725.000,150.000,250.000,-1,1000.000,600.000,-1,550.000,2,0,2,1,1,0,0,0,1,0,0,0,2,0,1,2,1
272,2290.521,-5445.646,-160.052,-156.264,-0.909346,0.397360,0.123267,-0.411123,-0.903669,-0.119832,0.063776,-0.159647,0.985112,0,0.85993,-0.50721,51.596,-1.014,-1,475.000,-1,425.000,375.000,400.000,425.000,275.000,225.000,725.000,150.000,250.000,-1,-1,550.000,-1,500.000,2,0,2,1,1,0,1,0,1,0,0,0,2,2,1,2,1
273,2243.355,-5465.166,-158.047,-157.518,-0.917530,0.377388,0.125368,-0.391767,-0.911928,-0.122092,0.068250,-0.161138,0.984569,0,0.85070,-0.62721,51.042,-1.254,-1,500.000,-1,400.000,325.000,425.000,400.000,275.000,225.000,725.000,150.000,250.000,-1,-1,525.000,-1,450.000,2,1,2,1,1,1,1,0,1,0,0,0,2,2,1,2,1
274,2196.216,-5483.250,-155.779,-159.013,-0.926789,0.353394,0.127176,-0.368410,-0.921244,-0.124837,0.073044,-0.162550,0.983993,0,0.84141,-0.74721,50.485,-1.494,-1,475.000,-1,375.000,300.000,400.000,375.000,250.000,200.000,725.000,150.000,250.000,-1,-1,500.000,-1,400.000,2,1,2,1,1,1,1,0,1,0,0,0,2,2,1,2,1
275,2149.068,-5499.718,-153.216,-160.747,-0.936764,0.325252,0.129168,-0.341039,-0.931239,-0.128402,0.078523,-0.164334,0.983274,0,0.83226,-0.86721,49.936,-1.734,-1,450.000,-1,350.000,275.000,375.000,350.000,250.000,200.000,725.000,150.000,275.000,-1,-1,450.000,-1,350.000,2,1,2,1,1,1,1,0,1,0,0,0,2,2,1,2,1
276,5574.937,8854.846,401.158,116.094,-0.440840,-0.858936,-0.260555,0.897579,-0.420675,-0.131854,0.003646,-0.291995,0.956413,1,0.00000,0.00000,49.407,-1.974,525.000,475.000,-1,275.000,-1,325.000,275.000,200.000,450.000,300.000,175.000,150.000,-1,-1,-1,-1,250.000,1,1,2,1,2,1,1,0,1,0,1,1,2,2,2,2,1
277,6229.704,4268.067,419.627,110.014,-0.342862,-0.938791,-0.033438,0.939233,-0.341945,-0.030258,0.016972,-0.041781,0.998983,1,0.08000,0.12000,4.800,0.240,525.000,400.000,-1,375.000,-1,325.000,300.000,300.000,300.000,-1,-1,-1,-1,750.000,650.000,725.000,-1,1,0,2,0,2,0,0,0,0,2,2,2,2,1,0,1,2
278,6226.343,4277.059,419.782,110.494,-0.350720,-0.935883,-0.033448,0.936328,-0.349794,-0.030563,0.016904,-0.042037,0.998973,0,0.16000,0.24000,9.600,0.480,525.000,400.000,-1,375.000,-1,325.000,325.000,300.000,300.000,-1,-1,-1,-1,750.000,675.000,700.000,-1,1,0,2,0,2,0,0,0,0,2,2,2,2,1,0,1,2
279,6221.133,4290.483,420.005,111.214,-0.362461,-0.931398,-0.033454,0.931848,-0.361521,-0.031017,0.016795,-0.042417,0.998959,0,0.24000,0.36000,14.400,0.720,500.000,400.000,-1,375.000,-1,325.000,325.000,300.000,300.000,-1,-1,-1,-1,725.000,675.000,675.000,-1,1,0,2,0,2,0,0,0,0,2,2,2,2,1,0,1,2
280,6213.958,4308.292,420.297,111.942,-0.374291,-0.926708,-0.033443,0.927159,-0.373332,-0.031610,0.016808,-0.042838,0.998941,0,0.32000,0.36440,19.200,0.729,475.000,400.000,-1,375.000,-1,325.000,325.000,300.000,300.000,-1,-1,-1,-1,700.000,675.000,650.000,-1,1,0,2,0,2,0,0,0,0,2,2,2,2,1,0,1,2
281,6204.706,4330.437,420.651,112.674,-0.386102,-0.921851,-0.033410,0.922300,-0.385118,-0.032341,0.016947,-0.043301,0.998918,0,0.40000,0.36553,24.000,0.731,475.000,400.000,-1,375.000,-1,325.000,325.000,300.000,300.000,-1,975.000,-1,-1,700.000,675.000,625.000,-1,1,0,2,0,2,0,0,0,0,2,0,2,2,1,0,1,2
282,6193.265,4356.867,421.060,113.407,-0.397898,-0.916823,-0.033354,0.917268,-0.396883,-0.033212,0.017211,-0.043810,0.998892,0,0.48000,0.36687,28.800,0.734,450.000,400.000,-1,375.000,-1,325.000,325.000,300.000,300.000,-1,900.000,-1,-1,675.000,675.000,575.000,-1,1,0,2,0,2,0,0,0,0,2,0,2,2,1,0,1,2
283,6179.521,4387.527,421.514,114.144,-0.409684,-0.911620,-0.033276,0.912058,-0.408631,-0.034224,0.017602,-0.044370,0.998860,0,0.56000,0.36845,33.600,0.737,425.000,400.000,-1,375.000,-1,325.000,325.000,300.000,300.000,-1,850.000,-1,-1,650.000,675.000,550.000,-1,1,0,2,0,2,0,0,0,0,2,0,2,2,1,0,1,2
284,6163.362,4422.362,422.005,114.885,-0.421464,-0.906238,-0.033173,0.906664,-0.420367,-0.035384,0.018121,-0.044990,0.998823,0,0.64000,0.37024,38.400,0.740,400.000,400.000,-1,375.000,-1,325.000,325.000,300.000,300.000,-1,775.000,975.000,-1,625.000,675.000,525.000,-1,1,0,2,0,2,0,0,0,0,2,0,0,2,1,0,1,2
285,6144.676,4461.311,422.595,115.629,-0.433235,-0.900661,-0.033408,0.901091,-0.432087,-0.036546,0.018480,-0.045937,0.998773,0,0.72000,0.37220,43.200,0.744,375.000,400.000,-1,375.000,-1,325.000,325.000,300.000,300.000,-1,750.000,900.000,-1,600.000,675.000,475.000,-1,1,0,2,0,2,0,0,0,0,2,0,0,2,1,0,1,2
286,6123.350,4504.313,423.336,116.378,-0.444989,-0.894876,-0.034377,0.895350,-0.443785,-0.037467,0.018273,-0.047452,0.998706,0,0.80000,0.37429,48.000,0.749,350.000,400.000,-1,375.000,-1,325.000,300.000,300.000,300.000,-1,775.000,925.000,-1,575.000,675.000,425.000,-1,1,0,2,0,2,0,0,0,0,2,0,0,2,1,0,1,2
287,6099.271,4551.303,424.305,117.131,-0.456770,-0.888862,-0.035862,0.889389,-0.455452,-0.039393,0.018682,-0.049889,0.998580,0,0.88000,0.37645,52.800,0.753,300.000,400.000,-1,375.000,-1,325.000,300.000,300.000,300.000,-1,750.000,925.000,-1,575.000,675.000,400.000,-1,1,0,2,0,2,0,0,0,0,2,0,0,2,1,0,1,2
288,6072.328,4602.212,425.397,117.888,-0.468562,-0.882628,-0.037661,0.883217,-0.467086,-0.041931,0.019419,-0.052910,0.998410,0,0.96000,0.37860,57.600,0.757,275.000,400.000,-1,375.000,-1,325.000,325.000,300.000,300.000,-1,725.000,900.000,-1,550.000,700.000,350.000,-1,1,1,2,0,2,0,0,1,0,2,0,0,2,1,0,1,2
289,6043.657,4654.919,426.460,118.543,-0.478718,-0.877079,-0.039516,0.877736,-0.477069,-0.044548,0.020220,-0.056011,0.998225,0,1.00000,0.32765,60.000,0.655,250.000,375.000,-1,375.000,-1,325.000,325.000,275.000,300.000,-1,675.000,850.000,-1,525.000,725.000,300.000,-1,1,1,2,0,2,0,0,1,0,2,0,0,2,1,0,1,2
290,6016.526,4702.991,427.534,119.438,-0.492405,-0.869408,-0.040822,0.870136,-0.490654,-0.046077,0.020030,-0.058209,0.998103,0,0.92000,0.44765,55.200,0.895,200.000,350.000,-1,375.000,-1,325.000,325.000,250.000,300.000,-1,700.000,875.000,-1,500.000,725.000,250.000,-1,1,1,2,0,2,0,0,1,0,2,0,0,2,1,0,1,2
291,5990.889,4746.383,428.536,120.574,-0.509540,-0.859433,-0.041755,0.860234,-0.507735,-0.046931,0.019134,-0.059832,0.998025,0,0.84000,0.56765,50.400,1.135,175.000,350.000,-1,375.000,-1,325.000,325.000,250.000,300.000,-1,750.000,950.000,-1,475.000,725.000,225.000,-1,1,1,2,0,2,0,0,1,0,2,0,0,2,1,0,1,2
292,5966.762,4785.077,430.784,121.949,-0.530094,-0.847214,-0.035056,0.847637,-0.528350,-0.048556,0.022616,-0.055454,0.998205,0,0.76000,0.68765,45.600,1.375,150.000,325.000,-1,400.000,-1,325.000,325.000,225.000,300.000,-1,650.000,750.000,-1,475.000,775.000,200.000,-1,1,1,2,0,2,1,0,1,0,2,0,0,2,1,0,1,2
293,5941.831,4822.669,435.608,123.564,-0.553696,-0.832598,-0.014194,0.832000,-0.552429,-0.050969,0.034595,-0.040031,0.998599,0,0.75179,0.80765,45.108,1.615,150.000,350.000,-1,425.000,-1,350.000,350.000,225.000,300.000,-1,475.000,475.000,-1,575.000,850.000,200.000,-1,1,1,2,0,2,1,0,1,0,2,0,0,2,1,0,1,2
294,5915.630,4859.521,440.205,125.420,-0.579884,-0.814675,0.006252,0.813406,-0.579379,-0.051867,0.045877,-0.024992,0.998634,0,0.75360,0.92765,45.216,1.855,150.000,350.000,-1,450.000,-1,350.000,375.000,225.000,275.000,-1,400.000,275.000,-1,-1,950.000,200.000,-1,1,1,2,0,2,1,0,1,0,2,0,0,2,2,0,1,2
295,5888.076,4895.537,444.551,127.420,-0.607142,-0.794164,0.026107,0.792584,-0.607615,-0.051141,0.056477,-0.010358,0.998350,0,0.75576,1.00000,45.345,2.000,150.000,375.000,-1,475.000,-1,350.000,400.000,225.000,275.000,-1,325.000,175.000,-1,-1,-1,200.000,-1,1,1,2,0,2,1,1,1,0,2,0,0,2,2,2,1,2
296,5859.191,4930.675,448.605,129.420,-0.633403,-0.772511,0.045033,0.770969,-0.634990,-0.048927,0.066392,0.003728,0.997787,0,0.75809,1.00000,45.485,2.000,150.000,375.000,-1,525.000,-1,375.000,425.000,225.000,250.000,-1,275.000,125.000,800.000,-1,-1,200.000,-1,1,1,2,0,2,1,1,1,0,2,0,0,0,2,2,1,2
297,5829.008,4964.880,452.355,131.420,-0.658685,-0.749772,0.063061,0.748602,-0.661469,-0.045317,0.075690,0.017358,0.996980,0,0.76026,1.00000,45.616,2.000,150.000,400.000,-1,550.000,-1,400.000,475.000,225.000,250.000,-1,225.000,100.000,625.000,-1,-1,200.000,-1,1,1,2,0,2,1,0,1,0,2,0,0,0,2,2,1,2
298,5797.567,4998.095,455.862,133.420,-0.683030,-0.726004,0.079925,0.725515,-0.687019,-0.040417,0.084252,0.030381,0.995981,0,0.76225,1.00000,45.735,2.000,125.000,450.000,-1,575.000,-1,450.000,500.000,225.000,250.000,-1,225.000,75.000,500.000,-1,-1,200.000,-1,1,1,2,0,2,1,0,1,0,2,0,0,0,2,2,1,2
299,5764.908,5030.266,459.289,135.420,-0.706537,-0.701282,0.094921,0.701711,-0.711629,-0.034425,0.091690,0.042285,0.994889,0,0.76402,1.00000,45.841,2.000,125.000,475.000,-1,625.000,-1,575.000,525.000,225.000,225.000,-1,200.000,75.000,400.000,-1,-1,200.000,-1,1,1,2,0,2,1,0,1,0,2,0,0,0,2,2,1,2
