timestep,x_cm,y_cm,z_cm,yaw_deg,basis_xx,basis_xy,basis_xz,basis_yx,basis_yy,basis_yz,basis_zx,basis_zy,basis_zz,teleport_flag,throttle_cmd,steering_cmd,cmd_move_cm,cmd_turn_deg,lidar_cm_0,lidar_cm_1,lidar_cm_2,lidar_cm_3,lidar_cm_4,lidar_cm_5,lidar_cm_6,lidar_cm_7,lidar_cm_8,lidar_cm_9,lidar_cm_10,lidar_cm_11,lidar_cm_12,lidar_cm_13,lidar_cm_14,lidar_cm_15,lidar_cm_16,lidar_class_0,lidar_class_1,lidar_class_2,lidar_class_3,lidar_class_4,lidar_class_5,lidar_class_6,lidar_class_7,lidar_class_8,lidar_class_9,lidar_class_10,lidar_class_11,lidar_class_12,lidar_class_13,lidar_class_14,lidar_class_15,lidar_class_16
0,2953.135,-9515.596,87.256,-72.590,0.299334,0.953858,0.023556,-0.954135,0.299105,0.012773,0.005138,-0.026300,0.999641,1,0.08000,0.12000,4.800,0.240,675.000,400.000,-1,400.000,-1,325.000,325.000,300.000,300.000,-1,-1,-1,-1,600.000,775.000,725.000,-1,1,0,2,1,2,0,0,0,0,2,2,2,2,1,0,1,2
1,2956.084,-9524.732,87.302,-72.110,0.307311,0.951319,0.023492,-0.951597,0.307086,0.012728,0.004894,-0.026266,0.999643,0,0.16000,0.24000,9.600,0.480,675.000,400.000,-1,400.000,-1,325.000,325.000,300.000,300.000,-1,-1,-1,-1,600.000,750.000,725.000,-1,1,0,2,1,2,0,0,0,0,2,2,2,2,1,1,1,2
2,2960.679,-9538.379,87.365,-71.390,0.319235,0.947387,0.023390,-0.947665,0.319017,0.012655,0.004528,-0.026206,0.999646,0,0.24000,0.36000,14.400,0.720,650.000,400.000,-1,400.000,-1,325.000,325.000,300.000,300.000,-1,-1,-1,-1,600.000,750.000,700.000,-1,1,0,2,1,2,0,0,0,0,2,2,2,2,1,1,1,2
3,2967.111,-9556.469,87.440,-70.430,0.335056,0.941911,0.023243,-0.942189,0.334846,0.012551,0.004039,-0.026104,0.999651,0,0.32000,0.48000,19.200,0.960,625.000,400.000,-1,400.000,-1,325.000,325.000,300.000,300.000,-1,-1,-1,-1,600.000,725.000,700.000,-1,1,0,2,1,2,0,0,0,0,2,2,2,2,1,1,1,2
4,2975.621,-9578.910,87.519,-69.230,0.354700,0.934696,0.023043,-0.934974,0.354499,0.012407,0.003428,-0.025945,0.999657,0,0.40000,0.60000,24.000,1.200,600.000,375.000,1000.000,375.000,-1,325.000,325.000,300.000,300.000,-1,-1,-1,-1,575.000,675.000,675.000,-1,1,0,1,1,2,0,1,0,0,2,2,2,2,1,1,1,2
5,2986.508,-9605.573,87.590,-67.790,0.378067,0.925498,0.022780,-0.925774,0.377879,0.012215,0.002697,-0.025707,0.999666,0,0.48000,0.72000,28.800,1.440,575.000,375.000,950.000,375.000,-1,325.000,325.000,300.000,300.000,-1,-1,-1,-1,575.000,650.000,650.000,-1,1,0,1,1,2,0,1,0,0,2,2,2,2,1,1,1,2
6,3000.115,-9636.294,87.644,-66.110,0.405026,0.914030,0.022443,-0.914303,0.404853,0.011963,0.001848,-0.025365,0.999677,0,0.56000,0.84000,33.600,1.680,550.000,375.000,900.000,375.000,-1,325.000,300.000,300.000,300.000,-1,-1,-1,-1,550.000,625.000,600.000,-1,1,0,1,1,2,1,1,0,0,2,2,2,2,1,1,1,2
7,3016.834,-9670.863,87.663,-64.190,0.435409,0.899963,0.022020,-0.900232,0.435255,0.011636,0.000888,-0.024890,0.999690,0,0.64000,0.96000,38.400,1.920,525.000,375.000,850.000,350.000,-1,325.000,300.000,300.000,300.000,-1,-1,-1,-1,550.000,575.000,575.000,-1,1,1,1,1,2,1,1,0,0,2,2,2,2,1,1,1,2
8,3036.989,-9709.073,87.733,-62.190,0.466549,0.884231,0.021613,-0.884495,0.466401,0.011739,0.000299,-0.024594,0.999697,0,0.72000,1.00000,43.200,2.000,500.000,375.000,775.000,350.000,-1,300.000,300.000,300.000,300.000,-1,-1,-1,-1,525.000,550.000,525.000,-1,1,1,1,1,2,1,1,0,0,2,2,2,2,1,1,1,2
9,3060.849,-9750.723,87.833,-60.192,0.497103,0.867433,0.021163,-0.867691,0.496954,0.012194,0.000061,-0.024425,0.999702,0,0.80000,0.99918,48.000,1.998,450.000,350.000,725.000,325.000,-1,300.000,275.000,300.000,300.000,-1,-1,-1,-1,500.000,500.000,500.000,700.000,1,1,1,1,2,1,1,0,0,2,2,2,2,1,1,1,1
10,3088.674,-9795.596,88.262,-58.199,0.526998,0.849603,0.021165,-0.849866,0.526805,0.014298,0.000997,-0.025522,0.999674,0,0.88000,0.99647,52.800,1.993,425.000,350.000,675.000,325.000,-1,275.000,275.000,300.000,300.000,-1,-1,-1,-1,450.000,475.000,450.000,600.000,1,1,1,1,2,1,1,0,0,2,2,2,2,1,1,1,1
11,3118.450,-9840.094,89.140,-56.212,0.556201,0.830765,0.021693,-0.831041,0.555898,0.018670,0.003451,-0.028412,0.999590,0,0.89236,0.99334,53.542,1.987,375.000,325.000,650.000,300.000,-1,275.000,250.000,300.000,300.000,-1,-1,-1,-1,425.000,425.000,400.000,525.000,1,1,1,1,2,1,1,0,0,2,2,2,2,1,1,1,1
12,3149.868,-9883.706,90.389,-54.232,0.584675,0.810958,0.022422,-0.811236,0.584184,0.025009,0.007183,-0.032811,0.999436,0,0.89584,0.98975,53.750,1.979,350.000,300.000,625.000,275.000,-1,275.000,250.000,300.000,325.000,-1,875.000,825.000,-1,400.000,400.000,375.000,475.000,1,1,1,1,2,1,1,1,0,2,0,0,2,1,1,1,1
13,3181.876,-9925.057,91.960,-52.261,0.612386,0.790221,0.023123,-0.790468,0.611608,0.033108,0.012020,-0.038553,0.999184,0,0.87153,0.98565,52.292,1.971,300.000,300.000,625.000,275.000,-1,250.000,250.000,300.000,350.000,-1,575.000,575.000,-1,375.000,375.000,325.000,425.000,1,1,1,1,2,1,1,1,0,2,0,0,2,1,1,1,1
14,3215.389,-9965.424,95.185,-50.299,0.639312,0.768762,0.016873,-0.768628,0.638261,0.042823,0.022151,-0.040346,0.998940,0,0.87442,0.98105,52.465,1.962,300.000,275.000,625.000,275.000,500.000,250.000,225.000,300.000,350.000,-1,375.000,400.000,-1,375.000,375.000,300.000,375.000,1,1,1,1,1,1,1,1,0,2,0,0,2,1,1,1,1
15,3250.359,-10004.740,99.700,-48.347,0.665252,0.746601,0.005281,-0.745725,0.664092,0.053634,0.036536,-0.039618,0.998547,0,0.87696,0.97587,52.618,1.952,300.000,275.000,750.000,275.000,450.000,250.000,225.000,300.000,375.000,-1,275.000,275.000,-1,375.000,375.000,300.000,375.000,1,1,1,1,1,1,1,1,0,2,0,0,2,1,1,1,1
16,3286.727,-10042.943,104.782,-46.407,0.690067,0.723701,-0.008050,-0.721817,0.688996,0.065307,0.052809,-0.039255,0.997833,0,0.87907,0.97002,52.744,1.940,300.000,275.000,-1,275.000,425.000,250.000,250.000,300.000,400.000,-1,200.000,225.000,-1,375.000,350.000,300.000,350.000,1,1,2,1,1,1,1,1,0,2,0,0,2,1,1,1,1
17,3324.428,-10079.969,110.406,-44.480,0.713644,0.700126,-0.023169,-0.696916,0.712940,0.077619,0.070861,-0.039245,0.996714,0,0.88064,0.96343,52.839,1.927,300.000,275.000,-1,275.000,400.000,250.000,250.000,325.000,425.000,-1,150.000,175.000,-1,400.000,375.000,325.000,325.000,1,1,2,1,1,1,1,1,0,2,0,0,2,1,1,1,1
18,3363.383,-10115.752,116.599,-42.568,0.735886,0.675934,-0.039813,-0.671046,0.735888,0.090372,0.090383,-0.039787,0.995112,0,0.88153,0.95602,52.892,1.912,325.000,300.000,-1,275.000,375.000,250.000,250.000,325.000,425.000,875.000,100.000,125.000,1000.000,425.000,400.000,325.000,325.000,1,1,2,1,1,1,1,1,1,0,0,0,0,1,1,1,1
19,3403.503,-10150.230,123.426,-40.673,0.756738,0.651187,-0.057477,-0.644242,0.757796,0.103426,0.110905,-0.041238,0.992975,0,0.88157,0.94768,52.894,1.895,350.000,300.000,-1,300.000,350.000,275.000,250.000,325.000,425.000,750.000,100.000,125.000,925.000,475.000,475.000,375.000,325.000,1,1,2,1,1,1,1,1,1,0,0,0,0,1,1,1,1
20,4178.868,1074.292,-126.278,48.238,0.666640,-0.745105,0.020260,0.740790,0.665302,0.092757,-0.082593,-0.046827,0.995483,1,0.00000,0.00000,52.833,1.877,-1,-1,-1,300.000,675.000,300.000,275.000,225.000,325.000,-1,700.000,-1,-1,-1,450.000,-1,450.000,2,2,2,1,0,1,1,1,0,2,1,2,2,2,1,2,1
21,4182.079,1077.860,-126.679,47.998,0.669812,-0.742261,0.020025,0.737851,0.668371,0.094106,-0.083235,-0.048258,0.995361,0,0.08000,-0.12000,4.800,-0.240,-1,-1,-1,300.000,650.000,300.000,275.000,225.000,350.000,-1,725.000,-1,-1,-1,450.000,-1,450.000,2,2,2,1,0,1,1,1,0,2,1,2,2,2,1,2,1
22,4188.561,1084.942,-127.488,47.518,0.676125,-0.736528,0.019537,0.731925,0.674468,0.096841,-0.084503,-0.051177,0.995108,0,0.16000,-0.24000,9.600,-0.480,-1,-1,-1,300.000,650.000,275.000,250.000,225.000,350.000,-1,725.000,-1,-1,-1,450.000,-1,450.000,2,2,2,1,0,1,1,1,0,2,1,2,2,2,1,2,1
23,4198.416,1095.442,-128.717,46.798,0.685513,-0.727819,0.018769,0.722920,0.683504,0.101038,-0.086366,-0.055694,0.994706,0,0.24000,-0.36000,14.400,-0.720,-1,-1,-1,300.000,650.000,275.000,250.000,225.000,350.000,-1,750.000,-1,-1,-1,425.000,-1,425.000,2,2,2,1,0,1,1,1,0,2,1,2,2,2,1,2,1
24,4211.789,1109.221,-130.385,45.838,0.697877,-0.715999,0.017685,0.710695,0.695345,0.106810,-0.088772,-0.061972,0.994122,0,0.32000,-0.48000,19.200,-0.960,-1,-1,-1,275.000,650.000,275.000,250.000,225.000,350.000,-1,750.000,-1,-1,-1,425.000,-1,400.000,2,2,2,1,0,1,1,1,0,2,1,2,2,2,1,2,1
25,4228.862,1126.090,-132.055,44.638,0.712980,-0.700990,0.016509,0.695363,0.709893,0.111900,-0.090161,-0.068303,0.993582,0,0.40000,-0.60000,24.000,-1.200,-1,-1,-1,275.000,700.000,250.000,250.000,225.000,350.000,-1,775.000,-1,-1,-1,400.000,-1,400.000,2,2,2,1,0,1,1,1,0,2,1,2,2,2,1,2,0
26,4249.857,1145.805,-132.475,43.198,0.730377,-0.682866,0.015597,0.677568,0.727218,0.109797,-0.086319,-0.069625,0.993832,0,0.48000,-0.72000,28.800,-1.440,-1,-1,-1,275.000,800.000,250.000,225.000,250.000,375.000,-1,775.000,-1,-1,-1,400.000,-1,425.000,2,2,2,1,0,1,1,1,0,2,1,2,2,2,1,2,0
27,4275.014,1168.077,-132.852,41.518,0.750097,-0.661185,0.013774,0.656360,0.746849,0.106811,-0.080908,-0.071078,0.994184,0,0.56000,-0.84000,33.600,-1.680,-1,-1,-1,275.000,-1,250.000,225.000,250.000,375.000,-1,775.000,900.000,-1,-1,400.000,-1,500.000,2,2,2,1,2,1,1,1,0,2,1,1,2,2,0,2,0
28,4304.543,1192.625,-133.195,39.737,0.770314,-0.637578,0.010530,0.633384,0.766949,0.103025,-0.073763,-0.072692,0.994623,0,0.64000,-0.89055,38.400,-1.781,-1,-1,-1,275.000,-1,250.000,225.000,275.000,375.000,-1,775.000,900.000,-1,-1,425.000,-1,625.000,2,2,2,1,2,1,1,1,0,2,1,1,2,2,0,2,0
29,4338.592,1219.213,-133.507,37.984,0.789498,-0.613730,0.005362,0.610331,0.785987,0.098588,-0.064721,-0.074563,0.995114,0,0.72000,-0.87660,43.200,-1.753,-1,-1,-1,275.000,-1,250.000,225.000,-1,375.000,-1,750.000,875.000,-1,-1,475.000,-1,850.000,2,2,2,1,2,1,1,2,0,2,1,1,2,2,0,2,0
30,-3607.624,-983.902,-29.230,-33.982,0.828240,0.558847,-0.041338,-0.556977,0.829087,0.048908,0.061605,-0.017483,0.997948,1,0.00000,0.00000,48.000,-1.720,-1,375.000,-1,375.000,-1,300.000,300.000,325.000,325.000,-1,525.000,550.000,-1,725.000,675.000,-1,-1,2,0,2,0,2,0,0,0,0,2,0,0,2,0,0,2,2
31,-3603.655,-986.601,-28.933,-34.222,0.825885,0.562316,-0.041406,-0.560440,0.826741,0.049052,0.061815,-0.017306,0.997938,0,0.08000,-0.12000,4.800,-0.240,-1,375.000,-1,375.000,-1,300.000,300.000,325.000,325.000,-1,525.000,550.000,-1,725.000,675.000,-1,-1,2,0,2,0,2,0,0,0,0,2,0,0,2,0,0,2,2
32,-3595.762,-992.067,-28.335,-34.702,0.821131,0.569226,-0.041543,-0.567337,0.822006,0.049340,0.062234,-0.016946,0.997918,0,0.16000,-0.24000,9.600,-0.480,-1,375.000,-1,375.000,-1,300.000,300.000,325.000,325.000,-1,525.000,550.000,-1,725.000,675.000,-1,-1,2,0,2,0,2,0,0,0,0,2,0,0,2,0,0,2,2
33,-3584.028,-1000.413,-27.432,-35.422,0.813891,0.579516,-0.041748,-0.577607,0.814796,0.049769,0.062858,-0.016392,0.997888,0,0.24000,-0.36000,14.400,-0.720,-1,375.000,-1,375.000,-1,300.000,300.000,325.000,325.000,-1,500.000,550.000,-1,725.000,675.000,-1,-1,2,0,2,0,2,0,0,0,0,2,0,0,2,0,0,2,2
34,-3568.555,-1011.782,-26.210,-36.307,0.804817,0.592032,-0.042045,-0.590097,0.805762,0.050332,0.063677,-0.015697,0.997847,0,0.32000,-0.44228,19.200,-0.885,-1,375.000,-1,375.000,-1,300.000,300.000,325.000,325.000,-1,500.000,550.000,-1,725.000,675.000,-1,-1,2,0,2,0,2,0,0,0,0,2,0,0,2,0,0,2,2
35,-3549.435,-1026.288,-24.637,-37.187,0.795584,0.604347,-0.042554,-0.602377,0.796581,0.050998,0.064718,-0.014940,0.997792,0,0.40000,-0.44011,24.000,-0.880,-1,375.000,-1,375.000,-1,300.000,300.000,325.000,325.000,-1,500.000,550.000,-1,725.000,675.000,-1,-1,2,0,2,0,2,0,0,0,0,2,0,0,2,0,0,2,2
36,-3526.759,-1044.043,-22.722,-38.062,0.786210,0.616451,-0.043161,-0.614435,0.787265,0.051798,0.065910,-0.014204,0.997724,0,0.48000,-0.43760,28.800,-0.875,-1,375.000,-1,375.000,-1,300.000,300.000,325.000,325.000,-1,500.000,550.000,-1,725.000,675.000,-1,-1,2,0,2,0,2,0,0,0,0,2,0,0,2,0,0,2,2
37,-3500.622,-1065.158,-20.444,-38.931,0.776706,0.628334,-0.043868,-0.626266,0.777828,0.052681,0.067223,-0.013445,0.997647,0,0.56000,-0.43477,33.600,-0.870,-1,375.000,-1,375.000,-1,300.000,300.000,325.000,325.000,-1,500.000,525.000,-1,725.000,700.000,-1,-1,2,0,2,0,2,0,0,0,0,2,0,0,2,0,0,2,2
38,-3471.118,-1089.736,-17.793,-39.795,0.767077,0.639998,-0.044678,-0.637868,0.768272,0.053682,0.068681,-0.012679,0.997558,0,0.64000,-0.43201,38.400,-0.864,-1,375.000,-1,375.000,-1,300.000,300.000,325.000,325.000,-1,500.000,525.000,-1,725.000,700.000,-1,-1,2,0,2,0,2,0,0,0,0,2,0,0,2,0,0,2,2
39,-3438.345,-1117.882,-14.755,-40.657,0.757287,0.651488,-0.045595,-0.649288,0.758565,0.054806,0.070292,-0.011900,0.997455,0,0.72000,-0.43095,43.200,-0.862,-1,375.000,-1,375.000,-1,300.000,300.000,325.000,325.000,-1,500.000,525.000,-1,725.000,700.000,-1,-1,2,0,2,0,2,0,0,0,0,2,0,0,2,0,0,2,2
40,-3402.405,-1149.699,-11.308,-41.517,0.747340,0.662805,-0.046618,-0.660523,0.748710,0.056052,0.072055,-0.011097,0.997339,0,0.80000,-0.42992,48.000,-0.860,-1,375.000,-1,375.000,-1,300.000,300.000,325.000,325.000,-1,500.000,525.000,-1,725.000,700.000,-1,-1,2,0,2,0,2,0,0,0,0,2,0,0,2,0,0,2,2
41,-3364.236,-1184.522,-7.529,-42.375,0.737241,0.673947,-0.047668,-0.671577,0.738708,0.057400,0.073897,-0.010305,0.997213,0,0.86112,-0.42897,51.667,-0.858,-1,375.000,-1,375.000,-1,300.000,300.000,325.000,325.000,-1,500.000,500.000,-1,725.000,700.000,-1,-1,2,0,2,0,2,0,0,1,0,2,0,0,2,0,0,2,2
42,-3325.612,-1220.531,-3.622,-42.993,0.729855,0.681877,-0.048535,-0.679409,0.731399,0.058806,0.075596,-0.009945,0.997089,0,0.88009,-0.30897,52.805,-0.618,-1,375.000,-1,375.000,-1,300.000,300.000,350.000,325.000,-1,500.000,525.000,-1,725.000,725.000,-1,-1,2,0,2,0,2,0,0,1,0,2,0,0,2,0,0,2,2
43,-3287.352,-1256.675,0.328,-43.371,0.725274,0.686688,-0.049371,-0.684122,0.726886,0.060116,0.077168,-0.009825,0.996970,0,0.87722,-0.18897,52.633,-0.378,-1,375.000,-1,375.000,-1,300.000,300.000,400.000,325.000,-1,500.000,525.000,-1,725.000,725.000,-1,-1,2,0,2,0,2,0,0,1,0,2,0,0,2,0,0,2,2
44,-3249.296,-1292.800,4.313,-43.509,0.723560,0.688435,-0.050180,-0.685772,0.725230,0.061301,0.078594,-0.009942,0.996857,0,0.87452,-0.06897,52.471,-0.138,-1,375.000,-1,375.000,-1,300.000,300.000,400.000,325.000,-1,500.000,525.000,-1,725.000,725.000,-1,-1,2,0,2,0,2,0,0,1,0,2,0,0,2,0,0,2,2
45,-3211.285,-1328.755,8.349,-43.407,0.724737,0.687139,-0.050956,-0.684374,0.726452,0.062449,0.079928,-0.010386,0.996747,0,0.87203,0.05103,52.322,0.102,-1,375.000,-1,375.000,-1,325.000,325.000,350.000,325.000,-1,500.000,525.000,-1,725.000,725.000,-1,-1,2,0,2,0,2,0,0,1,0,2,0,0,2,0,0,2,2
46,-3173.158,-1364.390,12.452,-43.065,0.728795,0.682784,-0.051615,-0.679910,0.730534,0.063579,0.081117,-0.011243,0.996641,0,0.86979,0.17103,52.187,0.342,-1,375.000,-1,375.000,-1,325.000,325.000,325.000,325.000,-1,525.000,550.000,-1,750.000,750.000,-1,-1,2,0,2,0,2,0,0,1,0,2,0,0,2,0,0,2,2
47,-3134.758,-1399.555,16.607,-42.483,0.735676,0.675317,-0.052222,-0.672328,0.737422,0.064684,0.082192,-0.012476,0.996538,0,0.86781,0.29103,52.069,0.582,-1,375.000,-1,375.000,-1,325.000,325.000,325.000,325.000,-1,525.000,550.000,-1,750.000,750.000,-1,-1,2,0,2,0,2,0,0,0,0,2,0,0,2,0,0,2,2
48,-3096.045,-1434.225,20.863,-41.846,0.743117,0.667075,-0.052807,-0.663992,0.744866,0.065491,0.083022,-0.013604,0.996455,0,0.86613,0.31821,51.968,0.636,-1,400.000,-1,400.000,-1,325.000,325.000,325.000,325.000,-1,550.000,575.000,-1,775.000,750.000,-1,-1,2,0,2,0,2,0,0,0,0,2,0,0,2,0,0,2,2
49,-3057.022,-1468.400,25.166,-41.211,0.750460,0.658760,-0.053346,-0.655584,0.752208,0.066276,0.083787,-0.014765,0.996374,0,0.86454,0.31781,51.872,0.636,-1,400.000,-1,400.000,-1,325.000,325.000,325.000,325.000,-1,575.000,600.000,-1,775.000,775.000,-1,-1,2,0,2,0,2,0,0,0,0,2,0,0,2,0,0,2,2
50,-3017.693,-1502.081,29.457,-40.576,0.757699,0.650379,-0.053848,-0.647135,0.759447,0.066759,0.084313,-0.015736,0.996315,0,0.86300,0.31730,51.780,0.635,-1,400.000,-1,400.000,-1,325.000,325.000,325.000,325.000,-1,600.000,625.000,-1,775.000,775.000,-1,-1,2,0,2,0,2,0,0,0,0,2,0,0,2,0,0,2,2
51,-2978.062,-1535.268,33.729,-39.943,0.764832,0.641937,-0.054305,-0.638653,0.766580,0.066913,0.084583,-0.016495,0.996280,0,0.86153,0.31667,51.692,0.633,-1,400.000,-1,400.000,-1,325.000,325.000,325.000,325.000,-1,625.000,675.000,-1,800.000,775.000,-1,-1,2,0,2,0,2,0,0,0,0,2,0,0,2,0,0,2,2
52,-2938.132,-1567.963,38.042,-39.311,0.771859,0.633436,-0.054702,-0.630116,0.773602,0.067026,0.084774,-0.017266,0.996251,0,0.86013,0.31591,51.608,0.632,-1,400.000,-1,400.000,-1,325.000,325.000,325.000,325.000,-1,675.000,700.000,-1,800.000,800.000,-1,-1,2,0,2,0,2,0,0,0,0,2,0,0,2,0,0,2,2
53,-2897.907,-1600.168,42.394,-38.681,0.778777,0.624882,-0.055036,-0.621531,0.780511,0.067100,0.084886,-0.018049,0.996227,0,0.85881,0.31505,51.529,0.630,-1,400.000,-1,400.000,-1,325.000,325.000,325.000,325.000,-1,700.000,750.000,-1,800.000,800.000,-1,-1,2,0,2,0,2,0,0,0,0,2,0,0,2,0,0,2,2
54,-2857.389,-1631.884,46.774,-38.053,0.785584,0.616278,-0.055308,-0.612895,0.787302,0.067194,0.084954,-0.018889,0.996206,0,0.85758,0.31407,51.455,0.628,-1,400.000,-1,400.000,-1,325.000,325.000,325.000,325.000,-1,750.000,800.000,-1,800.000,825.000,-1,-1,2,0,2,0,2,0,0,0,0,2,0,0,2,0,0,2,2
55,-2816.581,-1663.114,51.108,-37.427,0.792278,0.607628,-0.055534,-0.604201,0.793973,0.067447,0.085075,-0.019883,0.996176,0,0.85645,0.31298,51.387,0.626,-1,400.000,-1,400.000,-1,325.000,325.000,325.000,300.000,-1,800.000,825.000,-1,825.000,850.000,-1,-1,2,0,2,0,2,0,0,0,0,2,0,0,2,0,0,2,2
56,-2775.484,-1693.862,55.387,-36.803,0.798874,0.598936,-0.055463,-0.595465,0.800519,0.067757,0.084981,-0.021103,0.996159,0,0.85543,0.31179,51.326,0.624,-1,400.000,-1,400.000,-1,325.000,325.000,325.000,300.000,-1,850.000,875.000,-1,825.000,850.000,-1,-1,2,0,2,0,2,0,0,0,0,2,0,0,2,0,0,2,2
57,-2734.102,-1724.129,59.685,-36.182,0.805350,0.590209,-0.055360,-0.586697,0.806942,0.068063,0.084844,-0.022335,0.996144,0,0.85451,0.31050,51.270,0.621,-1,400.000,-1,400.000,-1,325.000,325.000,325.000,300.000,-1,875.000,925.000,-1,825.000,875.000,-1,-1,2,0,2,0,2,0,0,0,0,2,0,0,2,0,0,2,2
58,-2692.434,-1753.920,63.904,-35.564,0.811742,0.581446,-0.054738,-0.577894,0.813232,0.068504,0.084346,-0.023974,0.996148,0,0.85370,0.30911,51.222,0.618,-1,400.000,-1,400.000,-1,325.000,325.000,325.000,300.000,-1,950.000,1000.000,-1,825.000,900.000,-1,-1,2,0,2,0,2,0,0,0,0,2,0,0,2,0,0,2,2
59,-2650.484,-1783.238,68.071,-34.949,0.818035,0.572652,-0.053735,-0.569064,0.819389,0.069057,0.083575,-0.025912,0.996165,0,0.85300,0.30762,51.180,0.615,-1,400.000,-1,400.000,-1,325.000,325.000,325.000,300.000,-1,-1,-1,-1,825.000,900.000,-1,-1,2,0,2,0,2,0,0,0,0,2,2,2,2,0,0,2,2
60,-2608.251,-1812.087,72.250,-34.337,0.824205,0.563837,-0.052675,-0.560215,0.825415,0.069634,0.082741,-0.027884,0.996181,0,0.85242,0.30604,51.145,0.612,-1,400.000,-1,400.000,-1,325.000,325.000,325.000,300.000,-1,-1,-1,-1,825.000,925.000,-1,-1,2,0,2,0,2,0,0,0,0,2,2,2,2,0,0,2,2
61,-2565.738,-1840.469,76.440,-33.728,0.830249,0.555003,-0.051560,-0.551352,0.831311,0.070238,0.081844,-0.029887,0.996197,0,0.85196,0.30437,51.117,0.609,-1,400.000,-1,400.000,-1,325.000,325.000,300.000,325.000,-1,-1,-1,-1,825.000,925.000,-1,-1,2,0,2,0,2,0,0,0,0,2,2,2,2,0,0,2,2
62,-2522.944,-1868.390,80.567,-33.123,0.836143,0.546162,-0.050724,-0.542483,0.837082,0.070758,0.081105,-0.031647,0.996203,0,0.85161,0.30261,51.096,0.605,-1,400.000,-1,425.000,-1,325.000,325.000,300.000,325.000,-1,-1,-1,-1,850.000,950.000,-1,-1,2,0,2,0,2,0,0,0,0,2,2,2,2,0,0,2,2
63,-2479.872,-1895.852,84.656,-32.521,0.841895,0.537315,-0.050052,-0.533611,0.842726,0.071224,0.080450,-0.033255,0.996204,0,0.85137,0.30077,51.082,0.602,-1,400.000,-1,425.000,-1,325.000,325.000,300.000,325.000,-1,-1,-1,-1,850.000,975.000,-1,-1,2,0,2,0,2,0,0,0,0,2,2,2,2,0,0,2,2
64,-2436.521,-1922.859,88.647,-31.924,0.847518,0.528473,-0.049290,-0.524787,0.848250,0.071213,0.079445,-0.034488,0.996243,0,0.85125,0.29886,51.075,0.598,-1,400.000,-1,425.000,-1,325.000,325.000,300.000,325.000,-1,-1,-1,-1,850.000,975.000,-1,-1,2,0,2,0,2,0,0,0,0,2,2,2,2,0,0,2,2
65,-2392.894,-1949.416,92.201,-31.330,0.853010,0.519662,-0.048224,-0.516169,0.853692,0.069130,0.077092,-0.034077,0.996441,0,0.85124,0.29686,51.075,0.594,-1,400.000,-1,425.000,-1,325.000,325.000,300.000,325.000,-1,-1,-1,-1,825.000,975.000,-1,-1,2,0,2,0,2,0,0,0,0,2,2,2,2,0,0,2,2
66,-2348.991,-1975.525,95.750,-30.740,0.858376,0.510857,-0.047064,-0.507558,0.859007,0.067020,0.074666,-0.033641,0.996641,0,0.85135,0.29479,51.081,0.590,-1,400.000,-1,425.000,-1,325.000,325.000,300.000,325.000,-1,-1,-1,-1,825.000,950.000,-1,-1,2,0,2,0,2,0,0,0,0,2,2,2,2,0,0,2,2
67,-2304.813,-2001.191,99.297,-30.155,0.863617,0.502063,-0.045811,-0.498957,0.864194,0.064887,0.072167,-0.033180,0.996841,0,0.85155,0.29266,51.093,0.585,-1,400.000,-1,425.000,-1,325.000,325.000,325.000,325.000,-1,-1,-1,-1,825.000,950.000,-1,-1,2,0,2,0,2,0,0,0,0,2,2,2,2,0,0,2,2
68,-2260.360,-2026.417,102.840,-29.574,0.868731,0.493284,-0.044464,-0.490370,0.869254,0.062733,0.069596,-0.032694,0.997039,0,0.85187,0.29045,51.112,0.581,-1,400.000,-1,425.000,-1,325.000,325.000,325.000,325.000,-1,-1,-1,-1,800.000,950.000,-1,-1,2,0,2,0,2,0,0,0,0,2,2,2,2,0,1,2,2
69,-2215.634,-2051.206,106.313,-28.998,0.873719,0.484519,-0.043081,-0.481771,0.874179,0.060900,0.067167,-0.032454,0.997214,0,0.85228,0.28818,51.137,0.576,-1,400.000,-1,425.000,-1,325.000,325.000,325.000,325.000,-1,-1,-1,-1,800.000,925.000,-1,-1,2,0,2,0,2,0,0,0,0,2,2,2,2,0,1,2,2
70,-2174.975,-2073.431,109.438,-28.661,0.876609,0.479385,-0.041797,-0.476782,0.877019,0.059294,0.065081,-0.032050,0.997365,0,0.77228,0.16818,46.337,0.336,-1,400.000,-1,425.000,-1,325.000,325.000,325.000,325.000,-1,-1,-1,-1,800.000,925.000,-1,-1,2,0,2,0,2,0,0,0,0,2,2,2,2,0,1,2,2
71,-2136.262,-2094.507,112.382,-28.565,0.877466,0.477918,-0.040588,-0.475446,0.877841,0.057854,0.063280,-0.031467,0.997500,0,0.73464,0.04818,44.078,0.096,-1,400.000,-1,425.000,-1,325.000,325.000,325.000,300.000,-1,-1,-1,-1,800.000,925.000,-1,-1,2,0,2,0,2,0,0,0,0,2,2,2,2,0,1,2,2
72,-2097.579,-2115.692,115.203,-28.709,0.876311,0.480124,-0.039504,-0.477741,0.876651,0.056977,0.061987,-0.031057,0.997594,0,0.73508,-0.07182,44.105,-0.144,-1,400.000,-1,425.000,-1,325.000,325.000,325.000,300.000,-1,-1,-1,-1,800.000,900.000,-1,-1,2,0,2,0,2,0,0,0,0,2,2,2,2,0,1,2,2
73,-2056.673,-2138.453,118.198,-29.092,0.873119,0.485994,-0.038385,-0.483709,0.873436,0.055985,0.060735,-0.030314,0.997693,0,0.78020,-0.19182,46.812,-0.384,-1,400.000,-1,425.000,-1,325.000,325.000,325.000,300.000,-1,-1,-1,-1,-1,900.000,-1,-1,2,0,2,0,2,0,0,0,0,2,2,2,2,2,1,2,2
74,-2015.881,-2161.736,121.121,-29.716,0.867835,0.495483,-0.036879,-0.493301,0.868113,0.055076,0.059304,-0.029604,0.997801,0,0.78282,-0.31182,46.969,-0.624,-1,400.000,-1,425.000,-1,325.000,325.000,325.000,325.000,-1,-1,-1,-1,-1,875.000,-1,-1,2,0,2,0,2,0,0,0,0,2,2,2,2,2,1,2,2
75,-1975.317,-2185.706,124.059,-30.580,0.860318,0.508527,-0.035404,-0.506452,0.860572,0.054054,0.057956,-0.028573,0.997910,0,0.78529,-0.43182,47.118,-0.864,-1,400.000,-1,425.000,-1,325.000,325.000,325.000,325.000,-1,-1,-1,-1,-1,850.000,-1,-1,2,0,2,0,2,0,0,0,0,2,2,2,2,2,1,2,2
76,-1935.105,-2210.525,127.021,-31.683,0.850406,0.525028,-0.033998,-0.523065,0.850650,0.052889,0.056688,-0.027194,0.998022,0,0.78757,-0.55182,47.254,-1.104,-1,400.000,-1,425.000,-1,325.000,325.000,325.000,325.000,-1,-1,-1,-1,-1,825.000,-1,-1,2,0,2,0,2,0,0,0,0,2,2,2,2,2,1,2,2
77,-1895.385,-2236.347,130.012,-33.027,0.837893,0.544856,-0.032685,-0.543008,0.838144,0.051558,0.055486,-0.025452,0.998135,0,0.78960,-0.67182,47.376,-1.344,-1,400.000,-1,425.000,-1,325.000,325.000,325.000,325.000,-1,-1,-1,-1,-1,800.000,-1,-1,2,0,2,0,2,0,0,0,0,2,2,2,2,2,1,2,2
78,-1856.308,-2263.315,132.815,-34.611,0.822490,0.567851,-0.032483,-0.566116,0.822823,0.049744,0.054975,-0.022525,0.998234,0,0.79132,-0.79182,47.479,-1.584,-1,400.000,-1,425.000,-1,325.000,325.000,325.000,325.000,-1,-1,-1,-1,-1,800.000,-1,-1,2,0,2,0,2,0,0,0,0,2,2,2,2,2,1,2,2
79,-1818.045,-2291.561,135.616,-36.434,0.803957,0.593791,-0.032634,-0.592175,0.804394,0.047751,0.054604,-0.019065,0.998326,0,0.79265,-0.91182,47.559,-1.824,-1,400.000,-1,425.000,-1,325.000,350.000,325.000,325.000,-1,-1,-1,-1,-1,775.000,-1,-1,2,0,2,0,2,0,0,0,0,2,2,2,2,2,1,2,2
80,-1780.718,-2321.114,138.139,-38.369,0.783409,0.620645,-0.032701,-0.619154,0.783937,0.045725,0.054015,-0.015575,0.998419,0,0.79351,-0.96730,47.610,-1.935,-1,400.000,-1,425.000,-1,325.000,350.000,325.000,325.000,-1,-1,-1,-1,-1,750.000,-1,-1,2,0,2,0,2,0,0,0,0,2,2,2,2,2,1,2,2
81,-1744.387,-2351.919,140.342,-40.294,0.762144,0.646653,-0.031230,-0.645296,0.762667,0.043951,0.052239,-0.013344,0.998545,0,0.79388,-0.96266,47.633,-1.925,-1,400.000,-1,425.000,-1,325.000,350.000,325.000,325.000,-1,-1,-1,-1,-1,725.000,-1,-1,2,0,2,1,2,0,0,0,0,2,2,2,2,2,1,2,2
82,-1709.110,-2383.917,142.524,-42.209,0.740127,0.671803,-0.029877,-0.670583,0.740649,0.041922,0.050292,-0.010993,0.998674,0,0.79379,-0.95771,47.628,-1.915,-1,400.000,-1,425.000,-1,325.000,350.000,300.000,325.000,-1,-1,-1,-1,-1,700.000,-1,-1,2,0,2,1,2,0,0,0,0,2,2,2,2,2,1,2,2
83,-1674.941,-2417.046,144.667,-44.114,0.717402,0.696069,-0.028673,-0.694995,0.717925,0.039570,0.048129,-0.008461,0.998805,0,0.79321,-0.95248,47.593,-1.905,-1,400.000,-1,400.000,-1,325.000,325.000,300.000,325.000,-1,-1,-1,-1,-1,675.000,-1,-1,2,0,2,1,2,0,0,0,0,2,2,2,2,2,1,2,2
84,-1641.931,-2451.239,146.803,-46.008,0.694016,0.719429,-0.027626,-0.718497,0.694541,0.037083,0.045866,-0.005887,0.998930,0,0.79212,-0.94698,47.527,-1.894,-1,400.000,-1,400.000,-1,325.000,325.000,300.000,300.000,-1,-1,-1,-1,-1,650.000,-1,1000.000,2,0,2,1,2,0,0,0,0,2,2,2,2,2,1,2,1
85,-1610.127,-2486.425,148.894,-47.891,0.670016,0.741865,-0.026720,-0.741063,0.670540,0.034651,0.043623,-0.003416,0.999042,0,0.79050,-0.94126,47.430,-1.883,-1,400.000,-1,375.000,-1,325.000,325.000,300.000,300.000,-1,-1,-1,-1,-1,625.000,-1,975.000,2,0,2,1,2,0,1,0,0,2,2,2,2,2,1,2,1
86,-1578.560,-2523.899,150.976,-49.891,0.643725,0.764819,-0.025877,-0.764134,0.644244,0.032367,0.041426,-0.001062,0.999141,0,0.81663,-1.00000,48.998,-2.000,-1,400.000,-1,375.000,-1,325.000,325.000,300.000,300.000,-1,-1,-1,-1,-1,600.000,-1,975.000,2,0,2,1,2,0,1,0,0,2,2,2,2,2,1,2,1
87,-1548.181,-2562.631,153.060,-51.891,0.616647,0.786837,-0.025202,-0.786267,0.617160,0.029963,0.039130,0.001339,0.999233,0,0.82042,-1.00000,49.225,-2.000,-1,400.000,-1,350.000,-1,325.000,300.000,300.000,300.000,-1,-1,-1,-1,-1,575.000,-1,975.000,2,1,2,1,2,1,1,0,0,2,2,2,2,2,1,2,1
88,-1519.036,-2602.585,155.207,-53.891,0.588817,0.807891,-0.024626,-0.807422,0.589321,0.027753,0.036933,0.003542,0.999311,0,0.82423,-1.00000,49.454,-2.000,-1,375.000,-1,350.000,-1,300.000,300.000,300.000,300.000,-1,-1,-1,-1,-1,550.000,-1,975.000,2,1,2,1,2,1,1,0,0,2,2,2,2,2,1,2,1
89,-1491.175,-2643.721,157.430,-55.891,0.560270,0.827959,-0.024109,-0.827575,0.560762,0.025807,0.034886,0.005493,0.999376,0,0.82806,-1.00000,49.684,-2.000,-1,350.000,-1,350.000,-1,300.000,275.000,300.000,300.000,-1,-1,-1,-1,-1,550.000,-1,1000.000,2,1,2,1,2,1,1,0,0,2,2,2,2,2,1,2,1
90,-1464.644,-2686.000,159.717,-57.891,0.531042,0.847016,-0.023641,-0.846704,0.531519,0.024085,0.032965,0.007227,0.999430,0,0.83190,-1.00000,49.914,-2.000,-1,325.000,-1,325.000,-1,275.000,275.000,300.000,300.000,-1,-1,-1,-1,-1,525.000,-1,-1,2,1,2,1,2,1,1,1,0,2,2,2,2,2,1,2,2
91,-1439.490,-2729.377,161.809,-59.891,0.501177,0.865046,-0.022755,-0.864755,0.501633,0.023729,0.031941,0.007785,0.999459,0,0.83572,-1.00000,50.143,-2.000,-1,300.000,-1,325.000,-1,275.000,275.000,-1,325.000,-1,-1,-1,-1,-1,525.000,-1,-1,2,1,2,1,2,1,1,2,0,2,2,2,2,2,1,2,2
92,-1415.758,-2773.807,163.637,-61.891,0.470714,0.882031,-0.021218,-0.881707,0.471140,0.024905,0.031964,0.006985,0.999465,0,0.83951,-1.00000,50.370,-2.000,-1,300.000,-1,325.000,-1,250.000,250.000,-1,325.000,-1,-1,-1,-1,-1,500.000,-1,-1,2,1,2,1,2,1,1,2,0,2,2,2,2,2,1,2,2
93,-1393.491,-2819.238,166.930,-63.891,0.439384,0.897893,-0.027027,-0.897542,0.440050,0.027841,0.036891,0.012025,0.999247,0,0.84323,-1.00000,50.594,-2.000,-1,275.000,-1,325.000,-1,250.000,250.000,-1,325.000,-1,-1,-1,-1,-1,525.000,-1,-1,2,1,2,1,2,1,1,2,0,2,2,2,2,2,1,2,2
94,-1372.729,-2865.616,171.000,-65.886,0.407323,0.912552,-0.036571,-0.912201,0.408463,0.032365,0.044472,0.020177,0.998807,0,0.84687,-0.99776,50.812,-1.996,-1,275.000,-1,325.000,-1,250.000,250.000,-1,325.000,-1,-1,-1,-1,-1,575.000,-1,-1,2,1,2,1,2,1,1,2,0,2,2,2,2,2,1,2,2
95,-1353.509,-2912.880,174.776,-67.874,0.374860,0.926018,-0.044395,-0.925666,0.376503,0.037244,0.051203,0.027133,0.998320,0,0.85037,-0.99387,51.022,-1.988,-1,275.000,-1,325.000,-1,250.000,250.000,-1,325.000,-1,-1,-1,-1,-1,625.000,-1,-1,2,1,2,1,2,1,1,2,0,2,2,2,2,2,1,2,2
96,-1335.865,-2960.968,177.342,-69.853,0.342437,0.938411,-0.046064,-0.937981,0.344282,0.040772,0.054120,0.029246,0.998106,0,0.85369,-0.98943,51.221,-1.979,-1,275.000,-1,325.000,-1,225.000,250.000,-1,325.000,-1,-1,375.000,-1,-1,675.000,-1,-1,2,1,2,1,2,1,1,2,0,2,2,0,2,2,1,2,2
97,-1319.827,-3009.807,179.880,-71.822,0.309756,0.949620,-0.047682,-0.949101,0.311819,0.044459,0.057088,0.031483,0.997873,0,0.85675,-0.98436,51.405,-1.969,-1,250.000,-1,350.000,-1,225.000,250.000,-1,325.000,-1,375.000,325.000,-1,-1,750.000,-1,-1,2,1,2,1,2,1,1,2,0,2,0,0,2,2,1,2,2
98,-1305.420,-3059.323,182.430,-73.779,0.276844,0.959625,-0.049767,-0.959015,0.279181,0.048455,0.060393,0.034313,0.997585,0,0.85947,-0.97855,51.568,-1.957,-1,250.000,-1,350.000,-1,225.000,250.000,-1,325.000,-1,350.000,275.000,-1,-1,825.000,-1,-1,2,1,2,1,2,1,1,2,0,2,0,0,2,2,1,2,2
99,-1293.705,-3104.601,184.755,-75.496,0.247629,0.967453,-0.052106,-0.966757,0.250273,0.052393,0.063728,0.037399,0.997266,0,0.77947,-0.85855,46.768,-1.717,-1,250.000,-1,375.000,-1,225.000,250.000,-1,325.000,-1,300.000,250.000,-1,-1,875.000,-1,-1,2,1,2,1,2,1,1,2,0,2,0,0,2,2,1,2,2
100,-1284.242,-3145.489,186.888,-76.973,0.222253,0.973463,-0.054532,-0.972686,0.225223,0.056188,0.066979,0.040555,0.996930,0,0.69947,-0.73855,41.968,-1.477,-1,225.000,1000.000,400.000,-1,225.000,275.000,-1,325.000,-1,275.000,225.000,-1,-1,875.000,-1,-1,2,1,1,1,2,1,1,2,0,2,0,0,2,2,1,2,2
101,-1275.810,-3185.879,188.916,-78.210,0.200860,0.977994,-0.056422,-0.977111,0.204132,0.059862,0.070062,0.043106,0.996611,0,0.68767,-0.61855,41.260,-1.237,-1,250.000,975.000,400.000,-1,225.000,275.000,-1,350.000,-1,275.000,200.000,-1,-1,875.000,-1,-1,2,1,1,1,2,1,1,2,0,2,0,0,2,2,1,2,2
102,-1268.078,-3226.430,190.808,-79.207,0.183549,0.981326,-0.057521,-0.980304,0.187069,0.063314,0.072892,0.044767,0.996335,0,0.68801,-0.49855,41.281,-0.997,-1,250.000,950.000,425.000,-1,225.000,275.000,-1,350.000,-1,250.000,175.000,-1,-1,900.000,-1,-1,2,1,1,1,2,1,1,2,0,2,0,0,2,2,1,2,2
103,4263.559,-1639.832,-61.246,-102.813,-0.221394,0.975062,0.015458,-0.974693,-0.221757,0.028226,0.030950,-0.008818,0.999482,1,0.00000,0.00000,41.268,-0.757,-1,400.000,-1,400.000,-1,325.000,325.000,300.000,300.000,-1,-1,-1,-1,775.000,800.000,-1,-1,2,0,2,0,2,0,0,0,0,2,2,2,2,0,0,2,2
104,4262.514,-1644.517,-61.095,-102.573,-0.217308,0.975982,0.015394,-0.975615,-0.217671,0.028194,0.030867,-0.008891,0.999484,0,0.08000,0.12000,4.800,0.240,-1,400.000,-1,400.000,-1,325.000,325.000,300.000,300.000,-1,-1,-1,-1,775.000,800.000,-1,-1,2,0,2,0,2,0,0,0,0,2,2,2,2,0,0,2,2
105,4260.503,-1653.903,-60.795,-102.093,-0.209125,0.977770,0.015266,-0.977407,-0.209487,0.028132,0.030704,-0.009038,0.999488,0,0.16000,0.24000,9.600,0.480,-1,400.000,-1,400.000,-1,325.000,325.000,300.000,300.000,-1,-1,-1,-1,775.000,800.000,-1,-1,2,0,2,0,2,0,0,0,0,2,2,2,2,0,0,2,2
106,4257.663,-1668.021,-60.348,-101.373,-0.196824,0.980323,0.015075,-0.979966,-0.197183,0.028042,0.030462,-0.009253,0.999493,0,0.24000,0.36000,14.400,0.720,-1,400.000,-1,400.000,-1,325.000,325.000,300.000,300.000,-1,-1,-1,-1,775.000,800.000,-1,-1,2,0,2,0,2,0,0,0,0,2,2,2,2,0,0,2,2
107,4254.193,-1686.905,-59.758,-100.413,-0.180374,0.983486,0.014822,-0.983136,-0.180730,0.027928,0.030146,-0.009534,0.999500,0,0.32000,0.48000,19.200,0.960,-1,400.000,-1,400.000,-1,325.000,325.000,300.000,300.000,-1,-1,-1,-1,775.000,800.000,-1,-1,2,0,2,0,2,0,0,0,0,2,2,2,2,0,0,2,2
108,4250.351,-1710.595,-59.028,-99.213,-0.159740,0.987052,0.014508,-0.986710,-0.160094,0.027796,0.029759,-0.009875,0.999508,0,0.40000,0.60000,24.000,1.200,-1,400.000,-1,400.000,-1,325.000,325.000,300.000,300.000,-1,-1,-1,-1,775.000,800.000,-1,-1,2,0,2,0,2,0,0,0,0,2,2,2,2,0,0,2,2
109,4246.456,-1739.130,-58.164,-97.773,-0.134889,0.990760,0.014137,-0.990427,-0.135238,0.027652,0.029308,-0.010272,0.999518,0,0.48000,0.72000,28.800,1.440,-1,400.000,-1,400.000,-1,325.000,325.000,300.000,300.000,-1,-1,-1,-1,775.000,800.000,-1,-1,2,0,2,0,2,0,0,0,0,2,2,2,2,0,0,2,2
110,4242.890,-1772.540,-57.173,-96.093,-0.105788,0.994294,0.013713,-0.993972,-0.106133,0.027502,0.028801,-0.010721,0.999528,0,0.56000,0.84000,33.600,1.680,-1,400.000,-1,400.000,-1,325.000,325.000,300.000,300.000,-1,-1,-1,-1,775.000,800.000,-1,-1,2,0,2,0,2,0,0,0,0,2,2,2,2,0,0,2,2
111,4240.064,-1810.836,-56.060,-94.220,-0.073233,0.997227,0.013239,-0.996915,-0.073573,0.027355,0.028253,-0.011195,0.999538,0,0.64000,0.93663,38.400,1.873,-1,400.000,-1,400.000,-1,325.000,325.000,300.000,300.000,-1,-1,-1,-1,775.000,800.000,-1,-1,2,0,2,0,2,0,0,0,0,2,2,2,2,0,0,2,2
112,4238.289,-1854.000,-54.831,-92.356,-0.040768,0.999088,0.012710,-0.998784,-0.041102,0.027216,0.027714,-0.011585,0.999549,0,0.72000,0.93188,43.200,1.864,-1,400.000,-1,400.000,-1,325.000,325.000,300.000,300.000,-1,-1,-1,-1,775.000,800.000,-1,-1,2,0,2,0,2,0,0,0,0,2,2,2,2,0,0,2,2
113,4237.868,-1901.998,-53.488,-90.502,-0.008439,0.999891,0.012134,-0.999595,-0.008765,0.027088,0.027191,-0.011901,0.999559,0,0.80000,0.92675,48.000,1.854,-1,400.000,-1,400.000,-1,325.000,325.000,300.000,300.000,-1,-1,-1,-1,800.000,775.000,-1,-1,2,0,2,0,2,0,0,0,0,2,2,2,2,0,0,2,2
114,4239.026,-1951.287,-52.131,-88.654,0.023803,0.999650,0.011571,-0.999360,0.023484,0.026983,0.026702,-0.012206,0.999569,0,0.82172,0.92401,49.303,1.848,-1,400.000,-1,400.000,-1,325.000,325.000,300.000,300.000,-1,-1,-1,-1,800.000,775.000,-1,-1,2,0,2,0,2,0,0,0,0,2,2,2,2,0,0,2,2
115,4241.758,-2000.285,-50.874,-86.808,0.055987,0.998368,0.011221,-0.998089,0.055670,0.026808,0.026140,-0.012700,0.999578,0,0.81790,0.92290,49.074,1.846,-1,400.000,-1,400.000,-1,325.000,325.000,300.000,300.000,-1,-1,-1,-1,800.000,775.000,-1,-1,2,0,2,0,2,0,0,0,0,2,2,2,2,0,0,2,2
116,4246.044,-2048.925,-49.734,-84.964,0.088090,0.996049,0.011220,-0.995789,0.087769,0.026463,0.025374,-0.013503,0.999587,0,0.81380,0.92209,48.828,1.844,-1,400.000,-1,400.000,-1,325.000,325.000,300.000,300.000,-1,-1,-1,-1,800.000,775.000,-1,-1,2,0,2,0,2,0,0,0,0,2,2,2,2,0,0,2,2
117,4251.862,-2097.147,-48.627,-83.121,0.120084,0.992700,0.011260,-0.992459,0.119759,0.026132,0.024592,-0.014313,0.999595,0,0.80952,0.92157,48.571,1.843,-1,400.000,-1,400.000,-1,325.000,325.000,300.000,300.000,-1,-1,-1,-1,800.000,775.000,-1,-1,2,0,2,0,2,0,0,0,0,2,2,2,2,0,0,2,2
118,4259.187,-2144.896,-47.553,-81.278,0.151946,0.988324,0.011343,-0.988102,0.151616,0.025810,0.023789,-0.015130,0.999603,0,0.80514,0.92136,48.309,1.843,-1,400.000,-1,400.000,-1,325.000,325.000,300.000,325.000,-1,-1,-1,-1,800.000,775.000,-1,-1,2,0,2,0,2,0,0,0,0,2,2,2,2,0,0,2,2
119,4267.996,-2192.127,-46.512,-79.436,0.183653,0.982924,0.011473,-0.982723,0.183318,0.025497,0.022958,-0.015957,0.999609,0,0.80075,0.92144,48.045,1.843,-1,400.000,-1,400.000,-1,325.000,325.000,300.000,325.000,-1,-1,-1,-1,825.000,775.000,-1,-1,2,0,2,0,2,0,0,0,0,2,2,2,2,0,0,2,2
120,4278.264,-2238.795,-45.505,-77.592,0.215183,0.976504,0.011652,-0.976324,0.214843,0.025190,0.022095,-0.016797,0.999615,0,0.79642,0.92181,47.785,1.844,-1,400.000,-1,400.000,-1,325.000,325.000,300.000,300.000,-1,-1,-1,-1,825.000,775.000,-1,-1,2,0,2,0,2,0,0,0,0,2,2,2,2,0,0,2,2
121,4288.672,-2280.502,-44.621,-75.988,0.242428,0.970097,0.011860,-0.969936,0.242083,0.024912,0.021296,-0.017543,0.999619,0,0.71642,0.80181,42.985,1.604,-1,400.000,-1,400.000,-1,325.000,325.000,300.000,300.000,-1,-1,-1,-1,825.000,775.000,-1,-1,2,0,2,0,2,0,0,0,0,2,2,2,2,0,0,2,2
122,4298.796,-2317.320,-43.854,-74.625,0.265446,0.964050,0.012084,-0.963906,0.265097,0.024663,0.020573,-0.018195,0.999623,0,0.63642,0.68181,38.185,1.364,-1,400.000,-1,400.000,-1,325.000,325.000,300.000,300.000,-1,-1,-1,-1,825.000,775.000,-1,-1,2,0,2,0,2,0,0,0,0,2,2,2,2,0,0,2,2
123,4308.278,-2349.330,-43.196,-73.501,0.284300,0.958656,0.012313,-0.958528,0.283948,0.024440,0.019934,-0.018750,0.999625,0,0.55642,0.56181,33.385,1.124,-1,400.000,-1,400.000,-1,325.000,325.000,300.000,300.000,-1,-1,-1,-1,825.000,775.000,-1,-1,2,0,2,0,2,0,0,0,0,2,2,2,2,0,0,2,2
124,4317.720,-2379.493,-42.584,-72.617,0.299050,0.954155,0.012562,-0.954041,0.298695,0.024218,0.019355,-0.019227,0.999628,0,0.52677,0.44181,31.606,0.884,-1,400.000,-1,400.000,-1,325.000,325.000,300.000,300.000,-1,-1,-1,-1,850.000,775.000,-1,-1,2,0,2,0,2,0,0,0,0,2,2,2,2,0,0,2,2
125,4327.467,-2409.443,-41.983,-71.974,0.309748,0.950732,0.012844,-0.950632,0.309392,0.023977,0.018822,-0.019637,0.999630,0,0.52493,0.32181,31.496,0.644,-1,400.000,-1,400.000,-1,325.000,325.000,300.000,300.000,-1,-1,-1,-1,850.000,775.000,-1,-1,2,0,2,0,2,0,0,0,0,2,2,2,2,0,0,2,2
126,4337.396,-2439.239,-41.390,-71.570,0.316437,0.948522,0.013154,-0.948436,0.316080,0.023714,0.018336,-0.019980,0.999632,0,0.52345,0.20181,31.407,0.404,-1,400.000,-1,400.000,-1,325.000,325.000,300.000,300.000,-1,-1,-1,-1,850.000,800.000,-1,-1,2,0,2,0,2,0,0,0,0,2,2,2,2,0,0,2,2
127,4347.388,-2468.942,-40.801,-71.407,0.319143,0.947610,0.013489,-0.947537,0.318785,0.023425,0.017898,-0.020258,0.999635,0,0.52232,0.08181,31.339,0.164,-1,400.000,-1,400.000,-1,325.000,325.000,300.000,300.000,-1,-1,-1,-1,850.000,800.000,-1,-1,2,0,2,0,2,0,0,0,0,2,2,2,2,0,0,2,2
128,4357.326,-2498.613,-40.213,-71.483,0.317878,0.948030,0.013843,-0.947970,0.317520,0.023105,0.017509,-0.020468,0.999637,0,0.52151,-0.03819,31.291,-0.076,-1,400.000,-1,400.000,-1,325.000,325.000,300.000,300.000,-1,-1,-1,-1,850.000,800.000,-1,-1,2,0,2,0,2,0,0,0,0,2,2,2,2,0,0,2,2
129,4367.090,-2528.309,-39.627,-71.799,0.312636,0.949767,0.014198,-0.949718,0.312280,0.022753,0.017176,-0.020597,0.999640,0,0.52101,-0.15819,31.260,-0.316,-1,400.000,-1,400.000,-1,325.000,325.000,300.000,300.000,-1,-1,-1,-1,850.000,800.000,-1,-1,2,0,2,0,2,0,0,0,0,2,2,2,2,0,0,2,2
130,4376.561,-2558.086,-39.048,-72.356,0.303396,0.952754,0.014494,-0.952714,0.303043,0.022382,0.016933,-0.020599,0.999644,0,0.52078,-0.27819,31.247,-0.556,-1,400.000,-1,400.000,-1,325.000,325.000,300.000,300.000,-1,-1,-1,-1,850.000,800.000,-1,-1,2,0,2,0,2,0,0,0,0,2,2,2,2,0,0,2,2
131,4385.618,-2587.993,-38.483,-73.152,0.290119,0.956878,0.014719,-0.956845,0.289772,0.021898,0.016688,-0.020437,0.999652,0,0.52081,-0.39819,31.248,-0.796,-1,400.000,-1,400.000,-1,325.000,325.000,300.000,300.000,-1,-1,-1,-1,850.000,775.000,-1,-1,2,0,2,0,2,0,0,0,0,2,2,2,2,0,0,2,2
132,4394.211,-2618.053,-37.921,-74.046,0.275149,0.961286,0.014885,-0.961261,0.274811,0.021348,0.016431,-0.020182,0.999661,0,0.52106,-0.44691,31.264,-0.894,-1,400.000,-1,400.000,-1,325.000,325.000,300.000,300.000,-1,-1,-1,-1,850.000,775.000,-1,-1,2,0,2,0,2,0,0,0,0,2,2,2,2,0,0,2,2
133,4402.342,-2648.263,-37.351,-74.937,0.260156,0.965450,0.015013,-0.965431,0.259828,0.020784,0.016165,-0.019901,0.999671,0,0.52142,-0.44560,31.285,-0.891,-1,400.000,-1,400.000,-1,325.000,325.000,300.000,300.000,-1,-1,-1,-1,850.000,775.000,-1,-1,2,0,2,0,2,0,0,0,0,2,2,2,2,0,0,2,2
134,4410.324,-2679.875,-36.772,-75.828,0.245114,0.969376,0.015177,-0.969363,0.244793,0.020280,0.015943,-0.019683,0.999679,0,0.54340,-0.44525,32.604,-0.891,-1,400.000,-1,400.000,-1,325.000,325.000,300.000,300.000,-1,-1,-1,-1,850.000,775.000,-1,-1,2,0,2,0,2,0,0,0,0,2,2,2,2,0,0,2,2
135,4417.811,-2711.588,-36.292,-76.718,0.230026,0.973058,0.015681,-0.973055,0.229702,0.020025,0.015884,-0.019865,0.999676,0,0.54308,-0.44510,32.585,-0.890,-1,400.000,-1,400.000,-1,325.000,325.000,300.000,300.000,-1,-1,-1,-1,850.000,775.000,-1,-1,2,0,2,0,2,0,0,0,0,2,2,2,2,0,0,2,2
136,4424.799,-2743.395,-35.850,-77.608,0.214888,0.976501,0.016371,-0.976513,0.214561,0.019665,0.015690,-0.020213,0.999673,0,0.54276,-0.44493,32.565,-0.890,-1,400.000,-1,400.000,-1,325.000,325.000,300.000,300.000,-1,-1,-1,-1,850.000,775.000,-1,-1,2,0,2,0,2,0,0,0,0,2,2,2,2,0,0,2,2
137,4431.290,-2775.287,-35.403,-78.497,0.199705,0.979708,0.017043,-0.979733,0.199375,0.019291,0.015502,-0.020550,0.999669,0,0.54244,-0.44474,32.547,-0.889,-1,400.000,-1,400.000,-1,325.000,325.000,300.000,300.000,-1,-1,-1,-1,850.000,775.000,-1,-1,2,0,2,0,2,0,0,0,0,2,2,2,2,0,0,2,2
138,4437.281,-2807.259,-34.953,-79.386,0.184481,0.982677,0.017694,-0.982717,0.184148,0.018908,0.015322,-0.020876,0.999665,0,0.54213,-0.44454,32.528,-0.889,-1,400.000,-1,400.000,-1,325.000,325.000,300.000,300.000,-1,-1,-1,-1,850.000,775.000,-1,-1,2,0,2,0,2,0,0,0,0,2,2,2,2,0,0,2,2
139,4442.773,-2839.302,-34.497,-80.275,0.169219,0.985408,0.018325,-0.985462,0.168884,0.018514,0.015149,-0.021192,0.999661,0,0.54183,-0.44431,32.510,-0.889,-1,400.000,-1,400.000,-1,325.000,325.000,300.000,300.000,-1,-1,-1,-1,825.000,775.000,-1,-1,2,0,2,0,2,0,0,0,0,2,2,2,2,0,0,2,2
140,4447.765,-2871.408,-34.036,-81.163,0.153926,0.987901,0.018936,-0.987969,0.153589,0.018114,0.014986,-0.021496,0.999657,0,0.54154,-0.44407,32.492,-0.888,-1,400.000,-1,400.000,-1,325.000,325.000,300.000,300.000,-1,-1,-1,-1,825.000,750.000,-1,-1,2,0,2,0,2,0,0,0,0,2,2,2,2,0,0,2,2
141,4452.256,-2903.571,-33.568,-82.051,0.138603,0.990155,0.019525,-0.990237,0.138266,0.017707,0.014833,-0.021788,0.999653,0,0.54125,-0.44381,32.475,-0.888,-1,400.000,-1,400.000,-1,325.000,325.000,300.000,300.000,-1,-1,-1,-1,825.000,750.000,-1,-1,2,0,2,0,2,0,0,0,0,2,2,2,2,0,0,2,2
142,4456.994,-2940.544,-33.028,-82.698,0.127403,0.991646,0.020166,-0.991744,0.127064,0.017271,0.014564,-0.022199,0.999647,0,0.62125,-0.32381,37.275,-0.648,-1,400.000,-1,400.000,-1,325.000,325.000,300.000,300.000,-1,-1,-1,-1,825.000,750.000,-1,-1,2,0,2,0,2,0,0,0,0,2,2,2,2,0,0,2,2
143,4462.044,-2982.314,-32.418,-83.106,0.120343,0.992513,0.020863,-0.992631,0.120005,0.016806,0.014176,-0.022732,0.999641,0,0.70125,-0.20381,42.075,-0.408,-1,400.000,-1,400.000,-1,325.000,325.000,300.000,300.000,-1,-1,-1,-1,825.000,750.000,-1,-1,2,0,2,0,2,0,0,0,0,2,2,2,2,0,0,2,2
144,4467.535,-3028.866,-31.744,-83.273,0.117437,0.992845,0.021624,-0.992986,0.117099,0.016310,0.013661,-0.023387,0.999633,0,0.78125,-0.08381,46.875,-0.168,-1,400.000,-1,400.000,-1,325.000,325.000,300.000,300.000,-1,-1,-1,-1,825.000,750.000,-1,-1,2,0,2,0,2,0,0,0,0,2,2,2,2,0,0,2,2
145,4473.301,-3078.459,-31.044,-83.368,0.115796,0.993021,0.022386,-0.993187,0.115461,0.015740,0.013046,-0.024056,0.999625,0,0.83212,-0.04720,49.927,-0.094,-1,400.000,-1,400.000,-1,325.000,325.000,300.000,300.000,-1,-1,-1,-1,825.000,750.000,-1,-1,2,0,2,0,2,0,0,0,0,2,2,2,2,0,0,2,2
146,4478.978,-3127.981,-30.354,-83.461,0.114181,0.993191,0.023132,-0.993382,0.113851,0.015152,0.012416,-0.024709,0.999618,0,0.83077,-0.04639,49.846,-0.093,-1,400.000,-1,400.000,-1,325.000,325.000,300.000,300.000,-1,-1,-1,-1,825.000,750.000,-1,-1,2,0,2,0,2,0,0,0,0,2,2,2,2,0,0,2,2
147,4484.568,-3177.436,-29.670,-83.552,0.112598,0.993354,0.023875,-0.993571,0.112273,0.014560,0.011783,-0.025361,0.999609,0,0.82950,-0.04546,49.770,-0.091,-1,400.000,-1,400.000,-1,325.000,325.000,300.000,300.000,-1,-1,-1,-1,825.000,750.000,-1,-1,2,0,2,0,2,0,0,0,0,2,2,2,2,0,0,2,2
148,4490.074,-3226.831,-28.992,-83.640,0.111050,0.993510,0.024616,-0.993752,0.110731,0.013964,0.011147,-0.026013,0.999599,0,0.82835,-0.04439,49.701,-0.089,-1,400.000,-1,400.000,-1,325.000,325.000,325.000,300.000,-1,-1,-1,-1,800.000,750.000,-1,-1,2,0,2,0,2,0,0,0,0,2,2,2,2,0,0,2,2
149,4495.498,-3276.172,-28.353,-83.727,0.109543,0.993662,0.025222,-0.993926,0.109231,0.013437,0.010597,-0.026540,0.999592,0,0.82730,-0.04320,49.638,-0.086,-1,400.000,-1,400.000,-1,325.000,325.000,325.000,300.000,-1,-1,-1,-1,800.000,750.000,-1,-1,2,0,2,0,2,0,0,0,0,2,2,2,2,0,0,2,2
150,4500.844,-3325.465,-27.790,-83.811,0.108088,0.993803,0.025936,-0.994089,0.107776,0.013114,0.010237,-0.027200,0.999578,0,0.82637,-0.04189,49.582,-0.084,-1,400.000,-1,400.000,-1,325.000,325.000,325.000,300.000,-1,-1,-1,-1,800.000,750.000,-1,-1,2,0,2,0,2,0,0,0,0,2,2,2,2,0,0,2,2
151,4506.227,-3375.795,-27.271,-83.895,0.106627,0.993937,0.026843,-0.994249,0.106311,0.012932,0.010000,-0.028068,0.999556,0,0.84362,-0.04215,50.617,-0.084,-1,400.000,-1,400.000,-1,325.000,325.000,325.000,300.000,-1,-1,-1,-1,800.000,750.000,-1,-1,2,0,2,0,2,0,0,0,0,2,2,2,2,0,0,2,2
152,4511.528,-3426.052,-26.761,-83.980,0.105158,0.994068,0.027745,-0.994408,0.104837,0.012754,0.009769,-0.028931,0.999534,0,0.84225,-0.04241,50.535,-0.085,-1,400.000,-1,400.000,-1,325.000,325.000,325.000,300.000,-1,-1,-1,-1,800.000,750.000,-1,-1,2,0,2,0,2,0,0,0,0,2,2,2,2,0,0,2,2
153,4516.745,-3476.233,-26.260,-84.065,0.103683,0.994198,0.028641,-0.994565,0.103359,0.012579,0.009546,-0.029789,0.999511,0,0.84086,-0.04253,50.452,-0.085,-1,400.000,-1,400.000,-1,325.000,325.000,325.000,300.000,-1,-1,-1,-1,800.000,725.000,-1,-1,2,0,2,0,2,0,0,0,0,2,2,2,2,0,0,2,2
154,4521.879,-3526.338,-25.766,-84.150,0.102209,0.994325,0.029531,-0.994719,0.101881,0.012408,0.009329,-0.030643,0.999487,0,0.83947,-0.04251,50.368,-0.085,-1,400.000,-1,400.000,-1,325.000,325.000,325.000,300.000,-1,-1,-1,-1,800.000,725.000,-1,-1,2,0,2,0,2,0,0,0,0,2,2,2,2,0,0,2,2
155,4526.931,-3576.369,-25.280,-84.234,0.100739,0.994448,0.030415,-0.994871,0.100408,0.012240,0.009119,-0.031492,0.999462,0,0.83809,-0.04236,50.285,-0.085,-1,400.000,-1,400.000,-1,325.000,325.000,325.000,300.000,-1,-1,-1,-1,800.000,725.000,-1,-1,2,0,2,0,2,0,0,0,0,2,2,2,2,0,0,2,2
156,4531.902,-3626.326,-24.801,-84.319,0.099280,0.994567,0.031294,-0.995020,0.098945,0.012076,0.008914,-0.032337,0.999437,0,0.83673,-0.04207,50.204,-0.084,-1,400.000,-1,400.000,-1,325.000,325.000,325.000,300.000,-1,-1,-1,-1,800.000,725.000,-1,-1,2,0,2,0,2,0,0,0,0,2,2,2,2,0,0,2,2
157,4536.792,-3676.212,-24.330,-84.402,0.097834,0.994683,0.032168,-0.995165,0.097496,0.011916,0.008716,-0.033178,0.999411,0,0.83541,-0.04165,50.125,-0.083,-1,400.000,-1,375.000,-1,325.000,325.000,325.000,300.000,-1,-1,-1,-1,775.000,725.000,-1,-1,2,0,2,0,2,0,0,0,0,2,2,2,2,0,0,2,2
158,4541.603,-3726.029,-23.876,-84.484,0.096408,0.994795,0.032994,-0.995305,0.096067,0.011786,0.008555,-0.033975,0.999386,0,0.83415,-0.04109,50.049,-0.082,-1,400.000,-1,375.000,-1,325.000,325.000,325.000,300.000,-1,-1,-1,-1,775.000,725.000,-1,-1,2,0,2,0,2,0,0,0,0,2,2,2,2,0,0,2,2
159,4546.337,-3775.781,-23.434,-84.565,0.095006,0.994903,0.033795,-0.995441,0.094661,0.011673,0.008414,-0.034750,0.999361,0,0.83294,-0.04040,49.977,-0.081,-1,400.000,-1,375.000,-1,325.000,325.000,325.000,300.000,-1,-1,-1,-1,775.000,725.000,-1,-1,2,0,2,0,2,0,0,0,0,2,2,2,2,0,0,2,2
160,4550.996,-3825.472,-22.998,-84.644,0.093633,0.995006,0.034596,-0.995572,0.093284,0.011560,0.008275,-0.035525,0.999335,0,0.83181,-0.03959,49.909,-0.079,-1,400.000,-1,375.000,-1,325.000,325.000,325.000,300.000,-1,-1,-1,-1,775.000,725.000,-1,-1,2,0,2,0,2,0,0,0,0,2,2,2,2,0,0,2,2
161,4555.582,-3875.106,-22.567,-84.721,0.092291,0.995103,0.035395,-0.995699,0.091939,0.011448,0.008138,-0.036300,0.999308,0,0.83077,-0.03864,49.846,-0.077,-1,400.000,-1,375.000,-1,325.000,325.000,325.000,300.000,-1,-1,-1,-1,775.000,725.000,-1,-1,2,0,2,0,2,0,0,0,0,2,2,2,2,0,0,2,2
162,4560.098,-3924.690,-22.138,-84.797,0.090987,0.995194,0.036207,-0.995820,0.090631,0.011364,0.008028,-0.037090,0.999280,0,0.82982,-0.03758,49.789,-0.075,-1,400.000,-1,375.000,-1,325.000,325.000,325.000,300.000,-1,-1,-1,-1,775.000,725.000,-1,-1,2,0,2,0,2,0,0,0,0,2,2,2,2,0,0,2,2
163,4564.546,-3974.229,-21.665,-84.869,0.089732,0.995276,0.037079,-0.995933,0.089364,0.011475,0.008108,-0.037958,0.999246,0,0.82897,-0.03640,49.738,-0.073,-1,400.000,-1,375.000,-1,325.000,325.000,325.000,300.000,-1,-1,-1,-1,775.000,725.000,-1,-1,2,0,2,0,2,0,0,0,0,2,2,2,2,0,0,2,2
164,4569.010,-4024.668,-21.125,-84.942,0.088481,0.995364,0.037694,-0.996042,0.088095,0.011796,0.008421,-0.038589,0.999220,0,0.84393,-0.03646,50.636,-0.073,-1,400.000,-1,375.000,-1,325.000,325.000,325.000,300.000,-1,-1,-1,-1,775.000,725.000,-1,-1,2,0,2,0,2,0,0,0,0,2,2,2,2,0,0,2,2
165,4573.404,-4075.042,-20.589,-85.016,0.087219,0.995452,0.038309,-0.996151,0.086814,0.012123,0.008742,-0.039219,0.999192,0,0.84275,-0.03680,50.565,-0.074,-1,400.000,-1,375.000,-1,325.000,325.000,325.000,300.000,-1,-1,-1,-1,775.000,725.000,-1,-1,2,0,2,0,2,0,0,0,0,2,2,2,2,0,0,2,2
166,4577.726,-4125.349,-20.057,-85.090,0.085951,0.995539,0.038924,-0.996258,0.085526,0.012454,0.009069,-0.039848,0.999165,0,0.84155,-0.03700,50.493,-0.074,-1,400.000,-1,375.000,-1,325.000,325.000,325.000,300.000,-1,-1,-1,-1,750.000,725.000,-1,-1,2,0,2,0,2,0,0,0,0,2,2,2,2,0,0,2,2
167,4581.977,-4175.590,-19.530,-85.164,0.084681,0.995623,0.039538,-0.996364,0.084236,0.012790,0.009403,-0.040477,0.999136,0,0.84033,-0.03706,50.420,-0.074,-1,400.000,-1,375.000,-1,325.000,325.000,325.000,300.000,-1,-1,-1,-1,750.000,725.000,-1,-1,2,0,2,0,2,0,0,0,0,2,2,2,2,0,0,2,2
168,4586.157,-4225.763,-19.005,-85.238,0.083414,0.995706,0.040152,-0.996467,0.082948,0.013131,0.009744,-0.041105,0.999107,0,0.83912,-0.03699,50.347,-0.074,-1,400.000,-1,375.000,-1,325.000,325.000,325.000,300.000,-1,-1,-1,-1,750.000,725.000,-1,-1,2,0,2,0,2,0,0,0,0,2,2,2,2,0,0,2,2
169,4590.267,-4275.870,-18.485,-85.312,0.082154,0.995786,0.040766,-0.996569,0.081667,0.013477,0.010090,-0.041733,0.999078,0,0.83792,-0.03679,50.275,-0.074,-1,400.000,-1,375.000,-1,325.000,325.000,325.000,300.000,-1,-1,-1,-1,750.000,725.000,-1,-1,2,0,2,0,2,0,0,0,0,2,2,2,2,0,0,2,2
170,4594.307,-4325.912,-17.968,-85.384,0.080907,0.995862,0.041380,-0.996667,0.080398,0.013827,0.010443,-0.042360,0.999048,0,0.83675,-0.03646,50.205,-0.073,-1,400.000,-1,375.000,-1,325.000,325.000,325.000,300.000,-1,-1,-1,-1,750.000,725.000,-1,-1,2,0,2,0,2,0,0,0,0,2,2,2,2,0,0,2,2
171,4598.484,-4376.265,-17.460,-85.258,0.083127,0.995654,0.041995,-0.996482,0.082598,0.014179,0.010649,-0.043026,0.999017,0,0.84209,0.06337,50.526,0.127,-1,400.000,-1,375.000,-1,325.000,325.000,325.000,300.000,-1,-1,-1,-1,750.000,725.000,-1,-1,2,0,2,0,2,0,0,0,0,2,2,2,2,0,0,2,2
172,4602.375,-4424.318,-16.973,-85.371,0.081179,0.995789,0.042585,-0.996638,0.080628,0.014524,0.011029,-0.043621,0.998987,0,0.80350,-0.05663,48.210,-0.113,-1,400.000,-1,375.000,-1,325.000,325.000,325.000,300.000,-1,-1,-1,-1,750.000,725.000,-1,-1,2,0,2,0,2,0,0,0,0,2,2,2,2,0,0,2,2
173,4605.964,-4472.318,-16.479,-85.724,0.075064,0.996243,0.043182,-0.997111,0.074485,0.014879,0.011607,-0.044174,0.998956,0,0.80223,-0.17663,48.134,-0.353,-1,400.000,-1,375.000,-1,325.000,325.000,325.000,300.000,-1,-1,-1,-1,750.000,725.000,-1,-1,2,0,2,0,2,0,0,0,0,2,2,2,2,0,0,2,2
174,4609.051,-4520.266,-15.967,-86.317,0.064776,0.996938,0.043792,-0.997823,0.064164,0.015246,0.012390,-0.044684,0.998924,0,0.80079,-0.29663,48.047,-0.593,-1,375.000,-1,375.000,-1,325.000,325.000,325.000,300.000,-1,-1,-1,-1,725.000,725.000,-1,-1,2,0,2,0,2,0,0,0,0,2,2,2,2,0,0,2,2
175,4611.434,-4568.160,-15.428,-87.151,0.050309,0.997745,0.044419,-0.998644,0.049658,0.015627,0.013386,-0.045145,0.998891,0,0.79922,-0.41663,47.953,-0.833,-1,375.000,-1,375.000,-1,325.000,325.000,325.000,300.000,-1,-1,-1,-1,725.000,725.000,-1,-1,2,0,2,0,2,0,0,0,0,2,2,2,2,0,0,2,2
176,4612.918,-4615.989,-14.674,-88.224,0.031658,0.998482,0.045070,-0.999391,0.030960,0.016097,0.014677,-0.045553,0.998854,0,0.79753,-0.53663,47.852,-1.073,-1,375.000,-1,375.000,-1,325.000,325.000,325.000,300.000,-1,-1,-1,-1,725.000,725.000,-1,-1,2,0,2,0,2,0,0,0,0,2,2,2,2,0,0,2,2
177,4613.310,-4664.679,-13.638,-89.537,0.008826,0.998945,0.045076,-0.999824,0.008069,0.016953,0.016571,-0.045218,0.998840,0,0.81152,-0.65663,48.691,-1.313,-1,375.000,-1,375.000,-1,325.000,325.000,325.000,300.000,-1,-1,-1,-1,725.000,725.000,-1,-1,2,0,2,0,2,0,0,0,0,2,2,2,2,0,0,2,2
178,4612.443,-4713.246,-12.551,-91.023,-0.017012,0.998837,0.045114,-0.999682,-0.017831,0.017824,0.018608,-0.044797,0.998823,0,0.80958,-0.74276,48.575,-1.486,-1,375.000,-1,375.000,-1,325.000,325.000,325.000,300.000,-1,-1,-1,-1,725.000,725.000,-1,-1,2,0,2,0,2,0,0,0,0,2,2,2,2,0,0,2,2
179,4610.323,-4761.644,-11.418,-92.507,-0.042820,0.998060,0.045202,-0.998870,-0.043702,0.018699,0.020638,-0.044350,0.998803,0,0.80740,-0.74223,48.444,-1.484,-1,375.000,-1,375.000,-1,325.000,325.000,325.000,300.000,-1,-1,-1,-1,725.000,725.000,-1,-1,2,0,2,0,2,0,0,0,0,2,2,2,2,0,0,2,2
180,4606.960,-4809.836,-10.239,-93.991,-0.068590,0.996614,0.045337,-0.997388,-0.069534,0.019571,0.022658,-0.043877,0.998780,0,0.80514,-0.74193,48.308,-1.484,-1,375.000,-1,375.000,-1,325.000,325.000,325.000,300.000,-1,1000.000,-1,-1,725.000,750.000,-1,-1,2,0,2,0,2,0,0,0,0,2,0,2,2,0,0,2,2
181,4602.364,-4857.787,-9.014,-95.475,-0.094314,0.994501,0.045521,-0.995237,-0.095319,0.020435,0.024661,-0.043376,0.998754,0,0.80285,-0.74188,48.171,-1.484,-1,375.000,-1,375.000,-1,325.000,325.000,325.000,300.000,-1,925.000,-1,-1,725.000,750.000,-1,-1,2,0,2,0,2,0,0,0,0,2,0,2,2,0,0,2,2
182,4596.544,-4905.468,-7.745,-96.959,-0.119981,0.991722,0.045749,-0.992419,-0.121047,0.021283,0.026644,-0.042849,0.998726,0,0.80057,-0.74206,48.034,-1.484,-1,375.000,-1,400.000,-1,325.000,325.000,325.000,300.000,-1,875.000,975.000,-1,725.000,750.000,-1,-1,2,0,2,0,2,0,0,0,0,2,0,0,2,0,0,2,2
183,4589.509,-4952.850,-6.431,-98.444,-0.145584,0.988275,0.046022,-0.988932,-0.146710,0.022109,0.028602,-0.042294,0.998696,0,0.79834,-0.74248,47.901,-1.485,-1,375.000,-1,400.000,-1,325.000,325.000,325.000,300.000,-1,850.000,925.000,-1,725.000,775.000,-1,-1,2,0,2,0,2,0,0,0,0,2,0,0,2,0,0,2,2
184,4580.982,-5000.579,-5.047,-100.129,-0.174528,0.983561,0.046350,-0.984174,-0.175717,0.022923,0.030690,-0.041616,0.998662,0,0.80808,-0.84266,48.485,-1.685,-1,375.000,-1,400.000,-1,325.000,325.000,325.000,300.000,-1,825.000,875.000,-1,725.000,775.000,-1,-1,2,0,2,0,2,0,0,0,0,2,0,0,2,0,0,2,2
185,4571.052,-5048.041,-3.609,-101.816,-0.203344,0.977992,0.046723,-0.978560,-0.204594,0.023702,0.032740,-0.040902,0.998627,0,0.80815,-0.84327,48.489,-1.687,-1,400.000,-1,400.000,-1,325.000,325.000,325.000,300.000,-1,800.000,850.000,-1,725.000,775.000,-1,-1,2,0,2,0,2,0,0,0,0,2,0,0,2,0,0,2,2
186,4558.827,-5099.908,-2.028,-103.262,-0.227926,0.972547,0.046917,-0.973068,-0.229225,0.024401,0.034486,-0.040092,0.998601,0,0.88815,-0.72327,53.289,-1.447,-1,400.000,-1,400.000,-1,325.000,325.000,325.000,300.000,-1,800.000,825.000,-1,750.000,800.000,-1,-1,2,0,2,0,2,0,0,0,0,2,0,0,2,0,0,2,2
187,4545.109,-5153.070,-0.358,-104.469,-0.248318,0.967533,0.047088,-0.968009,-0.249660,0.025069,0.036011,-0.039356,0.998576,0,0.91505,-0.60327,54.903,-1.207,-1,400.000,-1,400.000,-1,325.000,325.000,300.000,300.000,-1,800.000,825.000,-1,750.000,800.000,-1,-1,2,0,2,0,2,0,0,0,0,2,0,0,2,0,0,2,2
188,4530.503,-5205.965,1.534,-105.435,-0.264623,0.963236,0.046370,-0.963649,-0.265960,0.025405,0.036804,-0.037962,0.998601,0,0.91457,-0.48327,54.874,-0.967,-1,400.000,-1,400.000,-1,325.000,325.000,300.000,300.000,-1,825.000,850.000,-1,750.000,800.000,-1,-1,2,0,2,0,2,0,0,0,0,2,0,0,2,0,0,2,2
189,4515.240,-5258.631,3.510,-106.162,-0.276847,0.959841,0.045406,-0.960185,-0.278168,0.025831,0.037424,-0.036447,0.998635,0,0.91388,-0.36327,54.833,-0.727,-1,400.000,-1,400.000,-1,325.000,325.000,300.000,300.000,-1,875.000,875.000,-1,750.000,825.000,-1,-1,2,0,2,0,2,0,0,0,0,2,0,0,2,0,0,2,2
190,4499.545,-5311.114,5.520,-106.648,-0.285019,0.957487,0.044538,-0.957777,-0.286321,0.026127,0.037768,-0.035210,0.998666,0,0.91299,-0.24327,54.779,-0.487,-1,400.000,-1,400.000,-1,325.000,325.000,300.000,300.000,-1,950.000,925.000,-1,750.000,825.000,-1,-1,2,0,2,0,2,0,0,0,0,2,0,0,2,0,0,2,2
191,4483.644,-5363.465,7.604,-106.895,-0.289167,0.956272,0.043894,-0.956534,-0.290446,0.026145,0.037751,-0.034425,0.998694,0,0.91189,-0.12327,54.713,-0.247,-1,400.000,-1,400.000,-1,325.000,325.000,300.000,300.000,-1,-1,1000.000,-1,750.000,825.000,-1,-1,2,0,2,0,2,0,0,0,0,2,2,0,2,0,0,2,2
192,4467.760,-5415.740,9.678,-106.902,-0.289305,0.956259,0.043267,-0.956499,-0.290561,0.026150,0.037578,-0.033819,0.998721,0,0.91058,-0.00327,54.635,-0.007,-1,400.000,-1,400.000,-1,325.000,325.000,300.000,300.000,-1,-1,-1,-1,750.000,825.000,-1,-1,2,0,2,0,2,0,0,0,0,2,2,2,2,0,0,2,2
193,4452.115,-5467.994,11.729,-106.668,-0.285436,0.957449,0.042632,-0.957674,-0.286667,0.026129,0.037239,-0.033369,0.998749,0,0.90909,0.11673,54.545,0.233,-1,375.000,-1,400.000,-1,325.000,325.000,300.000,300.000,-1,-1,-1,-1,750.000,825.000,-1,-1,2,0,2,0,2,0,0,0,0,2,2,2,2,0,0,2,2
194,4436.930,-5520.279,13.751,-106.195,-0.277544,0.959795,0.041994,-0.960010,-0.278748,0.026085,0.036742,-0.033075,0.998777,0,0.90743,0.23673,54.446,0.473,-1,375.000,-1,400.000,-1,325.000,325.000,300.000,300.000,-1,-1,-1,-1,750.000,825.000,-1,-1,2,0,2,0,2,0,0,0,0,2,2,2,2,0,0,2,2
195,4422.426,-5572.646,15.738,-105.481,-0.265601,0.963195,0.041361,-0.963407,-0.266776,0.026017,0.036094,-0.032938,0.998805,0,0.90564,0.35673,54.338,0.713,-1,375.000,-1,400.000,-1,325.000,325.000,300.000,300.000,-1,-1,-1,-1,750.000,850.000,-1,-1,2,0,2,0,2,0,0,0,0,2,2,2,2,0,0,2,2
196,4408.824,-5625.137,17.652,-104.528,-0.249564,0.967505,0.040652,-0.967711,-0.250712,0.026052,0.035398,-0.032838,0.998834,0,0.90374,0.47673,54.225,0.953,-1,375.000,-1,400.000,-1,325.000,325.000,300.000,300.000,-1,-1,-1,-1,750.000,850.000,-1,-1,2,0,2,0,2,0,0,0,0,2,2,2,2,0,0,2,2
197,4396.345,-5677.785,19.493,-103.334,-0.229386,0.972518,0.039883,-0.972719,-0.230507,0.026173,0.034647,-0.032791,0.998862,0,0.90179,0.59673,54.108,1.193,-1,375.000,-1,400.000,-1,325.000,325.000,300.000,300.000,-1,-1,-1,-1,750.000,850.000,-1,-1,2,0,2,0,2,0,0,0,0,2,2,2,2,0,0,2,2
198,4385.211,-5730.615,21.277,-101.901,-0.205011,0.977977,0.039123,-0.978176,-0.206105,0.026299,0.033784,-0.032878,0.998888,0,0.89984,0.71673,53.990,1.433,-1,375.000,-1,400.000,-1,325.000,325.000,300.000,300.000,-1,-1,-1,-1,750.000,850.000,-1,-1,2,0,2,0,2,0,0,0,0,2,2,2,2,0,0,2,2
199,4375.643,-5783.635,23.003,-100.230,-0.176438,0.983563,0.038387,-0.983765,-0.177506,0.026436,0.032815,-0.033100,0.998913,0,0.89795,0.83527,53.877,1.671,-1,400.000,-1,400.000,-1,325.000,325.000,300.000,300.000,-1,-1,-1,-1,750.000,850.000,-1,-1,2,0,2,0,2,0,0,0,0,2,2,2,2,0,0,2,2
200,4367.643,-5836.807,24.670,-98.556,-0.147656,0.988321,0.037674,-0.988525,-0.148700,0.026578,0.031869,-0.033318,0.998937,0,0.89618,0.83692,53.771,1.674,-1,400.000,-1,400.000,-1,325.000,325.000,300.000,325.000,-1,-1,-1,-1,750.000,825.000,-1,-1,2,0,2,0,2,0,0,0,0,2,2,2,2,0,0,2,2
201,4361.214,-5890.105,26.298,-96.879,-0.118686,0.992246,0.036911,-0.992453,-0.119701,0.026618,0.030830,-0.033473,0.998964,0,0.89473,0.83883,53.684,1.678,-1,400.000,-1,400.000,-1,325.000,325.000,300.000,325.000,-1,-1,-1,-1,750.000,825.000,-1,-1,2,0,2,0,2,0,0,0,0,2,2,2,2,0,0,2,2
202,4356.357,-5943.502,27.858,-95.197,-0.089541,0.995325,0.036214,-0.995542,-0.090524,0.026500,0.029655,-0.033679,0.998993,0,0.89363,0.84099,53.618,1.682,-1,400.000,-1,400.000,-1,325.000,325.000,300.000,325.000,-1,-1,-1,-1,750.000,825.000,-1,-1,2,0,2,0,2,0,0,0,0,2,2,2,2,0,0,2,2
203,4353.078,-5996.976,29.339,-93.510,-0.060238,0.997554,0.035470,-0.997780,-0.061187,0.026304,0.028410,-0.033806,0.999025,0,0.89290,0.84338,53.574,1.687,-1,400.000,-1,400.000,-1,325.000,325.000,300.000,325.000,-1,-1,-1,-1,750.000,825.000,-1,-1,2,0,2,0,2,0,0,0,0,2,2,2,2,0,0,2,2
204,4351.196,-6049.220,30.740,-92.063,-0.035063,0.998779,0.034787,-0.999011,-0.035981,0.026127,0.027347,-0.033837,0.999053,0,0.87131,0.72338,52.279,1.447,-1,400.000,-1,400.000,-1,325.000,325.000,300.000,325.000,-1,-1,-1,-1,775.000,825.000,-1,-1,2,0,2,0,2,0,0,0,0,2,2,2,2,0,0,2,2
205,4350.414,-6101.498,32.103,-90.856,-0.014049,0.999318,0.034141,-0.999551,-0.014939,0.025959,0.026451,-0.033761,0.999080,0,0.87140,0.60338,52.284,1.207,-1,400.000,-1,400.000,-1,325.000,325.000,300.000,325.000,-1,-1,-1,-1,775.000,825.000,-1,-1,2,0,2,0,2,0,0,0,0,2,2,2,2,0,0,2,2
206,4350.515,-6153.813,33.438,-89.890,0.002789,0.999434,0.033525,-0.999665,0.001924,0.025794,0.025715,-0.033586,0.999105,0,0.87191,0.48338,52.314,0.967,-1,400.000,-1,400.000,-1,325.000,325.000,300.000,325.000,-1,-1,-1,-1,775.000,825.000,-1,-1,2,0,2,0,2,0,0,0,0,2,2,2,2,0,0,2,2
207,4351.280,-6206.173,34.752,-89.163,0.015442,0.999338,0.032931,-0.999565,0.014601,0.025628,0.025130,-0.033312,0.999129,0,0.87277,0.36338,52.366,0.727,-1,400.000,-1,400.000,-1,325.000,325.000,300.000,325.000,-1,-1,-1,-1,775.000,825.000,-1,-1,2,0,2,0,2,0,0,0,0,2,2,2,2,0,0,2,2
208,4352.491,-6258.596,36.054,-88.676,0.023909,0.999191,0.032350,-0.999409,0.023090,0.025453,0.024685,-0.032940,0.999152,0,0.87395,0.24338,52.437,0.487,-1,400.000,-1,400.000,-1,325.000,325.000,300.000,325.000,-1,-1,-1,-1,775.000,825.000,-1,-1,2,0,2,0,2,0,0,0,0,2,2,2,2,0,0,2,2
209,4353.931,-6311.100,37.351,-88.429,0.028191,0.999097,0.031773,-0.999305,0.027394,0.025264,0.024370,-0.032463,0.999176,0,0.87540,0.12338,52.524,0.247,-1,400.000,-1,400.000,-1,325.000,325.000,300.000,325.000,-1,-1,-1,-1,775.000,825.000,-1,-1,2,0,2,0,2,0,0,0,0,2,2,2,2,0,0,2,2
210,4355.407,-6364.734,38.673,-88.423,0.028288,0.999114,0.031175,-0.999308,0.027512,0.025049,0.024169,-0.031862,0.999200,0,0.89424,0.00338,53.654,0.007,-1,400.000,-1,400.000,-1,325.000,325.000,300.000,325.000,-1,-1,-1,-1,775.000,825.000,-1,-1,2,0,2,0,2,0,0,0,0,2,2,2,2,0,0,2,2
211,4356.666,-6418.370,40.001,-88.656,0.024199,0.999240,0.030557,-0.999417,0.023445,0.024807,0.024072,-0.031139,0.999225,0,0.89417,-0.11662,53.650,-0.233,-1,400.000,-1,400.000,-1,325.000,325.000,300.000,325.000,-1,-1,-1,-1,775.000,825.000,-1,-1,2,0,2,0,2,0,0,0,0,2,2,2,2,0,0,2,2
212,4357.480,-6471.998,41.337,-89.129,0.015923,0.999426,0.029902,-0.999584,0.015191,0.024533,0.024065,-0.030281,0.999252,0,0.89392,-0.23662,53.635,-0.473,-1,400.000,-1,400.000,-1,325.000,325.000,300.000,325.000,-1,-1,-1,-1,800.000,825.000,-1,-1,2,0,2,0,2,0,0,0,0,2,2,2,2,0,0,2,2
213,4357.628,-6525.607,42.688,-89.842,0.003456,0.999568,0.029196,-0.999703,0.002749,0.024224,0.024133,-0.029271,0.999280,0,0.89348,-0.35662,53.609,-0.713,-1,400.000,-1,400.000,-1,325.000,325.000,300.000,325.000,-1,-1,-1,-1,800.000,850.000,-1,-1,2,0,2,0,2,0,0,0,0,2,2,2,2,0,0,2,2
214,4356.928,-6579.173,43.925,-90.748,-0.012377,0.999515,0.028583,-0.999633,-0.013057,0.023726,0.024088,-0.028278,0.999310,0,0.89284,-0.45302,53.570,-0.906,-1,400.000,-1,400.000,-1,325.000,325.000,300.000,325.000,-1,-1,-1,-1,800.000,850.000,-1,-1,2,0,2,0,2,0,0,0,0,2,2,2,2,0,0,2,2
215,4355.383,-6632.672,44.955,-91.653,-0.028193,0.999209,0.028051,-0.999325,-0.028834,0.022743,0.023534,-0.027390,0.999348,0,0.89203,-0.45225,53.522,-0.904,-1,400.000,-1,400.000,-1,325.000,325.000,300.000,325.000,-1,-1,-1,-1,800.000,850.000,-1,-1,2,0,2,0,2,0,0,0,0,2,2,2,2,0,0,2,2
216,4352.998,-6686.087,46.003,-92.556,-0.043982,0.998655,0.027446,-0.998769,-0.044585,0.021757,0.022951,-0.026455,0.999386,0,0.89114,-0.45168,53.468,-0.903,-1,400.000,-1,400.000,-1,325.000,325.000,300.000,325.000,-1,-1,-1,-1,800.000,850.000,-1,-1,2,0,2,0,2,0,0,0,0,2,2,2,2,0,0,2,2
217,4349.776,-6739.401,47.068,-93.459,-0.059750,0.997854,0.026767,-0.997963,-0.060313,0.020771,0.022341,-0.025471,0.999426,0,0.89018,-0.45131,53.411,-0.903,-1,400.000,-1,400.000,-1,325.000,325.000,300.000,325.000,-1,-1,-1,-1,800.000,850.000,-1,-1,2,0,2,0,2,0,0,0,0,2,2,2,2,0,0,2,2
218,4345.718,-6792.598,48.147,-94.361,-0.075498,0.996807,0.026013,-0.996910,-0.076022,0.019791,0.021706,-0.024438,0.999466,0,0.88920,-0.45116,53.352,-0.902,-1,400.000,-1,400.000,-1,325.000,325.000,300.000,325.000,-1,-1,-1,-1,800.000,850.000,-1,-1,2,0,2,0,2,0,0,0,0,2,2,2,2,0,0,2,2
219,4340.829,-6845.666,49.240,-95.264,-0.091229,0.995511,0.025182,-0.995607,-0.091714,0.018822,0.021047,-0.023354,0.999506,0,0.88821,-0.45122,53.292,-0.902,-1,400.000,-1,400.000,-1,325.000,325.000,300.000,325.000,-1,-1,-1,-1,800.000,850.000,-1,-1,2,0,2,0,2,0,0,0,0,2,2,2,2,0,0,2,2
220,4335.111,-6898.592,50.344,-96.167,-0.106948,0.993968,0.024274,-0.994056,-0.107394,0.017868,0.020367,-0.022219,0.999546,0,0.88723,-0.45148,53.234,-0.903,-1,400.000,-1,400.000,-1,325.000,325.000,300.000,325.000,-1,-1,-1,-1,800.000,850.000,-1,-1,2,0,2,0,2,0,0,0,0,2,2,2,2,0,0,2,2
221,4328.565,-6951.365,51.459,-97.071,-0.122657,0.992176,0.023289,-0.992254,-0.123064,0.016935,0.019668,-0.021031,0.999585,0,0.88630,-0.45195,53.178,-0.904,-1,400.000,-1,400.000,-1,325.000,325.000,300.000,325.000,-1,-1,-1,-1,800.000,850.000,-1,-1,2,0,2,0,2,0,0,0,0,2,2,2,2,0,0,2,2
222,4321.193,-7003.978,52.582,-97.976,-0.138358,0.990133,0.022224,-0.990201,-0.138728,0.016026,0.018951,-0.019789,0.999625,0,0.88544,-0.45263,53.127,-0.905,-1,400.000,-1,400.000,-1,325.000,325.000,300.000,325.000,-1,-1,-1,-1,800.000,825.000,-1,-1,2,0,2,0,2,0,0,0,0,2,2,2,2,0,0,2,2
223,4312.996,-7056.422,53.712,-98.883,-0.154055,0.987837,0.021082,-0.987894,-0.154387,0.015149,0.018219,-0.018493,0.999663,0,0.88468,-0.45350,53.081,-0.907,-1,400.000,-1,400.000,-1,325.000,325.000,300.000,325.000,-1,-1,-1,-1,800.000,825.000,-1,-1,2,0,2,0,2,0,0,0,0,2,2,2,2,0,0,2,2
224,4303.975,-7108.691,54.848,-99.792,-0.169750,0.985287,0.019860,-0.985332,-0.170046,0.014306,0.017473,-0.017140,0.999700,0,0.88403,-0.45458,53.042,-0.909,-1,400.000,-1,400.000,-1,325.000,325.000,325.000,325.000,-1,-1,-1,-1,800.000,825.000,-1,-1,2,0,2,0,2,0,0,0,0,2,2,2,2,0,0,2,2
225,4294.129,-7160.779,55.962,-100.704,-0.185441,0.982478,0.018681,-0.982512,-0.185706,0.013569,0.016801,-0.015838,0.999733,0,0.88351,-0.45584,53.010,-0.912,-1,400.000,-1,400.000,-1,325.000,325.000,325.000,325.000,-1,-1,-1,-1,800.000,825.000,-1,-1,2,0,2,0,2,0,0,0,0,2,2,2,2,0,0,2,2
226,4284.610,-7208.092,56.741,-101.375,-0.196961,0.980236,0.018512,-0.980278,-0.197211,0.012782,0.016180,-0.015629,0.999747,0,0.80436,-0.33584,48.261,-0.672,-1,400.000,-1,400.000,-1,325.000,325.000,325.000,325.000,-1,-1,-1,-1,800.000,825.000,-1,-1,2,0,2,0,2,0,0,0,0,2,2,2,2,0,0,2,2
227,4274.737,-7255.324,57.470,-101.807,-0.204357,0.978724,0.018393,-0.978775,-0.204591,0.011898,0.015408,-0.015572,0.999760,0,0.80421,-0.21584,48.252,-0.432,-1,400.000,-1,400.000,-1,325.000,325.000,325.000,325.000,-1,-1,-1,-1,800.000,825.000,-1,-1,2,0,2,0,2,0,0,0,0,2,2,2,2,0,0,2,2
228,4264.646,-7302.806,58.054,-101.999,-0.207651,0.978042,0.017737,-0.978092,-0.207866,0.011265,0.014705,-0.015009,0.999779,0,0.80905,-0.09584,48.543,-0.192,-1,400.000,-1,400.000,-1,325.000,325.000,300.000,325.000,-1,-1,-1,-1,800.000,825.000,-1,-1,2,0,2,0,2,0,0,0,0,2,2,2,2,0,0,2,2
229,4254.599,-7350.272,58.593,-101.950,-0.206850,0.978226,0.016906,-0.978275,-0.207043,0.010569,0.013839,-0.014352,0.999801,0,0.80862,0.02416,48.517,0.048,-1,400.000,-1,400.000,-1,325.000,325.000,300.000,325.000,-1,-1,-1,-1,800.000,825.000,-1,-1,2,0,2,0,2,0,0,0,0,2,2,2,2,0,0,2,2
230,4244.796,-7397.768,59.122,-101.662,-0.201948,0.979264,0.016092,-0.979311,-0.202120,0.009885,0.012933,-0.013763,0.999822,0,0.80829,0.14416,48.498,0.288,-1,400.000,-1,400.000,-1,325.000,325.000,300.000,325.000,-1,-1,-1,-1,800.000,825.000,-1,-1,2,0,2,0,2,0,0,0,0,2,2,2,2,0,0,2,2
231,4235.300,-7446.019,59.648,-101.134,-0.192931,0.981093,0.015302,-0.981139,-0.193083,0.009192,0.011973,-0.013240,0.999841,0,0.81961,0.26416,49.177,0.528,-1,400.000,-1,400.000,-1,325.000,325.000,300.000,325.000,-1,-1,-1,-1,775.000,800.000,-1,-1,2,0,2,0,2,0,0,0,0,2,2,2,2,0,0,2,2
232,4226.440,-7494.456,60.159,-100.365,-0.179777,0.983600,0.014565,-0.983646,-0.179911,0.008489,0.010970,-0.012801,0.999858,0,0.82067,0.38416,49.240,0.768,-1,400.000,-1,400.000,-1,325.000,325.000,325.000,325.000,-1,-1,-1,-1,775.000,800.000,-1,-1,2,0,2,0,2,0,0,0,0,2,2,2,2,0,0,2,2
233,4218.424,-7543.104,60.653,-99.357,-0.162458,0.986618,0.013899,-0.986666,-0.162575,0.007767,0.009923,-0.012452,0.999873,0,0.82174,0.50416,49.304,1.008,-1,400.000,-1,400.000,-1,325.000,325.000,325.000,325.000,-1,-1,-1,-1,775.000,800.000,-1,-1,2,0,2,0,2,0,0,0,0,2,2,2,2,0,0,2,2
234,4211.460,-7591.981,61.127,-98.109,-0.140941,0.989928,0.013324,-0.989979,-0.141043,0.007020,0.008828,-0.012201,0.999887,0,0.82285,0.62416,49.371,1.248,-1,400.000,-1,400.000,-1,325.000,325.000,325.000,325.000,-1,-1,-1,-1,775.000,800.000,-1,-1,2,0,2,0,2,0,0,0,0,2,2,2,2,0,0,2,2
235,4205.760,-7641.093,61.580,-96.621,-0.115197,0.993259,0.012858,-0.993313,-0.115284,0.006242,0.007683,-0.012053,0.999898,0,0.82403,0.74416,49.442,1.488,-1,400.000,-1,400.000,-1,325.000,325.000,325.000,325.000,-1,-1,-1,-1,775.000,775.000,-1,-1,2,0,2,0,2,0,0,0,0,2,2,2,2,0,0,2,2
236,4201.537,-7690.431,62.009,-94.892,-0.085202,0.996285,0.012521,-0.996343,-0.085275,0.005434,0.006481,-0.012012,0.999907,0,0.82530,0.86416,49.518,1.728,-1,400.000,-1,400.000,-1,325.000,325.000,325.000,325.000,-1,-1,-1,-1,800.000,775.000,-1,-1,2,0,2,0,2,0,0,0,0,2,2,2,2,0,0,2,2
237,4199.000,-7739.968,62.411,-92.932,-0.051079,0.998618,0.012332,-0.998681,-0.051139,0.004597,0.005222,-0.012081,0.999913,0,0.82670,0.98034,49.602,1.961,-1,400.000,-1,400.000,-1,325.000,325.000,325.000,325.000,-1,-1,-1,-1,800.000,775.000,-1,-1,2,0,2,0,2,0,0,0,0,2,2,2,2,0,0,2,2
238,4198.161,-7789.655,62.791,-90.967,-0.016836,0.999783,0.012286,-0.999850,-0.016884,0.003748,0.003955,-0.012221,0.999917,0,0.82824,0.98202,49.694,1.964,-1,400.000,-1,400.000,-1,325.000,325.000,325.000,325.000,-1,-1,-1,-1,800.000,775.000,-1,-1,2,0,2,0,2,0,0,0,0,2,2,2,2,0,0,2,2
239,4199.030,-7839.437,63.147,-89.000,0.017484,0.999770,0.012384,-0.999844,0.017450,0.002895,0.002678,-0.012432,0.999919,0,0.82984,0.98369,49.790,1.967,-1,400.000,-1,400.000,-1,325.000,325.000,325.000,325.000,-1,-1,-1,-1,800.000,775.000,-1,-1,2,0,2,0,2,0,0,0,0,2,2,2,2,0,0,2,2
240,4201.616,-7889.260,63.348,-87.029,0.051845,0.998578,0.012424,-0.998654,0.051820,0.002333,0.001686,-0.012528,0.999920,0,0.83149,0.98536,49.889,1.971,-1,400.000,-1,400.000,-1,325.000,325.000,325.000,325.000,-1,-1,-1,-1,800.000,775.000,-1,-1,2,0,2,0,2,0,0,0,0,2,2,2,2,0,0,2,2
241,4205.925,-7939.066,63.347,-85.055,0.086205,0.996194,0.012859,-0.996277,0.086186,0.002010,0.000894,-0.012985,0.999915,0,0.83320,0.98701,49.992,1.974,-1,400.000,-1,400.000,-1,325.000,325.000,325.000,325.000,-1,-1,-1,-1,800.000,750.000,-1,-1,2,0,2,0,2,0,0,0,0,2,2,2,2,0,0,2,2
242,4211.477,-7986.481,63.324,-83.321,0.116303,0.993124,0.013371,-0.993214,0.116290,0.001724,0.000158,-0.013481,0.999909,0,0.79565,0.86701,47.739,1.734,-1,400.000,-1,400.000,-1,325.000,325.000,325.000,325.000,-1,-1,-1,-1,800.000,750.000,-1,-1,2,0,2,0,2,0,0,0,0,2,2,2,2,0,0,2,2
243,4218.278,-8033.832,63.280,-81.827,0.142149,0.989747,0.013965,-0.989845,0.142143,0.001470,-0.000530,-0.014032,0.999901,0,0.79729,0.74701,47.837,1.494,-1,400.000,-1,400.000,-1,325.000,325.000,325.000,325.000,-1,-1,-1,-1,800.000,750.000,-1,-1,2,0,2,0,2,0,0,0,0,2,2,2,2,0,0,2,2
244,4226.128,-8081.113,63.215,-80.573,0.163768,0.986390,0.014626,-0.986498,0.163768,0.001245,-0.001167,-0.014633,0.999892,0,0.79880,0.62701,47.928,1.254,-1,400.000,-1,400.000,-1,325.000,325.000,325.000,325.000,-1,-1,-1,-1,800.000,750.000,-1,-1,2,0,2,0,2,0,0,0,0,2,2,2,2,0,0,2,2
245,4234.828,-8128.328,63.131,-79.559,0.181191,0.983328,0.015339,-0.983446,0.181196,0.001047,-0.001750,-0.015275,0.999882,0,0.80016,0.50701,48.009,1.014,-1,400.000,-1,375.000,-1,325.000,325.000,325.000,325.000,-1,-1,-1,-1,800.000,750.000,-1,-1,2,0,2,0,2,0,0,0,0,2,2,2,2,0,0,2,2
246,4244.179,-8175.489,63.030,-78.785,0.194450,0.980780,0.016088,-0.980910,0.194461,0.000870,-0.002275,-0.015950,0.999870,0,0.80132,0.38701,48.079,0.774,-1,400.000,-1,375.000,-1,325.000,325.000,325.000,325.000,-1,-1,-1,-1,800.000,750.000,-1,-1,2,0,2,0,2,0,0,0,0,2,2,2,2,0,0,2,2
247,4253.980,-8222.615,62.915,-78.251,0.203574,0.978914,0.016861,-0.979056,0.203592,0.000707,-0.002741,-0.016652,0.999858,0,0.80224,0.26701,48.134,0.534,-1,400.000,-1,375.000,-1,325.000,325.000,325.000,325.000,-1,-1,-1,-1,800.000,750.000,-1,-1,2,0,2,0,2,0,0,0,0,2,2,2,2,0,0,2,2
248,4264.031,-8269.728,62.789,-77.957,0.208587,0.977845,0.017644,-0.977999,0.208610,0.000550,-0.003143,-0.017371,0.999844,0,0.80288,0.14701,48.173,0.294,-1,400.000,-1,375.000,-1,325.000,325.000,325.000,325.000,-1,-1,-1,-1,800.000,750.000,-1,-1,2,0,2,0,2,0,0,0,0,2,2,2,2,0,0,2,2
249,4274.131,-8316.850,62.655,-77.903,0.209500,0.977635,0.018426,-0.977802,0.209529,0.000390,-0.003480,-0.018099,0.999830,0,0.80320,0.02701,48.192,0.054,-1,400.000,-1,375.000,-1,325.000,325.000,325.000,325.000,-1,-1,-1,-1,775.000,750.000,-1,-1,2,0,2,0,2,0,0,0,0,2,2,2,2,0,0,2,2
250,4284.076,-8364.001,62.517,-78.089,0.206317,0.978297,0.019194,-0.978478,0.206351,0.000218,-0.003747,-0.018826,0.999816,0,0.80314,-0.09299,48.189,-0.186,-1,400.000,-1,375.000,-1,325.000,325.000,325.000,325.000,-1,-1,-1,-1,775.000,750.000,-1,-1,2,0,2,0,2,0,0,0,0,2,2,2,2,0,0,2,2
251,4293.665,-8411.196,62.380,-78.515,0.199030,0.979791,0.019936,-0.979985,0.199069,0.000028,-0.003941,-0.019543,0.999801,0,0.80266,-0.21299,48.160,-0.426,-1,400.000,-1,375.000,-1,325.000,325.000,325.000,325.000,-1,-1,-1,-1,775.000,750.000,-1,-1,2,0,2,0,2,0,0,0,0,2,2,2,2,0,0,2,2
252,4302.694,-8458.443,62.247,-79.181,0.187621,0.982025,0.020641,-0.982233,0.187665,-0.000189,-0.004059,-0.020239,0.999787,0,0.80170,-0.33299,48.102,-0.666,-1,400.000,-1,375.000,-1,325.000,325.000,325.000,325.000,-1,-1,-1,-1,775.000,750.000,-1,1000.000,2,0,2,0,2,0,0,0,0,2,2,2,2,0,1,2,1
253,4310.960,-8505.739,62.113,-80.087,0.172066,0.984856,0.021243,-0.985077,0.172112,-0.000346,-0.003997,-0.020866,0.999774,0,0.80021,-0.45299,48.013,-0.906,-1,400.000,-1,375.000,-1,325.000,325.000,325.000,325.000,-1,-1,-1,-1,775.000,725.000,-1,975.000,2,0,2,0,2,0,0,0,0,2,2,2,2,0,1,2,1
254,4318.259,-8553.070,62.015,-81.233,0.152332,0.988088,0.021848,-0.988322,0.152378,-0.000426,-0.003750,-0.021528,0.999761,0,0.79817,-0.57299,47.890,-1.146,-1,400.000,-1,375.000,-1,325.000,325.000,325.000,325.000,-1,-1,-1,-1,775.000,700.000,-1,950.000,2,0,2,0,2,0,0,0,0,2,2,2,2,1,1,2,1
255,4324.477,-8600.395,61.921,-82.515,0.130189,0.991236,0.022408,-0.991484,0.130228,-0.000284,-0.003200,-0.022180,0.999749,0,0.79553,-0.64110,47.732,-1.282,-1,400.000,-1,375.000,-1,325.000,325.000,325.000,325.000,-1,-1,-1,-1,750.000,675.000,-1,925.000,2,0,2,0,2,0,0,0,0,2,2,2,2,1,1,2,1
256,4329.621,-8647.660,61.863,-83.789,0.108124,0.993875,0.022832,-0.994134,0.108154,-0.000089,-0.002558,-0.022689,0.999739,0,0.79240,-0.63703,47.544,-1.274,-1,400.000,-1,375.000,-1,325.000,325.000,325.000,325.000,-1,-1,-1,-1,725.000,650.000,-1,900.000,2,0,2,0,2,0,0,0,0,2,2,2,2,1,1,2,1
257,4333.696,-8694.822,61.823,-85.061,0.086049,0.996021,0.023206,-0.996289,0.086070,0.000096,-0.001901,-0.023128,0.999731,0,0.78897,-0.63582,47.338,-1.272,-1,400.000,-1,375.000,-1,325.000,325.000,325.000,325.000,-1,-1,-1,-1,700.000,625.000,-1,875.000,2,0,2,0,2,0,0,0,0,2,2,2,2,1,1,2,1
258,4336.711,-8741.842,61.803,-86.331,0.063967,0.997675,0.023531,-0.997951,0.063978,0.000275,-0.001231,-0.023501,0.999723,0,0.78528,-0.63485,47.117,-1.270,-1,400.000,-1,375.000,-1,325.000,325.000,325.000,325.000,-1,-1,-1,-1,675.000,600.000,-1,850.000,2,0,2,0,2,0,0,0,0,2,2,2,2,1,1,2,1
259,4338.676,-8788.684,61.802,-87.599,0.041880,0.998839,0.023810,-0.999123,0.041881,0.000450,-0.000547,-0.023808,0.999716,0,0.78137,-0.63412,46.882,-1.268,-1,400.000,950.000,375.000,-1,325.000,325.000,325.000,325.000,-1,-1,-1,-1,650.000,575.000,-1,825.000,2,0,1,0,2,0,0,0,0,2,2,2,2,1,1,2,1
260,4339.598,-8835.314,61.820,-88.866,0.019789,0.999515,0.024043,-0.999804,0.019779,0.000625,0.000149,-0.024051,0.999711,0,0.77732,-0.63365,46.639,-1.267,-1,400.000,875.000,375.000,-1,325.000,325.000,325.000,325.000,-1,-1,-1,-1,600.000,550.000,-1,800.000,2,0,1,0,2,0,0,0,0,2,2,2,2,1,1,2,1
261,4339.491,-8881.705,61.859,-90.133,-0.002303,0.999704,0.024234,-0.999997,-0.002323,0.000801,0.000857,-0.024232,0.999706,0,0.77319,-0.63342,46.391,-1.267,-1,375.000,800.000,375.000,-1,325.000,325.000,325.000,325.000,-1,-1,-1,-1,575.000,525.000,-1,800.000,2,1,1,1,2,0,0,0,0,2,2,2,2,1,1,2,1
262,4338.363,-8927.834,61.919,-91.400,-0.024394,0.999405,0.024384,-0.999701,-0.024426,0.000982,0.001577,-0.024353,0.999702,0,0.76904,-0.63344,46.142,-1.267,-1,350.000,725.000,350.000,-1,300.000,300.000,325.000,325.000,-1,-1,-1,-1,550.000,500.000,-1,800.000,2,1,1,1,2,1,1,0,0,2,2,2,2,1,1,2,1
263,4336.227,-8973.680,62.000,-92.667,-0.046483,0.998619,0.024496,-0.998916,-0.046525,0.001170,0.002308,-0.024416,0.999699,0,0.76493,-0.63371,45.896,-1.267,-1,350.000,675.000,350.000,-1,300.000,300.000,325.000,325.000,-1,-1,-1,-1,500.000,500.000,-1,800.000,2,1,1,1,2,1,1,0,0,2,2,2,2,1,1,2,1
264,4333.579,-9014.691,62.087,-93.695,-0.064371,0.997624,0.024569,-0.997922,-0.064424,0.001353,0.002933,-0.024431,0.999697,0,0.68493,-0.51371,41.096,-1.027,-1,325.000,625.000,325.000,-1,275.000,275.000,300.000,325.000,-1,-1,-1,-1,475.000,475.000,875.000,900.000,2,1,1,1,2,1,1,0,0,2,2,2,2,1,1,1,1
265,4330.742,-9050.876,62.174,-94.482,-0.078066,0.996644,0.024613,-0.996942,-0.078127,0.001530,0.003448,-0.024419,0.999696,0,0.60493,-0.39371,36.296,-0.787,-1,300.000,575.000,300.000,-1,250.000,250.000,300.000,325.000,-1,-1,-1,-1,450.000,450.000,700.000,975.000,2,1,1,1,2,1,1,0,0,2,2,2,2,1,1,1,1
266,4327.981,-9082.251,62.256,-95.030,-0.087578,0.995853,0.024639,-0.996150,-0.087646,0.001697,0.003850,-0.024396,0.999695,0,0.52493,-0.27371,31.496,-0.547,-1,300.000,550.000,300.000,-1,250.000,250.000,300.000,325.000,-1,-1,-1,-1,425.000,450.000,625.000,975.000,2,1,1,1,2,1,1,0,0,2,2,2,2,1,1,1,1
267,4325.433,-9108.825,62.330,-95.476,-0.095333,0.995140,0.024655,-0.995437,-0.095407,0.001843,0.004186,-0.024367,0.999694,0,0.44493,-0.22336,26.696,-0.447,-1,275.000,525.000,300.000,-1,225.000,250.000,300.000,325.000,-1,-1,-1,-1,400.000,425.000,550.000,950.000,2,1,1,1,2,1,1,0,0,2,2,2,2,1,1,1,1
268,4323.174,-9130.604,62.396,-95.922,-0.103057,0.994370,0.024667,-0.994665,-0.103136,0.001960,0.004493,-0.024333,0.999694,0,0.36493,-0.22258,21.896,-0.445,-1,275.000,525.000,275.000,-1,225.000,225.000,300.000,325.000,-1,-1,-1,-1,375.000,425.000,500.000,950.000,2,1,1,1,2,1,1,0,0,2,2,2,2,1,1,1,1
269,4321.279,-9147.595,62.455,-96.365,-0.110748,0.993543,0.024658,-0.993837,-0.110831,0.002035,0.004754,-0.024280,0.999694,0,0.28493,-0.22178,17.096,-0.444,-1,250.000,500.000,275.000,-1,225.000,225.000,300.000,325.000,-1,-1,-1,-1,375.000,425.000,475.000,950.000,2,1,1,1,2,1,1,0,0,2,2,2,2,1,1,1,1
270,4319.821,-9159.804,62.655,-96.807,-0.118398,0.992674,0.024075,-0.992951,-0.118494,0.002590,0.005424,-0.023599,0.999707,0,0.20493,-0.22098,12.296,-0.442,1000.000,250.000,500.000,275.000,-1,225.000,225.000,325.000,325.000,-1,-1,-1,-1,350.000,400.000,450.000,950.000,1,1,1,1,2,1,1,0,0,2,2,2,2,1,1,1,1
271,4318.875,-9167.240,63.075,-97.247,-0.126003,0.991771,0.022651,-0.992006,-0.126125,0.004035,0.006858,-0.021961,0.999735,0,0.12493,-0.22020,7.496,-0.440,975.000,250.000,500.000,275.000,-1,200.000,225.000,325.000,325.000,-1,-1,-1,-1,350.000,425.000,450.000,975.000,1,1,1,1,2,1,1,0,0,2,2,2,2,1,1,1,1
272,4318.514,-9169.912,63.280,-97.686,-0.133587,0.990793,0.021978,-0.991008,-0.133721,0.004742,0.007637,-0.021147,0.999747,0,0.04493,-0.21945,2.696,-0.439,975.000,250.000,500.000,275.000,-1,200.000,225.000,325.000,325.000,-1,-1,-1,-1,350.000,425.000,425.000,1000.000,1,1,1,1,2,1,1,0,0,2,2,2,2,1,1,1,1
273,4318.811,-9167.829,63.265,-98.124,-0.141147,0.989743,0.022062,-0.989958,-0.141282,0.004674,0.007743,-0.021181,0.999746,0,-0.03507,-0.21875,-2.104,-0.437,975.000,250.000,525.000,275.000,-1,200.000,225.000,325.000,325.000,-1,-1,-1,-1,350.000,425.000,425.000,-1,1,1,1,1,2,1,1,0,0,2,2,2,2,1,1,1,2
274,4319.839,-9161.002,63.024,-98.560,-0.148686,0.988619,0.022900,-0.988858,-0.148810,0.003799,0.007164,-0.022080,0.999731,0,-0.11507,-0.21811,-6.904,-0.436,950.000,250.000,525.000,275.000,-1,225.000,225.000,325.000,325.000,-1,-1,-1,-1,350.000,425.000,425.000,-1,1,1,1,1,2,1,1,0,0,2,2,2,2,1,1,1,2
275,4321.670,-9149.442,62.556,-98.995,-0.156210,0.987421,0.024479,-0.987706,-0.156307,0.002097,0.005897,-0.023850,0.999698,0,-0.19507,-0.21755,-11.704,-0.435,925.000,250.000,550.000,275.000,-1,225.000,225.000,300.000,325.000,-1,-1,-1,-1,350.000,450.000,400.000,-1,1,1,1,1,2,1,1,0,0,2,2,2,2,1,1,1,2
276,4324.374,-9133.161,62.411,-99.429,-0.163691,0.986199,0.024846,-0.986495,-0.163783,0.001706,0.005752,-0.024231,0.999690,0,-0.27507,-0.21707,-16.504,-0.434,925.000,250.000,575.000,300.000,-1,225.000,225.000,300.000,325.000,-1,-1,-1,-1,350.000,450.000,425.000,-1,1,1,1,1,2,1,1,0,0,2,2,2,2,1,1,1,2
277,4328.023,-9112.172,62.320,-99.863,-0.171147,0.984929,0.024955,-0.985229,-0.171238,0.001525,0.005775,-0.024326,0.999687,0,-0.35507,-0.21670,-21.304,-0.433,950.000,275.000,600.000,300.000,-1,225.000,250.000,300.000,325.000,-1,-1,-1,-1,375.000,475.000,450.000,-1,1,1,1,1,2,1,1,0,0,2,2,2,2,1,1,1,2
278,4332.688,-9086.488,62.214,-100.296,-0.178585,0.983605,0.025059,-0.983908,-0.178673,0.001284,0.005740,-0.024426,0.999685,0,-0.43507,-0.21642,-26.104,-0.433,975.000,275.000,625.000,325.000,-1,250.000,250.000,300.000,325.000,-1,-1,-1,-1,375.000,500.000,475.000,-1,1,1,1,1,2,1,1,0,0,2,2,2,2,1,1,1,2
279,4337.894,-9059.010,62.096,-100.728,-0.186008,0.982226,0.025178,-0.982532,-0.186092,0.001021,0.005688,-0.024548,0.999682,0,-0.46611,-0.21625,-27.967,-0.432,1000.000,300.000,675.000,325.000,-1,250.000,275.000,300.000,325.000,-1,-1,-1,-1,400.000,500.000,500.000,-1,1,1,1,1,2,1,1,0,0,2,2,2,2,1,1,1,2
280,4342.679,-9034.210,61.988,-100.921,-0.189310,0.981592,0.025286,-0.981902,-0.189390,0.000795,0.005570,-0.024677,0.999680,0,-0.42096,-0.09625,-25.257,-0.192,-1,300.000,700.000,350.000,-1,250.000,275.000,300.000,325.000,-1,-1,-1,-1,425.000,525.000,525.000,-1,2,1,1,1,2,1,1,0,0,2,2,2,2,1,1,1,2
281,4347.565,-9009.319,61.879,-101.105,-0.192466,0.980975,0.025399,-0.981289,-0.192542,0.000566,0.005446,-0.024815,0.999677,0,-0.42276,-0.09204,-25.366,-0.184,-1,300.000,725.000,350.000,-1,275.000,275.000,300.000,325.000,-1,-1,-1,-1,425.000,550.000,550.000,-1,2,1,1,1,2,1,1,0,0,2,2,2,2,1,1,1,2
282,4352.552,-8984.338,61.769,-101.289,-0.195626,0.980346,0.025518,-0.980664,-0.195698,0.000332,0.005320,-0.024960,0.999674,0,-0.42457,-0.09222,-25.474,-0.184,-1,325.000,750.000,350.000,-1,275.000,300.000,300.000,325.000,-1,-1,-1,-1,450.000,550.000,575.000,-1,2,1,1,1,2,1,1,0,0,2,2,2,2,1,1,1,2
283,4357.641,-8959.266,61.658,-101.474,-0.198791,0.979706,0.025644,-0.980028,-0.198859,0.000093,0.005191,-0.025114,0.999671,0,-0.42639,-0.09241,-25.583,-0.185,-1,325.000,775.000,375.000,-1,300.000,300.000,300.000,325.000,-1,-1,-1,-1,475.000,575.000,600.000,-1,2,1,1,1,2,1,1,0,0,2,2,2,2,1,1,1,2
284,4362.833,-8934.103,61.547,-101.659,-0.201960,0.979055,0.025777,-0.979381,-0.202023,-0.000150,0.005060,-0.025275,0.999668,0,-0.42821,-0.09259,-25.693,-0.185,-1,350.000,800.000,375.000,-1,300.000,325.000,300.000,325.000,-1,-1,-1,-1,475.000,575.000,625.000,-1,2,1,1,1,2,1,1,0,0,2,2,2,2,1,1,1,2
285,4369.010,-8904.243,61.413,-101.687,-0.202439,0.978951,0.025936,-0.979283,-0.202496,-0.000422,0.004839,-0.025484,0.999664,0,-0.50821,-0.01386,-30.493,-0.028,-1,350.000,850.000,400.000,-1,325.000,325.000,300.000,325.000,-1,-1,-1,-1,500.000,600.000,650.000,-1,2,1,1,1,2,1,0,0,0,2,2,2,2,1,1,1,2
286,4375.301,-8873.901,61.280,-101.713,-0.202894,0.978853,0.026103,-0.979190,-0.202945,-0.000700,0.004612,-0.025702,0.999659,0,-0.51645,-0.01317,-30.987,-0.026,-1,375.000,875.000,400.000,-1,325.000,325.000,300.000,325.000,-1,-1,-1,-1,525.000,625.000,700.000,-1,2,1,1,0,2,0,0,0,0,2,2,2,2,1,1,1,2
287,4381.585,-8843.657,61.148,-101.738,-0.203327,0.978758,0.026276,-0.979101,-0.203372,-0.000980,0.004385,-0.025926,0.999654,0,-0.51485,-0.01254,-30.891,-0.025,-1,375.000,900.000,400.000,-1,325.000,325.000,300.000,325.000,-1,-1,-1,-1,525.000,625.000,725.000,-1,2,1,1,0,2,0,0,0,0,2,2,2,2,1,1,1,2
288,4387.862,-8813.512,61.018,-101.762,-0.203741,0.978667,0.026453,-0.979016,-0.203780,-0.001261,0.004157,-0.026154,0.999649,0,-0.51318,-0.01197,-30.791,-0.024,-1,375.000,925.000,400.000,-1,325.000,325.000,300.000,325.000,-1,-1,-1,-1,550.000,650.000,775.000,-1,2,0,1,0,2,0,0,1,0,2,2,2,2,1,1,1,2
289,4394.130,-8783.471,60.891,-101.785,-0.204138,0.978580,0.026634,-0.978934,-0.204170,-0.001543,0.003928,-0.026388,0.999644,0,-0.51146,-0.01147,-30.688,-0.023,-1,375.000,950.000,400.000,-1,325.000,325.000,-1,325.000,-1,-1,-1,-1,575.000,675.000,800.000,-1,2,0,1,0,2,0,0,2,0,2,2,2,2,1,1,1,2
290,4400.388,-8753.536,60.765,-101.807,-0.204521,0.978495,0.026820,-0.978855,-0.204546,-0.001826,0.003699,-0.026627,0.999639,0,-0.50970,-0.01104,-30.582,-0.022,-1,375.000,1000.000,400.000,-1,325.000,325.000,-1,325.000,-1,-1,-1,-1,575.000,675.000,850.000,-1,2,0,1,0,2,0,0,2,0,2,2,2,2,1,1,1,2
291,4406.634,-8723.710,60.642,-101.829,-0.204891,0.978412,0.027011,-0.978779,-0.204910,-0.002110,0.003470,-0.026870,0.999633,0,-0.50789,-0.01068,-30.474,-0.021,-1,375.000,-1,400.000,-1,325.000,325.000,-1,325.000,-1,-1,-1,-1,600.000,700.000,875.000,-1,2,0,2,0,2,0,0,2,0,2,2,2,2,1,1,1,2
292,4412.869,-8693.993,60.521,-101.849,-0.205252,0.978331,0.027206,-0.978704,-0.205263,-0.002396,0.003240,-0.027118,0.999627,0,-0.50606,-0.01039,-30.364,-0.021,-1,375.000,-1,400.000,-1,325.000,325.000,-1,325.000,-1,-1,-1,-1,625.000,700.000,925.000,-1,2,0,2,0,2,0,0,2,0,2,2,2,2,1,1,1,2
293,4419.092,-8664.388,60.401,-101.870,-0.205605,0.978251,0.027406,-0.978630,-0.205609,-0.002682,0.003011,-0.027371,0.999621,0,-0.50420,-0.01017,-30.252,-0.020,-1,375.000,-1,400.000,-1,325.000,325.000,-1,325.000,-1,-1,-1,-1,625.000,725.000,950.000,-1,2,0,2,0,2,0,0,2,0,2,2,2,2,1,1,1,2
294,4425.301,-8634.895,60.284,-101.890,-0.205953,0.978172,0.027609,-0.978558,-0.205950,-0.002970,0.002781,-0.027629,0.999614,0,-0.50233,-0.01002,-30.140,-0.020,-1,375.000,-1,400.000,-1,325.000,325.000,-1,325.000,-1,-1,-1,-1,650.000,725.000,1000.000,-1,2,0,2,0,2,0,0,2,0,2,2,2,2,1,1,1,2
295,4431.498,-8605.515,60.169,-101.910,-0.206298,0.978094,0.027817,-0.978486,-0.206288,-0.003259,0.002551,-0.027891,0.999608,0,-0.50044,-0.00994,-30.027,-0.020,-1,375.000,-1,400.000,-1,325.000,325.000,-1,325.000,-1,-1,-1,-1,675.000,750.000,-1,-1,2,0,2,0,2,0,0,2,0,2,2,2,2,1,1,2,2
296,4437.682,-8576.247,60.062,-101.929,-0.206641,0.978014,0.028061,-0.978414,-0.206625,-0.003511,0.002365,-0.028181,0.999600,0,-0.49856,-0.00992,-29.914,-0.020,-1,375.000,-1,400.000,-1,325.000,325.000,-1,325.000,-1,-1,-1,-1,675.000,750.000,-1,-1,2,0,2,0,2,0,0,2,0,2,2,2,2,1,0,2,2
297,4443.852,-8547.091,59.913,-101.949,-0.206980,0.977939,0.028196,-0.978342,-0.206964,-0.003509,0.002404,-0.028312,0.999596,0,-0.49669,-0.00997,-29.802,-0.020,-1,375.000,-1,400.000,-1,325.000,325.000,-1,325.000,-1,-1,-1,-1,700.000,750.000,-1,-1,2,0,2,0,2,0,0,2,0,2,2,2,2,1,0,2,2
298,4450.009,-8518.046,59.753,-101.970,-0.207322,0.977863,0.028297,-0.978270,-0.207308,-0.003461,0.002482,-0.028400,0.999594,0,-0.49484,-0.01009,-29.690,-0.020,-1,375.000,-1,400.000,-1,325.000,325.000,-1,325.000,-1,-1,-1,-1,725.000,775.000,-1,-1,2,0,2,0,2,0,0,2,0,2,2,2,2,1,0,2,2
299,4456.155,-8489.111,59.594,-101.990,-0.207670,0.977786,0.028401,-0.978195,-0.207658,-0.003411,0.002562,-0.028490,0.999591,0,-0.49301,-0.01027,-29.581,-0.021,-1,375.000,-1,400.000,-1,325.000,325.000,-1,325.000,-1,-1,-1,-1,725.000,775.000,-1,-1,2,0,2,0,2,0,0,2,0,2,2,2,2,1,0,2,2
