timestep,x_cm,y_cm,z_cm,yaw_deg,teleport_flag,throttle_cmd,steering_cmd,cmd_move_cm,cmd_turn_deg,lidar_cm_0,lidar_cm_1,lidar_cm_2,lidar_cm_3,lidar_cm_4,lidar_cm_5,lidar_cm_6,lidar_cm_7,lidar_cm_8,lidar_cm_9,lidar_cm_10,lidar_cm_11,lidar_cm_12,lidar_cm_13,lidar_cm_14,lidar_cm_15,lidar_cm_16,lidar_class_0,lidar_class_1,lidar_class_2,lidar_class_3,lidar_class_4,lidar_class_5,lidar_class_6,lidar_class_7,lidar_class_8,lidar_class_9,lidar_class_10,lidar_class_11,lidar_class_12,lidar_class_13,lidar_class_14,lidar_class_15,lidar_class_16
0,-12129.269,-14026.282,484.268,-34.951,1,0.08000,-0.07541,9.600,-0.679,-1,425.000,-1,525.000,1000.000,350.000,375.000,300.000,850.000,-1,-1,-1,-1,975.000,800.000,-1,-1,2,0,2,0,1,0,0,0,1,2,2,2,2,0,1,2,2
2,-12090.465,-14054.534,483.739,-36.342,0,0.24000,-0.07907,28.800,-0.712,-1,425.000,-1,525.000,975.000,350.000,400.000,300.000,825.000,-1,-1,-1,-1,-1,775.000,-1,-1,2,0,2,0,1,0,0,0,1,2,2,2,2,2,1,2,2
4,-12022.010,-14107.246,483.025,-37.983,0,0.40000,-0.09630,48.000,-0.867,-1,450.000,-1,525.000,900.000,375.000,400.000,300.000,800.000,-1,-1,-1,-1,-1,725.000,-1,-1,2,0,2,1,1,0,0,0,1,2,2,2,2,2,1,2,2
6,-11925.840,-14186.774,472.632,-40.118,0,0.56000,-0.12721,67.200,-1.145,-1,375.000,-1,325.000,375.000,275.000,275.000,475.000,425.000,-1,-1,-1,-1,775.000,450.000,-1,400.000,2,0,2,0,1,0,0,0,0,2,2,2,2,0,1,2,1
8,-11805.091,-14296.542,463.197,-43.004,0,0.72000,-0.17266,86.400,-1.554,-1,400.000,-1,300.000,300.000,300.000,275.000,450.000,375.000,-1,-1,-1,-1,875.000,400.000,-1,300.000,2,0,2,1,1,0,0,0,1,2,2,2,2,0,1,2,1
10,-11662.165,-14438.699,456.863,-45.512,0,0.88000,-0.15553,105.600,-1.400,-1,475.000,-1,250.000,150.000,325.000,250.000,450.000,300.000,-1,75.000,75.000,-1,-1,375.000,-1,175.000,2,1,2,1,1,1,1,0,1,2,0,0,2,2,1,2,1
12,-11515.226,-14612.402,456.957,-51.552,0,0.94819,-0.39553,113.783,-3.560,-1,575.000,-1,225.000,0.000,350.000,250.000,475.000,225.000,-1,100.000,75.000,-1,-1,375.000,-1,0.000,2,0,2,1,1,1,1,0,1,2,0,0,2,2,1,2,1
14,14604.782,4875.695,16.118,168.820,1,-0.08000,0.12000,-9.600,1.080,-1,350.000,-1,400.000,-1,300.000,325.000,300.000,400.000,-1,-1,-1,-1,600.000,675.000,-1,-1,2,0,2,0,2,0,0,0,0,2,2,2,2,0,0,2,2
16,14652.398,4869.785,15.139,174.220,0,-0.24000,0.36000,-28.800,3.240,-1,350.000,-1,400.000,-1,300.000,325.000,300.000,400.000,-1,-1,-1,-1,625.000,675.000,-1,-1,2,0,2,0,2,0,0,0,0,2,2,2,2,0,0,2,2
18,14738.754,4869.686,13.910,181.567,0,-0.40000,0.40818,-48.000,3.674,-1,375.000,-1,400.000,-1,300.000,325.000,300.000,400.000,-1,-1,-1,-1,625.000,675.000,-1,-1,2,0,2,0,2,0,0,0,0,2,2,2,2,0,0,2,2
20,14842.837,4882.610,12.901,188.915,0,-0.43723,0.40818,-52.468,3.674,-1,375.000,-1,400.000,-1,300.000,325.000,300.000,400.000,-1,-1,-1,-1,650.000,700.000,-1,-1,2,0,2,0,2,0,0,0,0,2,2,2,2,0,0,2,2
22,14944.412,4908.737,12.393,196.262,0,-0.43723,0.40818,-52.468,3.674,-1,375.000,-1,400.000,-1,325.000,325.000,300.000,400.000,-1,-1,-1,-1,675.000,700.000,-1,-1,2,0,2,0,2,0,0,0,0,2,2,2,2,0,0,2,2
24,15041.812,4947.640,9.915,203.609,0,-0.43723,0.40818,-52.468,3.674,-1,525.000,-1,425.000,-1,375.000,350.000,425.000,275.000,-1,-1,-1,-1,-1,775.000,-1,-1,2,0,2,0,2,0,0,0,0,2,2,2,2,2,0,2,2
26,15133.437,4998.678,5.394,210.956,0,-0.43723,0.40818,-52.468,3.674,-1,575.000,-1,450.000,-1,400.000,375.000,400.000,275.000,-1,-1,-1,-1,-1,875.000,-1,-1,2,0,2,0,2,0,0,0,0,2,2,2,2,2,0,2,2
28,15196.393,5041.482,1.306,215.064,0,-0.27723,0.16818,-33.268,1.514,-1,600.000,-1,450.000,-1,425.000,400.000,425.000,275.000,-1,-1,-1,-1,-1,950.000,-1,-1,2,0,2,0,2,0,0,0,0,2,2,2,2,2,0,2,2
30,15227.207,5063.264,-0.949,214.851,0,-0.11723,-0.07182,-14.068,-0.646,-1,600.000,-1,450.000,-1,425.000,400.000,425.000,275.000,-1,-1,-1,-1,-1,950.000,-1,-1,2,0,2,0,2,0,0,0,0,2,2,2,2,2,0,2,2
32,15226.518,5063.114,-0.915,210.318,0,0.04277,-0.31182,5.132,-2.806,-1,575.000,-1,425.000,-1,400.000,375.000,425.000,275.000,-1,-1,-1,-1,-1,925.000,-1,-1,2,0,2,0,2,0,0,0,0,2,2,2,2,2,0,2,2
34,15191.028,5046.832,1.210,203.326,0,0.20277,-0.38847,24.332,-3.496,-1,550.000,-1,425.000,-1,400.000,350.000,400.000,275.000,-1,-1,-1,-1,-1,850.000,-1,-1,2,0,2,0,2,0,0,0,0,2,2,2,2,2,0,2,2
36,15117.332,5023.080,4.785,196.333,0,0.36277,-0.38847,43.532,-3.496,-1,500.000,-1,400.000,-1,375.000,350.000,425.000,275.000,-1,-1,-1,-1,-1,775.000,-1,-1,2,0,2,0,2,0,0,0,0,2,2,2,2,2,0,2,2
38,15003.627,5001.093,9.098,189.341,0,0.52277,-0.38847,62.732,-3.496,-1,475.000,-1,400.000,-1,350.000,325.000,425.000,275.000,-1,-1,-1,-1,1000.000,700.000,-1,-1,2,0,2,0,2,0,0,0,0,2,2,2,2,0,0,2,2
40,14861.558,4992.175,13.422,181.268,0,0.58442,-0.50847,70.130,-4.576,-1,450.000,-1,400.000,-1,350.000,325.000,450.000,300.000,-1,-1,-1,-1,825.000,675.000,-1,-1,2,0,2,0,2,0,0,0,0,2,2,2,2,0,0,2,2
42,14722.162,5006.592,16.815,171.704,0,0.58442,-0.53134,70.130,-4.782,-1,375.000,-1,375.000,-1,325.000,300.000,400.000,300.000,-1,-1,-1,-1,650.000,600.000,-1,-1,2,0,2,0,2,0,0,0,0,2,2,2,2,0,0,2,2
44,14587.100,5043.969,19.021,162.140,0,0.58442,-0.53134,70.130,-4.782,-1,350.000,-1,350.000,-1,300.000,300.000,350.000,325.000,-1,-1,-1,-1,575.000,600.000,800.000,-1,2,0,2,0,2,0,0,0,0,2,2,2,2,0,0,0,2
46,14460.125,5103.267,21.896,152.576,0,0.58442,-0.53134,70.130,-4.782,650.000,325.000,-1,350.000,-1,275.000,275.000,325.000,325.000,-1,-1,-1,-1,550.000,700.000,-1,-1,0,0,2,0,2,0,0,0,0,2,2,2,2,0,0,2,2
48,14344.767,5182.838,25.722,143.012,0,0.58442,-0.53134,70.130,-4.782,-1,325.000,-1,400.000,-1,275.000,300.000,300.000,350.000,-1,-1,-1,-1,550.000,850.000,-1,-1,2,0,2,0,2,0,0,0,0,2,2,2,2,0,0,2,2
50,14228.064,5304.788,31.695,130.698,0,0.74442,-0.71683,89.330,-6.451,-1,350.000,-1,475.000,-1,300.000,350.000,250.000,375.000,-1,-1,-1,-1,825.000,-1,-1,-1,2,0,2,0,2,0,0,0,0,2,2,2,2,0,2,2,2
52,14131.658,5465.099,39.671,117.796,0,0.78068,-0.71683,93.682,-6.451,-1,450.000,-1,575.000,-1,400.000,425.000,250.000,400.000,-1,-1,300.000,-1,-1,-1,-1,-1,2,0,2,0,2,0,0,0,0,2,2,0,2,2,2,2,2
54,14073.483,5642.891,41.619,104.893,0,0.78068,-0.71683,93.682,-6.451,-1,375.000,-1,375.000,750.000,300.000,325.000,325.000,275.000,-1,-1,-1,-1,625.000,575.000,-1,750.000,2,0,2,0,0,0,0,0,0,2,2,2,2,0,0,2,0
56,14056.478,5829.183,29.480,91.990,0,0.78068,-0.71683,93.682,-6.451,-1,325.000,-1,325.000,600.000,275.000,275.000,300.000,275.000,-1,-1,-1,-1,550.000,500.000,-1,575.000,2,0,2,0,0,0,0,0,0,2,2,2,2,0,0,2,0
58,14081.878,6015.843,13.681,79.009,0,0.79037,-0.72421,94.845,-6.518,-1,275.000,-1,275.000,450.000,250.000,250.000,300.000,275.000,-1,-1,-1,-1,450.000,425.000,500.000,400.000,2,0,2,0,0,0,0,0,0,2,2,2,2,0,0,0,0
60,14150.671,6196.312,-4.991,65.864,0,0.81179,-0.73169,97.415,-6.585,175.000,225.000,-1,250.000,450.000,200.000,200.000,225.000,300.000,-1,-1,-1,-1,350.000,400.000,175.000,375.000,0,0,2,0,0,0,0,0,0,2,2,2,2,0,0,0,0
62,14262.176,6361.371,-10.617,52.699,0,0.83817,-0.73047,100.580,-6.574,-1,400.000,-1,350.000,750.000,300.000,300.000,325.000,250.000,-1,0.000,0.000,400.000,850.000,575.000,-1,725.000,2,0,2,0,0,0,0,0,0,2,0,0,0,0,0,2,0
64,14412.974,6501.565,-14.434,39.710,0,0.86626,-0.71753,103.951,-6.458,-1,375.000,850.000,325.000,875.000,300.000,275.000,325.000,275.000,-1,225.000,150.000,500.000,600.000,525.000,950.000,650.000,2,1,1,0,0,1,0,0,0,2,0,0,0,1,0,1,0
66,14596.133,6608.326,-20.138,27.153,0,0.89008,-0.68957,106.810,-6.206,550.000,300.000,975.000,300.000,-1,250.000,250.000,375.000,275.000,-1,375.000,350.000,625.000,425.000,475.000,450.000,775.000,1,1,1,0,2,1,0,0,0,2,0,0,0,1,0,1,0
68,14800.759,6675.733,-24.993,15.341,0,0.90010,-0.64356,108.012,-5.792,325.000,300.000,-1,400.000,-1,300.000,300.000,350.000,300.000,-1,0.000,0.000,500.000,450.000,1000.000,325.000,-1,1,1,2,0,2,1,0,0,0,2,0,0,0,1,0,1,2
70,15012.496,6702.601,-20.183,4.609,0,0.88434,-0.57901,106.121,-5.211,225.000,375.000,-1,475.000,-1,325.000,350.000,275.000,300.000,-1,100.000,50.000,550.000,700.000,-1,-1,-1,1,1,2,0,2,0,0,1,0,2,0,0,0,1,2,2,2
72,15220.513,6683.789,-19.117,-8.782,0,0.85606,-0.78892,102.727,-7.100,-1,475.000,-1,500.000,-1,375.000,375.000,200.000,275.000,-1,500.000,325.000,650.000,-1,-1,-1,-1,2,0,2,0,2,0,0,1,0,2,0,0,0,2,2,2,2
74,15400.447,6620.696,-24.742,-22.961,0,0.77597,-0.78857,93.117,-7.097,-1,525.000,-1,450.000,-1,375.000,375.000,250.000,250.000,-1,-1,-1,900.000,-1,850.000,-1,-1,2,0,2,0,2,0,0,1,0,2,2,2,0,2,0,2,2
76,15545.544,6524.143,-41.813,-37.313,0,0.71419,-0.80108,85.702,-7.210,-1,400.000,-1,325.000,375.000,325.000,300.000,300.000,250.000,525.000,-1,-1,-1,825.000,550.000,-1,525.000,2,0,2,0,0,0,0,1,0,1,2,2,2,0,0,2,0
78,15655.668,6400.648,-61.785,-51.999,0,0.68577,-0.82133,82.293,-7.392,-1,350.000,-1,275.000,175.000,275.000,250.000,300.000,225.000,750.000,-1,-1,-1,650.000,425.000,-1,225.000,2,0,2,0,0,0,0,0,0,1,2,2,2,0,0,2,0
80,15729.186,6254.412,-83.429,-67.110,0,0.68457,-0.84576,82.148,-7.612,-1,275.000,975.000,200.000,50.000,225.000,200.000,325.000,200.000,-1,425.000,550.000,-1,500.000,325.000,-1,50.000,2,0,0,0,0,0,0,0,0,2,1,1,2,0,0,2,0
82,15761.755,6089.601,-87.405,-82.684,0,0.71232,-0.87162,85.478,-7.845,-1,425.000,-1,350.000,700.000,325.000,300.000,300.000,300.000,650.000,0.000,0.000,-1,850.000,575.000,-1,675.000,2,0,2,0,0,0,0,0,0,0,0,0,2,0,0,2,0
84,15747.622,5917.980,-86.022,-98.729,0,0.72292,-0.89823,86.750,-8.084,-1,350.000,-1,325.000,-1,275.000,275.000,325.000,325.000,-1,75.000,75.000,-1,625.000,525.000,-1,-1,2,0,2,0,2,0,0,0,0,2,0,0,2,0,0,2,2
86,15695.577,5764.489,-80.639,-111.658,0,0.68416,-0.65823,82.100,-5.924,-1,325.000,-1,325.000,-1,275.000,250.000,325.000,350.000,-1,125.000,200.000,975.000,525.000,625.000,-1,-1,2,0,2,0,2,0,0,0,0,2,0,0,1,0,0,2,2
88,15615.845,5617.002,-70.443,-120.266,0,0.70351,-0.41823,84.421,-3.764,-1,300.000,-1,375.000,-1,250.000,275.000,300.000,375.000,-1,100.000,175.000,975.000,575.000,-1,-1,-1,2,0,2,0,2,0,0,0,0,2,0,0,1,0,2,2,2
90,15520.459,5474.279,-51.505,-124.554,0,0.71904,-0.17823,86.285,-1.604,-1,475.000,-1,525.000,-1,350.000,375.000,325.000,350.000,-1,25.000,0.000,750.000,-1,-1,-1,-1,2,0,2,0,2,0,0,0,0,2,0,0,0,2,2,2,2
92,15420.514,5330.471,-28.687,-124.522,0,0.73328,0.06177,87.994,0.556,-1,625.000,-1,700.000,-1,475.000,500.000,325.000,350.000,-1,150.000,125.000,950.000,-1,-1,-1,-1,2,0,2,0,2,0,0,0,0,2,0,0,0,2,2,2,2
94,15324.346,5181.312,-12.263,-122.241,0,0.73951,0.12674,88.741,1.141,-1,600.000,-1,550.000,-1,450.000,425.000,450.000,275.000,-1,875.000,800.000,-1,-1,-1,-1,-1,2,0,2,0,2,0,0,0,0,2,0,0,2,2,2,2,2
96,15234.192,5028.443,0.772,-119.960,0,0.73951,0.12674,88.741,1.141,-1,650.000,-1,575.000,-1,475.000,475.000,475.000,275.000,-1,-1,-1,-1,-1,-1,-1,-1,2,0,2,0,2,0,0,0,0,2,2,2,2,2,2,2,2
98,15150.195,4872.107,6.816,-117.678,0,0.73951,0.12674,88.741,1.141,-1,425.000,-1,425.000,-1,350.000,350.000,375.000,325.000,-1,-1,-1,-1,850.000,875.000,-1,-1,2,0,2,0,2,0,0,0,0,2,2,2,2,0,0,2,2
100,15072.487,4712.552,1.119,-115.397,0,0.73951,0.12674,88.741,1.141,-1,400.000,-1,400.000,-1,350.000,350.000,325.000,300.000,-1,-1,-1,-1,850.000,-1,-1,-1,2,0,2,0,2,0,0,0,0,2,2,2,2,0,2,2,2
102,15001.191,4550.029,-6.234,-113.116,0,0.73951,0.12674,88.741,1.141,-1,400.000,-1,400.000,-1,325.000,325.000,300.000,275.000,-1,-1,-1,-1,900.000,-1,-1,-1,2,0,2,0,2,0,0,0,0,2,2,2,2,0,2,2,2
104,14936.421,4384.798,-15.077,-110.835,0,0.73951,0.12674,88.741,1.141,-1,400.000,-1,425.000,-1,325.000,325.000,300.000,250.000,-1,-1,-1,-1,950.000,-1,-1,-1,2,0,2,0,2,0,0,0,0,2,2,2,2,0,2,2,2
106,14878.280,4217.119,-25.197,-108.553,0,0.73951,0.12674,88.741,1.141,-1,400.000,-1,450.000,-1,325.000,350.000,300.000,225.000,-1,-1,-1,-1,1000.000,925.000,-1,-1,2,0,2,0,2,0,0,0,0,2,2,2,2,0,0,2,2
108,14826.859,4047.259,-35.521,-106.272,0,0.73951,0.12674,88.741,1.141,-1,450.000,-1,475.000,-1,350.000,375.000,300.000,250.000,-1,-1,-1,-1,1000.000,925.000,-1,-1,2,0,2,0,2,0,0,0,0,2,2,2,2,0,0,2,2
110,14782.241,3875.486,-45.587,-103.991,0,0.73951,0.12674,88.741,1.141,-1,500.000,-1,475.000,-1,375.000,375.000,300.000,300.000,-1,-1,-1,-1,-1,900.000,-1,-1,2,0,2,0,2,0,0,0,0,2,2,2,2,2,0,2,2
112,14744.495,3702.074,-56.210,-101.709,0,0.73951,0.12674,88.741,1.141,-1,525.000,-1,425.000,975.000,400.000,375.000,425.000,275.000,-1,-1,-1,-1,-1,725.000,-1,-1,2,0,2,0,0,0,0,0,0,2,2,2,2,2,0,2,2
114,14703.407,3511.366,-76.268,-102.668,0,0.81288,-0.11326,97.546,-1.019,-1,375.000,-1,325.000,475.000,300.000,275.000,375.000,325.000,-1,-1,-1,-1,650.000,475.000,-1,475.000,2,0,2,0,0,0,0,0,0,2,2,2,2,0,0,2,0
116,14648.485,3324.243,-100.221,-107.947,0,0.81288,-0.35326,97.546,-3.179,-1,325.000,-1,300.000,450.000,275.000,250.000,325.000,350.000,-1,-1,-1,-1,550.000,450.000,-1,450.000,2,0,2,0,0,0,0,0,0,2,2,2,2,0,0,2,0
118,14572.459,3144.664,-120.605,-114.612,0,0.81288,-0.37027,97.546,-3.332,-1,300.000,-1,300.000,475.000,250.000,250.000,300.000,325.000,-1,125.000,175.000,-1,500.000,450.000,-1,450.000,2,0,2,0,0,0,0,0,0,2,0,0,2,0,0,2,0
120,14476.105,2975.122,-135.740,-121.277,0,0.81288,-0.37027,97.546,-3.332,-1,275.000,-1,275.000,600.000,250.000,250.000,275.000,325.000,-1,50.000,100.000,-1,700.000,450.000,-1,525.000,2,0,2,0,0,0,0,0,0,2,0,0,2,0,0,2,0
122,14361.905,2806.546,-138.488,-124.702,0,0.84845,-0.13027,101.814,-1.172,-1,525.000,-1,350.000,-1,300.000,300.000,350.000,300.000,-1,25.000,0.000,875.000,-1,-1,-1,-1,2,0,2,0,2,0,0,0,0,2,0,0,0,2,2,2,2
124,14247.159,2638.336,-136.587,-123.806,0,0.84845,0.10973,101.814,0.988,-1,875.000,-1,475.000,-1,500.000,400.000,350.000,300.000,1000.000,150.000,125.000,1000.000,-1,-1,-1,-1,2,0,2,0,2,0,0,0,0,0,0,0,0,2,2,2,2
126,14142.107,2458.895,-131.823,-118.973,0,0.87241,0.30737,104.689,2.766,-1,-1,-1,950.000,-1,775.000,775.000,425.000,325.000,900.000,175.000,250.000,-1,-1,-1,-1,-1,2,2,2,0,2,0,0,0,0,0,0,0,2,2,2,2,2
128,14051.857,2267.666,-132.486,-114.108,0,0.88284,0.25757,105.941,2.318,-1,400.000,-1,475.000,-1,350.000,350.000,300.000,450.000,-1,-1,-1,-1,700.000,850.000,-1,-1,2,0,2,0,2,0,0,0,0,2,2,2,2,0,0,2,2
130,13975.911,2070.520,-175.709,-110.114,0,0.87853,0.21148,105.423,1.903,875.000,375.000,-1,425.000,975.000,325.000,325.000,300.000,275.000,-1,-1,-1,-1,625.000,675.000,925.000,950.000,0,0,2,0,0,0,0,0,0,2,2,2,2,0,0,0,0
132,13913.439,1871.784,-222.417,-106.580,0,0.86401,0.19262,103.681,1.734,700.000,325.000,-1,350.000,625.000,275.000,275.000,300.000,300.000,-1,-1,-1,-1,550.000,550.000,700.000,625.000,0,0,2,0,0,0,0,0,0,2,2,2,2,0,0,0,0
134,13863.985,1673.929,-271.237,-103.178,0,0.84503,0.18905,101.403,1.701,525.000,275.000,825.000,275.000,350.000,225.000,225.000,300.000,275.000,-1,-1,-1,-1,450.000,450.000,500.000,375.000,0,0,0,0,0,0,0,0,0,2,2,2,2,0,0,0,0
136,13827.451,1477.695,-308.426,-99.642,0,0.82777,0.20011,99.332,1.801,-1,350.000,-1,350.000,475.000,300.000,300.000,325.000,275.000,-1,25.000,0.000,-1,600.000,525.000,-1,525.000,2,0,2,0,0,0,0,0,0,2,0,0,2,0,0,2,0
138,13804.388,1282.410,-342.265,-95.722,0,0.81747,0.22472,98.096,2.023,1000.000,325.000,-1,300.000,375.000,275.000,250.000,300.000,275.000,-1,175.000,175.000,-1,550.000,450.000,850.000,400.000,0,0,2,0,0,0,0,0,0,2,0,0,2,0,0,0,0
140,13796.294,1086.510,-375.989,-91.189,0,0.81805,0.26191,98.165,2.357,775.000,300.000,900.000,250.000,250.000,225.000,225.000,275.000,250.000,-1,350.000,400.000,-1,500.000,375.000,650.000,250.000,0,0,0,0,0,0,0,0,0,2,0,0,2,0,0,0,0
142,13805.942,888.123,-401.868,-85.823,0,0.83233,0.31111,99.880,2.800,-1,425.000,-1,350.000,625.000,325.000,300.000,275.000,250.000,550.000,0.000,0.000,975.000,725.000,575.000,-1,725.000,2,0,2,0,0,0,0,0,0,0,0,0,0,0,0,2,0
144,13837.027,687.344,-420.418,-79.643,0,0.84845,0.34654,101.814,3.119,-1,375.000,-1,325.000,600.000,300.000,275.000,250.000,275.000,600.000,100.000,200.000,-1,625.000,550.000,-1,650.000,2,0,2,0,0,0,0,0,0,0,0,0,2,0,0,2,0
146,13889.831,490.761,-441.943,-73.405,0,0.84845,0.34654,101.814,3.119,800.000,325.000,975.000,300.000,475.000,275.000,250.000,250.000,275.000,675.000,450.000,725.000,-1,525.000,475.000,775.000,500.000,0,0,0,0,0,0,0,0,0,0,0,0,2,0,0,0,0
148,13964.800,297.946,-465.486,-67.229,0,0.86856,0.34117,104.227,3.070,900.000,375.000,-1,375.000,-1,300.000,325.000,200.000,300.000,325.000,0.000,0.000,-1,625.000,600.000,825.000,975.000,0,0,2,0,2,0,0,0,0,0,0,0,2,0,0,0,1
150,14062.199,109.025,-479.107,-61.261,0,0.89138,0.32773,106.966,2.950,750.000,350.000,950.000,325.000,775.000,300.000,275.000,225.000,300.000,425.000,25.000,150.000,-1,525.000,500.000,675.000,650.000,0,0,1,0,1,0,0,0,0,0,0,0,2,0,0,0,0
152,14180.401,-73.091,-491.246,-55.643,0,0.90882,0.30620,109.059,2.756,925.000,350.000,925.000,275.000,375.000,275.000,250.000,275.000,250.000,675.000,225.000,225.000,-1,525.000,425.000,700.000,375.000,0,0,0,0,0,0,0,0,0,0,0,0,2,0,0,0,0
154,14305.185,-242.414,-504.155,-53.257,0,0.87844,0.07884,105.412,0.710,525.000,250.000,600.000,200.000,125.000,200.000,175.000,275.000,225.000,850.000,575.000,625.000,-1,375.000,300.000,425.000,125.000,0,0,0,0,0,0,0,0,0,0,0,0,2,0,0,0,0
156,14434.220,-410.256,-506.727,-52.222,0,0.88272,0.04998,105.927,0.450,750.000,325.000,-1,350.000,550.000,275.000,275.000,200.000,375.000,175.000,0.000,0.000,-1,600.000,750.000,900.000,-1,0,0,2,1,1,0,0,0,0,0,0,0,2,0,0,0,2
158,14564.731,-576.366,-491.819,-51.769,0,0.87860,0.01658,105.432,0.149,850.000,375.000,-1,400.000,925.000,300.000,325.000,275.000,375.000,300.000,0.000,50.000,-1,725.000,850.000,-1,-1,0,0,2,0,1,0,0,0,0,0,0,0,2,0,1,2,2
160,14693.536,-740.462,-471.178,-51.960,0,0.86533,-0.01980,103.840,-0.178,-1,450.000,-1,500.000,925.000,375.000,375.000,300.000,275.000,425.000,100.000,75.000,-1,775.000,850.000,-1,-1,2,0,2,0,1,0,0,0,1,0,0,0,2,0,1,2,2
162,14817.841,-902.158,-448.091,-52.627,0,0.84407,-0.03941,101.288,-0.355,700.000,400.000,-1,500.000,800.000,350.000,375.000,275.000,275.000,525.000,375.000,450.000,-1,650.000,800.000,875.000,-1,0,0,2,1,1,0,0,0,1,0,0,0,2,0,1,0,2
164,14936.319,-1060.579,-433.983,-53.410,0,0.81739,-0.04433,98.087,-0.399,450.000,325.000,-1,325.000,425.000,275.000,275.000,325.000,225.000,1000.000,975.000,-1,-1,475.000,500.000,450.000,475.000,0,0,2,1,1,0,0,0,1,0,0,2,2,0,1,0,1
166,15048.701,-1215.288,-422.125,-54.202,0,0.79002,-0.04348,94.803,-0.391,450.000,300.000,-1,325.000,325.000,275.000,275.000,300.000,250.000,-1,900.000,925.000,-1,500.000,625.000,475.000,425.000,0,0,2,1,1,0,1,0,1,2,0,0,2,0,1,0,1
168,15156.097,-1370.415,-405.170,-56.022,0,0.79485,-0.16107,95.381,-1.450,-1,350.000,-1,375.000,275.000,300.000,325.000,275.000,300.000,-1,125.000,50.000,500.000,650.000,-1,-1,-1,2,0,2,1,1,0,0,0,1,2,0,0,1,0,2,2,2
170,15262.372,-1557.496,-378.967,-62.161,0,0.91904,-0.40107,110.285,-3.610,-1,450.000,-1,525.000,225.000,375.000,400.000,275.000,200.000,-1,150.000,75.000,425.000,-1,-1,-1,-1,2,0,2,0,1,0,0,0,1,2,0,0,1,2,2,2,2
172,-18207.902,16765.855,88.467,167.584,1,0.00000,0.00000,109.863,-5.770,-1,525.000,-1,500.000,-1,375.000,375.000,300.000,300.000,350.000,0.000,0.000,450.000,-1,-1,-1,-1,2,0,2,0,2,0,0,0,0,0,0,0,0,2,2,2,2
174,-18236.009,16772.133,89.706,167.374,0,0.16000,-0.01167,19.200,-0.105,-1,550.000,-1,500.000,-1,400.000,400.000,300.000,300.000,400.000,0.000,0.000,475.000,-1,-1,-1,-1,2,0,2,0,2,0,0,0,0,0,0,0,0,2,2,2,2
176,-18301.541,16787.011,92.426,167.164,0,0.32000,-0.01167,38.400,-0.105,-1,575.000,-1,500.000,-1,400.000,400.000,325.000,300.000,525.000,25.000,25.000,525.000,-1,-1,-1,-1,2,0,2,0,2,0,0,0,0,0,0,0,0,2,2,2,2
178,-18404.435,16810.763,96.199,166.954,0,0.48000,-0.01167,57.600,-0.105,-1,650.000,-1,475.000,-1,425.000,400.000,400.000,300.000,725.000,150.000,125.000,600.000,-1,-1,-1,-1,2,0,2,0,2,0,0,0,0,0,0,0,0,2,2,2,2
180,-18544.627,16843.662,100.320,166.744,0,0.64000,-0.01167,76.800,-0.105,-1,-1,-1,475.000,-1,450.000,400.000,500.000,300.000,-1,325.000,300.000,675.000,-1,-1,-1,-1,2,2,2,0,2,0,0,0,0,2,0,0,0,2,2,2,2
182,-18722.049,16885.984,101.128,166.534,0,0.80000,-0.01167,96.000,-0.105,-1,-1,-1,300.000,425.000,300.000,275.000,500.000,325.000,-1,-1,-1,-1,-1,-1,-1,375.000,2,2,2,0,0,0,0,0,0,2,2,2,2,2,2,2,0
184,-18898.500,16932.403,88.758,166.324,0,0.82114,-0.01167,98.537,-0.105,-1,-1,-1,-1,-1,-1,-1,425.000,350.000,-1,-1,-1,-1,-1,-1,-1,-1,2,2,2,2,2,2,2,0,0,2,2,2,2,2,2,2,2
186,-18898.500,16977.189,90.879,169.354,0,0.94775,0.22833,113.730,2.055,-1,-1,-1,-1,-1,-1,-1,400.000,350.000,-1,-1,-1,-1,-1,-1,-1,-1,2,2,2,2,2,2,2,0,0,2,2,2,2,2,2,2,2
188,-18898.500,17010.691,92.465,172.039,0,0.94775,0.11323,113.730,1.019,-1,-1,-1,-1,-1,-1,-1,400.000,350.000,-1,-1,-1,-1,-1,-1,-1,-1,2,2,2,2,2,2,2,0,0,2,2,2,2,2,2,2,2
190,-18898.500,17027.919,93.279,177.318,0,0.96405,0.35323,115.686,3.179,-1,-1,-1,-1,-1,-1,-1,375.000,325.000,-1,-1,-1,-1,-1,-1,-1,-1,2,2,2,2,2,2,2,0,0,2,2,2,2,2,2,2,2
192,-18898.500,17010.807,92.463,186.916,0,0.96405,0.59323,115.686,5.339,-1,-1,-1,-1,-1,-1,-1,375.000,300.000,-1,-1,-1,-1,-1,-1,-1,-1,2,2,2,2,2,2,2,0,0,2,2,2,2,2,2,2,2
194,-18898.500,16960.704,90.084,197.354,0,0.80405,0.63993,96.486,5.759,-1,-1,-1,-1,-1,-1,-1,375.000,250.000,-1,-1,-1,-1,-1,-1,-1,-1,2,2,2,2,2,2,2,0,0,2,2,2,2,2,2,2,2
196,-18898.500,16886.508,86.563,209.953,0,0.64405,0.63993,77.286,5.759,-1,-1,-1,-1,-1,-1,-1,375.000,250.000,-1,-1,-1,-1,-1,-1,-1,-1,2,2,2,2,2,2,2,0,0,2,2,2,2,2,2,2,2
198,-18898.500,16777.421,81.392,218.232,0,0.80405,0.39993,96.486,3.599,-1,-1,-1,-1,-1,-1,-1,425.000,250.000,-1,-1,-1,-1,-1,-1,-1,-1,2,2,2,2,2,2,2,0,0,2,2,2,2,2,2,2,2
200,-18898.500,16635.588,67.687,222.191,0,0.90062,0.15993,108.074,1.439,550.000,375.000,-1,-1,-1,325.000,-1,325.000,300.000,-1,-1,-1,-1,575.000,-1,600.000,-1,0,0,2,2,2,0,2,0,0,2,2,2,2,0,2,0,2
202,-18898.500,16509.724,52.016,221.829,0,0.74062,-0.08007,88.874,-0.721,425.000,350.000,-1,-1,-1,325.000,-1,300.000,300.000,-1,-1,-1,-1,500.000,-1,475.000,-1,0,0,2,2,2,0,2,0,0,2,2,2,2,0,2,0,2
204,-18898.500,16408.842,39.454,217.148,0,0.67414,-0.32007,80.896,-2.881,325.000,325.000,-1,-1,-1,300.000,-1,275.000,300.000,-1,-1,-1,-1,-1,-1,375.000,-1,0,0,2,2,2,0,2,0,0,2,2,2,2,2,2,0,2
206,-18898.500,16327.722,29.353,208.147,0,0.66332,-0.56007,79.599,-5.041,275.000,300.000,-1,-1,-1,-1,-1,225.000,300.000,-1,-1,-1,-1,-1,-1,300.000,-1,0,0,2,2,2,2,2,0,0,2,2,2,2,2,2,0,2
208,-18898.500,16277.503,23.096,194.826,0,0.66332,-0.80007,79.599,-7.201,275.000,-1,-1,-1,-1,-1,-1,200.000,300.000,-1,-1,-1,-1,-1,-1,-1,-1,0,2,2,2,2,2,2,0,0,2,2,2,2,2,2,2,2
210,-18898.500,16257.688,20.624,183.664,0,0.82332,-0.56007,98.799,-5.041,-1,-1,-1,-1,-1,-1,-1,200.000,325.000,775.000,-1,-1,-1,-1,-1,-1,-1,2,2,2,2,2,2,2,0,0,0,2,2,2,2,2,2,2
212,-18898.500,16264.481,21.466,176.823,0,0.93714,-0.32007,112.456,-2.881,-1,-1,-1,-1,-1,-1,-1,200.000,325.000,650.000,-1,-1,-1,-1,-1,-1,-1,2,2,2,2,2,2,2,0,0,0,2,2,2,2,2,2,2
214,-18898.500,16287.985,24.390,171.808,0,0.83528,-0.33860,100.233,-3.047,-1,-1,-1,-1,-1,-1,-1,200.000,325.000,600.000,-1,-1,-1,-1,-1,-1,-1,2,2,2,2,2,2,2,0,0,0,2,2,2,2,2,2,2
216,-18898.500,16338.633,30.692,163.026,0,0.83528,-0.51727,100.233,-4.655,-1,-1,-1,-1,-1,-1,-1,225.000,350.000,575.000,775.000,-1,-1,-1,-1,-1,-1,2,2,2,2,2,2,2,0,0,0,0,2,2,2,2,2,2
218,-18898.500,16402.168,38.601,156.955,0,0.67528,-0.27727,81.033,-2.495,-1,-1,-1,-1,-1,-1,-1,250.000,375.000,625.000,675.000,975.000,-1,-1,-1,-1,-1,2,2,2,2,2,2,2,0,0,0,0,0,2,2,2,2,2
220,-18898.500,16468.400,46.846,153.922,0,0.63895,-0.10847,76.674,-0.976,-1,-1,-1,-1,-1,-1,-1,275.000,425.000,675.000,725.000,975.000,-1,-1,-1,-1,-1,2,2,2,2,2,2,2,0,0,0,0,0,2,2,2,2,2
222,-18898.500,16521.874,53.505,155.210,0,0.47895,0.13153,57.474,1.184,-1,-1,-1,-1,-1,-1,-1,300.000,450.000,725.000,900.000,-1,-1,-1,-1,-1,-1,2,2,2,2,2,2,2,0,0,0,0,2,2,2,2,2,2
224,-18898.500,16558.002,58.003,155.069,0,0.31895,-0.02716,38.274,-0.244,-1,-1,-1,-1,-1,-1,-1,300.000,475.000,775.000,975.000,-1,-1,-1,-1,-1,-1,2,2,2,2,2,2,2,0,0,0,0,2,2,2,2,2,2
226,-18898.500,16606.745,64.072,151.340,0,0.47895,-0.26716,57.474,-2.404,-1,-1,-1,-1,-1,-1,-1,300.000,500.000,800.000,950.000,-1,-1,-1,-1,-1,-1,2,2,2,2,2,2,2,0,0,0,0,2,2,2,2,2,2
228,-18898.500,16688.263,74.221,143.291,0,0.63895,-0.50716,76.674,-4.564,-1,-1,-1,375.000,-1,-1,300.000,300.000,550.000,850.000,850.000,-1,-1,-1,-1,-1,-1,2,2,2,0,2,2,0,0,0,0,0,2,2,2,2,2,2
230,-18898.500,16774.869,81.292,133.580,0,0.47895,-0.47951,57.474,-4.316,-1,-1,-1,300.000,-1,250.000,250.000,-1,400.000,-1,-1,-1,-1,-1,525.000,-1,-1,2,2,2,0,2,0,0,2,0,2,2,2,2,2,0,2,2
232,-18898.500,16841.440,84.445,128.189,0,0.31895,-0.23951,38.274,-2.156,-1,-1,-1,325.000,-1,250.000,250.000,-1,400.000,-1,-1,-1,-1,-1,650.000,-1,-1,2,2,2,0,2,0,0,2,0,2,2,2,2,2,0,2,2
234,-18898.500,16928.372,88.564,123.580,0,0.47895,-0.19607,57.474,-1.765,-1,-1,-1,375.000,-1,250.000,275.000,-1,375.000,-1,-1,-1,-1,-1,775.000,-1,-1,2,2,2,0,2,0,0,2,0,2,2,2,2,2,0,2,2
236,-18898.500,17048.783,94.270,123.291,0,0.63895,0.04393,76.674,0.395,-1,-1,-1,400.000,-1,275.000,300.000,-1,350.000,-1,-1,-1,-1,-1,800.000,-1,-1,2,2,2,0,2,0,0,2,0,2,2,2,2,2,0,2,2
238,-18898.500,17195.900,101.241,127.321,0,0.79895,0.28393,95.874,2.555,-1,-1,-1,425.000,-1,300.000,325.000,-1,350.000,-1,25.000,75.000,-1,-1,800.000,-1,-1,2,2,2,0,2,0,0,2,0,2,0,0,2,2,0,2,2
240,-18898.500,17359.009,108.970,133.512,0,0.95895,0.28393,115.074,2.555,-1,-1,-1,475.000,-1,-1,375.000,-1,350.000,-1,25.000,0.000,875.000,-1,-1,-1,-1,2,2,2,0,2,2,0,2,0,2,0,0,0,2,2,2,2
242,-18898.500,17491.193,109.890,140.943,0,0.79949,0.42172,95.939,3.795,-1,-1,-1,375.000,775.000,-1,325.000,-1,300.000,-1,-1,200.000,825.000,-1,-1,-1,-1,2,2,2,0,0,2,0,2,0,2,2,0,0,2,2,2,2
244,-18898.500,17602.669,109.721,145.294,0,0.79949,0.18172,95.939,1.635,-1,-1,-1,350.000,675.000,-1,-1,425.000,300.000,-1,225.000,75.000,875.000,-1,-1,-1,-1,2,2,2,0,0,2,2,0,0,2,0,0,0,2,2,2,2
246,-18898.500,17694.795,109.582,145.325,0,0.63949,-0.05828,76.739,-0.525,-1,-1,-1,350.000,575.000,-1,300.000,375.000,275.000,-1,150.000,50.000,875.000,-1,-1,-1,-1,2,2,2,0,0,2,0,0,0,2,0,0,0,2,2,2,2
248,-18898.500,17768.535,109.471,142.751,0,0.47949,-0.20299,57.539,-1.827,-1,-1,-1,325.000,525.000,-1,275.000,325.000,275.000,-1,150.000,75.000,875.000,-1,-1,-1,550.000,2,2,2,0,0,2,0,0,0,2,0,0,0,2,2,2,0
250,-18898.500,17865.274,109.325,135.857,0,0.63949,-0.44299,76.739,-3.987,-1,-1,-1,300.000,450.000,-1,250.000,300.000,250.000,-1,225.000,100.000,825.000,-1,475.000,-1,450.000,2,2,2,0,0,2,0,0,0,2,0,0,0,2,0,2,0
252,-18898.500,18007.459,109.110,126.804,0,0.79949,-0.44299,95.939,-3.987,-1,-1,-1,275.000,375.000,250.000,225.000,-1,225.000,-1,325.000,150.000,800.000,-1,425.000,-1,350.000,2,2,2,0,0,0,0,2,0,2,0,0,0,2,0,2,0
254,-18898.500,18177.508,119.122,122.070,0,0.84479,-0.20299,101.374,-1.827,-1,-1,-1,350.000,-1,300.000,300.000,-1,275.000,-1,0.000,0.000,600.000,-1,575.000,-1,-1,2,2,2,0,2,0,0,2,0,2,0,0,0,2,0,2,2
256,-18898.500,18350.398,131.595,121.656,0,0.84479,0.03701,101.374,0.333,-1,-1,-1,325.000,-1,275.000,275.000,-1,275.000,-1,100.000,100.000,625.000,-1,550.000,-1,-1,2,2,2,0,2,0,0,2,0,2,0,0,0,2,0,2,2
258,-18898.500,18494.717,142.007,125.562,0,0.69055,0.27701,82.867,2.493,-1,-1,-1,300.000,-1,250.000,250.000,-1,300.000,-1,200.000,75.000,675.000,-1,500.000,-1,-1,2,2,2,0,2,0,0,2,0,2,0,0,0,2,0,2,2
260,-18898.500,18618.814,150.961,133.789,0,0.69055,0.51701,82.867,4.653,-1,-1,-1,275.000,-1,250.000,250.000,325.000,325.000,-1,150.000,50.000,850.000,-1,425.000,-1,-1,2,2,2,0,2,0,0,0,0,2,0,0,0,2,0,2,2
262,-18898.500,18740.466,161.084,139.855,0,0.76679,0.27701,92.015,2.493,-1,-1,-1,300.000,-1,-1,250.000,300.000,400.000,800.000,0.000,0.000,-1,-1,-1,-1,-1,2,2,2,0,2,2,0,0,0,0,0,0,2,2,2,2,2
264,-18898.500,18855.192,172.659,141.601,0,0.76679,0.03701,92.015,0.333,-1,-1,-1,300.000,-1,-1,250.000,325.000,-1,850.000,0.000,0.000,-1,-1,-1,-1,-1,2,2,2,0,2,2,0,0,2,0,0,0,2,2,2,2,2
266,-18898.500,18898.500,177.028,145.507,0,0.76541,0.27701,91.849,2.493,-1,-1,-1,-1,-1,-1,250.000,350.000,-1,800.000,0.000,0.000,-1,-1,-1,-1,-1,2,2,2,2,2,2,0,0,2,0,0,0,2,2,2,2,2
268,-18898.500,18898.500,177.027,153.734,0,0.76541,0.51701,91.849,4.653,-1,-1,-1,300.000,-1,-1,-1,325.000,-1,675.000,0.000,0.000,-1,-1,-1,-1,-1,2,2,2,0,2,2,2,0,2,0,0,0,2,2,2,2,2
270,-18898.500,18898.500,177.022,166.280,0,0.89581,0.75701,107.497,6.813,-1,-1,-1,-1,-1,-1,-1,300.000,-1,525.000,0.000,25.000,-1,-1,-1,-1,-1,2,2,2,2,2,2,2,0,2,0,0,0,2,2,2,2,2
272,-18898.500,18896.650,176.824,180.986,0,0.89581,0.75701,107.497,6.813,-1,-1,-1,-1,-1,-1,-1,275.000,-1,425.000,0.000,225.000,-1,-1,-1,-1,-1,2,2,2,2,2,2,2,0,2,0,0,0,2,2,2,2,2
274,-18898.500,18866.244,173.746,191.372,0,0.80094,0.51701,96.112,4.653,-1,-1,-1,-1,-1,-1,-1,275.000,275.000,425.000,50.000,875.000,-1,-1,-1,-1,-1,2,2,2,2,2,2,2,0,0,0,0,0,2,2,2,2,2
276,-18898.500,18812.654,168.334,197.438,0,0.80094,0.27701,96.112,2.493,-1,-1,-1,-1,-1,-1,-1,250.000,250.000,450.000,900.000,-1,-1,-1,-1,-1,-1,2,2,2,2,2,2,2,0,0,0,0,2,2,2,2,2,2
278,-18898.500,18740.707,161.075,199.733,0,0.93271,0.09789,111.925,0.881,-1,-1,-1,-1,-1,-1,-1,250.000,250.000,500.000,-1,-1,-1,-1,-1,-1,-1,2,2,2,2,2,2,2,0,0,0,2,2,2,2,2,2,2
280,-18898.500,18668.225,154.515,198.255,0,0.93271,-0.14211,111.925,-1.279,-1,-1,-1,-1,-1,-1,-1,300.000,225.000,600.000,50.000,-1,-1,-1,-1,-1,-1,2,2,2,2,2,2,2,0,0,0,0,2,2,2,2,2,2
282,-18898.500,18599.543,149.559,198.937,0,0.90209,0.09789,108.251,0.881,-1,-1,-1,-1,-1,-1,-1,300.000,250.000,600.000,50.000,-1,-1,-1,-1,-1,-1,2,2,2,2,2,2,2,0,0,0,0,2,2,2,2,2,2
284,-18898.500,18517.006,143.604,203.939,0,0.90209,0.33789,108.251,3.041,-1,-1,-1,-1,-1,-1,-1,275.000,250.000,600.000,50.000,-1,-1,-1,-1,-1,-1,2,2,2,2,2,2,2,0,0,0,0,2,2,2,2,2,2
286,-18898.500,18427.075,137.114,210.709,0,0.74209,0.43611,89.051,3.925,-1,-1,-1,-1,-1,-1,-1,275.000,250.000,650.000,100.000,-1,-1,-1,-1,-1,-1,2,2,2,2,2,2,2,0,0,0,0,2,2,2,2,2,2
288,-18898.500,18334.139,130.408,221.799,0,0.58209,0.67611,69.851,6.085,-1,350.000,-1,-1,-1,325.000,-1,250.000,275.000,850.000,250.000,-1,-1,-1,-1,-1,-1,2,0,2,2,2,0,2,0,0,0,0,2,2,2,2,2,2
290,-18898.500,18205.995,121.164,232.889,0,0.73382,0.67611,88.058,6.085,575.000,325.000,-1,-1,-1,275.000,300.000,225.000,275.000,-1,-1,-1,-1,525.000,-1,-1,-1,0,0,2,2,2,0,0,0,0,2,2,2,2,0,2,2,2
292,-18898.500,18047.876,109.759,248.299,0,0.73382,0.91611,88.058,8.245,350.000,275.000,-1,300.000,-1,225.000,250.000,225.000,-1,-1,-1,-1,875.000,475.000,-1,375.000,-1,0,0,2,0,2,0,0,0,2,2,2,2,0,0,2,0,2
294,-18898.500,17885.087,109.293,261.549,0,0.69314,0.67611,83.177,6.085,-1,400.000,-1,450.000,-1,325.000,350.000,250.000,-1,-1,25.000,0.000,-1,800.000,-1,-1,-1,2,0,2,0,2,0,0,0,2,2,0,0,2,0,2,2,2
296,-18897.805,17718.885,109.527,270.479,0,0.69314,0.43611,83.177,3.925,-1,400.000,-1,525.000,-1,350.000,375.000,250.000,-1,-1,150.000,150.000,-1,850.000,-1,-1,-1,2,0,2,0,2,0,0,0,2,2,0,0,2,0,2,2,2
298,-18883.989,17531.510,109.515,275.089,0,0.79274,0.19611,95.129,1.765,-1,400.000,-1,575.000,-1,350.000,375.000,250.000,-1,-1,325.000,325.000,-1,950.000,-1,-1,-1,2,0,2,0,2,0,0,0,2,2,0,0,2,0,2,2,2
299,-18874.420,17436.863,109.484,275.773,0,0.79274,0.07611,95.129,0.685,-1,400.000,-1,600.000,-1,350.000,375.000,250.000,-1,-1,425.000,400.000,-1,975.000,-1,-1,-1,2,0,2,0,2,0,0,0,2,2,0,0,2,0,2,2,2
