timestep,x_cm,y_cm,z_cm,yaw_deg,basis_xx,basis_xy,basis_xz,basis_yx,basis_yy,basis_yz,basis_zx,basis_zy,basis_zz,teleport_flag,throttle_cmd,steering_cmd,cmd_move_cm,cmd_turn_deg,lidar_cm_0,lidar_cm_1,lidar_cm_2,lidar_cm_3,lidar_cm_4,lidar_cm_5,lidar_cm_6,lidar_cm_7,lidar_cm_8,lidar_cm_9,lidar_cm_10,lidar_cm_11,lidar_cm_12,lidar_cm_13,lidar_cm_14,lidar_cm_15,lidar_cm_16,lidar_class_0,lidar_class_1,lidar_class_2,lidar_class_3,lidar_class_4,lidar_class_5,lidar_class_6,lidar_class_7,lidar_class_8,lidar_class_9,lidar_class_10,lidar_class_11,lidar_class_12,lidar_class_13,lidar_class_14,lidar_class_15,lidar_class_16
0,-987.774,-325.135,203.936,143.817,-0.806993,-0.590248,0.019211,0.590493,-0.806965,0.011165,0.008913,0.020354,0.999753,1,0.08000,-0.12000,4.800,-0.240,-1,400.000,-1,400.000,-1,325.000,325.000,300.000,300.000,-1,-1,-1,-1,775.000,800.000,-1,-1,2,0,2,0,2,0,0,0,0,2,2,2,2,0,0,2,2
1,-995.475,-319.402,204.040,143.337,-0.802022,-0.596985,0.019215,0.597232,-0.801989,0.011285,0.008674,0.020526,0.999752,0,0.16000,-0.24000,9.600,-0.480,-1,400.000,-1,400.000,-1,325.000,325.000,300.000,300.000,-1,-1,-1,-1,775.000,800.000,-1,-1,2,0,2,0,2,0,0,0,0,2,2,2,2,0,0,2,2
2,-1006.938,-310.686,204.192,142.751,-0.795879,-0.605151,0.019223,0.605398,-0.795840,0.011462,0.008363,0.020760,0.999750,0,0.24000,-0.29289,14.400,-0.586,-1,400.000,-1,400.000,-1,325.000,325.000,300.000,300.000,-1,-1,-1,-1,775.000,800.000,-1,-1,2,0,2,0,2,0,0,0,0,2,2,2,2,0,0,2,2
3,-1022.101,-298.908,204.353,142.160,-0.789605,-0.613319,0.019069,0.613565,-0.789559,0.011653,0.007909,0.020902,0.999750,0,0.32000,-0.29527,19.200,-0.591,-1,400.000,-1,400.000,-1,325.000,325.000,300.000,300.000,-1,-1,-1,-1,775.000,800.000,-1,-1,2,0,2,0,2,0,0,0,0,2,2,2,2,0,0,2,2
4,-1040.899,-283.988,204.546,141.561,-0.783156,-0.621539,0.018878,0.621781,-0.783101,0.011892,0.007392,0.021051,0.999751,0,0.40000,-0.29952,24.000,-0.599,-1,400.000,-1,400.000,-1,325.000,325.000,300.000,300.000,-1,-1,-1,-1,775.000,775.000,-1,-1,2,0,2,0,2,0,0,0,0,2,2,2,2,0,0,2,2
5,-1063.265,-265.844,204.767,140.950,-0.776487,-0.629857,0.018663,0.630096,-0.776422,0.012169,0.006826,0.021209,0.999752,0,0.48000,-0.30568,28.800,-0.611,-1,400.000,-1,400.000,-1,325.000,325.000,300.000,300.000,-1,-1,-1,-1,775.000,775.000,-1,-1,2,0,2,0,2,0,0,0,0,2,2,2,2,0,0,2,2
6,-1089.125,-244.391,204.946,140.322,-0.769546,-0.638325,0.018423,0.638558,-0.769478,0.012134,0.006431,0.021102,0.999757,0,0.56000,-0.31380,33.600,-0.628,-1,400.000,-1,400.000,-1,325.000,325.000,300.000,300.000,-1,-1,-1,-1,775.000,775.000,-1,-1,2,0,2,1,2,0,0,0,0,2,2,2,2,0,0,2,2
7,-1118.401,-219.542,205.145,139.674,-0.762285,-0.646987,0.018162,0.647214,-0.762212,0.012122,0.006000,0.020995,0.999762,0,0.64000,-0.32397,38.400,-0.648,-1,400.000,-1,400.000,-1,325.000,325.000,300.000,300.000,-1,-1,-1,-1,750.000,775.000,-1,-1,2,0,2,1,2,0,0,0,0,2,2,2,2,0,0,2,2
8,-1151.005,-191.201,205.363,139.002,-0.754644,-0.655891,0.017884,0.656111,-0.754567,0.012142,0.005531,0.020897,0.999766,0,0.72000,-0.33627,43.200,-0.673,-1,400.000,-1,400.000,-1,325.000,325.000,300.000,300.000,-1,-1,-1,-1,750.000,775.000,-1,-1,2,0,2,1,2,0,0,0,0,2,2,2,2,0,0,2,2
9,-1186.844,-159.270,205.597,138.300,-0.746562,-0.665083,0.017596,0.665297,-0.746479,0.012201,0.005020,0.020816,0.999771,0,0.80000,-0.35084,48.000,-0.702,-1,400.000,-1,400.000,-1,325.000,325.000,300.000,300.000,-1,-1,-1,-1,750.000,775.000,-1,-1,2,0,2,1,2,0,0,0,0,2,2,2,2,0,0,2,2
10,-1225.812,-123.643,205.843,137.565,-0.737969,-0.674613,0.017291,0.674820,-0.737880,0.012307,0.004456,0.020750,0.999775,0,0.88000,-0.36780,52.800,-0.736,-1,400.000,-1,400.000,-1,325.000,325.000,300.000,300.000,-1,-1,-1,-1,750.000,775.000,-1,-1,2,0,2,1,2,0,1,0,0,2,2,2,2,0,0,2,2
11,-1267.335,-84.636,206.095,136.790,-0.728790,-0.684527,0.016971,0.684727,-0.728693,0.012465,0.003834,0.020705,0.999778,0,0.94951,-0.38731,56.971,-0.775,-1,400.000,-1,400.000,-1,325.000,325.000,300.000,300.000,-1,-1,-1,-1,750.000,775.000,-1,-1,2,0,2,1,2,0,0,0,0,2,2,2,2,0,0,2,2
12,-1308.099,-45.234,205.189,135.972,-0.718999,-0.694796,0.017274,0.695011,-0.718769,0.018179,-0.000214,0.025077,0.999686,0,0.94490,-0.40920,56.694,-0.818,-1,375.000,-1,375.000,-1,300.000,325.000,300.000,-1,-1,-1,-1,-1,725.000,750.000,-1,-1,2,0,2,0,2,0,0,0,2,2,2,2,2,0,0,2,2
13,-1348.022,-5.464,204.141,135.109,-0.708539,-0.705444,0.017923,0.705656,-0.708128,0.024603,-0.004664,0.030079,0.999537,0,0.93919,-0.43141,56.351,-0.863,-1,375.000,-1,375.000,-1,300.000,300.000,325.000,-1,-1,-1,-1,-1,700.000,700.000,-1,-1,2,0,2,0,2,0,0,0,2,2,2,2,2,0,0,2,2
14,-1387.025,34.641,203.446,134.201,-0.697351,-0.716486,0.018689,0.716685,-0.696780,0.029340,-0.008000,0.033855,0.999395,0,0.93239,-0.45382,55.943,-0.908,-1,375.000,-1,375.000,-1,300.000,300.000,325.000,-1,-1,-1,-1,-1,700.000,675.000,-1,-1,2,0,2,0,2,0,0,0,2,2,2,2,2,0,0,2,2
15,-1425.035,75.047,203.046,133.248,-0.685399,-0.727901,0.019701,0.728097,-0.684704,0.032491,-0.010161,0.036614,0.999278,0,0.92456,-0.47633,55.474,-0.953,-1,375.000,-1,350.000,-1,300.000,300.000,325.000,-1,-1,-1,-1,-1,700.000,675.000,-1,-1,2,0,2,0,2,0,0,0,2,2,2,2,2,0,0,2,2
16,-1465.227,119.596,202.886,132.056,-0.670133,-0.741951,0.020752,0.742155,-0.669366,0.033998,-0.011334,0.038185,0.999206,0,1.00000,-0.59633,60.000,-1.193,-1,375.000,-1,350.000,-1,300.000,300.000,325.000,-1,-1,-1,-1,-1,700.000,675.000,-1,-1,2,0,2,0,2,0,0,0,2,2,2,2,2,0,0,2,2
17,-1504.292,165.137,202.975,130.623,-0.651376,-0.758443,0.021753,0.758667,-0.650596,0.033916,-0.011571,0.038595,0.999188,0,1.00000,-0.71633,60.000,-1.433,-1,375.000,-1,350.000,-1,300.000,300.000,325.000,-1,-1,-1,-1,-1,700.000,675.000,-1,-1,2,0,2,0,2,0,0,0,2,2,2,2,2,0,0,2,2
18,-1542.011,211.798,203.288,128.950,-0.628940,-0.777123,0.022677,0.777374,-0.628190,0.032660,-0.011135,0.038169,0.999209,0,1.00000,-0.83633,60.000,-1.673,-1,375.000,-1,350.000,-1,300.000,300.000,325.000,-1,-1,-1,-1,-1,700.000,675.000,-1,-1,2,0,2,0,2,0,0,0,2,2,2,2,2,0,0,2,2
19,-1578.151,259.693,203.670,127.038,-0.602617,-0.797698,0.023022,0.797962,-0.601934,0.030533,-0.010499,0.036770,0.999269,0,1.00000,-0.95633,60.000,-1.913,-1,375.000,-1,375.000,-1,300.000,300.000,325.000,-1,-1,-1,-1,-1,700.000,675.000,-1,-1,2,0,2,0,2,0,0,0,2,2,2,2,2,0,0,2,2
20,-1612.597,308.820,204.079,125.038,-0.574362,-0.818293,0.022485,0.818544,-0.573780,0.027622,-0.009701,0.034270,0.999366,0,1.00000,-1.00000,60.000,-2.000,-1,375.000,-1,375.000,-1,300.000,300.000,325.000,-1,-1,-1,-1,-1,725.000,700.000,-1,-1,2,0,2,0,2,0,0,0,2,2,2,2,2,0,0,2,2
21,-1645.308,359.120,204.612,123.038,-0.545392,-0.837906,0.021484,0.838139,-0.544929,0.023991,-0.008395,0.031091,0.999481,0,1.00000,-1.00000,60.000,-2.000,-1,375.000,-1,375.000,-1,300.000,300.000,300.000,-1,-1,-1,-1,-1,725.000,725.000,-1,-1,2,0,2,0,2,0,0,0,2,2,2,2,2,0,0,2,2
22,-1676.243,410.530,205.258,121.038,-0.515750,-0.856505,0.020031,0.856712,-0.515409,0.019932,-0.006748,0.027441,0.999601,0,1.00000,-1.00000,60.000,-2.000,-1,375.000,-1,400.000,-1,325.000,325.000,300.000,-1,-1,-1,-1,-1,750.000,750.000,-1,-1,2,0,2,0,2,0,0,0,2,2,2,2,2,0,0,2,2
23,-1705.366,462.988,205.305,119.038,-0.485531,-0.874005,0.019368,0.874192,-0.485223,0.018617,-0.006874,0.025970,0.999639,0,1.00000,-1.00000,60.000,-2.000,-1,400.000,-1,400.000,-1,325.000,325.000,300.000,-1,-1,-1,-1,-1,750.000,750.000,-1,-1,2,0,2,0,2,0,0,0,2,2,2,2,2,0,0,2,2
24,-1732.641,516.431,204.313,117.038,-0.454732,-0.890351,0.022241,0.890605,-0.454396,0.018629,-0.006480,0.028279,0.999579,0,1.00000,-1.00000,60.000,-2.000,-1,400.000,-1,400.000,-1,325.000,325.000,300.000,-1,-1,-1,-1,-1,750.000,750.000,-1,-1,2,0,2,0,2,0,0,0,2,2,2,2,2,0,0,2,2
25,-1758.036,570.791,202.440,115.038,-0.423325,-0.905512,0.029035,0.905970,-0.422975,0.017609,-0.003664,0.033759,0.999423,0,1.00000,-1.00000,60.000,-2.000,-1,400.000,-1,400.000,-1,325.000,325.000,300.000,-1,-1,-1,-1,-1,775.000,750.000,-1,-1,2,0,2,0,2,0,0,0,2,2,2,2,2,0,0,2,2
26,-1781.519,626.006,200.935,113.038,-0.391395,-0.919589,0.034154,0.920221,-0.391058,0.016315,-0.001647,0.037814,0.999283,0,1.00000,-1.00000,60.000,-2.000,-1,400.000,-1,400.000,-1,325.000,325.000,300.000,-1,-1,-1,725.000,-1,775.000,750.000,-1,-1,2,0,2,0,2,0,0,0,2,2,2,0,2,0,0,2,2
27,-1802.884,681.552,199.753,111.038,-0.359004,-0.932574,0.037715,0.933336,-0.358688,0.015091,-0.000546,0.040618,0.999175,0,0.99188,-1.00000,59.513,-2.000,-1,400.000,-1,400.000,-1,325.000,325.000,325.000,-1,-1,725.000,300.000,-1,800.000,750.000,-1,-1,2,0,2,0,2,0,0,0,2,2,0,0,2,0,0,2,2
28,-1822.037,737.052,198.788,109.038,-0.326200,-0.944465,0.039746,0.945301,-0.325902,0.013933,-0.000206,0.042117,0.999113,0,0.97853,-1.00000,58.712,-2.000,-1,400.000,-1,400.000,-1,325.000,325.000,325.000,-1,-1,525.000,125.000,-1,800.000,725.000,-1,-1,2,0,2,0,2,0,0,0,2,2,0,1,2,0,0,2,2
29,-1839.011,792.443,197.999,107.038,-0.293005,-0.955253,0.040487,0.956111,-0.292740,0.012467,-0.000057,0.042363,0.999102,0,0.96555,-1.00000,57.933,-2.000,-1,400.000,-1,400.000,-1,325.000,325.000,325.000,-1,-1,400.000,100.000,-1,800.000,725.000,-1,-1,2,0,2,0,2,0,0,0,2,2,0,0,2,0,0,2,2
30,-1853.848,847.670,197.458,105.038,-0.259476,-0.964908,0.040317,0.965750,-0.259229,0.011331,-0.000482,0.041876,0.999123,0,0.95308,-1.00000,57.185,-2.000,-1,400.000,-1,400.000,-1,325.000,325.000,325.000,-1,-1,325.000,100.000,-1,800.000,725.000,-1,-1,2,0,2,0,2,0,0,0,2,2,0,0,2,0,0,2,2
31,-1866.587,902.688,197.090,103.038,-0.225655,-0.973419,0.039179,0.974206,-0.225408,0.010661,-0.001547,0.040574,0.999175,0,0.94122,-1.00000,56.473,-2.000,-1,400.000,-1,400.000,-1,325.000,325.000,325.000,-1,-1,325.000,150.000,-1,775.000,725.000,-1,-1,2,0,2,0,2,0,0,0,2,2,0,0,2,0,0,2,2
32,-1877.271,957.461,196.866,101.038,-0.191575,-0.980771,0.037246,0.981473,-0.191314,0.010489,-0.003162,0.038566,0.999251,0,0.93008,-1.00000,55.805,-2.000,-1,400.000,-1,400.000,-1,325.000,325.000,325.000,-1,-1,500.000,225.000,-1,750.000,725.000,-1,-1,2,0,2,0,2,0,0,0,2,2,0,0,2,0,0,2,2
33,-1885.938,1011.959,196.757,99.038,-0.157270,-0.986946,0.034687,0.987542,-0.156984,0.010827,-0.005241,0.035957,0.999340,0,0.91971,-1.00000,55.183,-2.000,-1,400.000,-1,400.000,-1,325.000,325.000,325.000,-1,-1,900.000,375.000,-1,750.000,700.000,-1,-1,2,0,2,0,2,0,0,0,2,2,0,0,2,0,0,2,2
34,-1892.627,1066.158,196.734,97.038,-0.122772,-0.991930,0.031663,0.992405,-0.122458,0.011669,-0.007697,0.032855,0.999430,0,0.91016,-1.00000,54.610,-2.000,-1,400.000,-1,375.000,-1,325.000,325.000,325.000,-1,-1,-1,-1,-1,725.000,700.000,-1,-1,2,0,2,0,2,0,0,0,2,2,2,2,2,0,0,2,2
35,-1897.375,1120.037,196.769,95.038,-0.088114,-0.995707,0.028332,0.996056,-0.087775,0.012988,-0.010446,0.029365,0.999514,0,0.90145,-1.00000,54.087,-2.000,-1,375.000,-1,375.000,-1,325.000,325.000,300.000,-1,-1,-1,-1,-1,700.000,700.000,-1,-1,2,0,2,0,2,0,0,0,2,2,2,2,2,0,0,2,2
36,-1900.215,1173.576,196.833,93.038,-0.053333,-0.998268,0.024840,0.998487,-0.052977,0.014742,-0.013401,0.025589,0.999583,0,0.89358,-1.00000,53.615,-2.000,-1,375.000,-1,375.000,-1,300.000,300.000,300.000,-1,-1,-1,-1,-1,675.000,700.000,-1,-1,2,0,2,0,2,0,0,0,2,2,2,2,2,0,0,2,2
37,-1901.179,1226.760,196.030,91.038,-0.018456,-0.999528,0.024567,0.999733,-0.018106,0.014376,-0.013925,0.024826,0.999595,0,0.88654,-1.00000,53.193,-2.000,-1,375.000,-1,375.000,-1,300.000,300.000,300.000,-1,-1,-1,-1,-1,675.000,700.000,-1,-1,2,0,2,0,2,0,0,0,2,2,2,2,2,0,1,2,2
38,-1900.291,1279.572,195.093,89.038,0.016446,-0.999562,0.024609,0.999764,0.016788,0.013766,-0.014173,0.024377,0.999602,0,0.88032,-1.00000,52.819,-2.000,-1,375.000,-1,375.000,-1,300.000,300.000,300.000,-1,-1,-1,-1,-1,675.000,700.000,-1,-1,2,0,2,0,2,0,0,0,2,2,2,2,2,0,1,2,2
39,-1897.579,1331.994,194.067,87.038,0.051276,-0.998323,0.026863,0.998570,0.051659,0.013786,-0.015151,0.026118,0.999544,0,0.87487,-1.00000,52.492,-2.000,-1,375.000,-1,375.000,-1,300.000,300.000,300.000,-1,-1,-1,-1,-1,675.000,675.000,-1,-1,2,0,2,0,2,0,0,0,2,2,2,2,2,0,1,2,2
40,-1892.625,1389.072,192.456,85.038,0.085919,-0.995757,0.032943,0.996140,0.086456,0.015215,-0.017999,0.031509,0.999341,0,0.95487,-1.00000,57.292,-2.000,-1,350.000,-1,350.000,-1,300.000,300.000,325.000,-1,-1,-1,-1,-1,650.000,650.000,-1,-1,2,0,2,0,2,0,0,0,2,2,2,2,2,0,1,2,2
41,-1885.544,1447.075,190.856,83.038,0.120440,-0.991962,0.038803,0.992507,0.121133,0.016032,-0.020603,0.036581,0.999118,0,0.97389,-1.00000,58.433,-2.000,-1,350.000,-1,350.000,-1,300.000,300.000,325.000,-1,-1,-1,-1,-1,650.000,625.000,-1,-1,2,0,2,1,2,0,0,0,2,2,2,2,2,0,0,2,2
42,-1876.495,1504.462,189.318,81.038,0.154810,-0.986954,0.044220,0.987679,0.155651,0.016222,-0.022894,0.041164,0.998890,0,0.96826,-1.00000,58.095,-2.000,-1,350.000,-1,350.000,-1,275.000,275.000,325.000,-1,-1,-1,-1,-1,625.000,600.000,-1,-1,2,0,2,1,2,0,0,0,2,2,2,2,2,0,0,2,2
43,-1865.513,1561.171,187.868,79.038,0.189003,-0.980752,0.049029,0.981664,0.189967,0.015777,-0.024788,0.045148,0.998673,0,0.96270,-1.00000,57.762,-2.000,-1,350.000,-1,350.000,-1,275.000,275.000,325.000,-1,-1,-1,-1,-1,625.000,600.000,-1,-1,2,0,2,1,2,0,0,0,2,2,2,2,2,0,0,2,2
44,-1852.631,1617.140,186.534,77.038,0.222992,-0.973374,0.053071,0.974468,0.224045,0.014713,-0.026212,0.048436,0.998482,0,0.95720,-1.00000,57.432,-2.000,-1,350.000,-1,350.000,-1,275.000,275.000,325.000,-1,-1,-1,-1,-1,625.000,575.000,-1,-1,2,0,2,1,2,0,0,0,2,2,2,2,2,0,0,2,2
45,-1837.889,1672.309,185.337,75.038,0.256751,-0.964842,0.056203,0.966097,0.257847,0.013070,-0.027102,0.050942,0.998334,0,0.95174,-1.00000,57.104,-2.000,-1,350.000,-1,325.000,-1,275.000,275.000,325.000,-1,-1,-1,-1,-1,625.000,575.000,-1,-1,2,0,2,1,2,0,1,0,2,2,2,2,2,0,0,2,2
46,-1821.326,1726.617,184.297,73.038,0.290250,-0.955174,0.058293,0.956558,0.291337,0.010911,-0.027405,0.052594,0.998240,0,0.94629,-1.00000,56.778,-2.000,-1,350.000,-1,325.000,-1,275.000,275.000,325.000,-1,-1,-1,-1,-1,625.000,575.000,-1,-1,2,0,2,1,2,0,1,0,2,2,2,2,2,0,0,2,2
47,-1804.642,1775.845,183.532,71.278,0.319501,-0.945745,0.059037,0.947201,0.320526,0.008528,-0.026988,0.053195,0.998219,0,0.86629,-0.88000,51.978,-1.760,-1,350.000,-1,325.000,-1,275.000,275.000,325.000,-1,-1,-1,-1,-1,625.000,575.000,-1,-1,2,0,2,0,2,0,0,0,2,2,2,2,2,0,0,2,2
48,-1787.448,1821.908,182.925,69.530,0.348287,-0.935536,0.058887,0.937022,0.349218,0.005992,-0.026170,0.053091,0.998247,0,0.81945,-0.87372,49.167,-1.747,-1,350.000,-1,325.000,-1,275.000,275.000,325.000,-1,-1,-1,-1,-1,650.000,600.000,-1,-1,2,0,2,0,2,0,0,0,2,2,2,2,2,0,0,2,2
49,-1768.970,1867.167,182.674,67.791,0.376609,-0.924508,0.058743,0.926022,0.377452,0.003572,-0.025476,0.053052,0.998267,0,0.81476,-0.86963,48.885,-1.739,-1,350.000,-1,325.000,-1,275.000,275.000,325.000,-1,-1,-1,-1,-1,650.000,600.000,-1,-1,2,0,2,0,2,0,0,0,2,2,2,2,2,0,0,2,2
50,-1749.247,1911.591,182.692,66.061,0.404452,-0.912706,0.058202,0.914224,0.405207,0.001294,-0.024765,0.052686,0.998304,0,0.81008,-0.86526,48.605,-1.731,-1,350.000,-1,325.000,-1,275.000,275.000,325.000,-1,-1,-1,-1,-1,675.000,625.000,-1,-1,2,0,2,0,2,0,0,0,2,2,2,2,2,0,0,2,2
51,-1728.319,1955.151,182.833,64.339,0.431826,-0.900184,0.056523,0.901649,0.432468,-0.000962,-0.023578,0.051379,0.998401,0,0.80543,-0.86060,48.326,-1.721,-1,350.000,-1,325.000,-1,275.000,275.000,325.000,-1,-1,-1,-1,-1,675.000,650.000,-1,-1,2,0,2,0,2,0,0,0,2,2,2,2,2,0,0,2,2
52,-1706.227,1997.822,182.720,62.628,0.458737,-0.886897,0.054540,0.888333,0.459173,-0.004990,-0.020618,0.050739,0.998499,0,0.80085,-0.85567,48.051,-1.711,-1,375.000,-1,350.000,-1,300.000,300.000,325.000,-1,-1,-1,-1,-1,725.000,675.000,-1,-1,2,0,2,0,2,0,0,0,2,2,2,2,2,0,0,2,2
53,-1683.010,2039.584,182.023,60.927,0.485189,-0.872821,0.052677,0.874282,0.485265,-0.012194,-0.014919,0.051971,0.998537,0,0.79635,-0.85047,47.781,-1.701,-1,375.000,-1,350.000,-1,300.000,300.000,325.000,-1,-1,-1,900.000,-1,800.000,700.000,-1,-1,2,0,2,0,2,0,0,0,2,2,2,0,2,0,0,2,2
54,-1658.705,2080.416,181.777,59.237,0.511043,-0.858159,0.048959,0.859502,0.510813,-0.018046,-0.009523,0.051303,0.998638,0,0.79197,-0.84502,47.518,-1.690,-1,400.000,-1,375.000,-1,325.000,300.000,325.000,-1,-1,825.000,475.000,-1,900.000,750.000,-1,-1,2,0,2,0,2,0,0,0,2,2,0,0,2,0,0,2,2
55,-1633.350,2120.305,181.725,57.558,0.536281,-0.842897,0.043902,0.844032,0.535777,-0.023528,-0.003690,0.049672,0.998759,0,0.78774,-0.83932,47.265,-1.679,-1,400.000,-1,400.000,-1,325.000,325.000,325.000,-1,-1,525.000,300.000,-1,1000.000,825.000,-1,-1,2,0,2,0,2,0,0,0,2,2,0,0,2,0,0,2,2
56,-1606.982,2159.237,181.882,55.892,0.560856,-0.827062,0.037524,0.827909,0.560139,-0.028464,0.002523,0.047030,0.998890,0,0.78369,-0.83339,47.021,-1.667,-1,425.000,-1,400.000,-1,350.000,325.000,325.000,-1,-1,350.000,25.000,-1,-1,900.000,-1,-1,2,0,2,0,2,0,0,0,2,2,0,0,2,2,0,2,2
57,-1579.637,2197.206,180.626,54.237,0.584592,-0.810472,0.037253,0.811317,0.583732,-0.031982,0.004175,0.048920,0.998794,0,0.77984,-0.82724,46.790,-1.654,-1,450.000,-1,425.000,-1,350.000,350.000,325.000,-1,-1,100.000,0.000,-1,-1,900.000,-1,-1,2,0,2,0,2,0,0,0,2,2,0,0,2,2,0,2,2
58,-1551.348,2234.204,179.060,52.595,0.607616,-0.793312,0.038187,0.794218,0.606633,-0.034838,0.004472,0.051496,0.998663,0,0.77622,-0.82087,46.573,-1.642,-1,450.000,-1,425.000,-1,350.000,350.000,325.000,-1,-1,0.000,0.000,-1,-1,900.000,-1,-1,2,0,2,0,2,0,0,0,2,2,0,0,2,2,0,2,2
59,-1522.145,2270.225,177.536,50.967,0.629947,-0.775666,0.038852,0.776626,0.628866,-0.037155,0.004387,0.053579,0.998554,0,0.77286,-0.81430,46.371,-1.629,-1,450.000,-1,425.000,-1,350.000,350.000,325.000,-1,-1,0.000,0.000,-1,-1,900.000,-1,-1,2,0,2,0,2,0,0,0,2,2,0,0,2,2,0,2,2
60,-1492.059,2305.269,176.070,49.352,0.651571,-0.757569,0.039285,0.758577,0.650423,-0.038865,0.003891,0.055124,0.998472,0,0.76976,-0.80754,46.186,-1.615,-1,450.000,-1,425.000,-1,350.000,350.000,325.000,-1,-1,0.000,0.000,-1,-1,900.000,-1,-1,2,0,2,0,2,0,0,0,2,2,0,0,2,2,0,2,2
61,-1461.119,2339.333,174.672,47.751,0.672479,-0.739060,0.039533,0.740110,0.671301,-0.039905,0.002954,0.056093,0.998421,0,0.76696,-0.80059,46.017,-1.601,-1,475.000,-1,425.000,-1,350.000,350.000,325.000,-1,-1,0.000,0.000,-1,-1,900.000,-1,-1,2,0,2,0,2,0,0,0,2,2,0,1,2,2,0,2,2
62,-1429.351,2372.418,173.317,46.164,0.692668,-0.720177,0.039439,0.721255,0.691503,-0.040200,0.001679,0.056291,0.998413,0,0.76445,-0.79346,45.867,-1.587,-1,475.000,-1,425.000,-1,350.000,350.000,325.000,-1,-1,0.000,0.000,-1,-1,900.000,-1,-1,2,0,2,0,2,0,0,0,2,2,0,1,2,2,0,2,2
63,-1396.782,2404.525,172.038,44.591,0.712131,-0.700952,0.039187,0.702046,0.711024,-0.039703,-0.000033,0.055785,0.998443,0,0.76224,-0.78617,45.734,-1.572,-1,475.000,-1,425.000,-1,350.000,350.000,325.000,-1,-1,0.000,0.000,-1,-1,900.000,-1,-1,2,0,2,0,2,0,0,0,2,2,0,1,2,2,0,2,2
64,-1363.434,2435.658,170.859,43.034,0.730865,-0.681412,0.038906,0.682519,0.729860,-0.038377,-0.002245,0.054603,0.998506,0,0.76034,-0.77872,45.620,-1.557,-1,475.000,-1,425.000,-1,350.000,350.000,325.000,-1,-1,0.000,0.000,-1,-1,875.000,-1,-1,2,0,2,0,2,0,0,0,2,2,0,1,2,2,0,2,2
65,-1329.333,2465.817,169.789,41.492,0.748870,-0.661589,0.038656,0.662699,0.748011,-0.036191,-0.004972,0.052719,0.998597,0,0.75874,-0.77113,45.524,-1.542,-1,475.000,-1,400.000,-1,350.000,350.000,325.000,-1,-1,0.000,0.000,-1,-1,875.000,-1,-1,2,0,2,0,2,0,0,0,2,2,0,1,2,2,0,2,2
66,-1298.221,2492.096,168.920,40.189,0.763638,-0.644492,0.038560,0.645598,0.762941,-0.033542,-0.007801,0.050509,0.998693,0,0.67874,-0.65113,40.724,-1.302,-1,475.000,-1,400.000,-1,350.000,350.000,325.000,-1,-1,0.000,0.000,-1,-1,850.000,-1,-1,2,0,2,0,2,0,0,0,2,2,0,1,2,2,0,2,2
67,-1267.242,2517.294,168.125,39.127,0.775374,-0.630314,0.038710,0.631409,0.774852,-0.030435,-0.010811,0.048041,0.998787,0,0.66553,-0.53113,39.932,-1.062,-1,475.000,-1,400.000,-1,350.000,350.000,325.000,-1,-1,0.000,0.000,-1,-1,850.000,-1,-1,2,0,2,0,2,0,0,0,2,2,0,1,2,2,0,2,2
68,-1235.990,2541.978,167.377,38.305,0.784247,-0.619214,0.039118,0.620286,0.783924,-0.026610,-0.014188,0.045134,0.998880,0,0.66375,-0.41113,39.825,-0.822,-1,475.000,-1,400.000,-1,350.000,350.000,325.000,-1,-1,0.000,0.000,-1,-1,825.000,-1,-1,2,0,2,0,2,0,0,0,2,2,0,0,2,2,0,2,2
69,-1204.510,2566.135,166.575,37.506,0.792696,-0.608336,0.039518,0.609337,0.792632,-0.021065,-0.018509,0.040778,0.998997,0,0.66134,-0.39952,39.680,-0.799,-1,475.000,-1,400.000,-1,350.000,325.000,325.000,-1,-1,25.000,0.000,-1,-1,825.000,-1,-1,2,0,2,0,2,0,0,0,2,2,0,0,2,2,0,2,2
70,-1172.800,2589.786,165.894,36.722,0.800836,-0.597551,0.039930,0.598434,0.801037,-0.014703,-0.023200,0.035670,0.999094,0,0.65930,-0.39197,39.558,-0.784,-1,450.000,-1,400.000,-1,350.000,325.000,325.000,-1,-1,-1,0.000,-1,-1,800.000,-1,-1,2,0,2,0,2,0,0,0,2,2,2,0,2,2,0,2,2
71,-1140.857,2612.951,165.358,35.953,0.808671,-0.586865,0.040514,0.587578,0.809132,-0.007560,-0.028345,0.029919,0.999150,0,0.65764,-0.38423,39.459,-0.768,-1,450.000,-1,400.000,-1,350.000,325.000,325.000,-1,-1,-1,-1,-1,-1,800.000,-1,-1,2,0,2,0,2,0,0,0,2,2,2,2,2,2,0,2,2
72,-1108.675,2635.652,164.967,35.201,0.816205,-0.576285,0.041297,0.576765,0.816910,0.000358,-0.033942,0.023526,0.999147,0,0.65638,-0.37630,39.383,-0.753,-1,425.000,-1,400.000,-1,350.000,325.000,325.000,-1,-1,-1,-1,-1,975.000,775.000,-1,-1,2,0,2,0,2,0,0,0,2,2,2,2,2,0,0,2,2
73,-1076.248,2657.907,164.732,34.464,0.823445,-0.565818,0.042297,0.565988,0.824364,0.008981,-0.039950,0.016545,0.999065,0,0.65547,-0.36819,39.328,-0.736,-1,425.000,-1,400.000,-1,325.000,325.000,300.000,-1,-1,-1,-1,-1,925.000,750.000,-1,-1,2,0,2,0,2,0,0,0,2,2,2,2,2,0,0,2,2
74,-1043.572,2679.735,164.465,33.745,0.830402,-0.555467,0.043464,0.555277,0.831482,0.017431,-0.045822,0.009659,0.998903,0,0.65493,-0.35989,39.296,-0.720,-1,425.000,-1,400.000,-1,325.000,325.000,300.000,-1,-1,-1,-1,-1,875.000,750.000,-1,-1,2,0,2,0,2,0,0,0,2,2,2,2,2,0,0,2,2
75,-1010.641,2701.155,162.682,33.042,0.837123,-0.545232,0.044125,0.544969,0.838244,0.018852,-0.047266,0.008265,0.998848,0,0.65473,-0.35143,39.284,-0.703,-1,425.000,-1,400.000,-1,325.000,325.000,300.000,-1,-1,-1,-1,-1,850.000,750.000,-1,-1,2,0,2,0,2,0,0,0,2,2,2,2,2,0,0,2,2
76,-977.450,2722.183,160.868,32.356,0.843557,-0.535169,0.044775,0.534832,0.844717,0.020210,-0.048638,0.006899,0.998793,0,0.65486,-0.34278,39.292,-0.686,-1,425.000,-1,400.000,-1,325.000,325.000,300.000,300.000,-1,-1,-1,-1,850.000,725.000,-1,-1,2,0,2,0,2,0,0,0,0,2,2,2,2,0,0,2,2
77,-943.992,2742.837,159.024,31.688,0.849710,-0.525290,0.045413,0.524879,0.850905,0.021507,-0.049939,0.005562,0.998737,0,0.65532,-0.33396,39.319,-0.668,-1,400.000,-1,375.000,-1,325.000,325.000,300.000,300.000,-1,-1,-1,-1,825.000,725.000,-1,-1,2,0,2,0,2,0,0,0,0,2,2,2,2,0,0,2,2
78,-910.263,2763.135,157.148,31.038,0.855587,-0.515608,0.046035,0.515123,0.856814,0.022746,-0.051171,0.004252,0.998681,0,0.65608,-0.32497,39.365,-0.650,-1,400.000,-1,375.000,-1,325.000,325.000,325.000,300.000,-1,-1,-1,-1,825.000,725.000,-1,-1,2,0,2,0,2,0,0,0,0,2,2,2,2,0,0,2,2
79,-876.257,2783.091,155.241,30.407,0.861193,-0.506134,0.046640,0.505576,0.862450,0.023930,-0.052337,0.002971,0.998625,0,0.65715,-0.31581,39.429,-0.632,-1,400.000,-1,375.000,-1,325.000,325.000,325.000,300.000,-1,-1,-1,-1,800.000,700.000,-1,-1,2,0,2,0,2,0,0,0,0,2,2,2,2,0,0,2,2
80,-841.969,2802.724,153.302,29.794,0.866533,-0.496880,0.047227,0.496250,0.867818,0.025061,-0.053437,0.001720,0.998570,0,0.65851,-0.30647,39.511,-0.613,-1,400.000,-1,375.000,-1,325.000,325.000,325.000,300.000,-1,-1,-1,-1,800.000,700.000,-1,-1,2,0,2,0,2,0,0,0,0,2,2,2,2,0,0,2,2
81,-811.593,2819.520,151.587,28.941,0.873815,-0.483907,0.047758,0.483211,0.875119,0.025952,-0.054353,0.000400,0.998522,0,0.57851,-0.42647,34.711,-0.853,-1,400.000,-1,375.000,-1,325.000,325.000,325.000,300.000,-1,-1,-1,-1,775.000,700.000,-1,-1,2,0,2,0,2,0,0,0,0,2,2,2,2,0,0,2,2
82,-785.180,2833.557,150.102,27.988,0.881731,-0.469282,0.048221,0.468526,0.883048,0.026644,-0.055085,-0.000900,0.998481,0,0.49851,-0.47659,29.911,-0.953,-1,400.000,-1,375.000,-1,325.000,325.000,325.000,300.000,-1,-1,-1,-1,775.000,700.000,-1,-1,2,0,2,0,2,0,0,0,0,2,2,2,2,0,0,2,2
83,-762.816,2844.977,148.851,27.049,0.889291,-0.454752,0.048607,0.453945,0.890615,0.027173,-0.055647,-0.002100,0.998448,0,0.41851,-0.46933,25.111,-0.939,-1,400.000,-1,375.000,-1,325.000,300.000,325.000,300.000,-1,-1,-1,-1,775.000,675.000,-1,-1,2,0,2,0,2,0,0,0,0,2,2,2,2,0,0,2,2
84,-744.580,2853.919,147.806,26.123,0.896530,-0.440290,0.048768,0.439435,0.897849,0.027626,-0.055950,-0.003337,0.998428,0,0.33851,-0.46325,20.311,-0.926,-1,400.000,-1,375.000,-1,325.000,300.000,325.000,300.000,-1,-1,-1,-1,750.000,675.000,-1,-1,2,0,2,0,2,0,0,0,0,2,2,2,2,0,0,2,2
85,-730.546,2860.525,146.925,25.206,0.903485,-0.425867,0.048493,0.424964,0.904773,0.028130,-0.055855,-0.004807,0.998427,0,0.25851,-0.45836,15.511,-0.917,-1,400.000,-1,375.000,-1,325.000,300.000,325.000,300.000,-1,-1,-1,-1,750.000,675.000,-1,-1,2,0,2,0,2,0,0,0,0,2,2,2,2,0,0,2,2
86,-720.784,2864.932,146.330,24.297,0.910157,-0.411451,0.048190,0.410509,0.911411,0.028508,-0.055650,-0.006164,0.998431,0,0.17851,-0.45466,10.711,-0.909,-1,400.000,-1,375.000,-1,325.000,300.000,325.000,300.000,-1,-1,-1,-1,750.000,675.000,-1,-1,2,0,2,0,2,0,0,0,0,2,2,2,2,0,0,2,2
87,-715.359,2867.279,146.001,23.392,0.916561,-0.397013,0.047931,0.396040,0.917784,0.028729,-0.055396,-0.007349,0.998437,0,0.09851,-0.45214,5.911,-0.904,-1,400.000,-1,375.000,-1,325.000,300.000,325.000,300.000,-1,-1,-1,-1,750.000,675.000,-1,-1,2,0,2,0,2,0,0,0,0,2,2,2,2,0,0,2,2
88,-714.333,2867.704,145.920,22.491,0.922711,-0.382520,0.047783,0.381528,0.923910,0.028757,-0.055147,-0.008304,0.998444,0,0.01851,-0.45078,1.111,-0.902,-1,400.000,-1,375.000,-1,325.000,300.000,325.000,300.000,-1,-1,-1,-1,750.000,675.000,-1,-1,2,0,2,0,2,0,0,0,0,2,2,2,2,0,0,2,2
89,-717.764,2866.347,146.084,21.590,0.928623,-0.367941,0.047736,0.366940,0.929805,0.028593,-0.054906,-0.009036,0.998451,0,-0.06149,-0.45053,-3.689,-0.901,-1,400.000,-1,375.000,-1,325.000,300.000,325.000,300.000,-1,-1,-1,-1,750.000,675.000,-1,-1,2,0,2,0,2,0,0,0,0,2,2,2,2,0,0,2,2
90,-725.706,2863.348,146.520,20.687,0.934316,-0.353245,0.047668,0.352242,0.935481,0.028306,-0.054591,-0.009656,0.998462,0,-0.14149,-0.45134,-8.489,-0.903,-1,400.000,-1,375.000,-1,325.000,300.000,325.000,300.000,-1,-1,-1,-1,750.000,675.000,-1,-1,2,0,2,0,2,0,0,0,0,2,2,2,2,0,0,2,2
91,-738.211,2858.851,147.222,19.781,0.939798,-0.338403,0.047576,0.337404,0.940947,0.027896,-0.054206,-0.010164,0.998478,0,-0.22149,-0.45315,-13.289,-0.906,-1,400.000,-1,375.000,-1,325.000,300.000,325.000,300.000,-1,-1,-1,-1,750.000,675.000,-1,-1,2,0,2,0,2,0,0,0,0,2,2,2,2,0,0,2,2
92,-755.328,2853.001,148.177,18.869,0.945074,-0.323386,0.047499,0.322400,0.946209,0.027338,-0.053784,-0.010523,0.998497,0,-0.30149,-0.45588,-18.089,-0.912,-1,400.000,-1,375.000,-1,325.000,300.000,325.000,300.000,-1,-1,-1,-1,750.000,675.000,-1,-1,2,0,2,0,2,0,0,0,0,2,2,2,2,0,0,2,2
93,-777.103,2845.947,149.379,17.950,0.950148,-0.308170,0.047434,0.307204,0.951271,0.026633,-0.053330,-0.010733,0.998519,0,-0.38149,-0.45942,-22.889,-0.919,-1,400.000,-1,375.000,-1,325.000,300.000,325.000,300.000,-1,-1,-1,-1,750.000,700.000,-1,-1,2,0,2,0,2,0,0,0,0,2,2,2,2,0,0,2,2
94,-803.579,2837.840,150.823,17.023,0.955020,-0.292733,0.047379,0.291796,0.956133,0.025776,-0.052846,-0.010792,0.998544,0,-0.46149,-0.46367,-27.689,-0.927,-1,400.000,-1,375.000,-1,325.000,300.000,325.000,300.000,-1,-1,-1,-1,750.000,700.000,-1,-1,2,0,2,0,2,0,0,0,0,2,2,2,2,0,0,2,2
95,-834.595,2828.896,152.490,16.086,0.959686,-0.277060,0.047327,0.276157,0.960793,0.024770,-0.052334,-0.010702,0.998572,0,-0.53799,-0.46848,-32.279,-0.937,-1,400.000,-1,375.000,-1,325.000,300.000,325.000,300.000,-1,-1,-1,-1,750.000,700.000,-1,-1,2,0,2,0,2,0,0,0,0,2,2,2,2,0,0,2,2
96,-864.200,2820.785,154.062,15.322,0.963301,-0.264224,0.047291,0.263358,0.964404,0.023803,-0.051897,-0.010476,0.998598,0,-0.51160,-0.38201,-30.696,-0.764,-1,400.000,-1,375.000,-1,325.000,325.000,325.000,300.000,-1,-1,-1,-1,750.000,700.000,-1,-1,2,0,2,0,2,0,0,0,0,2,2,2,2,0,0,2,2
97,-893.679,2813.132,155.607,14.554,0.966761,-0.251279,0.047242,0.250449,0.967860,0.022840,-0.051463,-0.010249,0.998622,0,-0.50761,-0.38386,-30.456,-0.768,-1,400.000,-1,375.000,-1,325.000,325.000,325.000,300.000,-1,-1,-1,-1,750.000,700.000,-1,-1,2,0,2,0,2,0,0,0,0,2,2,2,2,0,0,2,2
98,-923.010,2805.936,157.125,13.783,0.970061,-0.238233,0.047180,0.237437,0.971156,0.021882,-0.051033,-0.010024,0.998647,0,-0.50334,-0.38551,-30.200,-0.771,-1,400.000,-1,375.000,-1,325.000,325.000,325.000,300.000,-1,-1,-1,-1,775.000,700.000,-1,-1,2,0,2,0,2,0,0,0,0,2,2,2,2,0,0,2,2
99,-952.171,2799.199,158.615,13.009,0.973198,-0.225094,0.047107,0.224333,0.974288,0.020932,-0.050607,-0.009804,0.998671,0,-0.49882,-0.38698,-29.929,-0.774,-1,400.000,-1,375.000,-1,325.000,325.000,325.000,300.000,-1,-1,-1,-1,775.000,700.000,-1,-1,2,0,2,0,2,0,0,0,1,2,2,2,2,0,0,2,2
100,-981.142,2792.918,160.078,12.233,0.976166,-0.211870,0.047021,0.211142,0.977251,0.019994,-0.050187,-0.009589,0.998694,0,-0.49408,-0.38825,-29.645,-0.777,-1,400.000,-1,375.000,-1,325.000,325.000,325.000,-1,-1,-1,-1,-1,775.000,700.000,-1,-1,2,0,2,0,2,0,0,0,2,2,2,2,2,0,0,2,2
101,-1009.907,2787.090,161.513,11.454,0.978963,-0.198570,0.046923,0.197874,0.980042,0.019069,-0.049773,-0.009383,0.998716,0,-0.48915,-0.38934,-29.349,-0.779,-1,400.000,-1,375.000,-1,325.000,325.000,325.000,-1,-1,-1,-1,-1,775.000,700.000,-1,-1,2,0,2,0,2,0,0,0,2,2,2,2,2,0,0,2,2
102,-1038.449,2781.710,162.921,10.673,0.981585,-0.185202,0.046814,0.184538,0.982657,0.018161,-0.049366,-0.009187,0.998739,0,-0.48407,-0.39023,-29.044,-0.780,-1,400.000,-1,375.000,-1,325.000,325.000,325.000,-1,-1,-1,-1,-1,775.000,700.000,-1,-1,2,0,2,0,2,0,0,0,2,2,2,2,2,0,0,2,2
103,-1066.753,2776.775,164.302,9.891,0.984029,-0.171776,0.046695,0.171143,0.985095,0.017271,-0.048965,-0.009003,0.998760,0,-0.47887,-0.39094,-28.732,-0.782,-1,400.000,-1,375.000,-1,325.000,325.000,325.000,-1,-1,-1,-1,-1,775.000,700.000,-1,-1,2,0,2,0,2,0,0,0,2,2,2,2,2,0,0,2,2
104,-1094.810,2772.276,165.657,9.109,0.986293,-0.158300,0.046565,0.157695,0.987352,0.016401,-0.048572,-0.008833,0.998781,0,-0.47358,-0.39146,-28.415,-0.783,-1,400.000,-1,375.000,-1,325.000,325.000,325.000,-1,-1,-1,-1,-1,775.000,700.000,-1,-1,2,0,2,0,2,0,0,0,2,2,2,2,2,0,0,2,2
105,-1122.609,2768.208,166.985,8.325,0.988374,-0.144782,0.046425,0.144206,0.989425,0.015554,-0.048186,-0.008679,0.998801,0,-0.46825,-0.39180,-28.095,-0.784,-1,400.000,-1,375.000,-1,325.000,325.000,325.000,-1,-1,-1,-1,-1,800.000,700.000,-1,-1,2,0,2,0,2,0,0,0,2,2,2,2,2,0,0,2,2
106,-1150.144,2764.563,168.288,7.541,0.990271,-0.131232,0.046278,0.130682,0.991315,0.014731,-0.047809,-0.008540,0.998820,0,-0.46291,-0.39196,-27.775,-0.784,-1,400.000,-1,375.000,-1,325.000,325.000,325.000,-1,-1,-1,-1,-1,800.000,700.000,-1,-1,2,0,2,0,2,0,0,0,2,2,2,2,2,0,0,2,2
107,-1177.408,2761.333,169.566,6.757,0.991983,-0.117658,0.046122,0.117133,0.993019,0.013934,-0.047440,-0.008420,0.998839,0,-0.45759,-0.39194,-27.455,-0.784,-1,400.000,-1,375.000,-1,325.000,325.000,325.000,-1,-1,-1,-1,-1,800.000,725.000,-1,-1,2,0,2,0,2,0,0,0,2,2,2,2,2,0,0,2,2
108,-1204.400,2758.508,170.819,5.974,0.993508,-0.104068,0.045961,0.103566,0.994535,0.013165,-0.047080,-0.008319,0.998857,0,-0.45232,-0.39176,-27.139,-0.784,-1,400.000,-1,375.000,-1,325.000,325.000,325.000,975.000,-1,-1,-1,-1,800.000,725.000,-1,-1,2,0,2,0,2,0,0,0,1,2,2,2,2,0,0,2,2
109,-1231.119,2756.081,172.050,5.191,0.994846,-0.090470,0.045793,0.089991,0.995865,0.012423,-0.046728,-0.008238,0.998874,0,-0.44714,-0.39142,-26.829,-0.783,-1,400.000,-1,375.000,-1,325.000,325.000,325.000,725.000,-1,-1,-1,-1,800.000,725.000,-1,-1,2,0,2,0,2,0,0,0,1,2,2,2,2,0,0,2,2
110,-1253.075,2754.299,173.055,4.639,0.995677,-0.080879,0.045677,0.080419,0.996691,0.011821,-0.046482,-0.008097,0.998886,0,-0.36714,-0.27578,-22.029,-0.552,-1,400.000,-1,375.000,-1,325.000,325.000,325.000,575.000,-1,-1,-1,-1,800.000,725.000,-1,-1,2,0,2,0,2,0,0,0,1,2,2,2,2,0,0,2,2
111,-1270.260,2753.071,173.837,4.089,0.996414,-0.071299,0.045552,0.070852,0.997422,0.011366,-0.046245,-0.008097,0.998897,0,-0.28714,-0.27526,-17.229,-0.551,-1,400.000,-1,375.000,-1,325.000,325.000,325.000,525.000,-1,-1,-1,-1,800.000,725.000,-1,-1,2,0,2,0,2,0,0,0,1,2,2,2,2,0,0,2,2
112,-1282.665,2752.303,174.399,3.539,0.997059,-0.061729,0.045420,0.061288,0.998059,0.011052,-0.046014,-0.008236,0.998907,0,-0.20714,-0.27478,-12.429,-0.550,-1,400.000,-1,375.000,-1,325.000,325.000,325.000,500.000,-1,-1,-1,-1,800.000,725.000,-1,-1,2,0,2,0,2,0,0,0,1,2,2,2,2,0,0,2,2
113,-1290.283,2751.906,174.743,2.990,0.997611,-0.052167,0.045282,0.051725,0.998602,0.010875,-0.045786,-0.008506,0.998915,0,-0.12714,-0.27439,-7.629,-0.549,-1,400.000,-1,375.000,-1,325.000,325.000,325.000,475.000,-1,-1,-1,-1,800.000,725.000,-1,-1,2,0,2,0,2,0,0,0,1,2,2,2,2,0,0,2,2
114,-1293.110,2751.785,174.870,2.442,0.998072,-0.042609,0.045138,0.042161,0.999052,0.010829,-0.045557,-0.008905,0.998922,0,-0.04714,-0.27413,-2.829,-0.548,-1,400.000,-1,375.000,-1,325.000,325.000,325.000,475.000,-1,-1,-1,-1,800.000,725.000,-1,-1,2,0,2,0,2,0,0,0,1,2,2,2,2,0,0,2,2
115,-1291.139,2751.850,174.784,1.894,0.998441,-0.033051,0.044990,0.032592,0.999409,0.010908,-0.045324,-0.009425,0.998928,0,0.03286,-0.27402,1.971,-0.548,-1,400.000,-1,375.000,-1,325.000,325.000,325.000,450.000,-1,-1,-1,-1,800.000,725.000,-1,-1,2,0,2,0,2,0,0,0,1,2,2,2,2,0,0,2,2
116,-1284.370,2752.009,174.486,1.346,0.998718,-0.023488,0.044836,0.023011,0.999674,0.011106,-0.045082,-0.010060,0.998933,0,0.11286,-0.27410,6.771,-0.548,-1,400.000,-1,375.000,-1,325.000,325.000,325.000,475.000,-1,-1,-1,-1,800.000,725.000,-1,-1,2,0,2,0,2,0,0,0,1,2,2,2,2,0,0,2,2
117,-1272.800,2752.171,173.977,0.797,0.998905,-0.013913,0.044677,0.013415,0.999845,0.011415,-0.044829,-0.010803,0.998936,0,0.19286,-0.27436,11.571,-0.549,-1,400.000,-1,375.000,-1,325.000,325.000,325.000,475.000,-1,-1,-1,-1,800.000,725.000,-1,-1,2,0,2,0,2,0,0,0,1,2,2,2,2,0,0,2,2
118,-1256.428,2752.242,173.261,0.248,0.999000,-0.004321,0.044512,0.003798,0.999923,0.011830,-0.044560,-0.011649,0.998939,0,0.27286,-0.27482,16.371,-0.550,-1,400.000,-1,375.000,-1,325.000,325.000,325.000,500.000,-1,-1,-1,-1,800.000,725.000,-1,-1,2,0,2,0,2,0,0,0,1,2,2,2,2,0,0,2,2
119,-1235.257,2752.130,172.339,-0.303,0.999002,0.005294,0.044341,-0.005846,0.999907,0.012345,-0.044271,-0.012591,0.998940,0,0.35286,-0.27545,21.171,-0.551,-1,400.000,-1,375.000,-1,325.000,325.000,325.000,525.000,-1,-1,-1,-1,775.000,725.000,-1,-1,2,0,2,0,2,0,0,0,1,2,2,2,2,0,0,2,2
120,-1209.289,2751.742,171.215,-0.856,0.998913,0.014935,0.044162,-0.015521,0.999796,0.012952,-0.043960,-0.013624,0.998940,0,0.43286,-0.27625,25.971,-0.553,-1,400.000,-1,375.000,-1,325.000,325.000,325.000,550.000,-1,-1,-1,-1,775.000,725.000,-1,-1,2,0,2,0,2,0,0,0,1,2,2,2,2,0,0,2,2
121,-1178.527,2750.985,169.890,-1.410,0.998729,0.024608,0.043976,-0.025230,0.999588,0.013649,-0.043622,-0.014741,0.998939,0,0.51286,-0.27719,30.771,-0.554,-1,400.000,-1,375.000,-1,325.000,325.000,325.000,625.000,-1,-1,-1,-1,775.000,725.000,-1,-1,2,0,2,0,2,0,0,0,1,2,2,2,2,0,0,2,2
122,-1142.976,2749.765,168.368,-1.967,0.998452,0.034314,0.043781,-0.034976,0.999284,0.014429,-0.043254,-0.015938,0.998937,0,0.59286,-0.27824,35.571,-0.556,-1,400.000,-1,375.000,-1,325.000,325.000,325.000,725.000,-1,-1,-1,-1,775.000,725.000,-1,-1,2,0,2,0,2,0,0,0,1,2,2,2,2,0,0,2,2
123,-1102.644,2747.986,166.652,-2.525,0.998078,0.044055,0.043577,-0.044758,0.998881,0.015291,-0.042854,-0.017212,0.998933,0,0.67286,-0.27934,40.371,-0.559,-1,400.000,-1,375.000,-1,325.000,325.000,325.000,925.000,-1,-1,-1,-1,775.000,725.000,-1,-1,2,0,2,0,2,0,0,0,1,2,2,2,2,0,0,2,2
124,-1057.538,2745.554,164.748,-3.086,0.997608,0.053830,0.043363,-0.054577,0.998378,0.016232,-0.042419,-0.018560,0.998927,0,0.75286,-0.28043,45.171,-0.561,-1,400.000,-1,375.000,-1,325.000,325.000,325.000,950.000,-1,-1,-1,-1,750.000,725.000,-1,-1,2,0,2,0,2,0,0,0,1,2,2,2,2,0,0,2,2
125,-1011.533,2742.621,162.821,-3.649,0.997040,0.063634,0.043149,-0.064424,0.997775,0.017177,-0.041960,-0.019906,0.998921,0,0.76831,-0.28145,46.099,-0.563,-1,400.000,-1,375.000,-1,325.000,325.000,325.000,1000.000,-1,-1,-1,-1,750.000,700.000,-1,-1,2,0,2,0,2,0,0,0,1,2,2,2,2,0,0,2,2
126,-965.826,2739.254,160.923,-4.214,0.996374,0.073460,0.042936,-0.074291,0.997072,0.018104,-0.041480,-0.021228,0.998914,0,0.76386,-0.28227,45.832,-0.565,-1,400.000,-1,375.000,-1,325.000,325.000,325.000,-1,-1,-1,-1,-1,750.000,700.000,-1,-1,2,0,2,0,2,0,0,0,2,2,2,2,2,0,0,2,2
127,-920.423,2735.458,159.054,-4.779,0.995608,0.083298,0.042725,-0.084169,0.996270,0.019016,-0.040981,-0.022529,0.998906,0,0.75934,-0.28284,45.561,-0.566,-1,400.000,-1,375.000,-1,325.000,325.000,325.000,-1,-1,-1,-1,-1,750.000,700.000,-1,-1,2,0,2,0,2,0,0,0,2,2,2,2,2,0,0,2,2
128,-875.333,2731.239,157.217,-5.346,0.994745,0.093139,0.042517,-0.094048,0.995368,0.019916,-0.040465,-0.023810,0.998897,0,0.75479,-0.28318,45.288,-0.566,-1,400.000,-1,375.000,-1,325.000,325.000,325.000,-1,-1,-1,-1,-1,725.000,700.000,-1,-1,2,0,2,0,2,0,0,0,2,2,2,2,2,0,0,2,2
129,-830.557,2726.603,155.410,-5.912,0.993784,0.102974,0.042312,-0.103920,0.994368,0.020805,-0.039931,-0.025073,0.998888,0,0.75025,-0.28329,45.015,-0.567,-1,400.000,-1,375.000,-1,325.000,325.000,325.000,-1,-1,-1,-1,-1,725.000,700.000,-1,-1,2,0,2,0,2,0,0,0,2,2,2,2,2,0,0,2,2
130,-786.098,2721.555,153.636,-6.479,0.992726,0.112794,0.042112,-0.113776,0.993270,0.021686,-0.039382,-0.026319,0.998878,0,0.74574,-0.28317,44.745,-0.566,-1,375.000,-1,375.000,-1,325.000,325.000,325.000,-1,-1,-1,-1,-1,725.000,700.000,-1,-1,2,0,2,0,2,0,0,0,2,2,2,2,2,0,0,2,2
131,-741.956,2716.101,151.863,-7.044,0.991567,0.122590,0.042032,-0.123614,0.992071,0.022674,-0.038919,-0.027678,0.998859,0,0.74131,-0.28283,44.478,-0.566,-1,375.000,-1,375.000,-1,325.000,325.000,325.000,-1,-1,-1,-1,-1,725.000,-1,-1,-1,2,0,2,0,2,0,0,0,2,2,2,2,2,0,2,2,2
132,-698.126,2710.246,150.123,-7.609,0.990313,0.132354,0.041975,-0.133419,0.990777,0.023657,-0.038457,-0.029028,0.998839,0,0.73698,-0.28227,44.219,-0.565,-1,375.000,-1,375.000,-1,325.000,300.000,325.000,-1,-1,-1,-1,-1,725.000,-1,-1,-1,2,0,2,0,2,0,0,0,2,2,2,2,2,0,2,2,2
133,-654.606,2703.997,148.597,-8.172,0.988991,0.142080,0.041352,-0.143143,0.989412,0.023965,-0.037510,-0.029620,0.998857,0,0.73278,-0.28150,43.967,-0.563,-1,375.000,-1,375.000,-1,325.000,300.000,325.000,-1,-1,-1,-1,-1,725.000,-1,-1,-1,2,0,2,0,2,0,0,0,2,2,2,2,2,0,2,2,2
134,-606.451,2696.622,147.004,-8.707,0.987660,0.151311,0.040408,-0.152355,0.988031,0.024124,-0.036274,-0.029983,0.998892,0,0.81194,-0.26751,48.716,-0.535,-1,375.000,-1,375.000,-1,325.000,300.000,325.000,-1,-1,-1,-1,-1,725.000,-1,-1,-1,2,0,2,0,2,0,0,0,2,2,2,2,2,0,2,2,2
135,-558.544,2688.814,145.489,-9.257,0.986204,0.160788,0.039355,-0.161817,0.986516,0.024530,-0.034880,-0.030560,0.998924,0,0.80900,-0.27506,48.540,-0.550,-1,375.000,-1,375.000,-1,325.000,325.000,325.000,-1,-1,750.000,-1,-1,700.000,-1,-1,-1,2,0,2,0,2,0,0,0,2,2,0,2,2,0,2,2,2
136,-505.946,2679.949,143.840,-9.567,0.985363,0.166123,0.038257,-0.167135,0.985618,0.024957,-0.033561,-0.030986,0.998956,0,0.88900,-0.15506,53.340,-0.310,1000.000,375.000,-1,375.000,-1,325.000,325.000,325.000,-1,-1,725.000,-1,-1,700.000,-1,-1,-1,1,0,2,0,2,0,0,0,2,2,0,2,2,0,2,2,2
137,-448.627,2670.216,142.052,-9.637,0.985202,0.167327,0.037120,-0.168319,0.985405,0.025409,-0.032327,-0.031281,0.998988,0,0.96900,-0.03506,58.140,-0.070,975.000,375.000,-1,375.000,-1,325.000,325.000,325.000,-1,-1,725.000,-1,-1,700.000,-1,-1,-1,1,0,2,0,2,0,0,0,2,2,0,2,2,0,2,2,2
138,-391.594,2660.705,140.276,-9.467,0.985734,0.164404,0.036045,-0.165375,0.985892,0.025848,-0.031287,-0.031440,0.999016,0,0.96368,0.08494,57.821,0.170,950.000,375.000,-1,375.000,-1,325.000,325.000,325.000,-1,-1,700.000,900.000,-1,700.000,-1,-1,-1,1,0,2,0,2,0,0,0,2,2,0,0,2,0,2,2,2
139,-334.970,2651.679,138.512,-9.057,0.986922,0.157347,0.035030,-0.158298,0.987042,0.026271,-0.030443,-0.031472,0.999041,0,0.95565,0.20494,57.339,0.410,925.000,375.000,-1,375.000,-1,325.000,325.000,325.000,-1,-1,700.000,875.000,-1,700.000,-1,-1,-1,1,0,2,0,2,0,0,0,2,2,0,0,2,0,2,2,2
140,-278.795,2643.376,136.755,-8.408,0.988677,0.146141,0.034075,-0.147074,0.988766,0.026675,-0.029794,-0.031384,0.999063,0,0.94641,0.32494,56.785,0.650,875.000,375.000,-1,400.000,-1,325.000,325.000,325.000,-1,-1,700.000,875.000,-1,700.000,975.000,-1,-1,1,0,2,0,2,0,0,0,2,2,0,0,2,0,1,2,2
141,-223.112,2636.028,134.970,-7.518,0.990861,0.130768,0.033092,-0.131684,0.990919,0.027191,-0.029236,-0.031300,0.999082,0,0.93611,0.44494,56.167,0.890,850.000,375.000,-1,400.000,-1,325.000,325.000,325.000,-1,-1,700.000,875.000,-1,700.000,900.000,-1,-1,1,0,2,0,2,0,0,0,2,2,0,0,2,0,1,2,2
142,-167.961,2629.853,133.162,-6.388,0.993279,0.111203,0.032092,-0.112104,0.993308,0.027778,-0.028788,-0.031188,0.999099,0,0.92493,0.56494,55.496,1.130,800.000,375.000,-1,400.000,-1,325.000,325.000,325.000,-1,-1,700.000,875.000,-1,700.000,850.000,975.000,-1,1,0,2,0,2,0,0,0,2,2,0,0,2,0,1,1,2
143,-113.388,2625.003,131.356,-5.078,0.995591,0.088478,0.031140,-0.089364,0.995597,0.028306,-0.028498,-0.030964,0.999114,0,0.91313,0.65465,54.788,1.309,750.000,375.000,-1,400.000,-1,325.000,325.000,325.000,-1,-1,700.000,875.000,-1,700.000,825.000,925.000,-1,1,0,2,0,2,0,0,0,2,2,0,0,2,0,1,1,2
144,-59.436,2621.451,129.551,-3.767,0.997383,0.065676,0.030220,-0.066547,0.997368,0.028792,-0.028250,-0.030728,0.999128,0,0.90115,0.65552,54.069,1.311,725.000,375.000,-1,400.000,-1,300.000,325.000,325.000,-1,-1,700.000,875.000,-1,675.000,775.000,875.000,-1,1,0,2,0,2,0,0,0,2,2,0,0,2,0,1,1,2
145,-6.100,2619.165,127.821,-2.453,0.998649,0.042786,0.029485,-0.043640,0.998628,0.028927,-0.028206,-0.030175,0.999147,0,0.88975,0.65704,53.385,1.314,675.000,375.000,-1,400.000,-1,300.000,325.000,300.000,-1,-1,725.000,875.000,-1,675.000,750.000,825.000,-1,1,0,2,0,2,0,0,0,2,2,0,0,2,0,0,1,2
146,46.637,2618.120,126.573,-1.135,0.999397,0.019800,0.028522,-0.020598,0.999397,0.027966,-0.027951,-0.028537,0.999202,0,0.87914,0.65918,52.748,1.318,650.000,375.000,-1,400.000,-1,300.000,325.000,325.000,-1,-1,750.000,900.000,-1,675.000,750.000,775.000,-1,1,0,2,0,2,0,0,0,2,2,0,0,2,1,0,1,2
147,104.185,2618.299,125.227,0.179,0.999620,-0.003126,0.027399,0.002385,0.999632,0.027022,-0.027473,-0.026947,0.999259,0,0.95914,0.65709,57.548,1.314,625.000,375.000,-1,400.000,-1,300.000,325.000,325.000,-1,-1,775.000,900.000,-1,650.000,750.000,725.000,-1,1,0,2,0,2,0,0,0,2,2,0,0,2,1,0,1,2
148,161.486,2619.788,123.865,1.489,0.999318,-0.025972,0.026262,0.025289,0.999341,0.026039,-0.026921,-0.025357,0.999316,0,0.95533,0.65479,57.320,1.310,575.000,375.000,-1,400.000,-1,300.000,325.000,325.000,-1,-1,775.000,900.000,-1,625.000,750.000,675.000,-1,1,0,2,0,2,0,0,0,2,2,0,0,2,1,1,1,2
149,218.013,2622.547,122.502,2.795,0.998495,-0.048752,0.025115,0.048124,0.998528,0.025027,-0.026299,-0.023780,0.999371,0,0.94325,0.65322,56.595,1.306,550.000,375.000,-1,400.000,-1,300.000,325.000,325.000,-1,-1,800.000,875.000,-1,600.000,725.000,625.000,-1,1,0,2,0,2,0,0,0,2,2,0,0,2,1,1,1,2
150,273.715,2626.539,121.146,4.100,0.997154,-0.071479,0.023952,0.070906,0.997195,0.023987,-0.025599,-0.022221,0.999425,0,0.93074,0.65238,55.845,1.305,500.000,375.000,-1,400.000,-1,300.000,325.000,325.000,-1,-1,775.000,850.000,-1,575.000,700.000,575.000,-1,1,0,2,0,2,0,0,0,2,2,0,0,2,1,1,1,2
151,328.558,2631.727,119.800,5.405,0.995296,-0.094167,0.022765,0.093647,0.995342,0.022922,-0.024817,-0.020682,0.999478,0,0.91814,0.65228,55.088,1.305,475.000,375.000,-1,400.000,-1,300.000,325.000,325.000,-1,-1,775.000,825.000,-1,550.000,675.000,550.000,-1,1,0,2,1,2,0,0,0,2,2,0,0,2,1,1,1,2
152,382.531,2638.077,118.469,6.710,0.992918,-0.116827,0.021550,0.116359,0.992967,0.021828,-0.023949,-0.019166,0.999529,0,0.90575,0.65288,54.345,1.306,450.000,375.000,-1,375.000,-1,300.000,325.000,325.000,-1,-1,750.000,775.000,-1,500.000,650.000,500.000,-1,1,1,2,1,2,0,1,1,2,2,0,0,2,1,1,1,2
153,435.638,2645.557,117.315,8.019,0.990026,-0.139474,0.019876,0.139080,0.990079,0.019987,-0.022467,-0.017024,0.999603,0,0.89385,0.65414,53.631,1.308,425.000,350.000,1000.000,375.000,-1,300.000,300.000,300.000,-1,-1,725.000,700.000,-1,475.000,625.000,450.000,-1,1,1,1,1,2,1,1,1,2,2,0,0,2,1,1,1,2
154,487.898,2654.143,116.452,9.331,0.986616,-0.162116,0.017501,0.161827,0.986675,0.016855,-0.020000,-0.013797,0.999705,0,0.88269,0.65604,52.961,1.312,400.000,325.000,925.000,350.000,-1,300.000,300.000,300.000,975.000,-1,650.000,625.000,-1,450.000,600.000,425.000,-1,1,1,1,1,2,1,1,1,1,2,0,0,2,1,1,1,2
155,539.343,2663.814,115.729,10.648,0.982671,-0.184760,0.014883,0.184573,0.982732,0.013092,-0.017045,-0.010118,0.999804,0,0.87244,0.65853,52.346,1.317,375.000,325.000,850.000,350.000,-1,275.000,275.000,300.000,825.000,-1,600.000,525.000,-1,425.000,550.000,400.000,-1,1,1,1,1,2,1,1,1,1,2,0,0,2,1,1,1,2
156,595.198,2675.895,115.128,12.205,0.977329,-0.211403,0.011737,0.211317,0.977384,0.008099,-0.013183,-0.005435,0.999898,0,0.95244,0.77853,57.146,1.557,350.000,300.000,775.000,325.000,-1,275.000,275.000,300.000,575.000,-1,525.000,425.000,-1,425.000,525.000,350.000,-1,1,1,1,1,2,1,1,1,1,2,0,0,2,1,1,1,2
157,653.415,2690.411,115.780,14.002,0.970277,-0.241951,0.004705,0.241928,0.970282,0.004862,-0.005741,-0.003579,0.999977,0,1.00000,0.89853,60.000,1.797,325.000,300.000,750.000,325.000,-1,250.000,275.000,300.000,425.000,-1,400.000,325.000,-1,400.000,500.000,325.000,-1,1,1,1,1,2,1,1,1,1,2,0,0,2,1,1,1,2
158,711.090,2706.951,117.364,16.002,0.961239,-0.275666,-0.005260,0.275679,0.961248,0.001843,0.004548,-0.003222,0.999984,0,1.00000,1.00000,60.000,2.000,300.000,275.000,950.000,300.000,-1,250.000,250.000,300.000,375.000,-1,300.000,250.000,-1,400.000,500.000,325.000,-1,1,1,1,1,2,1,1,1,1,2,0,0,2,1,1,1,2
159,767.050,2724.877,119.960,17.762,0.952199,-0.305060,-0.015962,0.305033,0.952333,-0.004168,0.016473,-0.000900,0.999864,0,0.97934,0.88000,58.760,1.760,300.000,275.000,-1,300.000,-1,250.000,250.000,300.000,350.000,-1,250.000,200.000,-1,400.000,475.000,325.000,-1,1,1,2,1,2,1,1,1,1,2,0,0,2,1,1,1,2
160,823.685,2744.691,124.056,19.282,0.943438,-0.330210,-0.029768,0.329870,0.943893,-0.015850,0.033331,0.005134,0.999431,0,1.00000,0.76000,60.000,1.520,350.000,275.000,-1,300.000,-1,250.000,250.000,300.000,350.000,-1,200.000,150.000,-1,425.000,475.000,375.000,-1,1,1,2,1,2,1,1,1,0,2,0,0,2,1,1,1,2
161,879.864,2765.766,128.331,20.562,0.935265,-0.351201,-0.044015,0.350311,0.936251,-0.026776,0.050613,0.009624,0.998672,0,1.00000,0.64000,60.000,1.280,450.000,300.000,-1,300.000,-1,250.000,250.000,300.000,350.000,-1,175.000,125.000,-1,450.000,500.000,450.000,-1,1,1,2,1,2,1,1,1,0,2,0,0,2,1,1,1,2
162,935.652,2787.857,132.773,21.602,0.927916,-0.368124,-0.058787,0.366497,0.929691,-0.036809,0.068204,0.012611,0.997592,0,1.00000,0.52000,60.000,1.040,-1,300.000,-1,300.000,-1,250.000,250.000,300.000,375.000,-1,125.000,100.000,-1,500.000,550.000,-1,-1,2,1,2,1,2,1,1,1,0,2,0,0,2,1,1,2,2
163,991.126,2810.725,137.364,22.402,0.921573,-0.381061,-0.074129,0.378562,0.924441,-0.045810,0.085985,0.014155,0.996196,0,1.00000,0.40000,60.000,0.800,-1,325.000,-1,300.000,-1,250.000,250.000,300.000,375.000,-1,125.000,75.000,-1,600.000,600.000,-1,-1,2,1,2,1,2,1,1,1,0,2,0,0,2,1,1,2,2
164,1639.906,-9511.055,22.675,-95.503,-0.107999,0.991768,0.068796,-0.981833,-0.095545,-0.163938,-0.156016,-0.085252,0.984069,1,0.00000,0.00000,60.000,0.560,250.000,250.000,725.000,300.000,700.000,225.000,250.000,325.000,600.000,-1,25.000,0.000,500.000,375.000,450.000,250.000,550.000,0,0,0,0,0,0,0,0,1,2,1,1,1,0,0,0,0
165,9511.012,983.929,247.042,108.773,-0.320949,-0.946598,0.030712,0.934301,-0.321759,-0.153467,0.155153,-0.020561,0.987676,1,0.00000,0.00000,-4.800,0.240,725.000,250.000,-1,200.000,-1,200.000,175.000,450.000,600.000,500.000,50.000,75.000,-1,350.000,275.000,425.000,325.000,1,1,2,1,2,1,1,1,0,0,0,0,2,1,1,1,1
166,4918.819,6226.603,83.389,-98.072,-0.140551,0.990019,0.010346,-0.990005,-0.140411,-0.013253,-0.011668,-0.012105,0.999859,1,0.08000,-0.12000,4.800,-0.240,-1,400.000,-1,400.000,-1,325.000,325.000,325.000,325.000,-1,-1,-1,-1,750.000,725.000,-1,-1,2,0,2,0,2,0,0,0,0,2,2,2,2,0,0,2,2
167,4917.414,6217.106,83.283,-98.413,-0.146446,0.989164,0.010383,-0.989151,-0.146305,-0.013261,-0.011598,-0.012213,0.999858,0,0.16000,-0.17063,9.600,-0.341,-1,400.000,-1,400.000,-1,325.000,325.000,325.000,325.000,-1,-1,-1,-1,750.000,725.000,-1,-1,2,0,2,0,2,0,0,0,0,2,2,2,2,0,0,2,2
168,4915.222,6202.874,83.122,-98.755,-0.152344,0.988272,0.010437,-0.988260,-0.152202,-0.013268,-0.011524,-0.012335,0.999858,0,0.24000,-0.17086,14.400,-0.342,-1,400.000,-1,400.000,-1,325.000,325.000,325.000,325.000,-1,-1,-1,-1,750.000,725.000,-1,-1,2,0,2,0,2,0,0,0,0,2,2,2,2,0,0,2,2
169,4912.186,6183.916,82.910,-99.098,-0.158249,0.987343,0.010503,-0.987333,-0.158106,-0.013275,-0.011446,-0.012471,0.999857,0,0.32000,-0.17124,19.200,-0.342,-1,375.000,-1,400.000,-1,325.000,325.000,325.000,325.000,-1,-1,-1,-1,750.000,725.000,-1,-1,2,0,2,0,2,0,0,0,0,2,2,2,2,0,0,2,2
170,4908.250,6160.241,82.647,-99.441,-0.164167,0.986376,0.010580,-0.986367,-0.164024,-0.013279,-0.011363,-0.012616,0.999856,0,0.40000,-0.17179,24.000,-0.344,-1,375.000,-1,400.000,-1,325.000,325.000,325.000,325.000,-1,-1,-1,-1,750.000,725.000,-1,-1,2,0,2,0,2,0,0,0,0,2,2,2,2,0,0,2,2
171,4903.354,6131.860,82.335,-99.786,-0.170106,0.985368,0.010665,-0.985361,-0.169961,-0.013280,-0.011273,-0.012767,0.999855,0,0.48000,-0.17254,28.800,-0.345,-1,375.000,-1,375.000,-1,325.000,325.000,325.000,325.000,-1,-1,-1,-1,750.000,725.000,-1,-1,2,0,2,0,2,0,0,0,0,2,2,2,2,0,0,2,2
172,4897.443,6098.784,81.977,-100.133,-0.176072,0.984319,0.010754,-0.984314,-0.175926,-0.013276,-0.011175,-0.012923,0.999854,0,0.56000,-0.17353,33.600,-0.347,-1,375.000,-1,375.000,-1,325.000,325.000,325.000,325.000,-1,-1,-1,-1,725.000,725.000,-1,-1,2,0,2,0,2,0,0,0,0,2,2,2,2,0,0,2,2
173,4890.456,6061.025,81.575,-100.483,-0.182075,0.983225,0.010846,-0.983222,-0.181928,-0.013265,-0.011069,-0.013079,0.999853,0,0.64000,-0.17480,38.400,-0.350,-1,375.000,-1,375.000,-1,300.000,325.000,325.000,325.000,-1,-1,-1,-1,725.000,725.000,-1,-1,2,0,2,0,2,0,0,0,0,2,2,2,2,0,0,2,2
174,4882.335,6018.595,81.134,-100.836,-0.188126,0.982084,0.010937,-0.982084,-0.187978,-0.013246,-0.010953,-0.013233,0.999852,0,0.72000,-0.17638,43.200,-0.353,-1,375.000,-1,375.000,-1,300.000,325.000,325.000,325.000,-1,-1,-1,-1,725.000,700.000,-1,-1,2,0,2,0,2,0,0,0,0,2,2,2,2,0,0,2,2
175,4873.018,5971.508,80.656,-101.192,-0.194236,0.980893,0.011024,-0.980895,-0.194088,-0.013217,-0.010825,-0.013380,0.999852,0,0.80000,-0.17834,48.000,-0.357,-1,375.000,-1,375.000,-1,300.000,300.000,325.000,325.000,-1,-1,-1,-1,725.000,700.000,-1,-1,2,0,2,0,2,0,0,0,0,2,2,2,2,0,0,2,2
176,4863.143,5923.206,80.228,-101.554,-0.200415,0.979650,0.010955,-0.979656,-0.200272,-0.012881,-0.010425,-0.013313,0.999857,0,0.82169,-0.18073,49.302,-0.361,-1,375.000,-1,375.000,-1,300.000,300.000,325.000,325.000,-1,-1,-1,-1,725.000,700.000,-1,-1,2,0,2,0,2,0,0,0,0,2,2,2,2,0,0,2,2
177,4852.958,5874.959,79.875,-101.921,-0.206672,0.978352,0.010687,-0.978361,-0.206541,-0.012259,-0.009787,-0.012990,0.999868,0,0.82183,-0.18340,49.310,-0.367,-1,375.000,-1,375.000,-1,300.000,300.000,325.000,325.000,-1,-1,-1,-1,725.000,700.000,-1,-1,2,0,2,0,2,0,0,0,0,2,2,2,2,0,0,2,2
178,4842.388,5826.442,79.552,-102.290,-0.212969,0.977002,0.010569,-0.977018,-0.212849,-0.011437,-0.008925,-0.012762,0.999879,0,0.82759,-0.18482,49.655,-0.370,-1,375.000,-1,375.000,-1,300.000,300.000,325.000,325.000,-1,-1,-1,-1,700.000,700.000,-1,-1,2,0,2,0,2,0,0,0,0,2,2,2,2,0,0,2,2
179,4831.511,5778.025,79.340,-102.661,-0.219278,0.975601,0.010912,-0.975632,-0.219169,-0.010389,-0.007744,-0.012924,0.999886,0,0.82706,-0.18546,49.624,-0.371,-1,375.000,-1,375.000,-1,300.000,300.000,325.000,325.000,-1,-1,-1,-1,700.000,700.000,-1,-1,2,0,2,0,2,0,0,0,0,2,2,2,2,0,0,2,2
180,4820.326,5729.707,79.145,-103.034,-0.225608,0.974153,0.011305,-0.974196,-0.225509,-0.009346,-0.006555,-0.013122,0.999892,0,0.82659,-0.18635,49.596,-0.373,-1,375.000,-1,375.000,-1,325.000,300.000,325.000,325.000,-1,-1,-1,-1,700.000,700.000,-1,-1,2,0,2,0,2,0,0,0,0,2,2,2,2,0,0,2,2
181,4808.830,5681.486,78.967,-103.409,-0.231966,0.972653,0.011751,-0.972709,-0.231879,-0.008309,-0.005357,-0.013358,0.999896,0,0.82621,-0.18748,49.572,-0.375,-1,375.000,-1,375.000,-1,325.000,300.000,325.000,325.000,-1,-1,-1,-1,700.000,700.000,-1,-1,2,0,2,0,2,0,0,0,0,2,2,2,2,0,0,2,2
182,4797.021,5633.359,78.806,-103.787,-0.238359,0.971100,0.012252,-0.971168,-0.238284,-0.007280,-0.004150,-0.013634,0.999898,0,0.82591,-0.18884,49.555,-0.378,-1,375.000,-1,375.000,-1,325.000,325.000,325.000,325.000,-1,-1,-1,-1,700.000,675.000,-1,-1,2,0,2,0,2,0,0,0,0,2,2,2,2,0,0,2,2
183,4784.894,5585.322,78.664,-104.167,-0.244796,0.969490,0.012810,-0.969570,-0.244733,-0.006260,-0.002935,-0.013952,0.999898,0,0.82573,-0.19044,49.544,-0.381,-1,375.000,-1,375.000,-1,325.000,325.000,325.000,325.000,-1,-1,-1,-1,700.000,675.000,-1,-1,2,0,2,0,2,0,0,0,0,2,2,2,2,0,0,2,2
184,4772.447,5537.371,78.540,-104.552,-0.251283,0.967821,0.013426,-0.967912,-0.251234,-0.005251,-0.001709,-0.014315,0.999896,0,0.82567,-0.19228,49.540,-0.385,-1,375.000,-1,375.000,-1,325.000,325.000,325.000,325.000,-1,-1,950.000,-1,675.000,675.000,-1,-1,2,0,2,0,2,0,0,0,0,2,2,0,2,0,0,2,2
185,4759.673,5489.500,78.435,-104.941,-0.257826,0.966088,0.014104,-0.966191,-0.257792,-0.004254,-0.000474,-0.014724,0.999891,0,0.82576,-0.19434,49.546,-0.389,-1,375.000,-1,375.000,-1,325.000,325.000,325.000,325.000,-1,900.000,700.000,-1,675.000,675.000,-1,-1,2,0,2,0,2,0,0,0,0,2,0,0,2,0,0,2,2
186,4746.567,5441.705,78.349,-105.334,-0.264434,0.964290,0.014844,-0.964404,-0.264415,-0.003271,0.000771,-0.015180,0.999884,0,0.82600,-0.19663,49.560,-0.393,-1,375.000,-1,375.000,-1,300.000,300.000,325.000,325.000,-1,775.000,500.000,-1,675.000,675.000,-1,-1,2,0,2,0,2,0,0,0,0,2,0,0,2,0,0,2,2
187,4733.123,5393.978,78.263,-105.732,-0.271112,0.962419,0.015712,-0.962546,-0.271109,-0.002390,0.001960,-0.015772,0.999874,0,0.82641,-0.19914,49.584,-0.398,-1,375.000,-1,375.000,-1,300.000,300.000,325.000,325.000,-1,650.000,475.000,-1,675.000,675.000,-1,-1,2,0,2,0,2,0,0,0,0,2,0,0,2,0,0,2,2
188,4719.333,5346.313,78.206,-106.136,-0.277867,0.960476,0.016622,-0.960614,-0.277881,-0.001492,0.003186,-0.016382,0.999861,0,0.82699,-0.20187,49.620,-0.404,-1,375.000,-1,375.000,-1,300.000,300.000,325.000,325.000,-1,575.000,475.000,-1,675.000,675.000,-1,-1,2,0,2,0,2,0,0,0,0,2,0,0,2,0,0,2,2
189,4703.732,5294.575,78.430,-106.780,-0.288621,0.957298,0.016690,-0.957433,-0.288656,-0.000291,0.004540,-0.016064,0.999861,0,0.90065,-0.32187,54.039,-0.644,-1,375.000,-1,375.000,-1,300.000,300.000,325.000,325.000,-1,550.000,475.000,-1,650.000,650.000,-1,-1,2,0,2,0,2,0,0,0,0,2,0,0,2,0,0,2,2
190,4687.317,5243.027,79.013,-107.664,-0.303322,0.952755,0.015905,-0.952862,-0.303394,0.002271,0.006989,-0.014467,0.999871,0,0.90164,-0.44187,54.099,-0.884,-1,375.000,-1,375.000,-1,300.000,300.000,325.000,325.000,-1,525.000,450.000,-1,675.000,650.000,-1,-1,2,0,2,0,2,0,0,0,0,2,0,0,2,0,0,2,2
191,4669.894,5191.810,79.650,-108.787,-0.321924,0.946642,0.015285,-0.946718,-0.322028,0.004878,0.009540,-0.012900,0.999871,0,0.90164,-0.56187,54.099,-1.124,-1,375.000,-1,375.000,-1,300.000,300.000,325.000,325.000,-1,500.000,450.000,-1,675.000,675.000,-1,-1,2,0,2,0,2,0,0,0,0,2,0,0,2,0,0,2,2
192,4651.257,5141.023,80.485,-110.151,-0.344340,0.938722,0.015202,-0.938771,-0.344471,0.006976,0.011785,-0.011870,0.999860,0,0.90164,-0.68187,54.099,-1.364,-1,375.000,-1,375.000,-1,300.000,300.000,325.000,325.000,-1,500.000,450.000,-1,675.000,675.000,-1,-1,2,0,2,0,2,0,0,0,0,2,0,0,2,0,0,2,2
193,4631.206,5090.778,81.620,-111.755,-0.370431,0.928715,0.016420,-0.928741,-0.370609,0.009479,0.014889,-0.011739,0.999820,0,0.90164,-0.80187,54.099,-1.604,-1,375.000,-1,375.000,-1,300.000,300.000,325.000,325.000,-1,475.000,425.000,-1,675.000,675.000,-1,-1,2,0,2,0,2,0,0,0,0,2,0,0,2,0,0,2,2
194,4609.549,5041.203,82.777,-113.598,-0.400071,0.916313,0.017701,-0.916307,-0.400299,0.011924,0.018012,-0.011449,0.999772,0,0.90164,-0.92187,54.099,-1.844,-1,375.000,-1,375.000,-1,300.000,300.000,325.000,325.000,-1,475.000,425.000,-1,675.000,675.000,-1,-1,2,0,2,0,2,0,0,0,0,2,0,0,2,0,0,2,2
195,4586.174,4992.415,83.927,-115.598,-0.431760,0.901790,0.018911,-0.901743,-0.432036,0.014260,0.021030,-0.010896,0.999719,0,0.90164,-1.00000,54.099,-2.000,-1,375.000,-1,375.000,-1,300.000,300.000,325.000,325.000,-1,475.000,425.000,-1,675.000,700.000,-1,-1,2,0,2,0,2,0,0,0,0,2,0,0,2,0,0,2,2
196,4561.112,4944.472,85.115,-117.598,-0.462920,0.886169,0.020236,-0.886074,-0.463248,0.016528,0.024021,-0.010280,0.999659,0,0.90164,-1.00000,54.099,-2.000,-1,375.000,-1,375.000,-1,300.000,300.000,325.000,325.000,-1,475.000,425.000,-1,675.000,700.000,-1,-1,2,0,2,0,2,0,0,0,0,2,0,0,2,0,0,2,2
197,4534.391,4897.432,86.339,-119.598,-0.493514,0.869468,0.021676,-0.869319,-0.493896,0.018716,0.026978,-0.009606,0.999590,0,0.90164,-1.00000,54.099,-2.000,-1,375.000,-1,375.000,-1,300.000,300.000,300.000,325.000,-1,425.000,400.000,-1,700.000,725.000,-1,-1,2,0,2,0,2,0,0,0,0,2,0,0,2,0,0,2,2
198,4506.046,4851.354,87.581,-121.598,-0.523499,0.851707,0.023327,-0.851499,-0.523942,0.020825,0.029959,-0.008961,0.999511,0,0.90164,-1.00000,54.099,-2.000,-1,375.000,-1,375.000,-1,300.000,300.000,300.000,325.000,-1,400.000,375.000,-1,700.000,725.000,-1,-1,2,0,2,0,2,0,0,0,0,2,0,0,2,0,0,2,2
199,4476.109,4806.294,88.864,-123.598,-0.552844,0.832908,0.025060,-0.832636,-0.553351,0.022822,0.032876,-0.008249,0.999425,0,0.90164,-1.00000,54.099,-2.000,-1,375.000,-1,400.000,-1,300.000,325.000,300.000,325.000,-1,375.000,350.000,-1,700.000,750.000,-1,-1,2,0,2,0,2,0,0,0,0,2,0,0,2,0,0,2,2
200,4444.618,4762.305,90.624,-125.598,-0.581599,0.813103,0.024624,-0.812751,-0.582092,0.024583,0.034322,-0.005716,0.999394,0,0.90164,-1.00000,54.099,-2.000,-1,375.000,-1,400.000,-1,300.000,325.000,300.000,325.000,-1,400.000,375.000,-1,700.000,750.000,-1,-1,2,0,2,0,2,0,0,0,0,2,0,0,2,0,0,2,2
201,4411.611,4719.443,92.452,-127.598,-0.609652,0.792302,0.024109,-0.791869,-0.610121,0.026369,0.035602,-0.003016,0.999362,0,0.90164,-1.00000,54.099,-2.000,-1,375.000,-1,400.000,-1,325.000,325.000,300.000,325.000,-1,450.000,400.000,-1,725.000,750.000,-1,-1,2,0,2,0,2,0,0,0,0,2,0,0,2,0,0,2,2
202,4377.128,4677.758,94.326,-129.598,-0.636964,0.770530,0.023664,-0.770013,-0.637404,0.028231,0.036837,-0.000239,0.999321,0,0.90164,-1.00000,54.099,-2.000,-1,375.000,-1,400.000,-1,325.000,325.000,300.000,325.000,-1,500.000,425.000,-1,725.000,775.000,-1,-1,2,0,2,0,2,0,0,0,0,2,0,0,2,0,0,2,2
203,4341.212,4637.302,96.264,-131.598,-0.663501,0.747813,0.023275,-0.747205,-0.663904,0.030260,0.038081,0.002686,0.999271,0,0.90164,-1.00000,54.099,-2.000,-1,375.000,-1,400.000,-1,325.000,325.000,300.000,325.000,-1,550.000,450.000,-1,750.000,775.000,-1,-1,2,0,2,0,2,0,0,0,0,2,0,0,2,0,0,2,2
204,4303.906,4598.124,98.224,-133.598,-0.689229,0.724179,0.022984,-0.723482,-0.689590,0.032239,0.039196,0.005591,0.999216,0,0.90164,-1.00000,54.099,-2.000,-1,400.000,-1,400.000,-1,325.000,325.000,300.000,325.000,-1,600.000,500.000,-1,750.000,800.000,-1,-1,2,0,2,0,2,0,0,0,0,2,0,0,2,0,0,2,2
205,4265.255,4560.272,100.108,-135.598,-0.714112,0.699659,0.022835,-0.698896,-0.714431,0.033654,0.039860,0.008074,0.999173,0,0.90164,-1.00000,54.099,-2.000,-1,400.000,-1,400.000,-1,325.000,325.000,300.000,325.000,-1,650.000,525.000,-1,750.000,800.000,-1,-1,2,0,2,0,2,0,0,0,0,2,0,0,2,0,0,2,2
206,4225.240,4523.730,101.980,-137.598,-0.738120,0.674286,0.022741,-0.673466,-0.738398,0.034818,0.040269,0.010384,0.999135,0,0.90316,-1.00000,54.190,-2.000,-1,400.000,-1,400.000,-1,325.000,325.000,300.000,300.000,-1,700.000,575.000,-1,775.000,825.000,-1,-1,2,0,2,0,2,0,0,0,0,2,0,0,2,0,0,2,2
207,4183.675,4488.354,104.107,-139.598,-0.761221,0.648095,0.022704,-0.647268,-0.761468,0.034790,0.039835,0.011787,0.999137,0,0.90969,-1.00000,54.581,-2.000,-1,400.000,-1,400.000,-1,325.000,325.000,300.000,300.000,-1,825.000,650.000,-1,775.000,825.000,-1,-1,2,0,2,0,2,0,0,0,0,2,0,0,2,0,0,2,2
208,4140.585,4454.198,106.199,-141.598,-0.783395,0.621113,0.022598,-0.620274,-0.783607,0.034918,0.039396,0.013337,0.999135,0,0.91642,-1.00000,54.985,-2.000,-1,400.000,-1,400.000,-1,325.000,325.000,300.000,300.000,-1,925.000,725.000,-1,800.000,825.000,-1,-1,2,0,2,0,2,0,0,0,0,2,0,0,2,0,0,2,2
209,4100.317,4424.247,108.091,-143.358,-0.802119,0.596742,0.022453,-0.595893,-0.802298,0.035063,0.038937,0.014745,0.999133,0,0.83642,-0.88000,50.185,-1.760,-1,400.000,-1,400.000,-1,325.000,325.000,300.000,300.000,-1,-1,825.000,-1,800.000,850.000,-1,-1,2,0,2,0,2,0,0,0,0,2,2,0,2,0,0,2,2
210,4059.991,4395.883,109.943,-144.878,-0.817682,0.575239,0.022269,-0.574383,-0.817829,0.035206,0.038464,0.015997,0.999132,0,0.82170,-0.76000,49.302,-1.520,-1,400.000,-1,400.000,-1,325.000,325.000,300.000,300.000,-1,-1,925.000,-1,825.000,850.000,-1,-1,2,0,2,0,2,0,0,0,0,2,2,0,2,0,1,2,2
211,4018.724,4368.213,111.807,-146.158,-0.830343,0.556816,0.022049,-0.555956,-0.830460,0.035352,0.037995,0.017096,0.999132,0,0.82807,-0.64000,49.684,-1.280,-1,400.000,-1,400.000,-1,325.000,325.000,300.000,300.000,-1,-1,-1,-1,825.000,850.000,-1,-1,2,0,2,0,2,0,0,0,0,2,2,2,2,0,1,2,2
212,3976.638,4341.088,113.495,-147.198,-0.840353,0.541635,0.020947,-0.540777,-0.840405,0.035784,0.036986,0.018744,0.999140,0,0.83451,-0.52000,50.071,-1.040,-1,400.000,-1,400.000,-1,325.000,325.000,300.000,300.000,-1,-1,-1,-1,850.000,825.000,-1,-1,2,0,2,0,2,0,0,0,0,2,2,2,2,0,1,2,2
213,3933.845,4314.346,115.178,-147.998,-0.847875,0.529832,0.019645,-0.528980,-0.847858,0.036298,0.035888,0.020384,0.999148,0,0.84102,-0.40000,50.461,-0.800,-1,400.000,-1,400.000,-1,325.000,325.000,300.000,300.000,-1,-1,-1,-1,850.000,800.000,-1,-1,2,0,2,0,2,0,0,0,0,2,2,2,2,0,1,2,2
214,3890.459,4287.819,116.892,-148.558,-0.853056,0.521502,0.018209,-0.520661,-0.852967,0.036859,0.034754,0.021962,0.999155,0,0.84757,-0.28000,50.854,-0.560,-1,400.000,-1,400.000,-1,325.000,325.000,300.000,300.000,-1,-1,-1,-1,875.000,800.000,-1,-1,2,0,2,0,2,0,0,0,0,2,2,2,2,0,1,2,2
215,3846.586,4261.331,118.607,-148.878,-0.855993,0.516714,0.016807,-0.515888,-0.855840,0.037388,0.033703,0.023333,0.999159,0,0.85415,-0.16000,51.249,-0.320,-1,400.000,-1,400.000,-1,325.000,325.000,300.000,300.000,-1,-1,-1,-1,875.000,775.000,-1,-1,2,0,2,0,2,0,0,0,0,2,2,2,2,0,1,2,2
216,3802.337,4234.699,120.241,-148.958,-0.856738,0.515509,0.015858,-0.514694,-0.856544,0.037706,0.033021,0.024142,0.999163,0,0.86076,-0.04000,51.645,-0.080,-1,400.000,-1,400.000,-1,325.000,325.000,300.000,300.000,-1,-1,-1,-1,900.000,750.000,-1,-1,2,0,2,0,2,0,0,0,0,2,2,2,2,0,1,2,2
217,3757.823,4207.739,121.858,-148.798,-0.855320,0.517889,0.014776,-0.517091,-0.855086,0.038012,0.032321,0.024871,0.999168,0,0.86736,0.08000,52.042,0.160,-1,400.000,-1,400.000,-1,325.000,325.000,300.000,300.000,-1,-1,-1,-1,900.000,725.000,-1,-1,2,0,2,0,2,0,0,0,0,2,2,2,2,0,1,2,2
218,3713.162,4180.261,123.313,-148.398,-0.851707,0.523846,0.013439,-0.523094,-0.851448,0.037528,0.031102,0.024933,0.999205,0,0.87395,0.20000,52.437,0.400,-1,400.000,-1,400.000,-1,325.000,325.000,300.000,300.000,-1,-1,-1,-1,875.000,700.000,-1,-1,2,0,2,0,2,0,0,0,0,2,2,2,2,1,1,2,2
219,3668.479,4152.078,124.733,-147.758,-0.845823,0.533328,0.012048,-0.532633,-0.845551,0.036686,0.029753,0.024613,0.999254,0,0.88048,0.32000,52.829,0.640,-1,400.000,-1,400.000,-1,325.000,325.000,300.000,300.000,-1,-1,-1,-1,850.000,675.000,-1,-1,2,0,2,0,2,0,0,0,0,2,2,2,2,1,1,2,2
220,3623.910,4123.001,126.184,-146.878,-0.837550,0.546257,0.010656,-0.545619,-0.837269,0.035780,0.028467,0.024153,0.999303,0,0.88692,0.44000,53.215,0.880,-1,400.000,-1,400.000,-1,325.000,325.000,300.000,300.000,-1,-1,-1,-1,825.000,625.000,-1,950.000,2,0,2,1,2,0,0,0,0,2,2,2,2,1,1,2,1
221,3579.608,4092.846,127.671,-145.758,-0.826727,0.562526,0.009275,-0.561943,-0.826444,0.034793,0.027237,0.023552,0.999352,0,0.89319,0.56000,53.591,1.120,-1,400.000,-1,400.000,-1,325.000,325.000,300.000,300.000,-1,-1,-1,-1,825.000,600.000,-1,850.000,2,0,2,1,2,0,0,0,0,2,2,2,2,1,1,2,1
222,3535.739,4061.438,129.201,-144.398,-0.813155,0.581993,0.007922,-0.581463,-0.812874,0.033708,0.026057,0.022803,0.999400,0,0.89921,0.68000,53.953,1.360,-1,400.000,-1,375.000,-1,325.000,325.000,300.000,300.000,-1,-1,-1,-1,800.000,575.000,-1,750.000,2,0,2,1,2,0,0,0,0,2,2,2,2,1,1,2,1
223,3492.495,4028.612,130.736,-142.798,-0.796598,0.604473,0.006620,-0.603990,-0.796320,0.032709,0.025044,0.022058,0.999443,0,0.90487,0.80000,54.292,1.600,-1,425.000,-1,375.000,875.000,325.000,325.000,300.000,300.000,-1,-1,-1,-1,775.000,525.000,-1,650.000,2,0,2,1,1,0,0,0,0,2,2,2,2,1,1,2,1
224,3450.088,3994.221,131.868,-140.958,-0.776786,0.629742,0.005375,-0.629305,-0.776516,0.031594,0.024070,0.021159,0.999486,0,0.91000,0.92000,54.600,1.840,-1,425.000,-1,350.000,700.000,325.000,325.000,300.000,300.000,-1,-1,-1,-1,775.000,500.000,-1,575.000,2,0,2,1,1,0,1,0,0,2,2,2,2,1,1,2,1
225,3408.648,3958.264,132.961,-139.052,-0.755401,0.655250,0.004217,-0.654866,-0.755151,0.029947,0.022808,0.019860,0.999543,0,0.91441,0.95343,54.865,1.907,-1,425.000,-1,325.000,575.000,325.000,300.000,300.000,300.000,-1,-1,-1,-1,775.000,475.000,-1,500.000,2,0,2,1,1,0,1,0,0,2,2,2,2,1,1,2,1
226,3368.257,3920.814,134.086,-137.164,-0.733398,0.679792,0.003170,-0.679460,-0.733172,0.028149,0.021460,0.018491,0.999599,0,0.91802,0.94404,55.081,1.888,-1,425.000,-1,325.000,450.000,325.000,300.000,300.000,300.000,-1,-1,-1,-1,750.000,450.000,-1,425.000,2,0,2,1,1,0,1,0,0,2,2,2,2,1,1,2,1
227,3328.991,3881.954,136.200,-135.296,-0.710785,0.703377,0.006794,-0.703037,-0.710690,0.025678,0.022890,0.013476,0.999647,0,0.92074,0.93361,55.244,1.867,-1,425.000,-1,300.000,400.000,325.000,275.000,300.000,325.000,-1,-1,-1,-1,775.000,425.000,-1,375.000,2,0,2,1,1,1,1,0,1,2,2,2,2,1,1,2,1
228,3290.927,3841.778,138.988,-133.452,-0.687622,0.725936,0.013856,-0.725587,-0.687736,0.023311,0.026451,0.005975,0.999632,0,0.92240,0.92210,55.344,1.844,-1,425.000,-1,300.000,350.000,325.000,275.000,300.000,325.000,-1,-1,-1,-1,825.000,450.000,-1,350.000,2,0,2,1,1,1,1,0,1,2,2,2,2,1,1,2,1
229,3254.142,3800.395,142.057,-131.633,-0.663981,0.747410,0.022506,-0.747106,-0.664358,0.021472,0.031000,-0.002558,0.999516,0,0.92281,0.90944,55.368,1.819,-1,450.000,-1,300.000,325.000,325.000,300.000,300.000,350.000,-1,-1,-1,-1,900.000,450.000,-1,325.000,2,1,2,1,1,1,1,0,1,2,2,2,2,1,1,2,1
230,3218.708,3757.930,145.421,-129.842,-0.639909,0.767756,0.032652,-0.767589,-0.640626,0.020126,0.036369,-0.012184,0.999264,0,0.92178,0.89559,55.307,1.791,-1,450.000,-1,325.000,300.000,350.000,300.000,275.000,350.000,-1,-1,-1,-1,-1,475.000,-1,350.000,2,1,2,1,1,1,1,0,1,2,2,2,2,2,1,2,1
231,3184.696,3714.521,148.987,-128.081,-0.615436,0.786930,0.044492,-0.787029,-0.616611,0.019397,0.042698,-0.023079,0.998821,0,0.91910,0.88053,55.146,1.761,-1,475.000,-1,325.000,325.000,350.000,300.000,275.000,350.000,-1,-1,-1,-1,-1,500.000,-1,400.000,2,1,2,1,1,1,1,0,1,2,2,2,2,2,1,2,1
232,3152.170,3670.325,151.098,-126.352,-0.591065,0.805037,0.050567,-0.805347,-0.592495,0.019133,0.045364,-0.029415,0.998537,0,0.91458,0.86426,54.875,1.729,-1,475.000,-1,325.000,325.000,350.000,300.000,275.000,350.000,-1,425.000,-1,-1,-1,525.000,-1,425.000,2,1,2,1,1,1,1,0,1,2,0,2,2,2,1,2,1
233,3121.187,3625.509,153.010,-124.659,-0.566684,0.822050,0.055712,-0.822571,-0.568340,0.019140,0.047397,-0.034981,0.998263,0,0.90805,0.84683,54.483,1.694,-1,475.000,-1,325.000,350.000,350.000,300.000,275.000,325.000,-1,325.000,-1,-1,-1,525.000,-1,450.000,2,1,2,1,1,1,1,0,1,2,0,2,2,2,1,2,1
234,3091.796,3580.251,154.783,-123.002,-0.542371,0.837979,0.060209,-0.838710,-0.544235,0.019355,0.048987,-0.040000,0.997998,0,0.89939,0.82833,53.964,1.657,-1,500.000,-1,325.000,350.000,350.000,300.000,275.000,300.000,-1,300.000,725.000,-1,-1,550.000,-1,500.000,2,1,2,1,1,1,1,0,1,2,0,0,2,2,1,2,1
235,3064.033,3534.736,156.418,-121.384,-0.518212,0.852848,0.064079,-0.853780,-0.520260,0.019723,0.050158,-0.044488,0.997750,0,0.88858,0.80892,53.315,1.618,-1,500.000,-1,350.000,375.000,350.000,300.000,275.000,275.000,-1,275.000,675.000,-1,-1,575.000,-1,550.000,2,1,2,1,1,1,1,0,1,2,0,0,2,2,1,2,1
236,3037.917,3489.145,157.919,-119.807,-0.494283,0.866688,0.067346,-0.867807,-0.496490,0.020190,0.050935,-0.048464,0.997525,0,0.87568,0.78884,52.541,1.578,-1,525.000,-1,350.000,400.000,375.000,325.000,275.000,225.000,-1,250.000,650.000,-1,-1,-1,-1,-1,2,1,2,1,1,1,1,0,1,2,0,0,2,2,2,2,2
237,3013.454,3443.650,159.302,-118.270,-0.470619,0.879508,0.070600,-0.880842,-0.472970,0.020399,0.051333,-0.052587,0.997296,0,0.86091,0.76837,51.655,1.537,-1,525.000,-1,350.000,425.000,375.000,325.000,275.000,200.000,-1,225.000,650.000,-1,-1,-1,-1,-1,2,1,2,1,1,1,1,0,1,2,0,0,2,2,2,2,2
238,2990.656,3398.392,161.638,-116.743,-0.446805,0.891334,0.076743,-0.893332,-0.449134,0.015409,0.048203,-0.061672,0.996932,0,0.84461,0.76342,50.677,1.527,-1,525.000,-1,375.000,-1,375.000,325.000,275.000,200.000,-1,350.000,1000.000,-1,-1,-1,-1,-1,2,1,2,1,2,1,1,0,1,2,0,0,2,2,2,2,2
239,2969.517,3353.492,164.018,-115.220,-0.422839,0.902374,0.083231,-0.905144,-0.425002,0.009381,0.043839,-0.071369,0.996486,0,0.82714,0.76173,49.628,1.523,-1,525.000,-1,400.000,-1,400.000,350.000,250.000,225.000,975.000,575.000,-1,-1,-1,-1,-1,-1,2,1,2,1,2,1,1,0,1,0,0,2,2,2,2,2,2
240,2947.446,3303.740,166.408,-113.936,-0.402552,0.910778,0.091846,-0.914631,-0.404289,0.000332,0.037434,-0.083872,0.995773,0,0.90714,0.64173,54.428,1.283,-1,525.000,-1,450.000,-1,400.000,375.000,250.000,225.000,900.000,-1,-1,-1,-1,-1,-1,-1,2,1,2,1,2,1,1,0,1,0,2,2,2,2,2,2,2
241,2926.332,3253.699,168.924,-112.893,-0.386097,0.916904,0.101075,-0.921956,-0.387177,-0.009498,0.030425,-0.096853,0.994834,0,0.90525,0.52173,54.315,1.043,-1,525.000,-1,500.000,-1,400.000,400.000,250.000,225.000,825.000,-1,-1,-1,-1,-1,-1,-1,2,1,2,1,2,1,1,0,1,0,2,2,2,2,2,2,2
242,2904.118,3198.917,171.262,-112.089,-0.373500,0.921017,0.110570,-0.927322,-0.373784,-0.018935,0.023890,-0.109606,0.993688,0,0.98525,0.40173,59.115,0.803,-1,500.000,-1,550.000,-1,425.000,425.000,225.000,250.000,750.000,-1,-1,-1,-1,-1,-1,-1,2,1,2,1,2,1,1,0,1,0,2,2,2,2,2,2,2
243,-2295.732,-7543.053,126.799,13.667,0.951358,-0.234626,0.199670,0.203027,0.964915,0.166488,-0.231727,-0.117852,0.965616,1,0.00000,0.00000,60.000,0.563,250.000,250.000,650.000,325.000,850.000,250.000,275.000,350.000,225.000,-1,75.000,100.000,-1,350.000,475.000,250.000,625.000,0,0,0,1,0,0,0,1,1,2,1,1,2,0,0,0,0
244,-984.837,-2300.470,195.030,-101.341,-0.197063,0.980141,0.022128,-0.980233,-0.196577,-0.022371,-0.017577,-0.026100,0.999505,1,0.08000,0.12000,4.800,0.240,-1,400.000,-1,400.000,-1,325.000,325.000,300.000,300.000,-1,-1,-1,-1,800.000,800.000,-1,-1,2,0,2,0,2,0,0,0,0,2,2,2,2,0,0,2,2
245,-986.646,-2309.898,194.853,-100.861,-0.188849,0.981757,0.022107,-0.981843,-0.188359,-0.022476,-0.017902,-0.025950,0.999503,0,0.16000,0.24000,9.600,0.480,-1,400.000,-1,400.000,-1,325.000,325.000,300.000,300.000,-1,-1,-1,-1,800.000,800.000,-1,-1,2,0,2,0,2,0,0,0,0,2,2,2,2,0,0,2,2
246,-989.181,-2324.073,194.582,-100.141,-0.176503,0.984052,0.022084,-0.984128,-0.176009,-0.022639,-0.018391,-0.025729,0.999500,0,0.24000,0.36000,14.400,0.720,-1,400.000,-1,400.000,-1,325.000,325.000,300.000,300.000,-1,-1,-1,-1,800.000,825.000,-1,-1,2,0,2,0,2,0,0,0,0,2,2,2,2,0,0,2,2
247,-992.245,-2343.027,194.216,-99.181,-0.159999,0.986870,0.022069,-0.986933,-0.159498,-0.022864,-0.019044,-0.025439,0.999495,0,0.32000,0.48000,19.200,0.960,-1,400.000,-1,400.000,-1,325.000,325.000,300.000,300.000,-1,-1,-1,-1,800.000,825.000,-1,-1,2,0,2,0,2,0,0,0,0,2,2,2,2,0,0,2,2
248,-995.577,-2366.795,193.749,-97.981,-0.139307,0.990003,0.022075,-0.990050,-0.138797,-0.023159,-0.019864,-0.025082,0.999488,0,0.40000,0.60000,24.000,1.200,-1,400.000,-1,400.000,-1,325.000,325.000,300.000,300.000,-1,-1,-1,-1,800.000,825.000,-1,-1,2,0,2,0,2,0,0,0,0,2,2,2,2,0,0,2,2
249,-998.963,-2395.395,193.178,-96.752,-0.118053,0.992761,0.022117,-0.992790,-0.117533,-0.023530,-0.020760,-0.024735,0.999478,0,0.48000,0.61448,28.800,1.229,-1,400.000,-1,400.000,-1,325.000,325.000,300.000,300.000,-1,-1,-1,-1,800.000,825.000,-1,-1,2,0,2,0,2,0,0,0,0,2,2,2,2,0,0,2,2
250,-1002.197,-2428.839,192.501,-95.523,-0.096748,0.995061,0.022203,-0.995072,-0.096214,-0.023978,-0.021723,-0.024414,0.999466,0,0.56000,0.61448,33.600,1.229,-1,400.000,-1,400.000,-1,325.000,325.000,300.000,300.000,-1,-1,-1,-1,800.000,825.000,-1,-1,2,0,2,0,2,0,0,0,0,2,2,2,2,0,0,2,2
251,-1005.072,-2467.131,191.714,-94.294,-0.075400,0.996903,0.022345,-0.996894,-0.074850,-0.024504,-0.022756,-0.024123,0.999450,0,0.64000,0.61448,38.400,1.229,-1,400.000,-1,400.000,-1,325.000,325.000,300.000,300.000,-1,-1,-1,-1,800.000,825.000,-1,-1,2,0,2,0,2,0,0,0,0,2,2,2,2,0,0,2,2
252,-1007.382,-2510.269,190.810,-93.065,-0.054021,0.998285,0.022551,-0.998255,-0.053452,-0.025110,-0.023861,-0.023868,0.999430,0,0.72000,0.61448,43.200,1.229,-1,400.000,-1,400.000,-1,325.000,325.000,300.000,300.000,-1,-1,-1,-1,775.000,825.000,-1,-1,2,0,2,0,2,0,0,0,0,2,2,2,2,0,0,2,2
253,-1008.773,-2548.644,189.995,-92.076,-0.036800,0.999063,0.022769,-0.999015,-0.036214,-0.025655,-0.024807,-0.023690,0.999412,0,0.64000,0.49448,38.400,0.989,-1,400.000,-1,400.000,-1,325.000,325.000,300.000,300.000,-1,-1,-1,-1,775.000,825.000,-1,-1,2,0,2,0,2,0,0,0,0,2,2,2,2,0,0,2,2
254,-1009.661,-2587.010,189.171,-91.327,-0.023756,0.999453,0.023005,-0.999388,-0.023152,-0.026204,-0.025657,-0.023613,0.999392,0,0.63961,0.37448,38.377,0.749,-1,400.000,-1,400.000,-1,325.000,325.000,300.000,300.000,-1,-1,-1,-1,775.000,825.000,-1,-1,2,0,2,0,2,0,0,0,0,2,2,2,2,0,0,2,2
255,-1010.209,-2625.383,188.296,-90.818,-0.014894,0.999617,0.023306,-0.999544,-0.014273,-0.026625,-0.026282,-0.023692,0.999374,0,0.63961,0.25448,38.377,0.509,-1,400.000,-1,400.000,-1,325.000,325.000,300.000,300.000,-1,-1,-1,-1,775.000,850.000,-1,-1,2,0,2,0,2,0,0,0,0,2,2,2,2,0,0,2,2
256,-1010.577,-2663.758,187.119,-90.549,-0.010207,0.999682,0.023060,-0.999586,-0.009580,-0.027119,-0.026890,-0.023327,0.999366,0,0.63961,0.13448,38.377,0.269,-1,400.000,-1,400.000,-1,325.000,325.000,300.000,300.000,-1,-1,-1,-1,775.000,850.000,-1,-1,2,0,2,0,2,0,0,0,0,2,2,2,2,0,0,2,2
257,-1010.925,-2702.133,185.927,-90.520,-0.009706,0.999694,0.022767,-0.999576,-0.009075,-0.027661,-0.027446,-0.023026,0.999358,0,0.63961,0.01448,38.377,0.029,-1,400.000,-1,400.000,-1,325.000,325.000,300.000,300.000,-1,-1,-1,-1,775.000,850.000,-1,-1,2,0,2,0,2,0,0,0,0,2,2,2,2,0,0,2,2
258,-1011.415,-2740.506,184.739,-90.731,-0.013393,0.999657,0.022489,-0.999521,-0.012757,-0.028193,-0.027897,-0.022856,0.999349,0,0.63961,-0.10552,38.377,-0.211,-1,400.000,-1,400.000,-1,325.000,325.000,300.000,300.000,-1,-1,-1,-1,775.000,850.000,-1,-1,2,0,2,0,2,0,0,0,0,2,2,2,2,0,0,2,2
259,-1012.207,-2778.875,183.559,-91.182,-0.021267,0.999527,0.022218,-0.999375,-0.020626,-0.028717,-0.028245,-0.022815,0.999341,0,0.63961,-0.22552,38.377,-0.451,-1,400.000,-1,400.000,-1,325.000,325.000,300.000,300.000,-1,-1,-1,-1,775.000,850.000,-1,-1,2,0,2,0,2,0,0,0,0,2,2,2,2,0,0,2,2
260,-1013.461,-2817.231,182.388,-91.873,-0.033327,0.999204,0.021944,-0.999038,-0.032679,-0.029234,-0.028493,-0.022897,0.999332,0,0.63961,-0.34552,38.377,-0.691,-1,400.000,-1,400.000,-1,325.000,325.000,300.000,300.000,-1,-1,-1,-1,775.000,850.000,-1,-1,2,0,2,0,2,0,0,0,0,2,2,2,2,0,0,2,2
261,-1015.339,-2855.562,181.229,-92.804,-0.049565,0.998536,0.021660,-0.998360,-0.048911,-0.029746,-0.028643,-0.023099,0.999323,0,0.63961,-0.46552,38.377,-0.931,-1,400.000,-1,400.000,-1,325.000,325.000,300.000,300.000,-1,-1,-1,-1,775.000,850.000,-1,-1,2,0,2,0,2,0,0,0,0,2,2,2,2,0,0,2,2
262,-1017.999,-2893.846,180.084,-93.975,-0.069968,0.997321,0.021360,-0.997136,-0.069307,-0.030257,-0.028696,-0.023416,0.999314,0,0.63961,-0.58552,38.377,-1.171,-1,400.000,-1,400.000,-1,325.000,325.000,300.000,300.000,-1,-1,-1,-1,775.000,875.000,-1,-1,2,0,2,0,2,0,0,0,0,2,2,2,2,0,0,2,2
263,-1021.568,-2932.056,178.953,-95.337,-0.093648,0.995383,0.021036,-0.995192,-0.092980,-0.030772,-0.028674,-0.023817,0.999305,0,0.63961,-0.68066,38.377,-1.361,-1,400.000,-1,400.000,-1,325.000,325.000,300.000,300.000,-1,-1,-1,-1,775.000,875.000,-1,-1,2,0,2,0,2,0,0,0,0,2,2,2,2,0,0,2,2
264,-1026.044,-2970.171,177.838,-96.698,-0.117276,0.992884,0.020679,-0.992686,-0.116600,-0.031301,-0.028667,-0.024198,0.999296,0,0.63961,-0.68066,38.377,-1.361,-1,400.000,-1,400.000,-1,325.000,325.000,300.000,300.000,-1,-1,-1,-1,775.000,875.000,-1,-1,2,0,2,0,2,0,0,0,0,2,2,2,2,0,0,2,2
265,-1031.424,-3008.169,176.737,-98.059,-0.140837,0.989825,0.020288,-0.989617,-0.140154,-0.031843,-0.028676,-0.024562,0.999287,0,0.63961,-0.68066,38.377,-1.361,-1,400.000,-1,400.000,-1,325.000,325.000,300.000,300.000,-1,-1,-1,-1,775.000,875.000,-1,-1,2,0,2,0,2,0,0,0,0,2,2,2,2,0,0,2,2
266,-1037.706,-3046.028,175.651,-99.421,-0.164318,0.986207,0.019864,-0.985990,-0.163629,-0.032403,-0.028706,-0.024910,0.999277,0,0.63961,-0.68066,38.377,-1.361,-1,400.000,-1,400.000,-1,325.000,325.000,300.000,300.000,-1,-1,-1,-1,775.000,900.000,-1,-1,2,0,2,0,2,0,0,0,0,2,2,2,2,0,0,2,2
267,-1044.885,-3083.727,174.579,-100.782,-0.187706,0.982033,0.019406,-0.981804,-0.187011,-0.032981,-0.028759,-0.025244,0.999268,0,0.63961,-0.68066,38.377,-1.361,-1,400.000,-1,400.000,-1,325.000,325.000,300.000,300.000,-1,-1,-1,-1,775.000,900.000,-1,-1,2,0,2,0,2,0,0,0,0,2,2,2,2,0,0,2,2
268,-1053.790,-3125.975,173.387,-101.903,-0.206893,0.978182,0.018845,-0.977932,-0.206192,-0.033669,-0.029049,-0.025395,0.999255,0,0.71961,-0.56066,43.177,-1.121,-1,400.000,-1,400.000,-1,325.000,325.000,300.000,300.000,-1,-1,-1,-1,775.000,900.000,-1,-1,2,0,2,0,2,0,0,0,0,2,2,2,2,0,0,2,2
269,-1064.407,-3172.763,172.071,-102.784,-0.221920,0.974895,0.018183,-0.974616,-0.221213,-0.034478,-0.029590,-0.025372,0.999240,0,0.79961,-0.44066,47.977,-0.881,-1,400.000,-1,425.000,-1,325.000,325.000,300.000,300.000,-1,-1,-1,-1,775.000,900.000,-1,-1,2,0,2,0,2,0,0,0,0,2,2,2,2,0,0,2,2
270,-1075.868,-3220.776,170.708,-103.426,-0.232824,0.972361,0.017543,-0.972048,-0.232112,-0.035324,-0.030276,-0.025277,0.999222,0,0.82270,-0.32066,49.362,-0.641,-1,400.000,-1,425.000,-1,325.000,325.000,300.000,300.000,-1,-1,-1,-1,775.000,925.000,-1,-1,2,0,2,0,2,0,0,0,0,2,2,2,2,0,0,2,2
271,-1087.665,-3268.708,169.270,-103.827,-0.239646,0.970709,0.017165,-0.970359,-0.238916,-0.036371,-0.031204,-0.025372,0.999191,0,0.82270,-0.20066,49.362,-0.401,-1,400.000,-1,425.000,-1,325.000,325.000,300.000,300.000,-1,-1,-1,-1,775.000,925.000,-1,-1,2,0,2,0,2,0,0,0,0,2,2,2,2,0,0,2,2
272,-1099.597,-3316.606,167.811,-103.988,-0.242397,0.970031,0.016847,-0.969638,-0.241648,-0.037518,-0.032322,-0.025429,0.999154,0,0.82270,-0.08066,49.362,-0.161,-1,400.000,-1,425.000,-1,325.000,325.000,300.000,300.000,-1,-1,-1,-1,775.000,925.000,-1,-1,2,0,2,0,2,0,0,0,0,2,2,2,2,0,0,2,2
273,-1111.464,-3364.521,166.105,-103.910,-0.241053,0.970383,0.015833,-0.969943,-0.240321,-0.038166,-0.033231,-0.024557,0.999146,0,0.82270,0.03934,49.362,0.079,-1,400.000,-1,425.000,-1,325.000,325.000,300.000,300.000,-1,-1,-1,-1,775.000,925.000,-1,-1,2,0,2,0,2,0,0,0,0,2,2,2,2,0,0,2,2
274,-1123.064,-3412.501,164.202,-103.591,-0.235622,0.971742,0.014141,-0.971228,-0.234929,-0.039054,-0.034628,-0.022936,0.999137,0,0.82270,0.15934,49.362,0.319,-1,400.000,-1,425.000,-1,325.000,325.000,300.000,300.000,-1,-1,-1,-1,775.000,925.000,-1,-1,2,0,2,0,2,0,0,0,0,2,2,2,2,0,0,2,2
275,-1134.196,-3460.591,162.258,-103.032,-0.226099,0.974025,0.012434,-0.973434,-0.225451,-0.039978,-0.036136,-0.021142,0.999123,0,0.82270,0.27934,49.362,0.559,-1,400.000,-1,425.000,-1,325.000,325.000,300.000,300.000,-1,-1,-1,-1,775.000,925.000,-1,-1,2,0,2,0,2,0,0,0,0,2,2,2,2,0,0,2,2
276,-1144.916,-3508.107,160.307,-102.714,-0.220640,0.975296,0.010782,-0.974633,-0.220037,-0.040913,-0.037529,-0.019535,0.999105,0,0.81183,0.15934,48.710,0.319,-1,400.000,-1,425.000,-1,325.000,325.000,300.000,300.000,-1,-1,-1,-1,775.000,900.000,-1,-1,2,0,2,0,2,0,0,0,0,2,2,2,2,0,0,2,2
277,-1155.571,-3555.637,158.326,-102.635,-0.219261,0.975623,0.009154,-0.974893,-0.218704,-0.041869,-0.038847,-0.018105,0.999081,0,0.81183,0.03934,48.710,0.079,-1,400.000,-1,425.000,-1,325.000,325.000,300.000,300.000,-1,-1,-1,-1,775.000,900.000,-1,-1,2,0,2,0,2,0,0,0,0,2,2,2,2,0,0,2,2
278,-1166.360,-3603.136,156.317,-102.796,-0.221967,0.975025,0.007540,-0.974229,-0.221455,-0.042848,-0.040108,-0.016857,0.999053,0,0.81183,-0.08066,48.710,-0.161,-1,400.000,-1,425.000,-1,325.000,325.000,300.000,300.000,-1,-1,-1,-1,775.000,900.000,-1,-1,2,0,2,0,2,0,0,0,0,2,2,2,2,0,0,2,2
279,-1177.481,-3650.560,154.275,-103.198,-0.228753,0.973466,0.005953,-0.972606,-0.228282,-0.043879,-0.041356,-0.015828,0.999019,0,0.81183,-0.20066,48.710,-0.401,-1,400.000,-1,425.000,-1,325.000,325.000,300.000,300.000,-1,-1,-1,-1,775.000,900.000,-1,-1,2,0,2,0,2,0,0,0,0,2,2,2,2,0,0,2,2
280,-1188.986,-3697.891,152.195,-103.661,-0.236587,0.971600,0.004398,-0.970672,-0.236158,-0.045001,-0.042684,-0.014916,0.998977,0,0.81183,-0.23189,48.710,-0.464,-1,400.000,-1,425.000,-1,325.000,325.000,300.000,300.000,-1,-1,-1,-1,775.000,900.000,-1,-1,2,0,2,0,2,0,0,0,0,2,2,2,2,0,0,2,2
281,-1200.874,-3745.128,150.087,-104.125,-0.244404,0.969669,0.002826,-0.968672,-0.244018,-0.046160,-0.044071,-0.014019,0.998930,0,0.81183,-0.23189,48.710,-0.464,-1,400.000,-1,425.000,-1,325.000,325.000,300.000,300.000,-1,-1,-1,-1,775.000,875.000,-1,-1,2,0,2,0,2,0,0,0,0,2,2,2,2,0,0,2,2
282,-1213.143,-3792.267,147.952,-104.589,-0.252201,0.967674,0.001236,-0.966604,-0.251862,-0.047359,-0.045517,-0.013139,0.998877,0,0.81183,-0.23189,48.710,-0.464,-1,400.000,-1,425.000,-1,325.000,325.000,300.000,300.000,-1,-1,-1,-1,775.000,875.000,-1,-1,2,0,2,0,2,0,0,0,0,2,2,2,2,0,0,2,2
283,-1225.794,-3839.306,145.788,-105.053,-0.259979,0.965614,-0.000372,-0.964469,-0.259689,-0.048599,-0.047024,-0.012276,0.998818,0,0.81183,-0.23189,48.710,-0.464,-1,400.000,-1,425.000,-1,325.000,325.000,300.000,300.000,-1,-1,-1,-1,750.000,875.000,-1,-1,2,0,2,0,2,0,0,0,0,2,2,2,2,0,0,2,2
284,-1238.301,-3883.635,143.659,-105.757,-0.271787,0.962356,-0.001677,-0.961145,-0.271531,-0.049714,-0.048298,-0.011900,0.998762,0,0.76767,-0.35189,46.060,-0.704,-1,400.000,-1,425.000,-1,325.000,325.000,300.000,300.000,-1,-1,-1,-1,750.000,875.000,-1,-1,2,0,2,0,2,0,0,0,0,2,2,2,2,0,0,2,2
285,-1251.538,-3927.753,141.481,-106.700,-0.287575,0.957754,-0.002927,-0.956475,-0.287346,-0.050875,-0.049567,-0.011831,0.998701,0,0.76767,-0.47189,46.060,-0.944,-1,400.000,-1,425.000,-1,325.000,325.000,300.000,300.000,-1,-1,-1,-1,750.000,850.000,-1,-1,2,0,2,0,2,0,0,0,0,2,2,2,2,0,0,2,2
286,-1265.576,-3971.622,139.271,-107.745,-0.304956,0.952357,-0.004192,-0.951007,-0.304752,-0.052079,-0.050875,-0.011895,0.998634,0,0.76767,-0.52211,46.060,-1.044,-1,400.000,-1,425.000,-1,325.000,325.000,300.000,300.000,-1,-1,-1,-1,750.000,850.000,-1,-1,2,0,2,0,2,0,0,0,0,2,2,2,2,0,0,2,2
287,-1280.411,-4015.228,136.928,-108.789,-0.322218,0.946648,-0.005735,-0.945239,-0.322059,-0.052925,-0.051948,-0.011633,0.998582,0,0.76767,-0.52211,46.060,-1.044,-1,400.000,-1,425.000,-1,325.000,325.000,300.000,300.000,-1,-1,-1,-1,750.000,850.000,-1,-1,2,0,2,0,2,0,0,0,0,2,2,2,2,0,0,2,2
288,-1296.038,-4058.556,134.495,-109.833,-0.339363,0.940626,-0.007410,-0.939168,-0.339259,-0.053543,-0.052878,-0.011212,0.998538,0,0.76767,-0.52211,46.060,-1.044,-1,400.000,-1,425.000,-1,325.000,325.000,300.000,300.000,-1,-1,-1,-1,750.000,850.000,-1,-1,2,0,2,0,2,0,0,0,0,2,2,2,2,0,0,2,2
289,-1312.453,-4101.592,132.056,-110.877,-0.356402,0.934290,-0.008936,-0.932785,-0.356345,-0.054134,-0.053761,-0.010958,0.998494,0,0.76767,-0.52211,46.060,-1.044,-1,400.000,-1,400.000,-1,325.000,325.000,300.000,300.000,-1,-1,-1,-1,750.000,825.000,-1,-1,2,0,2,0,2,0,0,0,0,2,2,2,2,0,0,2,2
290,-1329.649,-4144.322,129.592,-111.921,-0.373325,0.927642,-0.010388,-0.926090,-0.373313,-0.054727,-0.054645,-0.010810,0.998447,0,0.76767,-0.52211,46.060,-1.044,-1,400.000,-1,400.000,-1,325.000,325.000,300.000,300.000,-1,-1,-1,-1,750.000,825.000,-1,-1,2,0,2,0,2,0,0,0,0,2,2,2,2,0,0,2,2
291,-1347.621,-4186.731,127.097,-112.966,-0.390128,0.920685,-0.011781,-0.919084,-0.390157,-0.055330,-0.055538,-0.010758,0.998399,0,0.76767,-0.52211,46.060,-1.044,-1,400.000,-1,400.000,-1,325.000,325.000,300.000,300.000,-1,-1,-1,-1,750.000,800.000,-1,-1,2,0,2,0,2,0,0,0,0,2,2,2,2,0,0,2,2
292,-1366.362,-4228.806,124.562,-114.010,-0.406805,0.913421,-0.013070,-0.911772,-0.406871,-0.055934,-0.056409,-0.010838,0.998349,0,0.76767,-0.52211,46.060,-1.044,-1,400.000,-1,400.000,-1,325.000,325.000,300.000,300.000,-1,-1,-1,-1,750.000,800.000,-1,-1,2,0,2,0,2,0,0,0,0,2,2,2,2,0,0,2,2
293,-1385.868,-4270.533,121.977,-115.054,-0.423355,0.905852,-0.014217,-0.904154,-0.423448,-0.056536,-0.057233,-0.011081,0.998299,0,0.76767,-0.52211,46.060,-1.044,-1,400.000,-1,400.000,-1,325.000,325.000,300.000,300.000,-1,-1,-1,-1,750.000,800.000,-1,-1,2,0,2,0,2,0,0,0,0,2,2,2,2,0,0,2,2
294,-1406.130,-4311.897,119.355,-116.098,-0.439767,0.897982,-0.015290,-0.896234,-0.439885,-0.057156,-0.058051,-0.011432,0.998248,0,0.76767,-0.52211,46.060,-1.044,-1,400.000,-1,400.000,-1,325.000,325.000,300.000,300.000,-1,-1,-1,-1,750.000,775.000,-1,-1,2,0,2,0,2,0,0,0,0,2,2,2,2,0,0,2,2
295,-1427.143,-4352.885,116.696,-117.143,-0.456038,0.889811,-0.016289,-0.888012,-0.456174,-0.057798,-0.058860,-0.011893,0.998195,0,0.76767,-0.52211,46.060,-1.044,-1,400.000,-1,400.000,-1,325.000,325.000,300.000,300.000,-1,-1,-1,-1,750.000,775.000,-1,-1,2,0,2,0,2,0,0,0,0,2,2,2,2,0,0,2,2
296,-1448.900,-4393.483,113.997,-118.187,-0.472162,0.881344,-0.017211,-0.879491,-0.472311,-0.058464,-0.059656,-0.012468,0.998141,0,0.76767,-0.52211,46.060,-1.044,-1,400.000,-1,400.000,-1,325.000,325.000,300.000,300.000,-1,-1,-1,-1,750.000,775.000,-1,-1,2,0,2,0,2,0,0,0,0,2,2,2,2,0,0,2,2
297,-1471.392,-4433.678,111.254,-119.231,-0.488135,0.872582,-0.018036,-0.870674,-0.488290,-0.059155,-0.060424,-0.013172,0.998086,0,0.76767,-0.52211,46.060,-1.044,-1,400.000,-1,400.000,-1,325.000,325.000,300.000,300.000,-1,-1,-1,-1,750.000,750.000,-1,-1,2,0,2,0,2,0,0,0,0,2,2,2,2,0,0,2,2
298,-1494.613,-4473.456,108.468,-120.275,-0.503950,0.863529,-0.018769,-0.861564,-0.504105,-0.059873,-0.061164,-0.014003,0.998030,0,0.76767,-0.52211,46.060,-1.044,-1,400.000,-1,400.000,-1,325.000,325.000,300.000,300.000,-1,-1,-1,-1,750.000,750.000,-1,-1,2,0,2,0,2,0,0,0,0,2,2,2,2,0,0,2,2
299,-1518.556,-4512.805,105.670,-121.319,-0.519599,0.854188,-0.019483,-0.852174,-0.519752,-0.060478,-0.061786,-0.014822,0.997979,0,0.76767,-0.52211,46.060,-1.044,-1,400.000,-1,400.000,-1,325.000,325.000,300.000,300.000,-1,-1,-1,-1,725.000,750.000,-1,-1,2,0,2,0,2,0,0,0,0,2,2,2,2,0,0,2,2
