timestep,x_cm,y_cm,z_cm,yaw_deg,teleport_flag,throttle_cmd,steering_cmd,cmd_move_cm,cmd_turn_deg,lidar_cm_0,lidar_cm_1,lidar_cm_2,lidar_cm_3,lidar_cm_4,lidar_cm_5,lidar_cm_6,lidar_cm_7,lidar_cm_8,lidar_cm_9,lidar_cm_10,lidar_cm_11,lidar_cm_12,lidar_cm_13,lidar_cm_14,lidar_cm_15,lidar_cm_16,lidar_class_0,lidar_class_1,lidar_class_2,lidar_class_3,lidar_class_4,lidar_class_5,lidar_class_6,lidar_class_7,lidar_class_8,lidar_class_9,lidar_class_10,lidar_class_11,lidar_class_12,lidar_class_13,lidar_class_14,lidar_class_15,lidar_class_16
0,9508.993,-323.614,190.329,114.944,1,0.08000,0.12000,4.800,0.240,-1,400.000,-1,425.000,-1,325.000,325.000,300.000,300.000,-1,-1,-1,-1,850.000,950.000,-1,-1,2,0,2,0,2,0,0,0,0,2,2,2,2,0,0,2,2
1,9504.871,-314.943,190.889,115.424,0,0.16000,0.24000,9.600,0.480,-1,400.000,-1,425.000,-1,325.000,325.000,300.000,300.000,-1,-1,-1,-1,850.000,950.000,-1,-1,2,0,2,0,2,0,0,0,0,2,2,2,2,0,0,2,2
2,9498.526,-302.017,191.735,116.144,0,0.24000,0.36000,14.400,0.720,-1,400.000,-1,425.000,-1,325.000,325.000,300.000,300.000,-1,-1,-1,-1,850.000,950.000,-1,-1,2,0,2,0,2,0,0,0,0,2,2,2,2,0,0,2,2
3,9489.779,-284.925,192.870,117.104,0,0.32000,0.48000,19.200,0.960,-1,400.000,-1,425.000,-1,325.000,325.000,300.000,325.000,-1,-1,-1,-1,850.000,950.000,-1,-1,2,0,2,0,2,0,0,0,0,2,2,2,2,0,0,2,2
4,9478.399,-263.794,194.301,118.304,0,0.40000,0.60000,24.000,1.200,-1,400.000,-1,425.000,-1,325.000,325.000,300.000,325.000,-1,-1,-1,-1,850.000,950.000,-1,-1,2,0,2,0,2,0,0,0,0,2,2,2,2,0,0,2,2
5,9464.111,-238.789,196.036,119.744,0,0.48000,0.72000,28.800,1.440,-1,400.000,-1,425.000,-1,325.000,325.000,300.000,325.000,-1,-1,-1,-1,825.000,950.000,-1,-1,2,0,2,0,2,0,0,0,0,2,2,2,2,0,0,2,2
6,9446.647,-210.084,198.002,121.318,0,0.56000,0.78715,33.600,1.574,-1,400.000,-1,425.000,-1,325.000,325.000,300.000,325.000,-1,-1,-1,-1,825.000,950.000,-1,-1,2,0,2,0,2,0,0,0,0,2,2,2,2,0,0,2,2
7,9425.794,-177.839,200.121,122.890,0,0.64000,0.78627,38.400,1.573,-1,400.000,-1,425.000,-1,325.000,325.000,300.000,325.000,-1,-1,-1,-1,825.000,950.000,-1,-1,2,0,2,0,2,0,0,0,0,2,2,2,2,0,0,2,2
8,9401.350,-142.220,202.268,124.461,0,0.72000,0.78530,43.200,1.571,-1,400.000,-1,425.000,-1,325.000,325.000,300.000,325.000,-1,-1,-1,-1,825.000,950.000,-1,-1,2,0,2,0,2,0,0,0,0,2,2,2,2,0,0,2,2
9,9375.774,-107.056,204.444,126.029,0,0.72470,0.78423,43.482,1.568,-1,400.000,-1,425.000,-1,325.000,325.000,300.000,325.000,-1,-1,-1,-1,825.000,950.000,-1,-1,2,0,2,0,2,0,0,0,0,2,2,2,2,0,0,2,2
10,9349.233,-72.587,206.582,127.596,0,0.72505,0.78317,43.503,1.566,-1,400.000,-1,425.000,-1,325.000,325.000,300.000,325.000,-1,-1,-1,-1,825.000,950.000,-1,-1,2,0,2,0,2,0,0,0,0,2,2,2,2,0,0,2,2
11,9321.748,-38.839,208.508,129.160,0,0.72539,0.78214,43.523,1.564,-1,400.000,-1,425.000,-1,325.000,325.000,300.000,300.000,-1,-1,-1,-1,825.000,925.000,-1,-1,2,0,2,0,2,0,0,0,0,2,2,2,2,0,0,2,2
12,9290.375,-2.085,210.673,130.484,0,0.80539,0.66214,48.323,1.324,-1,400.000,-1,425.000,-1,325.000,325.000,300.000,300.000,-1,-1,-1,-1,825.000,900.000,-1,-1,2,0,2,0,2,0,0,0,0,2,2,2,2,0,0,2,2
13,9255.127,37.660,213.069,131.569,0,0.88539,0.54214,53.123,1.084,-1,400.000,-1,425.000,-1,325.000,325.000,300.000,300.000,-1,-1,-1,-1,800.000,900.000,-1,-1,2,0,2,0,2,0,0,0,0,2,2,2,2,0,0,2,2
14,9218.982,77.225,215.495,132.413,0,0.89317,0.42214,53.590,0.844,-1,400.000,-1,425.000,-1,325.000,325.000,300.000,300.000,-1,-1,-1,-1,800.000,875.000,-1,-1,2,0,2,0,2,0,0,0,0,2,2,2,2,0,0,2,2
15,9182.416,116.414,217.743,133.017,0,0.89331,0.30214,53.599,0.604,-1,400.000,-1,425.000,-1,325.000,325.000,300.000,300.000,-1,-1,-1,-1,800.000,875.000,-1,-1,2,0,2,0,2,0,0,0,0,2,2,2,2,0,0,2,2
16,9145.596,155.375,219.910,133.381,0,0.89345,0.18214,53.607,0.364,-1,400.000,-1,400.000,-1,325.000,325.000,300.000,300.000,-1,-1,-1,-1,800.000,875.000,-1,-1,2,0,2,0,2,0,0,0,0,2,2,2,2,0,0,2,2
17,9108.686,194.263,222.076,133.506,0,0.89359,0.06214,53.615,0.124,-1,400.000,-1,400.000,-1,325.000,325.000,300.000,300.000,-1,-1,-1,-1,800.000,875.000,-1,-1,2,0,2,0,2,0,0,0,0,2,2,2,2,0,0,2,2
18,9071.847,233.233,224.149,133.390,0,0.89377,-0.05786,53.626,-0.116,-1,400.000,-1,400.000,-1,325.000,325.000,300.000,300.000,-1,-1,-1,-1,800.000,875.000,-1,-1,2,0,2,0,2,0,0,0,0,2,2,2,2,0,0,2,2
19,9035.241,272.441,226.217,133.034,0,0.89401,-0.17786,53.641,-0.356,-1,400.000,-1,400.000,-1,325.000,325.000,300.000,300.000,-1,-1,-1,-1,800.000,875.000,-1,-1,2,0,2,0,2,0,0,0,0,2,2,2,2,0,0,2,2
20,8998.881,311.905,228.014,132.656,0,0.89433,-0.18919,53.660,-0.378,-1,400.000,-1,400.000,-1,325.000,325.000,300.000,325.000,-1,-1,-1,-1,775.000,850.000,-1,-1,2,0,2,0,2,0,0,0,0,2,2,2,2,0,0,2,2
21,8962.767,351.630,229.795,132.274,0,0.89479,-0.19116,53.687,-0.382,-1,400.000,-1,400.000,-1,325.000,325.000,300.000,325.000,-1,-1,-1,-1,775.000,850.000,-1,-1,2,0,2,0,2,0,0,0,0,2,2,2,2,0,0,2,2
22,8926.898,391.625,231.575,131.887,0,0.89538,-0.19326,53.723,-0.387,-1,400.000,-1,400.000,-1,325.000,325.000,300.000,325.000,-1,-1,-1,-1,775.000,850.000,-1,-1,2,0,2,0,2,0,0,0,0,2,2,2,2,0,0,2,2
23,8891.032,432.172,233.138,131.495,0,0.90223,-0.19614,54.134,-0.392,-1,400.000,-1,400.000,-1,325.000,325.000,300.000,325.000,-1,-1,-1,-1,775.000,850.000,-1,-1,2,0,2,0,2,0,0,0,0,2,2,2,2,0,0,2,2
24,8855.335,473.083,234.590,131.106,0,0.90493,-0.19411,54.296,-0.388,-1,400.000,-1,400.000,-1,325.000,325.000,300.000,325.000,-1,-1,-1,-1,750.000,850.000,-1,-1,2,0,2,0,2,0,0,0,0,2,2,2,2,0,0,2,2
25,8819.811,514.350,236.029,130.723,0,0.90751,-0.19196,54.451,-0.384,-1,400.000,-1,400.000,-1,325.000,325.000,300.000,325.000,-1,-1,-1,-1,750.000,825.000,-1,-1,2,0,2,0,2,0,0,0,0,2,2,2,2,0,0,2,2
26,8784.896,555.117,237.446,130.579,0,0.89457,-0.07196,53.674,-0.144,1000.000,400.000,-1,400.000,-1,325.000,325.000,300.000,300.000,-1,-1,-1,-1,750.000,825.000,-1,-1,1,0,2,0,2,0,0,0,0,2,2,2,2,0,0,2,2
27,8749.822,595.931,238.810,130.675,0,0.89691,0.04804,53.815,0.096,975.000,400.000,-1,400.000,-1,325.000,325.000,300.000,300.000,-1,-1,-1,-1,750.000,825.000,-1,-1,1,0,2,0,2,0,0,0,0,2,2,2,2,0,0,2,2
28,8714.451,636.671,240.112,130.965,0,0.89920,0.14492,53.952,0.290,925.000,400.000,-1,400.000,-1,325.000,325.000,300.000,300.000,-1,-1,-1,-1,750.000,825.000,-1,-1,1,0,2,0,2,0,0,0,0,2,2,2,2,0,0,2,2
29,8678.782,677.330,241.431,131.259,0,0.90146,0.14727,54.087,0.295,875.000,400.000,-1,400.000,-1,325.000,325.000,300.000,300.000,-1,-1,-1,-1,750.000,800.000,1000.000,-1,1,0,2,0,2,0,0,0,0,2,2,2,2,0,0,1,2
30,8642.815,717.900,242.767,131.558,0,0.90363,0.14969,54.218,0.299,850.000,400.000,-1,400.000,-1,325.000,325.000,300.000,300.000,-1,-1,-1,-1,750.000,800.000,975.000,-1,1,0,2,0,2,0,0,0,0,2,2,2,2,0,0,1,2
31,8606.550,758.372,244.055,131.863,0,0.90571,0.15220,54.343,0.304,800.000,400.000,-1,400.000,-1,325.000,325.000,300.000,300.000,-1,-1,-1,-1,750.000,800.000,925.000,-1,1,0,2,0,2,0,0,0,0,2,2,2,2,0,0,1,2
32,8569.986,798.735,245.208,132.172,0,0.90770,0.15480,54.462,0.310,775.000,400.000,-1,400.000,-1,325.000,325.000,300.000,300.000,-1,-1,-1,-1,750.000,800.000,875.000,-1,1,0,2,0,2,0,0,0,0,2,2,2,2,0,0,1,2
33,8533.124,838.980,246.382,132.487,0,0.90958,0.15749,54.575,0.315,725.000,400.000,-1,400.000,-1,325.000,325.000,300.000,300.000,-1,-1,-1,-1,750.000,800.000,825.000,-1,1,0,2,0,2,0,0,0,0,2,2,2,2,0,0,1,2
34,8495.966,879.096,247.577,132.808,0,0.91135,0.16029,54.681,0.321,700.000,400.000,-1,400.000,-1,325.000,325.000,300.000,300.000,-1,-1,-1,-1,750.000,775.000,775.000,-1,1,0,2,0,2,0,0,0,0,2,2,2,2,0,0,1,2
35,8458.513,919.071,248.793,133.134,0,0.91299,0.16318,54.779,0.326,650.000,400.000,-1,400.000,-1,325.000,325.000,300.000,300.000,-1,-1,-1,-1,750.000,775.000,725.000,-1,1,0,2,0,2,0,0,0,0,2,2,2,2,1,0,1,2
36,8420.766,958.894,249.940,133.467,0,0.91449,0.16619,54.869,0.332,600.000,400.000,-1,400.000,-1,325.000,325.000,300.000,300.000,-1,-1,-1,-1,700.000,775.000,675.000,-1,1,0,2,0,2,0,0,0,0,2,2,2,2,1,0,1,2
37,8382.729,998.552,251.077,133.805,0,0.91584,0.16932,54.951,0.339,575.000,400.000,-1,400.000,-1,325.000,325.000,300.000,300.000,-1,-1,-1,-1,675.000,775.000,650.000,-1,1,0,2,0,2,0,0,0,0,2,2,2,2,1,0,1,2
38,8344.404,1038.030,252.239,134.151,0,0.91703,0.17256,55.022,0.345,525.000,375.000,-1,400.000,-1,325.000,325.000,300.000,300.000,-1,-1,-1,-1,625.000,775.000,600.000,-1,1,0,2,0,2,0,0,0,0,2,2,2,2,1,0,1,2
39,8305.794,1077.316,253.295,134.502,0,0.91804,0.17593,55.082,0.352,500.000,375.000,-1,400.000,-1,325.000,325.000,300.000,300.000,-1,-1,-1,-1,600.000,775.000,550.000,-1,1,0,2,0,2,0,0,0,0,2,2,2,2,1,0,1,2
40,8266.905,1116.394,254.362,134.861,0,0.91886,0.17943,55.131,0.359,450.000,375.000,-1,400.000,-1,325.000,325.000,300.000,300.000,-1,-1,-1,-1,550.000,750.000,500.000,-1,1,0,2,0,2,0,0,0,0,2,2,2,2,1,0,1,2
41,8231.030,1151.697,255.414,135.460,0,0.83886,0.29943,50.331,0.599,400.000,375.000,-1,400.000,-1,325.000,325.000,300.000,300.000,-1,-1,-1,-1,525.000,750.000,450.000,-1,1,0,2,0,2,0,0,0,0,2,2,2,2,1,0,1,2
42,8195.139,1185.997,256.513,136.299,0,0.82742,0.41943,49.645,0.839,375.000,375.000,-1,400.000,-1,325.000,325.000,300.000,300.000,-1,-1,-1,-1,500.000,750.000,425.000,-1,1,0,2,0,2,0,0,0,0,2,2,2,2,1,0,1,2
43,8158.579,1219.641,257.658,137.378,0,0.82808,0.53943,49.685,1.079,325.000,375.000,-1,400.000,-1,325.000,325.000,300.000,300.000,-1,-1,-1,-1,450.000,750.000,375.000,-1,1,0,2,0,2,0,0,0,0,2,2,2,2,1,0,1,2
44,8121.221,1252.465,258.865,138.697,0,0.82883,0.65943,49.730,1.319,300.000,350.000,-1,400.000,-1,325.000,325.000,300.000,300.000,-1,-1,-1,-1,425.000,750.000,325.000,-1,1,1,2,0,2,0,0,0,0,2,2,2,2,1,0,1,2
45,8082.943,1284.295,260.131,140.256,0,0.82971,0.77943,49.782,1.559,250.000,325.000,-1,400.000,-1,325.000,325.000,300.000,300.000,-1,-1,-1,-1,375.000,725.000,275.000,-1,1,1,2,0,2,0,0,0,0,2,2,2,2,1,1,1,2
46,8043.636,1314.944,261.473,142.054,0,0.83073,0.89943,49.844,1.799,225.000,300.000,-1,400.000,-1,300.000,325.000,300.000,300.000,-1,-1,-1,-1,325.000,675.000,225.000,-1,1,1,2,0,2,1,0,0,0,2,2,2,2,1,1,1,2
47,8002.042,1345.104,262.936,144.054,0,0.85629,1.00000,51.378,2.000,175.000,250.000,650.000,375.000,-1,275.000,325.000,300.000,300.000,-1,-1,-1,-1,300.000,625.000,200.000,1000.000,1,1,1,0,2,1,0,0,0,2,2,2,2,1,1,1,1
48,7959.234,1373.919,265.242,146.054,0,0.86005,1.00000,51.603,2.000,150.000,225.000,525.000,375.000,-1,225.000,300.000,325.000,300.000,-1,-1,-1,-1,250.000,575.000,150.000,975.000,1,1,1,1,2,1,1,0,0,2,2,2,2,1,1,1,1
49,7915.251,1401.344,274.154,148.054,0,0.86387,1.00000,51.832,2.000,150.000,225.000,550.000,350.000,1000.000,225.000,275.000,400.000,300.000,-1,400.000,250.000,-1,250.000,600.000,150.000,1000.000,1,1,1,1,1,1,1,1,0,2,0,0,2,1,1,1,1
50,7870.137,1427.334,283.182,150.054,0,0.86775,1.00000,52.065,2.000,150.000,200.000,600.000,350.000,950.000,200.000,275.000,425.000,275.000,-1,275.000,125.000,725.000,250.000,900.000,150.000,1000.000,1,1,1,1,1,1,1,1,0,2,0,0,0,1,1,1,1
51,7823.934,1451.844,292.356,152.054,0,0.87169,1.00000,52.301,2.000,125.000,200.000,-1,325.000,900.000,200.000,250.000,425.000,250.000,-1,225.000,75.000,450.000,225.000,925.000,150.000,-1,1,1,2,1,1,1,1,1,0,2,0,0,0,1,1,1,2
52,-9511.017,-8199.153,-50.443,-4.768,1,0.00000,0.00000,52.540,2.000,-1,375.000,-1,375.000,-1,300.000,300.000,325.000,325.000,775.000,-1,925.000,-1,700.000,750.000,-1,-1,2,0,2,0,2,0,0,0,0,1,2,0,2,0,0,2,2
53,-9515.802,-8198.774,-50.422,-4.528,0,-0.08000,0.12000,-4.800,0.240,-1,375.000,-1,375.000,-1,300.000,300.000,325.000,325.000,800.000,-1,925.000,-1,700.000,750.000,-1,-1,2,0,2,0,2,0,0,0,0,1,2,0,2,0,0,2,2
54,-9525.378,-8198.096,-50.382,-4.048,0,-0.16000,0.24000,-9.600,0.480,-1,375.000,-1,375.000,-1,300.000,300.000,325.000,325.000,800.000,-1,925.000,-1,700.000,725.000,-1,-1,2,0,2,0,2,0,0,0,0,1,2,0,2,0,0,2,2
55,-9539.754,-8197.260,-50.322,-3.328,0,-0.24000,0.36000,-14.400,0.720,-1,375.000,-1,375.000,-1,300.000,300.000,325.000,325.000,850.000,-1,950.000,-1,700.000,725.000,-1,-1,2,0,2,0,2,0,0,0,0,1,2,0,2,0,0,2,2
56,-9558.937,-8196.467,-50.245,-2.368,0,-0.32000,0.48000,-19.200,0.960,-1,375.000,-1,375.000,-1,300.000,300.000,325.000,325.000,1000.000,-1,-1,-1,700.000,725.000,-1,-1,2,0,2,0,2,0,0,0,0,1,2,2,2,0,0,2,2
57,-9582.930,-8195.885,-50.152,-1.390,0,-0.40000,0.48859,-24.000,0.977,-1,375.000,-1,375.000,-1,300.000,300.000,325.000,325.000,-1,-1,-1,-1,700.000,725.000,-1,-1,2,0,2,0,2,0,0,0,0,2,2,2,2,0,0,2,2
58,-9611.730,-8195.677,-50.044,-0.413,0,-0.48000,0.48854,-28.800,0.977,-1,375.000,-1,375.000,-1,300.000,300.000,325.000,325.000,-1,-1,-1,-1,725.000,725.000,-1,-1,2,0,2,0,2,0,0,0,0,2,2,2,2,0,0,2,2
59,-9642.572,-8195.980,-49.932,0.563,0,-0.51406,0.48839,-30.844,0.977,-1,375.000,-1,375.000,-1,300.000,300.000,325.000,325.000,-1,-1,-1,-1,725.000,725.000,-1,-1,2,0,2,0,2,0,0,0,0,2,2,2,2,0,0,2,2
60,-9673.251,-8196.805,-49.825,1.540,0,-0.51151,0.48813,-30.690,0.976,-1,375.000,-1,375.000,-1,300.000,300.000,325.000,325.000,-1,-1,-1,-1,725.000,725.000,-1,-1,2,0,2,0,2,0,0,0,0,2,2,2,2,0,0,2,2
61,-9703.762,-8198.145,-49.723,2.515,0,-0.50901,0.48775,-30.541,0.975,-1,375.000,-1,375.000,-1,300.000,300.000,325.000,325.000,-1,-1,-1,-1,725.000,725.000,-1,-1,2,0,2,0,2,0,0,0,0,2,2,2,2,0,0,2,2
62,-9734.102,-8199.995,-49.625,3.490,0,-0.50659,0.48727,-30.396,0.975,-1,375.000,-1,375.000,-1,300.000,300.000,325.000,325.000,-1,-1,-1,-1,725.000,700.000,-1,-1,2,0,2,0,2,0,0,0,0,2,2,2,2,0,0,2,2
63,-9764.266,-8202.350,-49.532,4.463,0,-0.50427,0.48668,-30.256,0.973,-1,375.000,-1,375.000,-1,300.000,300.000,325.000,325.000,-1,-1,-1,-1,725.000,700.000,-1,-1,2,0,2,0,2,0,0,0,0,2,2,2,2,0,0,2,2
64,-9794.254,-8205.203,-49.443,5.435,0,-0.50205,0.48600,-30.123,0.972,-1,375.000,-1,375.000,-1,300.000,300.000,325.000,325.000,-1,-1,-1,-1,725.000,700.000,-1,-1,2,0,2,0,2,0,0,0,0,2,2,2,2,0,0,2,2
65,-9824.063,-8208.549,-49.285,6.406,0,-0.49995,0.48522,-29.997,0.970,-1,375.000,-1,375.000,-1,300.000,300.000,325.000,325.000,-1,-1,-1,-1,725.000,700.000,-1,-1,2,0,2,0,2,0,0,0,0,2,2,2,2,0,0,2,2
66,-9853.695,-8212.384,-49.056,7.374,0,-0.49798,0.48434,-29.879,0.969,-1,375.000,-1,375.000,-1,300.000,300.000,325.000,325.000,-1,-1,-1,-1,725.000,700.000,-1,-1,2,0,2,0,2,0,0,0,0,2,2,2,2,0,0,2,2
67,-9884.849,-8216.953,-48.761,8.342,0,-0.52477,0.48401,-31.486,0.968,-1,375.000,-1,375.000,-1,300.000,300.000,325.000,325.000,-1,-1,-1,-1,725.000,700.000,-1,-1,2,0,2,0,2,0,0,0,0,2,2,2,2,0,0,2,2
68,-9915.778,-8222.023,-48.401,9.311,0,-0.52237,0.48422,-31.342,0.968,-1,375.000,-1,375.000,-1,300.000,300.000,325.000,325.000,-1,-1,-1,-1,750.000,700.000,-1,-1,2,0,2,0,2,0,0,0,0,2,2,2,2,0,0,2,2
69,-9946.474,-8227.590,-48.047,10.279,0,-0.51995,0.48431,-31.197,0.969,-1,375.000,-1,375.000,-1,300.000,300.000,325.000,325.000,-1,-1,-1,-1,750.000,700.000,-1,-1,2,0,2,0,2,0,0,0,0,2,2,2,2,0,0,2,2
70,-9976.929,-8233.647,-47.699,11.248,0,-0.51753,0.48430,-31.052,0.969,-1,400.000,-1,375.000,-1,300.000,300.000,325.000,325.000,-1,-1,-1,-1,750.000,700.000,-1,-1,2,0,2,0,2,0,0,0,0,2,2,2,2,0,0,2,2
71,-10007.137,-8240.187,-47.358,12.216,0,-0.51512,0.48418,-30.907,0.968,-1,400.000,-1,375.000,-1,325.000,300.000,325.000,325.000,-1,-1,-1,-1,750.000,700.000,-1,-1,2,0,2,0,2,0,0,0,0,2,2,2,2,0,0,2,2
72,-10037.091,-8247.204,-47.024,13.184,0,-0.51274,0.48395,-30.765,0.968,-1,400.000,-1,375.000,-1,325.000,300.000,325.000,325.000,-1,-1,-1,-1,750.000,700.000,-1,-1,2,0,2,0,2,0,0,0,0,2,2,2,2,0,0,2,2
73,-10066.786,-8254.691,-46.696,14.151,0,-0.51042,0.48361,-30.625,0.967,-1,400.000,-1,375.000,-1,325.000,300.000,325.000,325.000,-1,-1,-1,-1,750.000,700.000,-1,-1,2,0,2,0,2,0,0,0,0,2,2,2,2,0,0,2,2
74,-10096.221,-8262.643,-46.375,15.118,0,-0.50817,0.48317,-30.490,0.966,-1,400.000,-1,375.000,-1,325.000,300.000,325.000,325.000,-1,-1,-1,-1,750.000,700.000,-1,-1,2,0,2,0,2,0,0,0,0,2,2,2,2,0,0,2,2
75,-10125.392,-8271.054,-46.061,16.083,0,-0.50599,0.48262,-30.359,0.965,875.000,400.000,-1,375.000,-1,325.000,300.000,325.000,325.000,-1,-1,-1,-1,775.000,700.000,-1,-1,1,0,2,0,2,0,0,0,0,2,2,2,2,0,0,2,2
76,-10154.299,-8279.917,-45.754,17.047,0,-0.50391,0.48198,-30.235,0.964,825.000,400.000,-1,375.000,-1,325.000,300.000,325.000,325.000,-1,-1,-1,-1,775.000,700.000,-1,-1,1,0,2,0,2,0,0,0,0,2,2,2,2,0,0,2,2
77,-10178.454,-8287.883,-45.498,18.251,0,-0.42391,0.60198,-25.435,1.204,800.000,400.000,-1,375.000,-1,325.000,300.000,325.000,325.000,-1,-1,-1,-1,775.000,700.000,-1,-1,1,0,2,0,2,0,0,0,0,2,2,2,2,0,0,2,2
78,-10197.881,-8294.837,-45.292,19.695,0,-0.34391,0.72198,-20.635,1.444,775.000,400.000,-1,375.000,-1,325.000,300.000,325.000,325.000,-1,-1,-1,-1,775.000,700.000,-1,-1,1,0,2,0,2,0,0,0,0,2,2,2,2,0,0,2,2
79,-10212.626,-8300.609,-45.132,21.379,0,-0.26391,0.84198,-15.835,1.684,750.000,400.000,-1,375.000,-1,325.000,300.000,325.000,325.000,-1,-1,-1,-1,775.000,700.000,-1,-1,1,0,2,0,2,0,0,0,0,2,2,2,2,0,0,2,2
80,-10222.761,-8304.974,-45.017,23.303,0,-0.18391,0.96198,-11.035,1.924,725.000,400.000,-1,375.000,-1,325.000,300.000,325.000,325.000,-1,-1,-1,-1,800.000,700.000,-1,-1,1,0,2,0,2,0,0,0,0,2,2,2,2,0,0,2,2
81,-10228.397,-8307.639,-44.946,25.303,0,-0.10391,1.00000,-6.235,2.000,700.000,400.000,-1,375.000,-1,325.000,300.000,325.000,325.000,-1,-1,-1,-1,800.000,700.000,1000.000,-1,1,0,2,0,2,0,0,0,0,2,2,2,2,1,0,1,2
82,-10229.672,-8308.297,-44.960,27.303,0,-0.02391,1.00000,-1.435,2.000,675.000,400.000,-1,375.000,-1,325.000,325.000,325.000,325.000,-1,-1,-1,-1,775.000,700.000,900.000,-1,1,0,2,0,2,0,0,0,0,2,2,2,2,1,0,1,2
83,-10226.737,-8306.650,-44.997,29.303,0,0.05609,1.00000,3.365,2.000,650.000,400.000,-1,375.000,-1,325.000,325.000,325.000,325.000,-1,-1,-1,-1,775.000,725.000,825.000,-1,1,0,2,0,2,0,0,0,0,2,2,2,2,1,0,1,2
84,-10219.760,-8302.407,-45.052,31.303,0,0.13609,1.00000,8.165,2.000,625.000,400.000,-1,375.000,-1,325.000,325.000,300.000,325.000,-1,-1,-1,-1,750.000,725.000,800.000,-1,1,0,2,0,2,0,0,0,0,2,2,2,2,1,0,1,2
85,-10208.924,-8295.288,-45.118,33.303,0,0.21609,1.00000,12.965,2.000,600.000,400.000,-1,375.000,-1,325.000,325.000,300.000,325.000,-1,-1,-1,-1,725.000,725.000,750.000,-1,1,0,2,0,2,0,0,0,0,2,2,2,2,1,0,1,2
86,-10194.425,-8285.022,-45.188,35.303,0,0.29609,1.00000,17.765,2.000,575.000,400.000,-1,375.000,-1,325.000,325.000,300.000,325.000,-1,-1,-1,-1,700.000,725.000,700.000,-1,1,0,2,0,2,0,0,0,0,2,2,2,2,1,0,1,2
87,-10176.476,-8271.346,-45.253,37.303,0,0.37609,1.00000,22.565,2.000,550.000,400.000,-1,400.000,-1,325.000,325.000,300.000,325.000,-1,-1,-1,-1,675.000,750.000,650.000,-1,1,0,2,0,2,0,0,0,0,2,2,2,2,1,0,1,2
88,-10155.228,-8254.102,-45.307,39.063,0,0.45609,0.88000,27.365,1.760,525.000,400.000,-1,400.000,-1,325.000,325.000,300.000,325.000,-1,-1,-1,-1,650.000,750.000,625.000,-1,1,0,2,0,2,0,0,0,0,2,2,2,2,1,0,1,2
89,-10130.799,-8233.177,-45.342,40.583,0,0.53609,0.76000,32.165,1.520,500.000,400.000,-1,400.000,-1,325.000,325.000,300.000,325.000,-1,-1,-1,-1,625.000,750.000,575.000,-1,1,0,2,0,2,0,0,0,0,2,2,2,2,1,0,1,2
90,-10103.269,-8208.508,-45.570,41.863,0,0.61609,0.64000,36.965,1.280,475.000,400.000,-1,400.000,-1,325.000,325.000,300.000,325.000,-1,-1,-1,-1,575.000,750.000,550.000,-1,1,0,2,0,2,0,0,0,0,2,2,2,2,1,0,1,2
91,-10072.676,-8180.076,-45.838,42.903,0,0.69609,0.52000,41.765,1.040,425.000,400.000,-1,400.000,-1,325.000,325.000,300.000,300.000,-1,-1,-1,-1,550.000,750.000,500.000,-1,1,0,2,0,2,0,0,0,0,2,2,2,2,1,0,1,2
92,-10039.012,-8147.903,-46.204,43.703,0,0.77609,0.40000,46.565,0.800,400.000,400.000,-1,400.000,-1,325.000,325.000,300.000,300.000,-1,-1,-1,-1,525.000,750.000,450.000,-1,1,1,2,0,2,0,0,0,0,2,2,2,2,1,0,1,2
93,-10002.232,-8112.047,-46.610,44.271,0,0.85609,0.28394,51.365,0.568,350.000,375.000,-1,400.000,-1,325.000,325.000,300.000,300.000,-1,-1,-1,-1,500.000,750.000,400.000,-1,1,1,2,0,2,0,0,0,0,2,2,2,2,1,0,1,2
94,-9962.410,-8072.439,-47.057,44.846,0,0.93609,0.28760,56.165,0.575,300.000,350.000,-1,400.000,-1,325.000,325.000,300.000,300.000,-1,-1,-1,-1,475.000,750.000,350.000,-1,1,1,2,0,2,0,0,0,0,2,2,2,2,1,0,1,2
95,-9922.118,-8031.539,-47.519,45.429,0,0.95689,0.29182,57.414,0.584,275.000,325.000,-1,400.000,-1,325.000,325.000,300.000,300.000,-1,-1,-1,-1,425.000,725.000,300.000,-1,1,1,2,0,2,1,0,0,0,2,2,2,2,1,0,1,2
96,-9882.271,-7990.244,-47.870,46.022,0,0.95642,0.29631,57.385,0.593,225.000,300.000,-1,400.000,-1,300.000,325.000,300.000,300.000,-1,-1,-1,-1,400.000,725.000,250.000,-1,1,1,2,0,2,1,0,0,0,2,2,2,2,1,1,1,2
97,-9842.893,-7948.568,-46.592,46.624,0,0.95561,0.30097,57.337,0.602,200.000,300.000,-1,400.000,-1,275.000,325.000,325.000,300.000,-1,-1,-1,-1,375.000,750.000,225.000,-1,1,1,2,0,2,1,0,1,0,2,2,2,2,1,1,1,2
98,-9804.009,-7906.524,-42.870,47.236,0,0.95447,0.30580,57.268,0.612,200.000,300.000,-1,425.000,-1,275.000,325.000,300.000,275.000,-1,-1,-1,-1,400.000,850.000,225.000,-1,1,1,2,1,2,1,1,1,0,2,2,2,2,1,0,1,2
99,-9764.115,-7862.593,-39.149,47.757,0,0.98903,0.26090,59.342,0.522,200.000,300.000,-1,425.000,-1,275.000,325.000,300.000,275.000,-1,525.000,400.000,-1,400.000,925.000,225.000,-1,1,1,2,1,2,1,1,1,0,2,0,0,2,1,0,1,2
100,-9724.519,-7818.173,-35.528,48.286,0,0.99177,0.26417,59.506,0.528,200.000,300.000,-1,450.000,-1,300.000,350.000,275.000,275.000,-1,350.000,150.000,-1,425.000,-1,225.000,-1,1,1,2,1,2,1,1,1,0,2,0,0,2,1,2,1,2
101,-9685.239,-7773.270,-32.225,48.821,0,0.99432,0.26776,59.659,0.536,175.000,300.000,-1,475.000,-1,300.000,350.000,275.000,250.000,-1,275.000,125.000,1000.000,475.000,-1,225.000,-1,1,1,2,1,2,1,1,1,0,2,0,0,0,1,2,1,2
102,-9646.297,-7727.893,-29.244,49.365,0,0.99661,0.27173,59.796,0.543,175.000,325.000,-1,500.000,-1,300.000,375.000,275.000,250.000,-1,250.000,75.000,675.000,550.000,-1,225.000,-1,1,1,2,1,2,1,1,1,0,2,0,0,0,1,2,1,2
103,8855.085,-8855.085,-38.785,112.450,1,0.00000,0.00000,59.914,0.552,700.000,300.000,-1,275.000,425.000,250.000,250.000,500.000,350.000,-1,0.000,25.000,-1,475.000,425.000,575.000,400.000,0,0,2,0,0,0,0,0,0,2,1,1,2,0,0,0,0
104,5579.043,-980.746,168.354,41.058,1,0.08000,-0.10378,4.800,-0.208,-1,375.000,-1,375.000,-1,325.000,325.000,325.000,325.000,-1,550.000,550.000,-1,750.000,825.000,-1,-1,2,0,2,0,2,0,0,0,0,2,0,0,2,0,0,2,2
105,5586.302,-974.463,169.211,40.879,0,0.16000,-0.08920,9.600,-0.178,-1,375.000,-1,375.000,-1,325.000,325.000,325.000,325.000,-1,550.000,550.000,-1,750.000,825.000,-1,-1,2,0,2,0,2,0,0,0,0,2,0,0,2,0,0,2,2
106,5597.219,-965.072,170.493,40.702,0,0.24000,-0.08883,14.400,-0.178,-1,375.000,-1,375.000,-1,325.000,325.000,325.000,325.000,-1,550.000,550.000,-1,750.000,825.000,-1,-1,2,0,2,0,2,0,0,0,0,2,0,0,2,0,0,2,2
107,5611.813,-952.596,172.212,40.525,0,0.32000,-0.08827,19.200,-0.177,-1,375.000,-1,375.000,-1,325.000,325.000,325.000,325.000,-1,550.000,575.000,-1,750.000,825.000,-1,-1,2,0,2,0,2,0,0,0,0,2,0,0,2,0,0,2,2
108,5630.103,-937.058,174.375,40.350,0,0.40000,-0.08753,24.000,-0.175,-1,375.000,-1,375.000,-1,325.000,325.000,325.000,325.000,-1,575.000,575.000,-1,775.000,850.000,-1,-1,2,0,2,0,2,0,0,0,0,2,0,0,2,0,0,2,2
109,5652.108,-918.477,176.992,40.177,0,0.48000,-0.08658,28.800,-0.173,-1,375.000,-1,400.000,-1,325.000,325.000,325.000,325.000,-1,600.000,575.000,-1,775.000,850.000,-1,-1,2,0,2,0,2,0,0,0,0,2,0,0,2,0,0,2,2
110,5677.845,-896.877,180.074,40.006,0,0.56000,-0.08542,33.600,-0.171,-1,375.000,-1,400.000,-1,325.000,325.000,325.000,325.000,-1,600.000,575.000,-1,775.000,875.000,-1,-1,2,0,2,0,2,0,0,0,0,2,0,0,2,0,0,2,2
111,5707.331,-872.277,183.632,39.838,0,0.64000,-0.08403,38.400,-0.168,-1,375.000,-1,400.000,-1,300.000,325.000,325.000,325.000,-1,600.000,600.000,-1,800.000,875.000,-1,-1,2,0,2,0,2,0,0,0,0,2,0,0,2,0,0,2,2
112,5740.582,-844.698,187.682,39.673,0,0.72000,-0.08240,43.200,-0.165,1000.000,375.000,-1,400.000,-1,300.000,325.000,325.000,325.000,-1,625.000,600.000,-1,825.000,900.000,-1,-1,1,0,2,0,2,0,0,0,0,2,0,0,2,0,0,2,2
113,5776.805,-814.825,192.137,39.512,0,0.78253,-0.08050,46.952,-0.161,950.000,400.000,-1,400.000,-1,300.000,325.000,325.000,325.000,-1,625.000,625.000,-1,850.000,925.000,-1,-1,1,0,2,0,2,0,0,0,0,2,0,0,2,0,0,2,2
114,5813.202,-784.976,196.662,39.355,0,0.78452,-0.07835,47.071,-0.157,925.000,400.000,-1,425.000,-1,300.000,325.000,325.000,325.000,-1,650.000,625.000,-1,875.000,975.000,-1,-1,1,0,2,0,2,0,0,0,0,2,0,0,2,0,0,2,2
115,5849.766,-755.152,200.966,39.203,0,0.78641,-0.07611,47.185,-0.152,875.000,400.000,-1,425.000,-1,325.000,325.000,325.000,325.000,-1,675.000,650.000,-1,900.000,-1,-1,-1,1,0,2,0,2,0,0,0,0,2,0,0,2,0,2,2,2
116,5886.489,-725.355,205.068,39.056,0,0.78820,-0.07378,47.292,-0.148,850.000,400.000,-1,425.000,-1,325.000,325.000,325.000,325.000,-1,750.000,725.000,-1,925.000,-1,1000.000,-1,1,0,2,0,2,0,0,0,0,2,0,0,2,0,2,1,2
117,5923.365,-695.586,209.120,38.913,0,0.78987,-0.07134,47.392,-0.143,800.000,400.000,-1,425.000,-1,325.000,325.000,325.000,325.000,-1,850.000,800.000,-1,925.000,-1,950.000,-1,1,0,2,0,2,0,0,0,0,2,0,0,2,1,2,1,2
118,5960.385,-665.847,213.212,38.775,0,0.79142,-0.06880,47.485,-0.138,775.000,400.000,-1,425.000,-1,325.000,325.000,325.000,325.000,-1,950.000,900.000,-1,900.000,-1,925.000,-1,1,0,2,0,2,0,0,0,0,2,0,0,2,1,2,1,2
119,5997.541,-636.141,217.339,38.643,0,0.79285,-0.06615,47.571,-0.132,750.000,425.000,-1,425.000,-1,325.000,325.000,325.000,325.000,-1,-1,1000.000,-1,875.000,-1,875.000,-1,1,0,2,0,2,0,0,0,0,2,2,0,2,1,2,1,2
120,6034.822,-606.469,221.456,38.516,0,0.79413,-0.06339,47.648,-0.127,725.000,425.000,-1,425.000,-1,325.000,325.000,325.000,325.000,-1,-1,-1,-1,850.000,-1,850.000,-1,1,0,2,0,2,0,0,0,0,2,2,2,2,1,2,1,2
121,6072.219,-576.833,225.575,38.395,0,0.79527,-0.06053,47.716,-0.121,675.000,425.000,-1,425.000,-1,325.000,325.000,325.000,325.000,-1,-1,-1,-1,825.000,-1,800.000,-1,1,0,2,0,2,0,0,0,0,2,2,2,2,1,2,1,2
122,6109.722,-547.236,229.703,38.280,0,0.79625,-0.05755,47.775,-0.115,650.000,425.000,-1,425.000,-1,350.000,350.000,325.000,325.000,-1,-1,-1,-1,800.000,-1,775.000,-1,1,0,2,0,2,0,0,0,0,2,2,2,2,1,2,1,2
123,6147.319,-517.681,233.799,38.171,0,0.79705,-0.05447,47.823,-0.109,625.000,425.000,-1,425.000,-1,350.000,350.000,325.000,325.000,-1,-1,-1,-1,750.000,-1,750.000,-1,1,0,2,0,2,0,0,0,0,2,2,2,2,1,2,1,2
124,6184.999,-488.169,237.457,38.069,0,0.79768,-0.05127,47.861,-0.103,600.000,425.000,-1,425.000,-1,350.000,350.000,325.000,325.000,-1,-1,-1,-1,725.000,-1,700.000,-1,1,0,2,0,2,0,0,0,0,2,2,2,2,1,2,1,2
125,6222.749,-458.705,241.140,37.973,0,0.79813,-0.04796,47.888,-0.096,550.000,425.000,-1,425.000,-1,350.000,350.000,325.000,325.000,-1,-1,-1,-1,700.000,-1,650.000,-1,1,0,2,0,2,0,0,0,0,2,2,2,2,1,2,1,2
126,6260.556,-429.290,244.847,37.884,0,0.79837,-0.04454,47.902,-0.089,525.000,425.000,-1,425.000,-1,350.000,350.000,325.000,325.000,-1,-1,-1,-1,675.000,-1,625.000,-1,1,0,2,0,2,0,0,0,0,2,2,2,2,1,2,1,2
127,6298.407,-399.928,248.575,37.802,0,0.79840,-0.04101,47.904,-0.082,475.000,425.000,-1,425.000,-1,350.000,350.000,325.000,325.000,-1,-1,-1,-1,650.000,-1,575.000,-1,1,0,2,0,2,0,0,0,0,2,2,2,2,1,2,1,2
128,6339.962,-367.510,252.647,37.960,0,0.87840,0.07899,52.704,0.158,450.000,425.000,-1,450.000,-1,350.000,350.000,325.000,325.000,-1,-1,-1,-1,600.000,-1,525.000,-1,1,0,2,0,2,0,0,0,0,2,2,2,2,1,2,1,2
129,6385.054,-331.825,256.549,38.358,0,0.95840,0.19899,57.504,0.398,400.000,425.000,-1,450.000,-1,350.000,350.000,300.000,325.000,-1,-1,-1,-1,575.000,-1,475.000,-1,1,0,2,0,2,0,0,0,0,2,2,2,2,1,2,1,2
130,6431.685,-294.069,260.120,38.995,0,1.00000,0.31899,60.000,0.638,375.000,425.000,-1,450.000,-1,325.000,350.000,300.000,325.000,-1,-1,-1,-1,525.000,-1,425.000,-1,1,0,2,0,2,0,0,0,0,2,2,2,2,1,2,1,2
131,6477.733,-255.603,263.697,39.873,0,1.00000,0.43899,60.000,0.878,325.000,400.000,-1,450.000,-1,325.000,350.000,300.000,325.000,-1,-1,-1,-1,475.000,-1,375.000,-1,1,1,2,0,2,0,0,0,0,2,2,2,2,1,2,1,2
132,6523.058,-216.288,266.801,40.939,0,1.00000,0.53255,60.000,1.065,275.000,375.000,-1,450.000,-1,325.000,350.000,300.000,300.000,-1,-1,-1,-1,450.000,-1,325.000,-1,1,1,2,0,2,0,0,0,0,2,2,2,2,1,2,1,2
133,6567.639,-176.132,269.884,42.011,0,1.00000,0.53644,60.000,1.073,225.000,325.000,-1,450.000,-1,325.000,350.000,300.000,300.000,-1,-1,-1,-1,400.000,-1,250.000,-1,1,1,2,0,2,0,0,0,0,2,2,2,2,1,2,1,2
134,6611.510,-135.202,272.979,43.013,0,1.00000,0.50083,60.000,1.002,175.000,300.000,-1,425.000,-1,325.000,350.000,300.000,300.000,-1,-1,-1,-1,350.000,-1,200.000,-1,1,1,2,0,2,1,0,0,0,2,2,2,2,1,2,1,2
135,6654.656,-93.507,276.007,44.020,0,1.00000,0.50367,60.000,1.007,150.000,250.000,-1,425.000,-1,275.000,350.000,300.000,300.000,-1,-1,-1,-1,325.000,-1,150.000,-1,1,1,2,0,2,1,0,1,0,2,2,2,2,1,2,1,2
136,6697.057,-51.055,286.232,45.034,0,1.00000,0.50670,60.000,1.013,125.000,250.000,-1,500.000,-1,275.000,375.000,300.000,275.000,-1,-1,-1,-1,325.000,-1,150.000,-1,1,1,2,0,2,1,1,1,0,2,2,2,2,1,2,1,2
137,6738.696,-7.856,296.793,46.054,0,1.00000,0.50995,60.000,1.020,125.000,275.000,-1,550.000,-1,300.000,375.000,300.000,250.000,-1,-1,125.000,-1,350.000,-1,150.000,-1,1,1,2,1,2,1,1,1,0,2,2,0,2,1,2,1,2
138,6779.554,36.083,307.413,47.081,0,1.00000,0.51345,60.000,1.027,125.000,275.000,-1,650.000,-1,300.000,400.000,300.000,250.000,-1,275.000,50.000,525.000,400.000,-1,125.000,-1,1,1,2,0,2,1,1,1,0,2,0,0,0,1,2,1,2
139,6819.613,80.752,318.024,48.115,0,1.00000,0.51724,60.000,1.034,125.000,300.000,-1,750.000,-1,350.000,475.000,300.000,225.000,-1,250.000,25.000,300.000,500.000,-1,125.000,-1,1,1,2,0,2,1,1,1,0,2,0,0,0,1,2,1,2
140,6858.851,126.143,328.325,49.158,0,1.00000,0.52139,60.000,1.043,100.000,350.000,-1,875.000,-1,400.000,800.000,300.000,225.000,-1,225.000,0.000,175.000,-1,-1,125.000,-1,1,1,2,0,2,1,0,1,0,2,0,0,0,2,2,1,2
141,-8199.153,-5575.424,-47.695,-49.882,1,0.00000,0.00000,60.000,1.052,-1,350.000,-1,375.000,-1,300.000,300.000,300.000,350.000,-1,0.000,0.000,475.000,625.000,650.000,-1,-1,2,0,2,0,2,0,0,0,0,2,1,1,1,0,0,2,2
142,-8202.230,-5571.740,-47.174,-50.122,0,-0.08000,-0.12000,-4.800,-0.240,-1,350.000,-1,375.000,-1,300.000,300.000,300.000,350.000,-1,0.000,0.000,475.000,625.000,650.000,-1,-1,2,0,2,0,2,0,0,0,0,2,1,1,1,0,0,2,2
143,-8208.323,-5564.322,-46.083,-50.602,0,-0.16000,-0.24000,-9.600,-0.480,-1,350.000,-1,375.000,-1,300.000,300.000,300.000,350.000,-1,0.000,0.000,475.000,600.000,625.000,-1,-1,2,0,2,0,2,0,0,0,0,2,1,1,1,0,0,2,2
144,-8217.322,-5553.080,-44.392,-51.322,0,-0.24000,-0.36000,-14.400,-0.720,-1,350.000,-1,375.000,-1,300.000,300.000,300.000,375.000,-1,0.000,0.000,475.000,600.000,625.000,975.000,-1,2,0,2,0,2,0,0,0,0,2,1,1,1,0,0,0,2
145,-8229.068,-5537.892,-42.045,-52.282,0,-0.32000,-0.48000,-19.200,-0.960,900.000,350.000,-1,375.000,-1,300.000,300.000,300.000,375.000,-1,0.000,0.000,450.000,575.000,625.000,875.000,-1,0,0,2,0,2,0,0,0,0,2,1,1,1,0,0,0,2
146,-2295.763,-8199.153,-60.265,149.531,1,0.00000,0.00000,-24.000,-1.200,-1,325.000,-1,675.000,-1,300.000,400.000,600.000,300.000,-1,200.000,50.000,500.000,700.000,-1,250.000,-1,2,1,2,0,2,1,1,0,0,2,0,0,0,1,2,1,2
147,4263.559,-6231.356,-204.940,108.521,1,0.00000,0.00000,4.800,-0.240,-1,375.000,-1,375.000,-1,300.000,300.000,325.000,300.000,-1,500.000,600.000,-1,675.000,650.000,-1,-1,2,0,2,0,2,0,0,0,0,2,0,0,2,0,0,2,2
148,4262.032,-6226.805,-204.744,108.549,0,0.08000,0.01402,4.800,0.028,-1,375.000,-1,375.000,-1,300.000,300.000,325.000,300.000,-1,500.000,600.000,-1,675.000,675.000,-1,-1,2,0,2,0,2,0,0,0,0,2,0,0,2,0,0,2,2
149,4258.974,-6217.706,-204.353,108.577,0,0.16000,0.01402,9.600,0.028,-1,375.000,-1,375.000,-1,300.000,300.000,325.000,300.000,-1,500.000,600.000,-1,675.000,675.000,-1,-1,2,0,2,0,2,0,0,0,0,2,0,0,2,0,0,2,2
150,4254.380,-6204.058,-203.765,108.605,0,0.24000,0.01402,14.400,0.028,-1,375.000,-1,375.000,-1,300.000,300.000,325.000,300.000,-1,500.000,600.000,-1,675.000,675.000,-1,-1,2,0,2,0,2,0,0,0,0,2,0,0,2,0,0,2,2
151,4248.245,-6185.864,-202.984,108.633,0,0.32000,0.01402,19.200,0.028,-1,375.000,-1,375.000,-1,300.000,300.000,325.000,300.000,-1,500.000,575.000,-1,675.000,675.000,-1,-1,2,0,2,0,2,0,0,0,0,2,0,0,2,0,0,2,2
152,4240.566,-6163.126,-202.008,108.661,0,0.40000,0.01402,24.000,0.028,-1,375.000,-1,375.000,-1,300.000,300.000,325.000,300.000,-1,475.000,575.000,-1,675.000,675.000,-1,-1,2,0,2,0,2,0,0,0,0,2,0,0,2,0,0,2,2
153,4231.337,-6135.845,-200.841,108.689,0,0.48000,0.01402,28.800,0.028,-1,375.000,-1,375.000,-1,300.000,300.000,325.000,300.000,-1,475.000,550.000,-1,675.000,675.000,-1,-1,2,0,2,0,2,0,0,0,0,2,0,0,2,0,0,2,2
154,4220.555,-6104.022,-199.484,108.717,0,0.56000,0.01402,33.600,0.028,-1,375.000,-1,375.000,-1,300.000,300.000,325.000,300.000,-1,450.000,550.000,-1,675.000,675.000,-1,-1,2,0,2,0,2,0,0,0,0,2,0,0,2,0,0,2,2
155,4208.214,-6067.659,-197.938,108.746,0,0.64000,0.01402,38.400,0.028,-1,375.000,-1,375.000,-1,300.000,300.000,325.000,300.000,-1,400.000,475.000,-1,700.000,675.000,-1,-1,2,0,2,0,2,0,0,0,0,2,0,0,2,0,0,2,2
156,4194.311,-6026.757,-196.206,108.774,0,0.72000,0.01402,43.200,0.028,-1,375.000,-1,375.000,-1,300.000,300.000,325.000,300.000,-1,350.000,425.000,-1,700.000,675.000,-1,-1,2,0,2,0,2,0,0,0,0,2,0,0,2,0,0,2,2
157,4179.831,-5984.226,-194.215,108.802,0,0.74882,0.01402,44.929,0.028,-1,375.000,-1,375.000,-1,300.000,300.000,325.000,300.000,-1,325.000,400.000,-1,675.000,700.000,-1,-1,2,0,2,0,2,0,0,0,0,2,0,0,2,0,0,2,2
158,4165.330,-5941.701,-191.991,108.830,0,0.74882,0.01402,44.929,0.028,-1,375.000,-1,375.000,-1,300.000,300.000,325.000,300.000,-1,325.000,400.000,-1,675.000,700.000,-1,-1,2,0,2,0,2,0,0,0,0,2,0,0,2,0,0,2,2
159,4150.808,-5899.184,-189.694,108.858,0,0.74882,0.01402,44.929,0.028,-1,375.000,-1,375.000,-1,300.000,300.000,325.000,300.000,-1,325.000,400.000,-1,675.000,700.000,-1,-1,2,0,2,0,2,0,0,0,0,2,0,0,2,0,0,2,2
160,4136.265,-5856.674,-187.398,108.886,0,0.74882,0.01402,44.929,0.028,-1,375.000,-1,375.000,-1,300.000,300.000,300.000,300.000,-1,325.000,375.000,-1,675.000,700.000,-1,-1,2,0,2,0,2,0,0,0,0,2,0,0,2,0,0,2,2
161,4121.702,-5814.170,-184.801,108.914,0,0.74882,0.01402,44.929,0.028,-1,375.000,-1,375.000,-1,300.000,300.000,300.000,300.000,-1,325.000,400.000,-1,675.000,700.000,-1,-1,2,0,2,0,2,0,0,0,0,2,0,0,2,0,0,2,2
162,4107.118,-5771.674,-181.926,108.942,0,0.74882,0.01402,44.929,0.028,-1,375.000,-1,375.000,-1,300.000,300.000,300.000,300.000,-1,375.000,425.000,-1,675.000,725.000,-1,-1,2,0,2,0,2,0,0,0,0,2,0,0,2,0,0,2,2
163,4092.513,-5729.186,-178.958,108.970,0,0.74882,0.01402,44.929,0.028,-1,375.000,-1,375.000,-1,300.000,300.000,300.000,300.000,-1,400.000,450.000,-1,675.000,725.000,-1,-1,2,0,2,0,2,0,0,0,0,2,0,0,2,0,0,2,2
164,4077.887,-5686.704,-175.974,108.998,0,0.74882,0.01402,44.929,0.028,-1,375.000,-1,375.000,-1,300.000,300.000,300.000,300.000,-1,425.000,475.000,-1,675.000,725.000,-1,-1,2,0,2,0,2,0,0,0,0,2,0,0,2,0,0,2,2
165,4063.240,-5644.229,-172.976,109.026,0,0.74882,0.01402,44.929,0.028,-1,375.000,-1,375.000,-1,300.000,300.000,300.000,300.000,-1,450.000,500.000,-1,675.000,725.000,-1,-1,2,0,2,0,2,0,0,0,0,2,0,0,2,0,0,2,2
166,4048.573,-5601.762,-169.963,109.054,0,0.74882,0.01402,44.929,0.028,-1,375.000,-1,375.000,-1,300.000,300.000,300.000,300.000,-1,475.000,525.000,-1,675.000,725.000,-1,-1,2,0,2,0,2,0,0,0,0,2,0,0,2,0,0,2,2
167,4033.885,-5559.302,-166.935,109.082,0,0.74882,0.01402,44.929,0.028,-1,375.000,-1,375.000,-1,300.000,300.000,300.000,300.000,-1,500.000,550.000,-1,675.000,725.000,-1,-1,2,0,2,0,2,0,0,0,0,2,0,0,2,0,0,2,2
168,4019.176,-5516.849,-163.892,109.110,0,0.74882,0.01402,44.929,0.028,-1,375.000,-1,375.000,-1,300.000,325.000,300.000,300.000,-1,525.000,550.000,-1,675.000,725.000,-1,-1,2,0,2,0,2,0,0,0,0,2,0,0,2,0,0,2,2
169,4004.446,-5474.403,-160.835,109.138,0,0.74882,0.01402,44.929,0.028,-1,375.000,-1,375.000,-1,300.000,325.000,300.000,300.000,-1,550.000,575.000,-1,675.000,725.000,-1,-1,2,0,2,0,2,0,0,0,0,2,0,0,2,0,0,2,2
170,3989.695,-5431.964,-157.762,109.166,0,0.74882,0.01402,44.929,0.028,-1,375.000,-1,375.000,-1,300.000,325.000,300.000,300.000,-1,550.000,575.000,-1,700.000,750.000,-1,-1,2,0,2,0,2,0,0,0,0,2,0,0,2,0,0,2,2
171,3974.924,-5389.533,-154.675,109.194,0,0.74882,0.01402,44.929,0.028,-1,375.000,-1,400.000,-1,325.000,325.000,300.000,300.000,-1,575.000,600.000,-1,700.000,750.000,-1,-1,2,0,2,0,2,0,0,0,0,2,0,0,2,0,0,2,2
172,3961.554,-5351.697,-151.871,109.462,0,0.66882,0.13402,40.129,0.268,-1,375.000,-1,400.000,-1,325.000,325.000,300.000,300.000,-1,600.000,550.000,-1,700.000,750.000,-1,-1,2,0,2,0,2,0,0,0,0,2,0,0,2,0,0,2,2
173,3949.488,-5318.492,-149.269,109.970,0,0.58882,0.25402,35.329,0.508,-1,375.000,-1,400.000,-1,325.000,325.000,300.000,300.000,-1,575.000,550.000,-1,700.000,750.000,-1,-1,2,0,2,0,2,0,0,0,0,2,0,0,2,0,0,2,2
174,3938.688,-5289.937,-147.018,110.718,0,0.50882,0.37402,30.529,0.748,-1,375.000,-1,400.000,-1,325.000,325.000,300.000,300.000,-1,575.000,525.000,-1,700.000,750.000,-1,-1,2,0,2,0,2,0,0,0,0,2,0,0,2,0,0,2,2
175,3929.172,-5266.033,-145.120,111.706,0,0.42882,0.49402,25.729,0.988,-1,375.000,-1,400.000,-1,325.000,325.000,300.000,300.000,-1,550.000,525.000,-1,700.000,750.000,-1,-1,2,0,2,0,2,0,0,0,0,2,0,0,2,0,0,2,2
176,3921.016,-5246.758,-143.574,112.934,0,0.34882,0.61402,20.929,1.228,-1,375.000,-1,400.000,-1,325.000,325.000,300.000,300.000,-1,550.000,525.000,-1,700.000,750.000,-1,-1,2,0,2,0,2,0,0,0,0,2,0,0,2,0,0,2,2
177,3914.403,-5232.047,-142.384,114.206,0,0.26882,0.63567,16.129,1.271,-1,375.000,-1,400.000,-1,325.000,325.000,300.000,300.000,-1,525.000,525.000,-1,700.000,750.000,-1,-1,2,0,2,0,2,0,0,0,0,2,0,0,2,0,0,2,2
178,3909.530,-5221.820,-141.546,115.477,0,0.18882,0.63567,11.329,1.271,-1,375.000,-1,400.000,-1,325.000,325.000,300.000,300.000,-1,525.000,525.000,-1,700.000,750.000,-1,-1,2,0,2,0,2,0,0,0,0,2,0,0,2,0,0,2,2
179,3906.592,-5215.990,-141.055,116.748,0,0.10882,0.63567,6.529,1.271,-1,375.000,-1,400.000,-1,325.000,325.000,300.000,300.000,-1,525.000,525.000,-1,700.000,750.000,-1,-1,2,0,2,0,2,0,0,0,0,2,0,0,2,0,0,2,2
180,3905.779,-5214.463,-140.902,118.020,0,0.02882,0.63567,1.729,1.271,-1,375.000,-1,400.000,-1,325.000,325.000,300.000,300.000,-1,525.000,525.000,-1,700.000,750.000,-1,-1,2,0,2,0,2,0,0,0,0,2,0,0,2,0,0,2,2
181,3907.282,-5217.142,-141.080,119.291,0,-0.05118,0.63567,-3.071,1.271,-1,375.000,-1,400.000,-1,325.000,325.000,300.000,300.000,-1,525.000,525.000,-1,700.000,750.000,-1,-1,2,0,2,0,2,0,0,0,0,2,0,0,2,0,0,2,2
182,3910.336,-5222.313,-141.455,120.562,0,-0.10010,0.63567,-6.006,1.271,-1,375.000,-1,400.000,-1,325.000,325.000,300.000,300.000,-1,525.000,550.000,-1,700.000,750.000,-1,-1,2,0,2,0,2,0,0,0,0,2,0,0,2,0,0,2,2
183,3913.503,-5227.416,-141.825,121.834,0,-0.10010,0.63567,-6.006,1.271,-1,375.000,-1,400.000,-1,325.000,325.000,300.000,300.000,-1,525.000,550.000,-1,700.000,750.000,-1,-1,2,0,2,0,2,0,0,0,0,2,0,0,2,0,0,2,2
184,3916.784,-5232.447,-142.190,123.105,0,-0.10010,0.63567,-6.006,1.271,-1,375.000,-1,400.000,-1,325.000,325.000,300.000,300.000,-1,550.000,550.000,-1,700.000,725.000,-1,-1,2,0,2,0,2,0,0,0,0,2,0,0,2,0,0,2,2
185,3920.175,-5237.404,-142.551,124.376,0,-0.10010,0.63567,-6.006,1.271,-1,375.000,-1,375.000,-1,300.000,325.000,300.000,300.000,-1,550.000,575.000,-1,700.000,725.000,-1,-1,2,0,2,0,2,0,0,0,0,2,0,0,2,0,0,2,2
186,3923.675,-5242.284,-142.907,125.648,0,-0.10010,0.63567,-6.006,1.271,-1,375.000,-1,375.000,-1,300.000,325.000,300.000,300.000,-1,550.000,575.000,-1,700.000,725.000,-1,-1,2,0,2,0,2,0,0,0,0,2,0,0,2,0,0,2,2
187,3927.283,-5247.086,-143.258,126.919,0,-0.10010,0.63567,-6.006,1.271,-1,375.000,-1,375.000,-1,300.000,325.000,325.000,300.000,-1,575.000,600.000,-1,700.000,725.000,-1,-1,2,0,2,0,2,0,0,0,0,2,0,0,2,0,0,2,2
188,3930.996,-5251.806,-143.604,128.190,0,-0.10010,0.63567,-6.006,1.271,-1,375.000,-1,375.000,-1,300.000,325.000,325.000,300.000,-1,575.000,600.000,-1,700.000,725.000,-1,-1,2,0,2,0,2,0,0,0,0,2,0,0,2,0,0,2,2
189,3934.813,-5256.443,-143.944,129.462,0,-0.10010,0.63567,-6.006,1.271,-1,375.000,-1,375.000,-1,300.000,325.000,325.000,300.000,-1,575.000,625.000,-1,700.000,725.000,-1,-1,2,0,2,0,2,0,0,0,0,2,0,0,2,0,0,2,2
190,3938.732,-5260.994,-144.279,130.733,0,-0.10010,0.63567,-6.006,1.271,-1,375.000,-1,375.000,-1,300.000,325.000,325.000,300.000,-1,600.000,625.000,-1,700.000,725.000,-1,-1,2,0,2,0,2,0,0,0,0,2,0,0,2,0,0,2,2
191,3942.751,-5265.457,-144.608,132.004,0,-0.10010,0.63567,-6.006,1.271,-1,375.000,-1,375.000,-1,300.000,325.000,325.000,300.000,-1,600.000,650.000,-1,700.000,725.000,-1,-1,2,0,2,0,2,0,0,0,0,2,0,0,2,0,0,2,2
192,3946.868,-5269.829,-144.931,133.276,0,-0.10010,0.63567,-6.006,1.271,-1,375.000,-1,375.000,-1,300.000,325.000,325.000,300.000,-1,625.000,675.000,-1,700.000,725.000,-1,-1,2,0,2,0,2,0,0,0,0,2,0,0,2,0,0,2,2
193,3951.081,-5274.110,-145.248,134.547,0,-0.10010,0.63567,-6.006,1.271,-1,375.000,-1,375.000,-1,300.000,325.000,325.000,300.000,-1,625.000,675.000,-1,700.000,700.000,-1,-1,2,0,2,0,2,0,0,0,0,2,0,0,2,0,0,2,2
194,3955.388,-5278.295,-145.558,135.818,0,-0.10010,0.63567,-6.006,1.271,-1,375.000,-1,375.000,-1,300.000,300.000,325.000,300.000,-1,650.000,700.000,-1,675.000,700.000,-1,-1,2,0,2,0,2,0,0,0,0,2,0,0,2,0,0,2,2
195,3959.787,-5282.384,-145.862,137.090,0,-0.10010,0.63567,-6.006,1.271,-1,375.000,-1,375.000,-1,300.000,300.000,325.000,300.000,-1,675.000,725.000,-1,675.000,700.000,-1,-1,2,0,2,0,2,0,0,0,0,2,0,0,2,0,0,2,2
196,3964.275,-5286.375,-146.160,138.361,0,-0.10010,0.63567,-6.006,1.271,-1,375.000,-1,375.000,-1,300.000,300.000,325.000,300.000,-1,675.000,750.000,-1,675.000,700.000,-1,-1,2,0,2,0,2,0,0,0,0,2,0,0,2,0,0,2,2
197,3968.851,-5290.265,-146.451,139.632,0,-0.10010,0.63567,-6.006,1.271,-1,375.000,-1,375.000,-1,300.000,300.000,325.000,325.000,-1,700.000,775.000,-1,675.000,700.000,-1,-1,2,0,2,0,2,0,0,0,0,2,0,0,2,0,0,2,2
198,3969.784,-5291.029,-146.512,140.664,0,-0.02010,0.51567,-1.206,1.031,-1,375.000,-1,375.000,-1,300.000,300.000,325.000,325.000,-1,700.000,775.000,-1,675.000,700.000,-1,-1,2,0,2,0,2,0,0,0,0,2,0,0,2,0,0,2,2
199,3966.973,-5288.789,-146.352,141.455,0,0.05990,0.39567,3.594,0.791,-1,375.000,-1,375.000,-1,300.000,300.000,325.000,325.000,-1,725.000,775.000,-1,700.000,700.000,-1,-1,2,0,2,0,2,0,0,0,0,2,0,0,2,0,0,2,2
200,3960.358,-5283.622,-145.978,142.006,0,0.13990,0.27567,8.394,0.551,-1,375.000,-1,375.000,-1,300.000,300.000,325.000,325.000,-1,700.000,775.000,-1,700.000,700.000,-1,-1,2,0,2,0,2,0,0,0,0,2,0,0,2,0,0,2,2
201,3949.916,-5275.557,-145.389,142.318,0,0.21990,0.15567,13.194,0.311,-1,375.000,-1,375.000,-1,300.000,300.000,325.000,325.000,-1,700.000,775.000,-1,700.000,700.000,-1,-1,2,0,2,0,2,0,0,0,0,2,0,0,2,0,0,2,2
202,3935.661,-5264.575,-144.581,142.389,0,0.29990,0.03567,17.994,0.071,-1,375.000,-1,375.000,-1,300.000,300.000,325.000,325.000,-1,675.000,750.000,-1,700.000,700.000,-1,-1,2,0,2,0,2,0,0,0,0,2,0,0,2,0,0,2,2
203,3917.645,-5250.611,-143.546,142.220,0,0.37990,-0.08433,22.794,-0.169,-1,375.000,-1,375.000,-1,300.000,300.000,325.000,300.000,-1,650.000,700.000,-1,700.000,700.000,-1,-1,2,0,2,0,2,0,0,0,0,2,0,0,2,0,0,2,2
204,3895.957,-5233.551,-142.270,141.812,0,0.45990,-0.20433,27.594,-0.409,-1,375.000,-1,375.000,-1,300.000,300.000,325.000,300.000,-1,625.000,675.000,-1,700.000,700.000,-1,-1,2,0,2,0,2,0,0,0,0,2,0,0,2,0,0,2,2
205,3870.724,-5213.236,-140.734,141.163,0,0.53990,-0.32433,32.394,-0.649,-1,375.000,-1,375.000,-1,300.000,300.000,325.000,300.000,-1,575.000,625.000,-1,700.000,700.000,-1,-1,2,0,2,0,2,0,0,0,0,2,0,0,2,0,0,2,2
206,3842.117,-5189.465,-138.884,140.274,0,0.61990,-0.44433,37.194,-0.889,-1,375.000,-1,375.000,-1,300.000,300.000,325.000,300.000,-1,550.000,600.000,-1,700.000,700.000,-1,-1,2,0,2,0,2,0,0,0,0,2,0,0,2,0,0,2,2
207,3810.354,-5161.995,-136.698,139.146,0,0.69990,-0.56433,41.994,-1.129,-1,375.000,-1,375.000,-1,300.000,325.000,325.000,300.000,-1,525.000,575.000,-1,700.000,725.000,-1,-1,2,0,2,0,2,0,0,0,0,2,0,0,2,0,0,2,2
208,3775.670,-5130.583,-134.041,137.834,0,0.77990,-0.65585,46.794,-1.312,-1,375.000,-1,375.000,-1,300.000,325.000,300.000,300.000,-1,525.000,575.000,-1,700.000,725.000,-1,-1,2,0,2,0,2,0,0,0,0,2,0,0,2,0,0,2,2
209,3738.231,-5095.083,-130.990,136.522,0,0.85990,-0.65585,51.594,-1.312,-1,375.000,-1,375.000,-1,300.000,325.000,300.000,300.000,-1,525.000,575.000,-1,700.000,725.000,-1,-1,2,0,2,0,2,0,0,0,0,2,0,0,2,0,0,2,2
210,3698.647,-5055.789,-127.557,135.211,0,0.92959,-0.65585,55.775,-1.312,-1,375.000,-1,375.000,-1,300.000,325.000,300.000,300.000,-1,550.000,575.000,-1,700.000,725.000,-1,-1,2,0,2,0,2,0,0,0,0,2,0,0,2,0,0,2,2
211,3659.973,-5015.600,-123.991,133.899,0,0.92959,-0.65585,55.775,-1.312,-1,375.000,-1,375.000,-1,325.000,325.000,300.000,300.000,-1,550.000,575.000,-1,700.000,750.000,-1,-1,2,0,2,0,2,0,0,0,0,2,0,0,2,0,0,2,2
212,3622.229,-4974.535,-120.239,132.587,0,0.92959,-0.65585,55.775,-1.312,-1,375.000,-1,400.000,-1,325.000,325.000,300.000,300.000,-1,575.000,575.000,-1,700.000,750.000,-1,-1,2,0,2,0,2,0,0,0,0,2,0,0,2,0,0,2,2
213,3585.436,-4932.618,-116.348,131.276,0,0.92959,-0.65585,55.775,-1.312,-1,375.000,-1,400.000,-1,325.000,325.000,300.000,300.000,-1,575.000,600.000,-1,700.000,750.000,-1,-1,2,0,2,0,2,0,0,0,0,2,0,0,2,0,0,2,2
214,3549.611,-4889.869,-112.237,129.964,0,0.92959,-0.65585,55.775,-1.312,-1,375.000,-1,400.000,-1,325.000,325.000,300.000,300.000,-1,625.000,625.000,-1,725.000,750.000,-1,-1,2,0,2,0,2,0,0,0,0,2,0,0,2,0,0,2,2
215,3514.774,-4846.311,-108.021,128.652,0,0.92959,-0.65585,55.775,-1.312,-1,375.000,-1,400.000,-1,325.000,325.000,300.000,300.000,-1,650.000,650.000,-1,725.000,775.000,-1,-1,2,0,2,0,2,0,0,0,0,2,0,0,2,0,0,2,2
216,3483.686,-4805.914,-104.089,127.580,0,0.84959,-0.53585,50.975,-1.072,-1,375.000,-1,400.000,-1,325.000,325.000,300.000,300.000,-1,675.000,675.000,-1,725.000,775.000,-1,-1,2,0,2,0,2,0,0,0,0,2,0,0,2,0,0,2,2
217,3456.059,-4768.915,-100.472,126.749,0,0.76959,-0.41585,46.175,-0.832,-1,375.000,-1,400.000,-1,325.000,325.000,300.000,300.000,-1,725.000,675.000,-1,725.000,775.000,-1,-1,2,0,2,0,2,0,0,0,0,2,0,0,2,0,0,2,2
218,3431.648,-4735.509,-97.189,126.157,0,0.68959,-0.29585,41.375,-0.592,-1,375.000,-1,400.000,-1,325.000,325.000,300.000,300.000,-1,750.000,700.000,-1,725.000,775.000,-1,-1,2,0,2,0,2,0,0,0,0,2,0,0,2,0,0,2,2
219,3410.250,-4705.846,-94.259,125.805,0,0.60959,-0.17585,36.575,-0.352,-1,375.000,-1,400.000,-1,325.000,325.000,300.000,300.000,-1,775.000,725.000,-1,725.000,775.000,-1,-1,2,0,2,0,2,0,0,0,0,2,0,0,2,0,0,2,2
220,3391.729,-4680.027,-91.695,125.654,0,0.52959,-0.07572,31.775,-0.151,-1,375.000,-1,400.000,-1,325.000,325.000,300.000,300.000,-1,775.000,725.000,-1,750.000,775.000,-1,-1,2,0,2,0,2,0,0,0,0,2,0,0,2,0,0,2,2
221,3376.063,-4658.067,-89.533,125.502,0,0.44959,-0.07572,26.975,-0.151,-1,375.000,-1,400.000,-1,325.000,325.000,300.000,300.000,-1,800.000,750.000,-1,750.000,775.000,-1,-1,2,0,2,0,2,0,0,0,0,2,0,0,2,0,0,2,2
222,3363.233,-4639.980,-87.765,125.351,0,0.36959,-0.07572,22.175,-0.151,-1,375.000,-1,400.000,-1,325.000,325.000,300.000,300.000,-1,825.000,750.000,-1,750.000,775.000,-1,-1,2,0,2,0,2,0,0,0,0,2,0,0,2,0,0,2,2
223,3353.218,-4625.782,-86.366,125.200,0,0.28959,-0.07572,17.375,-0.151,-1,375.000,-1,400.000,-1,325.000,325.000,300.000,300.000,-1,825.000,750.000,-1,750.000,775.000,-1,-1,2,0,2,0,2,0,0,0,0,2,0,0,2,0,0,2,2
224,3345.996,-4615.487,-85.347,125.048,0,0.20959,-0.07572,12.575,-0.151,-1,375.000,-1,400.000,-1,325.000,325.000,300.000,300.000,-1,850.000,775.000,-1,750.000,775.000,-1,-1,2,0,2,0,2,0,0,0,0,2,0,0,2,0,0,2,2
225,3341.548,-4609.110,-84.716,124.897,0,0.12959,-0.07572,7.775,-0.151,-1,375.000,-1,400.000,-1,325.000,325.000,300.000,300.000,-1,850.000,775.000,-1,750.000,775.000,-1,-1,2,0,2,0,2,0,0,0,0,2,0,0,2,0,0,2,2
226,3339.852,-4606.666,-84.475,124.745,0,0.04959,-0.07572,2.975,-0.151,-1,375.000,-1,400.000,-1,325.000,325.000,300.000,300.000,-1,850.000,775.000,-1,750.000,775.000,-1,-1,2,0,2,0,2,0,0,0,0,2,0,0,2,0,0,2,2
227,3340.888,-4608.168,-84.625,124.594,0,-0.03041,-0.07572,-1.825,-0.151,-1,375.000,-1,400.000,-1,325.000,325.000,300.000,300.000,-1,850.000,775.000,-1,750.000,775.000,-1,-1,2,0,2,0,2,0,0,0,0,2,0,0,2,0,0,2,2
228,3344.635,-4613.631,-85.167,124.442,0,-0.11041,-0.07572,-6.625,-0.151,-1,375.000,-1,400.000,-1,325.000,325.000,300.000,300.000,-1,850.000,775.000,-1,750.000,775.000,-1,-1,2,0,2,0,2,0,0,0,0,2,0,0,2,0,0,2,2
229,3351.072,-4623.071,-86.101,124.291,0,-0.19041,-0.07572,-11.425,-0.151,-1,375.000,-1,400.000,-1,325.000,325.000,300.000,300.000,-1,850.000,775.000,-1,750.000,775.000,-1,-1,2,0,2,0,2,0,0,0,0,2,0,0,2,0,0,2,2
230,3360.178,-4636.499,-87.424,124.139,0,-0.27041,-0.07572,-16.225,-0.151,-1,375.000,-1,400.000,-1,325.000,325.000,300.000,300.000,-1,825.000,775.000,-1,750.000,775.000,-1,-1,2,0,2,0,2,0,0,0,0,2,0,0,2,0,0,2,2
231,3371.931,-4653.932,-89.124,123.988,0,-0.35041,-0.07572,-21.025,-0.151,-1,375.000,-1,400.000,-1,325.000,325.000,300.000,300.000,-1,825.000,750.000,-1,750.000,775.000,-1,-1,2,0,2,0,2,0,0,0,0,2,0,0,2,0,0,2,2
232,3384.960,-4673.368,-91.021,123.837,0,-0.38999,-0.07572,-23.399,-0.151,-1,375.000,-1,400.000,-1,325.000,325.000,300.000,300.000,-1,800.000,750.000,-1,750.000,775.000,-1,-1,2,0,2,0,2,0,0,0,0,2,0,0,2,0,0,2,2
233,3397.938,-4692.839,-92.950,123.685,0,-0.38999,-0.07572,-23.399,-0.151,-1,375.000,-1,400.000,-1,325.000,325.000,300.000,300.000,-1,800.000,750.000,-1,750.000,775.000,-1,-1,2,0,2,0,2,0,0,0,0,2,0,0,2,0,0,2,2
234,3410.864,-4712.343,-94.875,123.534,0,-0.38999,-0.07572,-23.399,-0.151,-1,375.000,-1,400.000,-1,325.000,325.000,300.000,300.000,-1,775.000,750.000,-1,750.000,775.000,-1,-1,2,0,2,0,2,0,0,0,0,2,0,0,2,0,0,2,2
235,3423.739,-4731.882,-96.796,123.382,0,-0.38999,-0.07572,-23.399,-0.151,-1,375.000,-1,400.000,-1,325.000,325.000,300.000,300.000,-1,775.000,725.000,-1,725.000,775.000,-1,-1,2,0,2,0,2,0,0,0,0,2,0,0,2,0,0,2,2
236,3436.562,-4751.455,-98.714,123.231,0,-0.38999,-0.07572,-23.399,-0.151,-1,375.000,-1,400.000,-1,325.000,325.000,300.000,300.000,-1,750.000,725.000,-1,725.000,775.000,-1,-1,2,0,2,0,2,0,0,0,0,2,0,0,2,0,0,2,2
237,3449.333,-4771.061,-100.627,123.079,0,-0.38999,-0.07572,-23.399,-0.151,-1,375.000,-1,400.000,-1,325.000,325.000,300.000,300.000,-1,750.000,725.000,-1,725.000,775.000,-1,-1,2,0,2,0,2,0,0,0,0,2,0,0,2,0,0,2,2
238,3462.053,-4790.701,-102.539,122.928,0,-0.38999,-0.07572,-23.399,-0.151,-1,375.000,-1,400.000,-1,325.000,325.000,300.000,300.000,-1,725.000,700.000,-1,725.000,775.000,-1,-1,2,0,2,0,2,0,0,0,0,2,0,0,2,0,0,2,2
239,3474.720,-4810.375,-104.450,122.776,0,-0.38999,-0.07572,-23.399,-0.151,-1,375.000,-1,400.000,-1,325.000,325.000,300.000,300.000,-1,700.000,675.000,-1,725.000,775.000,-1,-1,2,0,2,0,2,0,0,0,0,2,0,0,2,0,0,2,2
240,3487.335,-4830.082,-106.357,122.625,0,-0.38999,-0.07572,-23.399,-0.151,-1,375.000,-1,400.000,-1,325.000,325.000,300.000,300.000,-1,700.000,675.000,-1,725.000,775.000,-1,-1,2,0,2,0,2,0,0,0,0,2,0,0,2,0,0,2,2
241,3499.898,-4849.823,-108.260,122.474,0,-0.38999,-0.07572,-23.399,-0.151,-1,375.000,-1,400.000,-1,325.000,325.000,300.000,300.000,-1,675.000,650.000,-1,725.000,775.000,-1,-1,2,0,2,0,2,0,0,0,0,2,0,0,2,0,0,2,2
242,3512.409,-4869.596,-110.160,122.322,0,-0.38999,-0.07572,-23.399,-0.151,-1,375.000,-1,400.000,-1,325.000,325.000,300.000,300.000,-1,675.000,650.000,-1,725.000,775.000,-1,-1,2,0,2,0,2,0,0,0,0,2,0,0,2,0,0,2,2
243,3524.868,-4889.403,-112.055,122.171,0,-0.38999,-0.07572,-23.399,-0.151,-1,375.000,-1,400.000,-1,325.000,325.000,300.000,300.000,-1,650.000,625.000,-1,725.000,775.000,-1,-1,2,0,2,0,2,0,0,0,0,2,0,0,2,0,0,2,2
244,3537.274,-4909.242,-113.946,122.019,0,-0.38999,-0.07572,-23.399,-0.151,-1,375.000,-1,400.000,-1,325.000,325.000,300.000,300.000,-1,650.000,625.000,-1,725.000,775.000,-1,-1,2,0,2,0,2,0,0,0,0,2,0,0,2,0,0,2,2
245,3549.628,-4929.114,-115.833,121.868,0,-0.38999,-0.07572,-23.399,-0.151,-1,375.000,-1,400.000,-1,325.000,325.000,300.000,300.000,-1,625.000,600.000,-1,725.000,775.000,-1,-1,2,0,2,0,2,0,0,0,0,2,0,0,2,0,0,2,2
246,3559.472,-4944.895,-117.325,121.956,0,-0.30999,0.04428,-18.599,0.089,-1,375.000,-1,400.000,-1,325.000,325.000,300.000,300.000,-1,625.000,600.000,-1,725.000,775.000,-1,-1,2,0,2,0,2,0,0,0,0,2,0,0,2,0,0,2,2
247,3566.843,-4956.561,-118.423,122.285,0,-0.22999,0.16428,-13.799,0.329,-1,375.000,-1,400.000,-1,325.000,325.000,300.000,300.000,-1,600.000,600.000,-1,725.000,775.000,-1,-1,2,0,2,0,2,0,0,0,0,2,0,0,2,0,0,2,2
248,3571.725,-4964.121,-119.131,122.853,0,-0.14999,0.28428,-8.999,0.569,-1,375.000,-1,400.000,-1,325.000,325.000,300.000,300.000,-1,600.000,575.000,-1,725.000,775.000,-1,-1,2,0,2,0,2,0,0,0,0,2,0,0,2,0,0,2,2
249,3574.052,-4967.616,-119.453,123.662,0,-0.06999,0.40428,-4.199,0.809,-1,375.000,-1,400.000,-1,325.000,325.000,300.000,300.000,-1,600.000,575.000,-1,725.000,750.000,-1,-1,2,0,2,0,2,0,0,0,0,2,0,0,2,0,0,2,2
250,3573.710,-4967.122,-119.397,124.710,0,0.01001,0.52428,0.601,1.049,-1,375.000,-1,400.000,-1,325.000,325.000,300.000,300.000,-1,600.000,575.000,-1,725.000,750.000,-1,-1,2,0,2,0,2,0,0,0,0,2,0,0,2,0,0,2,2
251,3570.546,-4962.744,-118.972,125.857,0,0.09001,0.57310,5.401,1.146,-1,375.000,-1,400.000,-1,325.000,325.000,300.000,300.000,-1,575.000,575.000,-1,725.000,750.000,-1,-1,2,0,2,0,2,0,0,0,0,2,0,0,2,0,0,2,2
252,3564.407,-4954.598,-118.188,127.003,0,0.17001,0.57310,10.201,1.146,-1,375.000,-1,400.000,-1,325.000,325.000,300.000,300.000,-1,600.000,575.000,-1,725.000,750.000,-1,-1,2,0,2,0,2,0,0,0,0,2,0,0,2,0,0,2,2
253,3555.141,-4942.801,-117.052,128.149,0,0.25001,0.57310,15.001,1.146,-1,375.000,-1,400.000,-1,325.000,325.000,300.000,300.000,-1,600.000,600.000,-1,725.000,750.000,-1,-1,2,0,2,0,2,0,0,0,0,2,0,0,2,0,0,2,2
254,3542.601,-4927.477,-115.572,129.295,0,0.33001,0.57310,19.801,1.146,-1,375.000,-1,400.000,-1,325.000,325.000,300.000,300.000,-1,600.000,600.000,-1,725.000,750.000,-1,-1,2,0,2,0,2,0,0,0,0,2,0,0,2,0,0,2,2
255,3526.643,-4908.754,-113.754,130.441,0,0.41001,0.57310,24.601,1.146,-1,375.000,-1,400.000,-1,325.000,325.000,300.000,300.000,-1,600.000,600.000,-1,725.000,750.000,-1,-1,2,0,2,0,2,0,0,0,0,2,0,0,2,0,0,2,2
256,3507.127,-4886.764,-111.603,131.588,0,0.49001,0.57310,29.401,1.146,-1,375.000,-1,400.000,-1,325.000,325.000,300.000,300.000,-1,625.000,600.000,-1,725.000,750.000,-1,-1,2,0,2,0,2,0,0,0,0,2,0,0,2,0,0,2,2
257,3485.880,-4863.766,-109.336,132.734,0,0.52184,0.57310,31.310,1.146,-1,375.000,-1,400.000,-1,325.000,325.000,300.000,300.000,-1,625.000,625.000,-1,725.000,750.000,-1,-1,2,0,2,0,2,0,0,0,0,2,0,0,2,0,0,2,2
258,3464.178,-4841.198,-107.095,133.880,0,0.52184,0.57310,31.310,1.146,-1,375.000,-1,400.000,-1,325.000,325.000,300.000,300.000,-1,650.000,625.000,-1,725.000,750.000,-1,-1,2,0,2,0,2,0,0,0,0,2,0,0,2,0,0,2,2
259,3442.028,-4819.069,-104.881,135.026,0,0.52184,0.57310,31.310,1.146,-1,375.000,-1,400.000,-1,325.000,325.000,300.000,300.000,-1,650.000,625.000,-1,725.000,750.000,-1,-1,2,0,2,0,2,0,0,0,0,2,0,0,2,0,0,2,2
260,3419.440,-4797.387,-102.691,136.172,0,0.52184,0.57310,31.310,1.146,-1,375.000,-1,400.000,-1,325.000,325.000,300.000,300.000,-1,650.000,625.000,-1,725.000,750.000,-1,-1,2,0,2,0,2,0,0,0,0,2,0,0,2,0,0,2,2
261,3396.422,-4776.161,-100.527,137.319,0,0.52184,0.57310,31.310,1.146,-1,375.000,-1,400.000,-1,325.000,325.000,300.000,300.000,-1,650.000,625.000,-1,725.000,775.000,-1,-1,2,0,2,0,2,0,0,0,0,2,0,0,2,0,0,2,2
262,3372.985,-4755.399,-98.388,138.465,0,0.52184,0.57310,31.310,1.146,-1,375.000,-1,400.000,-1,325.000,325.000,300.000,300.000,-1,650.000,625.000,-1,725.000,775.000,-1,-1,2,0,2,0,2,0,0,0,0,2,0,0,2,0,0,2,2
263,3349.137,-4735.111,-96.232,139.611,0,0.52184,0.57310,31.310,1.146,-1,375.000,-1,400.000,-1,325.000,325.000,300.000,300.000,-1,650.000,625.000,-1,725.000,775.000,-1,-1,2,0,2,0,2,0,0,0,0,2,0,0,2,0,0,2,2
264,3324.888,-4715.304,-94.106,140.757,0,0.52184,0.57310,31.310,1.146,-1,375.000,-1,400.000,-1,325.000,325.000,300.000,300.000,-1,650.000,625.000,-1,725.000,775.000,-1,-1,2,0,2,0,2,0,0,0,0,2,0,0,2,0,0,2,2
265,3300.248,-4695.986,-92.010,141.903,0,0.52184,0.57310,31.310,1.146,-1,375.000,-1,400.000,-1,325.000,325.000,300.000,300.000,-1,650.000,625.000,-1,725.000,775.000,-1,-1,2,0,2,0,2,0,0,0,0,2,0,0,2,0,0,2,2
266,3275.226,-4677.165,-89.945,143.050,0,0.52184,0.57310,31.310,1.146,-1,375.000,-1,400.000,-1,325.000,325.000,300.000,300.000,-1,650.000,650.000,-1,725.000,775.000,-1,-1,2,0,2,0,2,0,0,0,0,2,0,0,2,0,0,2,2
267,3249.833,-4658.848,-87.911,144.196,0,0.52184,0.57310,31.310,1.146,-1,375.000,-1,400.000,-1,325.000,325.000,300.000,300.000,-1,675.000,650.000,-1,750.000,775.000,-1,-1,2,0,2,0,2,0,0,0,0,2,0,0,2,0,0,2,2
268,3224.078,-4641.042,-85.933,145.342,0,0.52184,0.57310,31.310,1.146,-1,375.000,-1,400.000,-1,325.000,325.000,300.000,300.000,-1,675.000,650.000,-1,750.000,775.000,-1,-1,2,0,2,0,2,0,0,0,0,2,0,0,2,0,0,2,2
269,3197.973,-4623.756,-83.987,146.488,0,0.52184,0.57310,31.310,1.146,-1,375.000,-1,400.000,-1,325.000,325.000,300.000,300.000,-1,675.000,650.000,-1,750.000,775.000,-1,-1,2,0,2,0,2,0,0,0,0,2,0,0,2,0,0,2,2
270,3171.526,-4606.995,-82.032,147.634,0,0.52184,0.57310,31.310,1.146,-1,400.000,-1,400.000,-1,325.000,325.000,300.000,300.000,-1,700.000,675.000,-1,750.000,775.000,-1,-1,2,0,2,0,2,0,0,0,0,2,0,0,2,0,0,2,2
271,3144.750,-4590.766,-80.113,148.781,0,0.52184,0.57310,31.310,1.146,-1,400.000,-1,400.000,-1,325.000,325.000,300.000,300.000,-1,725.000,700.000,-1,750.000,775.000,-1,-1,2,0,2,0,2,0,0,0,0,2,0,0,2,0,0,2,2
272,3117.655,-4575.076,-78.232,149.927,0,0.52184,0.57310,31.310,1.146,-1,400.000,-1,400.000,-1,325.000,325.000,300.000,300.000,-1,725.000,725.000,-1,750.000,775.000,-1,-1,2,0,2,0,2,0,0,0,0,2,0,0,2,0,0,2,2
273,3086.123,-4557.477,-76.088,150.833,0,0.60184,0.45310,36.110,0.906,-1,400.000,-1,400.000,-1,325.000,325.000,300.000,300.000,-1,750.000,750.000,-1,750.000,775.000,-1,-1,2,0,2,0,2,0,0,0,0,2,0,0,2,0,0,2,2
274,3050.171,-4537.956,-73.687,151.499,0,0.68184,0.33310,40.910,0.666,-1,400.000,-1,400.000,-1,325.000,325.000,300.000,300.000,-1,775.000,775.000,-1,750.000,775.000,-1,-1,2,0,2,0,2,0,0,0,0,2,0,0,2,0,0,2,2
275,3009.839,-4516.444,-71.038,151.925,0,0.76184,0.21310,45.710,0.426,-1,400.000,-1,400.000,-1,325.000,325.000,300.000,300.000,-1,800.000,800.000,-1,775.000,775.000,-1,-1,2,0,2,0,2,0,0,0,0,2,0,0,2,0,0,2,2
276,2965.195,-4492.818,-68.127,152.112,0,0.84184,0.09310,50.510,0.186,-1,400.000,-1,400.000,-1,325.000,325.000,300.000,300.000,-1,850.000,825.000,-1,775.000,800.000,-1,-1,2,0,2,0,2,0,0,0,0,2,0,0,2,0,0,2,2
277,2920.043,-4468.869,-65.175,152.058,0,0.85183,-0.02690,51.110,-0.054,-1,400.000,-1,400.000,-1,325.000,325.000,300.000,300.000,-1,875.000,875.000,-1,775.000,800.000,-1,-1,2,0,2,0,2,0,0,0,0,2,0,0,2,0,0,2,2
278,2875.015,-4444.688,-62.201,151.764,0,0.85183,-0.14690,51.110,-0.294,-1,400.000,-1,400.000,-1,325.000,325.000,300.000,300.000,-1,900.000,900.000,-1,775.000,800.000,-1,-1,2,0,2,0,2,0,0,0,0,2,0,0,2,0,0,2,2
279,2830.214,-4420.089,-59.191,151.230,0,0.85183,-0.26690,51.110,-0.534,-1,400.000,-1,400.000,-1,325.000,325.000,300.000,300.000,-1,950.000,925.000,-1,775.000,800.000,-1,-1,2,0,2,0,2,0,0,0,0,2,0,0,2,0,0,2,2
280,2785.749,-4394.888,-56.086,150.456,0,0.85183,-0.38690,51.110,-0.774,-1,400.000,-1,400.000,-1,325.000,325.000,300.000,300.000,-1,1000.000,975.000,-1,800.000,825.000,-1,-1,2,0,2,0,2,0,0,0,0,2,0,0,2,0,0,2,2
281,2741.737,-4368.903,-52.859,149.443,0,0.85183,-0.50690,51.110,-1.014,-1,400.000,-1,400.000,-1,325.000,325.000,300.000,300.000,-1,-1,-1,-1,800.000,825.000,-1,-1,2,0,2,0,2,0,0,0,0,2,2,2,2,0,0,2,2
282,2698.304,-4341.962,-49.593,148.189,0,0.85183,-0.62690,51.110,-1.254,-1,400.000,-1,400.000,-1,325.000,325.000,300.000,300.000,-1,-1,-1,-1,800.000,825.000,-1,-1,2,0,2,0,2,0,0,0,0,2,2,2,2,0,0,2,2
283,2655.474,-4314.073,-46.320,146.930,0,0.85183,-0.62931,51.110,-1.259,-1,400.000,-1,400.000,-1,325.000,325.000,300.000,300.000,-1,-1,-1,-1,825.000,850.000,-1,-1,2,0,2,0,2,0,0,0,0,2,2,2,2,0,0,2,2
284,2613.266,-4285.250,-42.978,145.672,0,0.85183,-0.62931,51.110,-1.259,-1,400.000,-1,400.000,-1,325.000,325.000,300.000,300.000,-1,-1,-1,-1,825.000,850.000,-1,-1,2,0,2,0,2,0,0,0,0,2,2,2,2,0,0,2,2
285,2571.702,-4255.507,-39.623,144.413,0,0.85183,-0.62931,51.110,-1.259,-1,400.000,-1,400.000,-1,325.000,325.000,300.000,300.000,-1,-1,-1,-1,825.000,850.000,-1,-1,2,0,2,0,2,0,0,0,0,2,2,2,2,0,0,2,2
286,2530.801,-4224.858,-36.244,143.154,0,0.85183,-0.62931,51.110,-1.259,-1,400.000,-1,400.000,-1,325.000,325.000,300.000,300.000,-1,-1,-1,-1,850.000,850.000,-1,-1,2,0,2,0,2,0,0,0,0,2,2,2,2,0,0,2,2
287,2490.583,-4193.319,-32.855,141.896,0,0.85183,-0.62931,51.110,-1.259,-1,400.000,-1,400.000,-1,325.000,325.000,300.000,300.000,-1,-1,-1,-1,850.000,850.000,-1,-1,2,0,2,0,2,0,0,0,0,2,2,2,2,0,0,2,2
288,2451.068,-4160.903,-29.414,140.637,0,0.85183,-0.62931,51.110,-1.259,-1,400.000,-1,400.000,-1,325.000,325.000,300.000,300.000,-1,-1,-1,-1,850.000,850.000,-1,-1,2,0,2,0,2,0,0,0,0,2,2,2,2,0,0,2,2
289,2412.274,-4127.627,-25.920,139.378,0,0.85183,-0.62931,51.110,-1.259,-1,400.000,-1,400.000,-1,325.000,325.000,300.000,300.000,-1,-1,-1,-1,850.000,875.000,-1,-1,2,0,2,0,2,0,0,0,0,2,2,2,2,0,0,2,2
290,2374.220,-4093.507,-22.376,138.120,0,0.85183,-0.62931,51.110,-1.259,-1,400.000,-1,400.000,-1,325.000,325.000,300.000,300.000,-1,-1,-1,-1,850.000,875.000,-1,-1,2,0,2,0,2,0,0,0,0,2,2,2,2,0,0,2,2
291,2336.925,-4058.560,-18.862,136.861,0,0.85183,-0.62931,51.110,-1.259,-1,400.000,-1,400.000,-1,325.000,325.000,300.000,300.000,-1,-1,-1,-1,850.000,875.000,-1,-1,2,0,2,0,2,0,0,0,0,2,2,2,2,0,0,2,2
292,2300.407,-4022.802,-15.299,135.602,0,0.85183,-0.62931,51.110,-1.259,-1,400.000,-1,400.000,-1,325.000,325.000,300.000,300.000,-1,-1,-1,-1,850.000,875.000,-1,-1,2,0,2,0,2,0,0,0,0,2,2,2,2,0,0,2,2
293,2264.683,-3986.250,-11.834,134.344,0,0.85183,-0.62931,51.110,-1.259,-1,400.000,-1,400.000,-1,325.000,325.000,300.000,300.000,-1,-1,-1,-1,850.000,850.000,-1,-1,2,0,2,0,2,0,0,0,0,2,2,2,2,0,0,2,2
294,2229.758,-3948.909,-8.497,133.085,0,0.85213,-0.62922,51.128,-1.258,-1,400.000,-1,400.000,-1,325.000,325.000,300.000,300.000,-1,-1,-1,-1,875.000,850.000,-1,-1,2,0,2,0,2,0,0,0,0,2,2,2,2,0,0,2,2
295,2195.528,-3910.665,-5.106,131.829,0,0.85542,-0.62803,51.325,-1.256,-1,400.000,-1,400.000,-1,325.000,325.000,300.000,300.000,-1,-1,-1,-1,875.000,850.000,-1,-1,2,0,2,0,2,0,0,0,0,2,2,2,2,0,0,2,2
296,2162.019,-3871.536,-1.663,130.576,0,0.85862,-0.62663,51.517,-1.253,-1,400.000,-1,400.000,-1,325.000,325.000,300.000,300.000,-1,-1,-1,-1,875.000,850.000,-1,-1,2,0,2,0,2,0,0,0,0,2,2,2,2,0,0,2,2
297,2129.253,-3831.541,1.794,129.326,0,0.86170,-0.62503,51.702,-1.250,-1,400.000,-1,400.000,-1,325.000,325.000,300.000,300.000,-1,-1,-1,-1,875.000,875.000,-1,-1,2,0,2,0,2,0,0,0,0,2,2,2,2,0,0,2,2
298,2097.256,-3790.704,5.227,128.080,0,0.86466,-0.62320,51.879,-1.246,-1,400.000,-1,400.000,-1,325.000,325.000,300.000,300.000,-1,-1,-1,-1,875.000,875.000,-1,-1,2,0,2,0,2,0,0,0,0,2,2,2,2,0,0,2,2
299,2066.052,-3749.048,8.705,126.837,0,0.86746,-0.62116,52.048,-1.242,-1,400.000,-1,400.000,-1,325.000,325.000,300.000,300.000,-1,-1,-1,-1,875.000,875.000,-1,-1,2,0,2,0,2,0,0,0,0,2,2,2,2,0,0,2,2
