timestep,x_cm,y_cm,z_cm,yaw_deg,basis_xx,basis_xy,basis_xz,basis_yx,basis_yy,basis_yz,basis_zx,basis_zy,basis_zz,teleport_flag,throttle_cmd,steering_cmd,cmd_move_cm,cmd_turn_deg,lidar_cm_0,lidar_cm_1,lidar_cm_2,lidar_cm_3,lidar_cm_4,lidar_cm_5,lidar_cm_6,lidar_cm_7,lidar_cm_8,lidar_cm_9,lidar_cm_10,lidar_cm_11,lidar_cm_12,lidar_cm_13,lidar_cm_14,lidar_cm_15,lidar_cm_16,lidar_class_0,lidar_class_1,lidar_class_2,lidar_class_3,lidar_class_4,lidar_class_5,lidar_class_6,lidar_class_7,lidar_class_8,lidar_class_9,lidar_class_10,lidar_class_11,lidar_class_12,lidar_class_13,lidar_class_14,lidar_class_15,lidar_class_16
0,8203.384,-2293.484,233.369,26.676,0.895612,-0.444765,-0.007965,0.440936,0.885250,0.148013,-0.058780,-0.136074,0.988953,1,0.08000,0.12000,4.800,0.240,375.000,300.000,-1,375.000,-1,275.000,300.000,250.000,525.000,475.000,100.000,0.000,325.000,500.000,700.000,425.000,-1,1,0,2,0,2,0,0,0,0,1,1,1,1,0,0,0,2
1,8211.930,-2289.114,231.831,27.156,0.891697,-0.452519,-0.010124,0.449291,0.882181,0.141051,-0.054897,-0.130324,0.989951,0,0.16000,0.24000,9.600,0.480,375.000,325.000,-1,375.000,-1,275.000,300.000,250.000,500.000,475.000,75.000,0.000,325.000,500.000,725.000,450.000,-1,1,0,2,0,2,0,0,0,0,1,1,1,1,0,0,1,2
2,8224.665,-2282.396,229.554,27.876,0.885700,-0.464072,-0.013116,0.461648,0.877377,0.130732,-0.049161,-0.121844,0.991331,0,0.24000,0.36000,14.400,0.720,375.000,325.000,-1,375.000,-1,275.000,300.000,250.000,475.000,475.000,75.000,0.000,350.000,525.000,725.000,450.000,-1,1,0,2,0,2,0,0,0,0,1,1,1,1,0,0,1,2
3,8241.494,-2273.159,226.593,28.820,0.877614,-0.479080,-0.016623,0.477550,0.870741,0.117285,-0.041714,-0.110869,0.992959,0,0.32000,0.47187,19.200,0.944,375.000,325.000,-1,400.000,-1,275.000,300.000,250.000,450.000,500.000,75.000,0.000,375.000,550.000,725.000,450.000,-1,1,0,2,0,2,0,0,0,0,1,1,1,1,0,0,1,2
4,8262.332,-2261.258,223.155,29.779,0.869086,-0.494256,-0.019998,0.493562,0.863755,0.101605,-0.032945,-0.098174,0.994624,0,0.40000,0.47972,24.000,0.959,375.000,350.000,-1,400.000,-1,300.000,300.000,275.000,400.000,525.000,75.000,0.000,400.000,550.000,750.000,450.000,-1,1,0,2,0,2,0,0,0,0,1,1,1,1,1,0,1,2
5,8287.089,-2246.547,219.352,30.758,0.860103,-0.509599,-0.023078,0.509595,0.856282,0.084229,-0.023162,-0.084206,0.996179,0,0.48000,0.48959,28.800,0.979,375.000,350.000,-1,400.000,-1,300.000,300.000,275.000,375.000,525.000,50.000,0.000,450.000,550.000,750.000,425.000,-1,1,0,2,0,2,0,0,0,0,1,1,1,1,1,0,1,2
6,8315.665,-2228.875,215.333,31.761,0.850648,-0.525105,-0.025745,0.525581,0.848191,0.065849,-0.012741,-0.069545,0.997497,0,0.56000,0.50150,33.600,1.003,350.000,375.000,-1,400.000,-1,300.000,325.000,300.000,325.000,550.000,50.000,0.000,475.000,525.000,775.000,425.000,-1,1,0,2,0,2,0,0,0,0,1,1,1,1,1,0,1,2
7,8344.865,-2210.075,212.454,32.792,0.840812,-0.540643,-0.027219,0.541297,0.839168,0.052864,-0.005739,-0.059182,0.998231,0,0.57883,0.51547,34.730,1.031,350.000,400.000,-1,400.000,-1,325.000,325.000,300.000,300.000,575.000,50.000,0.000,525.000,500.000,800.000,400.000,-1,1,0,2,0,2,0,0,0,0,1,1,1,1,1,0,1,2
8,8374.140,-2190.439,212.236,33.852,0.830678,-0.556089,-0.027176,0.556714,0.829048,0.052440,-0.006631,-0.058690,0.998254,0,0.58751,0.52997,35.251,1.060,325.000,400.000,-1,400.000,-1,325.000,325.000,300.000,300.000,600.000,75.000,25.000,575.000,475.000,800.000,375.000,-1,1,0,2,0,2,0,0,0,0,1,1,1,1,1,0,1,2
9,8403.487,-2169.934,211.978,34.942,0.819965,-0.571769,-0.027140,0.572363,0.818348,0.052029,-0.007538,-0.058196,0.998277,0,0.59668,0.54475,35.801,1.090,300.000,375.000,975.000,400.000,-1,325.000,325.000,300.000,300.000,625.000,100.000,50.000,650.000,450.000,800.000,325.000,-1,1,1,1,0,2,0,0,0,0,1,1,1,1,1,0,1,2
10,8432.895,-2148.521,211.678,36.061,0.808648,-0.587667,-0.027114,0.588232,0.807043,0.051631,-0.008460,-0.057701,0.998298,0,0.60631,0.55981,36.379,1.120,275.000,350.000,900.000,400.000,-1,325.000,325.000,300.000,300.000,650.000,150.000,100.000,650.000,425.000,800.000,300.000,-1,1,1,1,0,2,0,0,0,0,1,1,1,1,1,0,1,2
11,8465.599,-2123.498,211.231,37.421,0.794494,-0.606678,-0.026845,0.607193,0.792906,0.051142,-0.009741,-0.056933,0.998331,0,0.68631,0.67981,41.179,1.360,225.000,325.000,825.000,400.000,-1,325.000,325.000,300.000,300.000,700.000,175.000,125.000,675.000,400.000,800.000,275.000,-1,1,1,1,0,2,0,0,0,0,1,1,1,1,1,0,1,2
12,8501.321,-2094.551,210.617,39.020,0.777272,-0.628612,-0.026346,0.629061,0.775707,0.050595,-0.011368,-0.055899,0.998372,0,0.76631,0.79981,45.979,1.600,200.000,300.000,725.000,400.000,-1,325.000,325.000,300.000,300.000,725.000,200.000,175.000,700.000,350.000,775.000,225.000,-1,1,1,1,0,2,0,0,0,0,1,1,1,1,1,0,1,2
13,8538.391,-2062.486,209.889,40.860,0.756718,-0.653229,-0.025883,0.653609,0.755173,0.050090,-0.013174,-0.054821,0.998409,0,0.81692,0.91981,49.015,1.840,175.000,275.000,625.000,400.000,-1,300.000,325.000,300.000,300.000,750.000,250.000,250.000,725.000,300.000,775.000,175.000,-1,1,1,1,0,2,1,0,1,0,1,1,1,1,1,1,1,2
14,8577.654,-2026.439,213.350,42.568,0.736487,-0.676029,-0.023906,0.676451,0.735993,0.026976,-0.000642,-0.036039,0.999350,0,0.88836,0.85413,53.302,1.708,150.000,250.000,600.000,425.000,-1,275.000,350.000,300.000,300.000,800.000,275.000,275.000,725.000,300.000,700.000,175.000,-1,1,1,1,0,2,1,0,1,0,1,1,1,1,1,1,1,2
15,8616.286,-1988.464,218.002,44.517,0.712823,-0.701065,-0.019782,0.701161,0.712998,-0.002735,0.016022,-0.011921,0.999801,0,0.90285,0.97413,54.171,1.948,150.000,225.000,550.000,475.000,-1,250.000,325.000,325.000,275.000,850.000,275.000,225.000,700.000,275.000,650.000,150.000,-1,1,1,1,1,2,1,1,1,0,1,1,0,1,1,1,1,2
16,8654.188,-1948.498,223.050,46.517,0.688096,-0.725498,-0.013256,0.724806,0.688075,-0.034775,0.034350,0.014321,0.999307,0,0.91799,1.00000,55.079,2.000,150.000,225.000,525.000,425.000,-1,225.000,300.000,350.000,275.000,900.000,275.000,125.000,675.000,250.000,575.000,150.000,-1,1,1,1,1,2,1,1,1,0,1,1,0,0,1,1,1,2
17,8691.278,-1906.528,228.492,48.517,0.663165,-0.748462,-0.004036,0.746499,0.661798,-0.069006,0.054320,0.042749,0.997608,0,0.93348,1.00000,56.009,2.000,125.000,200.000,500.000,375.000,-1,225.000,275.000,375.000,250.000,950.000,225.000,75.000,450.000,250.000,525.000,125.000,-1,1,1,1,1,2,1,1,1,0,1,0,0,0,1,1,1,2
18,8727.469,-1862.552,234.347,50.517,0.638319,-0.769729,0.008146,0.766034,0.634143,-0.105142,0.075765,0.073354,0.994424,0,0.94917,1.00000,56.950,2.000,125.000,200.000,475.000,350.000,-1,200.000,250.000,425.000,250.000,-1,200.000,25.000,325.000,225.000,475.000,125.000,-1,1,1,1,1,2,1,1,1,0,2,0,0,0,1,1,1,2
19,-4263.555,4919.492,111.210,-75.278,0.253594,0.966931,0.027094,-0.967067,0.254060,-0.015343,-0.021719,-0.022311,0.999515,1,0.00000,0.00000,52.150,1.760,-1,375.000,-1,375.000,-1,300.000,300.000,325.000,325.000,-1,475.000,425.000,-1,650.000,725.000,-1,-1,2,0,2,0,2,0,0,0,0,2,0,0,2,0,0,2,2
20,-4262.316,4914.855,111.105,-75.038,0.257652,0.965864,0.026887,-0.965997,0.258109,-0.015145,-0.021568,-0.022071,0.999524,0,0.08000,0.12000,4.800,0.240,-1,375.000,-1,375.000,-1,300.000,300.000,325.000,325.000,-1,475.000,400.000,-1,650.000,725.000,-1,-1,2,0,2,0,2,0,0,0,0,2,0,0,2,0,0,2,2
21,-4259.760,4905.601,110.894,-74.558,0.265754,0.963678,0.026471,-0.963807,0.266194,-0.014747,-0.021258,-0.021594,0.999541,0,0.16000,0.24000,9.600,0.480,-1,375.000,-1,375.000,-1,300.000,300.000,325.000,325.000,-1,475.000,400.000,-1,650.000,725.000,-1,-1,2,0,2,0,2,0,0,0,0,2,0,0,2,0,0,2,2
22,-4255.752,4891.770,110.576,-73.838,0.277871,0.960271,0.025839,-0.960394,0.278287,-0.014149,-0.020777,-0.020884,0.999566,0,0.24000,0.36000,14.400,0.720,-1,375.000,-1,375.000,-1,300.000,300.000,325.000,325.000,-1,450.000,400.000,-1,650.000,700.000,-1,-1,2,0,2,0,2,0,0,0,0,2,0,0,2,0,0,2,2
23,-4250.100,4873.421,110.151,-72.878,0.293958,0.955492,0.024982,-0.955607,0.294342,-0.013348,-0.020107,-0.019950,0.999599,0,0.32000,0.48000,19.200,0.960,-1,375.000,-1,375.000,-1,300.000,300.000,325.000,325.000,-1,450.000,375.000,-1,650.000,700.000,-1,-1,2,0,2,0,2,0,0,0,0,2,0,0,2,0,0,2,2
24,-4242.556,4850.638,109.617,-71.678,0.313949,0.949139,0.023888,-0.949245,0.314295,-0.012342,-0.019222,-0.018801,0.999638,0,0.40000,0.60000,24.000,1.200,-1,375.000,-1,375.000,-1,300.000,300.000,325.000,325.000,-1,425.000,375.000,-1,650.000,700.000,-1,-1,2,0,2,0,2,0,0,0,0,2,0,0,2,0,0,2,2
25,-4232.819,4823.534,108.978,-70.238,0.337755,0.940964,0.022542,-0.941060,0.338056,-0.011133,-0.018096,-0.017454,0.999684,0,0.48000,0.72000,28.800,1.440,-1,375.000,-1,375.000,-1,300.000,300.000,325.000,325.000,-1,400.000,350.000,-1,650.000,700.000,-1,-1,2,0,2,0,2,0,0,0,0,2,0,0,2,0,0,2,2
26,-4220.537,4792.259,108.235,-68.558,0.365254,0.930672,0.020928,-0.930758,0.365507,-0.009720,-0.016696,-0.015929,0.999734,0,0.56000,0.84000,33.600,1.680,-1,375.000,-1,375.000,-1,300.000,300.000,325.000,325.000,-1,375.000,325.000,-1,650.000,700.000,-1,-1,2,0,2,0,2,0,0,0,0,2,0,0,2,0,0,2,2
27,-4205.341,4756.994,107.394,-66.689,0.395485,0.918275,0.019032,-0.918350,0.395686,-0.008108,-0.014976,-0.014271,0.999786,0,0.64000,0.93482,38.400,1.870,-1,375.000,-1,375.000,-1,300.000,300.000,325.000,325.000,-1,350.000,325.000,-1,650.000,700.000,-1,-1,2,0,2,0,2,0,0,0,0,2,0,0,2,0,0,2,2
28,-4186.965,4717.898,106.567,-64.825,0.425200,0.904935,0.017286,-0.905004,0.425354,-0.006395,-0.013140,-0.012925,0.999830,0,0.72000,0.93205,43.200,1.864,-1,375.000,-1,375.000,-1,300.000,300.000,325.000,325.000,-1,350.000,300.000,-1,650.000,700.000,-1,-1,2,0,2,0,2,0,0,0,0,2,0,0,2,0,0,2,2
29,-4165.144,4675.144,105.916,-62.961,0.454446,0.890625,0.016329,-0.890700,0.454569,-0.004600,-0.011520,-0.012454,0.999856,0,0.80000,0.93205,48.000,1.864,-1,375.000,-1,375.000,-1,300.000,300.000,325.000,325.000,-1,350.000,325.000,-1,650.000,700.000,-1,-1,2,0,2,0,2,0,0,0,0,2,0,0,2,0,0,2,2
30,-4140.356,4630.248,105.336,-61.096,0.483213,0.875368,0.015368,-0.875452,0.483300,-0.002304,-0.009444,-0.012341,0.999879,0,0.85474,0.93205,51.284,1.864,-1,375.000,-1,375.000,-1,300.000,300.000,325.000,325.000,-1,350.000,325.000,-1,675.000,700.000,-1,-1,2,0,2,0,2,0,0,0,0,2,0,0,2,0,0,2,2
31,-4114.122,4586.182,104.825,-59.232,0.511467,0.859183,0.014353,-0.859272,0.511518,0.000109,-0.007248,-0.012388,0.999897,0,0.85474,0.93205,51.284,1.864,-1,375.000,-1,375.000,-1,300.000,300.000,325.000,325.000,-1,350.000,325.000,-1,675.000,700.000,-1,-1,2,0,2,0,2,0,0,0,0,2,0,0,2,0,0,2,2
32,-4086.467,4542.993,104.368,-57.368,0.539178,0.842088,0.013250,-0.842177,0.539195,0.002540,-0.005005,-0.012528,0.999909,0,0.85474,0.93205,51.284,1.864,-1,375.000,-1,375.000,-1,300.000,300.000,325.000,325.000,-1,350.000,350.000,-1,675.000,700.000,-1,-1,2,0,2,0,2,0,0,0,0,2,0,0,2,0,0,2,2
33,-4057.422,4500.726,103.982,-55.504,0.566315,0.824101,0.012047,-0.824184,0.566300,0.004921,-0.002767,-0.012716,0.999915,0,0.85474,0.93205,51.284,1.864,-1,375.000,-1,375.000,-1,300.000,300.000,325.000,325.000,-1,350.000,350.000,-1,675.000,700.000,-1,-1,2,0,2,0,2,0,0,0,0,2,0,0,2,0,0,2,2
34,-4027.018,4459.426,103.870,-53.640,0.592844,0.805249,0.010490,-0.805317,0.592812,0.006241,-0.001193,-0.012147,0.999926,0,0.85474,0.93205,51.284,1.864,-1,375.000,-1,375.000,-1,300.000,300.000,325.000,325.000,-1,375.000,375.000,-1,675.000,725.000,-1,-1,2,0,2,0,2,0,0,0,0,2,0,0,2,0,0,2,2
35,-3995.287,4419.137,103.892,-51.776,0.618743,0.785547,0.008563,-0.785593,0.618697,0.007559,0.000640,-0.011404,0.999935,0,0.85474,0.93205,51.284,1.864,-1,375.000,-1,375.000,-1,300.000,300.000,325.000,325.000,-1,375.000,400.000,-1,700.000,725.000,-1,-1,2,0,2,0,2,0,0,0,0,2,0,0,2,0,0,2,2
36,-3962.262,4379.901,103.995,-49.912,0.643984,0.765011,0.006560,-0.765035,0.643928,0.008843,0.002541,-0.010713,0.999939,0,0.85474,0.93205,51.284,1.864,-1,375.000,-1,375.000,-1,300.000,300.000,325.000,325.000,-1,400.000,425.000,-1,700.000,725.000,-1,-1,2,0,2,0,2,0,0,0,0,2,0,0,2,0,0,2,2
37,-3927.977,4341.761,104.154,-48.048,0.668537,0.743664,0.004635,-0.743666,0.668476,0.010090,0.004405,-0.010192,0.999938,0,0.85474,0.93205,51.284,1.864,-1,375.000,-1,375.000,-1,300.000,300.000,325.000,325.000,-1,425.000,425.000,-1,700.000,750.000,-1,-1,2,0,2,0,2,0,0,0,0,2,0,0,2,0,0,2,2
38,-3892.471,4304.756,104.370,-46.184,0.692379,0.721528,0.002795,-0.721507,0.692315,0.011305,0.006221,-0.009844,0.999932,0,0.85474,0.93205,51.284,1.864,-1,375.000,-1,375.000,-1,300.000,300.000,325.000,325.000,-1,425.000,425.000,-1,725.000,750.000,-1,-1,2,0,2,0,2,0,0,0,0,2,0,0,2,0,0,2,2
39,-3856.559,4269.392,104.638,-44.560,0.712552,0.701618,0.001136,-0.701574,0.712487,0.012487,0.007952,-0.009695,0.999921,0,0.84001,0.81205,50.400,1.624,-1,375.000,-1,375.000,-1,325.000,325.000,325.000,325.000,-1,425.000,425.000,-1,725.000,775.000,-1,-1,2,0,2,0,2,0,0,0,0,2,0,0,2,0,0,2,2
40,-3819.804,4234.907,104.975,-43.176,0.729292,0.684203,-0.000301,-0.684136,0.729226,0.013685,0.009583,-0.009774,0.999906,0,0.84001,0.69205,50.400,1.384,-1,375.000,-1,375.000,-1,325.000,325.000,325.000,325.000,-1,425.000,425.000,-1,750.000,775.000,-1,-1,2,0,2,0,2,0,0,0,0,2,0,0,2,0,0,2,2
41,-3782.368,4201.161,105.417,-42.031,0.742808,0.669503,-0.001349,-0.669414,0.742739,0.014938,0.011003,-0.010194,0.999888,0,0.84001,0.57205,50.400,1.144,-1,400.000,-1,375.000,-1,325.000,325.000,300.000,325.000,-1,425.000,425.000,-1,750.000,800.000,-1,-1,2,0,2,0,2,0,0,0,0,2,0,0,2,0,0,2,2
42,-3744.404,4168.011,105.922,-41.127,0.753280,0.657696,-0.002195,-0.657584,0.753206,0.016233,0.012330,-0.010785,0.999866,0,0.84001,0.45205,50.400,0.904,-1,400.000,-1,400.000,-1,325.000,325.000,300.000,325.000,-1,450.000,450.000,-1,775.000,825.000,-1,-1,2,0,2,0,2,0,0,0,0,2,0,0,2,0,0,2,2
43,-3706.058,4135.303,106.472,-40.463,0.760853,0.648917,-0.002931,-0.648781,0.760773,0.017555,0.013622,-0.011455,0.999842,0,0.84001,0.33205,50.400,0.664,-1,400.000,-1,400.000,-1,325.000,325.000,300.000,325.000,-1,450.000,450.000,-1,775.000,825.000,-1,-1,2,0,2,0,2,0,0,0,0,2,0,0,2,0,0,2,2
44,-3667.471,4102.880,106.972,-40.039,0.765635,0.643266,-0.003558,-0.643110,0.765552,0.018451,0.014593,-0.011839,0.999823,0,0.84001,0.21205,50.400,0.424,-1,400.000,-1,400.000,-1,325.000,325.000,300.000,325.000,-1,450.000,475.000,-1,800.000,850.000,-1,-1,2,0,2,0,2,0,0,0,0,2,0,0,2,0,0,2,2
45,-3628.780,4070.581,107.469,-39.855,0.767697,0.640801,-0.004055,-0.640629,0.767612,0.019135,0.015375,-0.012092,0.999809,0,0.84001,0.09205,50.400,0.184,-1,400.000,-1,400.000,-1,325.000,325.000,300.000,325.000,-1,475.000,500.000,-1,825.000,875.000,-1,-1,2,0,2,0,2,0,0,0,0,2,0,0,2,0,0,2,2
46,-3590.121,4038.244,107.992,-39.911,0.767071,0.641548,-0.004415,-0.641362,0.766984,0.019739,0.016050,-0.012310,0.999795,0,0.84001,-0.02795,50.400,-0.056,-1,400.000,-1,400.000,-1,325.000,325.000,300.000,325.000,-1,500.000,525.000,-1,825.000,875.000,-1,-1,2,0,2,0,2,0,0,0,0,2,0,0,2,0,0,2,2
47,-3551.629,4005.708,108.543,-40.207,0.763747,0.645499,-0.004634,-0.645301,0.763659,0.020260,0.016617,-0.012484,0.999784,0,0.84001,-0.14795,50.400,-0.296,-1,400.000,-1,425.000,-1,325.000,325.000,300.000,325.000,-1,525.000,550.000,-1,850.000,900.000,-1,-1,2,0,2,0,2,0,0,0,0,2,0,0,2,0,0,2,2
48,-3513.443,3972.814,108.993,-40.743,0.757669,0.652622,-0.004768,-0.652440,0.757598,0.019158,0.016115,-0.011404,0.999805,0,0.84001,-0.26795,50.400,-0.536,-1,400.000,-1,425.000,-1,325.000,325.000,300.000,325.000,-1,575.000,600.000,-1,875.000,925.000,-1,-1,2,0,2,0,2,0,0,0,0,2,0,0,2,0,0,2,2
49,-3475.670,3939.447,109.495,-41.455,0.749485,0.662004,-0.004819,-0.661844,0.749433,0.017714,0.015338,-0.010087,0.999831,0,0.84001,-0.35634,50.400,-0.713,-1,400.000,-1,425.000,-1,325.000,325.000,300.000,300.000,-1,650.000,675.000,-1,900.000,950.000,-1,-1,2,0,2,0,2,0,0,0,0,2,0,0,2,0,0,2,2
50,-3438.314,3905.612,110.006,-42.168,0.741186,0.671282,-0.004799,-0.671144,0.741149,0.016222,0.014446,-0.008803,0.999857,0,0.84001,-0.35634,50.400,-0.713,-1,400.000,-1,425.000,-1,325.000,325.000,300.000,300.000,-1,750.000,750.000,-1,900.000,975.000,-1,-1,2,0,2,0,2,0,0,0,0,2,0,0,2,0,0,2,2
51,-3401.382,3871.316,110.528,-42.881,0.732774,0.680456,-0.004708,-0.680340,0.732750,0.014678,0.013438,-0.007552,0.999881,0,0.84001,-0.35634,50.400,-0.713,-1,400.000,-1,425.000,-1,325.000,325.000,300.000,300.000,-1,825.000,825.000,-1,925.000,975.000,-1,-1,2,0,2,0,2,0,0,0,0,2,0,0,2,0,0,2,2
52,-3364.880,3836.563,111.035,-43.593,0.724250,0.689523,-0.004436,-0.689428,0.724235,0.013111,0.012253,-0.006437,0.999904,0,0.84001,-0.35634,50.400,-0.713,-1,425.000,-1,425.000,-1,325.000,325.000,300.000,300.000,-1,950.000,925.000,-1,950.000,1000.000,-1,-1,2,0,2,0,2,0,0,0,0,2,0,0,2,0,0,2,2
53,-3328.812,3801.359,111.448,-44.306,0.715620,0.698481,-0.003629,-0.698408,0.715606,0.011620,0.010713,-0.005781,0.999926,0,0.84001,-0.35634,50.400,-0.713,-1,425.000,-1,425.000,-1,325.000,325.000,300.000,300.000,-1,-1,-1,-1,975.000,-1,-1,-1,2,0,2,0,2,0,0,0,0,2,2,2,2,0,2,2,2
54,-3293.185,3765.709,111.832,-45.019,0.706879,0.707329,-0.002596,-0.707277,0.706864,0.010135,0.009004,-0.005328,0.999945,0,0.84001,-0.35634,50.400,-0.713,-1,425.000,-1,425.000,-1,325.000,325.000,300.000,300.000,-1,-1,-1,-1,1000.000,-1,-1,-1,2,0,2,0,2,0,0,0,0,2,2,2,2,0,2,2,2
55,-3258.005,3729.618,112.184,-45.732,0.698029,0.716068,-0.001339,-0.716034,0.698012,0.008646,0.007126,-0.005076,0.999962,0,0.84001,-0.35634,50.400,-0.713,-1,425.000,-1,425.000,-1,350.000,325.000,300.000,300.000,-1,-1,-1,-1,-1,-1,-1,-1,2,0,2,0,2,0,0,0,0,2,2,2,2,2,2,2,2
56,-3223.276,3693.093,112.507,-46.444,0.689070,0.724695,0.000142,-0.724677,0.689052,0.007145,0.005080,-0.005026,0.999974,0,0.84001,-0.35634,50.400,-0.713,-1,425.000,-1,425.000,-1,350.000,350.000,300.000,300.000,-1,-1,-1,-1,-1,-1,-1,-1,2,0,2,0,2,0,0,0,0,2,2,2,2,2,2,2,2
57,-3189.004,3656.138,112.703,-47.157,0.680001,0.733209,0.001746,-0.733205,0.679984,0.005616,0.002931,-0.005099,0.999983,0,0.84001,-0.35634,50.400,-0.713,-1,425.000,-1,425.000,-1,350.000,350.000,300.000,300.000,-1,-1,-1,-1,-1,-1,-1,-1,2,0,2,0,2,0,0,0,0,2,2,2,2,2,2,2,2
58,-3155.194,3618.760,112.606,-47.870,0.670821,0.741606,0.004390,-0.741619,0.670808,0.004112,0.000104,-0.006014,0.999982,0,0.84001,-0.35634,50.400,-0.713,-1,425.000,-1,425.000,-1,350.000,350.000,300.000,300.000,-1,-1,-1,-1,-1,-1,-1,-1,2,0,2,0,2,0,0,0,0,2,2,2,2,2,2,2,2
59,-3121.852,3580.965,112.464,-48.582,0.661527,0.749888,0.007119,-0.749916,0.661528,0.002546,-0.002800,-0.007022,0.999971,0,0.84001,-0.35634,50.400,-0.713,-1,425.000,-1,425.000,-1,350.000,350.000,300.000,300.000,-1,-1,-1,-1,-1,-1,-1,-1,2,0,2,0,2,0,0,0,0,2,2,2,2,2,2,2,2
60,-3091.968,3546.521,112.306,-49.055,0.655292,0.755314,0.009651,-0.755356,0.655314,0.001104,-0.005491,-0.008013,0.999953,0,0.76001,-0.23634,45.600,-0.473,-1,425.000,-1,425.000,-1,350.000,350.000,300.000,300.000,-1,-1,-1,-1,-1,-1,-1,-1,2,0,2,0,2,0,0,0,0,2,2,2,2,2,2,2,2
61,-3064.032,3514.057,112.060,-49.288,0.652190,0.757965,0.011734,-0.758015,0.652237,-0.000255,-0.007847,-0.008728,0.999931,0,0.71381,-0.11634,42.829,-0.233,-1,425.000,-1,425.000,-1,350.000,350.000,300.000,300.000,-1,-1,-1,-1,-1,-1,-1,-1,2,0,2,0,2,0,0,0,0,2,2,2,2,2,2,2,2
62,-3036.093,3481.597,111.643,-49.280,0.652261,0.757880,0.013169,-0.757931,0.652333,-0.001601,-0.009803,-0.008937,0.999912,0,0.71381,0.00366,42.829,0.007,-1,425.000,-1,425.000,-1,350.000,350.000,300.000,300.000,-1,-1,-1,-1,-1,-1,-1,-1,2,0,2,0,2,0,0,0,0,2,2,2,2,2,2,2,2
63,-3008.013,3449.257,111.193,-49.033,0.655498,0.755056,0.014619,-0.755105,0.655597,-0.002889,-0.011766,-0.009145,0.999889,0,0.71381,0.12366,42.829,0.247,-1,425.000,-1,425.000,-1,350.000,350.000,300.000,300.000,-1,-1,-1,-1,-1,-1,-1,-1,2,0,2,0,2,0,0,0,0,2,2,2,2,2,2,2,2
64,-2979.659,3417.158,110.679,-48.546,0.661864,0.749452,0.016066,-0.749496,0.661995,-0.004268,-0.013834,-0.009217,0.999862,0,0.71381,0.24366,42.829,0.487,-1,425.000,-1,450.000,-1,350.000,350.000,300.000,300.000,-1,-1,-1,-1,-1,-1,-1,-1,2,0,2,0,2,0,0,0,0,2,2,2,2,2,2,2,2
65,-2950.900,3385.420,109.834,-47.818,0.671287,0.740995,0.017317,-0.741007,0.671461,-0.006978,-0.016798,-0.008148,0.999826,0,0.71381,0.36366,42.829,0.727,-1,425.000,-1,450.000,-1,350.000,350.000,300.000,300.000,-1,-1,-1,-1,-1,-1,-1,-1,2,0,2,0,2,0,0,0,0,2,2,2,2,2,2,2,2
66,-2921.610,3354.173,108.883,-46.851,0.683662,0.729561,0.018635,-0.729529,0.683881,-0.009722,-0.019837,-0.006948,0.999779,0,0.71381,0.48366,42.829,0.967,-1,425.000,-1,450.000,-1,350.000,350.000,300.000,300.000,-1,-1,-1,-1,-1,-1,-1,-1,2,0,2,0,2,0,0,0,0,2,2,2,2,2,2,2,2
67,-2891.673,3323.544,107.627,-45.655,0.698704,0.715133,0.019959,-0.715028,0.698971,-0.013210,-0.023397,-0.005041,0.999714,0,0.71381,0.59811,42.829,1.196,-1,425.000,-1,450.000,-1,350.000,350.000,300.000,300.000,-1,-1,-1,-1,1000.000,-1,-1,-1,2,0,2,0,2,0,0,0,0,2,2,2,2,0,2,2,2
68,-2861.104,3293.547,106.322,-44.459,0.713437,0.700390,0.021473,-0.700201,0.713753,-0.016580,-0.026938,-0.003207,0.999632,0,0.71381,0.59811,42.829,1.196,-1,425.000,-1,425.000,-1,350.000,350.000,300.000,300.000,-1,-1,-1,-1,1000.000,1000.000,-1,-1,2,0,2,0,2,0,0,0,0,2,2,2,2,0,0,2,2
69,-2829.915,3264.195,104.970,-43.262,0.727855,0.685339,0.023168,-0.685054,0.728222,-0.019819,-0.030455,-0.001446,0.999535,0,0.71381,0.59811,42.829,1.196,-1,425.000,-1,425.000,-1,350.000,350.000,300.000,300.000,-1,-1,-1,-1,975.000,975.000,-1,-1,2,0,2,0,2,0,0,0,0,2,2,2,2,0,0,2,2
70,-2798.120,3235.499,103.571,-42.066,0.741950,0.669988,0.025036,-0.669596,0.742372,-0.022917,-0.033941,0.000239,0.999424,0,0.71381,0.59811,42.829,1.196,-1,425.000,-1,425.000,-1,350.000,350.000,300.000,300.000,-1,-1,-1,-1,950.000,950.000,-1,-1,2,0,2,0,2,0,0,0,0,2,2,2,2,0,0,2,2
71,-2765.733,3207.474,102.126,-40.870,0.755714,0.654343,0.027067,-0.653834,0.756196,-0.025864,-0.037392,0.001849,0.999299,0,0.71381,0.59811,42.829,1.196,-1,425.000,-1,425.000,-1,350.000,350.000,300.000,300.000,-1,-1,-1,-1,950.000,950.000,-1,-1,2,0,2,0,2,0,0,0,0,2,2,2,2,0,0,2,2
72,-2732.767,3180.132,100.543,-39.674,0.769139,0.638411,0.029259,-0.637797,0.769689,-0.028171,-0.040505,0.003006,0.999175,0,0.71381,0.59811,42.829,1.196,-1,425.000,-1,425.000,-1,350.000,350.000,300.000,300.000,-1,-1,-1,-1,925.000,925.000,-1,-1,2,0,2,0,2,0,0,0,0,2,2,2,2,0,0,2,2
73,-2699.238,3153.483,98.786,-38.477,0.782207,0.622203,0.031863,-0.621496,0.782848,-0.029856,-0.043520,0.003551,0.999046,0,0.71381,0.59811,42.829,1.196,-1,425.000,-1,425.000,-1,350.000,350.000,300.000,300.000,-1,-1,-1,-1,900.000,925.000,-1,-1,2,0,2,0,2,0,0,0,0,2,2,2,2,0,0,2,2
74,-2665.160,3127.540,96.952,-37.281,0.794915,0.605723,0.034774,-0.604925,0.795666,-0.031337,-0.046650,0.003874,0.998904,0,0.71381,0.59811,42.829,1.196,-1,425.000,-1,425.000,-1,325.000,350.000,300.000,300.000,-1,-1,-1,-1,875.000,900.000,-1,-1,2,0,2,0,2,0,0,0,0,2,2,2,2,0,0,2,2
75,-2630.548,3102.314,95.086,-36.085,0.807265,0.588980,0.037756,-0.588089,0.808137,-0.032656,-0.049745,0.004158,0.998753,0,0.71381,0.59811,42.829,1.196,-1,425.000,-1,425.000,-1,325.000,325.000,300.000,300.000,-1,-1,-1,-1,850.000,900.000,-1,-1,2,0,2,0,2,0,0,0,0,2,2,2,2,0,0,2,2
76,-2595.417,3077.817,93.191,-34.889,0.819253,0.571980,0.040797,-0.570997,0.820256,-0.033808,-0.052802,0.004402,0.998595,0,0.71381,0.59811,42.829,1.196,-1,400.000,-1,425.000,-1,325.000,325.000,300.000,300.000,-1,-1,-1,-1,850.000,875.000,-1,-1,2,0,2,0,2,0,0,0,0,2,2,2,2,0,0,2,2
77,-2559.782,3054.058,91.268,-33.693,0.830872,0.554730,0.043889,-0.553658,0.832017,-0.034790,-0.055816,0.004606,0.998430,0,0.71381,0.59811,42.829,1.196,-1,400.000,-1,425.000,-1,325.000,325.000,300.000,300.000,-1,-1,-1,-1,825.000,875.000,-1,-1,2,0,2,0,2,0,0,0,0,2,2,2,2,0,0,2,2
78,-2523.659,3031.048,89.056,-32.496,0.842184,0.537237,0.045857,-0.536060,0.843412,-0.035998,-0.058016,0.005735,0.998299,0,0.71381,0.59811,42.829,1.196,-1,400.000,-1,425.000,-1,325.000,325.000,300.000,300.000,-1,-1,-1,-1,800.000,875.000,-1,-1,2,0,2,0,2,0,0,0,0,2,2,2,2,0,0,2,2
79,-2487.063,3008.797,86.698,-31.300,0.853154,0.519507,0.047331,-0.518219,0.854435,-0.037277,-0.059807,0.007276,0.998183,0,0.71381,0.59811,42.829,1.196,-1,400.000,-1,425.000,-1,325.000,325.000,300.000,300.000,-1,-1,-1,-1,800.000,850.000,-1,-1,2,0,2,0,2,0,0,0,0,2,2,2,2,0,0,2,2
80,-2450.011,2987.316,84.173,-30.104,0.863783,0.501548,0.048252,-0.500138,0.865080,-0.038712,-0.061158,0.009306,0.998085,0,0.71381,0.59811,42.829,1.196,-1,400.000,-1,425.000,-1,325.000,325.000,300.000,300.000,-1,-1,-1,-1,775.000,850.000,-1,-1,2,0,2,0,2,0,0,0,0,2,2,2,2,0,0,2,2
81,-2408.413,2964.117,81.162,-29.148,0.872016,0.487028,0.048908,-0.485464,0.873307,-0.040745,-0.062555,0.011787,0.997972,0,0.79381,0.47811,47.629,0.956,-1,400.000,-1,425.000,-1,325.000,325.000,300.000,300.000,-1,-1,-1,-1,775.000,825.000,-1,-1,2,0,2,0,2,0,0,0,0,2,2,2,2,0,0,2,2
82,-2362.544,2939.284,77.834,-28.431,0.878007,0.476060,0.049708,-0.474334,0.879301,-0.042870,-0.064117,0.014062,0.997843,0,0.86933,0.35811,52.160,0.716,-1,400.000,-1,400.000,-1,325.000,325.000,300.000,300.000,-1,-1,-1,-1,775.000,825.000,-1,-1,2,0,2,0,2,0,0,0,0,2,2,2,2,0,0,2,2
83,-2316.471,2914.832,74.466,-27.955,0.881898,0.468721,0.050563,-0.466841,0.883202,-0.044888,-0.065697,0.015982,0.997712,0,0.86933,0.23811,52.160,0.476,-1,400.000,-1,400.000,-1,325.000,325.000,300.000,300.000,-1,-1,-1,-1,750.000,800.000,-1,-1,2,0,2,0,2,0,0,0,0,2,2,2,2,0,0,2,2
84,-2270.297,2890.571,71.055,-27.719,0.883780,0.465064,0.051459,-0.463035,0.885104,-0.046801,-0.067312,0.017535,0.997578,0,0.86933,0.11811,52.160,0.236,-1,400.000,-1,400.000,-1,325.000,325.000,300.000,300.000,-1,-1,-1,-1,750.000,775.000,-1,-1,2,0,2,0,2,0,0,0,0,2,2,2,2,0,0,2,2
85,-2224.124,2866.306,67.595,-27.723,0.883700,0.465112,0.052386,-0.462943,0.885054,-0.048617,-0.068977,0.018711,0.997443,0,0.86933,-0.00189,52.160,-0.004,-1,400.000,-1,400.000,-1,325.000,325.000,300.000,300.000,-1,-1,-1,-1,725.000,750.000,-1,-1,2,0,2,0,2,0,0,0,0,2,2,2,2,0,0,2,2
86,-2177.995,2841.958,64.074,-27.827,0.882800,0.466707,0.053368,-0.464403,0.884194,-0.050310,-0.070668,0.019629,0.997307,0,0.86933,-0.05192,52.160,-0.104,-1,400.000,-1,400.000,-1,325.000,325.000,300.000,300.000,-1,-1,-1,-1,725.000,725.000,-1,-1,2,0,2,0,2,0,0,0,0,2,2,2,2,0,0,2,2
87,-2131.911,2817.526,60.485,-27.930,0.881900,0.468302,0.054276,-0.465875,0.883333,-0.051797,-0.072200,0.020394,0.997182,0,0.86933,-0.05192,52.160,-0.104,-1,375.000,-1,400.000,-1,325.000,325.000,300.000,300.000,-1,-1,-1,-1,725.000,725.000,-1,-1,2,0,2,0,2,0,0,0,0,2,2,2,2,0,0,2,2
88,-2085.871,2793.011,56.735,-28.034,0.881004,0.469900,0.055014,-0.467402,0.882479,-0.052591,-0.073261,0.020619,0.997100,0,0.86933,-0.05192,52.160,-0.104,-1,375.000,-1,400.000,-1,325.000,325.000,300.000,300.000,-1,-1,-1,-1,700.000,700.000,-1,-1,2,0,2,0,2,0,0,0,0,2,2,2,2,0,0,2,2
89,-2039.876,2768.412,52.989,-28.138,0.880120,0.471495,0.055506,-0.468929,0.881619,-0.053418,-0.074122,0.020986,0.997028,0,0.86933,-0.05192,52.160,-0.104,-1,375.000,-1,400.000,-1,325.000,325.000,300.000,300.000,-1,-1,-1,-1,700.000,700.000,-1,-1,2,0,2,0,2,0,0,0,0,2,2,2,2,0,0,2,2
90,-1993.925,2743.730,49.318,-28.242,0.879273,0.473084,0.055419,-0.470447,0.880748,-0.054420,-0.074556,0.021778,0.996979,0,0.86933,-0.05192,52.160,-0.104,-1,375.000,-1,375.000,-1,300.000,325.000,300.000,300.000,-1,-1,-1,-1,700.000,675.000,-1,-1,2,0,2,0,2,0,0,0,0,2,2,2,2,0,0,2,2
91,-1948.020,2718.965,45.636,-28.346,0.878433,0.474670,0.055167,-0.471967,0.879873,-0.055415,-0.074844,0.022642,0.996938,0,0.86933,-0.05192,52.160,-0.104,-1,375.000,-1,375.000,-1,300.000,300.000,300.000,300.000,-1,-1,-1,-1,675.000,650.000,-1,-1,2,0,2,0,2,0,0,0,0,2,2,2,2,0,0,2,2
92,-1902.159,2694.117,41.941,-28.450,0.877602,0.476253,0.054749,-0.473489,0.878992,-0.056404,-0.074986,0.023577,0.996906,0,0.86933,-0.05192,52.160,-0.104,-1,375.000,-1,375.000,-1,300.000,300.000,300.000,300.000,-1,-1,-1,-1,675.000,650.000,-1,-1,2,0,2,0,2,0,0,0,0,2,2,2,2,0,0,2,2
93,-1856.343,2669.186,38.174,-28.553,0.876796,0.477831,0.053904,-0.475008,0.878101,-0.057494,-0.074806,0.024805,0.996890,0,0.86933,-0.05192,52.160,-0.104,-1,375.000,-1,375.000,-1,300.000,300.000,300.000,300.000,-1,-1,-1,-1,650.000,650.000,-1,-1,2,0,2,0,2,0,0,0,0,2,2,2,2,0,0,2,2
94,-1810.573,2644.172,34.492,-28.657,0.876000,0.479411,0.052822,-0.476570,0.877213,-0.058129,-0.074204,0.025747,0.996911,0,0.86933,-0.05192,52.160,-0.104,-1,375.000,-1,375.000,-1,300.000,300.000,300.000,300.000,-1,-1,-1,-1,650.000,625.000,-1,-1,2,0,2,0,2,0,0,0,0,2,2,2,2,0,0,2,2
95,-1764.848,2619.075,31.239,-28.761,0.875216,0.481007,0.051265,-0.478312,0.876357,-0.056716,-0.072207,0.025118,0.997073,0,0.86933,-0.05192,52.160,-0.104,-1,375.000,-1,375.000,-1,300.000,300.000,300.000,300.000,-1,-1,-1,-1,650.000,625.000,-1,-1,2,0,2,0,2,0,0,0,0,2,2,2,2,0,0,2,2
96,-1719.019,2593.811,28.024,-28.867,0.874419,0.482637,0.049536,-0.480107,0.875483,-0.055022,-0.069923,0.024330,0.997256,0,0.87219,-0.05299,52.332,-0.106,-1,375.000,-1,350.000,-1,300.000,300.000,300.000,300.000,-1,-1,-1,-1,650.000,625.000,-1,1000.000,2,0,2,0,2,0,0,0,0,2,2,2,2,0,0,2,1
97,-1672.922,2568.282,24.807,-28.978,0.873583,0.484336,0.047650,-0.481981,0.874567,-0.053174,-0.067428,0.023486,0.997448,0,0.87824,-0.05531,52.694,-0.111,-1,375.000,-1,375.000,-1,300.000,300.000,300.000,300.000,-1,-1,-1,-1,650.000,625.000,-1,950.000,2,0,2,0,2,0,0,0,0,2,2,2,2,0,0,2,1
98,-1626.560,2542.484,21.580,-29.093,0.872708,0.486108,0.045600,-0.483937,0.873608,-0.051130,-0.064691,0.022554,0.997650,0,0.88428,-0.05774,53.057,-0.115,-1,375.000,-1,375.000,-1,300.000,300.000,300.000,300.000,-1,-1,-1,-1,650.000,625.000,-1,925.000,2,0,2,0,2,0,0,0,0,2,2,2,2,0,0,2,1
99,-1579.936,2516.412,18.362,-29.214,0.871789,0.487955,0.043395,-0.485972,0.872601,-0.048969,-0.061762,0.021602,0.997857,0,0.89032,-0.06027,53.419,-0.121,-1,375.000,-1,375.000,-1,300.000,300.000,300.000,300.000,-1,-1,-1,-1,650.000,625.000,-1,875.000,2,0,2,0,2,0,0,0,0,2,2,2,2,0,0,2,1
100,-1533.054,2490.061,15.157,-29.340,0.870823,0.489880,0.041039,-0.488085,0.871545,-0.046717,-0.058653,0.020651,0.998065,0,0.89634,-0.06291,53.780,-0.126,-1,375.000,-1,375.000,950.000,300.000,300.000,325.000,325.000,-1,600.000,550.000,-1,625.000,625.000,-1,850.000,2,0,2,0,1,0,0,0,0,2,0,0,2,0,0,2,1
101,-1485.920,2463.426,11.992,-29.471,0.869806,0.491886,0.038549,-0.490269,0.870435,-0.044492,-0.055439,0.019800,0.998266,0,0.90233,-0.06569,54.140,-0.131,-1,375.000,-1,375.000,900.000,300.000,300.000,325.000,325.000,-1,475.000,475.000,-1,625.000,625.000,-1,825.000,2,0,2,0,1,0,0,0,0,2,0,0,2,0,0,2,1
102,-1438.538,2436.500,8.977,-29.608,0.868732,0.493971,0.036008,-0.492495,0.869260,-0.042852,-0.052468,0.019493,0.998432,0,0.90830,-0.06859,54.498,-0.137,-1,375.000,-1,375.000,825.000,300.000,300.000,325.000,325.000,-1,425.000,425.000,-1,625.000,625.000,-1,775.000,2,0,2,0,1,0,0,0,0,2,0,0,2,0,0,2,1
103,-1390.915,2409.280,6.062,-29.751,0.867611,0.496143,0.033057,-0.494802,0.868021,-0.041361,-0.049216,0.019528,0.998597,0,0.91424,-0.07164,54.854,-0.143,-1,375.000,-1,350.000,775.000,300.000,300.000,325.000,325.000,-1,375.000,375.000,-1,625.000,625.000,-1,725.000,2,0,2,0,1,0,0,0,0,2,0,0,2,0,0,2,1
104,-1343.056,2381.759,3.433,-29.901,0.866470,0.498398,0.028791,-0.497190,0.866702,-0.040372,-0.045075,0.020667,0.998770,0,0.92012,-0.07485,55.207,-0.150,-1,375.000,-1,350.000,725.000,300.000,300.000,325.000,325.000,-1,350.000,350.000,-1,625.000,625.000,-1,700.000,2,0,2,0,1,0,0,0,0,2,0,0,2,0,0,2,1
105,-1294.970,2353.933,0.863,-30.058,0.865251,0.500748,0.024323,-0.499676,0.865314,-0.039437,-0.040795,0.021969,0.998926,0,0.92596,-0.07822,55.557,-0.156,-1,375.000,-1,350.000,675.000,300.000,300.000,325.000,325.000,-1,325.000,325.000,-1,650.000,625.000,-1,650.000,2,0,2,0,1,0,0,0,0,2,0,0,2,0,0,2,1
106,-1246.665,2325.795,-1.558,-30.221,0.863936,0.503204,0.020036,-0.502268,0.863859,-0.038403,-0.036633,0.023115,0.999061,0,0.93172,-0.08178,55.903,-0.164,-1,375.000,-1,350.000,600.000,300.000,300.000,325.000,300.000,-1,300.000,300.000,-1,650.000,625.000,-1,625.000,2,0,2,0,1,0,0,0,0,2,0,0,2,0,1,2,1
107,-1198.151,2297.341,-3.465,-30.392,0.862482,0.505785,0.017525,-0.504968,0.862359,-0.036661,-0.033655,0.022770,0.999174,0,0.93740,-0.08554,56.244,-0.171,-1,375.000,-1,350.000,550.000,300.000,300.000,325.000,300.000,-1,325.000,325.000,-1,625.000,600.000,-1,575.000,2,0,2,0,1,0,0,0,0,2,0,0,2,0,1,2,1
108,-1149.437,2268.565,-5.210,-30.571,0.860937,0.508483,0.015228,-0.507777,0.860784,-0.034822,-0.030814,0.022247,0.999278,0,0.94298,-0.08952,56.579,-0.179,-1,375.000,-1,350.000,500.000,300.000,300.000,325.000,300.000,-1,350.000,325.000,-1,625.000,550.000,-1,525.000,2,0,2,0,1,0,0,0,0,2,0,0,2,0,1,2,1
109,-1097.745,2238.103,-6.627,-30.510,0.861511,0.507584,0.012554,-0.507032,0.861353,-0.031450,-0.026777,0.020729,0.999426,0,1.00000,0.03048,60.000,0.061,-1,375.000,-1,350.000,475.000,300.000,300.000,325.000,300.000,-1,350.000,350.000,-1,625.000,525.000,-1,500.000,2,0,2,0,1,0,0,0,0,2,0,0,2,0,1,2,1
110,-1045.893,2207.914,-7.790,-30.209,0.864194,0.503068,0.009602,-0.502666,0.864034,-0.027793,-0.022278,0.019192,0.999568,0,1.00000,0.15048,60.000,0.301,-1,375.000,1000.000,350.000,425.000,300.000,300.000,325.000,325.000,-1,325.000,375.000,-1,625.000,500.000,-1,450.000,2,0,1,0,1,0,0,0,0,2,0,0,2,0,1,2,1
111,-993.795,2178.152,-8.806,-29.737,0.868327,0.495949,0.006541,-0.495677,0.868170,-0.024189,-0.017676,0.017761,0.999686,0,1.00000,0.23591,60.000,0.472,-1,375.000,975.000,350.000,375.000,300.000,300.000,325.000,325.000,-1,325.000,375.000,-1,625.000,475.000,-1,400.000,2,0,1,0,1,0,0,0,0,2,0,0,2,0,1,2,1
112,-941.461,2148.808,-9.704,-29.279,0.872275,0.489003,0.003450,-0.488840,0.872130,-0.020620,-0.013092,0.016300,0.999781,0,1.00000,0.22909,60.000,0.458,-1,375.000,950.000,350.000,325.000,300.000,300.000,325.000,325.000,-1,300.000,350.000,-1,625.000,450.000,-1,375.000,2,0,1,0,1,0,0,0,0,2,0,0,2,0,1,2,1
113,-888.900,2119.870,-10.484,-28.836,0.876034,0.482250,0.000329,-0.482174,0.875909,-0.017087,-0.008528,0.014810,0.999854,0,1.00000,0.22172,60.000,0.443,-1,375.000,925.000,375.000,300.000,300.000,300.000,325.000,325.000,-1,300.000,325.000,-1,625.000,425.000,-1,325.000,2,0,1,1,1,0,0,0,0,2,0,0,2,0,1,2,1
114,-836.126,2091.325,-11.148,-28.408,0.879597,0.475710,-0.002819,-0.475702,0.879501,-0.013587,-0.003984,0.013292,0.999904,0,1.00000,0.21377,60.000,0.428,-1,375.000,875.000,350.000,250.000,300.000,300.000,325.000,325.000,-1,275.000,325.000,-1,625.000,400.000,-1,300.000,2,0,1,1,1,0,0,0,0,2,0,0,2,0,1,2,1
115,-783.148,2063.158,-11.419,-27.998,0.882966,0.469401,-0.005724,-0.469436,0.882891,-0.011545,-0.000365,0.012881,0.999917,0,1.00000,0.20520,60.000,0.410,-1,350.000,850.000,325.000,225.000,300.000,300.000,325.000,325.000,-1,275.000,325.000,-1,625.000,375.000,-1,250.000,2,0,1,1,1,0,0,0,0,2,0,0,2,0,1,2,1
116,-730.086,2035.150,-11.448,-27.828,0.884332,0.466773,-0.008989,-0.466848,0.884282,-0.009948,0.003306,0.012994,0.999910,0,1.00000,0.08520,60.000,0.170,-1,350.000,800.000,300.000,175.000,300.000,300.000,325.000,300.000,-1,300.000,325.000,-1,625.000,350.000,-1,200.000,2,0,1,1,1,0,0,0,1,2,0,0,2,0,1,2,1
117,-677.005,2007.179,-10.909,-27.787,0.884604,0.466139,-0.013821,-0.466269,0.884603,-0.008362,0.008328,0.013842,0.999870,0,1.00000,0.02037,60.000,0.041,-1,375.000,750.000,275.000,150.000,300.000,300.000,325.000,275.000,-1,300.000,325.000,-1,650.000,325.000,-1,175.000,2,0,1,1,1,0,0,0,1,2,0,0,2,0,1,2,1
118,-623.929,1979.196,-5.344,-27.797,0.884306,0.466341,-0.022987,-0.466072,0.884597,0.016269,0.027921,-0.003674,0.999603,0,1.00000,-0.00522,60.000,-0.010,-1,400.000,775.000,275.000,125.000,325.000,325.000,325.000,275.000,-1,225.000,250.000,-1,725.000,325.000,-1,150.000,2,0,1,1,1,0,1,0,1,2,0,0,2,0,1,2,1
119,-570.882,1951.156,1.454,-27.862,0.883561,0.467194,-0.032395,-0.465633,0.883789,0.045856,0.050054,-0.025432,0.998423,0,1.00000,-0.03241,60.000,-0.065,-1,450.000,-1,275.000,125.000,375.000,325.000,300.000,275.000,800.000,150.000,225.000,-1,800.000,325.000,-1,150.000,2,0,2,1,1,0,1,0,1,0,0,0,2,0,1,2,1
120,-517.891,1923.006,9.665,-27.985,0.882451,0.468596,-0.041200,-0.464517,0.881872,0.080781,0.074187,-0.052148,0.995880,0,1.00000,-0.06125,60.000,-0.123,-1,500.000,-1,275.000,125.000,425.000,325.000,275.000,300.000,550.000,75.000,200.000,-1,925.000,325.000,-1,125.000,2,0,2,1,1,0,1,0,1,0,0,0,2,0,1,2,1
121,-464.987,1894.690,17.801,-28.168,0.880954,0.470619,-0.049385,-0.463080,0.878872,0.114637,0.097353,-0.078120,0.992179,0,1.00000,-0.09179,60.000,-0.184,-1,550.000,-1,275.000,100.000,450.000,325.000,275.000,275.000,425.000,50.000,175.000,-1,-1,350.000,-1,125.000,2,0,2,1,1,1,1,0,1,0,0,0,2,2,1,2,1
122,-412.203,1866.149,25.564,-28.416,0.879039,0.473380,-0.056590,-0.461753,0.874905,0.146033,0.118640,-0.102238,0.987660,0,1.00000,-0.12403,60.000,-0.248,-1,575.000,-1,275.000,100.000,425.000,325.000,250.000,275.000,325.000,25.000,150.000,-1,-1,350.000,-1,125.000,2,0,2,1,1,1,1,0,1,0,0,0,2,2,1,2,1
123,-359.575,1837.320,33.401,-28.732,0.876711,0.476857,-0.063128,-0.460345,0.869837,0.177387,0.139499,-0.126456,0.982114,0,1.00000,-0.15798,60.000,-0.316,-1,625.000,-1,275.000,100.000,425.000,300.000,250.000,250.000,250.000,25.000,150.000,-1,-1,350.000,-1,125.000,2,0,2,1,1,1,1,0,1,0,0,0,2,2,1,2,1
124,-307.138,1808.141,41.326,-29.119,0.873977,0.481063,-0.068869,-0.458910,0.863614,0.208741,0.159894,-0.150830,0.975543,0,1.00000,-0.19356,60.000,-0.387,-1,650.000,-1,275.000,100.000,425.000,300.000,225.000,225.000,225.000,0.000,150.000,-1,-1,375.000,-1,125.000,2,1,2,1,1,1,1,0,1,0,0,0,2,2,1,2,1
125,-327.971,-1639.825,-36.657,97.506,-0.129250,-0.991302,-0.024801,0.989301,-0.130615,0.064989,-0.067663,-0.016136,0.997578,1,0.00000,0.00000,60.000,-0.461,625.000,325.000,-1,350.000,825.000,275.000,300.000,300.000,350.000,925.000,650.000,300.000,425.000,525.000,550.000,600.000,750.000,0,0,2,0,0,0,0,0,0,0,1,1,1,0,0,0,0
126,-328.578,-1635.064,-37.002,97.266,-0.125153,-0.991846,-0.024055,0.989898,-0.126462,0.064106,-0.066625,-0.015789,0.997653,0,0.08000,-0.12000,4.800,-0.240,625.000,325.000,-1,350.000,825.000,275.000,300.000,300.000,350.000,925.000,650.000,300.000,425.000,525.000,550.000,600.000,750.000,0,0,2,0,0,0,0,0,0,0,1,1,1,0,0,0,0
127,-329.712,-1625.532,-37.691,96.786,-0.116947,-0.992881,-0.022615,0.991038,-0.118150,0.062325,-0.064554,-0.015124,0.997800,0,0.16000,-0.24000,9.600,-0.480,625.000,325.000,-1,350.000,825.000,300.000,300.000,300.000,350.000,925.000,650.000,300.000,425.000,525.000,550.000,625.000,750.000,0,0,2,0,0,0,0,0,0,0,1,1,1,0,0,0,0
128,-331.233,-1611.213,-38.720,96.066,-0.104608,-0.994300,-0.020582,0.992613,-0.105665,0.059624,-0.061459,-0.014193,0.998009,0,0.24000,-0.36000,14.400,-0.720,650.000,325.000,-1,350.000,825.000,300.000,300.000,300.000,350.000,900.000,675.000,300.000,425.000,525.000,575.000,625.000,775.000,0,0,2,0,0,0,0,0,0,0,1,1,1,0,0,0,0
129,-332.950,-1592.090,-40.084,95.131,-0.088542,-0.995908,-0.018107,0.994420,-0.089427,0.055963,-0.057353,-0.013051,0.998269,0,0.32000,-0.46750,19.200,-0.935,650.000,350.000,-1,350.000,850.000,300.000,300.000,300.000,350.000,900.000,675.000,325.000,425.000,550.000,575.000,650.000,775.000,0,0,2,0,0,0,0,0,0,0,1,1,1,0,0,0,0
130,-334.707,-1568.155,-41.785,94.201,-0.072550,-0.997246,-0.015385,0.995996,-0.073250,0.051255,-0.052241,-0.011605,0.998567,0,0.40000,-0.46507,24.000,-0.930,675.000,350.000,-1,350.000,875.000,300.000,300.000,300.000,350.000,875.000,600.000,325.000,425.000,550.000,575.000,675.000,800.000,0,0,2,0,0,0,0,0,0,0,0,1,1,0,0,0,0
131,-336.353,-1539.403,-43.811,93.277,-0.056643,-0.998316,-0.012530,0.997327,-0.057158,0.045510,-0.046150,-0.009919,0.998885,0,0.48000,-0.46204,28.800,-0.924,725.000,350.000,1000.000,350.000,900.000,300.000,300.000,300.000,325.000,850.000,525.000,325.000,425.000,550.000,575.000,725.000,850.000,0,0,1,0,0,0,0,0,0,0,0,1,1,0,0,0,0
132,-337.736,-1505.832,-46.154,92.360,-0.040834,-0.999119,-0.009646,0.998400,-0.041178,0.038741,-0.039104,-0.008048,0.999203,0,0.56000,-0.45840,33.600,-0.917,775.000,350.000,975.000,350.000,950.000,300.000,300.000,300.000,325.000,825.000,450.000,300.000,425.000,575.000,575.000,775.000,875.000,0,0,1,0,1,0,0,0,0,0,0,1,1,0,0,0,0
133,-338.708,-1467.445,-48.804,91.452,-0.025136,-0.999661,-0.006826,0.999199,-0.025336,0.030960,-0.031123,-0.006042,0.999497,0,0.64000,-0.45414,38.400,-0.908,850.000,350.000,950.000,350.000,925.000,300.000,300.000,300.000,325.000,825.000,375.000,300.000,425.000,575.000,600.000,850.000,925.000,0,0,1,0,1,0,0,0,0,0,0,1,1,0,0,0,1
134,-339.125,-1424.248,-51.756,90.553,-0.009567,-0.999946,-0.004148,0.999707,-0.009657,0.022182,-0.022221,-0.003935,0.999745,0,0.72000,-0.44925,43.200,-0.898,925.000,350.000,900.000,350.000,925.000,300.000,300.000,300.000,300.000,800.000,300.000,275.000,425.000,600.000,600.000,900.000,900.000,0,0,1,0,1,0,0,0,0,0,0,1,1,0,0,1,1
135,-338.845,-1376.249,-55.007,89.666,0.005853,-0.999981,-0.001673,0.999906,0.005832,0.012416,-0.012406,-0.001746,0.999922,0,0.80000,-0.44372,48.000,-0.887,-1,350.000,875.000,350.000,900.000,300.000,300.000,275.000,300.000,750.000,225.000,225.000,450.000,625.000,625.000,900.000,875.000,2,0,1,0,1,0,0,0,0,0,0,1,1,0,0,1,1
136,-337.768,-1325.244,-58.425,88.791,0.021102,-0.999777,0.000493,0.999775,0.021103,0.002057,-0.002067,0.000450,0.999998,0,0.85028,-0.43752,51.017,-0.875,-1,375.000,825.000,375.000,875.000,300.000,300.000,275.000,275.000,725.000,200.000,200.000,450.000,625.000,625.000,875.000,825.000,2,0,1,0,1,0,0,0,0,0,0,1,1,0,0,1,1
137,-335.917,-1274.052,-58.267,87.929,0.036141,-0.999344,0.002488,0.999346,0.036137,-0.001488,0.001398,0.002541,0.999996,0,0.85376,-0.43089,51.226,-0.862,-1,375.000,800.000,350.000,850.000,300.000,300.000,300.000,275.000,775.000,225.000,250.000,475.000,650.000,625.000,825.000,775.000,2,0,1,0,1,0,0,0,0,0,0,1,1,0,0,1,1
138,-333.297,-1222.671,-57.345,87.081,0.050940,-0.998699,0.002286,0.998692,0.050929,-0.004563,0.004440,0.002515,0.999987,0,0.85745,-0.42417,51.447,-0.848,-1,375.000,750.000,375.000,800.000,300.000,300.000,300.000,275.000,800.000,275.000,300.000,525.000,625.000,650.000,775.000,750.000,2,0,1,0,1,0,0,0,0,0,0,1,1,1,1,1,1
139,-329.913,-1171.103,-56.422,86.246,0.065490,-0.997851,0.001925,0.997825,0.065473,-0.007634,0.007491,0.002421,0.999969,0,0.86132,-0.41738,51.679,-0.835,-1,375.000,700.000,375.000,775.000,300.000,300.000,300.000,275.000,825.000,300.000,325.000,550.000,600.000,600.000,725.000,700.000,2,0,1,0,1,0,0,0,0,0,0,1,1,1,1,1,1
140,-325.772,-1119.347,-55.497,85.425,0.079785,-0.996811,0.001417,0.996756,0.079765,-0.010697,0.010549,0.002266,0.999942,0,0.86536,-0.41052,51.921,-0.821,-1,375.000,650.000,375.000,725.000,325.000,300.000,300.000,300.000,875.000,350.000,375.000,600.000,550.000,575.000,650.000,650.000,2,0,1,0,1,0,0,0,0,0,0,0,1,1,1,1,1
141,-320.878,-1067.405,-54.570,84.618,0.093819,-0.995589,0.000773,0.995496,0.093800,-0.013746,0.013613,0.002059,0.999905,0,0.86954,-0.40358,52.172,-0.807,-1,375.000,600.000,375.000,700.000,325.000,300.000,300.000,300.000,900.000,375.000,400.000,650.000,500.000,525.000,600.000,625.000,2,0,1,0,1,0,0,0,0,0,0,0,1,1,1,1,1
142,-315.238,-1015.277,-53.641,83.825,0.107588,-0.994196,0.000006,0.994056,0.107572,-0.016778,0.016680,0.001811,0.999859,0,0.87386,-0.39658,52.431,-0.793,-1,375.000,550.000,375.000,650.000,325.000,300.000,300.000,300.000,925.000,400.000,450.000,675.000,475.000,500.000,550.000,575.000,2,0,1,0,1,0,0,0,0,0,0,0,1,1,1,1,1
143,-308.532,-958.440,-52.622,83.271,0.117170,-0.993111,-0.000950,0.992910,0.117166,-0.020032,0.020005,0.001404,0.999799,0,0.95386,-0.27658,57.231,-0.553,625.000,350.000,500.000,375.000,600.000,325.000,325.000,300.000,300.000,975.000,450.000,475.000,725.000,425.000,450.000,475.000,525.000,1,1,1,0,1,0,0,0,0,0,0,0,1,1,1,1,1
144,-300.898,-900.619,-51.592,82.478,0.130891,-0.991395,-0.001998,0.991121,0.130902,-0.023325,0.023385,0.001073,0.999726,0,0.97204,-0.39658,58.322,-0.793,500.000,325.000,450.000,350.000,550.000,300.000,300.000,300.000,300.000,1000.000,475.000,500.000,775.000,375.000,400.000,425.000,475.000,1,1,1,1,1,1,1,0,0,0,0,0,1,1,1,1,1
145,-292.158,-842.523,-50.564,81.445,0.148725,-0.988874,-0.003176,0.988516,0.148756,-0.026600,0.026776,0.000817,0.999641,0,0.97917,-0.51658,58.750,-1.033,400.000,275.000,400.000,300.000,500.000,250.000,275.000,300.000,300.000,-1,500.000,525.000,800.000,325.000,375.000,350.000,425.000,1,1,1,1,1,1,1,0,0,2,0,0,1,1,1,1,1
146,-282.059,-784.226,-49.542,80.172,0.170632,-0.985324,-0.004532,0.984873,0.170691,-0.029835,0.030170,0.000628,0.999545,0,0.98608,-0.63658,59.165,-1.273,325.000,225.000,350.000,275.000,425.000,225.000,250.000,300.000,300.000,-1,450.000,550.000,850.000,275.000,325.000,275.000,375.000,1,1,1,1,1,1,1,0,0,2,0,0,1,1,1,1,1
147,-270.347,-725.830,-48.529,78.659,0.196556,-0.980474,-0.006107,0.979918,0.196651,-0.033001,0.033558,0.000502,0.999437,0,0.99264,-0.75658,59.559,-1.513,225.000,200.000,300.000,225.000,375.000,175.000,200.000,275.000,300.000,-1,400.000,500.000,875.000,225.000,275.000,225.000,325.000,1,1,1,1,1,1,1,0,0,2,0,0,1,1,1,1,1
148,-256.777,-667.464,-41.942,76.906,0.227424,-0.973732,0.011162,0.972452,0.226493,-0.055122,0.051146,0.023391,0.998417,0,0.99868,-0.87658,59.921,-1.753,200.000,175.000,275.000,200.000,325.000,150.000,175.000,325.000,275.000,-1,325.000,350.000,850.000,200.000,250.000,175.000,275.000,1,1,1,1,1,1,1,0,0,2,0,0,1,1,1,1,1
149,-241.278,-609.495,-31.254,75.001,0.262924,-0.964001,0.039655,0.961360,0.258284,-0.095271,0.081599,0.063172,0.994661,0,1.00000,-0.95231,60.000,-1.905,200.000,150.000,250.000,200.000,300.000,150.000,175.000,450.000,250.000,-1,250.000,200.000,550.000,200.000,225.000,175.000,250.000,1,1,1,1,1,1,1,0,0,2,0,0,0,1,1,1,1
150,-328.349,-6887.517,344.474,132.006,-0.707505,-0.704746,0.052638,0.661890,-0.634693,0.398831,-0.247665,0.317015,0.915513,1,0.00000,0.00000,60.000,-1.882,-1,350.000,525.000,175.000,25.000,250.000,175.000,275.000,175.000,200.000,-1,-1,-1,500.000,225.000,850.000,25.000,2,0,0,0,0,0,0,1,0,1,2,2,2,0,0,0,0
151,-4267.704,6228.933,163.216,-150.730,-0.872457,0.485540,0.055399,-0.488685,-0.866269,-0.103755,-0.002387,-0.117595,0.993059,1,0.08000,-0.12000,4.800,-0.240,800.000,350.000,-1,400.000,-1,300.000,300.000,250.000,425.000,-1,75.000,0.000,425.000,600.000,850.000,-1,-1,0,0,2,0,2,0,0,0,0,2,1,1,1,0,0,2,2
152,-4276.120,6224.313,162.906,-151.210,-0.876396,0.478426,0.055130,-0.481592,-0.870597,-0.100651,-0.000158,-0.114761,0.993393,0,0.16000,-0.24000,9.600,-0.480,875.000,350.000,-1,400.000,-1,300.000,325.000,250.000,425.000,-1,75.000,0.000,425.000,625.000,850.000,-1,-1,0,0,2,0,2,0,0,0,0,2,1,1,1,0,0,2,2
153,-4288.830,6217.543,162.473,-151.930,-0.882202,0.467670,0.054816,-0.470861,-0.876956,-0.096112,0.003123,-0.110601,0.993860,0,0.24000,-0.36000,14.400,-0.720,-1,350.000,-1,400.000,-1,300.000,325.000,250.000,425.000,-1,100.000,0.000,425.000,625.000,850.000,-1,-1,2,0,2,0,2,0,0,0,0,2,1,1,1,0,0,2,2
154,-4305.926,6208.800,161.955,-152.890,-0.889749,0.453178,0.054552,-0.456390,-0.885188,-0.090282,0.007375,-0.105226,0.994421,0,0.32000,-0.48000,19.200,-0.960,-1,350.000,-1,400.000,-1,300.000,325.000,275.000,400.000,-1,125.000,0.000,425.000,650.000,875.000,-1,-1,2,0,2,0,2,0,0,0,0,2,1,1,1,0,0,2,2
155,-4327.519,6198.321,161.403,-154.090,-0.898865,0.434829,0.054454,-0.438047,-0.895079,-0.083361,0.012493,-0.098784,0.995030,0,0.40000,-0.60000,24.000,-1.200,-1,375.000,-1,400.000,-1,300.000,325.000,275.000,400.000,-1,150.000,25.000,425.000,675.000,875.000,-1,-1,2,0,2,0,2,0,0,0,0,2,1,1,1,0,0,2,2
156,-4350.380,6187.858,160.953,-155.388,-0.908330,0.414682,0.054550,-0.417884,-0.905264,-0.076622,0.017608,-0.092393,0.995567,0,0.41901,-0.64948,25.140,-1.299,-1,375.000,-1,400.000,-1,300.000,325.000,275.000,375.000,-1,175.000,50.000,425.000,725.000,900.000,-1,-1,2,0,2,0,2,0,0,0,0,2,1,1,1,0,0,2,2
157,-4373.937,6177.705,160.594,-156.667,-0.917211,0.394596,0.054934,-0.397762,-0.914803,-0.070148,0.022574,-0.086191,0.996023,0,0.42750,-0.63939,25.650,-1.279,-1,375.000,-1,400.000,-1,300.000,325.000,275.000,350.000,-1,200.000,50.000,425.000,750.000,900.000,-1,-1,2,0,2,0,2,0,0,0,0,2,1,1,1,0,0,2,2
158,-4398.184,6167.879,160.334,-157.926,-0.925519,0.374600,0.055575,-0.377710,-0.923711,-0.063983,0.027367,-0.080209,0.996402,0,0.43603,-0.62914,26.162,-1.258,-1,375.000,-1,425.000,-1,325.000,325.000,275.000,350.000,-1,250.000,75.000,425.000,775.000,925.000,-1,-1,2,0,2,0,2,0,0,0,0,2,1,1,1,0,0,2,2
159,-4423.118,6158.396,160.181,-159.163,-0.933267,0.354722,0.056435,-0.357758,-0.932001,-0.058166,0.031965,-0.074474,0.996710,0,0.44458,-0.61874,26.675,-1.237,-1,400.000,-1,425.000,-1,325.000,325.000,275.000,325.000,-1,275.000,75.000,425.000,825.000,950.000,-1,-1,2,0,2,0,2,0,0,0,0,2,1,1,1,0,0,2,2
160,-4448.730,6149.271,160.141,-160.379,-0.940467,0.334989,0.057478,-0.337935,-0.939691,-0.052728,0.036348,-0.069013,0.996953,0,0.45314,-0.60819,27.189,-1.216,-1,400.000,-1,425.000,-1,325.000,325.000,300.000,325.000,-1,325.000,100.000,450.000,850.000,975.000,-1,-1,2,0,2,0,2,0,0,0,0,2,1,1,1,0,0,2,2
161,-4475.016,6140.519,160.220,-161.574,-0.947134,0.315428,0.058666,-0.318271,-0.946799,-0.047696,0.040500,-0.063846,0.997138,0,0.46172,-0.59749,27.703,-1.195,-1,400.000,-1,425.000,-1,325.000,325.000,300.000,325.000,-1,350.000,125.000,450.000,875.000,1000.000,-1,-1,2,0,2,0,2,0,0,0,0,2,1,1,1,0,0,2,2
162,-4501.965,6132.153,160.706,-162.748,-0.953320,0.296045,0.059476,-0.298800,-0.953286,-0.044321,0.043577,-0.060024,0.997245,0,0.47029,-0.58664,28.218,-1.173,-1,425.000,-1,425.000,-1,350.000,350.000,300.000,300.000,-1,425.000,150.000,475.000,900.000,-1,-1,-1,2,0,2,0,2,0,0,0,0,2,1,1,1,0,2,2,2
163,-4529.571,6124.185,162.043,-163.899,-0.959101,0.276846,0.059006,-0.279581,-0.959091,-0.044494,0.044275,-0.059171,0.997266,0,0.47887,-0.57564,28.732,-1.151,-1,425.000,-1,425.000,-1,350.000,350.000,300.000,300.000,-1,500.000,175.000,500.000,925.000,-1,-1,-1,2,0,2,0,2,0,0,0,0,2,1,1,1,0,2,2,2
164,-4557.825,6116.630,163.247,-165.028,-0.964432,0.257918,0.057871,-0.260572,-0.964444,-0.044170,0.044422,-0.057679,0.997346,0,0.48744,-0.56448,29.247,-1.129,-1,425.000,-1,425.000,-1,350.000,350.000,300.000,300.000,-1,575.000,225.000,525.000,925.000,-1,-1,-1,2,0,2,0,2,0,0,0,0,2,1,1,1,0,2,2,2
165,-4586.719,6109.499,164.379,-166.134,-0.969317,0.239274,0.056332,-0.241809,-0.969349,-0.043487,0.044200,-0.055774,0.997465,0,0.49601,-0.55318,29.761,-1.106,-1,425.000,-1,425.000,-1,350.000,350.000,300.000,300.000,-1,675.000,275.000,550.000,925.000,-1,-1,-1,2,0,2,0,2,0,0,0,0,2,1,1,1,0,2,2,2
166,-4616.243,6102.802,165.552,-167.218,-0.973749,0.220925,0.054823,-0.223344,-0.973801,-0.042755,0.043941,-0.053877,0.997580,0,0.50457,-0.54173,30.274,-1.083,-1,425.000,-1,425.000,-1,350.000,350.000,300.000,300.000,-1,800.000,350.000,575.000,950.000,-1,-1,-1,2,0,2,0,2,0,0,0,0,2,1,1,1,0,2,2,2
167,-4650.619,6095.835,166.907,-168.541,-0.978671,0.198397,0.053314,-0.200701,-0.978752,-0.041994,0.043850,-0.051798,0.997694,0,0.58457,-0.66173,35.074,-1.323,-1,425.000,-1,425.000,-1,350.000,350.000,300.000,300.000,-1,975.000,425.000,600.000,950.000,-1,-1,-1,2,0,2,0,2,0,0,0,0,2,1,1,1,0,2,2,2
168,-4688.467,6089.233,168.075,-170.105,-0.983836,0.171626,0.051101,-0.173847,-0.983845,-0.042733,0.042941,-0.050926,0.997779,0,0.64033,-0.78173,38.420,-1.563,-1,425.000,-1,425.000,-1,350.000,350.000,300.000,300.000,-1,-1,550.000,625.000,950.000,-1,-1,-1,2,0,2,0,2,0,0,0,0,2,2,1,1,0,2,2,2
169,-4727.157,6083.733,169.286,-171.908,-0.988867,0.140585,0.048754,-0.142723,-0.988805,-0.043536,0.042088,-0.050010,0.997862,0,0.65130,-0.90173,39.078,-1.803,-1,425.000,-1,425.000,-1,350.000,350.000,300.000,300.000,-1,-1,750.000,650.000,950.000,-1,-1,-1,2,0,2,0,2,0,0,0,0,2,2,1,1,0,2,2,2
170,-4766.695,6079.514,170.580,-173.908,-0.993286,0.105996,0.046345,-0.108047,-0.993162,-0.044225,0.041340,-0.048936,0.997946,0,0.66270,-1.00000,39.762,-2.000,-1,425.000,-1,425.000,-1,350.000,350.000,300.000,300.000,-1,-1,-1,675.000,950.000,-1,-1,-1,2,0,2,0,2,0,0,0,0,2,2,2,1,0,2,2,2
171,-4807.055,6076.627,171.961,-175.908,-0.996491,0.071275,0.043877,-0.073233,-0.996310,-0.044763,0.040524,-0.047820,0.998034,0,0.67439,-1.00000,40.464,-2.000,-1,425.000,-1,425.000,-1,325.000,325.000,300.000,300.000,-1,-1,-1,700.000,950.000,-1,-1,-1,2,0,2,0,2,0,0,0,0,2,2,2,1,0,2,2,2
172,-4848.186,6075.125,173.429,-177.908,-0.998479,0.036463,0.041356,-0.038324,-0.998245,-0.045143,0.039637,-0.046659,0.998124,0,0.68597,-1.00000,41.158,-2.000,-1,425.000,-1,425.000,-1,325.000,325.000,300.000,300.000,-1,-1,-1,725.000,950.000,1000.000,-1,-1,2,0,2,0,2,0,0,0,0,2,2,2,1,0,0,2,2
173,-4890.031,6075.058,174.984,-179.908,-0.999246,0.001602,0.038787,-0.003362,-0.998965,-0.045356,0.038674,-0.045452,0.998218,0,0.69741,-1.00000,41.845,-2.000,-1,425.000,-1,425.000,-1,325.000,325.000,300.000,300.000,-1,-1,-1,775.000,950.000,1000.000,-1,-1,2,0,2,0,2,0,0,0,0,2,2,2,1,0,0,2,2
174,-4932.530,6076.475,176.627,-181.908,-0.998792,-0.033264,0.036176,0.031609,-0.998469,-0.045393,0.037630,-0.044194,0.998314,0,0.70870,-1.00000,42.522,-2.000,-1,425.000,-1,425.000,-1,325.000,325.000,300.000,300.000,-1,-1,-1,800.000,950.000,1000.000,-1,-1,2,0,2,0,2,0,0,0,0,2,2,2,1,0,0,2,2
175,-4975.619,6079.419,178.357,-183.908,-0.997115,-0.068094,0.033530,0.066548,-0.996757,-0.045245,0.036502,-0.042883,0.998413,0,0.71982,-1.00000,43.189,-2.000,-1,425.000,-1,425.000,-1,325.000,325.000,300.000,300.000,-1,-1,-1,825.000,950.000,975.000,-1,-1,2,0,2,0,2,0,0,0,0,2,2,2,1,0,0,2,2
176,-5019.232,6083.933,180.173,-185.908,-0.994219,-0.102844,0.030857,0.101411,-0.993831,-0.044903,0.035285,-0.041514,0.998515,0,0.73077,-1.00000,43.846,-2.000,-1,425.000,-1,425.000,-1,325.000,325.000,300.000,300.000,-1,-1,-1,850.000,950.000,975.000,-1,-1,2,0,2,0,2,0,0,0,0,2,2,2,1,0,0,2,2
177,-5063.300,6090.054,182.076,-187.908,-0.990105,-0.137474,0.028165,0.136155,-0.989694,-0.044358,0.033973,-0.040084,0.998619,0,0.74152,-1.00000,44.491,-2.000,-1,425.000,-1,425.000,-1,325.000,325.000,300.000,300.000,-1,-1,-1,900.000,975.000,975.000,-1,-1,2,0,2,0,2,0,0,0,0,2,2,2,1,0,0,2,2
178,-5107.750,6097.819,184.064,-189.908,-0.984778,-0.171940,0.025464,0.170738,-0.984351,-0.043599,0.032562,-0.038588,0.998725,0,0.75206,-1.00000,45.123,-2.000,-1,425.000,-1,425.000,-1,325.000,325.000,300.000,300.000,-1,-1,-1,925.000,975.000,950.000,-1,-1,2,0,2,0,2,0,0,0,0,2,2,2,1,0,0,2,2
179,-5152.509,6107.258,186.137,-191.908,-0.978245,-0.206201,0.022765,0.205117,-0.977809,-0.042617,0.031048,-0.037020,0.998832,0,0.76238,-1.00000,45.743,-2.000,-1,425.000,-1,425.000,-1,325.000,325.000,300.000,300.000,-1,-1,-1,975.000,1000.000,950.000,-1,-1,2,0,2,0,2,0,0,0,0,2,2,2,1,0,0,2,2
180,-5197.498,6118.399,188.024,-193.908,-0.970505,-0.240205,0.020546,0.239187,-0.970037,-0.042639,0.030173,-0.036467,0.998879,0,0.77247,-1.00000,46.348,-2.000,-1,425.000,-1,425.000,-1,350.000,350.000,300.000,300.000,-1,-1,-1,1000.000,-1,950.000,-1,-1,2,0,2,0,2,0,0,0,0,2,2,2,1,2,0,2,2
181,-5242.640,6131.264,189.431,-195.908,-0.961607,-0.273896,0.017092,0.272933,-0.961003,-0.044501,0.028614,-0.038127,0.998863,0,0.78232,-1.00000,46.939,-2.000,-1,425.000,-1,425.000,-1,325.000,350.000,300.000,300.000,-1,-1,-1,-1,-1,950.000,-1,-1,2,0,2,0,2,0,0,0,0,2,2,2,2,2,0,2,2
182,-5287.855,6145.870,190.913,-197.903,-0.951564,-0.307156,0.013467,0.306266,-0.950829,-0.046090,0.026961,-0.039734,0.998846,0,0.79192,-0.99721,47.515,-1.994,-1,425.000,-1,425.000,-1,325.000,350.000,300.000,300.000,-1,-1,-1,-1,1000.000,950.000,-1,-1,2,0,2,0,2,0,0,0,0,2,2,2,2,0,0,2,2
183,-5333.070,6162.207,192.119,-199.867,-0.940517,-0.339567,0.011082,0.338734,-0.939730,-0.046552,0.026221,-0.040029,0.998854,0,0.80126,-0.98228,48.075,-1.965,-1,425.000,-1,425.000,-1,325.000,350.000,300.000,300.000,-1,-1,-1,-1,1000.000,975.000,-1,-1,2,0,2,0,2,0,0,0,0,2,2,2,2,0,0,2,2
184,-5378.210,6180.264,193.139,-201.802,-0.928545,-0.371110,0.009049,0.370347,-0.927755,-0.045985,0.025461,-0.039348,0.998901,0,0.81029,-0.96740,48.618,-1.935,-1,425.000,-1,425.000,-1,350.000,350.000,300.000,300.000,-1,-1,-1,-1,1000.000,975.000,-1,-1,2,0,2,0,2,0,0,0,0,2,2,2,2,0,0,2,2
185,-5423.205,6200.023,194.052,-203.707,-0.915715,-0.401770,0.006842,0.401102,-0.914952,-0.044492,0.024135,-0.037998,0.998986,0,0.81904,-0.95258,49.142,-1.905,-1,425.000,-1,425.000,-1,325.000,350.000,300.000,300.000,-1,-1,-1,-1,-1,950.000,-1,-1,2,0,2,0,2,0,0,0,0,2,2,2,2,2,0,2,2
186,-5467.988,6221.463,195.021,-205.583,-0.902089,-0.431524,0.004725,0.430950,-0.901359,-0.042835,0.022743,-0.036605,0.999071,0,0.82750,-0.93783,49.650,-1.876,-1,425.000,-1,425.000,-1,325.000,350.000,300.000,300.000,-1,-1,-1,-1,-1,950.000,-1,-1,2,0,2,0,2,0,0,0,0,2,2,2,2,2,0,2,2
187,-5512.493,6244.561,196.044,-207.429,-0.887726,-0.460364,0.002710,0.459879,-0.887033,-0.041024,0.021290,-0.035172,0.999154,0,0.83569,-0.92314,50.142,-1.846,-1,425.000,-1,425.000,-1,325.000,325.000,300.000,300.000,-1,-1,-1,-1,-1,925.000,-1,-1,2,0,2,0,2,0,0,0,0,2,2,2,2,2,0,2,2
188,-5556.359,6268.913,197.091,-209.035,-0.874475,-0.485071,0.000817,0.484672,-0.873822,-0.039089,0.019675,-0.033786,0.999235,0,0.83621,-0.80314,50.172,-1.606,-1,425.000,-1,425.000,-1,325.000,325.000,300.000,300.000,-1,-1,-1,-1,1000.000,925.000,-1,-1,2,0,2,0,2,0,0,0,0,2,2,2,2,0,0,2,2
189,-5600.021,6294.531,198.159,-210.402,-0.862656,-0.505791,-0.000985,0.505475,-0.862046,-0.037039,0.017885,-0.032450,0.999313,0,0.84371,-0.68314,50.623,-1.366,-1,425.000,-1,425.000,-1,325.000,325.000,300.000,300.000,-1,-1,-1,-1,1000.000,925.000,-1,-1,2,0,2,0,2,0,0,0,0,2,2,2,2,0,0,2,2
190,-5643.542,6321.233,199.144,-211.531,-0.852509,-0.522703,-0.003180,0.522479,-0.851931,-0.035069,0.015621,-0.031558,0.999380,0,0.85099,-0.56483,51.059,-1.130,-1,425.000,-1,400.000,-1,325.000,325.000,300.000,300.000,-1,-1,-1,-1,1000.000,900.000,-1,-1,2,0,2,0,2,0,0,0,0,2,2,2,2,0,0,2,2
191,-5686.903,6348.998,200.129,-212.632,-0.842300,-0.538982,-0.005398,0.538845,-0.841757,-0.033030,0.013259,-0.030730,0.999440,0,0.85814,-0.55022,51.488,-1.100,-1,425.000,-1,400.000,-1,325.000,325.000,300.000,300.000,-1,-1,-1,-1,1000.000,900.000,-1,-1,2,0,2,0,2,0,0,0,0,2,2,2,2,0,0,2,2
192,-5730.096,6377.807,200.839,-213.703,-0.832074,-0.554615,-0.007426,0.554540,-0.831526,-0.032399,0.011794,-0.031076,0.999447,0,0.86532,-0.53551,51.919,-1.071,-1,425.000,-1,400.000,-1,325.000,325.000,300.000,300.000,-1,-1,-1,-1,1000.000,900.000,-1,-1,2,0,2,0,2,0,0,0,0,2,2,2,2,0,0,2,2
193,-5773.114,6407.642,201.468,-214.744,-0.821852,-0.569623,-0.009413,0.569603,-0.821291,-0.032168,0.010593,-0.031799,0.999438,0,0.87252,-0.52069,52.351,-1.041,-1,425.000,-1,400.000,-1,325.000,325.000,300.000,300.000,-1,-1,-1,-1,1000.000,900.000,-1,-1,2,0,2,0,2,0,0,0,0,2,2,2,2,0,0,2,2
194,-5815.763,6438.368,202.052,-215.771,-0.811504,-0.584231,-0.011677,0.584275,-0.810927,-0.031939,0.009191,-0.032741,0.999422,0,0.87607,-0.51337,52.564,-1.027,-1,425.000,-1,400.000,-1,350.000,325.000,300.000,300.000,-1,-1,-1,-1,1000.000,875.000,-1,-1,2,0,2,0,2,0,0,0,0,2,2,2,2,0,0,2,2
195,-5857.854,6469.852,202.309,-216.798,-0.800880,-0.598621,-0.015626,0.598788,-0.800265,-0.032070,0.006693,-0.035040,0.999363,0,0.87607,-0.51337,52.564,-1.027,-1,425.000,-1,400.000,-1,325.000,325.000,300.000,300.000,-1,-1,-1,-1,975.000,875.000,-1,-1,2,0,2,0,2,0,0,0,0,2,2,2,2,0,0,2,2
196,-5899.375,6502.086,202.568,-217.824,-0.789984,-0.612819,-0.019472,0.613114,-0.789350,-0.031920,0.004191,-0.037154,0.999301,0,0.87607,-0.51337,52.564,-1.027,-1,425.000,-1,400.000,-1,325.000,325.000,300.000,300.000,-1,-1,-1,-1,950.000,875.000,-1,-1,2,0,2,0,2,0,0,0,0,2,2,2,2,0,0,2,2
197,-5940.312,6535.058,202.768,-218.851,-0.778815,-0.626824,-0.023200,0.627251,-0.778191,-0.031209,0.001508,-0.038858,0.999244,0,0.87607,-0.51337,52.564,-1.027,-1,425.000,-1,400.000,-1,325.000,325.000,300.000,300.000,-1,-1,-1,-1,925.000,850.000,-1,-1,2,0,2,0,2,0,0,0,0,2,2,2,2,0,0,2,2
198,-5980.651,6568.759,202.971,-219.878,-0.767386,-0.640629,-0.026692,0.641184,-0.766788,-0.030324,-0.001041,-0.040384,0.999184,0,0.87607,-0.51337,52.564,-1.027,-1,425.000,-1,400.000,-1,325.000,325.000,300.000,300.000,-1,-1,-1,-1,925.000,850.000,-1,-1,2,0,2,0,2,0,0,0,0,2,2,2,2,0,0,2,2
199,-6020.380,6603.178,202.883,-220.905,-0.755730,-0.654259,-0.028578,0.654878,-0.755177,-0.029026,-0.002590,-0.040651,0.999170,0,0.87607,-0.51337,52.564,-1.027,-1,425.000,-1,400.000,-1,325.000,325.000,300.000,300.000,-1,-1,-1,-1,900.000,825.000,-1,-1,2,0,2,0,2,0,0,0,0,2,2,2,2,0,0,2,2
200,-6059.485,6638.304,202.823,-221.931,-0.743829,-0.667681,-0.030330,0.668357,-0.743326,-0.027652,-0.004082,-0.040839,0.999157,0,0.87607,-0.51337,52.564,-1.027,-1,400.000,-1,400.000,-1,325.000,325.000,300.000,300.000,-1,-1,-1,-1,900.000,825.000,-1,-1,2,0,2,0,2,0,0,0,0,2,2,2,2,0,0,2,2
201,-6097.955,6674.124,202.705,-222.958,-0.731696,-0.680881,-0.031979,0.681611,-0.731229,-0.026656,-0.005234,-0.041301,0.999133,0,0.87607,-0.51337,52.564,-1.027,-1,400.000,-1,400.000,-1,325.000,325.000,300.000,300.000,-1,-1,-1,-1,900.000,825.000,-1,-1,2,0,2,0,2,0,0,0,0,2,2,2,2,0,0,2,2
202,-6135.776,6710.628,202.590,-223.985,-0.719329,-0.693860,-0.033517,0.694641,-0.718896,-0.025734,-0.006239,-0.041793,0.999107,0,0.87607,-0.51337,52.564,-1.027,-1,400.000,-1,400.000,-1,325.000,325.000,325.000,300.000,-1,-1,-1,-1,875.000,825.000,-1,-1,2,0,2,0,2,0,0,0,0,2,2,2,2,0,0,2,2
203,-6172.938,6747.804,202.502,-225.012,-0.706732,-0.706618,-0.034935,0.707445,-0.706335,-0.024761,-0.007179,-0.042214,0.999083,0,0.87607,-0.51337,52.564,-1.027,-1,400.000,-1,400.000,-1,325.000,325.000,325.000,300.000,-1,-1,-1,-1,875.000,800.000,-1,-1,2,0,2,0,2,0,0,0,0,2,2,2,2,0,0,2,2
204,-6209.451,6785.668,202.258,-226.041,-0.693859,-0.719205,-0.036120,0.720060,-0.693535,-0.022883,-0.008593,-0.041886,0.999085,0,0.87669,-0.51473,52.601,-1.029,-1,400.000,-1,400.000,-1,325.000,325.000,325.000,300.000,-1,-1,-1,-1,875.000,800.000,-1,-1,2,0,2,0,2,0,0,0,0,2,2,2,2,0,0,2,2
205,-6242.154,6820.532,202.046,-226.830,-0.683825,-0.728703,-0.037092,0.729578,-0.683570,-0.021163,-0.009933,-0.041533,0.999088,0,0.79669,-0.39473,47.801,-0.789,-1,400.000,-1,400.000,-1,325.000,325.000,325.000,300.000,-1,-1,-1,-1,850.000,800.000,-1,-1,2,0,2,0,2,0,0,0,0,2,2,2,2,0,0,2,2
206,-6273.031,6854.086,201.572,-227.380,-0.676760,-0.735200,-0.038430,0.736125,-0.676528,-0.020726,-0.010761,-0.042315,0.999046,0,0.75998,-0.27473,45.599,-0.549,-1,400.000,-1,400.000,-1,325.000,325.000,325.000,300.000,-1,-1,-1,-1,850.000,800.000,-1,-1,2,0,2,0,2,0,0,0,0,2,2,2,2,0,0,2,2
207,-6303.779,6887.863,200.985,-227.689,-0.672733,-0.738804,-0.039981,0.739795,-0.672512,-0.020759,-0.011551,-0.043543,0.998985,0,0.76128,-0.15473,45.677,-0.309,-1,400.000,-1,400.000,-1,325.000,325.000,325.000,300.000,-1,-1,-1,-1,825.000,775.000,-1,-1,2,0,2,0,2,0,0,0,0,2,2,2,2,0,0,2,2
208,-6334.533,6921.730,200.416,-227.759,-0.671786,-0.739583,-0.041488,0.740640,-0.671583,-0.020731,-0.012530,-0.044654,0.998924,0,0.76244,-0.03473,45.746,-0.069,-1,400.000,-1,400.000,-1,325.000,325.000,325.000,300.000,-1,-1,-1,-1,825.000,775.000,-1,-1,2,0,2,0,2,0,0,0,0,2,2,2,2,0,0,2,2
209,-6365.427,6955.548,199.856,-227.588,-0.673928,-0.737547,-0.042953,0.738670,-0.673750,-0.020667,-0.013697,-0.045656,0.998863,0,0.76342,0.08527,45.805,0.171,-1,400.000,-1,400.000,-1,325.000,325.000,325.000,300.000,-1,-1,-1,-1,825.000,775.000,-1,-1,2,0,2,0,2,0,0,0,0,2,2,2,2,0,0,2,2
210,-6396.451,6989.310,199.196,-227.420,-0.676047,-0.735550,-0.043894,0.736716,-0.675889,-0.020586,-0.014525,-0.046255,0.998824,0,0.76419,0.08391,45.851,0.168,-1,400.000,-1,400.000,-1,325.000,325.000,325.000,300.000,-1,-1,-1,-1,825.000,775.000,-1,-1,2,0,2,0,2,0,0,0,0,2,2,2,2,0,0,2,2
211,-6427.594,7023.010,198.533,-227.259,-0.678077,-0.733627,-0.044754,0.734832,-0.677939,-0.020517,-0.015289,-0.046799,0.998787,0,0.76478,0.08059,45.887,0.161,-1,400.000,-1,400.000,-1,325.000,325.000,325.000,300.000,-1,-1,-1,-1,800.000,775.000,-1,-1,2,0,2,0,2,0,0,0,0,2,2,2,2,0,0,2,2
212,-6458.845,7056.645,197.875,-227.105,-0.680018,-0.731778,-0.045575,0.733020,-0.679899,-0.020461,-0.016014,-0.047321,0.998751,0,0.76521,0.07729,45.913,0.155,-1,400.000,-1,400.000,-1,325.000,325.000,325.000,300.000,-1,-1,-1,-1,800.000,775.000,-1,-1,2,0,2,0,2,0,0,0,0,2,2,2,2,0,0,2,2
213,-6490.194,7090.211,197.105,-226.957,-0.681848,-0.729983,-0.046979,0.731294,-0.681755,-0.020465,-0.017089,-0.048310,0.998686,0,0.76548,0.07403,45.929,0.148,-1,400.000,-1,400.000,-1,325.000,325.000,325.000,300.000,-1,-1,-1,-1,800.000,775.000,-1,-1,2,0,2,0,2,0,0,0,0,2,2,2,2,0,0,2,2
214,-6521.631,7123.704,196.297,-226.814,-0.683588,-0.728249,-0.048577,0.729639,-0.683525,-0.020502,-0.018273,-0.049458,0.998609,0,0.76559,0.07105,45.935,0.142,-1,400.000,-1,400.000,-1,325.000,325.000,325.000,300.000,-1,-1,-1,-1,800.000,750.000,-1,-1,2,0,2,0,2,0,0,0,0,2,2,2,2,0,0,2,2
215,-6553.147,7157.119,195.468,-226.677,-0.685261,-0.726574,-0.050072,0.728036,-0.685235,-0.020390,-0.019497,-0.050426,0.998537,0,0.76555,0.06866,45.933,0.137,-1,400.000,-1,400.000,-1,325.000,325.000,325.000,300.000,-1,-1,-1,-1,775.000,750.000,-1,-1,2,0,2,0,2,0,0,0,0,2,2,2,2,0,0,2,2
216,-6584.732,7190.454,194.630,-226.544,-0.686873,-0.724953,-0.051472,0.726482,-0.686890,-0.020170,-0.020733,-0.051248,0.998471,0,0.76537,0.06644,45.922,0.133,-1,400.000,-1,400.000,-1,325.000,325.000,325.000,300.000,-1,-1,-1,-1,775.000,750.000,-1,-1,2,0,2,0,2,0,0,0,0,2,2,2,2,0,0,2,2
217,-6617.529,7224.834,193.777,-226.351,-0.689241,-0.722602,-0.052841,0.724198,-0.689303,-0.019975,-0.021990,-0.052035,0.998403,0,0.79190,0.09662,47.514,0.193,-1,400.000,-1,400.000,-1,325.000,325.000,325.000,325.000,-1,-1,-1,-1,750.000,750.000,-1,-1,2,0,2,0,2,0,0,0,0,2,2,2,2,0,0,2,2
218,-6650.679,7259.356,192.795,-226.162,-0.691588,-0.720309,-0.053485,0.721933,-0.691681,-0.019750,-0.022769,-0.052271,0.998373,0,0.79769,0.09478,47.862,0.190,-1,400.000,-1,375.000,-1,325.000,325.000,325.000,325.000,-1,-1,-1,-1,750.000,750.000,-1,-1,2,0,2,0,2,0,0,0,0,2,2,2,2,0,1,2,2
219,-6684.182,7294.021,191.751,-225.976,-0.693897,-0.718068,-0.053714,0.719698,-0.694013,-0.019516,-0.023264,-0.052200,0.998366,0,0.80348,0.09279,48.209,0.186,-1,400.000,-1,375.000,-1,325.000,325.000,325.000,325.000,-1,-1,-1,-1,750.000,725.000,-1,975.000,2,0,2,0,2,0,0,0,0,2,2,2,2,0,1,2,1
220,-6718.037,7328.827,190.669,-225.795,-0.696155,-0.715862,-0.053948,0.717506,-0.696276,-0.019610,-0.023525,-0.052359,0.998351,0,0.80925,0.09066,48.555,0.181,-1,400.000,-1,375.000,-1,325.000,325.000,325.000,325.000,-1,-1,-1,-1,750.000,700.000,-1,925.000,2,0,2,0,2,0,0,0,0,2,2,2,2,0,1,2,1
221,-6752.240,7363.776,189.583,-225.618,-0.698353,-0.713701,-0.054164,0.715362,-0.698471,-0.019863,-0.023656,-0.052618,0.998335,0,0.81501,0.08837,48.900,0.177,-1,400.000,-1,375.000,-1,325.000,325.000,325.000,325.000,-1,-1,-1,-1,750.000,675.000,-1,875.000,2,0,2,0,2,0,0,0,0,2,2,2,2,0,1,2,1
222,-6786.789,7398.866,188.521,-225.446,-0.700486,-0.711594,-0.054342,0.713271,-0.700599,-0.020135,-0.023744,-0.052865,0.998319,0,0.82073,0.08590,49.244,0.172,-1,400.000,-1,375.000,-1,325.000,325.000,325.000,325.000,-1,-1,-1,-1,750.000,650.000,-1,825.000,2,0,2,0,2,0,0,0,0,2,2,2,2,0,1,2,1
223,-6821.679,7434.099,187.484,-225.280,-0.702550,-0.709546,-0.054481,0.711237,-0.702656,-0.020427,-0.023787,-0.053100,0.998306,0,0.82642,0.08326,49.585,0.167,-1,400.000,-1,375.000,950.000,325.000,325.000,325.000,325.000,-1,-1,-1,-1,750.000,625.000,-1,775.000,2,0,2,0,1,0,0,0,0,2,2,2,2,0,1,2,1
224,-6856.908,7469.474,186.402,-225.119,-0.704533,-0.707572,-0.054542,0.709266,-0.704646,-0.020398,-0.023999,-0.053056,0.998303,0,0.83207,0.08042,49.924,0.161,-1,375.000,-1,375.000,875.000,325.000,325.000,325.000,325.000,-1,-1,-1,-1,750.000,600.000,-1,725.000,2,0,2,0,1,0,0,0,0,2,2,2,2,0,1,2,1
225,-6892.469,7504.990,185.324,-224.964,-0.706435,-0.705672,-0.054552,0.707363,-0.706560,-0.020281,-0.024232,-0.052916,0.998305,0,0.83766,0.07737,50.259,0.155,-1,375.000,-1,375.000,775.000,325.000,300.000,325.000,325.000,-1,-1,-1,-1,725.000,575.000,-1,675.000,2,0,2,0,1,0,0,0,0,2,2,2,2,0,1,2,1
226,-6931.368,7543.956,184.144,-225.049,-0.705387,-0.706714,-0.054626,0.708414,-0.705500,-0.020478,-0.024067,-0.053142,0.998297,0,0.91766,-0.04263,55.059,-0.085,-1,375.000,-1,375.000,700.000,325.000,300.000,325.000,325.000,-1,-1,-1,-1,725.000,550.000,-1,625.000,2,0,2,0,1,0,0,0,0,2,2,2,2,0,1,2,1
227,-6970.459,7583.561,182.871,-225.375,-0.701395,-0.710671,-0.054691,0.712401,-0.701440,-0.021602,-0.023010,-0.054114,0.998270,0,0.92745,-0.16263,55.647,-0.325,-1,375.000,975.000,375.000,650.000,300.000,300.000,325.000,325.000,-1,-1,-1,-1,725.000,525.000,-1,575.000,2,0,1,0,1,0,0,0,0,2,2,2,2,0,1,2,1
228,-7009.441,7623.790,181.659,-225.902,-0.694874,-0.717066,-0.054464,0.718809,-0.694836,-0.022720,-0.021552,-0.054937,0.998257,0,0.93362,-0.26375,56.017,-0.527,-1,375.000,925.000,375.000,575.000,300.000,300.000,325.000,325.000,-1,-1,-1,-1,725.000,500.000,-1,525.000,2,0,1,1,1,0,0,0,0,2,2,2,2,0,1,2,1
229,-7048.307,7664.652,180.527,-226.436,-0.688228,-0.723480,-0.054019,0.725220,-0.688105,-0.023823,-0.019935,-0.055571,0.998256,0,0.93990,-0.26678,56.394,-0.534,-1,375.000,850.000,350.000,525.000,300.000,300.000,325.000,325.000,-1,-1,-1,-1,725.000,475.000,-1,475.000,2,0,1,1,1,0,0,0,0,2,2,2,2,0,1,2,1
230,-7087.040,7706.154,179.507,-226.976,-0.681446,-0.729911,-0.053491,0.731641,-0.681235,-0.024925,-0.018247,-0.056121,0.998257,0,0.94614,-0.26999,56.769,-0.540,-1,375.000,800.000,325.000,475.000,300.000,300.000,325.000,325.000,-1,-1,-1,-1,700.000,425.000,-1,425.000,2,0,1,1,1,0,0,0,0,2,2,2,2,1,1,2,1
231,-7125.628,7748.297,178.597,-227.522,-0.674520,-0.736359,-0.052896,0.738072,-0.674219,-0.026029,-0.016497,-0.056598,0.998261,0,0.95234,-0.27341,57.140,-0.547,-1,375.000,725.000,300.000,400.000,300.000,300.000,325.000,325.000,-1,-1,-1,-1,650.000,400.000,-1,375.000,2,0,1,1,1,0,1,0,0,2,2,2,2,1,1,2,1
232,-7164.052,7791.086,177.688,-228.077,-0.667417,-0.742808,-0.052827,0.744532,-0.667033,-0.027171,-0.015055,-0.057466,0.998234,0,0.95848,-0.27706,57.509,-0.554,-1,375.000,675.000,275.000,350.000,300.000,275.000,325.000,325.000,-1,-1,-1,-1,600.000,375.000,975.000,325.000,2,0,1,1,1,0,1,0,0,2,2,2,2,1,1,1,1
233,-7202.298,7834.518,178.956,-228.639,-0.660423,-0.748932,-0.054250,0.750857,-0.659378,-0.037863,-0.007414,-0.065740,0.997809,0,0.96452,-0.28099,57.871,-0.562,-1,400.000,625.000,275.000,325.000,300.000,250.000,325.000,350.000,-1,625.000,800.000,-1,550.000,350.000,900.000,300.000,2,1,1,1,1,1,1,0,0,2,0,0,2,1,1,1,1
234,-7240.344,7878.597,180.946,-229.209,-0.653420,-0.754908,-0.056182,0.756993,-0.651412,-0.051224,0.002072,-0.076000,0.997106,0,0.97045,-0.28525,58.227,-0.571,-1,375.000,600.000,250.000,300.000,275.000,225.000,325.000,375.000,-1,300.000,475.000,-1,525.000,325.000,825.000,275.000,2,1,1,1,1,1,1,0,0,2,0,0,2,1,1,1,1
235,-7278.167,7923.322,183.551,-229.789,-0.646431,-0.760719,-0.058606,0.762861,-0.643111,-0.066717,0.013063,-0.087836,0.996049,0,0.97623,-0.28991,58.574,-0.580,-1,350.000,575.000,225.000,300.000,275.000,225.000,300.000,400.000,-1,225.000,325.000,-1,500.000,300.000,750.000,250.000,2,1,1,1,1,1,1,0,0,2,0,0,2,1,1,1,1
236,-7315.743,7968.691,186.670,-230.379,-0.639512,-0.766347,-0.061130,0.768346,-0.634453,-0.084341,0.025851,-0.100906,0.994560,0,0.98180,-0.29502,58.908,-0.590,-1,325.000,575.000,225.000,275.000,250.000,200.000,300.000,450.000,-1,150.000,250.000,-1,475.000,300.000,700.000,250.000,2,1,1,1,1,1,1,0,0,2,0,0,2,1,1,1,1
237,-7353.044,8014.698,190.399,-230.980,-0.632706,-0.771714,-0.064356,0.773351,-0.625362,-0.104164,0.040138,-0.115675,0.992476,0,0.98711,-0.30069,59.227,-0.601,-1,300.000,550.000,225.000,275.000,250.000,200.000,300.000,500.000,925.000,100.000,225.000,-1,425.000,275.000,625.000,225.000,2,1,1,1,1,1,1,0,0,0,0,0,2,1,1,1,1
238,-7390.039,8061.334,194.773,-231.594,-0.626065,-0.776766,-0.068386,0.777774,-0.615784,-0.126009,0.055769,-0.132079,0.989669,0,0.99208,-0.30702,59.525,-0.614,-1,275.000,550.000,200.000,250.000,225.000,200.000,275.000,575.000,675.000,75.000,200.000,-1,425.000,275.000,575.000,200.000,2,1,1,1,1,1,1,0,0,0,0,0,2,1,1,1,1
239,8199.166,-6887.253,412.753,-15.534,0.961036,0.267210,0.070777,-0.270970,0.961282,0.050126,-0.054642,-0.067351,0.996232,1,0.00000,0.00000,59.796,-0.628,-1,375.000,-1,375.000,-1,300.000,300.000,325.000,325.000,-1,400.000,350.000,700.000,675.000,675.000,-1,-1,2,0,2,0,2,0,0,0,0,2,1,1,1,0,0,2,2
240,8203.786,-6888.558,412.477,-15.774,0.959928,0.271228,0.070516,-0.274980,0.960134,0.050278,-0.054068,-0.067654,0.996243,0,0.08000,-0.12000,4.800,-0.240,-1,375.000,-1,375.000,-1,300.000,300.000,325.000,325.000,-1,400.000,375.000,700.000,675.000,675.000,-1,-1,2,0,2,0,2,0,0,0,0,2,1,1,1,0,0,2,2
241,8213.002,-6891.244,411.930,-16.254,0.957663,0.279251,0.070000,-0.282985,0.957789,0.050589,-0.052918,-0.068256,0.996263,0,0.16000,-0.24000,9.600,-0.480,-1,375.000,-1,375.000,-1,300.000,300.000,325.000,325.000,-1,375.000,350.000,700.000,675.000,675.000,-1,-1,2,0,2,0,2,0,0,0,0,2,0,0,1,0,0,2,2
242,8226.775,-6895.448,411.120,-16.974,0.954139,0.291246,0.069238,-0.294954,0.954145,0.051073,-0.051188,-0.069152,0.996292,0,0.24000,-0.36000,14.400,-0.720,-1,375.000,-1,375.000,-1,300.000,300.000,300.000,325.000,-1,375.000,350.000,700.000,675.000,675.000,-1,-1,2,0,2,0,2,0,0,0,0,2,0,0,1,0,0,2,2
243,8245.043,-6901.360,410.059,-17.934,0.949206,0.307166,0.068246,-0.310838,0.949053,0.051747,-0.048874,-0.070332,0.996326,0,0.32000,-0.48000,19.200,-0.960,-1,375.000,-1,375.000,-1,300.000,300.000,300.000,325.000,-1,375.000,350.000,700.000,675.000,675.000,-1,-1,2,0,2,0,2,0,0,0,0,2,0,0,1,0,0,2,2
244,8267.718,-6909.226,408.765,-19.134,0.942664,0.326941,0.067048,-0.330564,0.942315,0.052639,-0.045970,-0.071785,0.996360,0,0.40000,-0.60000,24.000,-1.200,-1,375.000,-1,375.000,-1,300.000,300.000,300.000,325.000,-1,350.000,325.000,700.000,675.000,700.000,-1,-1,2,0,2,0,2,0,0,0,0,2,0,0,1,0,0,2,2
245,8294.682,-6919.346,407.259,-20.574,0.934267,0.350474,0.065678,-0.354036,0.933684,0.053777,-0.042475,-0.073495,0.996391,0,0.48000,-0.72000,28.800,-1.440,-1,375.000,-1,375.000,-1,300.000,300.000,300.000,325.000,-1,350.000,300.000,700.000,675.000,700.000,-1,-1,2,0,2,0,2,0,0,0,0,2,0,0,1,0,0,2,2
246,8325.780,-6932.070,405.567,-22.254,0.923725,0.377641,0.064182,-0.381128,0.922873,0.055194,-0.038388,-0.075446,0.996411,0,0.56000,-0.84000,33.600,-1.680,-1,375.000,-1,375.000,-1,300.000,325.000,300.000,325.000,-1,325.000,300.000,700.000,675.000,700.000,-1,-1,2,0,2,0,2,0,0,0,0,2,0,0,1,0,0,2,2
247,8360.814,-6947.795,403.723,-24.174,0.910706,0.408281,0.062619,-0.411677,0.909551,0.056921,-0.033715,-0.077618,0.996413,0,0.64000,-0.96000,38.400,-1.920,-1,375.000,-1,375.000,-1,300.000,325.000,300.000,325.000,-1,300.000,275.000,725.000,675.000,700.000,-1,-1,2,0,2,0,2,0,0,0,0,2,0,0,1,0,0,2,2
248,8399.585,-6966.851,402.110,-26.174,0.896020,0.439746,0.061415,-0.443013,0.894688,0.057207,-0.029791,-0.078466,0.996472,0,0.72000,-1.00000,43.200,-2.000,-1,375.000,-1,375.000,-1,300.000,325.000,300.000,325.000,-1,325.000,300.000,725.000,675.000,700.000,-1,-1,2,0,2,0,2,0,0,0,0,2,0,0,1,0,0,2,2
249,8441.898,-6989.516,400.721,-28.174,0.880239,0.470715,0.060061,-0.473806,0.878820,0.056414,-0.026228,-0.078115,0.996599,0,0.80000,-1.00000,48.000,-2.000,-1,375.000,-1,375.000,-1,300.000,300.000,300.000,325.000,-1,375.000,325.000,775.000,675.000,700.000,-1,-1,2,0,2,0,2,0,0,0,0,2,0,0,1,0,0,2,2
250,8484.215,-7014.123,399.681,-30.174,0.863449,0.501153,0.057454,-0.503964,0.861951,0.055328,-0.021795,-0.076727,0.996814,0,0.81583,-1.00000,48.950,-2.000,-1,375.000,-1,375.000,-1,300.000,300.000,300.000,325.000,-1,400.000,350.000,775.000,700.000,700.000,-1,-1,2,0,2,0,2,0,0,0,0,2,0,0,1,0,0,2,2
251,8525.951,-7040.381,398.765,-32.174,0.845606,0.530986,0.054809,-0.533526,0.844025,0.054515,-0.017314,-0.075341,0.997008,0,0.82180,-1.00000,49.308,-2.000,-1,375.000,-1,375.000,-1,300.000,325.000,300.000,325.000,-1,450.000,375.000,800.000,700.000,700.000,-1,-1,2,0,2,0,2,0,0,0,0,2,0,0,1,0,0,2,2
252,8567.035,-7068.279,397.977,-34.174,0.826730,0.560176,0.052160,-0.562453,0.825065,0.053986,-0.012794,-0.073969,0.997178,0,0.82766,-1.00000,49.660,-2.000,-1,375.000,-1,375.000,-1,300.000,325.000,300.000,325.000,-1,475.000,375.000,825.000,700.000,700.000,-1,-1,2,0,2,0,2,0,0,0,0,2,0,0,1,0,0,2,2
253,8607.404,-7097.791,397.365,-36.167,0.806906,0.588582,0.049738,-0.590621,0.805154,0.053799,-0.008382,-0.072787,0.997312,0,0.83342,-0.99652,50.005,-1.993,-1,375.000,-1,375.000,-1,325.000,325.000,300.000,300.000,-1,500.000,400.000,850.000,725.000,725.000,-1,-1,2,0,2,0,2,0,0,0,0,2,0,0,1,0,0,2,2
254,8646.996,-7128.888,397.169,-38.146,0.786210,0.616041,0.048663,-0.617941,0.784355,0.054188,-0.004788,-0.072674,0.997344,0,0.83906,-0.98949,50.343,-1.979,-1,375.000,-1,375.000,-1,325.000,325.000,300.000,300.000,-1,550.000,450.000,900.000,725.000,725.000,-1,-1,2,0,2,0,2,0,0,0,0,2,0,0,1,0,0,2,2
255,8685.752,-7161.538,397.112,-40.111,0.764739,0.642575,0.047650,-0.644339,0.762773,0.054819,-0.001120,-0.072625,0.997359,0,0.84457,-0.98250,50.674,-1.965,-1,375.000,-1,375.000,-1,325.000,325.000,300.000,300.000,-1,600.000,500.000,925.000,725.000,725.000,-1,-1,2,0,2,0,2,0,0,0,0,2,0,0,1,0,0,2,2
256,8723.613,-7195.703,397.200,-42.063,0.742540,0.668170,0.046725,-0.669797,0.740451,0.055718,0.002632,-0.072669,0.997353,0,0.84994,-0.97554,50.996,-1.951,-1,375.000,-1,375.000,-1,325.000,325.000,300.000,300.000,-1,650.000,550.000,950.000,725.000,725.000,-1,-1,2,0,2,0,2,0,0,0,0,2,0,0,1,0,0,2,2
257,8760.523,-7231.348,397.414,-44.000,0.719652,0.692816,0.045907,-0.694306,0.717437,0.056779,0.006402,-0.072734,0.997331,0,0.85518,-0.96863,51.311,-1.937,-1,375.000,-1,375.000,-1,325.000,325.000,300.000,300.000,-1,700.000,575.000,1000.000,725.000,725.000,-1,-1,2,0,2,0,2,0,0,0,0,2,0,0,1,0,0,2,2
258,8796.429,-7268.431,397.754,-45.923,0.696118,0.716502,0.045213,-0.717855,0.693773,0.057995,0.010186,-0.072828,0.997293,0,0.86028,-0.96175,51.617,-1.924,-1,375.000,-1,375.000,-1,325.000,325.000,300.000,300.000,-1,750.000,625.000,-1,750.000,725.000,-1,-1,2,0,2,0,2,0,0,0,0,2,0,0,2,0,0,2,2
259,8831.279,-7306.911,398.237,-47.833,0.671985,0.739216,0.044667,-0.740432,0.669501,0.059411,0.014013,-0.072996,0.997234,0,0.86524,-0.95493,51.915,-1.910,-1,375.000,-1,400.000,-1,325.000,325.000,300.000,300.000,-1,775.000,650.000,-1,750.000,750.000,-1,-1,2,0,2,0,2,0,0,0,0,2,0,0,2,0,0,2,2
260,8865.024,-7346.744,399.010,-49.729,0.647263,0.760989,0.044127,-0.762070,0.644693,0.060173,0.017343,-0.072575,0.997212,0,0.87006,-0.94815,52.204,-1.896,-1,375.000,-1,400.000,-1,325.000,325.000,300.000,300.000,-1,850.000,725.000,-1,750.000,750.000,-1,-1,2,0,2,0,2,0,0,0,0,2,0,0,2,0,0,2,2
261,8897.615,-7387.884,400.077,-51.612,0.621982,0.781823,0.043496,-0.782774,0.619392,0.060152,0.020087,-0.071461,0.997241,0,0.87473,-0.94142,52.484,-1.883,-1,375.000,-1,400.000,-1,325.000,325.000,300.000,300.000,-1,925.000,775.000,-1,750.000,750.000,-1,-1,2,0,2,0,2,0,0,0,0,2,0,0,2,0,0,2,2
262,8929.008,-7430.284,401.274,-53.482,0.596213,0.801678,0.042914,-0.802503,0.593605,0.060176,0.022768,-0.070316,0.997265,0,0.87926,-0.93474,52.755,-1.869,-1,400.000,-1,400.000,-1,325.000,325.000,300.000,300.000,-1,950.000,875.000,-1,750.000,750.000,-1,-1,2,0,2,0,2,0,0,0,0,2,0,0,2,0,0,2,2
263,8959.160,-7473.894,402.633,-55.338,0.569998,0.820561,0.042214,-0.821250,0.567378,0.060252,0.025490,-0.069012,0.997290,0,0.88364,-0.92812,53.018,-1.856,-1,400.000,-1,400.000,-1,325.000,325.000,300.000,300.000,-1,950.000,900.000,-1,775.000,750.000,-1,-1,2,0,2,0,2,0,0,0,0,2,0,0,2,0,0,2,2
264,8988.032,-7518.665,404.130,-57.181,0.543374,0.838463,0.041522,-0.839018,0.540743,0.060379,0.028173,-0.067646,0.997312,0,0.88787,-0.92155,53.272,-1.843,-1,400.000,-1,400.000,-1,325.000,325.000,300.000,300.000,-1,950.000,925.000,-1,775.000,775.000,-1,-1,2,0,2,0,2,0,0,0,0,2,0,0,2,0,0,2,2
265,9015.731,-7564.809,405.764,-59.024,0.516194,0.855495,0.040888,-0.855917,0.513556,0.060549,0.030801,-0.066252,0.997327,0,0.89697,-0.92119,53.818,-1.842,-1,400.000,-1,400.000,-1,325.000,325.000,300.000,300.000,-1,975.000,925.000,-1,775.000,775.000,-1,-1,2,0,2,0,2,0,0,0,0,2,0,0,2,0,0,2,2
266,9042.001,-7611.959,407.523,-60.874,0.488358,0.871711,0.040320,-0.872005,0.485712,0.060754,0.033377,-0.064829,0.997338,0,0.89955,-0.92510,53.973,-1.850,-1,400.000,-1,400.000,-1,325.000,325.000,300.000,300.000,-1,1000.000,950.000,-1,775.000,775.000,-1,-1,2,0,2,0,2,0,0,0,0,2,0,0,2,0,0,2,2
267,9066.802,-7660.079,409.408,-62.732,0.459888,0.887084,0.039818,-0.887251,0.457237,0.060991,0.035898,-0.063378,0.997344,0,0.90225,-0.92899,54.135,-1.858,-1,400.000,-1,400.000,-1,325.000,325.000,300.000,300.000,-1,-1,975.000,-1,775.000,775.000,-1,-1,2,0,2,0,2,0,0,0,0,2,2,0,2,0,0,2,2
268,9090.097,-7709.136,411.418,-64.597,0.430808,0.901584,0.039385,-0.901628,0.428154,0.061252,0.038361,-0.061899,0.997345,0,0.90509,-0.93285,54.305,-1.866,-1,400.000,-1,400.000,-1,325.000,325.000,300.000,300.000,-1,-1,1000.000,-1,800.000,775.000,-1,-1,2,0,2,0,2,0,0,0,0,2,2,0,2,0,0,2,2
269,9111.847,-7759.090,413.573,-66.471,0.401146,0.915179,0.039114,-0.915109,0.398487,0.061507,0.040704,-0.060467,0.997340,0,0.90805,-0.93668,54.483,-1.873,-1,400.000,-1,400.000,-1,325.000,325.000,300.000,300.000,-1,-1,-1,-1,800.000,775.000,-1,-1,2,0,2,0,2,0,0,0,0,2,2,2,2,0,0,2,2
270,9130.374,-7805.190,415.646,-68.104,0.374930,0.926232,0.038999,-0.926071,0.372266,0.061724,0.042653,-0.059258,0.997331,0,0.82805,-0.81668,49.683,-1.633,-1,400.000,-1,400.000,-1,325.000,325.000,300.000,300.000,-1,-1,-1,-1,800.000,775.000,-1,-1,2,0,2,0,2,0,0,0,0,2,2,2,2,0,0,2,2
271,9146.093,-7847.231,417.543,-69.497,0.352312,0.935076,0.038855,-0.934841,0.349658,0.061737,0.044143,-0.058074,0.997336,0,0.74805,-0.69668,44.883,-1.393,-1,400.000,-1,400.000,-1,325.000,325.000,300.000,300.000,-1,-1,-1,-1,800.000,800.000,-1,-1,2,0,2,0,2,0,0,0,0,2,2,2,2,0,0,2,2
272,9159.469,-7885.324,419.279,-70.651,0.333429,0.941975,0.038838,-0.941687,0.330783,0.061705,0.045278,-0.057147,0.997339,0,0.67288,-0.57668,40.373,-1.153,-1,400.000,-1,400.000,-1,325.000,325.000,300.000,300.000,-1,-1,-1,-1,800.000,800.000,-1,-1,2,0,2,0,2,0,0,0,0,2,2,2,2,0,0,2,2
273,9172.281,-7923.759,421.059,-71.564,0.318377,0.947167,0.038854,-0.946841,0.315739,0.061651,0.046126,-0.056417,0.997341,0,0.67522,-0.45668,40.513,-0.913,-1,400.000,-1,400.000,-1,325.000,325.000,300.000,300.000,-1,-1,-1,-1,800.000,800.000,-1,-1,2,0,2,0,2,0,0,0,0,2,2,2,2,0,0,2,2
274,9184.569,-7962.503,422.904,-72.402,0.304488,0.951725,0.038822,-0.951366,0.301866,0.061474,0.046788,-0.055652,0.997353,0,0.67743,-0.41898,40.646,-0.838,-1,400.000,-1,400.000,-1,325.000,325.000,300.000,300.000,-1,-1,-1,-1,800.000,800.000,-1,-1,2,0,2,0,2,0,0,0,0,2,2,2,2,0,0,2,2
275,9196.322,-8001.547,424.740,-73.246,0.290431,0.956093,0.039195,-0.955735,0.287817,0.061094,0.047131,-0.055203,0.997362,0,0.67958,-0.42212,40.775,-0.844,-1,400.000,-1,400.000,-1,325.000,325.000,300.000,300.000,-1,-1,-1,-1,800.000,800.000,-1,-1,2,0,2,0,2,0,0,0,0,2,2,2,2,0,0,2,2
276,9207.529,-8040.884,426.599,-74.097,0.276204,0.960282,0.039628,-0.959929,0.273599,0.060669,0.047417,-0.054798,0.997371,0,0.68171,-0.42529,40.902,-0.851,-1,400.000,-1,400.000,-1,325.000,325.000,300.000,300.000,-1,-1,-1,-1,800.000,800.000,-1,-1,2,0,2,0,2,0,0,0,0,2,2,2,2,0,0,2,2
277,9218.180,-8080.507,428.500,-74.954,0.261807,0.964289,0.040035,-0.963940,0.259212,0.060235,0.047706,-0.054361,0.997381,0,0.68382,-0.42849,41.029,-0.857,-1,400.000,-1,400.000,-1,325.000,325.000,300.000,300.000,-1,-1,-1,-1,800.000,825.000,-1,-1,2,0,2,0,2,0,0,0,0,2,2,2,2,0,0,2,2
278,9228.263,-8120.406,430.441,-75.817,0.247242,0.968111,0.040415,-0.967764,0.244657,0.059791,0.047997,-0.053895,0.997392,0,0.68590,-0.43172,41.154,-0.863,-1,400.000,-1,400.000,-1,325.000,325.000,300.000,300.000,-1,-1,-1,-1,800.000,825.000,-1,-1,2,0,2,0,2,0,0,0,0,2,2,2,2,0,0,2,2
279,9237.767,-8160.575,432.422,-76.687,0.232508,0.971740,0.040769,-0.971395,0.229936,0.059341,0.048290,-0.053400,0.997405,0,0.68795,-0.43498,41.277,-0.870,-1,400.000,-1,400.000,-1,325.000,325.000,300.000,300.000,-1,-1,-1,-1,800.000,825.000,-1,-1,2,0,2,0,2,0,0,0,0,2,2,2,2,0,0,2,2
280,9246.682,-8201.002,434.444,-77.564,0.217608,0.975171,0.041098,-0.974826,0.215049,0.058884,0.048584,-0.052877,0.997418,0,0.68998,-0.43828,41.399,-0.877,-1,400.000,-1,400.000,-1,325.000,325.000,300.000,300.000,-1,-1,-1,-1,800.000,825.000,-1,-1,2,0,2,0,2,0,0,0,0,2,2,2,2,0,0,2,2
281,9254.997,-8241.679,436.506,-78.447,0.202541,0.978398,0.041404,-0.978053,0.199997,0.058423,0.048880,-0.052329,0.997433,0,0.69197,-0.44162,41.518,-0.883,-1,400.000,-1,400.000,-1,325.000,325.000,300.000,300.000,-1,-1,-1,-1,825.000,825.000,-1,-1,2,0,2,0,2,0,0,0,0,2,2,2,2,0,0,2,2
282,9262.700,-8282.596,438.608,-79.337,0.187309,0.981416,0.041688,-0.981069,0.184781,0.057957,0.049177,-0.051755,0.997448,0,0.69391,-0.44501,41.635,-0.890,-1,400.000,-1,400.000,-1,325.000,325.000,300.000,300.000,-1,-1,-1,-1,825.000,825.000,-1,-1,2,0,2,0,2,0,0,0,0,2,2,2,2,0,0,2,2
283,9269.781,-8323.740,440.750,-80.234,0.171913,0.984218,0.041951,-0.983869,0.169402,0.057488,0.049474,-0.051158,0.997464,0,0.69582,-0.44843,41.749,-0.897,-1,400.000,-1,400.000,975.000,325.000,325.000,300.000,300.000,-1,-1,-1,-1,825.000,825.000,-1,1000.000,2,0,2,0,1,0,0,0,0,2,2,2,2,0,0,2,1
284,9276.230,-8365.101,442.932,-81.138,0.156355,0.986799,0.042195,-0.986446,0.153861,0.057017,0.049772,-0.050538,0.997481,0,0.69767,-0.45191,41.860,-0.904,-1,400.000,975.000,400.000,950.000,325.000,325.000,300.000,300.000,-1,-1,-1,-1,825.000,825.000,-1,950.000,2,0,1,0,1,0,0,0,0,2,2,2,2,0,0,2,1
285,9282.035,-8406.665,445.154,-82.049,0.140635,0.989152,0.042420,-0.988795,0.138159,0.056544,0.050070,-0.049897,0.997498,0,0.69947,-0.45543,41.968,-0.911,-1,400.000,950.000,400.000,900.000,325.000,325.000,300.000,300.000,-1,-1,-1,-1,825.000,825.000,-1,925.000,2,0,1,0,1,0,0,0,0,2,2,2,2,0,1,2,1
286,9287.186,-8448.422,447.403,-82.967,0.124759,0.991269,0.042673,-0.990906,0.122297,0.056116,0.050407,-0.049286,0.997512,0,0.70121,-0.45900,42.072,-0.918,-1,400.000,900.000,400.000,875.000,325.000,325.000,300.000,300.000,-1,-1,-1,-1,825.000,775.000,1000.000,875.000,2,0,1,0,1,0,0,0,0,2,2,2,2,0,1,1,1
287,9291.673,-8490.355,449.676,-83.892,0.108729,0.993143,0.042966,-0.992773,0.106277,0.055739,0.050790,-0.048716,0.997521,0,0.70288,-0.46264,42.173,-0.925,-1,400.000,850.000,400.000,850.000,325.000,325.000,300.000,300.000,-1,-1,-1,-1,825.000,750.000,950.000,850.000,2,0,1,0,1,0,0,0,0,2,2,2,2,1,1,1,1
288,9295.486,-8532.452,451.831,-84.825,0.092503,0.994797,0.042695,-0.994408,0.090102,0.055087,0.050954,-0.047552,0.997568,0,0.70448,-0.46633,42.269,-0.933,-1,400.000,800.000,400.000,800.000,325.000,325.000,300.000,300.000,-1,-1,-1,-1,775.000,725.000,875.000,800.000,2,0,1,0,1,0,0,0,0,2,2,2,2,1,1,1,1
289,9298.614,-8574.697,453.781,-85.765,0.076128,0.996180,0.042788,-0.995801,0.073770,0.054212,0.050848,-0.046736,0.997612,0,0.70601,-0.47008,42.361,-0.940,950.000,400.000,775.000,400.000,775.000,325.000,325.000,300.000,300.000,-1,-1,-1,-1,725.000,675.000,825.000,775.000,1,0,1,0,1,0,0,0,0,2,2,2,2,1,1,1,1
290,9301.047,-8617.074,455.663,-86.713,0.059610,0.997283,0.043285,-0.996943,0.057283,0.053141,0.050517,-0.046320,0.997648,0,0.70745,-0.47390,42.447,-0.948,875.000,400.000,725.000,400.000,725.000,325.000,325.000,300.000,300.000,-1,-1,-1,-1,675.000,650.000,775.000,725.000,1,0,1,0,1,0,0,0,0,2,2,2,2,1,1,1,1
291,9302.778,-8659.567,457.582,-87.668,0.042938,0.998120,0.043737,-0.997817,0.040644,0.052050,0.050174,-0.045877,0.997686,0,0.70880,-0.47779,42.528,-0.956,825.000,400.000,675.000,400.000,700.000,325.000,325.000,300.000,300.000,-1,-1,-1,-1,625.000,600.000,725.000,675.000,1,0,1,0,1,0,0,0,0,2,2,2,2,1,1,1,1
292,9303.795,-8702.158,459.538,-88.632,0.026113,0.998684,0.044147,-0.998417,0.023855,0.050939,0.049819,-0.045407,0.997726,0,0.71005,-0.48175,42.603,-0.964,750.000,400.000,625.000,400.000,650.000,325.000,325.000,300.000,300.000,-1,-1,-1,-1,575.000,575.000,650.000,650.000,1,0,1,0,1,0,0,0,0,2,2,2,2,1,1,1,1
293,9304.090,-8744.828,461.530,-89.603,0.009139,0.998967,0.044516,-0.998735,0.006917,0.049810,0.049450,-0.044915,0.997766,0,0.71119,-0.48579,42.671,-0.972,675.000,400.000,600.000,400.000,625.000,325.000,325.000,300.000,300.000,-1,-1,-1,-1,525.000,550.000,600.000,600.000,1,0,1,0,1,0,0,0,0,2,2,2,2,1,1,1,1
294,9303.414,-8792.295,463.788,-90.815,-0.012028,0.998919,0.044895,-0.998721,-0.014207,0.048533,0.049118,-0.044254,0.997812,0,0.79119,-0.60579,47.471,-1.212,600.000,400.000,550.000,400.000,575.000,325.000,325.000,300.000,300.000,-1,-1,-1,-1,500.000,500.000,550.000,575.000,1,0,1,0,1,0,0,0,0,2,2,2,2,1,1,1,1
295,9301.347,-8844.525,466.331,-92.266,-0.037379,0.998275,0.045265,-0.998109,-0.039509,0.047099,0.048806,-0.043418,0.997864,0,0.87119,-0.72579,52.271,-1.452,525.000,400.000,500.000,400.000,525.000,325.000,325.000,300.000,300.000,-1,-1,-1,-1,425.000,450.000,475.000,525.000,1,1,1,1,1,0,0,0,1,2,2,2,2,1,1,1,1
296,9297.703,-8897.183,468.960,-93.958,-0.066886,0.996718,0.045591,-0.996576,-0.068963,0.045612,0.048606,-0.042384,0.997918,0,0.87972,-0.84579,52.783,-1.692,450.000,350.000,425.000,375.000,500.000,325.000,325.000,300.000,300.000,-1,-1,-1,-1,375.000,425.000,425.000,475.000,1,1,1,1,1,1,0,0,1,2,2,2,2,1,1,1,1
297,9292.276,-8949.785,471.661,-95.890,-0.100503,0.993879,0.045862,-0.993754,-0.102524,0.044075,0.048507,-0.041146,0.997975,0,0.88136,-0.96579,52.882,-1.932,375.000,300.000,375.000,325.000,450.000,275.000,300.000,300.000,275.000,-1,-1,-1,-1,325.000,375.000,350.000,450.000,1,1,1,1,1,1,1,0,1,2,2,2,2,1,1,1,1
298,9285.001,-9002.284,474.444,-97.890,-0.135193,0.989749,0.046037,-0.989637,-0.137155,0.042519,0.048397,-0.039811,0.998034,0,0.88333,-1.00000,53.000,-2.000,300.000,250.000,325.000,300.000,400.000,250.000,250.000,300.000,275.000,-1,-1,-1,-1,275.000,325.000,275.000,400.000,1,1,1,1,1,1,1,0,1,2,2,2,2,1,1,1,1
299,9275.402,-9057.842,477.523,-99.801,-0.168208,0.984679,0.045969,-0.984571,-0.170105,0.041043,0.048234,-0.038356,0.998099,0,0.93969,-0.95584,56.381,-1.912,225.000,200.000,275.000,250.000,350.000,200.000,225.000,300.000,275.000,-1,-1,-1,-1,225.000,300.000,225.000,350.000,1,1,1,1,1,1,1,0,1,2,2,2,2,1,1,1,1
