timestep,x_cm,y_cm,z_cm,yaw_deg,basis_xx,basis_xy,basis_xz,basis_yx,basis_yy,basis_yz,basis_zx,basis_zy,basis_zz,teleport_flag,throttle_cmd,steering_cmd,cmd_move_cm,cmd_turn_deg,lidar_cm_0,lidar_cm_1,lidar_cm_2,lidar_cm_3,lidar_cm_4,lidar_cm_5,lidar_cm_6,lidar_cm_7,lidar_cm_8,lidar_cm_9,lidar_cm_10,lidar_cm_11,lidar_cm_12,lidar_cm_13,lidar_cm_14,lidar_cm_15,lidar_cm_16,lidar_class_0,lidar_class_1,lidar_class_2,lidar_class_3,lidar_class_4,lidar_class_5,lidar_class_6,lidar_class_7,lidar_class_8,lidar_class_9,lidar_class_10,lidar_class_11,lidar_class_12,lidar_class_13,lidar_class_14,lidar_class_15,lidar_class_16
0,-330.744,324.051,169.678,-125.393,-0.578462,0.814910,-0.036088,-0.815335,-0.578971,-0.004678,-0.024706,0.026718,0.999338,1,0.08000,-0.12000,4.800,-0.240,-1,400.000,-1,375.000,-1,325.000,325.000,300.000,275.000,-1,-1,-1,-1,850.000,700.000,-1,-1,2,0,2,0,2,0,0,0,0,2,2,2,2,0,0,2,2
1,-336.370,316.272,169.483,-125.873,-0.585258,0.810042,-0.036126,-0.810450,-0.585785,-0.005213,-0.025385,0.026227,0.999334,0,0.16000,-0.24000,9.600,-0.480,-1,400.000,-1,375.000,-1,325.000,325.000,300.000,275.000,-1,-1,-1,-1,850.000,700.000,-1,-1,2,0,2,0,2,0,0,0,0,2,2,2,2,0,0,2,2
2,-344.954,304.710,169.185,-126.593,-0.595375,0.802633,-0.036181,-0.803014,-0.595929,-0.006016,-0.026390,0.025473,0.999327,0,0.24000,-0.36000,14.400,-0.720,-1,400.000,-1,375.000,-1,325.000,325.000,300.000,275.000,-1,-1,-1,-1,825.000,700.000,-1,-1,2,0,2,0,2,0,0,0,0,2,2,2,2,0,0,2,2
3,-356.657,289.489,168.881,-127.553,-0.608723,0.792548,-0.036386,-0.792911,-0.609303,-0.006544,-0.027357,0.024867,0.999316,0,0.32000,-0.48000,19.200,-0.960,-1,400.000,-1,375.000,-1,325.000,325.000,300.000,275.000,-1,-1,-1,-1,825.000,700.000,-1,-1,2,0,2,0,2,0,0,0,0,2,2,2,2,0,0,2,2
4,-371.668,270.763,168.548,-128.716,-0.624669,0.780028,-0.036681,-0.780377,-0.625272,-0.006873,-0.028297,0.024332,0.999303,0,0.40000,-0.58150,24.000,-1.163,-1,400.000,-1,375.000,-1,325.000,325.000,300.000,275.000,-1,-1,-1,-1,825.000,700.000,-1,-1,2,0,2,0,2,0,0,0,0,2,2,2,2,0,0,2,2
5,-390.136,248.664,168.055,-129.885,-0.640458,0.767119,-0.036620,-0.767441,-0.641077,-0.007332,-0.029100,0.023408,0.999302,0,0.48000,-0.58479,28.800,-1.170,-1,400.000,-1,375.000,-1,325.000,325.000,300.000,275.000,-1,-1,-1,-1,800.000,675.000,-1,-1,2,0,2,0,2,0,0,0,0,2,2,2,2,0,0,2,2
6,-412.208,223.330,167.221,-131.063,-0.656137,0.753816,-0.035294,-0.754077,-0.656738,-0.007964,-0.029182,0.021389,0.999345,0,0.56000,-0.58882,33.600,-1.178,-1,400.000,-1,375.000,-1,325.000,325.000,300.000,275.000,-1,-1,-1,-1,800.000,675.000,-1,-1,2,0,2,0,2,0,0,0,0,2,2,2,2,0,0,2,2
7,-438.028,194.906,166.253,-132.250,-0.671668,0.740081,-0.033809,-0.740277,-0.672245,-0.008757,-0.029208,0.019146,0.999390,0,0.64000,-0.59359,38.400,-1.187,-1,400.000,-1,375.000,-1,325.000,325.000,300.000,275.000,-1,-1,-1,-1,800.000,675.000,-1,-1,2,0,2,0,2,0,0,0,0,2,2,2,2,0,0,2,2
8,-467.736,163.543,165.145,-133.448,-0.687054,0.725894,-0.032171,-0.726021,-0.687604,-0.009696,-0.029159,0.016695,0.999435,0,0.72000,-0.59909,43.200,-1.198,-1,400.000,-1,375.000,1000.000,325.000,325.000,300.000,300.000,-1,-1,-1,-1,800.000,675.000,-1,-1,2,0,2,0,1,0,0,0,0,2,2,2,2,0,0,2,2
9,-501.475,129.401,163.890,-134.659,-0.702299,0.711233,-0.030386,-0.711291,-0.702816,-0.010766,-0.029012,0.014052,0.999480,0,0.80000,-0.60530,48.000,-1.211,-1,400.000,-1,375.000,975.000,325.000,325.000,300.000,300.000,-1,-1,-1,-1,775.000,675.000,-1,-1,2,0,2,0,1,0,0,0,0,2,2,2,2,0,0,2,2
10,-539.382,92.646,162.482,-135.883,-0.717402,0.696077,-0.028458,-0.696066,-0.717879,-0.011945,-0.028743,0.011239,0.999524,0,0.88000,-0.61221,52.800,-1.224,-1,400.000,-1,375.000,925.000,325.000,325.000,300.000,300.000,-1,-1,-1,-1,775.000,675.000,-1,1000.000,2,0,2,0,1,0,0,0,0,2,2,2,2,0,0,2,1
11,-581.592,53.453,160.770,-137.123,-0.732363,0.680408,-0.026273,-0.680306,-0.732794,-0.014028,-0.028798,0.007600,0.999556,0,0.96000,-0.61980,57.600,-1.240,-1,400.000,-1,375.000,900.000,325.000,300.000,325.000,300.000,-1,-1,-1,-1,750.000,675.000,-1,950.000,2,0,2,0,1,0,0,0,0,2,2,2,2,0,0,2,1
12,-626.445,13.601,159.187,-138.379,-0.747200,0.664196,-0.023154,-0.664009,-0.747551,-0.016108,-0.028008,0.003339,0.999602,0,1.00000,-0.62804,60.000,-1.256,-1,400.000,-1,375.000,850.000,325.000,300.000,325.000,300.000,-1,-1,-1,-1,725.000,675.000,-1,900.000,2,0,2,0,1,0,0,0,0,2,2,2,2,0,0,2,1
13,-672.173,-25.244,157.612,-139.652,-0.761863,0.647427,-0.020085,-0.647178,-0.762127,-0.017956,-0.026933,-0.000681,0.999637,0,1.00000,-0.63653,60.000,-1.273,-1,400.000,-1,375.000,825.000,325.000,300.000,325.000,300.000,-1,-1,-1,-1,725.000,700.000,-1,850.000,2,0,2,0,1,0,0,0,0,2,2,2,2,0,0,2,1
14,-718.763,-63.051,156.047,-140.942,-0.776324,0.630103,-0.017049,-0.629815,-0.776498,-0.019578,-0.025575,-0.004461,0.999663,0,1.00000,-0.64485,60.000,-1.290,-1,375.000,-1,375.000,800.000,325.000,300.000,325.000,300.000,-1,-1,-1,-1,725.000,675.000,-1,800.000,2,0,2,0,1,0,0,0,0,2,2,2,2,0,1,2,1
15,-766.203,-99.786,154.512,-142.248,-0.790538,0.612233,-0.014866,-0.611941,-0.790648,-0.020080,-0.024047,-0.006777,0.999688,0,1.00000,-0.65302,60.000,-1.306,-1,375.000,-1,375.000,750.000,325.000,300.000,325.000,300.000,-1,500.000,-1,-1,700.000,650.000,-1,750.000,2,0,2,0,1,0,0,0,0,2,0,2,2,0,1,2,1
16,-814.477,-135.417,153.257,-143.570,-0.804476,0.593823,-0.013867,-0.593534,-0.804556,-0.020145,-0.023119,-0.007976,0.999701,0,1.00000,-0.66104,60.000,-1.322,-1,375.000,-1,375.000,700.000,300.000,300.000,325.000,300.000,-1,525.000,-1,-1,700.000,625.000,-1,700.000,2,0,2,0,1,0,0,0,0,2,0,2,2,0,1,2,1
17,-863.571,-169.911,152.053,-144.908,-0.818143,0.574871,-0.012851,-0.574592,-0.818194,-0.020059,-0.022046,-0.009027,0.999716,0,1.00000,-0.66891,60.000,-1.338,-1,375.000,-1,375.000,650.000,300.000,300.000,325.000,300.000,-1,550.000,-1,-1,700.000,575.000,-1,650.000,2,0,2,0,1,0,0,0,0,2,0,2,2,0,1,2,1
18,-913.465,-203.235,151.049,-146.261,-0.831510,0.555386,-0.011740,-0.555138,-0.831540,-0.019031,-0.020332,-0.009307,0.999750,0,1.00000,-0.67664,60.000,-1.353,-1,375.000,975.000,375.000,625.000,300.000,300.000,325.000,300.000,-1,575.000,775.000,-1,700.000,550.000,-1,600.000,2,0,1,0,1,0,0,0,0,2,0,0,2,0,1,2,1
19,-964.142,-235.359,150.114,-147.630,-0.844553,0.535368,-0.010541,-0.535155,-0.844567,-0.017772,-0.018417,-0.009368,0.999786,0,1.00000,-0.68425,60.000,-1.368,-1,375.000,925.000,375.000,575.000,300.000,300.000,325.000,300.000,-1,575.000,675.000,-1,700.000,525.000,-1,550.000,2,0,1,0,1,0,0,0,0,2,0,0,2,0,1,2,1
20,-1015.579,-266.249,149.192,-149.013,-0.857249,0.514821,-0.009150,-0.514643,-0.857246,-0.016494,-0.016335,-0.009431,0.999822,0,1.00000,-0.69173,60.000,-1.383,-1,375.000,850.000,375.000,525.000,300.000,300.000,325.000,300.000,-1,600.000,675.000,-1,675.000,500.000,-1,500.000,2,0,1,1,1,0,0,0,0,2,0,0,2,1,1,2,1
21,-1067.754,-295.875,148.174,-150.411,-0.869577,0.493748,-0.007028,-0.493607,-0.869548,-0.015430,-0.013730,-0.009948,0.999856,0,1.00000,-0.69911,60.000,-1.398,-1,375.000,800.000,350.000,475.000,300.000,300.000,325.000,300.000,-1,600.000,650.000,-1,600.000,450.000,-1,450.000,2,0,1,1,1,0,0,0,0,2,0,0,2,1,1,2,1
22,-1120.644,-324.206,147.234,-151.824,-0.881500,0.472157,-0.005038,-0.472052,-0.881455,-0.014277,-0.011182,-0.010207,0.999885,0,1.00000,-0.70639,60.000,-1.413,-1,375.000,725.000,325.000,425.000,300.000,300.000,325.000,300.000,-1,600.000,650.000,-1,550.000,425.000,-1,400.000,2,0,1,1,1,0,1,0,0,2,0,0,2,1,1,2,1
23,-1174.223,-351.211,146.442,-153.251,-0.892995,0.450055,-0.003232,-0.449979,-0.892939,-0.013350,-0.008894,-0.010468,0.999906,0,1.00000,-0.71362,60.000,-1.427,-1,375.000,675.000,300.000,375.000,300.000,275.000,325.000,300.000,-1,600.000,625.000,-1,500.000,400.000,825.000,350.000,2,1,1,1,1,1,1,0,0,2,0,0,2,1,1,1,1
24,-1228.465,-376.859,145.864,-154.693,-0.904039,0.427446,-0.001698,-0.427390,-0.903974,-0.012972,-0.007080,-0.011001,0.999914,0,1.00000,-0.72080,60.000,-1.442,-1,325.000,600.000,275.000,325.000,275.000,250.000,325.000,300.000,-1,550.000,575.000,-1,450.000,350.000,650.000,300.000,2,1,1,1,1,1,1,0,0,2,0,0,2,1,1,1,1
25,-1283.340,-401.123,147.898,-156.149,-0.914577,0.404276,0.010419,-0.404405,-0.914401,-0.018101,0.002209,-0.020768,0.999782,0,1.00000,-0.72797,60.000,-1.456,-1,300.000,575.000,250.000,325.000,250.000,225.000,300.000,325.000,-1,375.000,425.000,-1,425.000,350.000,575.000,300.000,2,1,1,1,1,1,1,0,0,2,0,0,2,1,1,1,1
26,-1338.820,-423.972,150.952,-157.619,-0.924396,0.380544,0.026057,-0.381169,-0.924143,-0.025882,0.014231,-0.033857,0.999325,0,1.00000,-0.73518,60.000,-1.470,-1,275.000,550.000,250.000,325.000,250.000,225.000,300.000,350.000,-1,250.000,325.000,-1,400.000,350.000,475.000,275.000,2,1,1,1,1,1,1,0,0,2,0,0,2,1,1,1,1
27,-1394.872,-445.377,154.223,-159.104,-0.933467,0.356279,0.041296,-0.357701,-0.933202,-0.034424,0.026273,-0.046905,0.998554,0,1.00000,-0.74248,60.000,-1.485,-1,275.000,550.000,250.000,350.000,225.000,225.000,275.000,400.000,-1,200.000,300.000,-1,350.000,325.000,400.000,300.000,2,1,1,1,1,1,1,0,1,2,0,0,2,1,1,1,1
28,-1451.469,-465.303,159.703,-160.604,-0.941561,0.331663,0.058844,-0.333910,-0.942013,-0.033406,0.044353,-0.051102,0.997708,0,1.00000,-0.74993,60.000,-1.500,-1,250.000,550.000,250.000,400.000,225.000,225.000,300.000,400.000,-1,150.000,225.000,-1,350.000,350.000,350.000,300.000,2,1,1,1,1,1,1,0,1,2,0,0,2,1,1,1,1
29,-1508.577,-483.721,167.947,-162.119,-0.948309,0.306738,0.081374,-0.309259,-0.950765,-0.020112,0.071199,-0.044238,0.996481,0,1.00000,-0.75760,60.000,-1.515,-1,250.000,-1,250.000,525.000,225.000,225.000,325.000,400.000,-1,125.000,175.000,-1,375.000,375.000,425.000,350.000,2,1,2,1,1,1,1,0,1,2,0,0,2,1,1,1,1
30,-2295.614,2951.714,295.054,18.173,0.887704,-0.311287,-0.339239,0.313574,0.948268,-0.049590,0.337126,-0.062356,0.939392,1,0.00000,0.00000,60.000,-1.531,275.000,175.000,275.000,175.000,-1,150.000,150.000,525.000,950.000,350.000,100.000,50.000,300.000,225.000,225.000,225.000,300.000,1,1,1,1,2,1,1,0,0,0,1,1,1,1,1,1,1
31,-7538.448,7543.727,269.904,-173.668,-0.993739,0.110121,-0.018862,-0.108870,-0.992370,-0.057874,-0.025091,-0.055458,0.998146,1,-0.08000,0.12000,-4.800,0.240,-1,375.000,-1,400.000,-1,325.000,325.000,325.000,300.000,-1,-1,-1,-1,725.000,875.000,-1,-1,2,0,2,0,2,0,0,0,0,2,2,2,2,0,0,2,2
32,-7528.916,7544.866,270.155,-173.188,-0.992784,0.118431,-0.018794,-0.117168,-0.991415,-0.058039,-0.025506,-0.055419,0.998137,0,-0.16000,0.24000,-9.600,0.480,-1,375.000,-1,400.000,-1,325.000,325.000,325.000,300.000,-1,-1,-1,-1,725.000,875.000,-1,-1,2,0,2,0,2,0,0,0,0,2,2,2,2,0,0,2,2
33,-7514.640,7546.753,270.541,-172.468,-0.991222,0.130880,-0.018695,-0.129600,-0.989852,-0.058281,-0.026134,-0.055347,0.998125,0,-0.24000,0.36000,-14.400,0.720,-1,375.000,-1,400.000,-1,325.000,325.000,325.000,300.000,-1,-1,-1,-1,725.000,850.000,-1,-1,2,0,2,0,2,0,0,0,0,2,2,2,2,0,0,2,2
34,-7496.712,7549.430,271.045,-171.508,-0.988895,0.147447,-0.018577,-0.146143,-0.987528,-0.058578,-0.026982,-0.055212,0.998110,0,-0.30210,0.48000,-18.126,0.960,-1,375.000,-1,400.000,-1,325.000,325.000,325.000,300.000,-1,-1,-1,-1,725.000,850.000,-1,-1,2,0,2,0,2,0,0,0,0,2,2,2,2,0,0,2,2
35,-7478.822,7552.486,271.575,-170.308,-0.985597,0.168098,-0.018468,-0.166763,-0.984238,-0.058874,-0.028074,-0.054946,0.998095,0,-0.30248,0.60000,-18.149,1.200,-1,375.000,-1,400.000,-1,325.000,325.000,325.000,300.000,-1,-1,-1,900.000,725.000,850.000,-1,-1,2,0,2,0,2,0,0,0,0,2,2,2,1,0,0,2,2
36,-7460.963,7556.000,272.135,-168.868,-0.981069,0.192784,-0.018369,-0.191412,-0.979725,-0.059169,-0.029403,-0.054532,0.998079,0,-0.30335,0.72000,-18.201,1.440,-1,375.000,-1,400.000,-1,325.000,325.000,325.000,300.000,-1,-1,-1,850.000,725.000,825.000,-1,-1,2,0,2,0,2,0,0,0,0,2,2,2,1,0,0,2,2
37,-7443.135,7560.054,272.731,-167.188,-0.975005,0.221431,-0.018279,-0.220016,-0.973682,-0.059460,-0.030965,-0.053952,0.998063,0,-0.30471,0.84000,-18.283,1.680,-1,375.000,-1,400.000,-1,325.000,325.000,325.000,300.000,-1,-1,-1,775.000,725.000,825.000,-1,-1,2,0,2,0,2,0,0,0,0,2,2,2,1,0,0,2,2
38,-7425.328,7564.667,273.362,-165.479,-0.967978,0.250375,-0.018197,-0.248916,-0.966681,-0.059736,-0.032547,-0.053294,0.998048,0,-0.30657,0.85436,-18.394,1.709,-1,375.000,-1,400.000,-1,325.000,325.000,325.000,300.000,-1,-1,-1,725.000,725.000,825.000,-1,-1,2,0,2,0,2,0,0,0,0,2,2,2,1,0,0,2,2
39,-7407.556,7569.840,274.026,-163.771,-0.960096,0.279082,-0.018121,-0.277581,-0.958827,-0.059994,-0.034118,-0.052570,0.998034,0,-0.30849,0.85386,-18.509,1.708,-1,375.000,-1,400.000,-1,325.000,325.000,325.000,300.000,-1,-1,-1,700.000,725.000,800.000,-1,-1,2,0,2,0,2,0,0,0,0,2,2,2,1,0,0,2,2
40,-7389.836,7575.575,274.725,-162.065,-0.951368,0.307527,-0.018052,-0.305984,-0.950130,-0.060232,-0.035675,-0.051779,0.998021,0,-0.31041,0.85331,-18.624,1.707,-1,375.000,-1,400.000,-1,325.000,325.000,325.000,300.000,-1,-1,-1,675.000,725.000,800.000,-1,-1,2,0,2,0,2,0,0,0,0,2,2,2,1,0,0,2,2
41,-7372.186,7581.875,275.459,-160.359,-0.941803,0.335682,-0.017991,-0.334098,-0.940598,-0.060449,-0.037214,-0.050920,0.998009,0,-0.31233,0.85271,-18.740,1.705,-1,375.000,-1,400.000,-1,325.000,325.000,325.000,300.000,-1,-1,-1,650.000,725.000,775.000,-1,-1,2,0,2,0,2,0,0,0,0,2,2,2,1,0,0,2,2
42,-7354.623,7588.739,276.228,-158.655,-0.931413,0.363522,-0.017938,-0.361898,-0.930243,-0.060643,-0.038732,-0.049992,0.997998,0,-0.31427,0.85206,-18.856,1.704,-1,375.000,-1,400.000,-1,325.000,325.000,325.000,300.000,-1,-1,-1,625.000,725.000,775.000,-1,-1,2,0,2,0,2,0,0,0,0,2,2,2,1,0,0,2,2
43,-7337.165,7596.167,277.032,-156.953,-0.920207,0.391022,-0.017894,-0.389359,-0.919076,-0.060810,-0.040223,-0.048990,0.997989,0,-0.31620,0.85136,-18.972,1.703,-1,375.000,-1,400.000,-1,325.000,325.000,325.000,300.000,-1,-1,-1,600.000,725.000,775.000,-1,-1,2,0,2,0,2,0,0,0,0,2,2,2,1,0,0,2,2
44,-7319.829,7604.159,277.873,-155.251,-0.908199,0.418157,-0.017859,-0.416457,-0.907110,-0.060950,-0.041687,-0.047917,0.997981,0,-0.31815,0.85061,-19.089,1.701,-1,400.000,-1,400.000,-1,325.000,325.000,325.000,300.000,-1,-1,-1,600.000,725.000,775.000,-1,-1,2,0,2,0,2,0,0,0,0,2,2,2,1,0,0,2,2
45,-7302.633,7612.714,278.749,-153.552,-0.895402,0.444901,-0.017838,-0.443166,-0.894357,-0.061069,-0.043123,-0.046776,0.997974,0,-0.32010,0.84981,-19.206,1.700,-1,400.000,-1,400.000,-1,325.000,325.000,325.000,300.000,-1,-1,-1,575.000,725.000,775.000,-1,-1,2,0,2,0,2,0,0,0,0,2,2,2,1,0,0,2,2
46,-7285.594,7621.830,279.646,-151.854,-0.881831,0.471231,-0.017772,-0.469463,-0.880829,-0.061193,-0.044490,-0.045619,0.997968,0,-0.32207,0.84896,-19.324,1.698,-1,400.000,-1,400.000,-1,325.000,325.000,325.000,300.000,-1,-1,-1,550.000,725.000,750.000,-1,-1,2,0,2,0,2,0,0,0,0,2,2,2,1,0,0,2,2
47,-7268.730,7631.505,280.533,-150.158,-0.867506,0.497119,-0.017500,-0.495325,-0.866536,-0.061381,-0.045679,-0.044580,0.997961,0,-0.32404,0.84806,-19.442,1.696,-1,400.000,-1,400.000,-1,325.000,325.000,325.000,300.000,-1,-1,-1,550.000,725.000,750.000,-1,-1,2,0,2,0,2,0,0,0,0,2,2,2,1,0,0,2,2
48,-7252.057,7641.737,281.427,-148.464,-0.852440,0.522544,-0.017113,-0.520730,-0.851497,-0.061581,-0.046750,-0.043583,0.997955,0,-0.32603,0.84711,-19.562,1.694,-1,400.000,-1,400.000,-1,325.000,325.000,325.000,300.000,-1,-1,-1,525.000,725.000,750.000,-1,-1,2,0,2,0,2,0,0,0,0,2,2,2,1,0,0,2,2
49,-7235.594,7652.523,282.351,-146.771,-0.836648,0.547486,-0.016712,-0.545654,-0.835733,-0.061746,-0.047772,-0.042541,0.997952,0,-0.32802,0.84611,-19.681,1.692,-1,400.000,-1,400.000,-1,325.000,325.000,300.000,300.000,-1,-1,-1,500.000,750.000,750.000,-1,-1,2,0,2,0,2,0,0,0,0,2,2,2,1,0,0,2,2
50,-7219.357,7663.859,283.303,-145.081,-0.820145,0.571923,-0.016300,-0.570075,-0.819259,-0.061877,-0.048742,-0.041456,0.997951,0,-0.33003,0.84505,-19.802,1.690,-1,400.000,-1,400.000,-1,325.000,325.000,300.000,325.000,-1,-1,-1,500.000,750.000,750.000,-1,-1,2,0,2,0,2,0,0,0,0,2,2,2,1,0,0,2,2
51,-7207.277,7672.755,284.039,-143.631,-0.805415,0.592496,-0.015961,-0.590636,-0.804556,-0.061957,-0.049550,-0.040474,0.997951,0,-0.25003,0.72505,-15.002,1.450,-1,400.000,-1,400.000,-1,325.000,325.000,300.000,325.000,-1,-1,-1,475.000,750.000,750.000,-1,-1,2,0,2,0,2,0,0,0,0,2,2,2,1,0,0,2,2
52,-7199.192,7678.977,284.548,-142.421,-0.792726,0.609376,-0.015701,-0.607507,-0.791891,-0.062000,-0.050215,-0.039611,0.997953,0,-0.17003,0.60505,-10.202,1.210,-1,400.000,-1,400.000,-1,325.000,325.000,300.000,325.000,-1,-1,-1,475.000,750.000,750.000,-1,-1,2,0,2,0,2,0,0,0,0,2,2,2,1,0,0,2,2
53,-7194.967,7682.344,284.819,-141.451,-0.782295,0.622714,-0.015523,-0.620837,-0.781483,-0.062020,-0.050751,-0.038881,0.997954,0,-0.09003,0.48505,-5.402,0.970,-1,400.000,-1,400.000,-1,325.000,325.000,300.000,325.000,-1,-1,-1,475.000,750.000,750.000,-1,-1,2,0,2,0,2,0,0,0,0,2,2,2,1,0,0,2,2
54,-7194.501,7682.725,284.849,-140.721,-0.774296,0.632636,-0.015426,-0.630751,-0.773502,-0.062026,-0.051172,-0.038296,0.997955,0,-0.01003,0.36505,-0.602,0.730,-1,400.000,-1,400.000,-1,325.000,325.000,300.000,325.000,-1,-1,-1,475.000,750.000,750.000,-1,-1,2,0,2,0,2,0,0,0,0,2,2,2,1,0,0,2,2
55,-7197.728,7680.040,284.633,-140.231,-0.768853,0.639240,-0.015409,-0.637349,-0.768075,-0.062027,-0.051486,-0.037869,0.997955,0,0.06997,0.24505,4.198,0.490,-1,400.000,-1,400.000,-1,325.000,325.000,300.000,325.000,-1,-1,-1,475.000,750.000,750.000,-1,-1,2,0,2,0,2,0,0,0,0,2,2,2,1,0,0,2,2
56,-7204.619,7674.254,284.170,-139.981,-0.766052,0.642593,-0.015467,-0.640696,-0.765285,-0.062029,-0.051696,-0.037608,0.997955,0,0.14997,0.12505,8.998,0.250,-1,400.000,-1,400.000,-1,325.000,325.000,300.000,325.000,-1,-1,-1,475.000,750.000,750.000,-1,-1,2,0,2,0,2,0,0,0,0,2,2,2,1,0,0,2,2
57,-7215.185,7665.379,283.462,-139.970,-0.765934,0.642730,-0.015592,-0.640828,-0.765174,-0.062033,-0.051801,-0.037521,0.997952,0,0.22997,0.00505,13.798,0.010,-1,400.000,-1,400.000,-1,325.000,325.000,300.000,325.000,-1,-1,-1,475.000,750.000,750.000,-1,-1,2,0,2,0,2,0,0,0,0,2,2,2,1,0,0,2,2
58,-7229.473,7653.475,282.513,-140.200,-0.768503,0.639652,-0.015778,-0.637747,-0.767744,-0.062040,-0.051797,-0.037616,0.997949,0,0.30997,-0.11495,18.598,-0.230,-1,400.000,-1,400.000,-1,325.000,325.000,300.000,325.000,-1,-1,-1,500.000,725.000,750.000,-1,-1,2,0,2,0,2,0,0,0,0,2,2,2,1,0,0,2,2
59,-7247.572,7638.645,281.329,-140.670,-0.773718,0.633327,-0.016014,-0.631419,-0.772956,-0.062048,-0.051675,-0.037896,0.997945,0,0.38997,-0.23495,23.398,-0.470,-1,400.000,-1,400.000,-1,325.000,325.000,300.000,325.000,-1,-1,-1,525.000,725.000,750.000,-1,-1,2,0,2,0,2,0,0,0,0,2,2,2,1,0,0,2,2
60,-7269.603,7621.045,279.918,-141.380,-0.781501,0.623691,-0.016290,-0.621781,-0.780729,-0.062053,-0.051420,-0.038366,0.997940,0,0.46997,-0.35495,28.198,-0.710,-1,400.000,-1,400.000,-1,325.000,325.000,300.000,325.000,-1,-1,-1,525.000,725.000,750.000,-1,-1,2,0,2,0,2,0,0,0,0,2,2,2,1,0,0,2,2
61,-7295.720,7600.876,278.291,-142.322,-0.791646,0.610755,-0.016592,-0.608846,-0.790858,-0.062052,-0.051021,-0.039022,0.997935,0,0.54997,-0.47105,32.998,-0.942,-1,400.000,-1,400.000,-1,325.000,325.000,325.000,325.000,-1,-1,-1,550.000,725.000,750.000,-1,-1,2,0,2,0,2,0,0,0,0,2,2,2,1,0,0,2,2
62,-7326.009,7578.265,276.434,-143.260,-0.801533,0.597716,-0.016746,-0.595812,-0.800720,-0.062090,-0.050521,-0.039790,0.997930,0,0.62997,-0.46872,37.798,-0.937,-1,400.000,-1,400.000,-1,325.000,325.000,325.000,325.000,-1,-1,-1,575.000,725.000,750.000,-1,-1,2,0,2,0,2,0,0,0,0,2,2,2,1,0,0,2,2
63,-7360.555,7553.341,274.318,-144.192,-0.811162,0.584587,-0.016541,-0.582698,-0.810302,-0.062235,-0.049785,-0.040844,0.997924,0,0.70997,-0.46601,42.598,-0.932,-1,400.000,-1,400.000,-1,325.000,325.000,325.000,325.000,-1,-1,-1,625.000,700.000,750.000,-1,-1,2,0,2,0,2,0,0,0,0,2,2,2,1,0,0,2,2
64,-7399.437,7526.234,271.983,-145.117,-0.820519,0.571391,-0.016184,-0.569520,-0.819602,-0.062448,-0.048947,-0.042023,0.997917,0,0.78997,-0.46289,47.398,-0.926,-1,400.000,-1,400.000,-1,325.000,325.000,325.000,325.000,-1,-1,-1,650.000,700.000,750.000,-1,-1,2,0,2,0,2,0,0,0,0,2,2,2,1,0,0,2,2
65,-7442.729,7497.072,269.400,-146.036,-0.829577,0.558157,-0.016175,-0.556300,-0.828628,-0.062506,-0.048291,-0.042856,0.997914,0,0.86997,-0.45931,52.198,-0.919,-1,375.000,-1,400.000,-1,325.000,325.000,325.000,325.000,-1,-1,-1,675.000,700.000,750.000,-1,-1,2,0,2,0,2,0,0,0,0,2,2,2,1,0,0,2,2
66,-7486.939,7468.575,266.910,-147.195,-0.840697,0.541267,-0.016102,-0.539438,-0.839712,-0.062381,-0.047286,-0.043757,0.997923,0,0.87663,-0.57931,52.598,-1.159,-1,375.000,-1,400.000,-1,325.000,325.000,325.000,325.000,-1,-1,-1,725.000,700.000,750.000,-1,-1,2,0,2,0,2,0,0,0,0,2,2,2,1,0,0,2,2
67,-7531.855,7441.150,264.520,-148.593,-0.853660,0.520586,-0.015983,-0.518796,-0.852634,-0.062175,-0.045996,-0.044784,0.997937,0,0.87711,-0.69931,52.627,-1.399,-1,375.000,-1,400.000,-1,325.000,325.000,325.000,325.000,-1,-1,-1,750.000,675.000,750.000,-1,-1,2,0,2,0,2,0,0,0,0,2,2,2,1,0,0,2,2
68,-7577.591,7414.990,262.237,-150.232,-0.868198,0.495966,-0.015825,-0.494227,-0.867127,-0.061889,-0.044417,-0.045910,0.997958,0,0.87814,-0.81931,52.689,-1.639,-1,375.000,-1,400.000,-1,325.000,325.000,325.000,325.000,-1,-1,-1,800.000,675.000,750.000,-1,-1,2,0,2,0,2,0,0,0,0,2,2,2,1,0,0,2,2
69,-7624.216,7390.257,260.065,-152.056,-0.883544,0.468087,-0.015636,-0.466407,-0.882428,-0.061526,-0.042597,-0.047068,0.997983,0,0.87965,-0.91208,52.779,-1.824,-1,375.000,-1,400.000,-1,325.000,325.000,325.000,325.000,-1,-1,-1,825.000,675.000,750.000,-1,-1,2,0,2,0,2,0,0,0,0,2,2,2,1,0,0,2,2
70,-7671.701,7366.964,258.002,-153.872,-0.897928,0.439873,-0.015424,-0.438257,-0.896771,-0.061102,-0.040709,-0.048105,0.998012,0,0.88149,-0.90779,52.890,-1.816,-1,375.000,-1,400.000,975.000,300.000,325.000,300.000,325.000,-1,-1,-1,875.000,650.000,750.000,-1,-1,2,0,2,0,1,0,0,0,0,2,2,2,1,0,0,2,2
71,-7719.999,7345.135,256.047,-155.679,-0.911347,0.411358,-0.015190,-0.409809,-0.910154,-0.060626,-0.038764,-0.049026,0.998045,0,0.88336,-0.90349,53.002,-1.807,-1,375.000,-1,400.000,950.000,300.000,325.000,300.000,325.000,-1,-1,-1,900.000,650.000,750.000,-1,975.000,2,0,2,0,1,0,0,0,0,2,2,2,1,0,0,2,1
72,-7769.063,7324.789,254.131,-157.477,-0.923802,0.382582,-0.014850,-0.381119,-0.922590,-0.059806,-0.036581,-0.049589,0.998100,0,0.88525,-0.89919,53.115,-1.798,-1,375.000,-1,400.000,900.000,300.000,325.000,300.000,325.000,-1,-1,-1,950.000,650.000,750.000,-1,925.000,2,0,2,0,1,0,0,0,0,2,2,2,1,0,0,2,1
73,-7818.846,7305.945,252.267,-159.267,-0.935293,0.353576,-0.014507,-0.352205,-0.934076,-0.058763,-0.034328,-0.049851,0.998167,0,0.88715,-0.89489,53.229,-1.790,-1,375.000,-1,400.000,875.000,300.000,325.000,300.000,325.000,-1,-1,-1,975.000,650.000,750.000,-1,875.000,2,0,2,0,1,0,0,0,0,2,2,2,1,0,1,2,1
74,-7869.298,7288.620,250.447,-161.048,-0.945820,0.324373,-0.014394,-0.323085,-0.944618,-0.057563,-0.032269,-0.049793,0.998238,0,0.88907,-0.89059,53.344,-1.781,-1,375.000,-1,400.000,825.000,300.000,325.000,300.000,325.000,-1,-1,-1,-1,650.000,700.000,-1,825.000,2,0,2,0,1,0,0,0,0,2,2,2,2,0,1,2,1
75,-7920.373,7272.831,248.735,-162.821,-0.955391,0.295000,-0.014239,-0.293794,-0.954205,-0.056366,-0.030215,-0.049669,0.998309,0,0.89098,-0.88629,53.459,-1.773,-1,375.000,-1,400.000,800.000,300.000,325.000,300.000,325.000,-1,-1,-1,-1,650.000,675.000,-1,775.000,2,0,2,0,1,0,0,0,0,2,2,2,2,0,1,2,1
76,-7973.675,7258.141,247.157,-164.591,-0.964038,0.265386,-0.014157,-0.264265,-0.962891,-0.054824,-0.028181,-0.049111,0.998396,0,0.92147,-0.88523,55.288,-1.770,1000.000,375.000,-1,400.000,750.000,300.000,325.000,300.000,325.000,-1,-1,-1,-1,650.000,650.000,-1,725.000,0,0,2,0,1,0,0,0,0,2,2,2,2,0,1,2,1
77,-8031.955,7243.876,245.704,-166.246,-0.971292,0.237485,-0.013862,-0.236474,-0.970219,-0.052491,-0.025915,-0.047706,0.998525,0,1.00000,-0.82741,60.000,-1.655,1000.000,375.000,-1,400.000,700.000,300.000,325.000,300.000,325.000,-1,-1,-1,-1,650.000,600.000,-1,650.000,0,0,2,0,1,0,0,0,0,2,2,2,2,0,1,2,1
78,-8090.623,7231.306,244.361,-167.905,-0.977756,0.209312,-0.013509,-0.208409,-0.976763,-0.049990,-0.023659,-0.046063,0.998658,0,1.00000,-0.82952,60.000,-1.659,1000.000,375.000,-1,400.000,650.000,300.000,325.000,300.000,325.000,-1,-1,-1,-1,650.000,550.000,-1,600.000,0,0,2,0,1,0,0,0,0,2,2,2,2,0,1,2,1
79,-8149.632,7220.443,243.076,-169.568,-0.983416,0.180895,-0.013018,-0.180105,-0.982515,-0.047185,-0.021326,-0.044058,0.998801,0,1.00000,-0.83148,60.000,-1.663,-1,375.000,-1,400.000,600.000,300.000,325.000,300.000,325.000,-1,-1,-1,-1,650.000,525.000,-1,550.000,2,0,2,0,1,0,0,0,0,2,2,2,2,0,1,2,1
80,-8208.932,7211.301,241.905,-171.234,-0.988261,0.152258,-0.012533,-0.151570,-0.987450,-0.044367,-0.019131,-0.041947,0.998937,0,1.00000,-0.83328,60.000,-1.667,-1,375.000,-1,375.000,550.000,300.000,325.000,300.000,325.000,-1,-1,-1,-1,650.000,475.000,-1,500.000,2,0,2,1,1,0,0,0,0,2,2,2,2,0,1,2,1
81,-8268.473,7203.890,240.833,-172.904,-0.992280,0.123430,-0.012071,-0.122834,-0.991557,-0.041549,-0.017098,-0.039745,0.999064,0,1.00000,-0.83493,60.000,-1.670,-1,375.000,-1,350.000,475.000,300.000,300.000,300.000,325.000,-1,-1,-1,-1,650.000,450.000,-1,450.000,2,1,2,1,1,0,1,0,0,2,2,2,2,0,1,2,1
82,-8328.205,7198.221,239.848,-174.577,-0.995462,0.094439,-0.011650,-0.093925,-0.994825,-0.038737,-0.015248,-0.037467,0.999182,0,1.00000,-0.83643,60.000,-1.673,-1,350.000,-1,325.000,425.000,300.000,275.000,300.000,325.000,-1,-1,-1,-1,650.000,400.000,-1,400.000,2,1,2,1,1,1,1,0,0,2,2,2,2,0,1,2,1
83,-8383.271,7194.382,239.005,-176.010,-0.997515,0.069539,-0.011309,-0.069090,-0.996955,-0.036167,-0.013789,-0.035296,0.999282,0,0.92000,-0.71643,55.200,-1.433,-1,350.000,775.000,300.000,375.000,275.000,275.000,300.000,325.000,-1,-1,-1,-1,650.000,350.000,-1,350.000,2,1,1,1,1,1,1,0,0,2,2,2,2,0,1,2,1
84,-8434.007,7191.904,238.275,-177.203,-0.998749,0.048773,-0.011042,-0.048375,-0.998257,-0.033818,-0.012672,-0.033242,0.999367,0,0.84660,-0.59643,50.796,-1.193,-1,325.000,675.000,250.000,325.000,250.000,250.000,300.000,325.000,-1,-1,-1,-1,650.000,325.000,975.000,300.000,2,1,1,1,1,1,1,0,0,2,2,2,2,0,1,1,1
85,-8485.145,7190.337,237.578,-178.244,-0.999472,0.030631,-0.010825,-0.030277,-0.999046,-0.031465,-0.011778,-0.031121,0.999446,0,0.85270,-0.52051,51.162,-1.041,975.000,300.000,600.000,225.000,250.000,250.000,225.000,300.000,325.000,-1,-1,-1,-1,675.000,300.000,950.000,250.000,1,1,1,1,1,1,1,0,0,2,2,2,2,0,1,1,1
86,-8536.663,7189.697,238.113,-179.289,-0.999899,0.012404,-0.006937,-0.012168,-0.999375,-0.033182,-0.007344,-0.033094,0.999425,0,0.85871,-0.52250,51.522,-1.045,900.000,300.000,525.000,200.000,225.000,225.000,200.000,300.000,325.000,-1,-1,-1,-1,675.000,250.000,925.000,200.000,1,1,1,1,1,1,1,0,0,2,2,2,2,0,1,1,1
87,-8588.546,7189.996,243.924,-180.338,-0.999909,-0.005892,0.012128,0.005268,-0.998691,-0.050883,0.012412,-0.050814,0.998631,0,0.86472,-0.52458,51.883,-1.049,900.000,325.000,550.000,200.000,200.000,225.000,200.000,275.000,400.000,-1,475.000,425.000,-1,775.000,250.000,975.000,200.000,1,1,1,1,1,1,1,0,0,2,0,0,2,1,1,1,1
88,-8640.778,7191.256,250.115,-181.392,-0.999211,-0.024229,0.031454,0.022005,-0.997358,-0.069228,0.033048,-0.068481,0.997105,0,0.87075,-0.52680,52.245,-1.054,875.000,325.000,600.000,200.000,200.000,250.000,200.000,275.000,450.000,-1,225.000,275.000,-1,875.000,250.000,-1,175.000,1,1,1,1,1,1,1,0,0,2,0,0,2,1,1,2,1
89,-8693.339,7193.494,256.748,-182.450,-0.997779,-0.042588,0.051218,0.037958,-0.995378,-0.088212,0.054738,-0.086072,0.994784,0,0.87677,-0.52917,52.606,-1.058,875.000,350.000,-1,200.000,200.000,250.000,200.000,275.000,550.000,850.000,125.000,200.000,-1,1000.000,250.000,-1,175.000,1,1,2,1,1,1,1,0,0,0,0,0,2,1,1,2,1
90,4919.467,-9511.007,40.639,72.795,0.297725,-0.953648,0.043764,0.953861,0.295299,-0.054296,0.038856,0.057910,0.997565,1,0.00000,0.00000,52.965,-1.064,550.000,350.000,-1,375.000,-1,300.000,300.000,325.000,325.000,-1,425.000,400.000,-1,500.000,700.000,525.000,-1,1,1,2,0,2,0,0,0,0,2,0,0,2,1,1,1,2
91,4920.906,-9506.428,40.813,72.555,0.301731,-0.952390,0.043719,0.952597,0.299287,-0.054650,0.038964,0.058137,0.997548,0,0.08000,-0.12000,4.800,-0.240,550.000,350.000,-1,375.000,-1,300.000,300.000,325.000,325.000,-1,425.000,400.000,-1,500.000,700.000,525.000,-1,1,1,2,0,2,0,0,0,0,2,0,0,2,1,1,1,2
92,4923.860,-9497.294,41.157,72.075,0.309727,-0.949824,0.043626,0.950018,0.307247,-0.055357,0.039175,0.058591,0.997513,0,0.16000,-0.24000,9.600,-0.480,525.000,350.000,-1,375.000,-1,300.000,300.000,325.000,325.000,-1,450.000,400.000,-1,500.000,700.000,525.000,-1,1,1,2,0,2,0,0,0,0,2,0,0,2,1,1,1,2
93,4928.463,-9483.649,41.662,71.355,0.321679,-0.945850,0.043474,0.946025,0.319146,-0.056413,0.039484,0.059275,0.997461,0,0.24000,-0.36000,14.400,-0.720,525.000,350.000,-1,375.000,-1,300.000,300.000,325.000,325.000,-1,450.000,400.000,-1,500.000,725.000,500.000,-1,1,1,2,0,2,0,0,0,0,2,0,0,2,1,1,1,2
94,4934.905,-9465.561,42.316,70.395,0.337535,-0.940319,0.043249,0.940468,0.334930,-0.057815,0.039879,0.060189,0.997390,0,0.32000,-0.48000,19.200,-0.960,500.000,350.000,-1,400.000,-1,300.000,325.000,325.000,325.000,-1,425.000,375.000,-1,500.000,725.000,500.000,-1,1,1,2,0,2,0,0,0,0,2,0,0,2,1,1,1,2
95,4943.429,-9443.125,43.102,69.195,0.357220,-0.933033,0.042933,0.933148,0.354524,-0.059554,0.040345,0.061337,0.997301,0,0.40000,-0.60000,24.000,-1.200,475.000,350.000,-1,400.000,-1,300.000,325.000,325.000,325.000,-1,400.000,350.000,-1,475.000,750.000,475.000,-1,1,1,2,0,2,0,0,0,0,2,0,0,2,1,0,1,2
96,4954.331,-9416.467,44.001,67.755,0.380632,-0.923749,0.042505,0.923823,0.377827,-0.061624,0.040866,0.062723,0.997194,0,0.48000,-0.72000,28.800,-1.440,450.000,325.000,-1,400.000,-1,300.000,325.000,325.000,325.000,-1,375.000,325.000,-1,475.000,750.000,450.000,-1,1,1,2,0,2,1,0,0,0,2,0,0,2,1,0,1,2
97,4967.956,-9385.753,44.989,66.075,0.407637,-0.912181,0.041939,0.912204,0.404704,-0.064013,0.041419,0.064351,0.997067,0,0.56000,-0.84000,33.600,-1.680,425.000,325.000,-1,400.000,-1,300.000,325.000,300.000,325.000,-1,375.000,300.000,-1,475.000,775.000,425.000,-1,1,1,2,1,2,1,1,0,0,2,0,0,2,1,0,1,2
98,4984.551,-9351.123,46.056,64.394,0.434320,-0.899813,0.041255,0.899769,0.431240,-0.066695,0.042222,0.066087,0.996920,0,0.64000,-0.84053,38.400,-1.681,375.000,325.000,-1,400.000,-1,300.000,325.000,300.000,325.000,-1,350.000,275.000,-1,475.000,800.000,375.000,-1,1,1,2,1,2,1,1,0,0,2,0,0,2,1,0,1,2
99,5004.347,-9312.724,47.617,62.723,0.460496,-0.886637,0.042645,0.886674,0.457186,-0.069219,0.041876,0.069687,0.996690,0,0.72000,-0.83557,43.200,-1.671,350.000,325.000,-1,400.000,-1,300.000,325.000,300.000,325.000,-1,375.000,275.000,-1,500.000,800.000,375.000,-1,1,1,2,1,2,1,1,0,0,2,0,0,2,1,0,1,2
100,5027.569,-9270.715,49.188,61.063,0.486054,-0.872798,0.044450,0.872991,0.482547,-0.070959,0.040483,0.073294,0.996488,0,0.80000,-0.82981,48.000,-1.660,300.000,325.000,-1,400.000,-1,300.000,325.000,300.000,325.000,-1,400.000,325.000,-1,500.000,800.000,350.000,-1,1,1,2,1,2,1,1,0,0,2,0,0,2,1,0,1,2
101,5054.422,-9225.251,52.749,59.417,0.511598,-0.857767,0.050027,0.858024,0.506941,-0.082494,0.045401,0.085128,0.995335,0,0.88000,-0.82301,52.800,-1.646,325.000,325.000,-1,425.000,-1,300.000,325.000,325.000,300.000,-1,400.000,275.000,-1,550.000,825.000,400.000,-1,1,1,2,0,2,1,1,0,0,2,0,0,2,1,0,1,2
102,5083.895,-9178.445,56.042,57.787,0.536455,-0.842151,0.054757,0.842474,0.530594,-0.093314,0.049531,0.096191,0.994130,0,0.92183,-0.81486,55.310,-1.630,350.000,350.000,-1,425.000,-1,300.000,350.000,350.000,300.000,-1,400.000,250.000,950.000,600.000,875.000,500.000,-1,1,1,2,0,2,1,1,1,0,2,0,0,0,1,0,1,2
103,5114.541,-9132.681,58.852,56.177,0.560494,-0.826095,0.058433,0.826498,0.553510,-0.102602,0.052416,0.105802,0.993005,0,0.91792,-0.80528,55.075,-1.611,400.000,375.000,-1,450.000,-1,325.000,350.000,325.000,300.000,-1,400.000,250.000,875.000,700.000,900.000,-1,-1,1,1,2,0,2,1,1,1,0,2,0,0,0,1,0,2,2
104,5146.471,-9088.183,61.377,54.326,0.587234,-0.807139,0.060688,0.807688,0.579432,-0.109081,0.052879,0.113073,0.992179,0,0.91277,-0.92528,54.766,-1.851,475.000,400.000,-1,450.000,-1,350.000,375.000,300.000,275.000,-1,450.000,275.000,825.000,900.000,925.000,-1,-1,1,1,2,0,2,1,0,1,1,2,0,0,0,1,0,2,2
105,5179.656,-9045.196,63.621,52.326,0.615141,-0.785996,0.061739,0.786772,0.606916,-0.112442,0.050908,0.117743,0.991738,0,0.90504,-1.00000,54.302,-2.000,-1,400.000,-1,450.000,-1,350.000,375.000,275.000,275.000,-1,500.000,300.000,825.000,1000.000,925.000,-1,-1,2,1,2,0,2,1,0,1,1,2,0,0,0,0,0,2,2
106,5213.946,-9003.852,65.619,50.326,0.642161,-0.764156,0.060791,0.765029,0.633827,-0.113988,0.048573,0.119706,0.991620,0,0.89518,-1.00000,53.711,-2.000,-1,450.000,-1,450.000,-1,375.000,375.000,250.000,250.000,-1,550.000,350.000,850.000,-1,925.000,-1,-1,2,1,2,0,2,0,0,1,1,2,0,0,0,2,0,2,2
107,5249.174,-8964.275,66.823,48.326,0.668262,-0.741445,0.060697,0.742607,0.659999,-0.113736,0.044268,0.121080,0.991655,0,0.88303,-1.00000,52.982,-2.000,-1,475.000,-1,450.000,-1,375.000,375.000,225.000,250.000,-1,625.000,425.000,875.000,-1,900.000,-1,-1,2,0,2,0,2,0,0,1,1,2,0,0,0,2,0,2,2
108,5285.171,-8926.573,67.240,46.326,0.693426,-0.717880,0.061710,0.719523,0.685396,-0.111884,0.038024,0.121985,0.991803,0,0.86873,-1.00000,52.124,-2.000,-1,475.000,-1,450.000,-1,375.000,375.000,225.000,250.000,-1,750.000,525.000,925.000,975.000,875.000,-1,-1,2,0,2,0,2,0,0,1,1,2,0,0,0,0,0,2,2
109,5321.768,-8890.832,67.353,44.326,0.717680,-0.693621,0.061850,0.695671,0.710133,-0.108409,0.031273,0.120830,0.992180,0,0.85252,-1.00000,51.151,-2.000,-1,450.000,-1,425.000,-1,375.000,350.000,200.000,225.000,-1,900.000,650.000,1000.000,950.000,850.000,-1,-1,2,0,2,0,2,0,0,1,1,2,0,0,0,0,0,2,2
110,5358.807,-8857.108,66.950,42.326,0.741041,-0.668690,0.060928,0.671018,0.734209,-0.103303,0.024344,0.117435,0.992782,0,0.83480,-1.00000,50.088,-2.000,-1,450.000,-1,425.000,-1,350.000,350.000,200.000,225.000,-1,-1,800.000,-1,900.000,825.000,-1,-1,2,0,2,0,2,0,0,1,1,2,2,0,2,0,0,2,2
111,5396.140,-8825.423,67.226,40.326,0.763296,-0.642663,0.066054,0.645920,0.757103,-0.097891,0.012901,0.117386,0.993003,0,0.81606,-1.00000,48.964,-2.000,-1,425.000,-1,400.000,-1,350.000,350.000,200.000,225.000,-1,-1,-1,-1,850.000,775.000,-1,-1,2,0,2,0,2,0,0,1,1,2,2,2,2,0,0,2,2
112,5433.651,-8795.774,67.590,38.326,0.784426,-0.615778,0.074117,0.620221,0.778981,-0.092273,-0.000916,0.118350,0.992972,0,0.79685,-1.00000,47.811,-2.000,-1,400.000,-1,400.000,-1,325.000,325.000,200.000,225.000,-1,-1,-1,-1,800.000,700.000,-1,-1,2,0,2,0,2,0,0,1,1,2,2,2,2,0,0,2,2
113,5471.253,-8768.133,67.252,36.326,0.804571,-0.588299,0.081052,0.593683,0.800109,-0.085830,-0.014357,0.117176,0.993007,0,0.77774,-1.00000,46.664,-2.000,-1,400.000,-1,375.000,-1,325.000,300.000,200.000,225.000,-1,-1,-1,-1,725.000,650.000,-1,-1,2,0,2,0,2,0,0,1,1,2,2,2,2,0,0,2,2
114,5508.874,-8742.441,68.044,34.326,0.824161,-0.559749,0.086252,0.565944,0.819760,-0.087757,-0.021584,0.121140,0.992401,0,0.75923,-1.00000,45.554,-2.000,-1,400.000,-1,375.000,900.000,325.000,300.000,225.000,200.000,-1,-1,-1,-1,725.000,625.000,-1,-1,2,0,2,0,0,0,0,1,1,2,2,2,2,0,0,2,2
115,5546.483,-8718.638,68.447,32.326,0.842842,-0.530603,0.089869,0.537450,0.838487,-0.089929,-0.027637,0.124096,0.991885,0,0.74175,-1.00000,44.505,-2.000,-1,400.000,-1,375.000,825.000,325.000,300.000,225.000,200.000,-1,-1,-1,-1,725.000,625.000,-1,950.000,2,0,2,0,0,0,0,1,1,2,2,2,2,0,0,2,0
116,5584.065,-8696.653,68.409,30.326,0.860593,-0.500909,0.092028,0.508235,0.856309,-0.091826,-0.032808,0.125797,0.991513,0,0.72561,-1.00000,43.537,-2.000,1000.000,400.000,-1,350.000,775.000,325.000,300.000,250.000,200.000,-1,-1,-1,-1,700.000,600.000,-1,875.000,1,0,2,0,0,0,0,1,1,2,2,2,2,0,0,2,0
117,5621.621,-8676.410,67.952,28.326,0.877401,-0.470689,0.092838,0.478318,0.873212,-0.093337,-0.037135,0.126300,0.991297,0,0.71102,-1.00000,42.661,-2.000,1000.000,400.000,-1,350.000,725.000,325.000,300.000,275.000,200.000,-1,-1,-1,-1,700.000,600.000,-1,825.000,1,0,2,0,0,0,0,1,1,2,2,2,2,0,0,2,0
118,5659.165,-8657.835,67.098,26.326,0.893248,-0.439964,0.092412,0.447722,0.889180,-0.094359,-0.040656,0.125661,0.991240,0,0.69808,-1.00000,41.885,-2.000,1000.000,400.000,-1,350.000,700.000,325.000,300.000,300.000,200.000,-1,-1,-1,-1,700.000,575.000,-1,800.000,1,0,2,0,0,0,0,1,1,2,2,2,2,0,0,2,0
119,5696.720,-8640.862,65.866,24.326,0.908111,-0.408753,0.090861,0.416475,0.904191,-0.094802,-0.043405,0.123932,0.991341,0,0.68681,-1.00000,41.209,-2.000,1000.000,400.000,-1,350.000,700.000,325.000,300.000,325.000,200.000,-1,-1,-1,-1,675.000,575.000,-1,775.000,1,0,2,0,0,0,0,1,1,2,2,2,2,0,0,2,0
120,5734.311,-8625.430,64.273,22.326,0.921963,-0.377078,0.088299,0.384607,0.918222,-0.094584,-0.045412,0.121164,0.991593,0,0.67720,-1.00000,40.632,-2.000,-1,400.000,-1,350.000,700.000,325.000,300.000,350.000,200.000,525.000,-1,-1,-1,675.000,575.000,-1,775.000,2,0,2,0,0,0,0,1,1,1,2,2,2,0,0,2,0
121,5771.964,-8611.488,62.335,20.326,0.934775,-0.344960,0.084838,0.352156,0.931246,-0.093634,-0.046705,0.117403,0.991986,0,0.66915,-1.00000,40.149,-2.000,-1,375.000,-1,350.000,675.000,300.000,300.000,350.000,200.000,525.000,-1,-1,-1,675.000,575.000,-1,775.000,2,0,2,0,1,0,0,0,1,1,2,2,2,0,0,2,0
122,5809.706,-8598.994,60.162,18.326,0.946501,-0.312434,0.080748,0.319171,0.943272,-0.091473,-0.047589,0.112351,0.992528,0,0.66256,-1.00000,39.754,-2.000,-1,375.000,-1,350.000,625.000,300.000,300.000,350.000,200.000,500.000,-1,-1,-1,650.000,575.000,-1,800.000,2,0,2,0,1,0,0,0,1,1,2,2,2,0,0,2,0
123,5852.415,-8586.299,57.591,16.566,0.955963,-0.283539,0.075770,0.289614,0.953173,-0.087090,-0.047529,0.105199,0.993315,0,0.74256,-0.88000,44.554,-1.760,-1,375.000,-1,350.000,600.000,300.000,300.000,325.000,200.000,500.000,-1,-1,-1,650.000,575.000,-1,800.000,2,0,2,0,1,0,0,0,1,1,2,2,2,0,0,2,0
124,5900.081,-8573.497,54.711,15.046,0.963660,-0.258407,0.067719,0.263442,0.961296,-0.080671,-0.044252,0.095580,0.994438,0,0.82256,-0.76000,49.354,-1.520,-1,375.000,-1,350.000,625.000,300.000,300.000,300.000,200.000,500.000,325.000,-1,-1,650.000,600.000,-1,875.000,2,0,2,0,1,0,0,0,1,1,1,2,2,0,0,2,0
125,5952.704,-8560.707,51.124,13.670,0.970128,-0.235466,0.058378,0.239411,0.968120,-0.073663,-0.039172,0.085439,0.995573,0,0.90256,-0.68802,54.154,-1.376,-1,375.000,-1,350.000,650.000,300.000,300.000,300.000,200.000,500.000,200.000,-1,-1,650.000,625.000,-1,975.000,2,0,2,0,1,0,0,0,1,1,1,2,2,0,0,2,0
126,6006.112,-8549.072,49.274,12.291,0.975699,-0.212109,0.054972,0.215844,0.973586,-0.074439,-0.037730,0.084495,0.995709,0,0.91100,-0.68971,54.660,-1.379,-1,375.000,-1,350.000,625.000,300.000,300.000,300.000,200.000,550.000,225.000,-1,-1,650.000,625.000,-1,975.000,2,0,2,0,1,0,0,0,1,1,1,2,2,0,0,2,0
127,6059.114,-8538.858,47.935,10.909,0.980698,-0.188595,0.051603,0.192113,0.978515,-0.074846,-0.036379,0.083315,0.995859,0,0.89960,-0.69071,53.976,-1.381,-1,375.000,-1,350.000,625.000,300.000,300.000,300.000,200.000,600.000,275.000,400.000,-1,675.000,625.000,-1,1000.000,2,0,2,0,1,0,0,0,1,1,1,1,2,0,0,2,0
128,6111.682,-8530.036,46.532,9.527,0.985117,-0.164959,0.048295,0.168259,0.982893,-0.074896,-0.035114,0.081907,0.996021,0,0.88838,-0.69100,53.303,-1.382,-1,375.000,-1,350.000,600.000,300.000,300.000,300.000,225.000,675.000,300.000,400.000,-1,675.000,625.000,-1,-1,2,0,2,0,1,0,0,0,1,1,1,1,2,0,0,2,2
129,6163.798,-8522.578,45.026,8.146,0.988954,-0.141237,0.044962,0.144315,0.986702,-0.074780,-0.033802,0.080443,0.996186,0,0.87743,-0.69059,52.646,-1.381,-1,375.000,-1,375.000,600.000,300.000,300.000,300.000,225.000,725.000,325.000,400.000,-1,675.000,625.000,-1,-1,2,0,2,0,1,0,0,0,1,1,1,1,2,0,0,2,2
130,6215.447,-8516.450,43.423,6.767,0.992205,-0.117463,0.041610,0.120319,0.989936,-0.074500,-0.032440,0.078926,0.996352,0,0.86684,-0.68953,52.010,-1.379,-1,375.000,-1,375.000,575.000,300.000,300.000,300.000,225.000,775.000,350.000,400.000,-1,675.000,625.000,-1,-1,2,0,2,0,1,0,0,0,1,1,1,1,2,0,0,2,2
131,6266.621,-8511.622,41.728,5.391,0.994868,-0.093674,0.038248,0.096307,0.992593,-0.074058,-0.031028,0.077362,0.996520,0,0.85668,-0.68786,51.401,-1.376,-1,375.000,-1,375.000,575.000,300.000,300.000,300.000,225.000,850.000,400.000,425.000,-1,675.000,625.000,-1,-1,2,0,2,0,1,0,0,0,1,1,1,1,2,0,0,2,2
132,6317.316,-8508.060,39.949,4.020,0.996944,-0.069904,0.034883,0.072315,0.994673,-0.073456,-0.029562,0.075754,0.996688,0,0.84700,-0.68560,50.820,-1.371,-1,375.000,-1,375.000,550.000,300.000,300.000,300.000,225.000,900.000,375.000,425.000,-1,675.000,625.000,-1,-1,2,0,2,0,1,0,0,0,1,1,0,0,2,0,0,2,2
133,6367.534,-8505.733,38.089,2.654,0.998435,-0.046185,0.031521,0.048376,0.996180,-0.072696,-0.028044,0.074107,0.996856,0,0.83784,-0.68279,50.271,-1.366,-1,375.000,-1,375.000,550.000,300.000,300.000,300.000,225.000,950.000,325.000,375.000,-1,675.000,625.000,-1,-1,2,0,2,0,1,0,0,0,1,1,0,0,2,0,0,2,2
134,6417.276,-8504.609,36.155,1.296,0.999349,-0.022550,0.028170,0.024523,0.997119,-0.071782,-0.026470,0.072426,0.997022,0,0.82925,-0.67947,49.755,-1.359,-1,375.000,-1,375.000,550.000,300.000,300.000,300.000,225.000,-1,300.000,325.000,-1,675.000,625.000,-1,-1,2,0,2,0,1,0,0,0,1,2,0,0,2,0,0,2,2
135,6466.551,-8504.659,34.151,-0.056,0.999691,0.000972,0.024834,0.000787,0.997496,-0.070718,-0.024840,0.070715,0.997187,0,0.82123,-0.67566,49.274,-1.351,-1,375.000,-1,375.000,525.000,300.000,300.000,300.000,225.000,-1,275.000,300.000,-1,675.000,625.000,-1,-1,2,0,2,0,1,0,0,0,1,2,0,0,2,0,0,2,2
136,6515.364,-8505.852,32.082,-1.399,0.999472,0.024350,0.021519,-0.022801,0.997321,-0.069506,-0.023154,0.068978,0.997349,0,0.81380,-0.67140,48.828,-1.343,-1,375.000,-1,350.000,525.000,300.000,300.000,300.000,225.000,-1,250.000,275.000,-1,675.000,650.000,-1,-1,2,0,2,0,1,0,0,0,1,2,0,0,2,0,0,2,2
137,6563.727,-8508.159,30.330,-2.732,0.998693,0.047553,0.018734,-0.046143,0.996506,-0.069614,-0.021978,0.068658,0.997398,0,0.80695,-0.66672,48.417,-1.333,-1,375.000,-1,350.000,525.000,300.000,300.000,300.000,200.000,-1,250.000,250.000,-1,675.000,650.000,-1,-1,2,0,2,0,1,0,0,0,1,2,0,0,2,0,0,2,2
138,6616.811,-8511.921,29.779,-4.053,0.997376,0.070515,0.016419,-0.069219,0.995191,-0.069302,-0.021227,0.067984,0.997461,0,0.88695,-0.66045,53.217,-1.321,-1,375.000,-1,350.000,-1,300.000,300.000,300.000,200.000,-1,275.000,300.000,-1,675.000,650.000,-1,-1,2,0,2,0,2,0,0,0,1,2,0,0,2,0,1,2,2
139,6669.821,-8516.910,29.230,-5.376,0.995525,0.093474,0.013863,-0.092316,0.993366,-0.068564,-0.020180,0.066978,0.997550,0,0.88739,-0.66132,53.243,-1.323,-1,375.000,-1,375.000,-1,300.000,300.000,300.000,200.000,-1,325.000,325.000,-1,700.000,650.000,-1,-1,2,0,2,0,2,0,0,0,1,2,0,0,2,0,0,2,2
140,6722.304,-8523.072,28.609,-6.696,0.993145,0.116342,0.011320,-0.115320,0.991017,-0.067722,-0.019097,0.065953,0.997640,0,0.88072,-0.66004,52.843,-1.320,-1,375.000,-1,375.000,-1,300.000,300.000,300.000,200.000,-1,350.000,350.000,-1,700.000,650.000,-1,-1,2,0,2,0,2,0,0,0,1,2,0,0,2,0,0,2,2
141,6774.243,-8530.383,27.921,-8.012,0.990241,0.139089,0.008793,-0.138202,0.988150,-0.066779,-0.017977,0.064912,0.997729,0,0.87417,-0.65823,52.450,-1.316,-1,375.000,-1,375.000,-1,300.000,300.000,300.000,200.000,-1,375.000,375.000,-1,700.000,675.000,-1,-1,2,0,2,0,2,0,0,0,1,2,0,0,2,0,0,2,2
142,6821.296,-8537.911,27.246,-9.089,0.987476,0.157638,0.006505,-0.156876,0.985422,-0.065824,-0.016787,0.063979,0.997810,0,0.79417,-0.53823,47.650,-1.076,-1,375.000,-1,375.000,-1,300.000,300.000,300.000,200.000,-1,400.000,400.000,675.000,725.000,675.000,-1,-1,2,0,2,0,2,0,0,0,1,2,0,0,1,0,0,2,2
143,6863.505,-8545.297,26.607,-9.925,0.985084,0.172016,0.004456,-0.171370,0.983067,-0.064897,-0.015543,0.063166,0.997882,0,0.71417,-0.41823,42.850,-0.836,-1,375.000,-1,375.000,-1,300.000,300.000,300.000,200.000,1000.000,400.000,425.000,625.000,725.000,675.000,-1,-1,2,0,2,0,2,0,0,0,1,1,0,0,1,0,0,2,2
144,6903.752,-8552.832,25.975,-10.604,0.982986,0.183661,0.002505,-0.183128,0.981006,-0.063963,-0.014205,0.062416,0.997949,0,0.68244,-0.33948,40.946,-0.679,-1,375.000,-1,375.000,-1,300.000,300.000,300.000,200.000,1000.000,425.000,425.000,600.000,750.000,675.000,-1,-1,2,0,2,1,2,0,0,0,1,1,0,0,1,0,0,2,2
145,6943.508,-8560.761,25.802,-11.277,0.980764,0.195199,-0.000460,-0.194863,0.978932,-0.060995,-0.011455,0.059911,0.998138,0,0.67564,-0.33643,40.538,-0.673,-1,375.000,-1,375.000,-1,325.000,325.000,300.000,200.000,975.000,425.000,425.000,600.000,750.000,700.000,-1,-1,2,0,2,0,2,0,0,0,1,1,0,0,1,0,0,2,2
146,6982.780,-8569.069,25.608,-11.943,0.978421,0.206595,-0.003337,-0.206438,0.976739,-0.058005,-0.008724,0.057442,0.998311,0,0.66902,-0.33302,40.141,-0.666,-1,400.000,-1,375.000,-1,325.000,325.000,300.000,200.000,975.000,375.000,425.000,575.000,775.000,725.000,-1,-1,2,0,2,0,2,0,0,0,1,1,0,0,1,0,0,2,2
147,7021.579,-8577.744,25.302,-12.601,0.975968,0.217833,-0.005935,-0.217823,0.974415,-0.055386,-0.006282,0.055347,0.998447,0,0.66261,-0.32926,39.756,-0.659,-1,400.000,-1,400.000,-1,325.000,325.000,300.000,200.000,975.000,325.000,375.000,575.000,775.000,750.000,-1,-1,2,0,2,0,2,0,0,0,1,1,0,0,1,0,0,2,2
148,7059.914,-8586.773,24.883,-13.252,0.973415,0.228901,-0.008263,-0.229013,0.971971,-0.053159,-0.004137,0.053638,0.998552,0,0.65640,-0.32518,39.384,-0.650,-1,400.000,-1,400.000,-1,325.000,325.000,300.000,200.000,975.000,300.000,350.000,575.000,800.000,750.000,-1,-1,2,0,2,0,2,0,0,0,1,1,0,0,1,0,0,2,2
149,7097.797,-8596.144,24.350,-13.893,0.970771,0.239787,-0.010333,-0.239998,0.969415,-0.051345,-0.002295,0.052324,0.998628,0,0.65042,-0.32078,39.025,-0.642,-1,400.000,-1,400.000,-1,325.000,325.000,300.000,200.000,975.000,300.000,325.000,575.000,825.000,775.000,-1,-1,2,0,2,0,2,0,0,0,1,1,0,0,1,0,0,2,2
150,7135.242,-8605.846,23.745,-14.526,0.968047,0.250477,-0.012066,-0.250766,0.966747,-0.050162,-0.000900,0.051585,0.998668,0,0.64467,-0.31608,38.680,-0.632,-1,400.000,-1,400.000,-1,325.000,325.000,300.000,200.000,975.000,275.000,325.000,575.000,825.000,775.000,-1,-1,2,0,2,0,2,0,0,0,1,1,0,0,1,0,0,2,2
151,7172.260,-8615.867,23.242,-15.148,0.965265,0.260953,-0.012909,-0.261271,0.963943,-0.050519,-0.000739,0.052137,0.998640,0,0.63918,-0.31110,38.351,-0.622,-1,400.000,-1,400.000,-1,325.000,325.000,300.000,200.000,975.000,300.000,325.000,550.000,850.000,775.000,-1,-1,2,0,2,0,2,0,0,0,1,1,0,0,1,0,0,2,2
152,7208.868,-8626.197,22.558,-15.759,0.962426,0.271219,-0.013298,-0.271542,0.961066,-0.051147,-0.001092,0.052836,0.998603,0,0.63396,-0.30583,38.038,-0.612,-1,400.000,-1,400.000,-1,325.000,325.000,300.000,200.000,1000.000,300.000,350.000,550.000,875.000,775.000,-1,-1,2,0,2,0,2,0,0,0,1,1,0,0,1,0,0,2,2
153,7245.081,-8636.827,21.753,-16.360,0.959536,0.281261,-0.013508,-0.281580,0.958114,-0.052258,-0.001756,0.053947,0.998542,0,0.62901,-0.30030,37.741,-0.601,-1,400.000,-1,400.000,-1,325.000,325.000,300.000,200.000,1000.000,325.000,350.000,550.000,875.000,750.000,-1,-1,2,0,2,0,2,0,0,0,1,1,0,0,1,0,0,2,2
154,7280.916,-8647.747,20.954,-16.949,0.956610,0.291079,-0.013064,-0.291356,0.955116,-0.053530,-0.003103,0.055013,0.998481,0,0.62436,-0.29452,37.461,-0.589,-1,400.000,-1,400.000,-1,325.000,325.000,300.000,200.000,-1,375.000,375.000,550.000,875.000,750.000,-1,-1,2,0,2,0,2,0,0,0,1,2,0,0,1,0,0,2,2
155,7316.389,-8658.950,20.319,-17.526,0.953649,0.300675,-0.012159,-0.300883,0.952113,-0.054310,-0.004753,0.055451,0.998450,0,0.62000,-0.28849,37.200,-0.577,-1,400.000,-1,400.000,-1,325.000,325.000,300.000,200.000,-1,425.000,425.000,550.000,875.000,750.000,-1,-1,2,0,2,0,2,0,0,0,1,2,0,0,1,0,0,2,2
156,7351.519,-8670.426,19.988,-18.090,0.950646,0.310052,-0.011808,-0.310229,0.949142,-0.053728,-0.005451,0.054740,0.998486,0,0.61595,-0.28222,36.957,-0.564,-1,400.000,-1,400.000,-1,325.000,325.000,300.000,200.000,-1,450.000,475.000,525.000,875.000,725.000,-1,-1,2,0,2,0,2,0,0,0,1,2,0,0,1,0,0,2,2
157,7386.325,-8682.169,19.649,-18.642,0.947623,0.319185,-0.011463,-0.319332,0.946150,-0.053161,-0.006123,0.054037,0.998520,0,0.61222,-0.27573,36.733,-0.551,-1,400.000,-1,400.000,-1,325.000,325.000,300.000,200.000,-1,475.000,500.000,525.000,875.000,750.000,-1,-1,2,0,2,0,2,0,0,0,1,2,0,0,1,0,0,2,2
158,7420.826,-8694.170,19.303,-19.180,0.944589,0.328068,-0.011122,-0.328187,0.943147,-0.052607,-0.006769,0.053342,0.998553,0,0.60880,-0.26902,36.528,-0.538,-1,400.000,-1,400.000,-1,325.000,325.000,300.000,200.000,-1,525.000,525.000,525.000,875.000,750.000,-1,-1,2,0,2,0,2,0,0,0,1,2,0,0,1,0,0,2,2
159,7455.041,-8706.424,18.951,-19.704,0.941552,0.336695,-0.010785,-0.336787,0.940140,-0.052067,-0.007391,0.052656,0.998585,0,0.60572,-0.26209,36.343,-0.524,-1,400.000,-1,375.000,-1,325.000,325.000,300.000,225.000,-1,550.000,575.000,525.000,900.000,750.000,-1,-1,2,0,2,0,2,0,0,0,1,2,0,0,1,0,0,2,2
160,7488.990,-8718.925,18.593,-20.214,0.938522,0.345061,-0.010453,-0.345127,0.937140,-0.051540,-0.007989,0.051979,0.998616,0,0.60296,-0.25496,36.177,-0.510,-1,400.000,-1,375.000,-1,325.000,325.000,300.000,225.000,-1,600.000,600.000,525.000,900.000,750.000,-1,-1,2,0,2,0,2,0,0,0,1,2,0,0,1,0,0,2,2
161,7522.693,-8731.667,18.231,-20.709,0.935508,0.353161,-0.010124,-0.353202,0.934155,-0.051026,-0.008563,0.051311,0.998646,0,0.60053,-0.24763,36.032,-0.495,-1,400.000,-1,375.000,-1,325.000,325.000,300.000,225.000,-1,625.000,650.000,525.000,900.000,750.000,-1,-1,2,0,2,0,2,0,0,0,1,2,0,0,1,0,0,2,2
162,7556.172,-8744.646,17.998,-21.189,0.932520,0.360999,-0.009256,-0.360992,0.931216,-0.050209,-0.009506,0.050163,0.998696,0,0.59843,-0.24010,35.906,-0.480,-1,400.000,-1,375.000,-1,325.000,325.000,300.000,250.000,-1,675.000,700.000,525.000,900.000,750.000,-1,-1,2,0,2,0,2,0,0,0,1,2,0,0,1,0,0,2,2
163,7589.445,-8757.858,18.145,-21.654,0.929569,0.368586,-0.006821,-0.368468,0.928373,-0.048522,-0.011551,0.047618,0.998799,0,0.59666,-0.23238,35.800,-0.465,-1,400.000,-1,375.000,-1,325.000,325.000,300.000,250.000,-1,775.000,800.000,525.000,900.000,750.000,-1,-1,2,0,2,0,2,0,0,0,1,2,0,0,1,0,0,2,2
164,7622.533,-8771.298,18.214,-22.103,0.926653,0.375888,-0.004680,-0.375680,0.925554,-0.047051,-0.013355,0.045358,0.998882,0,0.59523,-0.22446,35.714,-0.449,-1,400.000,-1,375.000,-1,325.000,325.000,300.000,275.000,-1,850.000,900.000,525.000,875.000,750.000,-1,-1,2,0,2,0,2,0,0,0,1,2,0,0,1,0,0,2,2
165,7655.457,-8784.961,18.201,-22.536,0.923785,0.382901,-0.002852,-0.382622,0.922769,-0.045798,-0.014904,0.043399,0.998947,0,0.59411,-0.21637,35.647,-0.433,-1,400.000,-1,375.000,975.000,325.000,325.000,300.000,275.000,-1,950.000,1000.000,525.000,875.000,750.000,-1,-1,2,0,2,0,1,0,0,0,1,2,0,0,1,0,0,2,2
166,7688.238,-8798.844,18.102,-22.952,0.920974,0.389621,-0.001360,-0.389287,0.920028,-0.044763,-0.016189,0.041755,0.998997,0,0.59333,-0.20809,35.600,-0.416,-1,400.000,-1,375.000,950.000,325.000,325.000,300.000,300.000,-1,-1,-1,525.000,875.000,750.000,-1,1000.000,2,0,2,0,1,0,0,0,1,2,2,2,1,0,0,2,1
167,7720.896,-8812.945,17.915,-23.351,0.918232,0.396044,-0.000226,-0.395670,0.917341,-0.043947,-0.017197,0.040443,0.999034,0,0.59286,-0.19962,35.572,-0.399,-1,400.000,-1,375.000,925.000,325.000,325.000,300.000,300.000,-1,-1,-1,550.000,875.000,750.000,-1,975.000,2,0,2,0,1,0,0,0,0,2,2,2,1,0,1,2,1
168,7753.451,-8827.258,17.570,-23.733,0.915565,0.402170,0.000441,-0.401780,0.914725,-0.043023,-0.017706,0.039213,0.999074,0,0.59271,-0.19098,35.563,-0.382,-1,425.000,-1,400.000,900.000,325.000,325.000,300.000,300.000,-1,-1,-1,550.000,875.000,750.000,-1,950.000,2,0,2,0,1,0,0,0,0,2,2,2,1,0,1,2,1
169,7785.923,-8841.783,17.106,-24.098,0.912985,0.407993,0.000682,-0.407604,0.912183,-0.042203,-0.017840,0.038253,0.999109,0,0.59288,-0.18215,35.573,-0.364,-1,425.000,-1,400.000,875.000,325.000,325.000,300.000,300.000,-1,-1,-1,550.000,875.000,725.000,-1,900.000,2,0,2,0,1,0,0,0,0,2,2,2,1,0,1,2,1
170,7818.334,-8856.515,16.342,-24.444,0.910494,0.413521,0.001437,-0.413117,0.909749,-0.041129,-0.018315,0.036854,0.999153,0,0.59336,-0.17315,35.601,-0.346,-1,425.000,-1,400.000,850.000,325.000,325.000,300.000,300.000,-1,-1,-1,575.000,875.000,725.000,-1,875.000,2,0,2,0,1,0,0,0,0,2,2,2,1,0,1,2,1
171,7855.082,-8873.302,15.322,-24.550,0.909715,0.415227,0.002043,-0.414821,0.909022,-0.040023,-0.018476,0.035562,0.999197,0,0.67336,-0.05315,40.401,-0.106,-1,425.000,-1,400.000,800.000,325.000,325.000,300.000,300.000,-1,-1,-1,575.000,875.000,700.000,-1,850.000,2,0,2,0,1,0,0,0,0,2,2,2,1,0,1,2,1
172,7894.570,-8891.229,14.073,-24.416,0.910677,0.413114,0.001921,-0.412729,0.910010,-0.039206,-0.017944,0.034911,0.999229,0,0.72277,0.06685,43.366,0.134,-1,425.000,-1,400.000,775.000,325.000,325.000,300.000,300.000,-1,-1,-1,575.000,875.000,700.000,-1,800.000,2,0,2,0,1,0,0,0,0,2,2,2,1,0,1,2,1
173,7934.203,-8908.909,12.635,-24.043,0.913353,0.407167,0.000866,-0.406829,0.912678,-0.038849,-0.016609,0.035130,0.999245,0,0.72329,0.18685,43.397,0.374,-1,425.000,-1,400.000,725.000,325.000,325.000,300.000,300.000,-1,-1,-1,575.000,875.000,700.000,-1,775.000,2,0,2,0,1,0,0,0,0,2,2,2,1,0,1,2,1
174,7974.059,-8926.181,11.798,-23.429,0.917647,0.397392,0.002133,-0.397044,0.917043,-0.037263,-0.016764,0.033347,0.999303,0,0.72396,0.30685,43.438,0.614,-1,425.000,-1,400.000,700.000,325.000,325.000,300.000,300.000,-1,-1,-1,600.000,875.000,675.000,-1,750.000,2,0,2,0,1,0,0,0,0,2,2,2,1,0,1,2,1
175,8014.222,-8942.880,10.859,-22.575,0.923451,0.383699,0.003630,-0.383327,0.922898,-0.036334,-0.017292,0.032161,0.999333,0,0.72493,0.42685,43.496,0.854,-1,425.000,-1,400.000,650.000,325.000,325.000,300.000,300.000,-1,-1,-1,600.000,875.000,675.000,-1,725.000,2,0,2,0,1,0,0,0,0,2,2,2,1,0,1,2,1
176,8054.774,-8958.839,9.770,-21.482,0.930592,0.366018,0.005357,-0.365602,0.930065,-0.036245,-0.018249,0.031771,0.999329,0,0.72633,0.54685,43.580,1.094,-1,425.000,-1,400.000,625.000,325.000,325.000,300.000,300.000,-1,-1,-1,625.000,850.000,675.000,-1,700.000,2,0,2,0,1,0,0,0,0,2,2,2,1,0,1,2,1
177,8095.791,-8973.912,8.722,-20.178,0.938664,0.344759,0.007091,-0.344303,0.938164,-0.036120,-0.019105,0.031463,0.999322,0,0.72831,0.65204,43.698,1.304,-1,425.000,-1,400.000,575.000,325.000,325.000,300.000,300.000,-1,-1,-1,650.000,850.000,650.000,-1,675.000,2,0,2,0,1,0,0,0,0,2,2,2,1,0,1,2,1
178,8137.301,-8988.080,7.719,-18.845,0.946408,0.322852,0.008849,-0.322355,0.945936,-0.035936,-0.019972,0.031158,0.999315,0,0.73103,0.66626,43.862,1.333,-1,400.000,-1,400.000,550.000,325.000,325.000,300.000,300.000,-1,-1,-1,675.000,850.000,650.000,-1,650.000,2,0,2,0,1,0,0,0,0,2,2,2,1,0,1,2,1
179,8179.358,-9001.327,6.759,-17.483,0.953792,0.300280,0.010633,-0.299743,0.953352,-0.035691,-0.020854,0.030855,0.999306,0,0.73489,0.68101,44.093,1.362,-1,400.000,-1,400.000,525.000,325.000,325.000,300.000,300.000,-1,-1,-1,700.000,825.000,675.000,-1,650.000,2,0,2,0,1,0,0,0,0,2,2,2,1,0,1,2,1
180,8226.358,-9014.800,5.754,-15.995,0.961238,0.275431,0.012635,-0.274851,0.960837,-0.035350,-0.021877,0.030507,0.999295,0,0.81489,0.74384,48.893,1.488,-1,400.000,-1,400.000,500.000,325.000,325.000,300.000,300.000,-1,-1,-1,750.000,825.000,675.000,-1,675.000,2,0,2,0,1,0,0,0,0,2,2,2,1,0,1,2,1
181,8278.339,-9028.248,4.719,-14.504,0.968043,0.250342,0.014868,-0.249714,0.967690,-0.034902,-0.023125,0.030074,0.999280,0,0.89489,0.74544,53.693,1.491,-1,400.000,-1,400.000,475.000,325.000,325.000,300.000,300.000,-1,-1,-1,800.000,825.000,675.000,-1,675.000,2,0,2,0,1,0,0,0,0,2,2,2,1,0,1,2,1
182,8331.838,-9040.609,3.726,-13.010,0.974202,0.225024,0.017173,-0.224350,0.973903,-0.034363,-0.024457,0.029624,0.999262,0,0.91513,0.74716,54.908,1.494,-1,400.000,-1,400.000,475.000,325.000,325.000,300.000,300.000,-1,-1,-1,875.000,800.000,675.000,-1,700.000,2,0,2,0,1,0,0,0,1,2,2,2,1,0,1,2,1
183,8385.908,-9051.623,2.793,-11.513,0.979703,0.199502,0.019507,-0.198782,0.979463,-0.033739,-0.025838,0.029177,0.999240,0,0.91967,0.74865,55.180,1.497,-1,400.000,-1,375.000,475.000,325.000,325.000,300.000,275.000,-1,-1,-1,950.000,800.000,700.000,-1,725.000,2,0,2,0,1,0,0,0,1,2,2,2,1,0,1,2,1
184,8440.444,-9061.254,1.920,-10.015,0.984533,0.173829,0.021866,-0.173065,0.984356,-0.033031,-0.027266,0.028736,0.999215,0,0.92301,0.74905,55.380,1.498,-1,400.000,-1,375.000,475.000,325.000,325.000,300.000,275.000,-1,-1,-1,-1,775.000,700.000,-1,750.000,2,0,2,0,1,0,0,0,1,2,2,2,2,0,1,2,1
185,8494.899,-9069.433,0.966,-8.542,0.988629,0.148474,0.023847,-0.147697,0.988528,-0.031592,-0.028264,0.027710,0.999216,0,0.91776,0.73647,55.066,1.473,-1,400.000,-1,375.000,500.000,325.000,325.000,300.000,275.000,-1,-1,-1,-1,775.000,700.000,-1,775.000,2,0,2,0,1,0,0,0,1,2,2,2,2,0,1,2,1
186,8549.162,-9076.187,-0.146,-7.095,0.992030,0.123466,0.025171,-0.122721,0.992010,-0.029262,-0.028583,0.025940,0.999255,0,0.91137,0.72362,54.682,1.447,-1,400.000,-1,375.000,525.000,325.000,325.000,300.000,275.000,-1,-1,-1,-1,750.000,725.000,-1,825.000,2,0,2,0,1,0,0,0,1,2,2,2,2,0,1,2,1
187,8603.131,-9081.548,-1.642,-5.673,0.994792,0.098823,0.024969,-0.098107,0.994770,-0.028412,-0.027646,0.025814,0.999284,0,0.90391,0.71064,54.235,1.421,-1,400.000,-1,375.000,550.000,325.000,325.000,300.000,275.000,-1,-1,-1,-1,750.000,725.000,-1,850.000,2,0,2,0,1,0,0,0,1,2,2,2,2,0,0,2,1
188,8656.712,-9085.550,-3.078,-4.272,0.996916,0.074460,0.024773,-0.073772,0.996893,-0.027609,-0.026752,0.025697,0.999312,0,0.89550,0.70083,53.730,1.402,-1,400.000,-1,375.000,575.000,325.000,325.000,300.000,275.000,-1,-1,-1,-1,750.000,725.000,-1,875.000,2,0,2,0,1,0,0,0,1,2,2,2,2,0,0,2,1
189,8709.822,-9088.217,-4.454,-2.875,0.998440,0.050136,0.024584,-0.049474,0.998414,-0.026854,-0.025891,0.025596,0.999337,0,0.88629,0.69843,53.177,1.397,-1,400.000,-1,375.000,600.000,325.000,325.000,300.000,250.000,-1,-1,-1,-1,750.000,700.000,-1,925.000,2,0,2,0,1,0,0,0,1,2,2,2,2,0,0,2,1
190,8762.389,-9089.577,-5.772,-1.481,0.999368,0.025845,0.024402,-0.025205,0.999340,-0.026149,-0.025062,0.025517,0.999360,0,0.87640,0.69666,52.584,1.393,-1,400.000,-1,375.000,625.000,325.000,325.000,300.000,250.000,-1,-1,-1,-1,725.000,700.000,-1,975.000,2,0,2,0,1,0,0,0,1,2,2,2,2,0,0,2,1
191,8814.353,-9089.659,-7.033,-0.090,0.999705,0.001577,0.024231,-0.000960,0.999675,-0.025493,-0.024264,0.025463,0.999381,0,0.86607,0.69551,51.964,1.391,-1,400.000,-1,400.000,650.000,325.000,325.000,300.000,250.000,-1,-1,-1,-1,725.000,700.000,-1,-1,2,0,2,0,1,0,0,0,1,2,2,2,2,0,0,2,2
192,8865.669,-9088.494,-8.240,1.300,0.999453,-0.022672,0.024074,0.023271,0.999419,-0.024890,-0.023495,0.025436,0.999400,0,0.85549,0.69498,51.330,1.390,-1,400.000,-1,375.000,675.000,325.000,325.000,300.000,250.000,-1,-1,-1,-1,725.000,675.000,-1,-1,2,0,2,0,1,0,0,0,1,2,2,2,2,0,0,2,2
193,8913.138,-9086.464,-9.329,2.449,0.998800,-0.042725,0.023957,0.043308,0.998765,-0.024362,-0.022886,0.025371,0.999416,0,0.79188,0.57498,47.513,1.150,-1,400.000,-1,375.000,700.000,325.000,325.000,300.000,250.000,-1,-1,-1,-1,700.000,675.000,-1,-1,2,0,2,0,1,0,0,0,1,2,2,2,2,0,0,2,2
194,8960.010,-9083.712,-10.382,3.359,0.997997,-0.058581,0.023880,0.059150,0.997964,-0.023864,-0.022434,0.025229,0.999430,0,0.78253,0.45498,46.952,0.910,-1,400.000,-1,375.000,700.000,325.000,325.000,300.000,250.000,-1,-1,-1,-1,700.000,675.000,-1,-1,2,0,2,0,1,0,0,0,1,2,2,2,2,0,0,2,2
195,9006.341,-9080.449,-11.408,4.029,0.997245,-0.070247,0.023842,0.070804,0.997216,-0.023387,-0.022133,0.025011,0.999442,0,0.77410,0.33498,46.446,0.670,-1,375.000,-1,375.000,725.000,325.000,325.000,300.000,250.000,-1,-1,-1,-1,700.000,675.000,-1,-1,2,0,2,0,1,0,0,0,1,2,2,2,2,0,0,2,2
196,9052.201,-9076.872,-12.415,4.459,0.996690,-0.077728,0.023838,0.078275,0.996668,-0.022924,-0.021977,0.024714,0.999453,0,0.76666,0.21498,46.000,0.430,-1,375.000,-1,375.000,725.000,325.000,300.000,300.000,275.000,-1,-1,-1,-1,700.000,650.000,-1,-1,2,0,2,0,1,0,0,0,1,2,2,2,2,0,0,2,2
197,9097.666,-9073.175,-13.411,4.649,0.996426,-0.081033,0.023866,0.081570,0.996414,-0.022466,-0.021960,0.024332,0.999463,0,0.76025,0.09498,45.615,0.190,-1,375.000,-1,375.000,725.000,300.000,300.000,300.000,275.000,-1,-1,-1,-1,675.000,650.000,-1,-1,2,0,2,0,1,0,0,0,1,2,2,2,2,0,0,2,2
198,9142.812,-9069.543,-14.403,4.599,0.996495,-0.080163,0.023922,0.080692,0.996496,-0.022007,-0.022074,0.023860,0.999472,0,0.75485,-0.02502,45.291,-0.050,-1,375.000,-1,375.000,725.000,300.000,300.000,300.000,275.000,-1,-1,-1,-1,675.000,650.000,-1,-1,2,0,2,0,1,0,0,0,1,2,2,2,2,0,0,2,2
199,9187.711,-9066.160,-15.245,4.309,0.996898,-0.075120,0.023502,0.075617,0.996916,-0.021012,-0.021851,0.022724,0.999503,0,0.75044,-0.14502,45.027,-0.290,-1,375.000,-1,375.000,725.000,300.000,300.000,300.000,275.000,-1,-1,-1,-1,675.000,650.000,-1,-1,2,0,2,0,1,0,0,0,1,2,2,2,2,0,0,2,2
200,9237.136,-9062.896,-15.720,3.779,0.997592,-0.065896,0.021624,0.066335,0.997591,-0.020272,-0.020237,0.021658,0.999561,0,0.82555,-0.26502,49.533,-0.530,-1,375.000,-1,375.000,725.000,300.000,300.000,300.000,275.000,-1,-1,-1,-1,675.000,650.000,-1,-1,2,0,2,0,1,0,0,0,1,2,2,2,2,0,0,2,2
201,9286.343,-9060.309,-16.057,3.009,0.998435,-0.052484,0.019309,0.052872,0.998397,-0.020182,-0.018219,0.021171,0.999610,0,0.82126,-0.38502,49.276,-0.770,-1,375.000,-1,375.000,700.000,300.000,300.000,300.000,275.000,-1,-1,-1,-1,675.000,650.000,-1,-1,2,0,2,0,1,0,0,0,1,2,2,2,2,0,0,2,2
202,9340.368,-9057.970,-16.451,2.479,0.998925,-0.043246,0.016718,0.043576,0.998851,-0.019950,-0.015836,0.020657,0.999661,0,0.90126,-0.26502,54.076,-0.530,-1,375.000,-1,375.000,725.000,300.000,300.000,300.000,275.000,-1,-1,-1,-1,675.000,650.000,-1,-1,2,0,2,0,1,0,0,0,1,2,2,2,2,0,0,2,2
203,9397.506,-9055.786,-16.882,2.189,0.999173,-0.038189,0.013943,0.038459,0.999068,-0.019616,-0.013181,0.020136,0.999710,0,0.95298,-0.14502,57.179,-0.290,-1,375.000,-1,375.000,750.000,300.000,300.000,300.000,275.000,-1,-1,-1,800.000,675.000,650.000,-1,-1,2,0,2,0,1,0,0,0,1,2,2,2,1,0,0,2,2
204,9454.260,-9053.666,-17.317,2.139,0.999241,-0.037317,0.011161,0.037527,0.999110,-0.019242,-0.010433,0.019647,0.999753,0,0.94656,-0.02502,56.794,-0.050,-1,375.000,-1,375.000,800.000,300.000,300.000,300.000,275.000,-1,775.000,900.000,675.000,675.000,650.000,-1,-1,2,0,2,0,1,0,0,0,1,2,0,0,1,0,0,2,2
205,9510.581,-9051.375,-17.751,2.329,0.999139,-0.040629,0.008382,0.040782,0.998990,-0.018868,-0.007607,0.019194,0.999787,0,0.93946,0.09498,56.368,0.190,-1,375.000,-1,375.000,-1,325.000,300.000,300.000,275.000,-1,650.000,725.000,625.000,675.000,650.000,-1,-1,2,0,2,0,2,0,0,0,1,2,0,0,1,0,0,2,2
206,9566.424,-9048.684,-18.178,2.759,0.998826,-0.048125,0.005613,0.048222,0.998665,-0.018532,-0.004714,0.018781,0.999813,0,0.93179,0.21498,55.908,0.430,-1,375.000,-1,375.000,-1,325.000,300.000,300.000,275.000,-1,550.000,600.000,625.000,675.000,675.000,-1,-1,2,0,2,0,2,0,0,0,1,2,0,0,1,0,0,2,2
207,9621.746,-9045.369,-18.592,3.429,0.998206,-0.059799,0.002863,0.059842,0.998041,-0.018273,-0.001765,0.018412,0.999829,0,0.92369,0.33498,55.422,0.670,-1,375.000,-1,375.000,-1,325.000,300.000,300.000,275.000,-1,475.000,525.000,600.000,700.000,675.000,-1,-1,2,0,2,0,2,0,0,0,1,2,0,0,1,0,0,2,2
208,9676.508,-9041.214,-18.992,4.339,0.997135,-0.075642,0.000143,0.075632,0.996971,-0.018128,0.001229,0.018087,0.999836,0,0.91532,0.45498,54.919,0.910,-1,375.000,-1,375.000,-1,325.000,300.000,300.000,275.000,-1,425.000,475.000,600.000,700.000,675.000,-1,-1,2,0,2,0,2,0,0,0,1,2,0,0,1,0,0,2,2
209,9730.670,-9036.010,-19.374,5.489,0.995413,-0.095636,-0.002537,0.095575,0.995257,-0.018132,0.004259,0.017806,0.999832,0,0.90686,0.57498,54.411,1.150,-1,375.000,-1,375.000,-1,300.000,300.000,300.000,275.000,-1,400.000,425.000,600.000,700.000,675.000,-1,-1,2,0,2,0,2,0,0,0,1,2,0,0,1,0,0,2,2
210,9784.191,-9029.553,-19.737,6.879,0.992791,-0.119750,-0.005161,0.119638,0.992649,-0.018318,0.007317,0.017568,0.999819,0,0.89849,0.69498,53.909,1.390,-1,375.000,-1,375.000,-1,300.000,300.000,300.000,300.000,-1,350.000,400.000,575.000,700.000,675.000,-1,-1,2,0,2,0,2,0,0,0,1,2,0,0,1,0,0,2,2
211,9837.027,-9021.649,-19.557,8.509,0.988968,-0.147942,-0.007383,0.147803,0.988875,-0.016720,0.009775,0.015445,0.999833,0,0.89040,0.81498,53.424,1.630,-1,375.000,-1,375.000,-1,300.000,300.000,300.000,300.000,-1,350.000,400.000,575.000,700.000,675.000,-1,-1,2,0,2,0,2,0,0,0,1,2,0,0,1,0,0,2,2
212,9889.160,-9012.286,-18.945,10.182,0.984207,-0.176769,-0.009474,0.176621,0.984169,-0.014690,0.011920,0.012785,0.999847,0,0.88278,0.83690,52.967,1.674,-1,375.000,-1,375.000,-1,300.000,300.000,300.000,300.000,-1,375.000,425.000,600.000,700.000,675.000,-1,-1,2,0,2,0,2,0,0,0,1,2,0,0,1,0,0,2,2
213,9944.667,-9000.634,-17.805,11.855,0.978609,-0.205425,-0.011187,0.205258,0.978600,-0.014504,0.013927,0.011898,0.999832,0,0.94528,0.83638,56.717,1.673,-1,375.000,-1,375.000,-1,300.000,300.000,300.000,300.000,-1,400.000,450.000,600.000,725.000,700.000,-1,-1,2,0,2,0,2,0,0,0,0,2,0,0,1,0,0,2,2
214,9999.214,-8987.510,-16.641,13.528,0.972174,-0.233905,-0.012890,0.233717,0.972196,-0.014548,0.015934,0.011131,0.999811,0,0.93505,0.83633,56.103,1.673,-1,375.000,-1,375.000,-1,325.000,300.000,300.000,300.000,-1,450.000,500.000,600.000,725.000,700.000,-1,-1,2,0,2,0,2,0,0,0,0,2,0,0,1,0,0,2,2
215,10052.771,-8972.957,-15.484,15.202,0.964903,-0.262207,-0.014508,0.262000,0.964956,-0.014679,0.017849,0.010362,0.999787,0,0.92498,0.83698,55.499,1.674,-1,375.000,-1,375.000,-1,325.000,300.000,300.000,300.000,-1,475.000,525.000,600.000,750.000,700.000,-1,-1,2,0,2,0,2,0,0,0,0,2,0,0,1,0,0,2,2
216,10105.323,-8957.012,-14.337,16.878,0.956792,-0.290329,-0.016042,0.290106,0.956879,-0.014887,0.019672,0.009590,0.999760,0,0.91530,0.83829,54.918,1.677,-1,400.000,-1,375.000,-1,325.000,325.000,300.000,300.000,-1,500.000,550.000,600.000,750.000,700.000,-1,-1,2,0,2,0,2,0,0,0,0,2,0,0,1,0,0,2,2
217,10156.868,-8939.707,-13.202,18.559,0.947839,-0.318268,-0.017492,0.318028,0.947960,-0.015163,0.021408,0.008810,0.999732,0,0.90620,0.84024,54.372,1.680,-1,400.000,-1,375.000,-1,325.000,325.000,300.000,300.000,-1,525.000,600.000,600.000,775.000,700.000,-1,-1,2,0,2,0,2,0,0,0,0,2,0,0,1,0,0,2,2
218,10207.412,-8921.066,-12.080,20.245,0.938039,-0.346016,-0.018859,0.345762,0.938194,-0.015501,0.023057,0.008019,0.999702,0,0.89787,0.84279,53.872,1.686,-1,400.000,-1,375.000,-1,325.000,325.000,300.000,300.000,-1,575.000,625.000,600.000,775.000,725.000,-1,-1,2,0,2,0,2,0,0,0,0,2,0,0,1,0,0,2,2
219,10256.969,-8901.108,-10.973,21.936,0.927385,-0.373566,-0.020145,0.373298,0.927575,-0.015891,0.024622,0.007217,0.999671,0,0.89041,0.84591,53.425,1.692,-1,400.000,-1,375.000,-1,325.000,325.000,300.000,300.000,-1,600.000,650.000,625.000,800.000,725.000,-1,-1,2,0,2,0,2,0,0,0,0,2,0,0,1,0,0,2,2
220,10305.556,-8879.845,-9.883,23.635,0.915870,-0.400907,-0.021352,0.400626,0.916096,-0.016330,0.026107,0.006402,0.999639,0,0.88393,0.84954,53.036,1.699,-1,400.000,-1,375.000,975.000,325.000,325.000,300.000,300.000,-1,625.000,675.000,625.000,800.000,725.000,-1,-1,2,0,2,0,1,0,0,0,0,2,0,0,1,0,0,2,2
221,10353.191,-8857.284,-8.798,25.343,0.903487,-0.428026,-0.022471,0.427733,0.903750,-0.016760,0.027482,0.005531,0.999607,0,0.87847,0.85366,52.708,1.707,-1,400.000,-1,400.000,975.000,325.000,325.000,300.000,300.000,-1,650.000,700.000,625.000,825.000,750.000,-1,-1,2,0,2,0,1,0,0,0,0,2,0,0,1,0,0,2,2
222,10399.894,-8833.427,-7.416,27.059,0.890235,-0.454909,-0.023223,0.454648,0.890531,-0.015780,0.027859,0.003490,0.999606,0,0.87406,0.85824,52.443,1.716,-1,400.000,-1,400.000,1000.000,325.000,325.000,300.000,300.000,-1,700.000,775.000,650.000,850.000,750.000,-1,-1,2,0,2,0,1,0,0,0,0,2,0,0,1,0,0,2,2
223,10445.681,-8808.271,-6.048,28.786,0.876098,-0.481534,-0.024024,0.481308,0.876426,-0.014814,0.028189,0.001416,0.999602,0,0.87070,0.86323,52.242,1.726,-1,400.000,-1,400.000,-1,325.000,325.000,300.000,300.000,-1,750.000,825.000,675.000,850.000,775.000,-1,-1,2,0,2,0,2,0,0,0,0,2,0,0,1,0,0,2,2
224,10490.562,-8781.810,-4.725,30.523,0.861071,-0.507882,-0.024741,0.507692,0.861426,-0.013917,0.028380,-0.000577,0.999597,0,0.86836,0.86860,52.102,1.737,-1,400.000,-1,400.000,-1,325.000,325.000,300.000,300.000,-1,800.000,900.000,700.000,875.000,775.000,-1,-1,2,0,2,0,2,0,0,0,0,2,0,0,1,0,0,2,2
225,10534.548,-8754.034,-3.455,32.272,0.845148,-0.533931,-0.025342,0.533776,0.845524,-0.013088,0.028415,-0.002466,0.999593,0,0.86702,0.87433,52.021,1.749,-1,400.000,-1,400.000,-1,325.000,325.000,300.000,300.000,-1,875.000,975.000,750.000,900.000,800.000,-1,-1,2,0,2,0,2,0,0,0,0,2,0,0,1,0,0,2,2
226,10577.639,-8724.933,-2.229,34.032,0.828322,-0.559656,-0.025859,0.559537,0.828714,-0.012305,0.028316,-0.004276,0.999590,0,0.86662,0.88040,51.997,1.761,-1,400.000,-1,400.000,-1,325.000,325.000,300.000,300.000,-1,950.000,-1,800.000,900.000,800.000,-1,-1,2,0,2,0,2,0,0,0,0,2,0,2,1,0,0,2,2
227,10616.037,-8697.490,-0.994,35.553,0.813184,-0.581450,-0.025450,0.581352,0.813566,-0.011851,0.027596,-0.005159,0.999606,0,0.78662,0.76040,47.197,1.521,-1,400.000,-1,400.000,-1,325.000,325.000,300.000,300.000,-1,-1,-1,850.000,925.000,825.000,-1,-1,2,0,2,0,2,0,0,0,0,2,2,2,1,0,0,2,2
228,10651.818,-8670.689,0.166,36.834,0.799997,-0.599488,-0.024872,0.599407,0.800363,-0.011422,0.026754,-0.005771,0.999625,0,0.74508,0.64040,44.705,1.281,-1,425.000,-1,400.000,-1,325.000,325.000,300.000,300.000,-1,-1,-1,925.000,925.000,825.000,-1,-1,2,0,2,0,2,0,0,0,0,2,2,2,1,0,0,2,2
229,10687.195,-8643.174,1.294,37.875,0.788992,-0.613925,-0.024249,0.613859,0.789340,-0.010946,0.025861,-0.006250,0.999646,0,0.74696,0.52040,44.818,1.041,-1,425.000,-1,400.000,-1,325.000,325.000,300.000,300.000,-1,-1,-1,975.000,950.000,825.000,-1,-1,2,0,2,0,2,0,0,0,0,2,2,2,1,0,0,2,2
230,10722.302,-8615.073,2.389,38.676,0.780352,-0.624895,-0.023591,0.624844,0.780681,-0.010416,0.024926,-0.006613,0.999667,0,0.74949,0.40040,44.969,0.801,-1,425.000,-1,400.000,-1,325.000,325.000,300.000,300.000,-1,-1,-1,-1,950.000,850.000,-1,-1,2,0,2,0,2,0,0,0,0,2,2,2,2,0,0,2,2
231,10759.536,-8584.666,3.416,39.236,0.774220,-0.632503,-0.022870,0.632478,0.774523,-0.009231,0.023551,-0.007318,0.999696,0,0.80120,0.28040,48.072,0.561,-1,425.000,-1,400.000,-1,325.000,325.000,300.000,300.000,-1,-1,-1,-1,950.000,850.000,-1,-1,2,0,2,0,2,0,0,0,0,2,2,2,2,0,0,2,2
232,10796.535,-8554.093,4.379,39.568,0.770570,-0.636971,-0.022141,0.636973,0.770846,-0.007871,0.022081,-0.008038,0.999724,0,0.79995,0.16576,47.997,0.332,-1,425.000,-1,400.000,-1,325.000,325.000,300.000,300.000,-1,-1,-1,-1,950.000,850.000,-1,-1,2,0,2,0,2,0,0,0,0,2,2,2,2,0,0,2,2
233,10833.293,-8523.363,5.287,39.896,0.766929,-0.641375,-0.021407,0.641403,0.767177,-0.006403,0.020529,-0.008820,0.999750,0,0.79851,0.16422,47.911,0.328,-1,425.000,-1,400.000,-1,325.000,325.000,300.000,300.000,-1,-1,-1,-1,975.000,850.000,-1,-1,2,0,2,0,2,0,0,0,0,2,2,2,2,0,0,2,2
234,10871.489,-8491.329,6.180,39.985,0.765963,-0.642553,-0.020633,0.642608,0.766181,-0.004754,0.018863,-0.009618,0.999776,0,0.83085,0.04422,49.851,0.088,-1,425.000,-1,400.000,-1,325.000,325.000,300.000,300.000,-1,-1,-1,-1,950.000,850.000,-1,-1,2,0,2,0,2,0,0,0,0,2,2,2,2,0,0,2,2
235,10909.615,-8459.401,7.015,39.944,0.766442,-0.642007,-0.019850,0.642085,0.766627,-0.002993,0.017139,-0.010451,0.999798,0,0.82883,-0.02021,49.730,-0.040,-1,425.000,-1,400.000,-1,325.000,325.000,300.000,300.000,-1,-1,-1,-1,950.000,875.000,-1,-1,2,0,2,0,2,0,0,0,0,2,2,2,2,0,0,2,2
236,10947.673,-8427.578,7.777,39.901,0.766952,-0.641422,-0.019059,0.641520,0.767105,-0.001196,0.015388,-0.011309,0.999818,0,0.82682,-0.02165,49.609,-0.043,-1,425.000,-1,400.000,-1,325.000,325.000,300.000,300.000,-1,-1,-1,-1,950.000,875.000,-1,-1,2,0,2,0,2,0,0,0,0,2,2,2,2,0,0,2,2
237,10985.658,-8395.868,8.468,39.855,0.767488,-0.640803,-0.018260,0.640919,0.767608,0.000645,0.013603,-0.012198,0.999833,0,0.82469,-0.02284,49.481,-0.046,-1,425.000,-1,400.000,-1,350.000,325.000,300.000,300.000,-1,-1,-1,-1,950.000,875.000,-1,-1,2,0,2,0,2,0,0,0,0,2,2,2,2,0,0,2,2
238,11026.041,-8361.922,9.126,40.050,0.765337,-0.643394,-0.017416,0.643525,0.765420,0.002655,0.011623,-0.013240,0.999845,0,0.87925,0.09716,52.755,0.194,-1,425.000,-1,400.000,-1,350.000,325.000,300.000,300.000,-1,-1,-1,-1,950.000,875.000,-1,-1,2,0,2,0,2,0,0,0,0,2,2,2,2,0,0,2,2
239,11066.038,-8327.781,9.699,40.484,0.760464,-0.649168,-0.016594,0.649309,0.760510,0.004703,0.009567,-0.014351,0.999851,0,0.87645,0.21716,52.587,0.434,-1,425.000,-1,400.000,-1,350.000,325.000,300.000,300.000,-1,-1,-1,-1,950.000,875.000,-1,-1,2,0,2,0,2,0,0,0,0,2,2,2,2,0,0,2,2
240,11105.487,-8293.297,10.101,41.158,0.752804,-0.658065,-0.015411,0.658206,0.752808,0.006712,0.007185,-0.015196,0.999859,0,0.87326,0.33716,52.395,0.674,-1,425.000,-1,425.000,-1,350.000,325.000,300.000,300.000,-1,-1,-1,-1,925.000,875.000,-1,-1,2,0,2,0,2,0,0,0,0,2,2,2,2,0,0,2,2
241,11144.221,-8258.331,10.398,42.073,0.742239,-0.669985,-0.014188,0.670119,0.742202,0.008743,0.004673,-0.015997,0.999861,0,0.86971,0.45716,52.183,0.914,-1,425.000,-1,425.000,-1,350.000,325.000,300.000,300.000,-1,-1,-1,-1,925.000,875.000,-1,-1,2,0,2,0,2,0,0,0,0,2,2,2,2,0,0,2,2
242,11182.076,-8222.749,10.483,43.227,0.728627,-0.684797,-0.012447,0.684908,0.728550,0.010725,0.001723,-0.016340,0.999865,0,0.86587,0.57716,51.952,1.154,-1,425.000,-1,425.000,-1,350.000,325.000,300.000,300.000,-1,-1,-1,-1,925.000,875.000,-1,-1,2,0,2,0,2,0,0,0,0,2,2,2,2,0,0,2,2
243,11218.880,-8186.428,10.341,44.621,0.711785,-0.702325,-0.010112,0.702395,0.711674,0.012683,-0.001711,-0.016130,0.999868,0,0.86181,0.69716,51.709,1.394,-1,425.000,-1,425.000,-1,350.000,325.000,300.000,300.000,-1,-1,-1,-1,900.000,850.000,-1,-1,2,0,2,0,2,0,0,0,0,2,2,2,2,0,0,2,2
244,11254.461,-8149.253,10.088,46.255,0.691494,-0.722338,-0.007997,0.722364,0.691356,0.014740,-0.005118,-0.015969,0.999859,0,0.85764,0.81716,51.458,1.634,-1,425.000,-1,400.000,-1,325.000,325.000,300.000,300.000,-1,-1,-1,-1,900.000,850.000,-1,-1,2,0,2,0,2,0,0,0,0,2,2,2,2,0,0,2,2
245,11288.680,-8111.158,9.674,48.068,0.668318,-0.743848,-0.006408,0.743830,0.668156,0.016900,-0.008290,-0.016062,0.999837,0,0.85346,0.90651,51.207,1.813,-1,425.000,-1,400.000,-1,325.000,325.000,300.000,300.000,-1,-1,-1,-1,875.000,825.000,-1,-1,2,0,2,0,2,0,0,0,0,2,2,2,2,0,0,2,2
246,11321.519,-8072.179,9.173,49.886,0.644408,-0.764665,-0.004996,0.764597,0.644225,0.019108,-0.011392,-0.016133,0.999805,0,0.84946,0.90880,50.968,1.818,-1,425.000,-1,400.000,-1,325.000,325.000,300.000,300.000,-1,-1,-1,-1,875.000,825.000,-1,-1,2,0,2,0,2,0,0,0,0,2,2,2,2,0,0,2,2
247,11352.971,-8032.340,8.588,51.709,0.619772,-0.784773,-0.003763,0.784650,0.619572,0.021343,-0.014418,-0.016181,0.999765,0,0.84597,0.91156,50.758,1.823,-1,425.000,-1,400.000,-1,325.000,325.000,300.000,300.000,-1,-1,-1,-1,850.000,825.000,-1,-1,2,0,2,0,2,0,0,0,0,2,2,2,2,0,0,2,2
248,11383.031,-7991.659,7.920,53.539,0.594416,-0.804153,-0.002710,0.803970,0.594201,0.023587,-0.017357,-0.016199,0.999718,0,0.84304,0.91477,50.582,1.830,-1,400.000,-1,400.000,-1,325.000,325.000,300.000,300.000,-1,-1,-1,-1,850.000,825.000,-1,-1,2,0,2,0,2,0,0,0,0,2,2,2,2,1,0,2,2
249,11411.692,-7950.150,7.161,55.376,0.568349,-0.822785,-0.001854,0.822538,0.568120,0.025885,-0.020244,-0.016237,0.999663,0,0.84071,0.91841,50.443,1.837,-1,400.000,-1,400.000,-1,325.000,325.000,300.000,300.000,-1,-1,-1,-1,825.000,800.000,-1,-1,2,0,2,0,2,0,0,0,0,2,2,2,2,1,0,2,2
250,11438.948,-7907.824,6.299,57.220,0.541581,-0.840648,-0.001220,0.840331,0.541336,0.028279,-0.023112,-0.016341,0.999599,0,0.83903,0.92246,50.342,1.845,-1,400.000,-1,400.000,-1,325.000,325.000,300.000,300.000,-1,-1,-1,-1,775.000,800.000,-1,-1,2,0,2,0,2,0,0,0,0,2,2,2,2,1,0,2,2
251,11464.789,-7864.691,5.278,59.074,0.514112,-0.857723,-0.000638,0.857340,0.513860,0.030271,-0.025636,-0.016109,0.999542,0,0.83802,0.92690,50.281,1.854,-1,400.000,-1,400.000,-1,325.000,325.000,275.000,300.000,-1,-1,-1,1000.000,750.000,800.000,-1,-1,2,0,2,0,2,0,0,0,0,2,2,2,1,1,0,2,2
252,11491.430,-7816.481,4.054,61.074,0.483872,-0.875139,-0.000143,0.874684,0.483616,0.032315,-0.028210,-0.015762,0.999478,0,0.91802,1.00000,55.081,2.000,-1,400.000,-1,400.000,-1,325.000,325.000,275.000,300.000,-1,-1,-1,975.000,725.000,775.000,-1,-1,2,0,2,0,2,0,0,0,0,2,2,2,1,1,0,2,2
253,11516.830,-7766.472,2.503,63.074,0.453022,-0.891499,0.000607,0.890993,0.452787,0.033394,-0.030045,-0.014588,0.999442,0,0.93483,1.00000,56.090,2.000,-1,400.000,-1,400.000,-1,325.000,325.000,275.000,300.000,-1,-1,-1,1000.000,700.000,775.000,-1,-1,2,0,2,0,2,0,0,0,0,2,2,2,1,1,0,2,2
254,11540.659,-7715.197,0.766,65.074,0.421606,-0.906778,0.001474,0.906231,0.421408,0.034068,-0.031513,-0.013028,0.999418,0,0.94235,1.00000,56.541,2.000,-1,400.000,-1,400.000,-1,325.000,325.000,275.000,300.000,-1,-1,-1,-1,675.000,775.000,-1,-1,2,0,2,0,2,0,0,0,0,2,2,2,2,1,0,2,2
255,11562.861,-7662.704,-1.064,67.074,0.389673,-0.920951,0.002321,0.920365,0.389512,0.034760,-0.032916,-0.011409,0.999393,0,0.94992,1.00000,56.995,2.000,-1,400.000,975.000,400.000,-1,325.000,325.000,275.000,300.000,-1,-1,-1,-1,650.000,725.000,-1,975.000,2,0,1,0,2,0,0,0,0,2,2,2,2,1,1,2,1
256,11583.380,-7609.043,-2.960,69.074,0.357262,-0.933999,0.003065,0.933378,0.357141,0.035431,-0.034187,-0.009797,0.999367,0,0.95750,1.00000,57.450,2.000,-1,400.000,925.000,400.000,-1,325.000,325.000,275.000,300.000,-1,-1,-1,-1,625.000,675.000,-1,875.000,2,0,1,0,2,0,0,0,0,2,2,2,2,1,1,2,1
257,11602.163,-7554.272,-4.918,71.071,0.324462,-0.945891,0.003719,0.945239,0.324380,0.036062,-0.035317,-0.008185,0.999343,0,0.96505,0.99854,57.903,1.997,-1,400.000,875.000,400.000,950.000,325.000,325.000,275.000,300.000,-1,-1,-1,-1,625.000,625.000,-1,775.000,2,1,1,0,1,0,0,0,0,2,2,2,2,1,1,2,1
258,11619.165,-7498.452,-6.932,73.061,0.291396,-0.956593,0.004297,0.955914,0.291354,0.036638,-0.036300,-0.006568,0.999319,0,0.97251,0.99464,58.351,1.989,-1,375.000,850.000,400.000,825.000,325.000,325.000,275.000,300.000,-1,-1,-1,-1,600.000,550.000,-1,700.000,2,1,1,0,1,1,0,0,0,2,2,2,2,1,1,2,1
259,11634.340,-7441.655,-8.994,75.041,0.258133,-0.966097,0.004817,0.965396,0.258131,0.037145,-0.037129,-0.004938,0.999298,0,0.97984,0.99001,58.790,1.980,-1,375.000,800.000,375.000,700.000,300.000,325.000,275.000,300.000,-1,-1,-1,-1,575.000,500.000,-1,600.000,2,1,1,1,1,1,1,0,0,2,2,2,2,1,1,2,1
260,11647.652,-7383.954,-11.096,77.010,0.224745,-0.974403,0.005300,0.973684,0.224784,0.037569,-0.037799,-0.003283,0.999280,0,0.98694,0.98458,59.217,1.969,975.000,350.000,775.000,350.000,600.000,300.000,300.000,275.000,300.000,-1,-1,-1,-1,575.000,450.000,-1,525.000,0,1,1,1,1,1,1,0,0,2,2,2,2,1,1,2,1
261,11659.063,-7325.431,-13.231,78.966,0.191306,-0.981514,0.005768,0.980783,0.191386,0.037903,-0.038306,-0.001594,0.999265,0,0.99375,0.97827,59.625,1.957,925.000,350.000,725.000,300.000,500.000,275.000,275.000,275.000,300.000,-1,-1,-1,-1,575.000,425.000,-1,425.000,0,1,1,1,1,1,1,0,0,2,2,2,2,1,1,2,1
262,11668.544,-7266.185,-15.393,80.908,0.157891,-0.987437,0.006230,0.986700,0.158014,0.038132,-0.038637,0.000126,0.999253,0,1.00000,0.97102,60.000,1.942,875.000,325.000,700.000,275.000,400.000,275.000,250.000,275.000,300.000,-1,-1,-1,-1,575.000,375.000,975.000,375.000,0,1,1,1,1,1,1,0,0,2,2,2,2,1,1,0,1
263,11676.029,-7206.654,-17.286,82.834,0.124547,-0.992184,0.007681,0.991499,0.124747,0.036985,-0.037654,0.003009,0.999286,0,1.00000,0.96272,60.000,1.925,850.000,325.000,725.000,250.000,325.000,250.000,225.000,275.000,300.000,-1,-1,-1,-1,600.000,350.000,925.000,300.000,0,1,1,1,1,1,1,0,0,2,2,2,2,1,1,0,1
264,11681.759,-7146.929,-16.276,84.519,0.095587,-0.995420,-0.001395,0.995035,0.095511,0.027987,-0.027725,-0.004063,0.999607,0,1.00000,0.84272,60.000,1.685,850.000,350.000,850.000,250.000,275.000,250.000,225.000,275.000,325.000,-1,-1,-1,-1,675.000,325.000,975.000,275.000,0,1,1,1,1,1,1,0,0,2,2,2,2,0,1,0,1
265,11685.979,-7087.078,-13.496,85.965,0.070587,-0.997362,-0.016928,0.997428,0.070360,0.013649,-0.012422,-0.017848,0.999764,0,1.00000,0.72272,60.000,1.445,900.000,375.000,-1,250.000,275.000,275.000,225.000,275.000,375.000,-1,425.000,525.000,-1,700.000,350.000,-1,250.000,0,1,2,1,1,1,1,0,0,2,0,0,2,0,1,2,1
266,11688.938,-7027.151,-10.849,87.170,0.049292,-0.998293,-0.031329,0.998781,0.049346,-0.000973,0.002518,-0.031242,0.999509,0,1.00000,0.60272,60.000,1.205,925.000,400.000,-1,250.000,250.000,275.000,250.000,275.000,400.000,-1,225.000,325.000,-1,750.000,350.000,-1,250.000,0,1,2,1,1,1,1,0,0,2,0,0,2,0,1,2,1
267,11690.886,-6967.183,-8.323,88.136,0.031773,-0.998490,-0.044819,0.999349,0.032503,-0.015652,0.017085,-0.044292,0.998873,0,1.00000,0.48272,60.000,0.965,975.000,450.000,-1,275.000,225.000,300.000,250.000,275.000,450.000,950.000,150.000,250.000,-1,775.000,350.000,-1,250.000,0,1,2,1,1,1,1,0,0,0,0,0,2,0,1,2,1
268,11692.073,-6907.194,-5.896,88.861,0.018078,-0.998172,-0.057667,0.999346,0.019845,-0.030214,0.031303,-0.057083,0.997879,0,1.00000,0.36272,60.000,0.725,-1,475.000,-1,275.000,225.000,325.000,250.000,250.000,475.000,650.000,100.000,225.000,-1,825.000,375.000,-1,225.000,2,1,2,1,1,1,1,0,1,0,0,0,2,0,1,2,1
269,11692.750,-6847.196,-3.541,89.346,0.008233,-0.997501,-0.070174,0.998943,0.011378,-0.044532,0.045220,-0.069733,0.996540,0,1.00000,0.24272,60.000,0.485,-1,500.000,-1,275.000,225.000,325.000,275.000,250.000,450.000,500.000,75.000,200.000,-1,850.000,400.000,-1,225.000,2,0,2,1,1,1,1,0,1,0,0,0,2,0,1,2,1
270,11693.170,-6787.196,-1.225,89.592,0.002240,-0.996575,-0.082668,0.998261,0.007098,-0.058519,0.058905,-0.082393,0.994858,0,1.00000,0.12272,60.000,0.245,-1,525.000,-1,275.000,200.000,350.000,275.000,250.000,400.000,400.000,75.000,175.000,-1,900.000,450.000,-1,225.000,2,0,2,1,1,1,1,0,1,0,0,0,2,0,1,2,1
271,-5575.425,1639.832,148.093,79.208,0.186294,-0.982003,0.031073,0.981902,0.187186,0.028816,-0.034114,0.025142,0.999102,1,0.00000,0.00000,60.000,0.005,-1,375.000,-1,375.000,-1,325.000,325.000,300.000,300.000,-1,-1,-1,-1,725.000,725.000,-1,-1,2,0,2,0,2,0,0,0,0,2,2,2,2,0,0,2,2
272,-5576.304,1635.113,148.259,79.448,0.182174,-0.982774,0.031108,0.982675,0.183071,0.028905,-0.034102,0.025303,0.999098,0,-0.08000,0.12000,-4.800,0.240,-1,375.000,-1,375.000,-1,325.000,325.000,300.000,300.000,-1,-1,-1,-1,725.000,725.000,-1,-1,2,0,2,0,2,0,0,0,0,2,2,2,2,0,0,2,2
273,-5577.983,1625.661,148.589,79.928,0.173925,-0.984265,0.031177,0.984169,0.174830,0.029082,-0.034075,0.025625,0.999091,0,-0.16000,0.24000,-9.600,0.480,-1,375.000,-1,375.000,-1,325.000,325.000,325.000,300.000,-1,-1,-1,-1,725.000,725.000,-1,-1,2,0,2,0,2,0,0,0,0,2,2,2,2,0,0,2,2
274,-5580.323,1611.453,149.080,80.648,0.161530,-0.986372,0.031276,0.986281,0.162445,0.029349,-0.034030,0.026106,0.999080,0,-0.24000,0.36000,-14.400,0.720,-1,375.000,-1,375.000,-1,325.000,325.000,325.000,300.000,-1,-1,-1,-1,725.000,725.000,-1,-1,2,0,2,0,2,0,0,0,0,2,2,2,2,0,0,2,2
275,-5583.126,1592.458,149.724,81.608,0.144963,-0.988939,0.031399,0.988854,0.145894,0.029707,-0.033960,0.026743,0.999065,0,-0.32000,0.48000,-19.200,0.960,-1,375.000,-1,375.000,-1,325.000,325.000,325.000,300.000,-1,-1,-1,-1,725.000,725.000,-1,-1,2,0,2,0,2,0,0,0,0,2,2,2,2,0,0,2,2
276,-5586.131,1568.647,150.515,82.808,0.124199,-0.991756,0.031541,0.991680,0.125149,0.030158,-0.033856,0.027533,0.999047,0,-0.40000,0.60000,-24.000,1.200,-1,375.000,-1,375.000,-1,325.000,325.000,325.000,300.000,-1,-1,-1,-1,725.000,725.000,-1,-1,2,0,2,0,2,0,0,0,0,2,2,2,2,0,0,2,2
277,-5589.018,1539.992,151.441,84.248,0.099212,-0.994562,0.031690,0.994495,0.100184,0.030700,-0.033708,0.028470,0.999026,0,-0.48000,0.72000,-28.800,1.440,-1,375.000,-1,375.000,-1,325.000,325.000,325.000,300.000,-1,-1,-1,-1,725.000,725.000,-1,-1,2,0,2,0,2,0,0,0,0,2,2,2,2,0,0,2,2
278,-5591.118,1510.489,152.363,85.928,0.069987,-0.997040,0.031816,0.996988,0.070980,0.031261,-0.033427,0.029532,0.999005,0,-0.49295,0.84000,-29.577,1.680,-1,375.000,-1,375.000,-1,325.000,325.000,325.000,300.000,-1,-1,-1,-1,725.000,725.000,-1,-1,2,0,2,0,2,0,0,0,0,2,2,2,2,0,0,2,2
279,-5592.284,1480.869,153.254,87.748,0.038265,-0.998758,0.031910,0.998721,0.039280,0.031822,-0.033036,0.030651,0.998984,0,-0.49405,0.90993,-29.643,1.820,-1,375.000,-1,375.000,-1,325.000,325.000,325.000,300.000,-1,-1,-1,-1,725.000,725.000,-1,-1,2,0,2,0,2,0,0,0,0,2,2,2,2,0,0,2,2
280,-5592.507,1451.154,154.114,89.570,0.006457,-0.999468,0.031972,0.999448,0.007493,0.032379,-0.032601,0.031745,0.998964,0,-0.49525,0.91134,-29.715,1.823,-1,375.000,-1,375.000,-1,325.000,325.000,300.000,300.000,-1,-1,-1,-1,725.000,725.000,-1,-1,2,0,2,0,2,0,0,0,0,2,2,2,2,0,0,2,2
281,-5591.782,1421.379,154.940,91.396,-0.025396,-0.999165,0.032004,0.999161,-0.024341,0.032928,-0.032121,0.032813,0.998945,0,-0.49641,0.91253,-29.785,1.825,-1,375.000,-1,375.000,-1,325.000,300.000,300.000,300.000,-1,-1,-1,-1,725.000,725.000,-1,-1,2,0,2,0,2,0,0,0,0,2,2,2,2,0,0,2,2
282,-5590.104,1391.574,155.732,93.223,-0.057255,-0.997846,0.032005,0.997860,-0.056182,0.033466,-0.031596,0.033853,0.998927,0,-0.49752,0.91351,-29.851,1.827,-1,375.000,-1,375.000,-1,325.000,300.000,300.000,300.000,-1,-1,-1,-1,725.000,725.000,-1,-1,2,0,2,0,2,0,0,0,0,2,2,2,2,0,0,2,2
283,-5587.471,1361.774,156.488,95.051,-0.089080,-0.995511,0.031978,0.995541,-0.087991,0.033990,-0.031023,0.034863,0.998910,0,-0.49861,0.91428,-29.916,1.829,-1,375.000,-1,375.000,-1,325.000,300.000,300.000,300.000,-1,-1,-1,-1,725.000,725.000,-1,-1,2,0,2,0,2,0,0,0,0,2,2,2,2,0,0,2,2
284,-5584.462,1336.838,157.129,96.881,-0.120829,-0.992154,0.032094,0.992214,-0.119727,0.034298,-0.030187,0.035989,0.998896,0,-0.41861,0.91484,-25.116,1.830,-1,375.000,-1,375.000,-1,325.000,300.000,300.000,300.000,-1,-1,-1,-1,725.000,700.000,-1,-1,2,0,2,0,2,0,0,0,0,2,2,2,2,0,0,2,2
285,-5581.386,1316.755,157.676,98.711,-0.152457,-0.987778,0.032419,0.987884,-0.151346,0.034340,-0.029014,0.037262,0.998884,0,-0.33861,0.91512,-20.316,1.830,-1,375.000,-1,375.000,-1,325.000,300.000,300.000,300.000,-1,-1,-1,-1,725.000,725.000,-1,-1,2,0,2,0,2,0,0,0,0,2,2,2,2,0,0,2,2
286,-5578.548,1301.500,158.074,100.541,-0.183924,-0.982398,0.032658,0.982548,-0.182810,0.034353,-0.027778,0.038406,0.998876,0,-0.25861,0.91516,-15.516,1.830,-1,375.000,-1,375.000,-1,325.000,300.000,300.000,300.000,-1,-1,-1,-1,725.000,725.000,-1,-1,2,0,2,0,2,0,0,0,0,2,2,2,2,0,0,2,2
287,-5576.252,1291.032,158.337,102.370,-0.215175,-0.976024,0.032813,0.976216,-0.214063,0.034339,-0.026492,0.039422,0.998871,0,-0.17861,0.91449,-10.716,1.829,-1,400.000,-1,375.000,-1,325.000,325.000,300.000,300.000,-1,-1,-1,-1,750.000,725.000,-1,-1,2,0,2,0,2,0,0,0,0,2,2,2,2,0,0,2,2
288,-5574.802,1285.296,158.477,104.198,-0.246177,-0.968667,0.032886,0.968898,-0.245071,0.034300,-0.025165,0.040307,0.998870,0,-0.09861,0.91374,-5.916,1.827,-1,400.000,-1,375.000,-1,325.000,325.000,300.000,300.000,-1,-1,-1,-1,750.000,725.000,-1,-1,2,0,2,0,2,0,0,0,0,2,2,2,2,0,0,2,2
289,-5574.494,1284.223,158.508,106.024,-0.276907,-0.960334,0.032878,0.960602,-0.275813,0.034232,-0.023806,0.041062,0.998873,0,-0.01861,0.91326,-1.116,1.827,-1,400.000,-1,375.000,-1,325.000,325.000,300.000,300.000,-1,-1,-1,-1,750.000,725.000,-1,-1,2,0,2,0,2,0,0,0,0,2,2,2,2,0,0,2,2
290,-5575.623,1287.728,158.442,107.851,-0.307350,-0.951032,0.032790,0.951332,-0.306270,0.034136,-0.022422,0.041686,0.998879,0,0.06139,0.91315,3.684,1.826,-1,400.000,-1,375.000,-1,325.000,325.000,300.000,300.000,-1,-1,-1,-1,750.000,725.000,-1,-1,2,0,2,0,2,0,0,0,0,2,2,2,2,0,0,2,2
291,-5578.480,1295.716,158.293,109.678,-0.337490,-0.940764,0.032623,0.941094,-0.336429,0.034009,-0.021019,0.042179,0.998889,0,0.14139,0.91355,8.484,1.827,-1,400.000,-1,375.000,-1,325.000,325.000,300.000,300.000,-1,-1,-1,-1,750.000,725.000,-1,-1,2,0,2,0,2,0,0,0,0,2,2,2,2,0,0,2,2
292,-5583.350,1308.074,158.074,111.507,-0.367319,-0.929531,0.032379,0.929888,-0.366281,0.033849,-0.019604,0.042542,0.998902,0,0.22139,0.91457,13.284,1.829,-1,400.000,-1,375.000,-1,325.000,325.000,300.000,300.000,-1,-1,-1,-1,750.000,725.000,-1,-1,2,0,2,0,2,0,0,0,0,2,2,2,2,0,0,2,2
293,-5590.515,1324.678,157.798,113.340,-0.396830,-0.917332,0.032060,0.917712,-0.395818,0.033652,-0.018180,0.042776,0.998919,0,0.30139,0.91638,18.084,1.833,-1,400.000,-1,375.000,-1,325.000,325.000,300.000,300.000,-1,-1,-1,-1,775.000,725.000,-1,-1,2,0,2,0,2,0,0,0,0,2,2,2,2,0,0,2,2
294,-5600.250,1345.387,157.476,115.177,-0.425999,-0.904169,0.031669,0.904568,-0.425017,0.033414,-0.016752,0.042881,0.998940,0,0.38139,0.91845,22.884,1.837,-1,400.000,-1,375.000,-1,325.000,325.000,300.000,300.000,-1,-1,-1,-1,775.000,725.000,-1,-1,2,0,2,0,2,0,0,0,0,2,2,2,2,0,0,2,2
295,-5612.826,1370.048,157.121,117.019,-0.454817,-0.890038,0.031208,0.890453,-0.453867,0.033129,-0.015322,0.042857,0.998964,0,0.46139,0.92120,27.684,1.842,-1,400.000,-1,375.000,-1,325.000,325.000,300.000,300.000,-1,-1,-1,-1,800.000,725.000,-1,-1,2,0,2,0,2,0,0,0,0,2,2,2,2,0,0,2,2
296,-5628.509,1398.495,156.743,118.869,-0.483281,-0.874928,0.030678,0.875355,-0.482368,0.032781,-0.013883,0.042697,0.998992,0,0.54139,0.92502,32.484,1.850,-1,400.000,-1,375.000,-1,325.000,325.000,300.000,300.000,-1,-1,-1,-1,825.000,725.000,-1,-1,2,0,2,0,2,0,0,0,0,2,2,2,2,0,0,2,2
297,-5647.560,1430.543,156.299,120.729,-0.511399,-0.858815,0.030139,0.859252,-0.510518,0.032510,-0.012534,0.042523,0.999017,0,0.62139,0.93010,37.284,1.860,-1,400.000,-1,375.000,-1,325.000,325.000,300.000,300.000,-1,-1,-1,-1,825.000,725.000,-1,-1,2,0,2,0,2,0,0,0,0,2,2,2,2,0,0,2,2
298,-5670.235,1465.995,155.844,122.602,-0.539172,-0.841677,0.029550,0.842121,-0.538325,0.032209,-0.011202,0.042251,0.999044,0,0.70139,0.93663,42.084,1.873,-1,400.000,-1,375.000,-1,325.000,325.000,300.000,300.000,-1,-1,-1,-1,850.000,725.000,-1,-1,2,0,2,0,2,0,0,0,0,2,2,2,2,0,0,2,2
299,-5696.784,1504.637,155.397,124.492,-0.566605,-0.823483,0.028903,0.823931,-0.565795,0.031836,-0.009863,0.041853,0.999075,0,0.78139,0.94481,46.884,1.890,-1,400.000,-1,375.000,-1,325.000,325.000,300.000,300.000,-1,-1,-1,-1,875.000,725.000,-1,-1,2,0,2,0,2,0,0,0,0,2,2,2,2,0,0,2,2
