timestep,x_cm,y_cm,z_cm,yaw_deg,teleport_flag,throttle_cmd,steering_cmd,cmd_move_cm,cmd_turn_deg,lidar_cm_0,lidar_cm_1,lidar_cm_2,lidar_cm_3,lidar_cm_4,lidar_cm_5,lidar_cm_6,lidar_cm_7,lidar_cm_8,lidar_cm_9,lidar_cm_10,lidar_cm_11,lidar_cm_12,lidar_cm_13,lidar_cm_14,lidar_cm_15,lidar_cm_16,lidar_class_0,lidar_class_1,lidar_class_2,lidar_class_3,lidar_class_4,lidar_class_5,lidar_class_6,lidar_class_7,lidar_class_8,lidar_class_9,lidar_class_10,lidar_class_11,lidar_class_12,lidar_class_13,lidar_class_14,lidar_class_15,lidar_class_16
0,2291.032,8198.340,-63.879,-170.257,1,0.08000,0.12000,4.800,0.240,275.000,300.000,-1,375.000,-1,275.000,300.000,225.000,575.000,-1,400.000,200.000,225.000,450.000,700.000,300.000,-1,0,0,2,0,2,0,0,0,0,2,1,1,1,0,0,0,2
1,2281.584,8196.636,-64.820,-169.777,0,0.16000,0.24000,9.600,0.480,300.000,300.000,-1,375.000,-1,275.000,300.000,225.000,575.000,-1,400.000,200.000,225.000,475.000,700.000,325.000,-1,0,0,2,0,2,0,0,0,0,2,1,1,1,0,0,0,2
2,2267.446,8193.903,-66.251,-169.057,0,0.24000,0.36000,14.400,0.720,325.000,300.000,-1,375.000,-1,275.000,300.000,250.000,550.000,-1,425.000,175.000,225.000,475.000,700.000,375.000,-1,0,0,2,0,2,0,0,0,0,2,1,1,1,0,0,0,2
3,2248.658,8189.949,-68.187,-168.116,0,0.32000,0.47033,19.200,0.941,375.000,300.000,-1,375.000,-1,275.000,300.000,250.000,525.000,-1,425.000,150.000,250.000,500.000,725.000,425.000,-1,0,0,2,0,2,0,0,0,0,2,1,1,1,0,0,0,2
4,2225.258,8184.616,-70.582,-167.161,0,0.40000,0.47726,24.000,0.955,450.000,325.000,-1,375.000,-1,275.000,300.000,250.000,475.000,-1,425.000,125.000,250.000,525.000,725.000,550.000,-1,0,0,2,0,2,0,0,0,0,2,1,1,1,0,0,0,2
5,2201.160,8178.692,-73.045,-166.189,0,0.41358,0.48605,24.815,0.972,575.000,325.000,-1,400.000,-1,275.000,300.000,250.000,450.000,-1,400.000,125.000,275.000,575.000,750.000,750.000,-1,0,0,2,0,2,0,0,0,0,2,1,1,1,0,0,0,2
6,2177.130,8172.342,-75.492,-165.199,0,0.41426,0.49530,24.856,0.991,825.000,350.000,-1,400.000,-1,300.000,300.000,275.000,425.000,-1,350.000,100.000,300.000,600.000,750.000,-1,-1,0,0,2,0,2,0,0,0,0,2,1,1,1,0,0,2,2
7,2153.139,8165.549,-77.913,-164.189,0,0.41557,0.50470,24.934,1.009,-1,350.000,-1,400.000,-1,300.000,300.000,275.000,400.000,-1,325.000,75.000,300.000,650.000,775.000,-1,-1,2,0,2,0,2,0,0,0,0,2,1,1,1,0,0,2,2
8,2129.164,8158.292,-80.296,-163.161,0,0.41748,0.51427,25.049,1.029,-1,375.000,-1,400.000,-1,300.000,325.000,275.000,375.000,-1,275.000,75.000,325.000,675.000,800.000,-1,-1,2,0,2,0,2,0,0,0,0,2,1,1,1,0,0,2,2
9,2105.184,8150.553,-82.629,-162.113,0,0.41996,0.52400,25.198,1.048,-1,375.000,-1,400.000,-1,325.000,325.000,300.000,350.000,-1,250.000,50.000,350.000,725.000,800.000,-1,-1,2,0,2,0,2,0,0,0,0,2,1,1,1,0,0,2,2
10,2081.181,8142.309,-84.896,-161.045,0,0.42299,0.53390,25.379,1.068,-1,400.000,-1,400.000,-1,325.000,325.000,300.000,325.000,-1,200.000,50.000,375.000,800.000,825.000,-1,-1,2,0,2,0,2,0,0,0,0,2,1,1,1,0,0,2,2
11,2057.139,8133.538,-85.144,-159.957,0,0.42654,0.54398,25.592,1.088,-1,400.000,-1,400.000,-1,325.000,325.000,300.000,300.000,-1,200.000,50.000,425.000,800.000,850.000,-1,-1,2,0,2,0,2,0,0,0,0,2,1,1,1,0,0,2,2
12,2033.044,8124.215,-84.610,-158.848,0,0.43060,0.55424,25.836,1.108,-1,400.000,-1,400.000,-1,325.000,325.000,300.000,300.000,-1,200.000,75.000,500.000,825.000,850.000,-1,-1,2,0,2,0,2,0,0,0,0,2,1,1,1,0,0,2,2
13,2008.884,8114.316,-84.182,-157.719,0,0.43515,0.56469,26.109,1.129,-1,400.000,-1,400.000,-1,325.000,325.000,300.000,300.000,-1,225.000,100.000,600.000,825.000,850.000,-1,-1,2,0,2,0,2,0,0,0,0,2,1,1,1,0,0,2,2
14,1984.652,8103.814,-83.745,-156.568,0,0.44017,0.57534,26.410,1.151,-1,400.000,-1,400.000,-1,325.000,325.000,300.000,300.000,-1,225.000,125.000,725.000,825.000,850.000,-1,-1,2,0,2,0,2,0,0,0,0,2,1,1,1,0,0,2,2
15,1960.341,8092.682,-83.322,-155.396,0,0.44564,0.58618,26.739,1.172,-1,400.000,-1,400.000,-1,325.000,325.000,300.000,300.000,-1,225.000,150.000,-1,825.000,850.000,-1,-1,2,0,2,0,2,0,0,0,0,2,1,1,2,0,0,2,2
16,1935.948,8080.890,-82.881,-154.202,0,0.45156,0.59723,27.094,1.194,-1,400.000,-1,400.000,-1,325.000,325.000,300.000,300.000,-1,250.000,175.000,-1,825.000,850.000,-1,-1,2,0,2,0,2,0,0,0,0,2,1,1,2,0,0,2,2
17,1911.472,8068.411,-82.420,-152.985,0,0.45791,0.60849,27.474,1.217,-1,400.000,-1,400.000,-1,325.000,325.000,300.000,300.000,-1,275.000,200.000,-1,825.000,850.000,-1,-1,2,0,2,0,2,0,0,0,0,2,1,1,2,0,0,2,2
18,1886.914,8055.212,-81.937,-151.745,0,0.46466,0.61996,27.880,1.240,-1,400.000,-1,400.000,-1,325.000,325.000,300.000,300.000,-1,275.000,250.000,-1,825.000,850.000,-1,-1,2,0,2,0,2,0,0,0,0,2,1,1,2,0,0,2,2
19,1862.280,8041.264,-81.432,-150.481,0,0.47182,0.63165,28.309,1.263,-1,400.000,-1,400.000,-1,325.000,325.000,300.000,300.000,-1,300.000,275.000,-1,825.000,850.000,-1,-1,2,0,2,0,2,0,0,0,0,2,1,1,2,0,0,2,2
20,1837.576,8026.535,-80.904,-149.194,0,0.47936,0.64356,28.762,1.287,-1,400.000,-1,400.000,-1,325.000,325.000,300.000,300.000,-1,325.000,300.000,-1,825.000,850.000,-1,-1,2,0,2,0,2,0,0,0,0,2,1,1,2,0,0,2,2
21,1812.814,8010.991,-80.350,-147.883,0,0.48727,0.65570,29.236,1.311,-1,400.000,-1,400.000,-1,325.000,325.000,300.000,300.000,-1,325.000,350.000,-1,825.000,850.000,-1,-1,2,0,2,0,2,0,0,0,0,2,1,1,2,0,0,2,2
22,1788.007,7994.601,-79.769,-146.547,0,0.49554,0.66807,29.732,1.336,-1,400.000,-1,400.000,-1,325.000,325.000,300.000,300.000,-1,350.000,375.000,-1,825.000,850.000,-1,-1,2,0,2,0,2,0,0,0,0,2,1,1,2,0,0,2,2
23,1763.173,7977.331,-79.161,-145.185,0,0.50415,0.68066,30.249,1.361,-1,400.000,-1,400.000,-1,325.000,325.000,300.000,300.000,-1,400.000,425.000,-1,825.000,850.000,-1,-1,2,0,2,0,2,0,0,0,0,2,1,1,2,0,0,2,2
24,1738.331,7959.149,-78.543,-143.798,0,0.51308,0.69349,30.785,1.387,-1,400.000,-1,400.000,-1,325.000,325.000,300.000,300.000,-1,425.000,450.000,-1,825.000,850.000,-1,-1,2,0,2,0,2,0,0,0,0,2,1,1,2,0,0,2,2
25,1713.507,7940.021,-77.951,-142.385,0,0.52232,0.70655,31.339,1.413,-1,400.000,-1,400.000,-1,325.000,325.000,300.000,300.000,-1,450.000,500.000,-1,825.000,850.000,-1,-1,2,0,2,0,2,0,0,0,0,2,1,1,2,0,0,2,2
26,1688.801,7919.823,-77.323,-140.732,0,0.53185,0.82655,31.911,1.653,-1,400.000,-1,400.000,-1,325.000,325.000,300.000,300.000,-1,500.000,550.000,-1,800.000,850.000,-1,-1,2,0,2,0,2,0,0,0,0,2,1,1,2,0,0,2,2
27,1664.332,7898.431,-76.648,-138.839,0,0.54169,0.94655,32.501,1.893,-1,400.000,-1,400.000,-1,325.000,325.000,300.000,300.000,-1,525.000,600.000,-1,800.000,850.000,-1,-1,2,0,2,0,2,0,0,0,0,2,1,1,2,0,0,2,2
28,1640.179,7875.782,-75.926,-136.839,0,0.55186,1.00000,33.111,2.000,-1,400.000,-1,400.000,-1,325.000,325.000,300.000,300.000,-1,575.000,675.000,-1,800.000,850.000,-1,-1,2,0,2,0,2,0,0,0,0,2,1,1,2,0,0,2,2
29,1614.503,7849.961,-75.103,-134.839,0,0.60690,1.00000,36.414,2.000,-1,400.000,-1,400.000,-1,325.000,325.000,300.000,300.000,-1,625.000,750.000,-1,800.000,850.000,-1,-1,2,0,2,0,2,0,0,0,0,2,1,1,2,0,0,2,2
30,1589.275,7822.754,-74.297,-132.839,0,0.61839,1.00000,37.104,2.000,-1,400.000,-1,400.000,-1,325.000,325.000,300.000,300.000,-1,700.000,825.000,-1,800.000,850.000,-1,-1,2,0,2,0,2,0,0,0,0,2,1,1,2,0,0,2,2
31,1564.553,7794.153,-73.594,-130.839,0,0.63008,1.00000,37.805,2.000,-1,400.000,-1,400.000,-1,325.000,325.000,300.000,300.000,-1,775.000,900.000,-1,775.000,850.000,-1,-1,2,0,2,0,2,0,0,0,0,2,1,1,2,0,0,2,2
32,1540.399,7764.154,-72.900,-128.839,0,0.64191,1.00000,38.514,2.000,-1,400.000,-1,400.000,-1,325.000,325.000,300.000,300.000,-1,850.000,975.000,-1,775.000,850.000,-1,-1,2,0,2,0,2,0,0,0,0,2,1,1,2,0,0,2,2
33,1516.878,7732.757,-72.173,-126.839,0,0.65383,1.00000,39.230,2.000,-1,400.000,-1,400.000,-1,325.000,325.000,300.000,300.000,-1,925.000,-1,-1,775.000,825.000,-1,-1,2,0,2,0,2,0,0,0,0,2,1,2,2,0,0,2,2
34,1494.056,7699.969,-71.413,-124.839,0,0.66581,1.00000,39.949,2.000,-1,400.000,-1,400.000,-1,325.000,325.000,300.000,300.000,-1,-1,-1,-1,775.000,825.000,-1,-1,2,0,2,0,2,0,0,0,0,2,2,2,2,0,0,2,2
35,1472.003,7665.800,-70.635,-122.839,0,0.67780,1.00000,40.668,2.000,-1,400.000,-1,400.000,-1,325.000,325.000,300.000,300.000,-1,-1,-1,-1,775.000,825.000,-1,-1,2,0,2,0,2,0,0,0,0,2,2,2,2,0,0,2,2
36,1450.788,7630.266,-69.853,-120.839,0,0.68976,1.00000,41.385,2.000,-1,400.000,-1,400.000,-1,325.000,325.000,300.000,300.000,-1,-1,-1,-1,775.000,825.000,-1,-1,2,0,2,0,2,0,0,0,0,2,2,2,2,0,0,2,2
37,1430.481,7593.388,-69.040,-118.839,0,0.70165,1.00000,42.099,2.000,-1,400.000,-1,400.000,-1,325.000,325.000,300.000,300.000,-1,-1,-1,-1,775.000,825.000,-1,-1,2,0,2,0,2,0,0,0,0,2,2,2,2,0,0,2,2
38,1411.155,7555.193,-68.196,-116.839,0,0.71344,1.00000,42.806,2.000,-1,400.000,-1,400.000,-1,325.000,325.000,300.000,300.000,-1,-1,-1,-1,775.000,825.000,-1,-1,2,0,2,0,2,0,0,0,0,2,2,2,2,0,0,2,2
39,1391.746,7513.264,-67.269,-114.839,0,0.77006,1.00000,46.203,2.000,-1,400.000,-1,400.000,-1,325.000,325.000,300.000,300.000,-1,-1,-1,-1,775.000,800.000,-1,-1,2,0,2,0,2,0,0,0,0,2,2,2,2,0,0,2,2
40,1373.543,7470.043,-66.312,-112.839,0,0.78164,1.00000,46.898,2.000,-1,400.000,-1,400.000,-1,325.000,325.000,300.000,300.000,-1,-1,-1,-1,775.000,800.000,-1,-1,2,0,2,0,2,0,0,0,0,2,2,2,2,0,0,2,2
41,1356.609,7425.556,-65.324,-110.839,0,0.79334,1.00000,47.600,2.000,-1,400.000,-1,400.000,-1,325.000,325.000,300.000,300.000,-1,-1,-1,-1,775.000,800.000,-1,-1,2,0,2,0,2,0,0,0,0,2,2,2,2,0,0,2,2
42,1341.010,7379.836,-64.306,-108.839,0,0.80514,1.00000,48.308,2.000,1000.000,400.000,-1,400.000,-1,325.000,325.000,300.000,300.000,-1,-1,-1,-1,750.000,800.000,-1,-1,1,0,2,0,2,0,0,0,0,2,2,2,2,0,0,2,2
43,1326.809,7332.916,-63.258,-106.839,0,0.81703,1.00000,49.022,2.000,975.000,400.000,-1,400.000,-1,325.000,325.000,300.000,300.000,-1,-1,-1,-1,750.000,775.000,950.000,-1,1,0,2,0,2,0,0,0,0,2,2,2,2,0,0,1,2
44,1314.131,7285.063,-62.196,-104.839,0,0.82506,1.00000,49.504,2.000,925.000,400.000,-1,400.000,-1,325.000,325.000,300.000,300.000,-1,-1,-1,-1,750.000,775.000,900.000,-1,1,0,2,0,2,0,0,0,0,2,2,2,2,1,0,1,2
45,1303.052,7236.455,-61.128,-102.839,0,0.83091,1.00000,49.855,2.000,900.000,400.000,-1,400.000,-1,325.000,325.000,300.000,300.000,-1,-1,-1,-1,725.000,775.000,850.000,-1,1,0,2,0,2,0,0,0,0,2,2,2,2,1,0,1,2
46,1293.609,7187.133,-60.105,-100.839,0,0.83695,1.00000,50.217,2.000,875.000,400.000,-1,400.000,-1,325.000,325.000,300.000,300.000,-1,-1,-1,-1,700.000,775.000,800.000,-1,1,0,2,0,2,0,0,0,0,2,2,2,2,1,1,1,2
47,1285.835,7137.143,-59.086,-98.839,0,0.84318,1.00000,50.591,2.000,850.000,400.000,-1,400.000,-1,325.000,325.000,300.000,325.000,-1,-1,-1,-1,675.000,750.000,775.000,-1,1,0,2,0,2,0,0,0,0,2,2,2,2,1,1,1,2
48,1279.765,7086.531,-58.032,-96.839,0,0.84958,1.00000,50.975,2.000,825.000,400.000,-1,400.000,-1,325.000,325.000,300.000,325.000,-1,-1,-1,-1,625.000,725.000,725.000,-1,1,0,2,0,2,0,0,0,0,2,2,2,2,1,1,1,2
49,1275.431,7035.345,-56.951,-94.839,0,0.85616,1.00000,51.369,2.000,800.000,400.000,-1,400.000,1000.000,325.000,325.000,300.000,325.000,-1,-1,-1,-1,600.000,725.000,675.000,-1,1,0,2,0,1,0,0,0,0,2,2,2,2,1,1,1,2
50,1272.670,6984.013,-55.855,-93.079,0,0.85677,0.88000,51.406,1.760,775.000,400.000,-1,400.000,925.000,325.000,325.000,300.000,325.000,-1,-1,-1,-1,575.000,725.000,650.000,1000.000,1,0,2,0,1,0,0,0,0,2,2,2,2,1,1,1,1
51,1271.261,6932.222,-54.737,-91.559,0,0.86349,0.76000,51.809,1.520,725.000,400.000,-1,400.000,875.000,325.000,325.000,300.000,325.000,-1,-1,-1,-1,550.000,725.000,600.000,975.000,1,0,2,0,1,0,0,0,0,2,2,2,2,1,1,1,1
52,1271.006,6880.010,-53.600,-90.279,0,0.87021,0.64000,52.213,1.280,700.000,375.000,-1,400.000,825.000,325.000,325.000,300.000,325.000,-1,-1,-1,-1,500.000,725.000,550.000,975.000,1,1,2,1,1,0,0,0,0,2,2,2,2,1,1,1,1
53,1271.705,6827.401,-52.445,-89.239,0,0.87691,0.52000,52.614,1.040,625.000,350.000,1000.000,375.000,800.000,325.000,325.000,300.000,325.000,-1,-1,-1,-1,475.000,750.000,525.000,975.000,1,1,1,1,1,1,1,0,0,2,2,2,2,1,1,1,1
54,1273.149,6774.407,-51.275,-88.439,0,0.88356,0.40000,53.013,0.800,575.000,325.000,900.000,375.000,775.000,300.000,300.000,300.000,300.000,-1,-1,-1,-1,450.000,750.000,475.000,975.000,1,1,1,1,1,1,1,0,0,2,2,2,2,1,1,1,1
55,1275.126,6721.036,-50.091,-87.879,0,0.89013,0.28000,53.408,0.560,500.000,325.000,825.000,350.000,725.000,275.000,300.000,300.000,300.000,-1,-1,-1,-1,400.000,750.000,425.000,950.000,1,1,1,1,1,1,1,0,0,2,2,2,2,1,1,1,1
56,1277.417,6667.289,-48.894,-87.559,0,0.89660,0.16000,53.796,0.320,450.000,300.000,775.000,350.000,700.000,250.000,275.000,300.000,300.000,-1,-1,-1,-1,375.000,700.000,350.000,900.000,1,1,1,1,1,1,1,0,0,2,2,2,2,1,1,1,1
57,1279.799,6613.167,-47.689,-87.479,0,0.90290,0.04000,54.174,0.080,375.000,275.000,700.000,325.000,675.000,250.000,250.000,300.000,300.000,-1,-1,-1,-1,350.000,675.000,300.000,850.000,1,1,1,1,1,1,1,0,0,2,2,2,2,1,1,1,1
58,1282.166,6558.679,-46.375,-87.513,0,0.90898,-0.01698,54.539,-0.034,275.000,250.000,650.000,325.000,650.000,225.000,250.000,300.000,300.000,-1,-1,-1,-1,300.000,675.000,250.000,800.000,1,1,1,1,1,1,1,0,0,2,2,2,2,1,1,1,1
59,1284.524,6503.839,-41.127,-87.538,0,0.91485,-0.01262,54.891,-0.025,275.000,225.000,700.000,325.000,650.000,225.000,250.000,350.000,300.000,-1,750.000,625.000,-1,300.000,675.000,225.000,800.000,1,1,1,1,1,1,1,0,0,2,0,0,2,1,1,1,1
60,1286.881,6448.656,-34.592,-87.554,0,0.92056,-0.00778,55.233,-0.016,275.000,225.000,825.000,350.000,675.000,225.000,250.000,375.000,300.000,-1,400.000,275.000,-1,300.000,675.000,225.000,800.000,1,1,1,1,1,1,1,0,0,2,0,0,2,1,1,1,1
61,1289.248,6393.143,-27.944,-87.559,0,0.92604,-0.00241,55.563,-0.005,275.000,250.000,975.000,375.000,675.000,225.000,275.000,450.000,300.000,-1,275.000,175.000,-1,325.000,675.000,200.000,775.000,1,1,1,1,1,1,1,0,0,2,0,0,2,1,1,1,1
62,9337.306,5271.951,6.945,135.371,1,0.00000,0.00000,55.875,0.007,-1,300.000,-1,275.000,675.000,250.000,250.000,400.000,375.000,-1,125.000,150.000,-1,550.000,425.000,-1,475.000,2,1,2,1,1,1,1,0,0,2,0,0,2,1,1,2,1
63,-6887.317,8194.353,-295.405,-90.346,1,0.08000,0.12000,4.800,0.240,-1,400.000,-1,400.000,-1,325.000,325.000,300.000,300.000,-1,-1,-1,-1,775.000,725.000,-1,-1,2,0,2,0,2,0,0,0,0,2,2,2,2,0,0,2,2
64,-6887.295,8184.753,-295.768,-89.866,0,0.16000,0.24000,9.600,0.480,-1,400.000,-1,400.000,-1,325.000,325.000,300.000,300.000,-1,-1,-1,-1,775.000,725.000,-1,-1,2,0,2,0,2,0,0,0,0,2,2,2,2,0,0,2,2
65,-6887.080,8170.354,-296.311,-89.146,0,0.24000,0.36000,14.400,0.720,-1,400.000,-1,400.000,-1,325.000,325.000,300.000,300.000,-1,-1,-1,-1,775.000,725.000,-1,-1,2,0,2,0,2,0,0,0,0,2,2,2,2,0,0,2,2
66,-6886.473,8151.164,-297.033,-88.186,0,0.32000,0.48000,19.200,0.960,-1,400.000,-1,400.000,-1,325.000,325.000,300.000,300.000,-1,-1,-1,-1,775.000,725.000,-1,-1,2,0,2,0,2,0,0,0,0,2,2,2,2,0,0,2,2
67,-6885.211,8127.197,-297.931,-86.986,0,0.40000,0.60000,24.000,1.200,-1,400.000,-1,400.000,-1,325.000,325.000,300.000,300.000,-1,-1,-1,-1,775.000,725.000,-1,-1,2,0,2,0,2,0,0,0,0,2,2,2,2,0,0,2,2
68,-6882.975,8098.484,-299.003,-85.546,0,0.48000,0.72000,28.800,1.440,-1,400.000,-1,400.000,-1,325.000,325.000,300.000,300.000,-1,-1,-1,-1,775.000,725.000,-1,-1,2,0,2,0,2,0,0,0,0,2,2,2,2,0,0,2,2
69,-6879.387,8065.076,-300.246,-83.870,0,0.56000,0.83816,33.600,1.676,-1,400.000,-1,400.000,-1,325.000,325.000,300.000,300.000,-1,-1,-1,-1,750.000,725.000,-1,-1,2,0,2,0,2,0,0,0,0,2,2,2,2,0,0,2,2
70,-6874.171,8027.032,-301.658,-82.194,0,0.64000,0.83816,38.400,1.676,-1,400.000,-1,400.000,-1,325.000,325.000,300.000,300.000,-1,-1,-1,-1,750.000,725.000,-1,-1,2,0,2,0,2,0,0,0,0,2,2,2,2,0,0,2,2
71,-6867.156,7985.033,-303.217,-80.518,0,0.70967,0.83816,42.580,1.676,-1,400.000,-1,400.000,-1,325.000,325.000,300.000,300.000,-1,-1,-1,-1,750.000,725.000,-1,-1,2,0,2,0,2,0,0,0,0,2,2,2,2,0,0,2,2
72,-6858.916,7943.258,-304.772,-78.841,0,0.70967,0.83816,42.580,1.676,-1,400.000,-1,400.000,-1,325.000,325.000,300.000,300.000,-1,-1,-1,-1,750.000,725.000,-1,-1,2,0,2,0,2,0,0,0,0,2,2,2,2,0,0,2,2
73,-6850.677,7906.387,-306.190,-77.405,0,0.62967,0.71816,37.780,1.436,-1,400.000,-1,375.000,-1,325.000,325.000,300.000,300.000,-1,-1,-1,-1,750.000,725.000,-1,-1,2,0,2,0,2,0,0,0,0,2,2,2,2,0,0,2,2
74,-6842.815,7874.357,-307.394,-76.209,0,0.54967,0.59816,32.980,1.196,-1,400.000,-1,400.000,-1,325.000,325.000,300.000,300.000,-1,-1,-1,-1,750.000,725.000,-1,-1,2,0,2,0,2,0,0,0,0,2,2,2,2,0,0,2,2
75,-6835.641,7847.105,-308.421,-75.252,0,0.46967,0.47816,28.180,0.956,-1,400.000,-1,375.000,-1,325.000,325.000,300.000,300.000,-1,-1,-1,-1,750.000,725.000,-1,-1,2,0,2,0,2,0,0,0,0,2,2,2,2,0,0,2,2
76,-6829.407,7824.571,-309.272,-74.536,0,0.38967,0.35816,23.380,0.716,-1,400.000,-1,375.000,-1,325.000,325.000,300.000,300.000,-1,-1,-1,-1,750.000,725.000,-1,-1,2,0,2,0,2,0,0,0,0,2,2,2,2,0,0,2,2
77,-6824.305,7806.705,-309.952,-74.060,0,0.30967,0.23816,18.580,0.476,-1,400.000,-1,375.000,-1,325.000,325.000,300.000,300.000,-1,-1,-1,-1,750.000,725.000,-1,-1,2,0,2,0,2,0,0,0,0,2,2,2,2,0,0,2,2
78,-6820.465,7793.470,-310.457,-73.823,0,0.22967,0.11816,13.780,0.236,-1,400.000,-1,375.000,-1,325.000,325.000,300.000,300.000,-1,-1,-1,-1,750.000,725.000,-1,-1,2,0,2,0,2,0,0,0,0,2,2,2,2,0,0,2,2
79,-6817.964,7784.845,-310.786,-73.827,0,0.14967,-0.00184,8.980,-0.004,-1,400.000,-1,375.000,-1,325.000,325.000,300.000,300.000,-1,-1,-1,-1,750.000,725.000,-1,-1,2,0,2,0,2,0,0,0,0,2,2,2,2,0,0,2,2
80,-6816.811,7780.827,-310.938,-73.992,0,0.06967,-0.08234,4.180,-0.165,-1,400.000,-1,375.000,-1,325.000,325.000,300.000,300.000,-1,-1,-1,-1,750.000,725.000,-1,-1,2,0,2,0,2,0,0,0,0,2,2,2,2,0,0,2,2
81,-6816.980,7781.423,-310.914,-74.156,0,-0.01033,-0.08234,-0.620,-0.165,-1,400.000,-1,375.000,-1,325.000,325.000,300.000,300.000,-1,-1,-1,-1,750.000,725.000,-1,-1,2,0,2,0,2,0,0,0,0,2,2,2,2,0,0,2,2
82,-6818.445,7786.641,-310.716,-74.321,0,-0.09033,-0.08234,-5.420,-0.165,-1,400.000,-1,375.000,-1,325.000,325.000,300.000,300.000,-1,-1,-1,-1,750.000,725.000,-1,-1,2,0,2,0,2,0,0,0,0,2,2,2,2,0,0,2,2
83,-6821.178,7796.488,-310.340,-74.486,0,-0.17033,-0.08234,-10.220,-0.165,-1,400.000,-1,375.000,-1,325.000,325.000,300.000,300.000,-1,-1,-1,-1,750.000,725.000,-1,-1,2,0,2,0,2,0,0,0,0,2,2,2,2,0,0,2,2
84,-6825.154,7810.972,-309.788,-74.650,0,-0.25033,-0.08234,-15.020,-0.165,-1,400.000,-1,375.000,-1,325.000,325.000,300.000,300.000,-1,-1,-1,-1,750.000,725.000,-1,-1,2,0,2,0,2,0,0,0,0,2,2,2,2,0,0,2,2
85,-6830.346,7830.100,-309.063,-74.815,0,-0.33033,-0.08234,-19.820,-0.165,-1,400.000,-1,375.000,-1,325.000,325.000,300.000,300.000,-1,-1,-1,-1,750.000,725.000,-1,-1,2,0,2,0,2,0,0,0,0,2,2,2,2,0,0,2,2
86,-6835.892,7850.768,-308.284,-74.980,0,-0.35667,-0.08234,-21.400,-0.165,-1,400.000,-1,375.000,-1,325.000,325.000,300.000,300.000,-1,-1,-1,-1,750.000,725.000,-1,-1,2,0,2,0,2,0,0,0,0,2,2,2,2,0,0,2,2
87,-6841.378,7871.453,-307.506,-75.144,0,-0.35667,-0.08234,-21.400,-0.165,-1,400.000,-1,400.000,-1,325.000,325.000,300.000,300.000,-1,-1,-1,-1,750.000,725.000,-1,-1,2,0,2,0,2,0,0,0,0,2,2,2,2,0,0,2,2
88,-6846.805,7892.154,-306.730,-75.309,0,-0.35667,-0.08234,-21.400,-0.165,-1,400.000,-1,400.000,-1,325.000,325.000,300.000,300.000,-1,-1,-1,-1,750.000,725.000,-1,-1,2,0,2,0,2,0,0,0,0,2,2,2,2,0,0,2,2
89,-6852.173,7912.870,-305.955,-75.474,0,-0.35667,-0.08234,-21.400,-0.165,-1,400.000,-1,400.000,-1,325.000,325.000,300.000,300.000,-1,-1,-1,-1,750.000,725.000,-1,-1,2,0,2,0,2,0,0,0,0,2,2,2,2,0,0,2,2
90,-6857.481,7933.601,-305.159,-75.638,0,-0.35667,-0.08234,-21.400,-0.165,-1,400.000,-1,400.000,-1,325.000,325.000,300.000,300.000,-1,-1,-1,-1,750.000,750.000,-1,-1,2,0,2,0,2,0,0,0,0,2,2,2,2,0,0,2,2
91,-6862.730,7954.348,-304.362,-75.803,0,-0.35667,-0.08234,-21.400,-0.165,-1,400.000,-1,400.000,-1,325.000,325.000,300.000,300.000,-1,-1,-1,-1,750.000,750.000,-1,-1,2,0,2,0,2,0,0,0,0,2,2,2,2,0,0,2,2
92,-6867.919,7975.109,-303.593,-75.968,0,-0.35667,-0.08234,-21.400,-0.165,-1,400.000,-1,400.000,-1,325.000,325.000,300.000,300.000,-1,-1,-1,-1,750.000,750.000,-1,-1,2,0,2,0,2,0,0,0,0,2,2,2,2,0,0,2,2
93,-6873.048,7995.885,-302.827,-76.132,0,-0.35667,-0.08234,-21.400,-0.165,-1,400.000,-1,400.000,-1,325.000,325.000,300.000,300.000,-1,-1,-1,-1,750.000,750.000,-1,-1,2,0,2,0,2,0,0,0,0,2,2,2,2,0,0,2,2
94,-6878.117,8016.676,-302.063,-76.297,0,-0.35667,-0.08234,-21.400,-0.165,-1,400.000,-1,400.000,-1,325.000,325.000,300.000,300.000,-1,-1,-1,-1,750.000,750.000,-1,-1,2,0,2,0,2,0,0,0,0,2,2,2,2,0,0,2,2
95,-6883.127,8037.482,-301.301,-76.462,0,-0.35667,-0.08234,-21.400,-0.165,-1,400.000,-1,400.000,-1,325.000,325.000,300.000,300.000,-1,-1,-1,-1,750.000,750.000,-1,-1,2,0,2,0,2,0,0,0,0,2,2,2,2,0,0,2,2
96,-6888.076,8058.302,-300.542,-76.626,0,-0.35667,-0.08234,-21.400,-0.165,-1,400.000,-1,400.000,-1,325.000,325.000,300.000,300.000,-1,-1,-1,-1,775.000,750.000,-1,-1,2,0,2,0,2,0,0,0,0,2,2,2,2,0,0,2,2
97,-6892.966,8079.136,-299.785,-76.791,0,-0.35667,-0.08234,-21.400,-0.165,-1,400.000,-1,400.000,-1,325.000,325.000,300.000,300.000,-1,-1,-1,-1,775.000,750.000,-1,-1,2,0,2,0,2,0,0,0,0,2,2,2,2,0,0,2,2
98,-6897.796,8099.983,-299.030,-76.956,0,-0.35667,-0.08234,-21.400,-0.165,-1,400.000,-1,400.000,-1,325.000,325.000,300.000,300.000,-1,-1,-1,-1,775.000,750.000,-1,-1,2,0,2,0,2,0,0,0,0,2,2,2,2,0,0,2,2
99,-6902.567,8120.845,-298.276,-77.121,0,-0.35667,-0.08234,-21.400,-0.165,-1,400.000,-1,400.000,-1,325.000,325.000,300.000,300.000,-1,-1,-1,-1,775.000,750.000,-1,-1,2,0,2,0,2,0,0,0,0,2,2,2,2,0,0,2,2
100,-6907.277,8141.720,-297.525,-77.285,0,-0.35667,-0.08234,-21.400,-0.165,-1,400.000,-1,400.000,-1,325.000,325.000,300.000,300.000,-1,-1,-1,-1,775.000,750.000,-1,-1,2,0,2,0,2,0,0,0,0,2,2,2,2,0,0,2,2
101,-6911.927,8162.609,-296.776,-77.450,0,-0.35667,-0.08234,-21.400,-0.165,-1,400.000,-1,400.000,-1,325.000,325.000,300.000,300.000,-1,-1,-1,-1,775.000,750.000,-1,-1,2,0,2,0,2,0,0,0,0,2,2,2,2,0,0,2,2
102,-6916.517,8183.511,-296.029,-77.615,0,-0.35667,-0.08234,-21.400,-0.165,-1,400.000,-1,400.000,-1,325.000,325.000,300.000,300.000,-1,-1,-1,-1,775.000,750.000,-1,-1,2,0,2,0,2,0,0,0,0,2,2,2,2,0,0,2,2
103,-6921.047,8204.426,-295.284,-77.779,0,-0.35667,-0.08234,-21.400,-0.165,-1,400.000,-1,400.000,-1,325.000,325.000,300.000,300.000,-1,-1,-1,-1,775.000,750.000,-1,-1,2,0,2,0,2,0,0,0,0,2,2,2,2,0,0,2,2
104,-6925.517,8225.354,-294.540,-77.944,0,-0.35667,-0.08234,-21.400,-0.165,-1,400.000,-1,400.000,-1,325.000,325.000,300.000,300.000,-1,-1,-1,-1,775.000,750.000,-1,-1,2,0,2,0,2,0,0,0,0,2,2,2,2,0,0,2,2
105,-6928.869,8241.612,-293.963,-78.349,0,-0.27667,-0.20234,-16.600,-0.405,-1,400.000,-1,400.000,-1,325.000,325.000,300.000,300.000,-1,-1,-1,-1,775.000,750.000,-1,-1,2,0,2,0,2,0,0,0,0,2,2,2,2,0,0,2,2
106,-6931.159,8253.188,-293.552,-78.812,0,-0.19667,-0.23196,-11.800,-0.464,-1,400.000,-1,400.000,-1,325.000,325.000,300.000,300.000,-1,-1,-1,-1,775.000,750.000,-1,-1,2,0,2,0,2,0,0,0,0,2,2,2,2,0,0,2,2
107,-6932.461,8260.066,-293.307,-79.276,0,-0.11667,-0.23196,-7.000,-0.464,-1,400.000,-1,400.000,-1,325.000,325.000,300.000,300.000,-1,-1,-1,-1,775.000,750.000,-1,-1,2,0,2,0,2,0,0,0,0,2,2,2,2,0,0,2,2
108,-6932.853,8262.231,-293.228,-79.740,0,-0.03667,-0.23196,-2.200,-0.464,-1,400.000,-1,400.000,-1,325.000,325.000,300.000,300.000,-1,-1,-1,-1,775.000,750.000,-1,-1,2,0,2,0,2,0,0,0,0,2,2,2,2,0,0,2,2
109,-6932.411,8259.669,-293.317,-80.204,0,0.04333,-0.23196,2.600,-0.464,-1,400.000,-1,400.000,-1,325.000,325.000,300.000,300.000,-1,-1,-1,-1,775.000,750.000,-1,-1,2,0,2,0,2,0,0,0,0,2,2,2,2,0,0,2,2
110,-6931.211,8252.367,-293.575,-80.668,0,0.12333,-0.23196,7.400,-0.464,-1,400.000,-1,400.000,-1,325.000,325.000,300.000,300.000,-1,-1,-1,-1,775.000,750.000,-1,-1,2,0,2,0,2,0,0,0,0,2,2,2,2,0,0,2,2
111,-6929.330,8240.313,-294.002,-81.132,0,0.20333,-0.23196,12.200,-0.464,-1,400.000,-1,400.000,-1,325.000,325.000,300.000,300.000,-1,-1,-1,-1,775.000,750.000,-1,-1,2,0,2,0,2,0,0,0,0,2,2,2,2,0,0,2,2
112,-6926.845,8223.496,-294.602,-81.596,0,0.28333,-0.23196,17.000,-0.464,-1,400.000,-1,400.000,-1,325.000,325.000,300.000,300.000,-1,-1,-1,-1,775.000,750.000,-1,-1,2,0,2,0,2,0,0,0,0,2,2,2,2,0,0,2,2
113,-6923.834,8201.905,-295.375,-82.060,0,0.36333,-0.23196,21.800,-0.464,-1,400.000,-1,400.000,-1,325.000,325.000,300.000,300.000,-1,-1,-1,-1,775.000,750.000,-1,-1,2,0,2,0,2,0,0,0,0,2,2,2,2,0,0,2,2
114,-6920.373,8175.531,-296.323,-82.524,0,0.44333,-0.23196,26.600,-0.464,-1,400.000,-1,400.000,-1,325.000,325.000,300.000,300.000,-1,-1,-1,-1,775.000,750.000,-1,-1,2,0,2,0,2,0,0,0,0,2,2,2,2,0,0,2,2
115,-6916.540,8144.366,-297.449,-82.988,0,0.52333,-0.23196,31.400,-0.464,-1,400.000,-1,400.000,-1,325.000,325.000,300.000,300.000,-1,-1,-1,-1,775.000,750.000,-1,-1,2,0,2,0,2,0,0,0,0,2,2,2,2,0,0,2,2
116,-6912.411,8108.402,-298.754,-83.452,0,0.60333,-0.23196,36.200,-0.464,-1,400.000,-1,400.000,-1,325.000,325.000,300.000,300.000,-1,-1,-1,-1,775.000,750.000,-1,-1,2,0,2,0,2,0,0,0,0,2,2,2,2,0,0,2,2
117,-6908.066,8067.633,-300.241,-83.916,0,0.68333,-0.23196,41.000,-0.464,-1,400.000,-1,400.000,-1,325.000,325.000,300.000,300.000,-1,-1,-1,-1,775.000,725.000,-1,-1,2,0,2,0,2,0,0,0,0,2,2,2,2,0,0,2,2
118,-6903.580,8022.053,-301.911,-84.379,0,0.76333,-0.23196,45.800,-0.464,-1,400.000,-1,400.000,-1,325.000,325.000,300.000,300.000,-1,-1,-1,-1,750.000,725.000,-1,-1,2,0,2,0,2,0,0,0,0,2,2,2,2,0,0,2,2
119,-6899.300,7974.624,-303.656,-84.843,0,0.79370,-0.23196,47.622,-0.464,-1,400.000,-1,375.000,-1,325.000,325.000,300.000,300.000,-1,-1,-1,-1,750.000,725.000,-1,-1,2,0,2,0,2,0,0,0,0,2,2,2,2,0,0,2,2
120,-6895.404,7927.162,-305.409,-85.307,0,0.79370,-0.23196,47.622,-0.464,-1,400.000,-1,375.000,-1,325.000,325.000,300.000,300.000,-1,-1,-1,-1,750.000,725.000,-1,-1,2,0,2,0,2,0,0,0,0,2,2,2,2,0,0,2,2
121,-6891.892,7879.670,-307.190,-85.771,0,0.79370,-0.23196,47.622,-0.464,-1,400.000,-1,375.000,-1,325.000,325.000,300.000,300.000,-1,-1,-1,-1,750.000,725.000,-1,-1,2,0,2,0,2,0,0,0,0,2,2,2,2,0,0,2,2
122,-6888.765,7832.151,-308.937,-86.235,0,0.79370,-0.23196,47.622,-0.464,-1,400.000,-1,375.000,-1,325.000,325.000,300.000,300.000,-1,-1,-1,-1,750.000,725.000,-1,-1,2,0,2,0,2,0,0,0,0,2,2,2,2,0,0,2,2
123,-6886.023,7784.608,-310.634,-86.699,0,0.79370,-0.23196,47.622,-0.464,-1,400.000,-1,375.000,-1,325.000,325.000,300.000,300.000,-1,-1,-1,-1,725.000,725.000,-1,-1,2,0,2,0,2,0,0,0,0,2,2,2,2,0,0,2,2
124,-6883.666,7737.045,-312.333,-87.163,0,0.79370,-0.23196,47.622,-0.464,-1,400.000,-1,375.000,-1,325.000,325.000,300.000,300.000,-1,-1,-1,-1,725.000,700.000,-1,-1,2,0,2,0,2,0,0,0,0,2,2,2,2,0,0,2,2
125,-6881.682,7689.162,-314.046,-87.627,0,0.79873,-0.23222,47.924,-0.464,-1,400.000,-1,375.000,-1,325.000,325.000,300.000,300.000,-1,-1,-1,-1,725.000,700.000,-1,-1,2,0,2,0,2,0,0,0,0,2,2,2,2,0,0,2,2
126,-6880.074,7640.888,-315.775,-88.092,0,0.80501,-0.23246,48.301,-0.465,-1,400.000,-1,375.000,-1,325.000,325.000,300.000,300.000,-1,-1,-1,-1,725.000,700.000,-1,-1,2,0,2,0,2,0,0,0,0,2,2,2,2,0,0,2,2
127,-6878.849,7592.223,-317.519,-88.558,0,0.81135,-0.23261,48.681,-0.465,-1,400.000,-1,400.000,-1,325.000,325.000,300.000,300.000,-1,-1,-1,-1,700.000,700.000,-1,-1,2,0,2,0,2,0,0,0,0,2,2,2,2,0,0,2,2
128,-6878.012,7543.166,-319.277,-89.023,0,0.81774,-0.23267,49.064,-0.465,-1,400.000,-1,400.000,-1,325.000,325.000,300.000,300.000,-1,-1,-1,-1,700.000,675.000,-1,-1,2,0,2,0,2,0,0,0,0,2,2,2,2,0,0,2,2
129,-6877.570,7493.716,-321.051,-89.488,0,0.82418,-0.23263,49.451,-0.465,-1,400.000,-1,375.000,-1,325.000,325.000,300.000,300.000,-1,-1,-1,-1,700.000,675.000,-1,-1,2,0,2,0,2,0,0,0,0,2,2,2,2,0,0,2,2
130,-6877.529,7443.876,-322.838,-89.953,0,0.83068,-0.23248,49.841,-0.465,-1,375.000,-1,375.000,-1,325.000,325.000,300.000,300.000,-1,-1,-1,-1,700.000,675.000,-1,-1,2,0,2,0,2,0,0,0,0,2,2,2,2,0,0,2,2
131,-6877.895,7393.643,-324.639,-90.417,0,0.83723,-0.23222,50.234,-0.464,-1,375.000,-1,375.000,-1,325.000,325.000,300.000,300.000,-1,-1,-1,-1,700.000,675.000,1000.000,-1,2,0,2,0,2,0,0,0,0,2,2,2,2,0,0,1,2
132,-6878.574,7341.775,-326.498,-90.749,0,0.86454,-0.16598,51.872,-0.332,-1,375.000,-1,375.000,-1,300.000,300.000,300.000,300.000,-1,-1,-1,-1,675.000,675.000,950.000,-1,2,0,2,0,2,0,0,0,0,2,2,2,2,0,0,1,2
133,-6879.560,7289.504,-328.371,-91.081,0,0.87135,-0.16562,52.281,-0.331,1000.000,375.000,975.000,375.000,-1,300.000,300.000,300.000,300.000,-1,-1,-1,-1,675.000,650.000,900.000,-1,1,0,1,0,2,0,0,0,0,2,2,2,2,0,0,1,2
134,-6880.857,7236.827,-330.257,-91.411,0,0.87821,-0.16517,52.692,-0.330,925.000,375.000,950.000,375.000,-1,300.000,300.000,300.000,300.000,-1,-1,-1,-1,675.000,650.000,850.000,975.000,1,0,1,0,2,0,0,0,0,2,2,2,2,0,0,1,1
135,-6882.470,7183.745,-331.611,-91.740,0,0.88512,-0.16461,53.107,-0.329,875.000,375.000,900.000,375.000,-1,300.000,300.000,300.000,300.000,-1,-1,-1,-1,675.000,650.000,800.000,925.000,1,0,1,0,2,0,0,0,0,2,2,2,2,1,0,1,1
136,-6884.402,7130.255,-332.566,-92.068,0,0.89207,-0.16395,53.524,-0.328,800.000,375.000,850.000,375.000,-1,300.000,300.000,300.000,300.000,-1,925.000,-1,-1,650.000,650.000,725.000,900.000,1,0,1,0,2,0,0,0,0,2,0,2,2,1,1,1,1
137,-6886.655,7076.357,-333.526,-92.394,0,0.89908,-0.16317,53.945,-0.326,750.000,375.000,800.000,375.000,-1,300.000,300.000,300.000,300.000,-1,800.000,850.000,-1,600.000,625.000,675.000,850.000,1,0,1,0,2,0,0,0,0,2,0,0,2,1,1,1,1
138,-6889.234,7022.051,-334.490,-92.719,0,0.90613,-0.16226,54.368,-0.325,700.000,375.000,750.000,375.000,-1,300.000,300.000,300.000,300.000,-1,700.000,750.000,-1,550.000,600.000,625.000,825.000,1,0,1,0,2,0,0,0,0,2,0,0,2,1,1,1,1
139,-6892.142,6967.335,-335.458,-93.041,0,0.91322,-0.16122,54.793,-0.322,625.000,375.000,725.000,375.000,-1,300.000,300.000,325.000,300.000,-1,625.000,675.000,-1,525.000,575.000,575.000,800.000,1,0,1,0,2,0,0,0,0,2,0,0,2,1,1,1,1
140,-6895.380,6912.209,-336.428,-93.362,0,0.92035,-0.16004,55.221,-0.320,575.000,375.000,675.000,375.000,-1,325.000,300.000,300.000,325.000,-1,575.000,600.000,-1,475.000,550.000,525.000,750.000,1,0,1,0,2,0,0,0,0,2,0,0,2,1,1,1,1
141,-6898.950,6856.672,-337.402,-93.679,0,0.92752,-0.15870,55.651,-0.317,500.000,350.000,625.000,375.000,-1,325.000,325.000,300.000,325.000,-1,550.000,575.000,-1,450.000,500.000,475.000,700.000,1,1,1,1,2,0,0,0,0,2,0,0,2,1,1,1,1
142,-6902.856,6800.725,-338.377,-93.993,0,0.93472,-0.15718,56.083,-0.314,450.000,325.000,575.000,350.000,-1,300.000,300.000,300.000,300.000,-1,500.000,525.000,-1,400.000,475.000,425.000,650.000,1,1,1,1,2,1,1,0,0,2,0,0,2,1,1,1,1
143,-6906.971,6747.468,-339.301,-94.418,0,0.89027,-0.21237,53.416,-0.425,400.000,300.000,525.000,325.000,-1,275.000,275.000,300.000,300.000,-1,475.000,500.000,-1,375.000,450.000,350.000,625.000,1,1,1,1,2,1,1,0,0,2,0,0,2,1,1,1,1
144,-6911.511,6693.834,-340.226,-94.838,0,0.89709,-0.21023,53.826,-0.420,325.000,275.000,475.000,300.000,-1,250.000,250.000,300.000,300.000,-1,425.000,450.000,-1,325.000,425.000,300.000,575.000,1,1,1,1,2,1,1,0,0,2,0,0,2,1,1,1,1
145,-6916.477,6639.827,-341.150,-95.254,0,0.90392,-0.20782,54.235,-0.416,275.000,225.000,450.000,275.000,-1,225.000,225.000,300.000,300.000,-1,400.000,425.000,-1,275.000,375.000,250.000,525.000,1,1,1,1,2,1,1,0,0,2,0,0,2,1,1,1,1
146,-6921.871,6585.449,-342.006,-95.664,0,0.91073,-0.20510,54.644,-0.410,200.000,200.000,400.000,250.000,-1,175.000,200.000,300.000,300.000,-1,375.000,400.000,-1,250.000,350.000,200.000,450.000,1,1,1,1,2,1,1,0,0,2,0,0,2,1,1,1,1
147,-6927.691,6530.706,-336.566,-96.068,0,0.91753,-0.20205,55.052,-0.404,200.000,200.000,400.000,250.000,-1,175.000,200.000,350.000,275.000,-1,275.000,225.000,-1,250.000,350.000,200.000,550.000,1,1,1,1,2,1,1,0,0,2,0,0,2,1,1,1,1
148,-6933.935,6475.603,-327.152,-96.466,0,0.92427,-0.19861,55.456,-0.397,200.000,200.000,475.000,275.000,-1,175.000,225.000,425.000,300.000,-1,225.000,150.000,850.000,250.000,425.000,200.000,-1,1,1,1,1,2,1,1,0,0,2,0,0,0,1,1,1,2
149,6231.356,-3607.627,111.157,155.099,1,0.00000,0.00000,55.857,-0.389,-1,375.000,-1,375.000,1000.000,300.000,300.000,300.000,300.000,700.000,650.000,725.000,-1,700.000,650.000,-1,-1,2,0,2,0,0,0,0,0,0,1,0,0,2,0,0,2,2
150,6227.010,-3605.588,111.144,154.867,0,0.08000,-0.11627,4.800,-0.233,-1,375.000,-1,375.000,1000.000,300.000,300.000,300.000,300.000,675.000,650.000,725.000,-1,700.000,650.000,-1,-1,2,0,2,0,0,0,0,0,0,1,0,0,2,0,0,2,2
151,6218.336,-3601.476,111.125,154.632,0,0.16000,-0.11714,9.600,-0.234,-1,375.000,-1,375.000,1000.000,300.000,300.000,300.000,300.000,675.000,625.000,725.000,-1,700.000,650.000,-1,-1,2,0,2,0,0,0,0,0,0,1,0,0,2,0,0,2,2
152,6205.350,-3595.252,111.098,154.395,0,0.24000,-0.11891,14.400,-0.238,-1,375.000,-1,375.000,1000.000,300.000,300.000,300.000,300.000,650.000,625.000,700.000,-1,700.000,650.000,-1,-1,2,0,2,0,0,0,0,0,0,1,0,0,2,0,0,2,2
153,6188.071,-3586.881,111.064,154.151,0,0.32000,-0.12163,19.200,-0.243,-1,375.000,-1,375.000,1000.000,300.000,300.000,300.000,300.000,650.000,600.000,700.000,-1,700.000,650.000,-1,-1,2,0,2,0,0,0,0,0,0,1,0,0,2,0,0,2,2
154,6166.518,-3576.323,111.021,153.901,0,0.40000,-0.12537,24.000,-0.251,-1,375.000,-1,375.000,1000.000,300.000,300.000,300.000,300.000,625.000,575.000,675.000,-1,700.000,650.000,-1,-1,2,0,2,0,0,0,0,0,0,1,0,0,2,0,0,2,2
155,6140.713,-3563.536,110.970,153.640,0,0.48000,-0.13021,28.800,-0.260,-1,375.000,-1,375.000,1000.000,300.000,300.000,300.000,300.000,625.000,575.000,650.000,-1,700.000,650.000,-1,-1,2,0,2,0,0,0,0,0,0,1,0,0,2,0,0,2,2
156,6112.170,-3549.222,110.915,153.368,0,0.53219,-0.13626,31.931,-0.273,-1,375.000,-1,375.000,1000.000,300.000,300.000,300.000,300.000,625.000,550.000,650.000,-1,700.000,650.000,-1,-1,2,0,2,0,0,0,0,0,0,1,0,0,2,0,0,2,2
157,6083.848,-3534.842,110.860,153.081,0,0.52938,-0.14324,31.763,-0.286,-1,375.000,-1,375.000,-1,300.000,300.000,300.000,300.000,625.000,525.000,625.000,-1,700.000,625.000,-1,-1,2,0,2,0,2,0,0,0,0,1,0,0,2,0,0,2,2
158,6055.727,-3520.377,110.832,152.780,0,0.52705,-0.15047,31.623,-0.301,-1,375.000,-1,375.000,-1,300.000,300.000,300.000,300.000,625.000,500.000,625.000,-1,700.000,625.000,-1,-1,2,0,2,0,2,0,0,0,0,1,0,0,2,0,0,2,2
159,6027.786,-3505.810,110.928,152.464,0,0.52518,-0.15794,31.511,-0.316,-1,375.000,-1,375.000,-1,300.000,300.000,300.000,300.000,625.000,500.000,600.000,-1,700.000,625.000,-1,-1,2,0,2,0,2,0,0,0,0,1,0,0,2,0,0,2,2
160,6000.005,-3491.121,111.057,152.133,0,0.52376,-0.16565,31.425,-0.331,-1,375.000,-1,375.000,-1,300.000,300.000,300.000,300.000,625.000,475.000,600.000,-1,700.000,625.000,-1,-1,2,0,2,0,2,0,0,0,0,1,0,0,2,0,0,2,2
161,5972.364,-3476.292,111.217,151.786,0,0.52278,-0.17359,31.367,-0.347,-1,375.000,-1,375.000,1000.000,300.000,300.000,300.000,300.000,625.000,475.000,575.000,-1,700.000,625.000,-1,-1,2,0,2,0,1,0,0,0,0,1,0,0,2,0,0,2,2
162,5944.847,-3461.303,111.399,151.422,0,0.52225,-0.18177,31.335,-0.364,-1,375.000,-1,375.000,1000.000,300.000,300.000,300.000,300.000,650.000,450.000,550.000,-1,700.000,625.000,-1,-1,2,0,2,0,1,0,0,0,0,1,0,0,2,0,0,2,2
163,5917.435,-3446.134,111.585,151.042,0,0.52215,-0.19018,31.329,-0.380,-1,375.000,-1,375.000,975.000,300.000,300.000,300.000,300.000,650.000,450.000,550.000,-1,700.000,625.000,-1,-1,2,0,2,0,1,0,0,0,0,1,0,0,2,0,0,2,2
164,5890.112,-3430.766,111.773,150.644,0,0.52248,-0.19881,31.349,-0.398,-1,375.000,-1,375.000,975.000,300.000,300.000,300.000,300.000,675.000,425.000,525.000,-1,700.000,625.000,-1,-1,2,0,2,0,1,0,0,0,0,1,0,0,2,0,0,2,2
165,5861.156,-3414.204,111.976,150.231,0,0.55597,-0.20676,33.358,-0.414,-1,375.000,-1,375.000,950.000,300.000,300.000,300.000,300.000,675.000,425.000,500.000,-1,700.000,625.000,-1,-1,2,0,2,0,1,0,0,0,0,1,0,0,2,0,0,2,2
166,5832.385,-3397.460,112.182,149.802,0,0.55481,-0.21445,33.288,-0.429,-1,375.000,-1,375.000,925.000,300.000,300.000,300.000,300.000,700.000,425.000,500.000,-1,700.000,625.000,-1,-1,2,0,2,0,1,0,0,0,0,1,0,0,2,0,0,2,2
167,5803.784,-3380.517,112.539,149.357,0,0.55405,-0.22242,33.243,-0.445,-1,375.000,-1,375.000,900.000,300.000,300.000,300.000,300.000,700.000,425.000,500.000,-1,700.000,625.000,-1,-1,2,0,2,0,1,0,0,0,0,1,0,0,2,0,0,2,2
168,5775.339,-3363.355,112.906,148.896,0,0.55369,-0.23065,33.222,-0.461,-1,375.000,-1,375.000,875.000,300.000,300.000,300.000,300.000,725.000,425.000,500.000,-1,700.000,625.000,-1,-1,2,0,2,0,1,0,0,0,0,1,0,0,2,0,0,2,2
169,5747.035,-3345.954,113.277,148.418,0,0.55375,-0.23915,33.225,-0.478,-1,375.000,-1,350.000,875.000,300.000,300.000,300.000,300.000,750.000,425.000,500.000,-1,700.000,625.000,-1,1000.000,2,0,2,0,1,0,0,0,0,1,0,0,2,0,0,2,1
170,5718.859,-3328.294,113.690,147.922,0,0.55421,-0.24792,33.252,-0.496,-1,375.000,-1,350.000,850.000,300.000,300.000,300.000,300.000,750.000,450.000,500.000,-1,700.000,625.000,-1,975.000,2,0,2,0,1,0,0,0,0,1,0,0,2,0,0,2,1
171,5690.799,-3310.354,114.304,147.408,0,0.55508,-0.25696,33.305,-0.514,-1,375.000,-1,350.000,825.000,300.000,300.000,300.000,300.000,775.000,450.000,500.000,-1,700.000,625.000,-1,950.000,2,0,2,0,1,0,0,0,0,1,0,0,2,0,0,2,1
172,5662.843,-3292.113,114.922,146.875,0,0.55636,-0.26626,33.382,-0.533,-1,375.000,-1,350.000,825.000,300.000,300.000,300.000,300.000,775.000,425.000,500.000,-1,700.000,625.000,-1,925.000,2,0,2,0,1,0,0,0,0,1,0,0,2,0,0,2,1
173,5634.978,-3273.546,115.545,146.324,0,0.55806,-0.27583,33.483,-0.552,-1,375.000,-1,375.000,800.000,300.000,300.000,300.000,300.000,800.000,425.000,500.000,-1,700.000,625.000,-1,900.000,2,0,2,0,1,0,0,0,0,1,0,0,2,0,0,2,1
174,5603.355,-3251.968,116.258,145.693,0,0.63806,-0.31548,38.283,-0.631,-1,375.000,-1,375.000,775.000,325.000,300.000,300.000,300.000,800.000,425.000,500.000,-1,700.000,650.000,-1,875.000,2,0,2,0,1,0,0,0,0,1,0,0,2,0,0,2,1
175,5568.047,-3227.280,117.064,145.039,0,0.71806,-0.32703,43.083,-0.654,-1,375.000,-1,375.000,750.000,325.000,300.000,300.000,300.000,825.000,400.000,500.000,-1,700.000,650.000,-1,850.000,2,0,2,0,1,0,0,0,0,1,0,0,2,0,0,2,1
176,5531.768,-3201.267,117.909,144.358,0,0.74403,-0.34036,44.642,-0.681,-1,375.000,-1,375.000,725.000,325.000,300.000,300.000,300.000,850.000,400.000,500.000,-1,700.000,650.000,-1,800.000,2,0,2,0,1,0,0,0,0,1,0,0,2,0,0,2,1
177,5492.056,-3171.814,119.046,143.437,0,0.82403,-0.46036,49.442,-0.921,-1,375.000,-1,375.000,700.000,325.000,300.000,300.000,300.000,875.000,400.000,500.000,-1,700.000,650.000,-1,750.000,2,0,2,0,1,0,0,0,0,1,0,0,2,0,0,2,1
178,5451.394,-3140.573,120.285,142.464,0,0.85463,-0.48639,51.278,-0.973,-1,375.000,-1,375.000,650.000,325.000,300.000,300.000,300.000,900.000,400.000,475.000,-1,700.000,650.000,-1,725.000,2,0,2,0,1,0,0,0,0,1,0,0,2,0,0,2,1
179,5410.782,-3108.223,121.564,141.461,0,0.86536,-0.50144,51.922,-1.003,-1,375.000,-1,375.000,625.000,300.000,300.000,300.000,300.000,925.000,425.000,475.000,-1,700.000,675.000,-1,675.000,2,0,2,0,1,0,0,0,0,1,0,0,2,0,1,2,1
180,5370.239,-3074.717,122.862,140.428,0,0.87661,-0.51690,52.596,-1.034,-1,375.000,-1,375.000,575.000,300.000,300.000,300.000,300.000,950.000,425.000,450.000,-1,700.000,625.000,-1,625.000,2,0,2,0,1,0,0,0,0,1,0,0,2,0,1,2,1
181,5329.792,-3040.003,124.186,139.362,0,0.88835,-0.53276,53.301,-1.066,-1,375.000,-1,375.000,550.000,300.000,300.000,300.000,300.000,1000.000,400.000,450.000,-1,700.000,600.000,-1,575.000,2,0,2,0,1,0,0,0,0,1,0,0,2,0,1,2,1
182,5289.471,-3004.032,125.543,138.264,0,0.90058,-0.54904,54.035,-1.098,-1,375.000,-1,375.000,500.000,300.000,300.000,300.000,300.000,-1,400.000,425.000,-1,700.000,575.000,-1,525.000,2,0,2,0,1,0,0,0,0,2,0,0,2,0,1,2,1
183,5249.309,-2966.755,126.960,137.133,0,0.91326,-0.56575,54.796,-1.132,-1,375.000,1000.000,375.000,450.000,300.000,300.000,300.000,300.000,-1,400.000,425.000,-1,700.000,525.000,-1,500.000,2,0,1,0,1,0,0,0,0,2,0,0,2,0,1,2,1
184,5209.348,-2928.120,128.589,135.967,0,0.92639,-0.58290,55.583,-1.166,-1,375.000,925.000,375.000,425.000,300.000,300.000,300.000,300.000,-1,375.000,400.000,-1,725.000,500.000,-1,450.000,2,0,1,0,1,0,0,0,0,2,0,0,2,0,1,2,1
185,5169.884,-2888.359,130.314,134.786,0,0.93370,-0.59046,56.022,-1.181,-1,375.000,850.000,375.000,375.000,300.000,300.000,325.000,300.000,-1,375.000,375.000,-1,725.000,450.000,-1,400.000,2,0,1,1,1,0,0,0,0,2,0,0,2,0,1,2,1
186,5131.046,-2847.571,132.332,133.597,0,0.93868,-0.59442,56.321,-1.189,-1,375.000,775.000,350.000,325.000,325.000,300.000,325.000,300.000,-1,375.000,400.000,-1,725.000,425.000,-1,350.000,2,0,1,1,1,0,0,0,0,2,0,0,2,0,1,2,1
187,5092.870,-2805.763,134.346,132.400,0,0.94359,-0.59855,56.616,-1.197,-1,375.000,700.000,325.000,300.000,325.000,300.000,325.000,300.000,-1,400.000,425.000,-1,725.000,375.000,-1,300.000,2,0,1,1,1,0,0,0,0,2,0,0,2,1,1,2,1
188,5055.392,-2762.943,136.354,131.194,0,0.94841,-0.60289,56.904,-1.206,-1,375.000,650.000,275.000,250.000,325.000,300.000,325.000,300.000,-1,400.000,450.000,-1,650.000,350.000,-1,250.000,2,0,1,1,1,0,1,0,0,2,0,0,2,1,1,2,1
189,5018.650,-2719.123,138.356,129.979,0,0.95309,-0.60748,57.185,-1.215,-1,375.000,575.000,250.000,200.000,325.000,250.000,325.000,300.000,-1,425.000,450.000,-1,575.000,300.000,-1,200.000,2,0,1,1,1,1,1,0,0,2,0,0,2,1,1,2,1
190,4982.683,-2674.316,143.924,128.754,0,0.95761,-0.61236,57.457,-1.225,-1,400.000,525.000,225.000,175.000,300.000,250.000,300.000,350.000,-1,300.000,375.000,-1,525.000,300.000,-1,175.000,2,1,1,1,1,1,1,0,1,2,0,0,2,1,1,2,1
191,4947.533,-2628.540,152.131,127.519,0,0.96192,-0.61759,57.715,-1.235,-1,375.000,525.000,225.000,175.000,275.000,225.000,300.000,375.000,950.000,175.000,300.000,-1,500.000,275.000,-1,175.000,2,1,1,1,1,1,1,0,1,0,0,0,2,1,1,2,1
192,4913.243,-2581.814,160.908,126.273,0,0.96596,-0.62321,57.958,-1.246,-1,350.000,525.000,225.000,175.000,275.000,225.000,275.000,425.000,650.000,125.000,250.000,-1,475.000,275.000,-1,175.000,2,1,1,1,1,1,1,0,1,0,0,0,2,1,1,2,1
193,4882.551,-2538.412,168.588,125.266,0,0.88596,-0.50321,53.158,-1.006,-1,325.000,525.000,225.000,150.000,250.000,225.000,250.000,475.000,475.000,75.000,225.000,-1,450.000,275.000,-1,150.000,2,1,1,1,1,1,1,0,1,0,0,0,2,1,1,2,1
194,4855.161,-2498.559,175.762,124.500,0,0.80596,-0.38321,48.358,-0.766,-1,300.000,525.000,225.000,150.000,250.000,200.000,250.000,575.000,375.000,50.000,200.000,-1,425.000,275.000,-1,150.000,2,1,1,1,1,1,1,0,1,0,0,0,2,1,1,2,1
195,2951.695,-4263.559,288.259,72.001,1,0.00000,0.00000,43.558,-0.526,400.000,300.000,-1,325.000,825.000,250.000,275.000,350.000,450.000,-1,50.000,0.000,-1,425.000,500.000,400.000,650.000,0,0,2,0,0,0,0,0,1,2,1,1,2,0,0,0,0
196,327.966,8855.085,-111.444,-141.117,1,0.00000,0.00000,4.800,0.240,-1,400.000,-1,400.000,-1,325.000,325.000,300.000,300.000,-1,-1,-1,-1,800.000,850.000,-1,-1,2,0,2,0,2,0,0,0,0,2,2,2,2,0,0,2,2
197,324.242,8852.056,-111.439,-140.877,0,0.08000,0.12000,4.800,0.240,-1,400.000,-1,400.000,-1,325.000,325.000,300.000,300.000,-1,-1,-1,-1,800.000,875.000,-1,-1,2,0,2,0,2,0,0,0,0,2,2,2,2,0,0,2,2
198,316.846,8845.936,-111.429,-140.397,0,0.16000,0.24000,9.600,0.480,-1,400.000,-1,400.000,-1,325.000,325.000,300.000,300.000,-1,-1,-1,-1,800.000,875.000,-1,-1,2,0,2,0,2,0,0,0,0,2,2,2,2,0,0,2,2
199,305.867,8836.618,-111.411,-139.677,0,0.24000,0.36000,14.400,0.720,-1,400.000,-1,400.000,-1,325.000,325.000,300.000,300.000,-1,-1,-1,-1,800.000,875.000,-1,-1,2,0,2,0,2,0,0,0,0,2,2,2,2,0,0,2,2
200,291.406,8823.988,-111.391,-138.867,0,0.32000,0.40503,19.200,0.810,-1,400.000,-1,400.000,-1,325.000,325.000,300.000,300.000,-1,-1,-1,-1,800.000,875.000,-1,-1,2,0,2,0,2,0,0,0,0,2,2,2,2,0,0,2,2
201,273.554,8807.947,-111.371,-138.057,0,0.40000,0.40503,24.000,0.810,-1,400.000,-1,400.000,-1,325.000,325.000,300.000,300.000,-1,-1,-1,-1,800.000,875.000,-1,-1,2,0,2,0,2,0,0,0,0,2,2,2,2,0,0,2,2
202,252.407,8788.396,-111.378,-137.247,0,0.48000,0.40503,28.800,0.810,-1,400.000,-1,400.000,-1,325.000,325.000,300.000,300.000,-1,-1,-1,-1,800.000,875.000,-1,-1,2,0,2,0,2,0,0,0,0,2,2,2,2,0,0,2,2
203,228.060,8765.241,-111.472,-136.437,0,0.56000,0.40503,33.600,0.810,-1,400.000,-1,400.000,-1,325.000,325.000,300.000,300.000,-1,-1,-1,-1,800.000,875.000,-1,-1,2,0,2,0,2,0,0,0,0,2,2,2,2,0,0,2,2
204,200.611,8738.387,-111.589,-135.627,0,0.64000,0.40503,38.400,0.810,-1,400.000,-1,400.000,-1,325.000,325.000,300.000,300.000,-1,-1,-1,-1,800.000,875.000,-1,-1,2,0,2,0,2,0,0,0,0,2,2,2,2,0,0,2,2
205,170.162,8707.742,-111.735,-134.817,0,0.72000,0.40503,43.200,0.810,-1,400.000,-1,400.000,-1,325.000,325.000,300.000,300.000,-1,-1,-1,-1,800.000,875.000,-1,-1,2,0,2,0,2,0,0,0,0,2,2,2,2,0,0,2,2
206,136.815,8673.218,-111.917,-134.007,0,0.80000,0.40503,48.000,0.810,-1,400.000,-1,400.000,-1,325.000,325.000,300.000,300.000,-1,-1,-1,-1,800.000,875.000,-1,-1,2,0,2,0,2,0,0,0,0,2,2,2,2,0,0,2,2
207,100.673,8634.726,-112.142,-133.197,0,0.88000,0.40503,52.800,0.810,-1,400.000,-1,400.000,-1,325.000,325.000,300.000,300.000,-1,-1,-1,-1,800.000,875.000,-1,-1,2,0,2,0,2,0,0,0,0,2,2,2,2,0,0,2,2
208,62.308,8592.692,-112.430,-132.387,0,0.94849,0.40503,56.910,0.810,-1,400.000,-1,400.000,-1,325.000,325.000,300.000,300.000,-1,-1,-1,-1,800.000,875.000,-1,-1,2,0,2,0,2,0,0,0,0,2,2,2,2,0,0,2,2
209,24.542,8550.120,-112.823,-131.577,0,0.94849,0.40503,56.910,0.810,-1,400.000,-1,400.000,-1,325.000,325.000,300.000,300.000,-1,-1,-1,-1,800.000,850.000,-1,-1,2,0,2,0,2,0,0,0,0,2,2,2,2,0,0,2,2
210,-10.802,8509.470,-113.225,-131.006,0,0.89777,0.28503,53.866,0.570,-1,400.000,-1,400.000,-1,325.000,325.000,300.000,300.000,-1,-1,-1,-1,800.000,850.000,-1,-1,2,0,2,0,2,0,0,0,0,2,2,2,2,0,0,2,2
211,-45.911,8468.618,-113.665,-130.676,0,0.89777,0.16503,53.866,0.330,-1,400.000,-1,400.000,-1,325.000,325.000,300.000,300.000,-1,-1,-1,-1,800.000,850.000,-1,-1,2,0,2,0,2,0,0,0,0,2,2,2,2,0,0,2,2
212,-80.956,8427.710,-114.113,-130.586,0,0.89777,0.04503,53.866,0.090,-1,400.000,-1,400.000,-1,325.000,325.000,300.000,300.000,-1,-1,-1,-1,775.000,850.000,-1,-1,2,0,2,0,2,0,0,0,0,2,2,2,2,0,0,2,2
213,-116.108,8386.894,-114.687,-130.736,0,0.89777,-0.07497,53.866,-0.150,-1,400.000,-1,400.000,-1,325.000,325.000,300.000,300.000,-1,-1,-1,-1,775.000,850.000,-1,-1,2,0,2,0,2,0,0,0,0,2,2,2,2,0,0,2,2
214,-151.537,8346.319,-115.333,-131.126,0,0.89777,-0.19497,53.866,-0.390,-1,400.000,-1,400.000,-1,325.000,325.000,300.000,300.000,-1,-1,-1,-1,800.000,850.000,-1,-1,2,0,2,0,2,0,0,0,0,2,2,2,2,0,0,2,2
215,-187.410,8306.135,-116.043,-131.756,0,0.89777,-0.31497,53.866,-0.630,-1,400.000,-1,400.000,-1,325.000,325.000,300.000,300.000,-1,-1,-1,-1,800.000,825.000,-1,-1,2,0,2,0,2,0,0,0,0,2,2,2,2,0,0,2,2
216,-223.889,8266.501,-116.819,-132.626,0,0.89777,-0.43497,53.866,-0.870,-1,400.000,-1,400.000,-1,325.000,325.000,300.000,300.000,-1,-1,-1,-1,800.000,825.000,-1,-1,2,0,2,0,2,0,0,0,0,2,2,2,2,0,0,2,2
217,-261.129,8227.581,-117.646,-133.736,0,0.89777,-0.55497,53.866,-1.110,-1,400.000,-1,400.000,-1,325.000,325.000,300.000,300.000,-1,-1,-1,-1,800.000,825.000,-1,-1,2,0,2,0,2,0,0,0,0,2,2,2,2,0,0,2,2
218,-299.275,8189.549,-118.597,-135.086,0,0.89777,-0.67497,53.866,-1.350,-1,400.000,-1,400.000,-1,325.000,325.000,300.000,300.000,-1,-1,-1,-1,800.000,825.000,-1,-1,2,0,2,0,2,0,0,0,0,2,2,2,2,0,0,2,2
219,-338.462,8152.590,-119.766,-136.676,0,0.89777,-0.79497,53.866,-1.590,-1,400.000,-1,400.000,-1,325.000,325.000,300.000,300.000,-1,-1,-1,-1,800.000,825.000,-1,-1,2,0,2,0,2,0,0,0,0,2,2,2,2,0,0,2,2
220,-378.809,8116.901,-121.030,-138.506,0,0.89777,-0.91497,53.866,-1.830,-1,400.000,-1,400.000,-1,325.000,325.000,300.000,300.000,-1,-1,-1,-1,800.000,825.000,-1,-1,2,0,2,0,2,0,0,0,0,2,2,2,2,0,0,2,2
221,-420.378,8082.642,-122.406,-140.506,0,0.89777,-1.00000,53.866,-2.000,-1,400.000,-1,400.000,-1,325.000,325.000,300.000,300.000,-1,-1,-1,-1,800.000,800.000,-1,-1,2,0,2,0,2,0,0,0,0,2,2,2,2,0,0,2,2
222,-463.116,8049.855,-123.972,-142.506,0,0.89777,-1.00000,53.866,-2.000,-1,400.000,-1,400.000,-1,325.000,325.000,300.000,300.000,-1,-1,-1,-1,800.000,800.000,-1,-1,2,0,2,0,2,0,0,0,0,2,2,2,2,0,0,2,2
223,-506.972,8018.579,-125.639,-144.506,0,0.89777,-1.00000,53.866,-2.000,-1,400.000,-1,400.000,-1,325.000,325.000,300.000,300.000,-1,-1,-1,-1,800.000,800.000,-1,-1,2,0,2,0,2,0,0,0,0,2,2,2,2,0,0,2,2
224,-551.894,7988.853,-127.403,-146.506,0,0.89777,-1.00000,53.866,-2.000,-1,400.000,-1,400.000,-1,325.000,325.000,300.000,300.000,-1,-1,-1,-1,800.000,775.000,-1,-1,2,0,2,0,2,0,0,0,0,2,2,2,2,0,0,2,2
225,-597.825,7960.712,-129.247,-148.506,0,0.89777,-1.00000,53.866,-2.000,-1,400.000,-1,400.000,-1,325.000,325.000,300.000,300.000,-1,-1,-1,-1,800.000,775.000,-1,-1,2,0,2,0,2,0,0,0,0,2,2,2,2,0,0,2,2
226,-644.711,7934.192,-131.154,-150.506,0,0.89777,-1.00000,53.866,-2.000,-1,400.000,-1,400.000,-1,325.000,325.000,300.000,300.000,-1,-1,-1,-1,800.000,775.000,-1,-1,2,0,2,0,2,0,0,0,0,2,2,2,2,0,0,2,2
227,-692.493,7909.324,-133.120,-152.506,0,0.89777,-1.00000,53.866,-2.000,-1,400.000,-1,400.000,-1,325.000,325.000,300.000,300.000,-1,-1,-1,-1,775.000,750.000,-1,-1,2,0,2,0,2,0,0,0,0,2,2,2,2,0,0,2,2
228,-741.115,7886.139,-135.192,-154.506,0,0.89777,-1.00000,53.866,-2.000,-1,400.000,-1,400.000,-1,325.000,325.000,300.000,300.000,-1,-1,-1,-1,775.000,750.000,-1,-1,2,0,2,0,2,0,0,0,0,2,2,2,2,0,0,2,2
229,-790.516,7864.665,-137.493,-156.506,0,0.89777,-1.00000,53.866,-2.000,-1,400.000,-1,400.000,-1,325.000,325.000,300.000,300.000,-1,-1,-1,-1,775.000,725.000,-1,-1,2,0,2,0,2,0,0,0,0,2,2,2,2,0,0,2,2
230,-840.636,7844.928,-139.785,-158.506,0,0.89777,-1.00000,53.866,-2.000,-1,400.000,-1,400.000,-1,325.000,325.000,300.000,300.000,-1,-1,-1,-1,775.000,725.000,-1,-1,2,0,2,0,2,0,0,0,0,2,2,2,2,0,0,2,2
231,-891.414,7826.952,-142.126,-160.506,0,0.89777,-1.00000,53.866,-2.000,-1,400.000,-1,400.000,-1,325.000,325.000,300.000,300.000,-1,-1,-1,-1,775.000,725.000,-1,-1,2,0,2,0,2,0,0,0,0,2,2,2,2,0,0,2,2
232,-942.789,7810.760,-144.534,-162.506,0,0.89777,-1.00000,53.866,-2.000,-1,400.000,-1,400.000,-1,325.000,325.000,300.000,300.000,-1,-1,-1,-1,750.000,725.000,-1,-1,2,0,2,0,2,0,0,0,0,2,2,2,2,0,0,2,2
233,-994.698,7796.370,-147.001,-164.506,0,0.89777,-1.00000,53.866,-2.000,-1,400.000,-1,400.000,-1,325.000,325.000,300.000,300.000,-1,-1,-1,-1,750.000,700.000,-1,-1,2,0,2,0,2,0,0,0,0,2,2,2,2,0,0,2,2
234,-1042.361,7784.720,-149.293,-166.266,0,0.81777,-0.88000,49.066,-1.760,-1,400.000,-1,375.000,-1,325.000,325.000,300.000,300.000,-1,-1,-1,-1,750.000,700.000,-1,-1,2,0,2,0,2,0,0,0,0,2,2,2,2,0,0,2,2
235,-1088.081,7774.824,-151.513,-167.786,0,0.77965,-0.76000,46.779,-1.520,-1,400.000,-1,375.000,-1,325.000,325.000,300.000,300.000,-1,-1,-1,-1,725.000,700.000,-1,-1,2,0,2,0,2,0,0,0,0,2,2,2,2,0,0,2,2
236,-1134.011,7765.951,-153.761,-169.066,0,0.77965,-0.64000,46.779,-1.280,-1,400.000,-1,375.000,-1,325.000,325.000,300.000,300.000,-1,-1,-1,-1,725.000,700.000,-1,-1,2,0,2,0,2,0,0,0,0,2,2,2,2,0,0,2,2
237,-1180.095,7757.913,-156.031,-170.106,0,0.77965,-0.52000,46.779,-1.040,-1,400.000,-1,375.000,-1,325.000,325.000,300.000,300.000,-1,-1,-1,-1,725.000,700.000,-1,-1,2,0,2,0,2,0,0,0,0,2,2,2,2,0,0,2,2
238,-1226.289,7750.542,-158.306,-170.934,0,0.77965,-0.41413,46.779,-0.828,-1,375.000,-1,375.000,-1,325.000,300.000,300.000,300.000,-1,-1,-1,-1,725.000,700.000,-1,-1,2,0,2,0,2,0,0,0,0,2,2,2,2,0,0,2,2
239,-1272.586,7743.839,-160.587,-171.762,0,0.77965,-0.41413,46.779,-0.828,-1,375.000,-1,375.000,-1,300.000,300.000,300.000,300.000,-1,-1,-1,-1,700.000,700.000,-1,-1,2,0,2,0,2,0,0,0,0,2,2,2,2,0,0,2,2
240,-1318.974,7737.807,-162.718,-172.591,0,0.77965,-0.41413,46.779,-0.828,-1,375.000,-1,375.000,-1,300.000,300.000,300.000,300.000,-1,-1,-1,-1,700.000,700.000,-1,-1,2,0,2,0,2,0,0,0,0,2,2,2,2,0,0,2,2
241,-1365.445,7732.445,-164.674,-173.419,0,0.77965,-0.41413,46.779,-0.828,-1,375.000,-1,375.000,-1,300.000,300.000,300.000,300.000,-1,-1,-1,-1,700.000,700.000,-1,-1,2,0,2,0,2,0,0,0,0,2,2,2,2,0,0,2,2
242,-1411.988,7727.756,-166.432,-174.247,0,0.77965,-0.41413,46.779,-0.828,-1,375.000,-1,375.000,-1,300.000,300.000,300.000,300.000,-1,-1,-1,-1,700.000,700.000,-1,-1,2,0,2,0,2,0,0,0,0,2,2,2,2,0,0,2,2
243,-1458.594,7723.741,-168.197,-175.075,0,0.77965,-0.41413,46.779,-0.828,-1,375.000,-1,375.000,-1,300.000,300.000,300.000,300.000,-1,-1,-1,-1,700.000,700.000,-1,-1,2,0,2,0,2,0,0,0,0,2,2,2,2,0,0,2,2
244,-1505.254,7720.399,-169.969,-175.904,0,0.77965,-0.41413,46.779,-0.828,-1,375.000,-1,375.000,-1,300.000,300.000,300.000,300.000,-1,-1,-1,-1,700.000,700.000,-1,-1,2,0,2,0,2,0,0,0,0,2,2,2,2,0,0,2,2
245,-1551.957,7717.732,-171.748,-176.732,0,0.77965,-0.41413,46.779,-0.828,-1,375.000,-1,375.000,-1,325.000,300.000,300.000,300.000,-1,-1,-1,-1,725.000,700.000,-1,-1,2,0,2,0,2,0,0,0,0,2,2,2,2,0,0,2,2
246,-1598.694,7715.741,-173.531,-177.560,0,0.77965,-0.41413,46.779,-0.828,-1,375.000,-1,375.000,-1,325.000,325.000,325.000,300.000,-1,875.000,-1,-1,725.000,725.000,-1,-1,2,0,2,0,2,0,0,0,0,2,0,2,2,0,0,2,2
247,-1645.454,7714.425,-175.319,-178.388,0,0.77965,-0.41413,46.779,-0.828,-1,375.000,-1,375.000,-1,325.000,325.000,325.000,300.000,-1,800.000,925.000,-1,725.000,725.000,-1,-1,2,0,2,0,2,0,0,0,0,2,0,0,2,0,0,2,2
248,-1692.229,7713.786,-177.110,-179.217,0,0.77965,-0.41413,46.779,-0.828,-1,375.000,-1,375.000,-1,325.000,325.000,300.000,300.000,-1,725.000,825.000,-1,725.000,725.000,-1,-1,2,0,2,0,2,0,0,0,0,2,0,0,2,0,0,2,2
249,-1739.008,7713.823,-178.903,-180.045,0,0.77965,-0.41413,46.779,-0.828,-1,375.000,-1,375.000,-1,325.000,325.000,300.000,300.000,-1,675.000,750.000,-1,725.000,725.000,-1,-1,2,0,2,0,2,0,0,0,0,2,0,0,2,0,0,2,2
250,-1785.781,7714.536,-180.698,-180.873,0,0.77965,-0.41413,46.779,-0.828,-1,375.000,-1,375.000,-1,325.000,325.000,300.000,300.000,-1,650.000,700.000,-1,725.000,750.000,-1,-1,2,0,2,0,2,0,0,0,0,2,0,0,2,0,0,2,2
251,-1832.540,7715.925,-182.493,-181.702,0,0.77965,-0.41413,46.779,-0.828,-1,375.000,-1,400.000,-1,325.000,325.000,300.000,300.000,-1,600.000,650.000,-1,725.000,750.000,-1,-1,2,0,2,0,2,0,0,0,0,2,0,0,2,0,0,2,2
252,-1879.273,7717.989,-184.286,-182.530,0,0.77965,-0.41413,46.779,-0.828,-1,375.000,-1,400.000,-1,325.000,325.000,300.000,300.000,-1,575.000,600.000,-1,750.000,750.000,-1,-1,2,0,2,0,2,0,0,0,0,2,0,0,2,0,0,2,2
253,-1925.972,7720.730,-186.079,-183.358,0,0.77965,-0.41413,46.779,-0.828,-1,400.000,-1,400.000,-1,325.000,325.000,300.000,300.000,-1,525.000,575.000,-1,750.000,750.000,-1,-1,2,0,2,0,2,0,0,0,0,2,0,0,2,0,0,2,2
254,-1972.626,7724.145,-187.664,-184.186,0,0.77965,-0.41413,46.779,-0.828,-1,400.000,-1,400.000,-1,325.000,325.000,300.000,300.000,-1,525.000,550.000,-1,750.000,775.000,-1,-1,2,0,2,0,2,0,0,0,0,2,0,0,2,0,0,2,2
255,-2019.226,7728.233,-188.947,-185.015,0,0.77965,-0.41413,46.779,-0.828,-1,400.000,-1,400.000,-1,325.000,325.000,300.000,300.000,-1,575.000,600.000,-1,750.000,775.000,-1,-1,2,0,2,0,2,0,0,0,0,2,0,0,2,0,0,2,2
256,-2065.762,7732.996,-190.201,-185.843,0,0.77965,-0.41413,46.779,-0.828,-1,400.000,-1,400.000,-1,325.000,325.000,300.000,300.000,-1,625.000,625.000,-1,775.000,775.000,-1,-1,2,0,2,0,2,0,0,0,0,2,0,0,2,0,0,2,2
257,-2107.477,7737.698,-191.326,-186.431,0,0.69965,-0.29413,41.979,-0.588,-1,400.000,-1,400.000,-1,325.000,325.000,300.000,300.000,-1,650.000,675.000,-1,775.000,775.000,-1,-1,2,0,2,0,2,0,0,0,0,2,0,0,2,0,0,2,2
258,-2147.582,7742.465,-192.407,-186.779,0,0.67313,-0.17413,40.388,-0.348,-1,400.000,-1,400.000,-1,325.000,325.000,300.000,300.000,-1,700.000,700.000,-1,775.000,775.000,-1,-1,2,0,2,0,2,0,0,0,0,2,0,0,2,0,0,2,2
259,-2187.679,7747.309,-193.489,-186.888,0,0.67313,-0.05413,40.388,-0.108,-1,400.000,-1,400.000,-1,325.000,325.000,300.000,300.000,-1,725.000,725.000,-1,775.000,775.000,-1,-1,2,0,2,0,2,0,0,0,0,2,0,0,2,0,0,2,2
260,-2227.786,7752.060,-194.572,-186.756,0,0.67313,0.06587,40.388,0.132,-1,400.000,-1,400.000,-1,325.000,325.000,300.000,300.000,-1,775.000,775.000,-1,775.000,800.000,-1,-1,2,0,2,0,2,0,0,0,0,2,0,0,2,0,0,2,2
261,-2267.923,7756.551,-195.658,-186.384,0,0.67313,0.18587,40.388,0.372,-1,400.000,-1,400.000,-1,325.000,325.000,300.000,300.000,-1,800.000,800.000,-1,800.000,800.000,-1,-1,2,0,2,0,2,0,0,0,0,2,0,0,2,0,0,2,2
262,-2308.094,7760.732,-196.747,-185.942,0,0.67313,0.22110,40.388,0.442,-1,400.000,-1,400.000,-1,325.000,325.000,300.000,300.000,-1,825.000,825.000,-1,800.000,800.000,-1,-1,2,0,2,0,2,0,0,0,0,2,0,0,2,0,0,2,2
263,-2348.296,7764.603,-197.838,-185.500,0,0.67313,0.22110,40.388,0.442,-1,400.000,-1,400.000,-1,325.000,325.000,300.000,300.000,-1,875.000,875.000,-1,800.000,800.000,-1,-1,2,0,2,0,2,0,0,0,0,2,0,0,2,0,0,2,2
264,-2388.526,7768.163,-198.932,-185.058,0,0.67313,0.22110,40.388,0.442,-1,400.000,-1,400.000,-1,325.000,325.000,300.000,300.000,-1,900.000,900.000,-1,800.000,800.000,-1,-1,2,0,2,0,2,0,0,0,0,2,0,0,2,0,0,2,2
265,-2433.583,7771.611,-200.159,-184.375,0,0.75313,0.34110,45.188,0.682,-1,400.000,-1,400.000,-1,325.000,325.000,300.000,300.000,-1,925.000,925.000,-1,800.000,800.000,-1,-1,2,0,2,0,2,0,0,0,0,2,0,0,2,0,0,2,2
266,-2483.478,7774.646,-201.520,-183.481,0,0.83313,0.44709,49.988,0.894,-1,400.000,-1,400.000,-1,325.000,325.000,300.000,300.000,-1,975.000,975.000,-1,825.000,825.000,-1,-1,2,0,2,0,2,0,0,0,0,2,0,0,2,0,0,2,2
267,-2536.659,7777.049,-202.975,-182.587,0,0.88726,0.44709,53.236,0.894,-1,400.000,-1,400.000,-1,325.000,325.000,300.000,300.000,-1,-1,-1,-1,825.000,825.000,-1,-1,2,0,2,0,2,0,0,0,0,2,2,2,2,0,0,2,2
268,-2589.872,7778.621,-204.432,-181.693,0,0.88726,0.44709,53.236,0.894,-1,400.000,-1,400.000,-1,325.000,325.000,300.000,300.000,-1,-1,-1,-1,850.000,825.000,-1,-1,2,0,2,0,2,0,0,0,0,2,2,2,2,0,0,2,2
269,-2643.102,7779.363,-205.999,-180.799,0,0.88726,0.44709,53.236,0.894,-1,400.000,-1,400.000,-1,325.000,325.000,300.000,300.000,-1,-1,-1,-1,850.000,825.000,-1,-1,2,0,2,0,2,0,0,0,0,2,2,2,2,0,0,2,2
270,-2696.337,7779.275,-207.836,-179.904,0,0.88726,0.44709,53.236,0.894,-1,400.000,-1,400.000,-1,325.000,325.000,300.000,300.000,-1,-1,-1,-1,850.000,825.000,-1,-1,2,0,2,0,2,0,0,0,0,2,2,2,2,0,0,2,2
271,-2749.565,7778.355,-209.676,-179.010,0,0.88726,0.44709,53.236,0.894,-1,400.000,-1,400.000,-1,325.000,325.000,300.000,300.000,-1,-1,-1,-1,850.000,825.000,-1,-1,2,0,2,0,2,0,0,0,0,2,2,2,2,0,0,2,2
272,-2802.772,7776.605,-211.519,-178.116,0,0.88726,0.44709,53.236,0.894,-1,400.000,-1,400.000,-1,325.000,325.000,300.000,300.000,-1,-1,-1,-1,850.000,825.000,-1,-1,2,0,2,0,2,0,0,0,0,2,2,2,2,0,0,2,2
273,-2851.140,7774.055,-213.198,-176.982,0,0.80726,0.56709,48.436,1.134,-1,400.000,-1,400.000,-1,325.000,325.000,300.000,300.000,-1,-1,-1,-1,850.000,825.000,-1,-1,2,0,2,0,2,0,0,0,0,2,2,2,2,0,0,2,2
274,-2894.647,7770.713,-214.712,-175.608,0,0.72726,0.68709,43.636,1.374,-1,400.000,-1,400.000,-1,325.000,325.000,300.000,300.000,-1,-1,-1,-1,850.000,825.000,-1,-1,2,0,2,0,2,0,0,0,0,2,2,2,2,0,0,2,2
275,-2933.270,7766.649,-216.058,-173.994,0,0.64726,0.80709,38.836,1.614,-1,400.000,-1,400.000,-1,325.000,325.000,300.000,300.000,-1,-1,-1,-1,850.000,825.000,-1,-1,2,0,2,0,2,0,0,0,0,2,2,2,2,0,0,2,2
276,-2966.985,7761.994,-217.235,-172.139,0,0.56726,0.92709,34.036,1.854,-1,400.000,-1,400.000,-1,325.000,325.000,300.000,300.000,-1,-1,-1,-1,850.000,825.000,-1,-1,2,0,2,0,2,0,0,0,0,2,2,2,2,0,0,2,2
277,-2995.789,7756.988,-218.241,-170.139,0,0.48726,1.00000,29.236,2.000,-1,400.000,-1,400.000,-1,325.000,325.000,300.000,300.000,-1,-1,-1,-1,850.000,825.000,-1,-1,2,0,2,0,2,0,0,0,0,2,2,2,2,0,0,2,2
278,-3019.703,7751.966,-219.078,-168.139,0,0.40726,1.00000,24.436,2.000,-1,400.000,-1,400.000,-1,325.000,325.000,300.000,300.000,-1,-1,-1,-1,825.000,825.000,-1,-1,2,0,2,0,2,0,0,0,0,2,2,2,2,0,0,2,2
279,-3038.767,7747.262,-219.744,-166.139,0,0.32726,1.00000,19.636,2.000,-1,400.000,-1,400.000,-1,325.000,325.000,300.000,300.000,-1,-1,-1,-1,825.000,825.000,-1,-1,2,0,2,0,2,0,0,0,0,2,2,2,2,0,0,2,2
280,-3053.037,7743.207,-220.239,-164.139,0,0.24726,1.00000,14.836,2.000,-1,400.000,-1,400.000,-1,325.000,325.000,300.000,300.000,-1,-1,-1,-1,825.000,825.000,-1,-1,2,0,2,0,2,0,0,0,0,2,2,2,2,0,0,2,2
281,-3062.589,7740.129,-220.565,-162.139,0,0.16726,1.00000,10.036,2.000,-1,400.000,-1,400.000,-1,325.000,325.000,300.000,300.000,-1,-1,-1,-1,825.000,825.000,-1,-1,2,0,2,0,2,0,0,0,0,2,2,2,2,0,0,2,2
282,-3067.513,7738.351,-220.722,-160.139,0,0.08726,1.00000,5.236,2.000,-1,400.000,-1,400.000,-1,325.000,325.000,300.000,300.000,-1,-1,-1,-1,825.000,825.000,-1,-1,2,0,2,0,2,0,0,0,0,2,2,2,2,0,0,2,2
283,-3067.918,7738.188,-220.714,-158.139,0,0.00726,1.00000,0.436,2.000,-1,400.000,-1,400.000,-1,325.000,325.000,300.000,300.000,-1,-1,-1,-1,825.000,825.000,-1,-1,2,0,2,0,2,0,0,0,0,2,2,2,2,0,0,2,2
284,-3063.926,7739.954,-220.543,-156.139,0,-0.07274,1.00000,-4.364,2.000,-1,400.000,-1,400.000,-1,325.000,325.000,300.000,300.000,-1,-1,-1,-1,825.000,825.000,-1,-1,2,0,2,0,2,0,0,0,0,2,2,2,2,0,0,2,2
285,-3055.679,7743.951,-220.213,-154.139,0,-0.15274,1.00000,-9.164,2.000,-1,400.000,-1,400.000,-1,325.000,325.000,300.000,300.000,-1,-1,-1,-1,825.000,850.000,-1,-1,2,0,2,0,2,0,0,0,0,2,2,2,2,0,0,2,2
286,-3043.334,7750.477,-219.729,-152.139,0,-0.23274,1.00000,-13.964,2.000,-1,400.000,-1,400.000,-1,325.000,325.000,300.000,300.000,-1,-1,-1,-1,825.000,850.000,-1,-1,2,0,2,0,2,0,0,0,0,2,2,2,2,0,0,2,2
287,-3030.023,7758.119,-219.203,-150.139,0,-0.25580,1.00000,-15.348,2.000,-1,400.000,-1,400.000,-1,325.000,325.000,300.000,300.000,-1,-1,-1,-1,825.000,850.000,-1,-1,2,0,2,0,2,0,0,0,0,2,2,2,2,0,0,2,2
288,-3016.988,7766.220,-218.682,-148.139,0,-0.25580,1.00000,-15.348,2.000,-1,400.000,-1,400.000,-1,325.000,325.000,300.000,300.000,-1,-1,-1,-1,800.000,850.000,-1,-1,2,0,2,0,2,0,0,0,0,2,2,2,2,0,0,2,2
289,-3004.243,7774.772,-218.165,-146.139,0,-0.25580,1.00000,-15.348,2.000,-1,400.000,-1,400.000,-1,325.000,325.000,300.000,300.000,-1,-1,-1,-1,800.000,850.000,-1,-1,2,0,2,0,2,0,0,0,0,2,2,2,2,0,0,2,2
290,-2991.804,7783.763,-217.654,-144.139,0,-0.25580,1.00000,-15.348,2.000,-1,400.000,-1,400.000,-1,325.000,325.000,300.000,300.000,-1,-1,-1,-1,800.000,850.000,-1,-1,2,0,2,0,2,0,0,0,0,2,2,2,2,0,0,2,2
291,-2979.687,7793.183,-217.150,-142.139,0,-0.25580,1.00000,-15.348,2.000,-1,400.000,-1,400.000,-1,325.000,325.000,300.000,300.000,-1,-1,-1,-1,800.000,850.000,-1,-1,2,0,2,0,2,0,0,0,0,2,2,2,2,0,0,2,2
292,-2967.905,7803.020,-216.653,-140.139,0,-0.25580,1.00000,-15.348,2.000,-1,400.000,-1,400.000,-1,325.000,325.000,300.000,300.000,-1,-1,-1,-1,800.000,850.000,-1,-1,2,0,2,0,2,0,0,0,0,2,2,2,2,0,0,2,2
293,-2956.475,7813.262,-216.186,-138.139,0,-0.25580,1.00000,-15.348,2.000,-1,400.000,-1,400.000,-1,325.000,325.000,300.000,300.000,-1,-1,-1,-1,800.000,850.000,-1,-1,2,0,2,0,2,0,0,0,0,2,2,2,2,0,0,2,2
294,-2945.408,7823.896,-215.734,-136.139,0,-0.25580,1.00000,-15.348,2.000,-1,400.000,-1,400.000,-1,325.000,325.000,300.000,300.000,-1,-1,-1,-1,800.000,850.000,-1,-1,2,0,2,0,2,0,0,0,0,2,2,2,2,0,0,2,2
295,-2938.031,7831.435,-215.418,-134.379,0,-0.17580,0.88000,-10.548,1.760,-1,400.000,-1,400.000,-1,325.000,325.000,300.000,300.000,-1,-1,-1,-1,800.000,850.000,-1,-1,2,0,2,0,2,0,0,0,0,2,2,2,2,0,0,2,2
296,-2934.121,7835.649,-215.231,-132.859,0,-0.09580,0.76000,-5.748,1.520,-1,400.000,-1,400.000,-1,325.000,325.000,300.000,300.000,-1,-1,-1,-1,800.000,850.000,-1,-1,2,0,2,0,2,0,0,0,0,2,2,2,2,0,0,2,2
297,-2933.492,7836.358,-215.189,-131.579,0,-0.01580,0.64000,-0.948,1.280,-1,400.000,-1,400.000,-1,325.000,325.000,300.000,300.000,-1,-1,-1,-1,800.000,850.000,-1,-1,2,0,2,0,2,0,0,0,0,2,2,2,2,0,0,2,2
298,-2935.996,7833.431,-215.268,-130.539,0,0.06420,0.52000,3.852,1.040,-1,400.000,-1,400.000,-1,325.000,325.000,300.000,300.000,-1,-1,-1,-1,800.000,850.000,-1,-1,2,0,2,0,2,0,0,0,0,2,2,2,2,0,0,2,2
299,-2941.527,7826.778,-215.441,-129.739,0,0.14420,0.40000,8.652,0.800,-1,400.000,-1,400.000,-1,325.000,325.000,300.000,300.000,-1,-1,-1,-1,800.000,850.000,-1,-1,2,0,2,0,2,0,0,0,0,2,2,2,2,0,0,2,2
