timestep,x_cm,y_cm,z_cm,yaw_deg,teleport_flag,throttle_cmd,steering_cmd,cmd_move_cm,cmd_turn_deg,lidar_cm_0,lidar_cm_1,lidar_cm_2,lidar_cm_3,lidar_cm_4,lidar_cm_5,lidar_cm_6,lidar_cm_7,lidar_cm_8,lidar_cm_9,lidar_cm_10,lidar_cm_11,lidar_cm_12,lidar_cm_13,lidar_cm_14,lidar_cm_15,lidar_cm_16,lidar_class_0,lidar_class_1,lidar_class_2,lidar_class_3,lidar_class_4,lidar_class_5,lidar_class_6,lidar_class_7,lidar_class_8,lidar_class_9,lidar_class_10,lidar_class_11,lidar_class_12,lidar_class_13,lidar_class_14,lidar_class_15,lidar_class_16
0,18763.720,2131.728,274.264,43.438,1,0.08000,0.12000,9.600,1.080,-1,475.000,-1,-1,-1,350.000,350.000,325.000,300.000,-1,-1,-1,-1,-1,-1,-1,-1,2,0,2,2,2,0,0,0,0,2,2,2,2,2,2,2,2
2,18796.110,2167.127,273.097,48.838,0,0.24000,0.36000,28.800,3.240,-1,475.000,-1,-1,-1,375.000,350.000,325.000,300.000,-1,-1,-1,-1,-1,-1,-1,-1,2,0,2,2,2,0,0,0,0,2,2,2,2,2,2,2,2
4,18844.174,2238.810,270.288,58.558,0,0.40000,0.60000,48.000,5.400,-1,475.000,-1,-1,-1,375.000,375.000,325.000,300.000,-1,-1,-1,-1,-1,-1,-1,-1,2,0,2,2,2,0,0,0,0,2,2,2,2,2,2,2,2
6,18891.036,2354.289,262.362,70.719,0,0.56000,0.67563,67.200,6.081,-1,400.000,-1,400.000,-1,325.000,325.000,300.000,-1,-1,-1,-1,-1,700.000,-1,-1,-1,2,0,2,0,2,0,0,0,2,2,2,2,2,0,2,2,2
8,18898.500,2514.577,246.578,81.800,0,0.72000,0.55563,86.400,5.001,-1,375.000,-1,400.000,-1,300.000,325.000,300.000,-1,-1,-1,-1,-1,675.000,-1,-1,-1,2,0,2,0,2,0,0,0,2,2,2,2,2,0,2,2,2
10,18897.021,2692.798,228.838,90.950,0,0.74362,0.56831,89.235,5.115,975.000,350.000,-1,375.000,-1,300.000,300.000,300.000,-1,-1,-1,-1,-1,625.000,750.000,-1,-1,0,0,2,0,2,0,0,0,2,2,2,2,2,0,0,2,2
12,18874.998,2887.228,209.172,97.939,0,0.81557,0.32831,97.869,2.955,825.000,350.000,-1,350.000,-1,275.000,300.000,275.000,-1,-1,-1,-1,-1,600.000,725.000,950.000,-1,0,0,2,0,2,0,0,0,2,2,2,2,2,0,0,0,2
14,18840.298,3079.860,192.650,100.609,0,0.81557,0.08831,97.869,0.795,-1,375.000,-1,425.000,-1,300.000,325.000,275.000,-1,-1,225.000,200.000,-1,675.000,1000.000,-1,-1,2,0,2,0,2,0,0,0,2,2,0,0,2,0,0,2,2
16,18807.519,3272.819,178.130,98.959,0,0.81557,-0.15169,97.869,-1.365,-1,375.000,-1,425.000,-1,325.000,325.000,275.000,325.000,-1,375.000,325.000,-1,700.000,-1,-1,-1,2,0,2,0,2,0,0,0,0,2,0,0,2,0,2,2,2
18,18791.315,3467.792,163.881,92.988,0,0.81557,-0.39169,97.869,-3.525,-1,400.000,-1,450.000,-1,350.000,350.000,275.000,300.000,-1,600.000,500.000,-1,850.000,-1,-1,-1,2,0,2,0,2,0,0,0,0,2,0,0,2,0,2,2,2
20,18804.041,3662.966,148.075,84.030,0,0.81557,-0.49768,97.869,-4.479,-1,400.000,-1,450.000,-1,325.000,325.000,275.000,300.000,-1,-1,-1,-1,875.000,-1,-1,-1,2,0,2,0,2,0,0,0,0,2,2,2,2,0,2,2,2
22,18847.004,3853.777,127.983,75.071,0,0.81557,-0.49768,97.869,-4.479,-1,450.000,-1,500.000,-1,375.000,375.000,275.000,-1,-1,-1,-1,-1,925.000,-1,-1,-1,2,0,2,0,2,0,0,0,2,2,2,2,2,0,2,2,2
24,18898.500,4042.802,106.496,62.873,0,0.86230,-0.73768,103.476,-6.639,-1,550.000,-1,-1,-1,425.000,425.000,300.000,-1,-1,-1,-1,-1,950.000,-1,-1,-1,2,0,2,2,2,0,0,0,2,2,2,2,2,0,2,2,2
26,18898.500,4212.351,88.615,52.835,0,0.86230,-0.49768,103.476,-4.479,-1,550.000,-1,-1,-1,450.000,-1,350.000,275.000,-1,-1,-1,-1,950.000,-1,-1,-1,2,0,2,2,2,0,2,0,0,2,2,2,2,0,2,2,2
28,18898.500,4351.165,67.674,41.536,0,0.78230,-0.68769,93.876,-6.189,675.000,425.000,-1,-1,-1,350.000,-1,275.000,325.000,-1,-1,-1,-1,-1,-1,-1,-1,0,0,2,2,2,0,2,0,0,2,2,2,2,2,2,2,2
30,18898.500,4439.146,52.072,25.918,0,0.73307,-0.92769,87.969,-8.349,-1,-1,-1,-1,-1,-1,-1,275.000,325.000,-1,-1,-1,-1,-1,-1,-1,-1,2,2,2,2,2,2,2,0,0,2,2,2,2,2,2,2,2
32,18898.500,4480.006,44.819,8.999,0,0.81307,-0.87997,97.569,-7.920,-1,-1,-1,-1,-1,-1,-1,275.000,350.000,-1,-1,-1,-1,-1,-1,-1,-1,2,2,2,2,2,2,2,0,0,2,2,2,2,2,2,2,2
34,18898.500,4477.353,45.284,-3.601,0,0.87950,-0.63997,105.540,-5.760,-1,-1,-1,-1,-1,-1,-1,275.000,375.000,-1,-1,-1,-1,-1,-1,-1,-1,2,2,2,2,2,2,2,0,0,2,2,2,2,2,2,2,2
36,18898.500,4440.417,51.831,-11.880,0,0.87985,-0.39997,105.582,-3.600,-1,-1,-1,-1,-1,-1,-1,300.000,400.000,850.000,-1,-1,-1,-1,-1,-1,-1,2,2,2,2,2,2,2,0,0,0,2,2,2,2,2,2,2
38,18898.500,4377.548,62.978,-18.782,0,0.87985,-0.32345,105.582,-2.911,-1,-1,-1,-1,-1,-1,-1,325.000,425.000,775.000,550.000,-1,-1,-1,-1,-1,-1,2,2,2,2,2,2,2,0,0,0,0,2,2,2,2,2,2
40,18898.500,4297.268,77.214,-23.525,0,0.90003,-0.32345,108.003,-2.911,-1,-1,-1,-1,-1,-1,-1,325.000,450.000,800.000,425.000,600.000,-1,-1,-1,-1,-1,2,2,2,2,2,2,2,0,0,0,0,0,2,2,2,2,2
42,18898.500,4196.281,90.313,-29.703,0,0.90003,-0.40323,108.003,-3.629,-1,-1,-1,-1,-1,-1,-1,450.000,325.000,-1,-1,-1,-1,-1,-1,-1,-1,2,2,2,2,2,2,2,0,0,2,2,2,2,2,2,2,2
44,18898.500,4074.606,103.148,-38.041,0,0.82003,-0.40323,98.403,-3.629,-1,-1,-1,350.000,-1,-1,300.000,400.000,325.000,-1,-1,-1,-1,-1,-1,-1,-1,2,2,2,0,2,2,0,0,0,2,2,2,2,2,2,2,2
46,18898.500,3951.410,116.142,-44.199,0,0.76171,-0.40103,91.405,-3.609,-1,-1,-1,375.000,-1,-1,300.000,350.000,325.000,-1,-1,-1,-1,-1,-1,-1,-1,2,2,2,0,2,2,0,0,0,2,2,2,2,2,2,2,2
48,18898.500,3802.412,131.857,-52.498,0,0.84171,-0.40103,101.005,-3.609,-1,-1,-1,400.000,-1,300.000,325.000,-1,325.000,-1,-1,225.000,-1,-1,775.000,-1,-1,2,2,2,0,2,0,0,2,0,2,2,0,2,2,0,2,2
50,18898.500,3616.532,151.461,-60.547,0,0.90584,-0.38714,108.701,-3.484,-1,-1,-1,425.000,-1,325.000,350.000,-1,325.000,-1,300.000,225.000,-1,-1,850.000,-1,-1,2,2,2,0,2,0,0,2,0,2,0,0,2,2,0,2,2
52,18898.500,3423.912,166.607,-66.815,0,0.86226,-0.33872,103.472,-3.048,-1,375.000,-1,375.000,-1,300.000,300.000,-1,300.000,-1,-1,-1,-1,-1,675.000,-1,-1,2,0,2,0,2,0,0,2,0,2,2,2,2,2,0,2,2
54,18898.500,3230.426,181.573,-69.672,0,0.86226,-0.09872,103.472,-0.888,-1,350.000,-1,375.000,-1,300.000,300.000,-1,300.000,-1,-1,-1,-1,-1,675.000,-1,-1,2,0,2,0,2,0,0,2,0,2,2,2,2,2,0,2,2
56,18898.500,3031.451,196.963,-70.369,0,0.90306,-0.09872,108.367,-0.888,-1,350.000,-1,350.000,-1,300.000,300.000,-1,300.000,-1,-1,700.000,-1,-1,725.000,-1,-1,2,0,2,0,2,0,0,2,0,2,2,0,2,2,0,2,2
58,18898.500,2823.331,215.891,-75.386,0,0.90306,-0.33872,108.367,-3.048,-1,400.000,-1,425.000,-1,325.000,325.000,-1,300.000,-1,225.000,175.000,-1,-1,1000.000,-1,-1,2,0,2,0,2,0,0,2,0,2,0,0,2,2,0,2,2
60,18898.500,2618.424,236.259,-84.723,0,0.82306,-0.57872,98.767,-5.208,-1,425.000,-1,450.000,-1,350.000,350.000,-1,300.000,-1,475.000,400.000,-1,-1,-1,-1,-1,2,0,2,0,2,0,0,2,0,2,0,0,2,2,2,2,2
62,18883.731,2438.602,253.850,-98.379,0,0.75334,-0.81872,90.401,-7.368,-1,475.000,-1,500.000,-1,375.000,375.000,-1,300.000,-1,-1,800.000,-1,-1,-1,-1,-1,2,0,2,0,2,0,0,2,0,2,2,0,2,2,2,2,2
64,18816.573,2260.857,268.531,-114.196,0,0.83334,-0.81872,100.001,-7.368,-1,400.000,-1,500.000,-1,325.000,375.000,300.000,325.000,-1,-1,-1,-1,900.000,-1,-1,-1,2,0,2,0,2,0,0,0,0,2,2,2,2,0,2,2,2
66,18695.701,2075.550,275.685,-125.693,0,0.93226,-0.57872,111.872,-5.208,-1,475.000,-1,575.000,-1,400.000,425.000,300.000,325.000,-1,-1,-1,-1,-1,-1,-1,-1,2,0,2,0,2,0,0,0,0,2,2,2,2,2,2,2,2
68,18547.948,1907.638,272.717,-132.870,0,0.93226,-0.33872,111.872,-3.048,-1,400.000,-1,425.000,-1,350.000,350.000,350.000,250.000,-1,-1,-1,-1,775.000,750.000,-1,-1,2,0,2,0,2,0,0,0,0,2,2,2,2,0,0,2,2
70,18388.963,1750.215,261.870,-135.727,0,0.93226,-0.09872,111.872,-0.888,-1,350.000,-1,350.000,925.000,300.000,300.000,300.000,250.000,-1,-1,-1,-1,600.000,575.000,-1,900.000,2,0,2,0,0,0,0,0,0,2,2,2,2,0,0,2,0
72,18223.806,1590.674,246.473,-136.424,0,0.98139,-0.09872,117.766,-0.888,-1,350.000,-1,325.000,650.000,275.000,275.000,325.000,225.000,-1,-1,-1,-1,650.000,550.000,-1,700.000,2,0,2,0,0,0,0,0,0,2,2,2,2,0,0,2,0
74,18043.662,1439.068,235.243,-141.441,0,0.98139,-0.33872,117.766,-3.048,-1,350.000,-1,325.000,575.000,275.000,275.000,325.000,225.000,-1,300.000,125.000,-1,650.000,525.000,-1,650.000,2,0,2,0,0,0,0,0,0,2,0,0,2,0,0,2,0
76,17843.749,1314.988,231.589,-150.778,0,0.98139,-0.57872,117.766,-5.208,-1,400.000,-1,375.000,-1,325.000,325.000,325.000,275.000,-1,100.000,125.000,-1,725.000,700.000,-1,-1,2,0,2,0,2,0,0,0,0,2,0,0,2,0,0,2,2
78,17622.097,1236.605,224.552,-163.984,0,0.98139,-0.76861,117.766,-6.918,-1,375.000,-1,375.000,-1,300.000,300.000,350.000,300.000,-1,350.000,325.000,-1,675.000,700.000,-1,-1,2,0,2,0,2,0,0,0,0,2,0,0,2,0,0,2,2
80,17388.131,1213.499,213.571,-177.819,0,0.98139,-0.76861,117.766,-6.918,-1,375.000,-1,350.000,-1,300.000,300.000,325.000,275.000,-1,650.000,575.000,-1,775.000,700.000,-1,-1,2,0,2,0,2,0,0,0,0,2,0,0,2,0,0,2,2
82,17155.429,1247.010,204.336,-191.654,0,0.98139,-0.76861,117.766,-6.918,-1,450.000,-1,400.000,-1,350.000,325.000,300.000,300.000,-1,350.000,350.000,-1,1000.000,900.000,-1,-1,2,0,2,0,2,0,0,0,0,2,0,0,2,0,0,2,2
84,16937.490,1335.195,193.443,-205.489,0,0.98139,-0.76861,117.766,-6.918,-1,500.000,-1,450.000,-1,375.000,350.000,325.000,300.000,-1,525.000,450.000,-1,1000.000,925.000,-1,-1,2,0,2,0,2,0,0,0,0,2,0,0,2,0,0,2,2
86,16753.112,1465.264,182.774,-218.244,0,0.90139,-0.64861,108.166,-5.838,-1,500.000,-1,475.000,-1,400.000,400.000,400.000,300.000,-1,525.000,500.000,-1,925.000,925.000,-1,-1,2,0,2,0,2,0,0,0,0,2,0,0,2,0,1,2,2
88,16615.299,1602.184,166.695,-226.679,0,0.79833,-0.40861,95.800,-3.678,850.000,375.000,-1,400.000,-1,325.000,325.000,300.000,350.000,-1,-1,-1,-1,600.000,725.000,775.000,-1,0,0,2,0,2,0,0,0,0,2,2,2,2,0,0,0,2
90,16490.634,1750.956,147.727,-230.794,0,0.81231,-0.16861,97.477,-1.518,600.000,325.000,875.000,350.000,900.000,300.000,300.000,325.000,325.000,-1,-1,-1,-1,500.000,625.000,550.000,975.000,0,0,1,0,1,0,0,0,0,2,2,2,2,0,0,0,1
92,16366.113,1904.225,129.718,-230.589,0,0.82636,0.07139,99.163,0.642,450.000,300.000,725.000,350.000,800.000,275.000,300.000,300.000,325.000,-1,-1,-1,-1,450.000,575.000,425.000,825.000,0,0,1,0,1,1,1,0,0,2,2,2,2,1,1,0,1
94,16235.619,2056.987,113.643,-229.133,0,0.84076,0.08074,100.891,0.727,325.000,250.000,550.000,300.000,675.000,225.000,250.000,275.000,300.000,-1,425.000,275.000,-1,350.000,425.000,300.000,625.000,0,1,1,1,1,1,1,0,0,2,0,0,2,1,1,0,1
96,16098.972,2209.017,99.652,-227.694,0,0.85543,0.07963,102.652,0.717,175.000,175.000,350.000,200.000,475.000,150.000,175.000,250.000,275.000,-1,275.000,275.000,-1,225.000,300.000,150.000,350.000,0,1,1,1,1,1,1,0,0,2,0,0,2,1,1,0,1
98,15964.696,2353.828,102.570,-227.357,0,0.78286,-0.04127,93.943,-0.371,-1,225.000,475.000,250.000,475.000,200.000,200.000,350.000,250.000,950.000,0.000,0.000,325.000,325.000,350.000,-1,400.000,2,1,1,1,1,1,1,0,0,0,0,0,0,1,1,2,1
100,-13534.280,-10320.301,354.953,-129.372,1,0.08000,-0.12000,9.600,-1.080,-1,350.000,-1,350.000,-1,300.000,300.000,350.000,325.000,-1,-1,-1,-1,625.000,625.000,-1,-1,2,0,2,0,2,0,0,0,0,2,2,2,2,0,0,2,2
102,-13567.293,-10355.119,352.841,-134.772,0,0.24000,-0.36000,28.800,-3.240,-1,350.000,-1,350.000,1000.000,300.000,300.000,350.000,325.000,-1,-1,-1,-1,625.000,650.000,-1,-1,2,0,2,0,1,0,0,0,0,2,2,2,2,0,0,2,2
104,-13635.388,-10408.145,349.158,-144.492,0,0.40000,-0.60000,48.000,-5.400,-1,350.000,-1,375.000,-1,300.000,300.000,325.000,325.000,-1,-1,-1,-1,625.000,700.000,-1,950.000,2,0,2,0,2,0,0,0,0,2,2,2,2,0,0,2,1
106,-13746.505,-10464.641,344.260,-155.613,0,0.56000,-0.61723,67.200,-5.555,-1,375.000,-1,400.000,-1,300.000,300.000,300.000,300.000,-1,-1,-1,-1,675.000,725.000,-1,925.000,2,0,2,0,2,0,0,0,0,2,2,2,2,0,1,2,1
108,-13903.258,-10509.375,338.505,-166.668,0,0.72000,-0.61289,86.400,-5.516,-1,375.000,850.000,400.000,-1,325.000,325.000,300.000,300.000,-1,-1,-1,-1,700.000,650.000,875.000,-1,2,0,1,0,2,0,0,0,0,2,2,2,2,1,1,1,2
110,-14080.490,-10525.257,332.488,-177.586,0,0.74539,-0.60391,89.447,-5.435,650.000,400.000,800.000,400.000,-1,325.000,325.000,300.000,300.000,-1,-1,-1,-1,500.000,675.000,575.000,-1,1,0,1,1,2,0,0,0,0,2,2,2,2,1,1,1,2
112,-14260.190,-10507.592,325.052,-188.254,0,0.75538,-0.58838,90.645,-5.295,350.000,300.000,-1,375.000,-1,275.000,300.000,300.000,275.000,-1,-1,-1,-1,375.000,700.000,325.000,-1,1,1,2,1,2,1,1,0,0,2,2,2,2,1,0,1,2
114,-14434.995,-10457.470,316.711,-198.541,0,0.75874,-0.56521,91.049,-5.087,150.000,250.000,-1,375.000,900.000,250.000,300.000,300.000,275.000,-1,-1,-1,-1,350.000,625.000,150.000,-1,1,1,2,0,1,1,1,0,0,2,2,2,2,1,0,1,2
116,-14597.595,-10378.546,307.634,-208.304,0,0.75099,-0.53412,90.119,-4.807,25.000,300.000,-1,325.000,675.000,300.000,300.000,200.000,275.000,-1,-1,-1,-1,550.000,575.000,25.000,800.000,1,1,2,0,1,0,0,1,0,2,2,2,2,1,0,1,1
118,-14741.810,-10276.937,298.048,-217.423,0,0.72937,-0.49718,87.524,-4.475,0.000,325.000,-1,300.000,500.000,275.000,250.000,100.000,250.000,-1,-1,-1,-1,600.000,500.000,0.000,550.000,1,0,2,0,1,0,0,1,0,2,2,2,2,0,0,1,1
120,-14863.587,-10159.345,291.836,-226.222,0,0.69753,-0.48840,83.704,-4.396,-1,400.000,-1,375.000,625.000,325.000,325.000,100.000,275.000,125.000,0.000,0.000,-1,1000.000,550.000,-1,575.000,2,0,2,0,1,0,0,1,0,1,0,0,2,0,1,2,1
122,-14987.810,-10007.517,293.228,-231.774,0,0.85753,-0.24840,102.904,-2.236,-1,425.000,-1,325.000,450.000,325.000,300.000,200.000,300.000,100.000,0.000,100.000,-1,-1,425.000,-1,425.000,2,0,2,1,1,0,1,1,0,1,1,0,2,2,1,2,1
124,-15111.097,-9844.107,295.457,-233.005,0,0.84905,-0.00840,101.886,-0.076,-1,400.000,-1,225.000,250.000,275.000,225.000,325.000,300.000,175.000,100.000,275.000,-1,-1,300.000,-1,225.000,2,1,2,1,1,1,1,0,0,1,1,0,2,2,1,2,1
126,-15244.994,-9679.281,298.153,-229.916,0,0.92497,0.23160,110.997,2.084,-1,475.000,-1,150.000,25.000,275.000,150.000,325.000,250.000,325.000,325.000,475.000,-1,-1,200.000,-1,25.000,2,1,2,1,1,1,1,0,1,1,1,0,2,2,1,2,1
128,-11515.920,16856.221,211.618,-141.559,1,0.00000,0.00000,117.512,4.244,-1,425.000,-1,400.000,-1,325.000,325.000,325.000,325.000,-1,-1,-1,-1,-1,-1,-1,-1,2,0,2,0,2,0,0,0,0,2,2,2,2,2,2,2,2
130,-11539.181,16839.246,211.755,-144.499,0,0.16000,-0.20672,19.200,-1.861,-1,425.000,-1,425.000,-1,350.000,325.000,325.000,325.000,-1,-1,-1,-1,-1,-1,-1,-1,2,0,2,0,2,0,0,0,0,2,2,2,2,2,2,2,2
132,-11595.801,16803.068,211.881,-148.220,0,0.32000,-0.20672,38.400,-1.861,-1,450.000,-1,450.000,-1,350.000,350.000,325.000,325.000,-1,-1,-1,-1,-1,-1,-1,-1,2,0,2,0,2,0,0,0,0,2,2,2,2,2,2,2,2
134,-11688.235,16752.033,211.971,-151.941,0,0.48000,-0.20672,57.600,-1.861,-1,550.000,-1,525.000,-1,400.000,400.000,350.000,325.000,-1,-1,-1,-1,-1,-1,-1,-1,2,0,2,0,2,0,0,0,0,2,2,2,2,2,2,2,2
136,-11818.502,16690.707,210.415,-155.655,0,0.64000,-0.20590,76.800,-1.853,-1,600.000,-1,575.000,-1,425.000,425.000,300.000,400.000,-1,-1,-1,-1,-1,-1,-1,-1,2,0,2,0,2,0,0,0,0,2,2,2,2,2,2,2,2
138,-11988.135,16623.728,205.806,-159.316,0,0.80000,-0.20230,96.000,-1.821,-1,775.000,-1,600.000,-1,550.000,525.000,300.000,425.000,-1,-1,-1,-1,-1,-1,-1,-1,2,1,2,0,2,0,0,0,0,2,2,2,2,2,2,2,2
140,-12178.888,16561.724,194.262,-162.871,0,0.83876,-0.19564,100.651,-1.761,-1,500.000,-1,375.000,675.000,375.000,350.000,350.000,350.000,-1,-1,-1,-1,775.000,600.000,950.000,675.000,2,0,2,0,0,0,0,0,0,2,2,2,2,1,0,1,0
142,-12375.502,16510.619,162.740,-166.264,0,0.84893,-0.18584,101.871,-1.673,675.000,400.000,-1,325.000,500.000,325.000,300.000,300.000,375.000,-1,-1,-1,-1,625.000,500.000,675.000,475.000,1,0,2,0,0,0,0,0,0,2,2,2,2,1,0,1,0
144,-12576.566,16470.292,127.456,-169.434,0,0.85610,-0.17257,102.731,-1.553,400.000,300.000,-1,275.000,350.000,250.000,225.000,300.000,375.000,-1,-1,-1,-1,500.000,400.000,425.000,300.000,1,0,2,0,0,0,0,0,0,2,2,2,2,0,0,1,0
146,-12755.338,16437.518,94.029,-169.300,0,0.73852,0.06743,88.622,0.607,200.000,250.000,800.000,225.000,175.000,200.000,200.000,275.000,350.000,-1,-1,-1,-1,375.000,325.000,225.000,175.000,1,0,0,0,0,0,0,0,0,2,2,2,2,0,0,1,0
148,-12928.024,16395.192,76.214,-164.847,0,0.74202,0.30743,89.043,2.767,225.000,375.000,-1,400.000,-1,325.000,325.000,250.000,375.000,300.000,0.000,0.000,-1,475.000,750.000,275.000,-1,1,1,2,0,2,0,0,1,0,0,0,0,2,1,0,1,2
150,-13094.738,16329.973,61.394,-156.280,0,0.74837,0.52440,89.804,4.720,75.000,250.000,-1,375.000,-1,275.000,300.000,200.000,325.000,425.000,75.000,150.000,-1,325.000,700.000,100.000,-1,1,1,2,0,2,1,0,1,0,0,0,0,2,1,0,1,2
152,-13250.232,16237.124,45.369,-146.787,0,0.75756,0.52847,90.907,4.756,0.000,150.000,450.000,350.000,-1,150.000,250.000,150.000,300.000,550.000,300.000,450.000,-1,175.000,525.000,0.000,-1,1,1,1,1,2,1,1,1,0,0,0,0,2,1,1,1,2
154,-2214.686,5591.924,243.228,168.238,1,0.00000,0.00000,91.970,4.803,825.000,300.000,-1,300.000,950.000,250.000,250.000,300.000,300.000,500.000,50.000,-1,-1,525.000,525.000,725.000,725.000,0,0,2,0,0,0,0,0,0,1,0,2,2,0,0,0,0
156,-2243.046,5596.934,241.473,170.331,0,0.16000,0.11623,19.200,1.046,800.000,300.000,-1,300.000,850.000,250.000,250.000,300.000,300.000,525.000,100.000,-1,-1,525.000,525.000,700.000,700.000,0,0,2,0,0,0,0,0,0,1,0,2,2,0,0,0,0
158,-2309.585,5606.321,238.107,172.416,0,0.32000,0.11571,38.400,1.041,-1,400.000,-1,400.000,-1,325.000,325.000,300.000,300.000,425.000,0.000,0.000,-1,725.000,700.000,-1,-1,2,0,2,0,2,0,0,0,0,0,0,0,2,0,0,2,2
160,-2414.605,5617.328,237.270,174.486,0,0.48000,0.11467,57.600,1.032,-1,400.000,-1,375.000,-1,325.000,325.000,325.000,300.000,525.000,0.000,0.000,-1,700.000,675.000,-1,-1,2,0,2,0,2,0,0,0,0,0,0,0,2,0,0,2,2
162,-2558.258,5627.244,236.064,176.525,0,0.64000,0.11271,76.800,1.014,-1,375.000,-1,375.000,-1,300.000,300.000,350.000,300.000,625.000,100.000,150.000,-1,675.000,675.000,-1,-1,2,0,2,0,2,0,0,0,0,1,0,0,2,0,0,2,2
164,-2733.111,5633.280,234.508,178.508,0,0.73803,0.10920,88.564,0.983,925.000,350.000,-1,350.000,-1,300.000,300.000,350.000,300.000,725.000,275.000,325.000,-1,625.000,625.000,875.000,-1,0,0,2,0,2,0,0,0,0,1,0,0,2,0,0,0,2
166,-2909.682,5633.470,232.827,180.407,0,0.73509,0.10416,88.211,0.937,750.000,350.000,-1,350.000,-1,275.000,275.000,400.000,300.000,800.000,475.000,500.000,-1,550.000,575.000,725.000,875.000,0,0,2,0,2,0,0,0,0,1,0,0,2,0,0,0,0
168,-3102.350,5634.635,235.694,179.042,0,0.80217,-0.13584,96.260,-1.223,825.000,375.000,-1,375.000,-1,300.000,300.000,350.000,300.000,825.000,175.000,175.000,-1,600.000,650.000,850.000,-1,0,0,2,0,2,0,0,0,0,1,0,0,2,0,0,0,2
170,-3293.660,5651.207,240.153,173.357,0,0.80003,-0.37584,96.003,-3.383,650.000,350.000,-1,350.000,-1,300.000,300.000,325.000,300.000,875.000,400.000,350.000,-1,575.000,625.000,725.000,-1,0,0,2,0,2,0,0,0,0,1,0,0,2,0,0,0,2
172,-3479.944,5697.235,245.059,163.352,0,0.80098,-0.61584,96.118,-5.543,550.000,325.000,-1,325.000,-1,275.000,275.000,275.000,300.000,-1,700.000,625.000,-1,525.000,600.000,600.000,-1,0,0,2,0,2,0,0,0,0,2,0,0,2,0,0,0,2
174,-3654.653,5779.372,252.703,151.963,0,0.80740,-0.63650,96.887,-5.729,-1,375.000,-1,400.000,-1,325.000,325.000,275.000,275.000,-1,25.000,0.000,900.000,650.000,925.000,-1,-1,2,0,2,0,2,0,0,0,0,2,0,0,0,0,0,2,2
176,-3811.252,5896.471,266.027,140.285,0,0.81895,-0.65298,98.274,-5.877,-1,375.000,-1,475.000,-1,325.000,350.000,300.000,300.000,-1,450.000,175.000,-1,625.000,-1,-1,-1,2,0,2,0,2,0,0,0,0,2,0,0,2,0,2,2,2
178,-3941.796,6044.615,277.926,128.420,0,0.82383,-0.65917,98.860,-5.932,-1,400.000,-1,525.000,-1,350.000,400.000,275.000,325.000,-1,-1,-1,-1,825.000,-1,-1,-1,2,0,2,0,2,0,0,0,0,2,2,2,2,0,2,2,2
180,-4039.091,6216.435,287.768,116.555,0,0.82383,-0.65917,98.860,-5.932,-1,500.000,-1,575.000,-1,425.000,450.000,250.000,325.000,-1,-1,-1,-1,-1,-1,-1,-1,2,0,2,0,2,0,0,0,0,2,2,2,2,2,2,2,2
182,-4098.981,6404.598,282.779,104.689,0,0.82391,-0.65928,98.869,-5.934,-1,375.000,-1,400.000,-1,325.000,325.000,250.000,300.000,-1,-1,-1,-1,725.000,750.000,-1,-1,2,0,2,0,2,0,0,0,0,2,2,2,2,0,0,2,2
184,-4118.756,6602.378,273.001,92.715,0,0.83140,-0.66703,99.768,-6.003,-1,400.000,-1,375.000,925.000,325.000,325.000,250.000,300.000,-1,-1,-1,-1,750.000,700.000,-1,-1,2,0,2,0,1,0,0,0,0,2,2,2,2,0,0,2,2
186,-4096.503,6802.265,261.081,80.631,0,0.84203,-0.67256,101.044,-6.053,-1,400.000,-1,375.000,775.000,325.000,325.000,250.000,300.000,-1,-1,-1,-1,725.000,675.000,-1,825.000,2,0,2,0,1,0,0,0,0,2,2,2,2,0,0,2,1
188,-4031.758,6995.932,248.026,68.491,0,0.85560,-0.67478,102.673,-6.073,-1,375.000,-1,375.000,725.000,300.000,300.000,275.000,300.000,800.000,325.000,-1,-1,650.000,550.000,-1,625.000,2,0,2,0,1,0,0,0,0,0,0,2,2,0,1,2,1
190,-3925.883,7174.828,235.311,56.370,0,0.87143,-0.67244,104.572,-6.052,975.000,350.000,650.000,325.000,725.000,300.000,275.000,300.000,300.000,875.000,275.000,425.000,-1,625.000,450.000,-1,550.000,0,0,1,1,1,0,1,0,0,0,0,0,2,0,1,2,1
192,-3800.742,7321.056,225.364,47.506,0,0.80614,-0.43244,96.737,-3.892,-1,300.000,425.000,275.000,775.000,225.000,225.000,300.000,300.000,975.000,325.000,425.000,-1,375.000,350.000,575.000,475.000,2,1,1,1,1,1,1,0,0,0,0,0,2,1,1,1,1
194,-3659.311,7456.799,217.105,42.962,0,0.82042,-0.19244,98.451,-1.732,375.000,150.000,250.000,175.000,600.000,150.000,150.000,275.000,275.000,-1,425.000,400.000,-1,200.000,225.000,250.000,325.000,1,1,1,1,1,1,1,0,0,2,0,0,2,1,1,1,1
196,-14077.209,-10824.809,337.534,144.419,1,0.00000,0.00000,100.109,-1.647,475.000,425.000,-1,425.000,-1,350.000,350.000,325.000,275.000,-1,-1,-1,-1,600.000,825.000,525.000,-1,1,1,2,0,2,0,0,0,0,2,2,2,2,1,0,1,2
198,-14101.343,-10809.101,336.892,147.659,0,0.16000,0.24000,19.200,2.160,425.000,400.000,-1,400.000,-1,325.000,325.000,300.000,300.000,-1,-1,-1,-1,525.000,775.000,450.000,-1,1,1,2,0,2,0,0,0,0,2,2,2,2,1,0,1,2
200,-14161.371,-10778.999,334.306,155.219,0,0.32000,0.48000,38.400,4.320,375.000,350.000,-1,400.000,-1,325.000,325.000,300.000,300.000,-1,-1,-1,-1,450.000,775.000,375.000,-1,1,1,2,0,2,0,0,0,0,2,2,2,2,1,0,1,2
202,-14262.797,-10750.210,330.227,167.099,0,0.48000,0.72000,57.600,6.480,325.000,275.000,700.000,350.000,-1,275.000,300.000,300.000,300.000,-1,-1,-1,-1,350.000,625.000,300.000,-1,1,1,1,1,2,1,1,0,0,2,2,2,2,1,1,1,2
204,-14406.386,-10748.241,325.195,183.199,0,0.64000,0.94885,76.800,8.540,300.000,200.000,325.000,225.000,-1,175.000,200.000,325.000,300.000,-1,-1,-1,-1,250.000,300.000,250.000,350.000,1,1,1,1,2,1,1,0,0,2,2,2,2,1,1,1,1
206,12880.152,-14920.156,-0.658,70.496,1,0.00000,0.00000,82.794,8.302,-1,400.000,-1,450.000,-1,325.000,350.000,250.000,300.000,675.000,125.000,300.000,-1,750.000,-1,-1,-1,2,0,2,0,2,0,0,0,0,0,0,0,2,0,2,2,2
208,12888.563,-14892.616,0.318,73.736,0,0.16000,0.24000,19.200,2.160,-1,375.000,-1,450.000,-1,325.000,350.000,250.000,300.000,725.000,250.000,350.000,-1,725.000,-1,-1,-1,2,0,2,0,2,0,0,0,0,0,0,0,2,0,2,2,2
210,12902.579,-14826.912,2.291,79.100,0,0.32000,0.29600,38.400,2.664,-1,375.000,-1,450.000,-1,325.000,325.000,250.000,300.000,800.000,375.000,450.000,-1,700.000,1000.000,-1,-1,2,0,2,0,2,0,0,0,0,0,0,0,2,0,0,2,2
212,12915.078,-14722.083,5.022,84.405,0,0.48000,0.29435,57.600,2.649,-1,375.000,-1,450.000,-1,325.000,350.000,250.000,300.000,925.000,500.000,500.000,-1,725.000,1000.000,-1,-1,2,0,2,0,2,0,0,0,0,0,0,0,2,0,0,2,2
214,12918.944,-14578.173,8.500,89.695,0,0.64000,0.29393,76.800,2.645,-1,375.000,-1,425.000,-1,325.000,325.000,275.000,300.000,-1,675.000,600.000,-1,750.000,925.000,-1,-1,2,0,2,0,2,0,0,0,0,2,0,0,2,0,0,2,2
216,12907.768,-14404.826,12.391,95.016,0,0.72795,0.29643,87.354,2.668,-1,400.000,-1,425.000,-1,325.000,325.000,325.000,325.000,-1,775.000,550.000,600.000,800.000,850.000,-1,-1,2,0,2,0,2,0,0,0,1,2,0,0,1,0,0,2,2
218,12880.621,-14234.628,16.628,100.429,0,0.71556,0.30240,85.868,2.722,-1,425.000,-1,400.000,-1,325.000,325.000,350.000,325.000,-1,650.000,350.000,500.000,875.000,825.000,-1,-1,2,0,2,0,2,0,0,0,0,2,0,0,1,0,0,2,2
220,12837.713,-14069.713,21.574,105.987,0,0.70896,0.31111,85.075,2.800,-1,450.000,-1,400.000,-1,350.000,325.000,400.000,300.000,-1,725.000,450.000,550.000,875.000,825.000,-1,-1,2,0,2,0,2,0,0,0,0,2,0,0,1,0,0,2,2
222,12778.683,-13913.978,25.505,112.760,0,0.68087,0.43630,81.704,3.927,900.000,375.000,-1,400.000,-1,325.000,325.000,300.000,425.000,-1,-1,-1,875.000,675.000,800.000,-1,-1,0,0,2,0,2,0,0,0,0,2,2,2,1,0,0,2,2
224,12699.392,-13770.680,25.451,121.038,0,0.68391,0.46302,82.069,4.167,725.000,375.000,-1,375.000,-1,300.000,300.000,300.000,400.000,-1,-1,-1,-1,625.000,725.000,850.000,-1,0,0,2,0,2,0,0,0,0,2,2,2,2,0,0,0,2
226,12598.950,-13639.383,24.233,129.554,0,0.69137,0.47659,82.965,4.289,575.000,350.000,-1,350.000,-1,300.000,300.000,300.000,350.000,-1,-1,-1,-1,550.000,625.000,650.000,-1,0,0,2,0,2,0,0,0,0,2,2,2,2,0,0,0,2
228,12474.399,-13520.458,21.719,138.598,0,0.73997,0.52112,88.796,4.690,425.000,300.000,-1,325.000,-1,275.000,275.000,300.000,325.000,-1,-1,-1,-1,475.000,550.000,450.000,-1,0,0,2,0,2,0,0,0,0,2,2,2,2,0,0,0,2
230,12322.922,-13416.986,18.593,147.966,0,0.77608,0.51925,93.130,4.673,275.000,275.000,-1,325.000,-1,250.000,250.000,250.000,350.000,-1,175.000,-1,-1,450.000,625.000,300.000,-1,0,0,2,0,2,0,0,0,0,2,0,2,2,0,0,0,2
232,12147.152,-13334.500,17.749,157.081,0,0.82069,0.50048,98.483,4.504,125.000,250.000,975.000,325.000,-1,225.000,250.000,200.000,350.000,-1,100.000,275.000,-1,425.000,625.000,150.000,-1,0,0,1,0,2,0,0,0,0,2,0,0,2,1,1,0,2
234,11951.420,-13276.630,32.107,165.580,0,0.86040,0.46089,103.248,4.148,-1,425.000,-1,425.000,-1,350.000,350.000,275.000,300.000,900.000,50.000,0.000,-1,-1,675.000,-1,-1,2,1,2,1,2,1,1,0,0,0,0,0,2,2,1,2,2
236,11742.339,-13244.572,44.975,173.067,0,0.88752,0.39913,106.502,3.592,-1,525.000,-1,350.000,-1,350.000,325.000,300.000,325.000,-1,275.000,225.000,-1,-1,550.000,-1,625.000,2,1,2,1,2,1,1,0,0,2,0,0,2,2,1,2,1
238,11528.018,-13236.091,56.451,179.158,0,0.89413,0.31655,107.296,2.849,-1,675.000,-1,325.000,325.000,400.000,325.000,325.000,325.000,-1,500.000,400.000,-1,-1,625.000,-1,375.000,2,0,2,1,1,1,1,0,0,2,0,0,2,2,1,2,1
240,11316.765,-13245.513,62.052,183.544,0,0.87462,0.21835,104.955,1.965,-1,550.000,-1,350.000,200.000,400.000,325.000,275.000,275.000,-1,-1,-1,-1,-1,800.000,-1,250.000,2,0,2,1,1,1,1,0,1,2,2,2,2,2,1,2,1
242,13510.927,-4698.042,64.617,-138.081,1,0.00000,0.00000,99.384,1.220,-1,425.000,-1,300.000,450.000,300.000,275.000,325.000,250.000,-1,-1,-1,-1,975.000,550.000,-1,500.000,2,0,2,0,0,0,0,0,0,2,2,2,2,0,0,2,0
244,13488.675,-4716.320,62.560,-141.321,0,0.16000,-0.24000,19.200,-2.160,-1,400.000,-1,300.000,425.000,300.000,275.000,325.000,250.000,-1,-1,-1,-1,950.000,525.000,-1,450.000,2,0,2,0,0,0,0,0,0,2,2,2,2,0,0,2,0
246,13432.337,-4752.865,58.515,-148.881,0,0.32000,-0.48000,38.400,-4.320,-1,500.000,-1,400.000,-1,375.000,350.000,300.000,300.000,725.000,0.000,0.000,-1,-1,675.000,-1,-1,2,0,2,0,2,0,0,0,0,0,0,0,2,2,0,2,2
248,13335.508,-4794.752,56.647,-158.880,0,0.48000,-0.55550,57.600,-4.999,-1,475.000,-1,375.000,875.000,350.000,325.000,350.000,300.000,825.000,0.000,0.000,-1,950.000,600.000,-1,950.000,2,0,2,0,0,0,0,0,0,0,0,0,2,0,0,2,0
250,13195.593,-4828.225,54.324,-168.879,0,0.64000,-0.55550,76.800,-4.999,-1,400.000,-1,350.000,775.000,325.000,300.000,400.000,300.000,-1,100.000,125.000,-1,775.000,550.000,-1,775.000,2,0,2,0,0,0,0,0,0,2,0,0,2,0,0,2,0
252,13017.336,-4839.249,51.947,-178.877,0,0.76973,-0.55550,92.368,-4.999,-1,350.000,-1,300.000,675.000,275.000,275.000,425.000,300.000,-1,275.000,300.000,-1,625.000,500.000,-1,625.000,2,0,2,0,0,0,0,0,0,2,0,0,2,0,0,2,0
254,12833.918,-4818.751,50.339,-188.876,0,0.76973,-0.55550,92.368,-4.999,-1,275.000,-1,275.000,550.000,225.000,250.000,400.000,300.000,-1,525.000,450.000,-1,475.000,475.000,900.000,525.000,2,0,2,0,0,0,0,0,0,2,0,0,2,0,0,0,0
256,12656.846,-4766.717,59.444,-198.875,0,0.76973,-0.55550,92.368,-4.999,-1,400.000,-1,375.000,-1,325.000,325.000,400.000,300.000,-1,25.000,0.000,775.000,925.000,800.000,-1,-1,2,0,2,0,2,0,0,0,0,2,0,0,0,0,0,2,2
258,12491.497,-4684.729,72.195,-208.874,0,0.76973,-0.55550,92.368,-4.999,-1,425.000,-1,400.000,-1,325.000,325.000,375.000,300.000,-1,350.000,150.000,875.000,-1,800.000,-1,-1,2,0,2,0,2,0,0,0,0,2,0,0,0,2,0,2,2
260,12342.896,-4575.276,85.283,-218.873,0,0.76973,-0.55550,92.368,-4.999,-1,450.000,-1,400.000,-1,350.000,325.000,350.000,300.000,-1,825.000,450.000,975.000,-1,800.000,-1,-1,2,0,2,0,2,0,0,0,0,2,0,0,0,2,0,2,2
262,12208.747,-4444.766,98.715,-225.632,0,0.78007,-0.31550,93.609,-2.839,-1,450.000,-1,400.000,-1,350.000,350.000,350.000,275.000,-1,-1,950.000,-1,-1,950.000,-1,-1,2,0,2,0,2,0,0,0,0,2,2,0,2,2,0,2,2
264,12082.825,-4306.227,110.295,-228.071,0,0.78007,-0.07550,93.609,-0.679,-1,400.000,-1,375.000,-1,325.000,325.000,300.000,300.000,-1,-1,-1,-1,-1,900.000,-1,-1,2,0,2,0,2,0,0,0,0,2,2,2,2,2,0,2,2
266,11954.988,-4169.472,120.615,-226.190,0,0.78007,0.16450,93.609,1.481,-1,525.000,-1,450.000,-1,350.000,350.000,275.000,300.000,-1,-1,-1,-1,-1,-1,-1,-1,2,0,2,0,2,0,0,0,0,2,2,2,2,2,2,2,2
268,11815.512,-4044.726,129.645,-219.989,0,0.78007,0.40450,93.609,3.641,-1,600.000,-1,500.000,-1,425.000,400.000,300.000,275.000,-1,-1,-1,-1,-1,-1,-1,-1,2,0,2,0,2,0,0,0,0,2,2,2,2,2,2,2,2
270,11657.586,-3944.626,135.902,-209.468,0,0.78007,0.64450,93.609,5.801,-1,675.000,-1,625.000,-1,500.000,475.000,325.000,300.000,-1,-1,-1,-1,-1,-1,-1,-1,2,0,2,0,2,0,0,0,0,2,2,2,2,2,2,2,2
272,11479.419,-3884.698,139.328,-194.627,0,0.78834,0.88450,94.601,7.961,-1,400.000,-1,425.000,-1,325.000,325.000,300.000,375.000,-1,-1,-1,-1,700.000,825.000,-1,-1,2,0,2,0,2,0,0,0,0,2,2,2,2,0,0,2,2
274,11288.341,-3878.083,117.315,-177.800,0,0.80227,0.93355,96.273,8.402,-1,375.000,-1,400.000,-1,300.000,325.000,300.000,350.000,-1,-1,-1,-1,675.000,750.000,-1,-1,2,0,2,0,2,0,0,0,0,2,2,2,2,0,0,2,2
276,11100.568,-3927.408,94.825,-161.147,0,0.81351,0.92158,97.621,8.294,-1,350.000,-1,375.000,725.000,300.000,300.000,325.000,325.000,-1,-1,-1,-1,650.000,650.000,-1,725.000,2,0,2,0,1,0,0,0,0,2,2,2,2,0,1,2,1
278,10933.311,-4028.355,75.179,-144.834,0,0.81589,0.90049,97.907,8.104,-1,375.000,-1,375.000,600.000,300.000,300.000,325.000,300.000,-1,-1,-1,-1,675.000,650.000,-1,-1,2,0,2,0,1,0,0,0,0,2,2,2,2,0,0,2,2
280,10801.419,-4170.108,61.009,-128.990,0,0.80512,0.87322,96.615,7.859,-1,375.000,-1,375.000,-1,325.000,325.000,325.000,300.000,-1,225.000,275.000,-1,825.000,750.000,-1,-1,2,0,2,0,2,0,0,0,0,2,0,0,2,0,0,2,2
282,10703.656,-4343.758,52.480,-116.512,0,0.82606,0.63322,99.127,5.699,-1,425.000,-1,400.000,-1,325.000,325.000,325.000,300.000,-1,350.000,450.000,-1,-1,900.000,-1,-1,2,0,2,0,2,0,0,0,0,2,0,0,2,2,0,2,2
284,10636.599,-4526.681,47.405,-108.354,0,0.80812,0.39322,96.974,3.539,-1,450.000,-1,425.000,-1,350.000,350.000,325.000,300.000,-1,625.000,-1,-1,-1,-1,-1,-1,2,0,2,0,2,0,0,0,0,2,0,2,2,2,2,2,2
286,10586.219,-4712.023,43.820,-104.516,0,0.79848,0.15322,95.818,1.379,-1,500.000,-1,475.000,-1,375.000,375.000,350.000,300.000,-1,-1,-1,875.000,-1,-1,-1,-1,2,0,2,0,2,0,0,0,0,2,2,2,1,2,2,2,2
288,10538.001,-4897.042,40.375,-104.998,0,0.79662,-0.08678,95.594,-0.781,-1,550.000,-1,525.000,-1,425.000,400.000,375.000,300.000,-1,-1,-1,900.000,-1,-1,-1,-1,2,0,2,0,2,0,0,0,0,2,2,2,1,2,2,2,2
290,10498.581,-5054.561,29.522,-103.320,0,0.63662,0.15322,76.394,1.379,-1,400.000,-1,400.000,-1,325.000,325.000,350.000,300.000,-1,-1,-1,-1,925.000,700.000,-1,-1,2,0,2,0,2,0,0,0,0,2,2,2,2,0,0,2,2
292,10478.706,-5176.887,21.011,-97.322,0,0.47662,0.39322,57.194,3.539,-1,425.000,-1,400.000,-1,325.000,325.000,350.000,300.000,-1,-1,-1,-1,975.000,700.000,-1,975.000,2,0,2,0,2,0,0,0,0,2,2,2,2,0,0,2,1
294,10478.447,-5262.370,16.367,-87.004,0,0.31662,0.63322,37.994,5.699,-1,450.000,-1,400.000,875.000,350.000,325.000,350.000,300.000,-1,-1,-1,-1,-1,725.000,-1,975.000,2,0,2,0,1,0,0,0,0,2,2,2,2,2,0,2,1
296,10487.681,-5308.585,14.781,-75.142,0,0.15662,0.65718,18.794,5.915,-1,500.000,-1,425.000,925.000,375.000,350.000,350.000,325.000,-1,-1,-1,-1,-1,800.000,-1,-1,2,0,2,0,1,0,0,0,0,2,2,2,2,2,0,2,2
298,10490.756,-5316.820,14.642,-63.402,0,-0.00338,0.65071,-0.406,5.856,-1,525.000,-1,450.000,-1,375.000,375.000,350.000,300.000,-1,-1,-1,-1,-1,950.000,-1,-1,2,0,2,0,2,0,0,0,0,2,2,2,2,2,0,2,2
299,10485.389,-5308.375,14.569,-57.568,0,-0.08338,0.64814,-10.006,5.833,-1,525.000,-1,475.000,-1,375.000,375.000,325.000,300.000,-1,-1,-1,-1,-1,-1,-1,-1,2,0,2,0,2,0,0,0,0,2,2,2,2,2,2,2,2
