timestep,x_cm,y_cm,z_cm,yaw_deg,basis_xx,basis_xy,basis_xz,basis_yx,basis_yy,basis_yz,basis_zx,basis_zy,basis_zz,teleport_flag,throttle_cmd,steering_cmd,cmd_move_cm,cmd_turn_deg,lidar_cm_0,lidar_cm_1,lidar_cm_2,lidar_cm_3,lidar_cm_4,lidar_cm_5,lidar_cm_6,lidar_cm_7,lidar_cm_8,lidar_cm_9,lidar_cm_10,lidar_cm_11,lidar_cm_12,lidar_cm_13,lidar_cm_14,lidar_cm_15,lidar_cm_16,lidar_class_0,lidar_class_1,lidar_class_2,lidar_class_3,lidar_class_4,lidar_class_5,lidar_class_6,lidar_class_7,lidar_class_8,lidar_class_9,lidar_class_10,lidar_class_11,lidar_class_12,lidar_class_13,lidar_class_14,lidar_class_15,lidar_class_16
0,6887.294,5575.417,358.818,-136.159,-0.721401,0.692206,-0.020755,-0.692490,-0.720787,0.030391,0.006077,0.036296,0.999323,1,0.00000,0.00000,-4.800,0.240,-1,375.000,-1,400.000,-1,325.000,325.000,300.000,300.000,-1,-1,-1,-1,750.000,775.000,-1,-1,2,0,2,0,2,0,0,0,0,2,2,2,2,0,0,2,2
1,6883.818,5572.107,358.832,-136.399,-0.724295,0.689180,-0.020671,-0.689464,-0.723680,0.030450,0.006026,0.036307,0.999323,0,0.08000,-0.12000,4.800,-0.240,-1,375.000,-1,400.000,-1,325.000,325.000,300.000,300.000,-1,-1,-1,-1,750.000,775.000,-1,-1,2,0,2,0,2,0,0,0,0,2,2,2,2,0,0,2,2
2,6876.811,5565.545,358.859,-136.879,-0.730043,0.683093,-0.020507,-0.683375,-0.729427,0.030567,0.005922,0.036330,0.999322,0,0.16000,-0.24000,9.600,-0.480,-1,375.000,-1,400.000,-1,325.000,325.000,300.000,300.000,-1,-1,-1,-1,750.000,800.000,-1,-1,2,0,2,0,2,0,0,0,0,2,2,2,2,0,0,2,2
3,6866.177,5555.835,358.901,-137.599,-0.738570,0.673872,-0.020296,-0.674153,-0.737952,0.030743,0.005739,0.036388,0.999321,0,0.24000,-0.36000,14.400,-0.720,-1,375.000,-1,400.000,-1,325.000,325.000,300.000,300.000,-1,-1,625.000,-1,750.000,800.000,-1,-1,2,0,2,0,2,0,0,0,0,2,2,0,2,0,0,2,2
4,6851.784,5543.127,358.977,-138.559,-0.749755,0.661409,-0.020169,-0.661694,-0.749133,0.030995,0.005391,0.036584,0.999316,0,0.32000,-0.48000,19.200,-0.960,-1,375.000,-1,400.000,-1,325.000,325.000,300.000,300.000,-1,-1,650.000,-1,750.000,800.000,-1,-1,2,0,2,0,2,0,0,0,0,2,2,0,2,0,0,2,2
5,6833.464,5527.623,359.060,-139.759,-0.763440,0.645569,-0.020022,-0.645860,-0.762813,0.031306,0.004937,0.036832,0.999309,0,0.40000,-0.60000,24.000,-1.200,-1,375.000,-1,400.000,-1,325.000,325.000,300.000,300.000,-1,-1,650.000,-1,750.000,800.000,-1,-1,2,0,2,0,2,0,0,0,0,2,2,0,2,0,0,2,2
6,6811.020,5509.576,359.141,-141.199,-0.779419,0.626189,-0.019865,-0.626488,-0.778787,0.031673,0.004363,0.037132,0.999301,0,0.48000,-0.72000,28.800,-1.440,-1,375.000,-1,400.000,-1,325.000,325.000,300.000,300.000,-1,925.000,675.000,-1,775.000,800.000,-1,-1,2,0,2,0,2,0,0,0,0,2,0,0,2,0,0,2,2
7,6784.228,5489.298,359.212,-142.879,-0.797438,0.603079,-0.019709,-0.603390,-0.796800,0.032095,0.003652,0.037486,0.999290,0,0.56000,-0.84000,33.600,-1.680,-1,375.000,-1,400.000,-1,325.000,325.000,300.000,300.000,-1,1000.000,700.000,-1,775.000,825.000,-1,-1,2,0,2,0,2,0,0,0,0,2,0,0,2,0,0,2,2
8,6756.341,5469.510,359.266,-144.642,-0.815609,0.578273,-0.019583,-0.578597,-0.814967,0.032478,0.002822,0.037820,0.999281,0,0.56991,-0.88151,34.194,-1.763,-1,375.000,-1,400.000,-1,325.000,325.000,300.000,300.000,-1,-1,775.000,-1,800.000,825.000,-1,-1,2,0,2,0,2,0,0,0,0,2,2,0,2,0,0,2,2
9,6727.505,5450.345,359.298,-146.391,-0.832874,0.553119,-0.019491,-0.553459,-0.832228,0.032857,0.001953,0.038153,0.999270,0,0.57706,-0.87462,34.623,-1.749,-1,375.000,-1,400.000,-1,325.000,325.000,300.000,300.000,-1,-1,850.000,-1,825.000,825.000,-1,-1,2,0,2,0,2,0,0,0,0,2,2,0,2,0,0,2,2
10,6697.742,5431.838,359.303,-148.127,-0.849238,0.527652,-0.019432,-0.528009,-0.848588,0.033250,0.001054,0.038497,0.999258,0,0.58412,-0.86782,35.047,-1.736,-1,375.000,-1,400.000,-1,325.000,325.000,300.000,300.000,-1,-1,925.000,-1,825.000,825.000,-1,-1,2,0,2,0,2,0,0,0,0,2,2,0,2,0,0,2,2
11,6667.076,5414.025,359.281,-149.849,-0.864706,0.501903,-0.019408,-0.502278,-0.864051,0.033659,0.000124,0.038853,0.999245,0,0.59107,-0.86112,35.464,-1.722,-1,400.000,-1,400.000,-1,325.000,325.000,300.000,300.000,-1,-1,-1,-1,850.000,-1,-1,-1,2,0,2,0,2,0,0,0,0,2,2,2,2,0,2,2,2
12,6635.531,5396.938,359.232,-151.558,-0.879283,0.475904,-0.019418,-0.476299,-0.878622,0.034088,-0.000838,0.039221,0.999230,0,0.59791,-0.85451,35.875,-1.709,-1,400.000,-1,400.000,-1,325.000,325.000,300.000,300.000,-1,-1,-1,-1,875.000,-1,-1,-1,2,0,2,0,2,0,0,0,0,2,2,2,2,0,2,2,2
13,6603.134,5380.612,359.063,-153.254,-0.892970,0.449678,-0.019858,-0.450111,-0.892297,0.034720,-0.002106,0.039943,0.999200,0,0.60463,-0.84802,36.278,-1.696,-1,400.000,-1,400.000,-1,325.000,325.000,300.000,300.000,-1,-1,-1,-1,875.000,-1,-1,-1,2,0,2,0,2,0,0,0,0,2,2,2,2,0,2,2,2
14,6569.914,5365.076,358.856,-154.937,-0.905780,0.423260,-0.020358,-0.423735,-0.905093,0.035420,-0.003434,0.040709,0.999165,0,0.61121,-0.84164,36.673,-1.683,-1,400.000,-1,400.000,-1,325.000,325.000,300.000,300.000,-1,-1,-1,-1,900.000,-1,-1,-1,2,0,2,0,2,0,0,0,0,2,2,2,2,0,2,2,2
15,6531.916,5348.459,358.594,-156.380,-0.916138,0.400314,-0.020965,-0.400835,-0.915432,0.036257,-0.004678,0.041620,0.999123,0,0.69121,-0.72164,41.473,-1.443,-1,400.000,-1,400.000,-1,325.000,325.000,300.000,300.000,-1,-1,-1,-1,925.000,-1,-1,-1,2,0,2,0,2,0,0,0,0,2,2,2,2,0,2,2,2
16,6489.139,5330.814,358.275,-157.584,-0.924327,0.380985,-0.021700,-0.381557,-0.923595,0.037240,-0.005854,0.042702,0.999071,0,0.77121,-0.60164,46.273,-1.203,-1,425.000,-1,400.000,-1,325.000,325.000,300.000,300.000,-1,-1,-1,-1,925.000,-1,-1,-1,2,0,2,0,2,0,0,0,0,2,2,2,2,0,2,2,2
17,6441.605,5312.134,357.822,-158.547,-0.930589,0.365388,-0.022240,-0.366003,-0.929830,0.038179,-0.006729,0.043669,0.999023,0,0.85121,-0.48164,51.073,-0.963,-1,425.000,-1,400.000,-1,325.000,325.000,300.000,300.000,-1,-1,-1,-1,950.000,-1,-1,-1,2,0,2,0,2,0,0,0,1,2,2,2,2,0,2,2,2
18,6391.437,5293.148,356.980,-159.270,-0.935094,0.353627,-0.023401,-0.354296,-0.934381,0.037507,-0.008602,0.043363,0.999022,0,0.89400,-0.36164,53.640,-0.723,-1,425.000,-1,400.000,-1,325.000,325.000,300.000,325.000,-1,-1,-1,-1,950.000,-1,-1,-1,2,0,2,0,2,0,0,0,1,2,2,2,2,0,2,2,2
19,6340.882,5274.501,356.022,-159.754,-0.938001,0.345742,-0.024818,-0.346467,-0.937355,0.036405,-0.010676,0.042746,0.999029,0,0.89808,-0.24164,53.885,-0.483,-1,425.000,-1,400.000,-1,325.000,325.000,300.000,325.000,-1,-1,-1,-1,925.000,-1,-1,-1,2,0,2,0,2,0,0,0,1,2,2,2,2,0,2,2,2
20,6290.067,5256.003,355.014,-159.997,-0.939413,0.341769,-0.026390,-0.342549,-0.938842,0.035164,-0.012758,0.042073,0.999033,0,0.90128,-0.12164,54.077,-0.243,-1,425.000,-1,400.000,-1,325.000,325.000,300.000,350.000,-1,-1,-1,-1,925.000,-1,-1,-1,2,0,2,0,2,0,0,0,1,2,2,2,2,0,2,2,2
21,6239.074,5237.586,353.981,-160.140,-0.940214,0.339426,-0.028066,-0.340259,-0.939721,0.033889,-0.014871,0.041413,0.999031,0,0.90362,-0.07175,54.217,-0.144,-1,425.000,-1,600.000,-1,325.000,325.000,300.000,350.000,-1,-1,-1,-1,925.000,-1,-1,-1,2,0,2,1,2,0,0,0,1,2,2,2,2,0,2,2,2
22,6187.938,5219.241,352.956,-160.264,-0.940886,0.337403,-0.029893,-0.338289,-0.940483,0.032428,-0.017172,0.040624,0.999027,0,0.90545,-0.06199,54.327,-0.124,-1,425.000,-1,725.000,-1,325.000,325.000,300.000,375.000,-1,-1,-1,-1,900.000,-1,-1,-1,2,0,2,1,2,0,0,0,1,2,2,2,2,0,2,2,2
23,6136.681,5200.957,351.909,-160.368,-0.941427,0.335714,-0.031820,-0.336650,-0.941122,0.030924,-0.019565,0.039825,0.999015,0,0.90701,-0.05177,54.420,-0.104,-1,425.000,-1,775.000,-1,325.000,350.000,300.000,375.000,-1,-1,-1,-1,900.000,-1,-1,-1,2,0,2,1,2,0,1,0,1,2,2,2,2,0,2,2,2
24,6085.323,5182.721,350.837,-160.450,-0.941832,0.334375,-0.033843,-0.335359,-0.941632,0.029386,-0.022042,0.039026,0.998995,0,0.90832,-0.04107,54.499,-0.082,-1,425.000,-1,800.000,-1,325.000,350.000,300.000,375.000,-1,-1,-1,-1,875.000,-1,-1,-1,2,0,2,1,2,0,1,0,1,2,2,2,2,0,2,2,2
25,6034.237,5164.663,349.749,-160.532,-0.942230,0.333031,-0.035945,-0.334061,-0.942141,0.027827,-0.024599,0.038227,0.998966,0,0.90306,-0.04118,54.183,-0.082,-1,400.000,-1,800.000,-1,325.000,375.000,300.000,375.000,-1,-1,-1,-1,875.000,-1,-1,-1,2,0,2,1,2,0,1,0,1,2,2,2,2,0,2,2,2
26,5983.466,5146.801,348.564,-160.616,-0.942634,0.331657,-0.037999,-0.332734,-0.942645,0.026609,-0.026994,0.037726,0.998923,0,0.89702,-0.04196,53.821,-0.084,-1,400.000,-1,775.000,-1,325.000,375.000,300.000,375.000,-1,-1,-1,-1,850.000,-1,-1,-1,2,0,2,1,2,0,1,0,1,2,2,2,2,0,2,2,2
27,5928.186,5127.291,343.867,-160.565,-0.941651,0.332319,-0.053464,-0.334315,-0.941851,0.033910,-0.039086,0.049805,0.997994,0,0.97702,0.02547,58.621,0.051,-1,375.000,-1,650.000,-1,300.000,350.000,300.000,275.000,-1,-1,-1,-1,775.000,-1,-1,-1,2,0,2,1,2,0,1,0,1,2,2,2,2,0,2,2,2
28,5872.036,5107.435,337.680,-160.533,-0.940134,0.332508,-0.074739,-0.336269,-0.940701,0.044775,-0.055420,0.067227,0.996197,0,0.99258,0.01611,59.555,0.032,-1,350.000,-1,525.000,-1,275.000,300.000,325.000,225.000,-1,-1,-1,-1,700.000,1000.000,-1,-1,2,0,2,1,2,0,1,0,0,2,2,2,2,0,1,2,2
29,5820.500,5088.934,332.448,-160.261,-0.937192,0.336641,-0.091351,-0.342124,-0.938181,0.052605,-0.067995,0.080555,0.994428,0,0.91258,0.13611,54.755,0.272,-1,325.000,-1,450.000,-1,250.000,275.000,350.000,200.000,-1,-1,-1,-1,625.000,825.000,-1,-1,2,0,2,1,2,0,1,0,0,2,2,2,2,0,1,2,2
30,5773.560,5071.839,328.041,-159.997,-0.934478,0.340687,-0.103359,-0.347592,-0.935857,0.057888,-0.077008,0.090022,0.992958,0,0.83258,0.13213,49.955,0.264,-1,300.000,-1,375.000,-1,250.000,250.000,350.000,175.000,-1,-1,-1,-1,575.000,700.000,-1,-1,2,0,2,1,2,0,1,0,0,2,2,2,2,0,1,2,2
31,5731.196,5056.207,324.555,-159.753,-0.932091,0.344432,-0.112129,-0.352484,-0.933778,0.061760,-0.083431,0.097089,0.991773,0,0.75258,0.12176,45.155,0.244,-1,300.000,-1,350.000,-1,225.000,225.000,375.000,225.000,-1,-1,-1,-1,550.000,600.000,-1,-1,2,0,2,1,2,0,1,0,1,2,2,2,2,0,1,2,2
32,5693.390,5042.090,321.768,-159.529,-0.930032,0.347908,-0.118321,-0.356796,-0.931978,0.064137,-0.087959,0.101866,0.990902,0,0.67258,0.11187,40.355,0.224,-1,275.000,-1,300.000,-1,225.000,200.000,375.000,-1,-1,-1,-1,-1,550.000,525.000,-1,-1,2,0,2,1,2,0,1,0,2,2,2,2,2,0,1,2,2
33,5660.126,5029.534,319.600,-159.324,-0.928270,0.351131,-0.122564,-0.360588,-0.930427,0.065439,-0.091059,0.104940,0.990301,0,0.59258,0.10261,35.555,0.205,-1,275.000,975.000,275.000,-1,225.000,200.000,375.000,-1,-1,-1,-1,-1,525.000,475.000,-1,1000.000,2,0,0,1,2,0,1,0,2,2,2,2,2,0,1,2,1
34,5631.388,5018.579,317.947,-159.136,-0.926770,0.354119,-0.125289,-0.363922,-0.929092,0.065950,-0.093051,0.106716,0.989926,0,0.51258,0.09411,30.755,0.188,-1,275.000,950.000,275.000,-1,225.000,175.000,375.000,-1,-1,-1,-1,-1,525.000,425.000,1000.000,925.000,2,0,0,1,2,0,0,0,2,2,2,2,2,0,1,0,1
35,5607.164,5009.262,316.721,-158.963,-0.925490,0.356890,-0.126881,-0.366869,-0.927934,0.065916,-0.094213,0.107553,0.989725,0,0.43258,0.08649,25.955,0.173,-1,275.000,925.000,250.000,-1,200.000,175.000,375.000,-1,-1,-1,-1,-1,525.000,400.000,950.000,850.000,2,0,0,1,2,0,0,0,2,2,2,2,2,0,1,0,1
36,5587.440,5001.613,315.845,-158.803,-0.924383,0.359467,-0.127668,-0.369504,-0.926915,0.065540,-0.094778,0.107758,0.989649,0,0.35258,0.07986,21.155,0.160,-1,275.000,900.000,250.000,-1,200.000,175.000,375.000,-1,-1,-1,-1,-1,500.000,375.000,925.000,800.000,2,0,0,1,2,0,0,0,2,2,2,2,2,0,1,0,1
37,5572.207,4995.660,315.256,-158.655,-0.923407,0.361877,-0.127924,-0.371895,-0.925997,0.064987,-0.094940,0.107584,0.989653,0,0.27258,0.07430,16.355,0.149,-1,275.000,875.000,225.000,-1,200.000,175.000,375.000,-1,-1,-1,-1,-1,500.000,350.000,925.000,750.000,2,0,0,1,2,0,0,0,2,2,2,2,2,0,1,0,1
38,5552.491,4987.991,314.372,-158.746,-0.923910,0.360397,-0.128467,-0.370470,-0.926568,0.064993,-0.095610,0.107640,0.989582,0,0.35258,-0.04570,21.155,-0.091,-1,275.000,875.000,225.000,-1,200.000,175.000,375.000,-1,-1,-1,-1,-1,500.000,350.000,900.000,725.000,2,0,0,1,2,0,0,0,2,2,2,2,2,0,1,0,1
39,5528.248,4978.723,313.193,-159.077,-0.925881,0.355022,-0.129245,-0.365218,-0.928612,0.065542,-0.096750,0.107887,0.989444,0,0.43258,-0.16570,25.955,-0.331,-1,275.000,850.000,200.000,-1,200.000,175.000,375.000,-1,-1,-1,-1,-1,500.000,325.000,850.000,700.000,2,0,0,1,2,0,0,0,2,2,2,2,2,0,1,0,1
40,5499.412,4968.027,311.710,-159.649,-0.929253,0.345727,-0.130236,-0.356114,-0.932062,0.066653,-0.098344,0.108317,0.989240,0,0.51258,-0.28570,30.755,-0.571,-1,275.000,800.000,200.000,-1,200.000,175.000,400.000,-1,-1,-1,-1,-1,475.000,300.000,800.000,700.000,2,0,0,1,2,0,0,0,2,2,2,2,2,0,1,0,1
41,5465.906,4956.128,309.907,-160.449,-0.933848,0.332651,-0.131420,-0.343298,-0.936737,0.068344,-0.100372,0.108939,0.988968,0,0.59258,-0.40020,35.555,-0.800,-1,275.000,750.000,175.000,-1,200.000,175.000,400.000,-1,-1,-1,-1,-1,450.000,275.000,750.000,675.000,2,0,0,0,2,0,0,0,2,2,2,2,2,0,1,0,1
42,5427.689,4943.166,307.972,-161.263,-0.938387,0.319305,-0.132188,-0.330142,-0.941349,0.069779,-0.102154,0.109120,0.988766,0,0.67258,-0.40695,40.355,-0.814,-1,275.000,725.000,175.000,-1,200.000,175.000,400.000,-1,-1,-1,-1,-1,425.000,275.000,675.000,650.000,2,0,0,0,2,0,0,0,2,2,2,2,2,0,0,0,1
43,-2295.561,5575.203,224.558,-68.515,0.431609,0.901297,-0.037112,-0.784543,0.354757,-0.508566,-0.445203,0.248618,0.860223,1,0.00000,0.00000,45.155,-0.830,0.000,575.000,-1,825.000,-1,550.000,675.000,0.000,100.000,-1,0.000,0.000,0.000,825.000,-1,0.000,-1,1,1,2,1,2,1,1,0,1,2,0,0,0,1,2,1,2
44,979.969,-4266.317,295.583,-145.058,-0.819970,0.572375,0.006016,-0.572135,-0.819211,-0.039422,-0.017636,-0.035767,0.999205,1,0.08000,-0.01222,4.800,-0.024,-1,425.000,-1,425.000,-1,350.000,350.000,275.000,275.000,-1,-1,-1,-1,850.000,-1,-1,-1,2,0,2,0,2,0,0,0,0,2,2,2,2,0,2,2,2
45,972.097,-4271.812,295.399,-145.083,-0.820215,0.572029,0.005423,-0.571761,-0.819454,-0.039810,-0.018328,-0.035753,0.999193,0,0.16000,-0.01210,9.600,-0.024,-1,425.000,-1,425.000,-1,350.000,350.000,275.000,275.000,-1,-1,-1,-1,850.000,-1,-1,-1,2,0,2,0,2,0,0,0,0,2,2,2,2,0,2,2,2
46,960.286,-4280.049,295.126,-145.106,-0.820457,0.571690,0.004571,-0.571380,-0.819690,-0.040401,-0.019350,-0.035759,0.999173,0,0.24000,-0.01187,14.400,-0.024,-1,425.000,-1,425.000,-1,350.000,350.000,275.000,275.000,-1,-1,-1,-1,850.000,-1,-1,-1,2,0,2,0,2,0,0,0,0,2,2,2,2,0,2,2,2
47,944.533,-4291.027,294.807,-145.129,-0.820694,0.571356,0.003702,-0.570999,-0.819913,-0.041264,-0.020541,-0.035979,0.999141,0,0.32000,-0.01150,19.200,-0.023,-1,425.000,-1,425.000,-1,350.000,350.000,275.000,275.000,-1,-1,-1,-1,825.000,-1,-1,-1,2,0,2,0,2,0,0,0,0,2,2,2,2,0,2,2,2
48,924.838,-4304.741,294.389,-145.151,-0.820920,0.571037,0.002611,-0.570617,-0.820124,-0.042335,-0.022034,-0.036243,0.999100,0,0.40000,-0.01097,24.000,-0.022,-1,425.000,-1,425.000,-1,350.000,350.000,275.000,275.000,-1,-1,-1,-1,825.000,-1,-1,-1,2,0,2,0,2,0,0,0,0,2,2,2,2,0,2,2,2
49,901.197,-4321.189,293.856,-145.172,-0.821132,0.570737,0.001292,-0.570240,-0.820320,-0.043609,-0.023829,-0.036545,0.999048,0,0.48000,-0.01026,28.800,-0.021,-1,425.000,-1,425.000,-1,350.000,350.000,275.000,275.000,-1,-1,-1,-1,825.000,-1,-1,-1,2,0,2,0,2,0,0,0,0,2,2,2,2,0,2,2,2
50,873.609,-4340.370,293.191,-145.190,-0.821324,0.570463,-0.000257,-0.569873,-0.820495,-0.045079,-0.025927,-0.036878,0.998983,0,0.56000,-0.00932,33.600,-0.019,-1,425.000,-1,425.000,-1,350.000,350.000,275.000,275.000,-1,-1,-1,-1,825.000,-1,-1,-1,2,0,2,0,2,0,0,0,0,2,2,2,2,0,2,2,2
51,842.075,-4362.282,292.282,-145.207,-0.821483,0.570230,-0.002015,-0.569542,-0.820657,-0.046305,-0.028058,-0.036891,0.998925,0,0.64000,-0.00813,38.400,-0.016,-1,425.000,-1,450.000,-1,325.000,350.000,275.000,275.000,-1,-1,-1,-1,800.000,-1,-1,-1,2,0,2,0,2,0,0,0,0,2,2,2,2,0,2,2,2
52,806.592,-4386.925,291.114,-145.220,-0.821603,0.570046,-0.003988,-0.569257,-0.820797,-0.047313,-0.030244,-0.036602,0.998872,0,0.72000,-0.00662,43.200,-0.013,-1,425.000,-1,450.000,-1,325.000,350.000,275.000,275.000,-1,-1,-1,-1,800.000,-1,-1,-1,2,0,2,0,2,0,0,0,0,2,2,2,2,0,2,2,2
53,767.163,-4414.299,289.720,-145.229,-0.821678,0.569918,-0.006204,-0.569015,-0.820903,-0.048370,-0.032660,-0.036214,0.998810,0,0.80000,-0.00475,48.000,-0.009,-1,400.000,-1,450.000,-1,350.000,350.000,275.000,275.000,-1,-1,-1,-1,800.000,-1,-1,-1,2,0,2,0,2,0,0,0,0,2,2,2,2,0,2,2,2
54,723.788,-4444.407,287.943,-145.234,-0.821685,0.569867,-0.009247,-0.568825,-0.820981,-0.049285,-0.035677,-0.035237,0.998742,0,0.88000,-0.00246,52.800,-0.005,-1,400.000,-1,450.000,-1,350.000,350.000,275.000,275.000,-1,-1,-1,-1,775.000,-1,-1,-1,2,0,2,0,2,0,0,0,0,2,2,2,2,0,2,2,2
55,684.468,-4471.938,285.886,-144.999,-0.819250,0.573277,-0.013525,-0.572073,-0.818701,-0.049608,-0.039512,-0.032904,0.998677,0,0.80000,0.11754,48.000,0.235,-1,400.000,-1,450.000,-1,350.000,350.000,275.000,275.000,-1,-1,-1,-1,775.000,-1,-1,-1,2,0,2,0,2,0,0,0,0,2,2,2,2,0,2,2,2
56,648.006,-4497.922,283.885,-144.524,-0.814367,0.580089,-0.017430,-0.578745,-0.813980,-0.049915,-0.043142,-0.030562,0.998601,0,0.74622,0.23754,44.773,0.475,-1,400.000,-1,450.000,-1,350.000,350.000,275.000,275.000,-1,-1,-1,-1,750.000,-1,-1,-1,2,0,2,0,2,0,0,0,0,2,2,2,2,0,2,2,2
57,611.955,-4524.298,281.926,-143.809,-0.806939,0.590254,-0.021216,-0.588810,-0.806747,-0.049618,-0.046403,-0.027546,0.998543,0,0.74448,0.35754,44.669,0.715,-1,400.000,-1,425.000,-1,325.000,350.000,275.000,275.000,-1,-1,-1,-1,725.000,1000.000,-1,-1,2,0,2,0,2,0,0,0,0,2,2,2,2,0,0,2,2
58,576.430,-4551.208,280.018,-142.854,-0.796839,0.603678,-0.024915,-0.602182,-0.796874,-0.048671,-0.049235,-0.023779,0.998504,0,0.74277,0.47754,44.566,0.955,-1,400.000,-1,425.000,-1,325.000,350.000,300.000,275.000,-1,-1,-1,875.000,725.000,975.000,-1,-1,2,0,2,0,2,0,0,0,0,2,2,2,1,0,0,2,2
59,541.551,-4578.793,277.908,-141.659,-0.783938,0.620215,-0.027844,-0.618701,-0.784170,-0.047807,-0.051485,-0.020251,0.998468,0,0.74116,0.59754,44.469,1.195,-1,400.000,-1,425.000,-1,325.000,350.000,300.000,275.000,-1,-1,-1,825.000,725.000,950.000,-1,-1,2,0,2,0,2,0,0,0,0,2,2,2,1,0,0,2,2
60,507.440,-4607.188,275.671,-140.224,-0.768020,0.639702,-0.030429,-0.638196,-0.768443,-0.046909,-0.053391,-0.016607,0.998436,0,0.73971,0.71754,44.383,1.435,-1,375.000,-1,425.000,-1,325.000,350.000,300.000,300.000,-1,-1,-1,825.000,700.000,925.000,-1,-1,2,0,2,0,2,0,0,0,0,2,2,2,1,0,0,2,2
61,474.163,-4636.447,273.366,-138.675,-0.750297,0.660276,-0.033019,-0.658802,-0.750916,-0.045876,-0.055085,-0.012667,0.998401,0,0.73851,0.77438,44.311,1.549,-1,375.000,-1,425.000,-1,325.000,350.000,300.000,300.000,-1,-1,-1,825.000,700.000,875.000,-1,-1,2,0,2,0,2,0,0,0,0,2,2,2,1,0,0,2,2
62,441.727,-4666.568,271.029,-137.118,-0.731913,0.680467,-0.035615,-0.679041,-0.732728,-0.044869,-0.056628,-0.008656,0.998358,0,0.73774,0.77857,44.264,1.557,-1,375.000,-1,425.000,-1,325.000,325.000,300.000,300.000,-1,-1,-1,825.000,675.000,850.000,-1,-1,2,0,2,0,2,0,0,0,0,2,2,2,1,0,0,2,2
63,410.136,-4697.555,268.790,-135.552,-0.712873,0.700255,-0.038153,-0.698857,-0.713875,-0.044512,-0.058407,-0.005068,0.998280,0,0.73751,0.78302,44.251,1.566,-1,375.000,-1,425.000,-1,325.000,325.000,300.000,300.000,-1,-1,-1,850.000,675.000,825.000,-1,-1,2,0,2,0,2,0,0,0,0,2,2,2,1,0,0,2,2
64,379.397,-4729.412,266.497,-133.976,-0.693170,0.719626,-0.040678,-0.718275,-0.694361,-0.044082,-0.059968,-0.001338,0.998199,0,0.73782,0.78773,44.269,1.575,-1,375.000,-1,400.000,-1,300.000,325.000,300.000,300.000,-1,-1,-1,850.000,675.000,800.000,-1,-1,2,0,2,0,2,0,0,0,0,2,2,2,1,0,0,2,2
65,349.517,-4762.144,264.146,-132.391,-0.672804,0.738559,-0.043198,-0.737277,-0.674184,-0.043574,-0.061305,0.002532,0.998116,0,0.73866,0.79269,44.319,1.585,-1,375.000,-1,400.000,-1,300.000,325.000,300.000,300.000,-1,-1,-1,875.000,650.000,775.000,-1,-1,2,0,2,0,2,0,0,0,0,2,2,2,1,0,0,2,2
66,320.507,-4795.757,261.640,-130.795,-0.651779,0.757035,-0.045628,-0.755810,-0.653345,-0.043482,-0.062728,0.006146,0.998012,0,0.74001,0.79788,44.401,1.596,-1,350.000,-1,400.000,-1,300.000,325.000,300.000,300.000,-1,-1,-1,900.000,650.000,750.000,-1,-1,2,0,2,0,2,0,0,0,0,2,2,2,1,0,0,2,2
67,290.419,-4832.336,258.733,-129.439,-0.633510,0.772255,-0.047821,-0.771182,-0.635229,-0.041976,-0.062793,0.010286,0.997974,0,0.78939,0.67788,47.364,1.356,-1,350.000,-1,375.000,-1,300.000,300.000,300.000,300.000,-1,-1,-1,950.000,625.000,750.000,-1,-1,2,0,2,0,2,0,0,0,0,2,2,2,1,0,0,2,2
68,260.951,-4869.617,256.179,-128.324,-0.618365,0.784457,-0.047460,-0.783560,-0.620054,-0.039588,-0.060482,0.012708,0.998088,0,0.79202,0.55788,47.521,1.116,-1,350.000,-1,375.000,-1,300.000,300.000,300.000,300.000,-1,-1,-1,975.000,650.000,750.000,-1,-1,2,0,2,0,2,0,0,0,0,2,2,2,1,0,0,2,2
69,232.102,-4907.618,253.626,-127.206,-0.602967,0.796381,-0.047001,-0.795659,-0.604609,-0.037080,-0.057947,0.015039,0.998206,0,0.79518,0.55904,47.711,1.118,-1,350.000,-1,375.000,-1,300.000,300.000,300.000,300.000,-1,-1,-1,-1,650.000,750.000,-1,-1,2,0,2,0,2,0,0,0,0,2,2,2,2,0,0,2,2
70,202.943,-4947.884,250.991,-125.910,-0.584849,0.809813,-0.046411,-0.809274,-0.586427,-0.034323,-0.055011,0.017485,0.998333,0,0.82859,0.64770,49.716,1.295,-1,375.000,-1,375.000,-1,300.000,300.000,300.000,325.000,-1,-1,-1,-1,650.000,750.000,-1,-1,2,0,2,0,2,0,0,0,0,2,2,2,2,0,0,2,2
71,174.705,-4988.799,248.372,-124.613,-0.566420,0.822846,-0.045744,-0.822485,-0.567919,-0.031427,-0.051838,0.019823,0.998459,0,0.82857,0.64862,49.714,1.297,-1,375.000,-1,375.000,-1,300.000,300.000,300.000,325.000,-1,-1,-1,-1,650.000,750.000,-1,-1,2,0,2,0,2,0,0,0,0,2,2,2,2,0,0,2,2
72,147.402,-5030.342,245.770,-123.314,-0.547689,0.835471,-0.045011,-0.835279,-0.549093,-0.028387,-0.048432,0.022050,0.998583,0,0.82853,0.64952,49.712,1.299,-1,375.000,-1,400.000,-1,300.000,300.000,300.000,325.000,-1,-1,700.000,-1,675.000,750.000,-1,-1,2,0,2,0,2,0,0,0,0,2,2,0,2,0,0,2,2
73,121.052,-5072.491,243.389,-122.013,-0.528602,0.847662,-0.045280,-0.847652,-0.529948,-0.025320,-0.045458,0.024997,0.998653,0,0.82848,0.65040,49.709,1.301,-1,375.000,-1,400.000,-1,300.000,300.000,300.000,325.000,-1,-1,300.000,-1,675.000,750.000,-1,-1,2,0,2,0,2,0,0,0,0,2,2,0,2,0,0,2,2
74,95.668,-5115.227,241.125,-120.711,-0.509205,0.859415,-0.046006,-0.859591,-0.510499,-0.022218,-0.042581,0.028233,0.998694,0,0.82843,0.65125,49.706,1.302,-1,375.000,-1,400.000,-1,300.000,300.000,300.000,325.000,-1,800.000,225.000,-1,675.000,750.000,-1,-1,2,0,2,0,2,0,0,0,0,2,0,0,2,0,0,2,2
75,71.265,-5158.525,238.911,-119.407,-0.489531,0.870726,-0.046864,-0.871087,-0.490759,-0.019061,-0.039596,0.031492,0.998719,0,0.82837,0.65207,49.702,1.304,-1,375.000,-1,400.000,-1,300.000,300.000,325.000,350.000,-1,475.000,250.000,-1,700.000,750.000,-1,-1,2,0,2,0,2,0,0,0,0,2,0,0,2,0,0,2,2
76,49.949,-5198.045,236.992,-118.342,-0.473299,0.879601,-0.047849,-0.880134,-0.474456,-0.015987,-0.036764,0.034547,0.998727,0,0.74837,0.53207,44.902,1.064,-1,375.000,-1,375.000,-1,300.000,300.000,325.000,325.000,-1,375.000,250.000,-1,700.000,750.000,-1,-1,2,0,2,0,2,0,0,0,0,2,0,0,2,0,0,2,2
77,31.422,-5233.611,235.274,-117.518,-0.460618,0.886245,-0.048994,-0.886933,-0.461709,-0.013258,-0.034371,0.037348,0.998711,0,0.66837,0.41207,40.102,0.824,-1,375.000,-1,375.000,-1,300.000,300.000,325.000,325.000,-1,350.000,250.000,-1,700.000,725.000,-1,-1,2,0,2,0,2,0,0,0,0,2,0,0,2,0,0,2,2
78,13.818,-5268.263,233.597,-116.934,-0.451575,0.890812,-0.050343,-0.891649,-0.452601,-0.010654,-0.032276,0.040077,0.998675,0,0.64779,0.29207,38.867,0.584,-1,375.000,-1,375.000,-1,300.000,300.000,325.000,325.000,-1,325.000,250.000,-1,725.000,725.000,-1,-1,2,0,2,0,2,0,0,0,0,2,0,0,2,0,0,2,2
79,-4.083,-5304.029,231.889,-116.590,-0.446238,0.893415,-0.051787,-0.894402,-0.447193,-0.007979,-0.030287,0.042758,0.998626,0,0.66660,0.17207,39.996,0.344,-1,375.000,-1,375.000,-1,300.000,300.000,325.000,325.000,-1,325.000,275.000,-1,750.000,725.000,-1,-1,2,0,2,0,2,0,0,0,0,2,0,0,2,0,0,2,2
80,-21.948,-5339.883,230.572,-116.486,-0.444617,0.894180,-0.052514,-0.895233,-0.445545,-0.006905,-0.029572,0.043943,0.998596,0,0.66763,0.05207,40.058,0.104,-1,375.000,-1,375.000,-1,300.000,300.000,325.000,325.000,-1,350.000,300.000,-1,750.000,725.000,-1,-1,2,0,2,0,2,0,0,0,0,2,0,0,2,0,0,2,2
81,-39.917,-5375.735,229.439,-116.622,-0.446728,0.893104,-0.052912,-0.894182,-0.447656,-0.006553,-0.029539,0.044386,0.998578,0,0.66838,-0.06793,40.103,-0.136,-1,375.000,-1,375.000,-1,300.000,300.000,325.000,325.000,-1,400.000,350.000,-1,750.000,725.000,-1,-1,2,0,2,0,2,0,0,0,0,2,0,0,2,0,0,2,2
82,-58.134,-5411.490,228.336,-116.998,-0.452575,0.890138,-0.053201,-0.891235,-0.453500,-0.006148,-0.029599,0.044632,0.998565,0,0.66880,-0.18793,40.128,-0.376,-1,375.000,-1,375.000,-1,300.000,300.000,325.000,325.000,-1,450.000,375.000,-1,750.000,725.000,-1,-1,2,0,2,0,2,0,0,0,0,2,0,0,2,0,0,2,2
83,-76.734,-5447.049,227.161,-117.613,-0.462149,0.885227,-0.052833,-0.886315,-0.463049,-0.005571,-0.029395,0.044252,0.998588,0,0.66884,-0.30793,40.131,-0.616,-1,375.000,-1,375.000,-1,300.000,300.000,325.000,325.000,-1,475.000,400.000,-1,775.000,725.000,-1,-1,2,0,2,0,2,0,0,0,0,2,0,0,2,0,0,2,2
84,-95.853,-5482.307,225.982,-118.469,-0.475349,0.878229,-0.052504,-0.879307,-0.476229,-0.004962,-0.029361,0.043809,0.998608,0,0.66846,-0.42793,40.108,-0.856,-1,375.000,-1,375.000,-1,300.000,300.000,325.000,325.000,-1,525.000,450.000,-1,775.000,725.000,-1,-1,2,0,2,0,2,0,0,0,0,2,0,0,2,0,0,2,2
85,-115.507,-5517.211,224.802,-119.383,-0.489318,0.870542,-0.052197,-0.871611,-0.490178,-0.004326,-0.029351,0.043379,0.998627,0,0.66762,-0.45670,40.057,-0.913,-1,375.000,-1,375.000,-1,300.000,300.000,325.000,325.000,-1,575.000,475.000,-1,775.000,725.000,-1,-1,2,0,2,0,2,0,0,0,0,2,0,0,2,0,0,2,2
86,-135.675,-5551.741,223.623,-120.287,-0.503026,0.862711,-0.051904,-0.863774,-0.503867,-0.003667,-0.029316,0.042988,0.998645,0,0.66646,-0.45221,39.987,-0.904,-1,375.000,-1,375.000,-1,300.000,300.000,325.000,325.000,-1,600.000,525.000,-1,775.000,725.000,-1,-1,2,0,2,0,2,0,0,0,0,2,0,0,2,0,0,2,2
87,-156.336,-5585.879,222.449,-121.183,-0.516485,0.854738,-0.051624,-0.855796,-0.517305,-0.002984,-0.029256,0.042639,0.998662,0,0.66505,-0.44804,39.903,-0.896,-1,375.000,-1,375.000,-1,300.000,325.000,325.000,325.000,-1,650.000,550.000,-1,800.000,750.000,-1,-1,2,0,2,0,2,0,0,0,0,2,0,0,2,0,0,2,2
88,-177.473,-5619.607,221.279,-122.075,-0.529758,0.846592,-0.051360,-0.847647,-0.530556,-0.002278,-0.029178,0.042328,0.998678,0,0.66341,-0.44602,39.805,-0.892,-1,375.000,-1,375.000,-1,300.000,325.000,325.000,325.000,-1,700.000,575.000,-1,800.000,750.000,-1,-1,2,0,2,0,2,0,0,0,0,2,0,0,2,0,0,2,2
89,-199.071,-5652.911,220.115,-122.964,-0.542850,0.838273,-0.051109,-0.839326,-0.543626,-0.001549,-0.029082,0.042056,0.998692,0,0.66157,-0.44424,39.694,-0.888,-1,375.000,-1,400.000,-1,300.000,325.000,325.000,325.000,-1,725.000,625.000,-1,800.000,750.000,-1,-1,2,0,2,0,2,0,0,0,0,2,0,0,2,0,0,2,2
90,-221.113,-5685.776,218.958,-123.849,-0.555766,0.829781,-0.050872,-0.830834,-0.556520,-0.000795,-0.028971,0.041824,0.998705,0,0.65953,-0.44270,39.572,-0.885,-1,400.000,-1,400.000,-1,300.000,325.000,325.000,325.000,-1,775.000,650.000,-1,800.000,750.000,-1,-1,2,0,2,0,2,0,0,0,0,2,0,0,2,0,0,2,2
91,-243.584,-5718.189,217.847,-124.732,-0.568502,0.821109,-0.050843,-0.822172,-0.569240,-0.000032,-0.028968,0.041784,0.998707,0,0.65733,-0.44140,39.440,-0.883,-1,400.000,-1,400.000,-1,325.000,325.000,325.000,325.000,-1,825.000,675.000,-1,825.000,775.000,-1,-1,2,0,2,0,2,0,0,0,0,2,0,0,2,0,0,2,2
92,-266.468,-5750.138,216.752,-125.613,-0.581071,0.812262,-0.050859,-0.813337,-0.581793,0.000760,-0.028972,0.041808,0.998706,0,0.65499,-0.44035,39.300,-0.881,-1,400.000,-1,400.000,-1,325.000,325.000,325.000,325.000,-1,875.000,725.000,-1,825.000,775.000,-1,-1,2,0,2,0,2,0,0,0,0,2,0,0,2,0,0,2,2
93,-289.753,-5781.615,215.667,-126.492,-0.593480,0.803238,-0.050891,-0.804327,-0.594185,0.001583,-0.028968,0.041873,0.998703,0,0.65255,-0.43954,39.153,-0.879,-1,400.000,-1,400.000,-1,325.000,325.000,325.000,325.000,-1,900.000,750.000,-1,825.000,775.000,-1,-1,2,0,2,0,2,0,0,0,0,2,0,0,2,0,0,2,2
94,-313.425,-5812.611,214.566,-127.370,-0.605731,0.794040,-0.050902,-0.795139,-0.606423,0.002293,-0.029048,0.041864,0.998701,0,0.65002,-0.43897,39.001,-0.878,-1,400.000,-1,400.000,-1,325.000,325.000,325.000,325.000,-1,950.000,800.000,-1,825.000,775.000,-1,-1,2,0,2,0,2,0,0,0,0,2,0,0,2,0,0,2,2
95,-337.473,-5843.119,213.233,-128.247,-0.617815,0.784689,-0.050681,-0.785758,-0.618531,0.001958,-0.029812,0.041033,0.998713,0,0.64745,-0.43865,38.847,-0.877,-1,400.000,-1,400.000,-1,325.000,325.000,325.000,325.000,-1,-1,825.000,-1,825.000,775.000,-1,-1,2,0,2,0,2,0,0,0,0,2,2,0,2,0,0,2,2
96,-361.888,-5873.135,211.711,-129.124,-0.629746,0.775162,-0.050428,-0.776190,-0.630498,0.001266,-0.030814,0.039939,0.998727,0,0.64485,-0.43857,38.691,-0.877,-1,400.000,-1,400.000,-1,325.000,325.000,325.000,325.000,-1,-1,900.000,-1,825.000,775.000,-1,-1,2,0,2,0,2,0,0,0,0,2,2,0,2,0,0,2,2
97,-386.660,-5902.654,210.199,-130.002,-0.641534,0.765447,-0.050243,-0.766435,-0.642321,0.000625,-0.031794,0.038909,0.998737,0,0.64226,-0.43873,38.536,-0.877,-1,400.000,-1,400.000,-1,325.000,325.000,325.000,325.000,-1,-1,975.000,-1,825.000,775.000,-1,-1,2,0,2,0,2,0,0,0,0,2,2,0,2,0,0,2,2
98,-411.781,-5931.675,208.704,-130.880,-0.653183,0.755539,-0.050130,-0.756493,-0.654002,0.000070,-0.032732,0.037969,0.998743,0,0.63972,-0.43913,38.383,-0.878,-1,400.000,-1,400.000,-1,325.000,325.000,325.000,325.000,-1,-1,-1,-1,825.000,775.000,-1,-1,2,0,2,0,2,0,0,0,0,2,2,2,2,0,0,2,2
99,-437.245,-5960.195,207.226,-131.759,-0.664694,0.745435,-0.050086,-0.746359,-0.665544,-0.000398,-0.033631,0.037117,0.998745,0,0.63723,-0.43976,38.234,-0.880,-1,400.000,-1,400.000,-1,325.000,325.000,325.000,325.000,-1,-1,-1,-1,825.000,775.000,-1,-1,2,0,2,0,2,0,0,0,0,2,2,2,2,0,0,2,2
100,-463.048,-5988.215,205.787,-132.641,-0.676069,0.735134,-0.050092,-0.736028,-0.676951,-0.000874,-0.034552,0.036278,0.998744,0,0.63484,-0.44062,38.091,-0.881,-1,400.000,-1,400.000,-1,325.000,325.000,325.000,325.000,-1,-1,-1,-1,800.000,775.000,-1,-1,2,0,2,0,2,0,0,0,0,2,2,2,2,0,0,2,2
101,-489.186,-6015.735,204.397,-133.524,-0.687310,0.724632,-0.050143,-0.725495,-0.688226,-0.001407,-0.035529,0.035411,0.998741,0,0.63257,-0.44170,37.954,-0.883,-1,400.000,-1,400.000,-1,325.000,325.000,325.000,325.000,-1,-1,-1,-1,800.000,775.000,-1,-1,2,0,2,0,2,0,0,0,0,2,2,2,2,0,0,2,2
102,-515.657,-6042.756,203.025,-134.410,-0.698419,0.713923,-0.050258,-0.714759,-0.699368,-0.001858,-0.036475,0.034625,0.998735,0,0.63044,-0.44301,37.826,-0.886,-1,400.000,-1,400.000,-1,325.000,325.000,325.000,325.000,-1,-1,-1,-1,800.000,775.000,-1,-1,2,0,2,0,2,0,0,0,0,2,2,2,2,0,0,2,2
103,-542.460,-6069.280,201.671,-135.299,-0.709397,0.703002,-0.050436,-0.703816,-0.710378,-0.002224,-0.037392,0.033920,0.998725,0,0.62847,-0.44453,37.708,-0.889,-1,400.000,-1,400.000,-1,325.000,325.000,325.000,325.000,-1,-1,-1,-1,800.000,775.000,-1,-1,2,0,2,0,2,0,0,0,0,2,2,2,2,0,0,2,2
104,-569.595,-6095.309,200.335,-136.192,-0.720246,0.691866,-0.050672,-0.692662,-0.721258,-0.002506,-0.038281,0.033294,0.998712,0,0.62668,-0.44626,37.601,-0.893,-1,400.000,-1,400.000,-1,325.000,325.000,325.000,325.000,-1,-1,-1,-1,800.000,775.000,-1,-1,2,0,2,0,2,0,0,0,0,2,2,2,2,0,0,2,2
105,-597.064,-6120.845,198.952,-137.088,-0.730948,0.680504,-0.051268,-0.681298,-0.732001,-0.002655,-0.039335,0.032988,0.998681,0,0.62509,-0.44820,37.505,-0.896,-1,400.000,-1,400.000,-1,325.000,325.000,325.000,325.000,-1,-1,-1,-1,800.000,775.000,-1,-1,2,0,2,0,2,0,0,0,0,2,2,2,2,0,0,2,2
106,-624.869,-6145.891,197.545,-137.989,-0.741510,0.668916,-0.052109,-0.669719,-0.742609,-0.002676,-0.040486,0.032914,0.998638,0,0.62371,-0.45034,37.422,-0.901,-1,400.000,-1,400.000,-1,325.000,325.000,325.000,325.000,-1,-1,-1,-1,800.000,775.000,-1,-1,2,0,2,0,2,0,0,0,0,2,2,2,2,0,0,2,2
107,-656.565,-6173.786,195.970,-138.649,-0.749122,0.660304,-0.053056,-0.661129,-0.750268,-0.002604,-0.041526,0.033126,0.998588,0,0.70371,-0.33034,42.222,-0.661,-1,400.000,-1,400.000,-1,325.000,325.000,325.000,325.000,-1,-1,-1,-1,800.000,750.000,-1,-1,2,0,2,0,2,0,0,0,0,2,2,2,2,0,0,2,2
108,-692.091,-6204.593,194.235,-139.070,-0.753890,0.654766,-0.054142,-0.655626,-0.755082,-0.002441,-0.042480,0.033657,0.998530,0,0.78371,-0.21034,47.022,-0.421,-1,400.000,-1,400.000,-1,325.000,325.000,325.000,325.000,-1,-1,-1,-1,800.000,750.000,-1,-1,2,0,2,0,2,0,0,0,0,2,2,2,2,0,0,2,2
109,-731.350,-6238.420,192.184,-139.251,-0.755848,0.652352,-0.055957,-0.653286,-0.757109,-0.002085,-0.043725,0.034980,0.998431,0,0.86371,-0.09034,51.822,-0.181,-1,400.000,-1,400.000,-1,325.000,325.000,325.000,325.000,-1,-1,-1,-1,775.000,750.000,-1,-1,2,0,2,0,2,0,0,0,0,2,2,2,2,0,0,2,2
110,-774.207,-6275.425,189.602,-139.191,-0.755185,0.653137,-0.055752,-0.654066,-0.756435,-0.002071,-0.043526,0.034902,0.998442,0,0.94371,0.02966,56.622,0.059,-1,375.000,-1,375.000,-1,325.000,325.000,325.000,325.000,-1,-1,-1,-1,775.000,750.000,-1,-1,2,0,2,0,2,0,0,0,0,2,2,2,2,0,0,2,2
111,-816.958,-6312.729,187.048,-138.892,-0.751795,0.657084,-0.055178,-0.657997,-0.753017,-0.002107,-0.042934,0.034723,0.998474,0,0.94564,0.14966,56.738,0.299,-1,375.000,-1,375.000,-1,325.000,325.000,325.000,325.000,-1,-1,-1,-1,775.000,750.000,-1,-1,2,0,2,0,2,0,0,0,0,2,2,2,2,0,0,2,2
112,-859.407,-6350.480,184.610,-138.353,-0.745610,0.664143,-0.054589,-0.665046,-0.746799,-0.002138,-0.042187,0.034711,0.998507,0,0.94679,0.26966,56.808,0.539,-1,400.000,-1,375.000,-1,325.000,325.000,325.000,325.000,-1,-1,-1,-1,800.000,750.000,-1,-1,2,0,2,0,2,0,0,0,0,2,2,2,2,0,0,2,2
113,-901.527,-6388.733,182.289,-137.755,-0.738672,0.671903,-0.053940,-0.672795,-0.739825,-0.002153,-0.041353,0.034701,0.998542,0,0.94830,0.29908,56.898,0.598,-1,400.000,-1,375.000,-1,325.000,325.000,325.000,325.000,-1,-1,-1,-1,800.000,750.000,-1,-1,2,0,2,0,2,0,0,0,0,2,2,2,2,0,0,2,2
114,-943.328,-6427.487,180.042,-137.166,-0.731772,0.679470,-0.053204,-0.680340,-0.732893,-0.002356,-0.040593,0.034472,0.998581,0,0.95002,0.29417,57.001,0.588,-1,400.000,-1,375.000,-1,300.000,325.000,325.000,325.000,-1,-1,-1,-1,800.000,725.000,-1,-1,2,0,2,0,2,0,0,0,0,2,2,2,2,0,0,2,2
115,-984.818,-6466.738,177.849,-136.588,-0.724915,0.686845,-0.052365,-0.687677,-0.726011,-0.002865,-0.039986,0.033933,0.998624,0,0.95191,0.28915,57.114,0.578,-1,400.000,-1,375.000,-1,325.000,300.000,325.000,325.000,-1,-1,-1,-1,800.000,750.000,-1,-1,2,0,2,0,2,0,0,0,0,2,2,2,2,0,0,2,2
116,-1026.005,-6506.484,175.450,-136.020,-0.718095,0.694053,-0.051290,-0.694773,-0.719212,-0.005030,-0.040380,0.032023,0.998671,0,0.95395,0.28400,57.237,0.568,-1,400.000,-1,375.000,-1,325.000,300.000,325.000,325.000,-1,-1,-1,-1,775.000,750.000,-1,-1,2,0,2,0,2,0,0,0,0,2,2,2,2,0,0,2,2
117,-1066.897,-6546.721,173.065,-135.462,-0.711343,0.701054,-0.050149,-0.701679,-0.712461,-0.006751,-0.040462,0.030386,0.998719,0,0.95615,0.27875,57.369,0.557,-1,400.000,-1,375.000,-1,325.000,300.000,325.000,325.000,-1,-1,-1,-1,775.000,750.000,-1,-1,2,0,2,0,2,0,0,0,0,2,2,2,2,0,0,2,2
118,-1107.503,-6587.446,170.724,-134.916,-0.704665,0.707850,-0.048953,-0.708397,-0.705768,-0.008072,-0.040263,0.028990,0.998768,0,0.95850,0.27338,57.510,0.547,-1,400.000,-1,375.000,-1,325.000,300.000,325.000,325.000,-1,-1,-1,-1,775.000,750.000,-1,-1,2,0,2,0,2,0,0,0,0,2,2,2,2,0,0,2,2
119,-1147.832,-6628.657,168.486,-134.380,-0.698064,0.714446,-0.047679,-0.714920,-0.699145,-0.009276,-0.039962,0.027611,0.998820,0,0.96101,0.26790,57.660,0.536,-1,400.000,-1,375.000,-1,325.000,300.000,325.000,325.000,-1,-1,-1,-1,775.000,750.000,-1,-1,2,0,2,0,2,0,0,0,0,2,2,2,2,0,0,2,2
120,-1187.891,-6670.350,166.163,-133.855,-0.691553,0.720831,-0.046452,-0.721273,-0.692586,-0.009469,-0.038998,0.026957,0.998876,0,0.96365,0.26231,57.819,0.525,-1,400.000,-1,375.000,-1,325.000,300.000,325.000,325.000,-1,-1,-1,-1,800.000,750.000,-1,-1,2,0,2,0,2,0,0,0,0,2,2,2,2,0,0,2,2
121,-1227.690,-6712.522,163.962,-133.342,-0.685130,0.727019,-0.045164,-0.727430,-0.686115,-0.009625,-0.037985,0.026260,0.998933,0,0.96645,0.25662,57.987,0.513,-1,400.000,-1,400.000,-1,325.000,325.000,325.000,325.000,-1,-1,-1,-1,825.000,750.000,-1,-1,2,0,2,0,2,0,0,0,0,2,2,2,2,0,0,2,2
122,-1267.172,-6755.107,161.783,-132.834,-0.678698,0.733076,-0.044371,-0.733469,-0.679653,-0.009769,-0.037318,0.025914,0.998967,0,0.96786,0.25380,58.072,0.508,-1,400.000,-1,400.000,-1,325.000,325.000,325.000,325.000,-1,-1,-1,-1,850.000,775.000,-1,-1,2,0,2,0,2,0,0,0,0,2,2,2,2,0,0,2,2
123,-1306.275,-6798.040,159.691,-132.327,-0.672201,0.739072,-0.043790,-0.739453,-0.673135,-0.009934,-0.036819,0.025703,0.998991,0,0.96786,0.25380,58.072,0.508,-1,400.000,-1,400.000,-1,325.000,325.000,325.000,325.000,-1,-1,-1,-1,875.000,775.000,-1,-1,2,0,2,0,2,0,0,0,0,2,2,2,2,0,0,2,2
124,-1345.199,-6841.543,157.432,-131.820,-0.665601,0.744976,-0.044568,-0.745380,-0.666564,-0.010062,-0.037203,0.026522,0.998956,0,0.97292,0.25315,58.375,0.506,-1,400.000,-1,400.000,-1,325.000,325.000,325.000,325.000,-1,-1,-1,-1,900.000,750.000,-1,-1,2,0,2,0,2,0,0,0,0,2,2,2,2,0,0,2,2
125,-1384.037,-6885.726,155.172,-131.316,-0.658948,0.750786,-0.045906,-0.751229,-0.659963,-0.010229,-0.037976,0.027745,0.998893,0,0.98043,0.25202,58.826,0.504,-1,400.000,-1,400.000,-1,325.000,325.000,325.000,325.000,-1,-1,-1,-1,900.000,750.000,-1,-1,2,0,2,0,2,0,0,0,0,2,2,2,2,0,0,2,2
126,-1422.782,-6930.589,152.963,-130.815,-0.652298,0.756514,-0.046848,-0.756982,-0.653351,-0.010488,-0.038543,0.028622,0.998847,0,0.98796,0.25068,59.277,0.501,-1,400.000,-1,375.000,-1,325.000,325.000,350.000,325.000,-1,-1,-1,-1,900.000,750.000,-1,-1,2,0,2,0,2,0,0,0,0,2,2,2,2,0,0,2,2
127,-1461.427,-6976.131,150.678,-130.317,-0.645693,0.762166,-0.046726,-0.762627,-0.646748,-0.010849,-0.038489,0.028629,0.998849,0,0.99549,0.24912,59.729,0.498,-1,400.000,-1,375.000,-1,325.000,325.000,350.000,325.000,-1,-1,-1,-1,925.000,750.000,-1,-1,2,0,2,0,2,0,0,0,0,2,2,2,2,0,0,2,2
128,-1499.852,-7022.213,148.339,-129.822,-0.639138,0.767739,-0.045603,-0.768160,-0.640159,-0.011284,-0.037856,0.027818,0.998896,0,1.00000,0.24733,60.000,0.495,-1,400.000,-1,375.000,-1,325.000,325.000,350.000,325.000,-1,-1,-1,-1,950.000,750.000,-1,-1,2,0,2,0,2,0,0,0,0,2,2,2,2,0,1,2,2
129,-1537.880,-7068.623,146.145,-129.332,-0.632589,0.773210,-0.044464,-0.773591,-0.633577,-0.011752,-0.037258,0.026963,0.998942,0,1.00000,0.24528,60.000,0.491,-1,425.000,-1,375.000,-1,325.000,325.000,350.000,325.000,-1,-1,-1,-1,1000.000,750.000,-1,-1,2,0,2,0,2,0,0,0,0,2,2,2,2,0,1,2,2
130,-1575.514,-7115.353,144.097,-128.846,-0.626056,0.778575,-0.043311,-0.778914,-0.627011,-0.012253,-0.036696,0.026065,0.998986,0,1.00000,0.24299,60.000,0.486,-1,425.000,-1,375.000,-1,325.000,325.000,325.000,325.000,-1,-1,-1,-1,-1,725.000,-1,-1,2,0,2,0,2,0,0,0,0,2,2,2,2,2,1,2,2
131,-1612.754,-7162.397,141.635,-128.365,-0.619536,0.783871,-0.041482,-0.784047,-0.620504,-0.015646,-0.038004,0.022830,0.999017,0,1.00000,0.24042,60.000,0.481,-1,425.000,-1,375.000,-1,325.000,325.000,325.000,325.000,-1,-1,-1,-1,-1,725.000,-1,-1,2,0,2,0,2,0,0,0,0,2,2,2,2,2,1,2,2
132,-1646.833,-7205.821,139.405,-128.124,-0.616278,0.786529,-0.039676,-0.786537,-0.617248,-0.019107,-0.039518,0.019431,0.999030,0,0.92000,0.12042,55.200,0.241,-1,425.000,-1,375.000,-1,325.000,325.000,325.000,325.000,-1,-1,-1,-1,-1,700.000,-1,950.000,2,0,2,0,2,0,0,0,0,2,2,2,2,2,1,2,1
133,-1680.137,-7248.258,137.027,-128.123,-0.616315,0.786588,-0.037883,-0.786420,-0.617276,-0.022677,-0.041221,0.015816,0.999025,0,0.89907,0.00042,53.944,0.001,-1,425.000,-1,400.000,-1,325.000,325.000,325.000,325.000,-1,-1,-1,-1,-1,675.000,-1,900.000,2,0,2,0,2,0,0,0,0,2,2,2,2,2,1,2,1
134,-1713.857,-7290.859,134.678,-128.362,-0.619649,0.784047,-0.036133,-0.783693,-0.620587,-0.026395,-0.043118,0.011961,0.998998,0,0.90552,-0.11958,54.331,-0.239,-1,425.000,-1,400.000,-1,325.000,325.000,325.000,325.000,-1,-1,-1,-1,-1,650.000,-1,850.000,2,0,2,0,2,0,0,0,0,2,2,2,2,2,1,2,1
135,-1748.177,-7333.483,132.018,-128.841,-0.626237,0.778851,-0.034905,-0.778388,-0.627139,-0.028445,-0.044045,0.009357,0.998986,0,0.91206,-0.23958,54.723,-0.479,-1,425.000,-1,400.000,975.000,325.000,325.000,325.000,325.000,-1,-1,-1,-1,-1,625.000,-1,800.000,2,0,2,1,1,0,0,0,0,2,2,2,2,2,1,2,1
136,-1783.285,-7375.980,129.424,-129.561,-0.636014,0.770935,-0.033851,-0.770359,-0.636879,-0.030526,-0.045093,0.006662,0.998961,0,0.91872,-0.35958,55.123,-0.719,-1,425.000,-1,375.000,925.000,325.000,325.000,325.000,350.000,-1,-1,-1,-1,-1,575.000,-1,725.000,2,0,2,1,1,0,0,0,0,2,2,2,2,2,1,2,1
137,-1819.365,-7418.194,126.895,-130.520,-0.648877,0.760177,-0.033026,-0.759487,-0.649705,-0.032611,-0.046248,0.003923,0.998922,0,0.92553,-0.47958,55.532,-0.959,-1,425.000,-1,375.000,875.000,325.000,325.000,325.000,350.000,-1,-1,-1,-1,-1,550.000,-1,675.000,2,0,2,1,1,0,0,0,0,2,2,2,2,2,1,2,1
138,-1856.599,-7459.958,124.433,-131.719,-0.664683,0.746418,-0.032492,-0.745614,-0.665476,-0.034666,-0.047497,0.001185,0.998871,0,0.93253,-0.59958,55.952,-1.199,-1,425.000,-1,350.000,825.000,325.000,325.000,325.000,350.000,-1,-1,-1,-1,975.000,525.000,-1,650.000,2,0,2,1,1,0,1,0,0,2,2,2,2,1,1,2,1
139,-1895.167,-7501.089,121.605,-133.158,-0.683149,0.729470,-0.034372,-0.728557,-0.684013,-0.036477,-0.050120,0.000123,0.998743,0,0.93974,-0.71958,56.384,-1.439,-1,425.000,-1,350.000,775.000,325.000,300.000,325.000,350.000,-1,-1,-1,-1,900.000,500.000,-1,575.000,2,0,2,1,1,0,1,0,0,2,2,2,2,1,1,2,1
140,-1937.473,-7543.636,118.559,-134.837,-0.704102,0.709113,-0.037400,-0.708092,-0.705095,-0.038042,-0.053347,-0.000302,0.998576,0,1.00000,-0.83958,60.000,-1.679,-1,400.000,-1,325.000,700.000,325.000,275.000,325.000,350.000,-1,-1,-1,-1,800.000,450.000,-1,525.000,2,0,2,1,1,1,1,0,0,2,2,2,2,1,1,2,1
141,-1981.179,-7584.742,115.777,-136.756,-0.727478,0.685099,-0.037628,-0.683957,-0.728444,-0.039660,-0.054581,-0.003116,0.998504,0,1.00000,-0.95958,60.000,-1.919,-1,375.000,-1,300.000,675.000,300.000,275.000,325.000,350.000,-1,-1,-1,-1,700.000,425.000,-1,475.000,2,1,2,1,1,1,1,0,0,2,2,2,2,1,1,2,1
142,-2026.293,-7624.299,112.984,-138.756,-0.751164,0.659236,-0.034066,-0.657972,-0.751883,-0.041775,-0.053153,-0.008965,0.998546,0,1.00000,-1.00000,60.000,-2.000,-1,350.000,600.000,275.000,625.000,275.000,250.000,325.000,350.000,-1,-1,-1,-1,600.000,400.000,-1,450.000,2,1,1,1,1,1,1,0,0,2,2,2,2,1,1,2,1
143,-2072.760,-7662.257,110.562,-140.756,-0.773988,0.632538,-0.028941,-0.631187,-0.774363,-0.044323,-0.050447,-0.016038,0.998598,0,1.00000,-1.00000,60.000,-2.000,-1,300.000,500.000,275.000,600.000,250.000,225.000,325.000,375.000,-1,-1,-1,-1,500.000,375.000,-1,425.000,2,1,1,1,1,1,1,0,0,2,2,2,2,1,1,2,1
144,-2120.522,-7698.572,108.378,-142.756,-0.795908,0.605021,-0.021881,-0.603651,-0.795827,-0.047586,-0.046204,-0.024666,0.998627,0,1.00000,-1.00000,60.000,-2.000,-1,250.000,450.000,250.000,575.000,225.000,225.000,325.000,400.000,-1,-1,-1,-1,425.000,350.000,-1,425.000,2,1,1,1,1,1,1,0,0,2,2,2,2,1,1,2,1
145,-2169.522,-7733.198,106.585,-144.756,-0.816822,0.576721,-0.013990,-0.575424,-0.816233,-0.051481,-0.041110,-0.034001,0.998576,0,1.00000,-1.00000,60.000,-2.000,-1,225.000,400.000,225.000,550.000,200.000,200.000,325.000,425.000,-1,125.000,-1,-1,325.000,325.000,-1,400.000,2,1,1,1,1,1,1,0,0,2,0,2,2,1,1,2,1
146,-2219.704,-7766.086,108.718,-146.756,-0.836492,0.547966,-0.003722,-0.547470,-0.835990,-0.037385,-0.023597,-0.029235,0.999294,0,1.00000,-1.00000,60.000,-2.000,-1,225.000,400.000,225.000,550.000,175.000,200.000,350.000,425.000,-1,125.000,250.000,-1,350.000,325.000,-1,425.000,2,1,1,1,1,1,1,0,0,2,0,0,2,1,1,2,1
147,-2271.004,-7797.202,112.896,-148.756,-0.854968,0.518596,0.009444,-0.518681,-0.854833,-0.015160,0.000211,-0.017859,0.999840,0,1.00000,-1.00000,60.000,-2.000,-1,200.000,400.000,250.000,550.000,175.000,200.000,425.000,425.000,-1,125.000,75.000,-1,475.000,325.000,-1,425.000,2,1,1,1,1,1,1,0,0,2,0,0,2,1,1,2,1
148,-2323.359,-7826.513,116.499,-150.756,-0.872235,0.488498,0.024000,-0.488605,-0.872504,0.001581,0.021713,-0.010347,0.999711,0,1.00000,-1.00000,60.000,-2.000,-1,200.000,400.000,250.000,575.000,175.000,200.000,500.000,450.000,-1,125.000,75.000,-1,-1,350.000,-1,450.000,2,1,1,1,1,1,1,0,0,2,0,0,2,2,1,2,1
149,-3607.430,1639.719,389.178,-103.925,-0.266233,0.959953,0.087242,-0.939229,-0.238001,-0.247395,-0.216724,-0.147805,0.964979,1,0.00000,0.00000,60.000,-1.975,300.000,350.000,-1,250.000,225.000,275.000,250.000,275.000,325.000,425.000,125.000,150.000,-1,500.000,325.000,350.000,225.000,0,0,2,1,1,1,1,0,1,1,1,1,2,0,1,0,1
150,2292.117,-4916.368,267.680,139.409,-0.759249,-0.650638,0.014558,0.650347,-0.759364,-0.020350,0.024295,-0.005983,0.999687,1,0.08000,-0.12000,4.800,-0.240,-1,400.000,-1,400.000,-1,325.000,325.000,325.000,325.000,-1,-1,-1,-1,775.000,800.000,-1,-1,2,0,2,0,2,0,0,0,0,2,2,2,2,0,0,2,2
151,2284.859,-4910.085,267.888,139.117,-0.755926,-0.654500,0.014328,0.654215,-0.756039,-0.020190,0.024047,-0.005889,0.999693,0,0.16000,-0.14600,9.600,-0.292,-1,400.000,-1,400.000,-1,325.000,325.000,325.000,325.000,-1,-1,-1,-1,775.000,800.000,-1,-1,2,0,2,0,2,0,0,0,0,2,2,2,2,0,0,2,2
152,2274.020,-4900.604,268.213,138.825,-0.752577,-0.658355,0.013988,0.658079,-0.752685,-0.019940,0.023656,-0.005801,0.999703,0,0.24000,-0.14640,14.400,-0.293,-1,400.000,-1,400.000,-1,325.000,325.000,325.000,325.000,-1,-1,-1,-1,775.000,800.000,-1,-1,2,0,2,0,2,0,0,0,0,2,2,2,2,0,0,2,2
153,2259.634,-4887.889,268.634,138.531,-0.749194,-0.662210,0.013653,0.661945,-0.749297,-0.019574,0.023192,-0.005627,0.999715,0,0.32000,-0.14702,19.200,-0.294,-1,400.000,-1,400.000,-1,325.000,325.000,300.000,325.000,-1,-1,-1,-1,775.000,800.000,-1,-1,2,0,2,0,2,0,0,0,0,2,2,2,2,0,0,2,2
154,2241.732,-4871.904,269.096,138.235,-0.745765,-0.666071,0.013591,0.665819,-0.745871,-0.019043,0.022822,-0.005153,0.999726,0,0.40000,-0.14789,24.000,-0.296,-1,400.000,-1,400.000,-1,325.000,325.000,300.000,325.000,-1,-1,-1,-1,775.000,800.000,-1,-1,2,0,2,0,2,0,0,0,0,2,2,2,2,0,0,2,2
155,2220.351,-4852.609,269.671,137.937,-0.742287,-0.669945,0.013560,0.669709,-0.742397,-0.018329,0.022346,-0.004524,0.999740,0,0.48000,-0.14905,28.800,-0.298,-1,400.000,-1,400.000,-1,325.000,325.000,300.000,325.000,-1,-1,-1,-1,775.000,775.000,-1,-1,2,0,2,0,2,0,0,0,0,2,2,2,2,0,0,2,2
156,2195.525,-4829.968,270.351,137.636,-0.738754,-0.673839,0.013567,0.673622,-0.738869,-0.017487,0.021808,-0.003780,0.999755,0,0.56000,-0.15055,33.600,-0.301,-1,400.000,-1,400.000,-1,325.000,325.000,300.000,325.000,-1,-1,-1,-1,775.000,775.000,-1,-1,2,0,2,0,2,0,0,0,0,2,2,2,2,0,0,2,2
157,2167.290,-4803.942,271.133,137.331,-0.735155,-0.677762,0.013623,0.677567,-0.735275,-0.016545,0.021230,-0.002933,0.999770,0,0.64000,-0.15242,38.400,-0.305,-1,400.000,-1,400.000,-1,325.000,325.000,300.000,325.000,-1,-1,-1,-1,750.000,775.000,-1,-1,2,0,2,0,2,0,0,0,0,2,2,2,2,0,0,2,2
158,2135.685,-4774.491,272.020,137.021,-0.731480,-0.681725,0.013741,0.681551,-0.731606,-0.015512,0.020628,-0.001982,0.999785,0,0.72000,-0.15471,43.200,-0.309,-1,400.000,-1,400.000,-1,325.000,325.000,300.000,325.000,-1,-1,-1,-1,750.000,775.000,-1,-1,2,0,2,0,2,0,0,0,0,2,2,2,2,0,0,2,2
159,2100.748,-4741.576,273.014,136.706,-0.727716,-0.685737,0.013936,0.685587,-0.727848,-0.014400,0.020017,-0.000925,0.999799,0,0.80000,-0.15749,48.000,-0.315,-1,400.000,-1,400.000,-1,325.000,325.000,300.000,325.000,-1,-1,-1,-1,750.000,750.000,-1,-1,2,0,2,0,2,0,0,0,0,2,2,2,2,0,0,2,2
160,2062.522,-4705.154,274.118,136.385,-0.723849,-0.689812,0.014223,0.689686,-0.723988,-0.013221,0.019417,0.000240,0.999811,0,0.88000,-0.16080,52.800,-0.322,-1,400.000,-1,400.000,-1,325.000,325.000,300.000,325.000,-1,-1,-1,-1,750.000,750.000,-1,-1,2,0,2,0,2,0,0,0,0,2,2,2,2,0,0,2,2
161,2023.577,-4667.618,275.170,136.055,-0.719872,-0.693963,0.014115,0.693858,-0.720010,-0.012125,0.018577,0.001065,0.999827,0,0.90147,-0.16472,54.088,-0.329,-1,400.000,-1,400.000,-1,325.000,325.000,300.000,325.000,-1,-1,-1,-1,725.000,725.000,-1,-1,2,0,2,0,2,0,0,0,0,2,2,2,2,0,0,2,2
162,1984.887,-4629.885,276.242,135.717,-0.715765,-0.698198,0.014144,0.698113,-0.715902,-0.011060,0.017848,0.001958,0.999839,0,0.90073,-0.16900,54.044,-0.338,-1,400.000,-1,400.000,-1,325.000,325.000,300.000,325.000,-1,-1,-1,-1,725.000,725.000,-1,-1,2,0,2,0,2,0,0,0,0,2,2,2,2,0,0,2,2
163,1946.440,-4591.932,277.348,135.370,-0.711520,-0.702520,0.014321,0.702454,-0.711658,-0.010069,0.017265,0.002896,0.999847,0,0.90041,-0.17354,54.025,-0.347,-1,375.000,-1,375.000,-1,325.000,325.000,300.000,325.000,1000.000,-1,-1,-1,725.000,700.000,-1,-1,2,0,2,0,2,0,0,0,0,1,2,2,2,0,0,2,2
164,1908.225,-4553.735,278.487,135.014,-0.707128,-0.706934,0.014646,0.706885,-0.707269,-0.009155,0.016831,0.003879,0.999851,0,0.90053,-0.17832,54.032,-0.357,-1,375.000,-1,375.000,-1,325.000,300.000,300.000,325.000,975.000,-1,-1,-1,700.000,700.000,-1,-1,2,0,2,0,2,0,0,0,0,1,2,2,2,0,0,2,2
165,1873.769,-4518.570,279.557,134.417,-0.699721,-0.714257,0.015077,0.714225,-0.699866,-0.008377,0.016535,0.004907,0.999851,0,0.82053,-0.29832,49.232,-0.597,-1,375.000,-1,375.000,-1,300.000,300.000,325.000,325.000,1000.000,-1,-1,-1,700.000,700.000,-1,-1,2,0,2,0,2,0,0,0,0,1,2,2,2,0,0,2,2
166,1841.412,-4484.569,280.493,133.580,-0.689208,-0.724398,0.015516,0.724372,-0.689360,-0.008280,0.016694,0.005532,0.999845,0,0.78229,-0.41832,46.937,-0.837,-1,375.000,-1,375.000,-1,300.000,300.000,325.000,325.000,1000.000,-1,-1,-1,700.000,675.000,-1,-1,2,0,2,0,2,0,0,0,0,1,2,2,2,0,0,2,2
167,1809.667,-4449.930,281.355,132.504,-0.675462,-0.737222,0.015965,0.737192,-0.675626,-0.008783,0.017261,0.005837,0.999834,0,0.78308,-0.53832,46.985,-1.077,-1,375.000,-1,375.000,-1,300.000,300.000,325.000,325.000,1000.000,-1,-1,-1,675.000,675.000,-1,-1,2,0,2,0,2,0,0,0,0,1,2,2,2,0,0,2,2
168,1778.685,-4414.524,282.258,131.187,-0.658329,-0.752549,0.016504,0.752518,-0.658506,-0.009281,0.017852,0.006310,0.999821,0,0.78412,-0.65832,47.047,-1.317,-1,375.000,-1,375.000,-1,300.000,300.000,325.000,325.000,1000.000,-1,-1,-1,675.000,675.000,-1,-1,2,0,2,0,2,0,0,0,0,1,2,2,2,0,0,2,2
169,1748.625,-4378.227,283.199,129.630,-0.637625,-0.770157,0.017137,0.770126,-0.637817,-0.009775,0.018459,0.006965,0.999805,0,0.78548,-0.77832,47.129,-1.557,-1,375.000,-1,375.000,-1,300.000,300.000,325.000,325.000,-1,-1,-1,-1,675.000,650.000,-1,-1,2,0,2,0,2,0,0,0,0,2,2,2,2,0,0,2,2
170,1719.654,-4340.922,284.208,127.834,-0.613139,-0.789769,0.018035,0.789742,-0.613353,-0.010270,0.019173,0.007946,0.999785,0,0.78721,-0.89832,47.233,-1.797,-1,375.000,-1,375.000,-1,300.000,300.000,325.000,325.000,-1,-1,-1,-1,650.000,650.000,-1,-1,2,0,2,0,2,0,0,0,0,2,2,2,2,0,0,2,2
171,1691.859,-4302.573,285.347,125.933,-0.586567,-0.809665,0.019534,0.809648,-0.586816,-0.010811,0.020216,0.009474,0.999751,0,0.78937,-0.95024,47.362,-1.900,-1,375.000,-1,375.000,-1,300.000,300.000,325.000,325.000,-1,-1,-1,-1,650.000,650.000,-1,-1,2,0,2,0,2,0,0,0,0,2,2,2,2,0,0,2,2
172,1663.161,-4259.939,286.566,123.945,-0.558074,-0.829520,0.021215,0.829510,-0.558368,-0.011766,0.021606,0.011031,0.999706,0,0.85655,-0.99395,51.393,-1.988,-1,375.000,-1,375.000,-1,300.000,300.000,325.000,325.000,-1,-1,-1,-1,650.000,625.000,975.000,-1,2,0,2,0,2,0,0,0,0,2,2,2,2,0,0,1,2
173,1635.758,-4216.022,287.798,121.963,-0.528983,-0.848322,0.022960,0.848316,-0.529331,-0.012999,0.023181,0.012601,0.999652,0,0.86276,-0.99111,51.765,-1.982,-1,375.000,-1,375.000,-1,300.000,300.000,325.000,325.000,-1,-1,-1,-1,650.000,625.000,875.000,-1,2,0,2,0,2,0,0,0,0,2,2,2,2,1,0,1,2
174,1609.704,-4170.874,289.096,119.988,-0.499353,-0.866042,0.024845,0.866046,-0.499763,-0.014219,0.024731,0.014417,0.999590,0,0.86876,-0.98768,52.126,-1.975,-1,375.000,-1,375.000,-1,300.000,300.000,325.000,325.000,-1,-1,-1,-1,600.000,625.000,775.000,-1,2,0,2,0,2,0,0,0,0,2,2,2,2,1,0,1,2
175,1585.053,-4124.555,290.455,118.020,-0.469244,-0.882660,0.026859,0.882679,-0.469723,-0.015435,0.026240,0.016465,0.999520,0,0.87451,-0.98363,52.471,-1.967,875.000,350.000,-1,375.000,-1,300.000,300.000,325.000,325.000,-1,-1,-1,-1,600.000,625.000,700.000,-1,1,0,2,0,2,0,0,0,0,2,2,2,2,1,0,1,2
176,1561.857,-4077.128,291.870,116.063,-0.438718,-0.898157,0.028983,0.898198,-0.439276,-0.016666,0.027700,0.018720,0.999441,0,0.87992,-0.97895,52.795,-1.958,750.000,350.000,-1,350.000,-1,300.000,300.000,325.000,300.000,-1,-1,625.000,-1,575.000,625.000,650.000,-1,1,0,2,0,2,0,0,0,0,2,2,0,2,1,0,1,2
177,1540.162,-4028.666,293.364,114.115,-0.407840,-0.912523,0.031125,0.912587,-0.408485,-0.018042,0.029178,0.021046,0.999353,0,0.88494,-0.97361,53.096,-1.947,650.000,350.000,-1,350.000,-1,300.000,300.000,325.000,300.000,-1,-1,575.000,-1,575.000,625.000,575.000,-1,1,0,2,0,2,0,0,0,0,2,2,0,2,1,0,1,2
178,1520.014,-3979.246,295.135,112.180,-0.376680,-0.925764,0.032769,0.925816,-0.377424,-0.020391,0.031245,0.022657,0.999255,0,0.88948,-0.96759,53.369,-1.935,575.000,350.000,-1,350.000,-1,300.000,300.000,325.000,325.000,-1,600.000,525.000,-1,550.000,625.000,525.000,-1,1,0,2,0,2,0,0,0,0,2,0,0,2,1,0,1,2
179,1501.451,-3928.955,297.201,110.258,-0.345308,-0.937883,0.033731,0.937874,-0.346160,-0.023773,0.033972,0.023427,0.999148,0,0.89345,-0.96088,53.607,-1.922,500.000,350.000,-1,350.000,-1,300.000,300.000,325.000,325.000,-1,550.000,475.000,-1,550.000,625.000,500.000,-1,1,0,2,0,2,0,0,0,0,2,0,0,2,1,0,1,2
180,1484.510,-3877.884,299.288,108.351,-0.313791,-0.948862,0.034573,0.948788,-0.314752,-0.027066,0.036564,0.024310,0.999036,0,0.89678,-0.95346,53.807,-1.907,450.000,350.000,-1,350.000,-1,300.000,300.000,325.000,325.000,-1,500.000,425.000,-1,575.000,650.000,475.000,-1,1,0,2,0,2,0,0,0,0,2,0,0,2,1,0,1,2
181,1469.218,-3826.134,301.652,106.461,-0.282156,-0.958680,0.036336,0.958575,-0.283261,-0.029968,0.039022,0.026375,0.998890,0,0.89937,-0.94534,53.962,-1.891,400.000,350.000,-1,375.000,-1,300.000,300.000,325.000,325.000,-1,475.000,400.000,-1,575.000,650.000,450.000,-1,1,0,2,0,2,0,0,0,0,2,0,0,2,1,0,1,2
182,1455.599,-3773.810,304.417,104.588,-0.250395,-0.967322,0.039882,0.967212,-0.251749,-0.033526,0.042471,0.030180,0.998642,0,0.90112,-0.93650,54.067,-1.873,375.000,350.000,-1,375.000,-1,300.000,300.000,325.000,325.000,-1,475.000,375.000,-1,575.000,650.000,425.000,-1,1,0,2,0,2,0,0,0,0,2,0,0,2,1,0,1,2
183,1443.016,-3718.141,307.333,102.734,-0.218657,-0.974833,0.043471,0.974721,-0.220294,-0.037268,0.045906,0.034224,0.998359,0,0.95121,-0.92697,57.073,-1.854,350.000,350.000,-1,375.000,-1,300.000,300.000,325.000,325.000,-1,450.000,350.000,-1,600.000,675.000,425.000,-1,1,0,2,0,2,0,0,0,0,2,0,0,2,1,0,1,2
184,1432.221,-3662.102,310.234,100.901,-0.187036,-0.981232,0.046919,0.981126,-0.188975,-0.040983,0.049081,0.038368,0.998058,0,0.95114,-0.91638,57.068,-1.833,325.000,350.000,-1,375.000,-1,300.000,300.000,325.000,325.000,-1,450.000,325.000,-1,600.000,675.000,425.000,-1,1,0,2,0,2,0,0,0,0,2,0,0,2,0,0,1,2
185,1423.213,-3605.824,313.101,99.091,-0.155599,-0.986543,0.050212,0.986451,-0.157858,-0.044663,0.051989,0.042582,0.997739,0,0.94989,-0.90510,56.993,-1.810,325.000,350.000,-1,375.000,-1,300.000,300.000,325.000,325.000,-1,425.000,325.000,-1,625.000,700.000,450.000,-1,1,0,2,0,2,0,0,0,0,2,0,0,2,0,0,1,2
186,1415.983,-3549.441,315.918,97.305,-0.124413,-0.990796,0.053341,0.990726,-0.127004,-0.048296,0.054626,0.046837,0.997408,0,0.94740,-0.89317,56.844,-1.786,325.000,350.000,-1,375.000,-1,300.000,300.000,325.000,300.000,-1,425.000,300.000,-1,625.000,700.000,475.000,-1,1,0,2,0,2,0,0,1,0,2,0,0,2,0,0,1,2
187,1410.510,-3493.087,318.667,95.543,-0.093536,-0.994023,0.056293,0.993983,-0.096470,-0.051870,0.056991,0.051103,0.997066,0,0.94363,-0.88068,56.618,-1.761,325.000,375.000,-1,375.000,-1,300.000,300.000,275.000,300.000,-1,400.000,300.000,-1,650.000,725.000,500.000,-1,1,0,2,0,2,0,0,1,0,2,0,0,2,0,0,1,2
188,1406.767,-3436.897,321.333,93.808,-0.063024,-0.996263,0.059060,0.996262,-0.066307,-0.055375,0.059084,0.055350,0.996717,0,0.93857,-0.86774,56.314,-1.735,350.000,375.000,-1,400.000,-1,300.000,325.000,250.000,300.000,-1,400.000,275.000,-1,650.000,725.000,550.000,-1,1,0,2,0,2,0,0,1,0,2,0,0,2,0,0,1,2
189,1404.714,-3380.999,323.899,92.099,-0.032923,-0.997556,0.061634,0.997600,-0.036558,-0.058798,0.060907,0.059550,0.996365,0,0.93224,-0.85446,55.934,-1.709,375.000,375.000,-1,400.000,-1,300.000,325.000,250.000,300.000,-1,375.000,250.000,-1,650.000,750.000,625.000,-1,1,0,2,0,2,0,0,1,0,2,0,0,2,0,0,1,2
190,1404.307,-3325.516,326.400,90.417,-0.003276,-0.997955,0.063830,0.998033,-0.007259,-0.062271,0.062607,0.063500,0.996016,0,0.92472,-0.84101,55.483,-1.682,400.000,375.000,-1,400.000,-1,300.000,325.000,225.000,300.000,-1,350.000,250.000,-1,675.000,750.000,725.000,-1,1,0,2,0,2,0,0,1,0,2,0,0,2,0,0,1,2
191,1405.493,-3270.560,329.144,88.760,0.025888,-0.997477,0.066105,0.997664,0.021598,-0.064805,0.063213,0.067628,0.995706,0,0.91613,-0.82860,54.968,-1.657,425.000,375.000,-1,400.000,-1,300.000,325.000,225.000,300.000,-1,350.000,250.000,-1,675.000,750.000,850.000,-1,1,0,2,0,2,0,0,1,0,2,0,0,2,0,0,1,2
192,1408.235,-3216.230,332.801,87.107,0.054795,-0.996204,0.067642,0.996552,0.050335,-0.065961,0.062306,0.071023,0.995527,0,0.90665,-0.82606,54.399,-1.652,475.000,375.000,-1,400.000,-1,300.000,325.000,225.000,300.000,-1,425.000,300.000,-1,700.000,750.000,-1,-1,1,0,2,0,2,0,0,1,0,2,0,0,2,0,0,2,2
193,1412.490,-3162.612,336.327,85.459,0.083561,-0.994111,0.068996,0.994623,0.078953,-0.067017,0.061175,0.074225,0.995363,0,0.89642,-0.82420,53.785,-1.648,525.000,375.000,-1,400.000,-1,325.000,325.000,225.000,300.000,-1,500.000,375.000,-1,700.000,750.000,-1,-1,1,0,2,0,2,0,0,1,0,2,0,0,2,0,0,2,2
194,1418.214,-3109.779,339.698,83.813,0.112193,-0.991202,0.070225,0.991880,0.107451,-0.068025,0.059881,0.077287,0.995209,0,0.88568,-0.82301,53.141,-1.646,600.000,375.000,-1,400.000,-1,325.000,325.000,225.000,300.000,-1,575.000,425.000,-1,700.000,750.000,-1,-1,1,0,2,0,2,0,0,1,0,2,0,0,2,0,0,2,2
195,1425.363,-3057.787,342.905,82.168,0.140691,-0.987481,0.071326,0.988328,0.135829,-0.068986,0.058434,0.080199,0.995065,0,0.87468,-0.82250,52.481,-1.645,725.000,375.000,-1,400.000,-1,325.000,325.000,225.000,300.000,-1,650.000,475.000,-1,725.000,750.000,-1,-1,1,0,2,0,2,0,0,1,0,2,0,0,2,0,0,2,2
196,1433.893,-3006.671,345.941,80.523,0.169055,-0.982951,0.072298,0.983966,0.164088,-0.069900,0.056845,0.082956,0.994931,0,0.86368,-0.82264,51.821,-1.645,-1,375.000,-1,400.000,-1,325.000,325.000,250.000,300.000,-1,725.000,525.000,-1,725.000,750.000,-1,-1,2,0,2,0,2,0,0,1,0,2,0,0,2,0,0,2,2
197,1443.764,-2956.456,348.803,78.876,0.197283,-0.977615,0.073139,0.978796,0.192227,-0.070768,0.055124,0.085550,0.994808,0,0.85292,-0.82341,51.175,-1.647,-1,375.000,-1,400.000,-1,325.000,325.000,250.000,300.000,-1,800.000,600.000,-1,725.000,750.000,-1,-1,2,0,2,0,2,0,0,1,0,2,0,0,2,0,0,2,2
198,1454.940,-2907.148,351.485,77.226,0.225372,-0.971470,0.073847,0.972815,0.220242,-0.071589,0.053282,0.087974,0.994697,0,0.84262,-0.82479,50.557,-1.650,-1,400.000,-1,400.000,-1,325.000,325.000,275.000,300.000,-1,900.000,650.000,-1,750.000,750.000,-1,-1,2,0,2,0,2,0,0,1,0,2,0,0,2,0,0,2,2
199,1467.390,-2858.744,353.986,75.573,0.253320,-0.964516,0.074421,0.966020,0.248132,-0.072363,0.051329,0.090223,0.994598,0,0.83296,-0.82673,49.978,-1.653,-1,400.000,-1,400.000,-1,325.000,325.000,275.000,300.000,400.000,-1,725.000,-1,750.000,750.000,-1,-1,2,0,2,0,2,0,0,1,0,1,2,0,2,0,0,2,2
200,1481.089,-2811.232,356.304,73.914,0.281121,-0.956748,0.074858,0.958407,0.275889,-0.073087,0.049274,0.092291,0.994512,0,0.82411,-0.82921,49.446,-1.658,-1,400.000,-1,400.000,-1,325.000,325.000,300.000,300.000,375.000,-1,800.000,-1,750.000,750.000,-1,-1,2,0,2,0,2,0,0,1,0,1,2,0,2,0,0,2,2
201,1496.017,-2764.592,358.435,72.250,0.308767,-0.948164,0.075156,0.949970,0.303508,-0.073761,0.047127,0.094171,0.994440,0,0.81615,-0.83219,48.969,-1.664,-1,400.000,-1,400.000,-1,325.000,325.000,300.000,300.000,350.000,-1,875.000,-1,775.000,750.000,-1,-1,2,0,2,0,2,0,0,0,0,1,2,0,2,0,0,2,2
202,1512.159,-2718.802,360.417,70.579,0.336246,-0.938743,0.075502,0.940709,0.330974,-0.074315,0.044773,0.096014,0.994373,0,0.80917,-0.83564,48.550,-1.671,-1,400.000,-1,400.000,-1,325.000,325.000,300.000,300.000,350.000,-1,975.000,-1,775.000,750.000,-1,-1,2,0,2,0,2,0,0,0,0,1,2,0,2,0,0,2,2
203,1529.507,-2673.838,362.284,68.900,0.363531,-0.928480,0.075962,0.930634,0.358274,-0.074568,0.042020,0.097800,0.994319,0,0.80321,-0.83950,48.193,-1.679,-1,400.000,-1,400.000,-1,325.000,325.000,300.000,300.000,350.000,-1,-1,-1,775.000,750.000,-1,-1,2,0,2,0,2,0,0,0,0,1,2,2,2,0,0,2,2
204,1548.058,-2629.677,363.988,67.212,0.390615,-0.917391,0.076248,0.919724,0.385404,-0.074643,0.039091,0.099284,0.994291,0,0.79829,-0.84377,47.897,-1.688,-1,400.000,-1,400.000,-1,325.000,325.000,300.000,300.000,375.000,-1,-1,-1,775.000,725.000,-1,-1,2,0,2,0,2,0,0,0,0,1,2,2,2,0,0,2,2
205,1567.812,-2586.298,365.530,65.515,0.417498,-0.905455,0.076466,0.907960,0.412344,-0.074707,0.036114,0.100618,0.994269,0,0.79438,-0.84839,47.663,-1.697,-1,400.000,-1,400.000,-1,325.000,325.000,300.000,300.000,375.000,-1,-1,-1,775.000,725.000,-1,-1,2,0,2,0,2,0,0,0,0,1,2,2,2,0,0,2,2
206,1590.202,-2540.764,367.079,63.815,0.444043,-0.892735,0.076483,0.895402,0.438991,-0.074454,0.032892,0.101544,0.994287,0,0.84566,-0.85026,50.739,-1.701,-1,400.000,-1,375.000,-1,325.000,325.000,300.000,275.000,400.000,-1,-1,-1,775.000,725.000,-1,-1,2,0,2,0,2,0,0,0,0,1,2,2,2,0,0,2,2
207,1613.436,-2496.409,368.593,62.354,0.466485,-0.881239,0.076221,0.884030,0.461593,-0.073640,0.029711,0.101733,0.994368,0,0.83452,-0.73026,50.071,-1.461,-1,400.000,-1,375.000,-1,325.000,325.000,300.000,300.000,400.000,-1,-1,-1,750.000,700.000,-1,-1,2,0,2,0,2,0,0,0,0,1,2,2,2,0,0,2,2
208,1637.422,-2452.900,369.996,61.134,0.485003,-0.871218,0.075833,0.874095,0.480266,-0.072826,0.027027,0.101606,0.994458,0,0.82800,-0.61026,49.680,-1.221,-1,400.000,-1,375.000,-1,325.000,325.000,300.000,300.000,425.000,-1,-1,-1,750.000,700.000,-1,-1,2,0,2,0,2,0,0,0,0,1,2,2,2,0,0,2,2
209,1661.987,-2410.090,371.365,60.153,0.499725,-0.862925,0.075066,0.865823,0.495135,-0.072059,0.025013,0.101004,0.994572,0,0.82261,-0.49026,49.356,-0.981,-1,400.000,-1,375.000,-1,325.000,325.000,300.000,300.000,450.000,-1,-1,-1,725.000,675.000,-1,-1,2,0,2,0,2,0,0,0,0,1,2,2,2,0,0,2,2
210,1686.972,-2367.824,372.658,59.413,0.510743,-0.856524,0.074226,0.859413,0.506287,-0.071294,0.023485,0.100204,0.994690,0,0.81830,-0.37026,49.098,-0.741,-1,400.000,-1,375.000,-1,325.000,325.000,300.000,300.000,475.000,-1,-1,-1,725.000,675.000,-1,-1,2,0,2,0,2,0,0,0,0,1,2,2,2,0,0,2,2
211,1712.224,-2325.946,373.960,58.912,0.518155,-0.852129,0.073425,0.854986,0.513787,-0.070863,0.022660,0.099495,0.994780,0,0.81503,-0.25026,48.902,-0.501,-1,375.000,-1,375.000,-1,325.000,300.000,300.000,300.000,500.000,-1,-1,-1,725.000,675.000,-1,-1,2,0,2,0,2,0,0,0,0,1,2,2,2,0,0,2,2
212,1737.592,-2284.301,375.360,58.652,0.522038,-0.849812,0.072774,0.852618,0.517673,-0.071109,0.022756,0.099170,0.994810,0,0.81272,-0.13026,48.763,-0.261,-1,375.000,-1,375.000,-1,325.000,300.000,300.000,300.000,525.000,-1,-1,-1,725.000,675.000,-1,-1,2,0,2,0,2,0,0,0,0,1,2,2,2,0,0,2,2
213,1762.931,-2242.739,376.739,58.631,0.522375,-0.849669,0.072028,0.852397,0.518003,-0.071357,0.023319,0.098671,0.994847,0,0.81128,-0.01026,48.677,-0.021,-1,375.000,-1,375.000,-1,325.000,325.000,300.000,300.000,550.000,-1,-1,-1,725.000,675.000,-1,-1,2,0,2,0,2,0,0,0,0,1,2,2,2,0,0,2,2
214,1788.091,-2201.114,378.116,58.851,0.519166,-0.851702,0.071198,0.854326,0.514779,-0.071621,0.024348,0.098010,0.994888,0,0.81064,0.10974,48.638,0.219,-1,375.000,-1,375.000,-1,325.000,325.000,300.000,300.000,575.000,-1,-1,-1,725.000,650.000,-1,-1,2,0,2,0,2,0,0,0,0,1,2,2,2,0,0,2,2
215,1812.918,-2159.285,379.511,59.310,0.512387,-0.855872,0.070298,0.858366,0.507973,-0.071915,0.025841,0.097190,0.994930,0,0.81070,0.22974,48.642,0.459,-1,375.000,-1,375.000,-1,325.000,325.000,300.000,300.000,600.000,-1,-1,-1,725.000,650.000,-1,-1,2,0,2,0,2,0,0,0,0,1,2,2,2,0,0,2,2
216,1837.252,-2117.123,380.931,60.010,0.501987,-0.862097,0.069269,0.864427,0.497537,-0.072266,0.027837,0.096155,0.994977,0,0.81136,0.34974,48.682,0.699,-1,375.000,-1,375.000,-1,325.000,325.000,300.000,300.000,625.000,-1,-1,-1,725.000,650.000,-1,-1,2,0,2,0,2,0,0,0,0,1,2,2,2,0,0,2,2
217,1860.926,-2074.504,382.419,60.949,0.487885,-0.870236,0.068250,0.872384,0.483389,-0.072674,0.030252,0.094997,0.995018,0,0.81257,0.46974,48.754,0.939,-1,375.000,-1,375.000,-1,325.000,325.000,300.000,300.000,650.000,-1,-1,-1,725.000,650.000,-1,-1,2,0,2,0,2,0,0,0,0,1,2,2,2,0,0,2,2
218,1881.799,-2035.823,383.840,61.649,0.477318,-0.876137,0.067462,0.878136,0.472765,-0.073282,0.032311,0.094219,0.995027,0,0.73257,0.34974,43.954,0.699,-1,375.000,-1,375.000,-1,325.000,325.000,300.000,300.000,675.000,-1,-1,-1,725.000,650.000,-1,-1,2,0,2,0,2,0,0,0,0,1,2,2,2,0,0,2,2
219,1900.115,-2001.217,385.166,62.108,0.470362,-0.879935,0.066880,0.881818,0.465742,-0.074034,0.033996,0.093798,0.995011,0,0.65257,0.22974,39.154,0.459,-1,375.000,-1,375.000,-1,325.000,325.000,300.000,300.000,700.000,-1,-1,-1,725.000,650.000,-1,-1,2,0,2,0,2,0,0,0,0,1,2,2,2,0,0,2,2
220,1916.070,-1970.793,386.343,62.328,0.467055,-0.881731,0.066414,0.883528,0.462377,-0.074740,0.035192,0.093587,0.994989,0,0.57257,0.10974,34.354,0.219,-1,375.000,-1,375.000,-1,325.000,325.000,300.000,300.000,725.000,-1,-1,-1,725.000,650.000,-1,-1,2,0,2,0,2,0,0,0,0,1,2,2,2,0,0,2,2
221,1929.804,-1944.625,387.382,62.307,0.467420,-0.881573,0.065938,0.883304,0.462697,-0.075402,0.035963,0.093488,0.994971,0,0.49257,-0.01026,29.554,-0.021,-1,375.000,-1,375.000,-1,325.000,325.000,300.000,300.000,725.000,-1,-1,-1,725.000,650.000,-1,-1,2,0,2,0,2,0,0,0,0,1,2,2,2,0,0,2,2
222,1941.408,-1922.759,388.368,62.047,0.471461,-0.879488,0.065000,0.881128,0.466716,-0.076088,0.036583,0.093146,0.994980,0,0.41257,-0.13026,24.754,-0.261,-1,375.000,-1,375.000,-1,325.000,325.000,300.000,300.000,750.000,-1,-1,-1,725.000,675.000,-1,-1,2,0,2,0,2,0,0,0,0,1,2,2,2,0,0,2,2
223,1950.916,-1905.215,389.164,61.546,0.479141,-0.875386,0.064210,0.876973,0.474386,-0.076658,0.036645,0.093040,0.994988,0,0.33257,-0.25026,19.954,-0.501,-1,375.000,-1,375.000,-1,325.000,325.000,300.000,300.000,750.000,-1,-1,-1,725.000,675.000,-1,-1,2,0,2,0,2,0,0,0,0,1,2,2,2,0,0,2,2
224,1958.308,-1891.985,389.784,60.805,0.490403,-0.869177,0.063539,0.870748,0.485657,-0.077043,0.036105,0.093109,0.995001,0,0.25257,-0.37026,15.154,-0.741,-1,400.000,-1,375.000,-1,325.000,325.000,300.000,300.000,750.000,-1,-1,-1,725.000,675.000,-1,-1,2,0,2,0,2,0,0,0,0,1,2,2,2,0,0,2,2
225,1963.498,-1883.025,390.228,59.919,0.503763,-0.861541,0.063011,0.863128,0.499041,-0.077252,0.035111,0.093303,0.995018,0,0.17257,-0.44338,10.354,-0.887,-1,400.000,-1,375.000,-1,325.000,325.000,300.000,300.000,750.000,-1,-1,-1,750.000,675.000,-1,-1,2,0,2,0,2,0,0,0,0,1,2,2,2,0,0,2,2
226,1966.356,-1878.262,390.479,59.030,0.517032,-0.853668,0.062685,0.855293,0.512335,-0.077371,0.033934,0.093618,0.995030,0,0.09257,-0.44455,5.554,-0.889,-1,400.000,-1,375.000,-1,325.000,325.000,300.000,300.000,750.000,975.000,-1,-1,750.000,675.000,-1,-1,2,0,2,0,2,0,0,0,0,1,0,2,2,0,0,2,2
227,1966.755,-1877.621,390.551,58.139,0.530187,-0.845568,0.062577,0.847255,0.525516,-0.077408,0.032569,0.094060,0.995034,0,0.01257,-0.44518,0.754,-0.890,-1,400.000,-1,375.000,-1,325.000,325.000,300.000,300.000,750.000,925.000,-1,-1,750.000,675.000,-1,-1,2,0,2,0,2,0,0,0,0,1,0,2,2,0,0,2,2
228,1964.566,-1881.023,390.457,57.249,0.543210,-0.837252,0.062701,0.839024,0.538565,-0.077371,0.031011,0.094636,0.995029,0,-0.06743,-0.44527,-4.046,-0.891,-1,400.000,-1,375.000,-1,325.000,325.000,300.000,300.000,750.000,900.000,-1,-1,750.000,675.000,-1,-1,2,0,2,0,2,0,0,0,0,1,0,2,2,0,0,2,2
229,1959.665,-1888.386,390.210,56.359,0.556079,-0.828733,0.063071,0.830614,0.551461,-0.077269,0.029254,0.095356,0.995013,0,-0.14743,-0.44479,-8.846,-0.890,-1,400.000,-1,375.000,-1,325.000,325.000,300.000,300.000,750.000,900.000,-1,-1,750.000,650.000,-1,-1,2,0,2,0,2,0,0,0,0,1,0,2,2,0,0,2,2
230,1957.386,-1891.729,390.111,55.710,0.565395,-0.822393,0.063227,0.824343,0.560798,-0.077233,0.028059,0.095788,0.995006,0,-0.06743,-0.32479,-4.046,-0.650,-1,400.000,-1,375.000,-1,325.000,325.000,300.000,300.000,750.000,900.000,-1,-1,750.000,650.000,-1,-1,2,0,2,0,2,0,0,0,0,1,0,2,2,0,0,2,2
231,1957.815,-1891.108,390.152,55.300,0.571238,-0.818351,0.063156,0.820326,0.566654,-0.077256,0.027435,0.095940,0.995009,0,0.01257,-0.20479,0.754,-0.410,-1,400.000,-1,375.000,-1,325.000,325.000,300.000,300.000,750.000,875.000,-1,-1,750.000,650.000,-1,-1,2,0,2,0,2,0,0,0,0,1,0,2,2,0,0,2,2
232,1960.991,-1886.552,390.329,55.130,0.573658,-0.816680,0.062855,0.818637,0.569081,-0.077334,0.027387,0.095818,0.995022,0,0.09257,-0.08479,5.554,-0.170,-1,400.000,-1,375.000,-1,325.000,325.000,300.000,300.000,750.000,825.000,-1,-1,750.000,650.000,-1,-1,2,0,2,0,2,0,0,0,0,1,0,2,2,0,0,2,2
233,1966.922,-1878.065,390.648,55.052,0.574787,-0.815927,0.062311,0.817835,0.570214,-0.077471,0.027680,0.095489,0.995046,0,0.17257,-0.03916,10.354,-0.078,-1,400.000,-1,375.000,-1,325.000,325.000,300.000,300.000,750.000,800.000,1000.000,-1,750.000,650.000,-1,-1,2,0,2,0,2,0,0,0,0,1,0,0,2,0,0,2,2
234,1975.621,-1865.656,391.111,54.971,0.575959,-0.815161,0.061517,0.816993,0.571392,-0.077669,0.028163,0.094993,0.995079,0,0.25257,-0.04042,15.154,-0.081,-1,400.000,-1,375.000,-1,325.000,325.000,300.000,300.000,750.000,750.000,950.000,-1,750.000,675.000,-1,-1,2,0,2,0,2,0,0,0,0,1,0,0,2,0,0,2,2
235,1987.099,-1849.334,391.718,54.887,0.577189,-0.814368,0.060474,0.816101,0.572631,-0.077927,0.028832,0.094332,0.995123,0,0.33257,-0.04228,19.954,-0.085,-1,400.000,-1,375.000,-1,325.000,325.000,300.000,300.000,775.000,700.000,900.000,-1,750.000,675.000,-1,-1,2,0,2,0,2,0,0,0,0,1,0,0,2,0,0,2,2
236,2001.370,-1829.107,392.467,54.797,0.578495,-0.813536,0.059184,0.815146,0.573947,-0.078245,0.029686,0.093508,0.995176,0,0.41257,-0.04475,24.754,-0.090,-1,400.000,-1,375.000,-1,325.000,325.000,300.000,300.000,800.000,650.000,825.000,-1,750.000,675.000,-1,-1,2,0,2,0,2,0,0,0,0,1,0,0,2,0,0,2,2
237,2018.448,-1804.987,393.356,54.701,0.579892,-0.812651,0.057649,0.814114,0.575358,-0.078619,0.030722,0.092523,0.995236,0,0.49257,-0.04784,29.554,-0.096,-1,400.000,-1,375.000,-1,325.000,325.000,300.000,300.000,800.000,625.000,775.000,-1,750.000,675.000,-1,-1,2,0,2,0,2,0,0,0,0,1,0,0,2,0,0,2,2
238,2038.350,-1776.985,394.384,54.598,0.581396,-0.811700,0.055870,0.812994,0.576881,-0.079050,0.031935,0.091382,0.995304,0,0.57257,-0.05156,34.354,-0.103,-1,400.000,-1,375.000,-1,325.000,325.000,300.000,300.000,825.000,575.000,725.000,-1,750.000,675.000,-1,-1,2,0,2,0,2,0,0,0,0,1,0,0,2,0,0,2,2
239,2058.738,-1748.419,395.549,54.486,0.583013,-0.810636,0.054447,0.811795,0.578510,-0.079462,0.032916,0.090527,0.995350,0,0.58492,-0.05593,35.095,-0.112,-1,400.000,-1,375.000,-1,325.000,325.000,300.000,300.000,850.000,575.000,700.000,-1,750.000,675.000,-1,-1,2,0,2,0,2,0,0,0,0,1,0,0,2,0,0,2,2
240,2079.272,-1719.774,396.784,54.366,0.584752,-0.809467,0.053185,0.810508,0.580257,-0.079860,0.033783,0.089805,0.995386,0,0.58740,-0.06045,35.244,-0.121,-1,400.000,-1,375.000,-1,325.000,325.000,300.000,300.000,875.000,575.000,700.000,-1,750.000,700.000,-1,-1,2,0,2,0,2,0,0,0,0,1,0,0,2,0,0,2,2
241,2099.963,-1691.050,398.017,54.236,0.586615,-0.808199,0.051942,0.809125,0.582130,-0.080254,0.034624,0.089106,0.995420,0,0.59000,-0.06503,35.400,-0.130,-1,400.000,-1,375.000,-1,325.000,325.000,300.000,300.000,900.000,575.000,700.000,-1,750.000,700.000,-1,-1,2,0,2,0,2,0,0,0,0,1,0,0,2,0,0,2,2
242,2120.818,-1662.244,399.245,54.096,0.588604,-0.806829,0.050719,0.807645,0.584129,-0.080643,0.035438,0.088430,0.995452,0,0.59271,-0.06967,35.563,-0.139,-1,400.000,-1,375.000,-1,325.000,325.000,300.000,300.000,925.000,575.000,700.000,-1,775.000,700.000,-1,-1,2,0,2,0,2,0,0,0,0,1,0,0,2,0,0,2,2
243,2141.848,-1633.356,400.470,53.947,0.590719,-0.805357,0.049516,0.806064,0.586256,-0.081026,0.036226,0.087777,0.995481,0,0.59553,-0.07438,35.732,-0.149,-1,400.000,-1,375.000,-1,325.000,325.000,300.000,300.000,950.000,575.000,700.000,-1,775.000,700.000,-1,-1,2,0,2,0,2,0,0,0,0,1,0,0,2,0,0,2,2
244,2163.742,-1603.454,401.729,53.791,0.592944,-0.803794,0.048295,0.804392,0.588493,-0.081417,0.037021,0.087124,0.995509,0,0.61768,-0.07845,37.061,-0.157,-1,400.000,-1,375.000,-1,325.000,325.000,300.000,300.000,975.000,575.000,700.000,-1,775.000,700.000,-1,-1,2,0,2,0,2,0,0,0,0,1,0,0,2,0,0,2,2
245,2185.709,-1573.626,402.976,53.630,0.595211,-0.802187,0.047103,0.802680,0.590774,-0.081801,0.037792,0.086498,0.995535,0,0.61738,-0.08021,37.043,-0.160,-1,400.000,-1,375.000,-1,325.000,325.000,300.000,300.000,1000.000,575.000,700.000,-1,775.000,700.000,-1,-1,2,0,2,0,2,0,0,0,0,1,0,0,2,0,0,2,2
246,2207.192,-1544.490,404.189,53.598,0.595689,-0.801897,0.045991,0.802281,0.591260,-0.082201,0.038724,0.085864,0.995554,0,0.60334,-0.01620,36.200,-0.032,-1,400.000,-1,375.000,-1,325.000,325.000,300.000,300.000,-1,575.000,675.000,-1,775.000,725.000,-1,-1,2,0,2,0,2,0,0,0,0,2,0,0,2,0,0,2,2
247,2228.695,-1515.373,405.446,53.555,0.596306,-0.801486,0.045163,0.801787,0.591876,-0.082587,0.039461,0.085458,0.995560,0,0.60327,-0.02127,36.196,-0.043,-1,400.000,-1,375.000,-1,325.000,325.000,300.000,300.000,-1,575.000,650.000,-1,800.000,725.000,-1,-1,2,0,2,0,2,0,0,0,0,2,0,0,2,0,0,2,2
248,2250.229,-1486.269,406.704,53.502,0.597069,-0.800961,0.044385,0.801184,0.592638,-0.082968,0.040149,0.085098,0.995563,0,0.60340,-0.02661,36.204,-0.053,-1,400.000,-1,375.000,-1,325.000,325.000,300.000,300.000,-1,575.000,650.000,-1,800.000,725.000,-1,-1,2,0,2,0,2,0,0,0,0,2,0,0,2,0,0,2,2
249,2271.809,-1457.174,407.956,53.438,0.597988,-0.800316,0.043638,0.800466,0.593555,-0.083345,0.040801,0.084770,0.995565,0,0.60374,-0.03221,36.225,-0.064,-1,400.000,-1,375.000,-1,325.000,325.000,300.000,275.000,-1,550.000,625.000,-1,800.000,750.000,-1,-1,2,0,2,0,2,0,0,0,0,2,0,0,2,0,0,2,2
250,2293.447,-1428.080,409.244,53.361,0.599058,-0.799557,0.042874,0.799640,0.594640,-0.083540,0.041300,0.084329,0.995582,0,0.60430,-0.03806,36.258,-0.076,-1,400.000,-1,375.000,-1,325.000,325.000,300.000,275.000,-1,550.000,625.000,-1,800.000,750.000,-1,-1,2,0,2,0,2,0,0,0,0,2,0,0,2,0,0,2,2
251,2315.158,-1398.983,410.727,53.273,0.600244,-0.798719,0.041889,0.798758,0.595932,-0.082768,0.041145,0.083140,0.995688,0,0.60508,-0.04418,36.305,-0.088,-1,400.000,-1,375.000,-1,325.000,325.000,300.000,300.000,-1,575.000,675.000,-1,800.000,750.000,-1,-1,2,0,2,0,2,0,0,0,0,2,0,0,2,0,0,2,2
252,2336.956,-1369.875,412.305,53.172,0.601635,-0.797715,0.041075,0.797703,0.597377,-0.082525,0.041295,0.082415,0.995742,0,0.60608,-0.05055,36.365,-0.101,-1,400.000,-1,375.000,-1,325.000,325.000,300.000,300.000,-1,600.000,700.000,-1,825.000,750.000,-1,-1,2,0,2,0,2,0,0,0,0,2,0,0,2,0,0,2,2
253,2358.858,-1340.751,413.881,53.058,0.603210,-0.796564,0.040303,0.796505,0.599001,-0.082325,0.041436,0.081760,0.995790,0,0.60733,-0.05719,36.440,-0.114,-1,400.000,-1,375.000,-1,325.000,325.000,300.000,300.000,-1,625.000,725.000,-1,825.000,775.000,-1,-1,2,0,2,0,2,0,0,0,0,2,0,0,2,0,0,2,2
254,2380.878,-1311.605,415.437,52.929,0.604972,-0.795264,0.039551,0.795164,0.600814,-0.082080,0.041512,0.081105,0.995841,0,0.60882,-0.06410,36.529,-0.128,-1,400.000,-1,400.000,-1,325.000,325.000,300.000,300.000,-1,650.000,750.000,-1,850.000,775.000,-1,-1,2,0,2,0,2,0,0,0,0,2,0,0,2,0,0,2,2
255,2403.034,-1282.431,416.974,52.787,0.606926,-0.793809,0.038819,0.793673,0.602822,-0.081788,0.041523,0.080449,0.995893,0,0.61056,-0.07127,36.634,-0.143,-1,400.000,-1,400.000,-1,325.000,325.000,300.000,300.000,-1,675.000,775.000,-1,850.000,775.000,-1,-1,2,0,2,0,2,0,0,0,0,2,0,0,2,0,0,2,2
256,2425.343,-1253.223,418.490,52.629,0.609081,-0.792192,0.038107,0.792024,0.605033,-0.081449,0.041467,0.079790,0.995949,0,0.61256,-0.07870,36.754,-0.157,-1,400.000,-1,400.000,-1,325.000,325.000,300.000,300.000,-1,700.000,800.000,-1,875.000,800.000,-1,-1,2,0,2,0,2,0,0,0,0,2,0,0,2,0,0,2,2
257,2447.823,-1223.973,420.007,52.457,0.611435,-0.790411,0.037391,0.790217,0.607455,-0.080962,0.041280,0.079050,0.996016,0,0.61483,-0.08641,36.890,-0.173,-1,400.000,-1,400.000,-1,325.000,325.000,300.000,300.000,-1,725.000,825.000,-1,875.000,800.000,-1,-1,2,0,2,0,2,0,0,0,0,2,0,0,2,0,0,2,2
258,2470.493,-1194.678,421.529,52.268,0.613996,-0.788457,0.036668,0.788246,0.610097,-0.080309,0.040950,0.078213,0.996095,0,0.61737,-0.09439,37.042,-0.189,-1,400.000,-1,400.000,-1,325.000,325.000,300.000,300.000,-1,750.000,875.000,-1,900.000,825.000,-1,-1,2,0,2,0,2,0,0,0,0,2,0,0,2,0,0,2,2
259,2493.371,-1165.330,423.025,52.063,0.616775,-0.786317,0.035970,0.786094,0.612958,-0.079618,0.040557,0.077382,0.996176,0,0.62019,-0.10264,37.212,-0.205,-1,400.000,-1,400.000,-1,325.000,325.000,300.000,300.000,-1,800.000,900.000,-1,900.000,825.000,-1,-1,2,0,2,0,2,0,0,0,0,2,0,0,2,0,0,2,2
260,2516.479,-1135.925,424.496,51.840,0.619778,-0.783983,0.035299,0.783752,0.616044,-0.078887,0.040100,0.076558,0.996258,0,0.62331,-0.11118,37.399,-0.222,-1,400.000,-1,400.000,-1,325.000,325.000,300.000,300.000,-1,825.000,950.000,-1,925.000,825.000,-1,-1,2,0,2,0,2,0,0,0,0,2,0,0,2,0,0,2,2
261,2542.820,-1102.956,426.102,51.378,0.626029,-0.779032,0.034584,0.778811,0.622388,-0.078025,0.039260,0.075780,0.996351,0,0.70331,-0.23118,42.199,-0.462,-1,400.000,-1,400.000,-1,325.000,325.000,300.000,300.000,-1,875.000,1000.000,-1,950.000,850.000,-1,-1,2,0,2,0,2,0,0,0,0,2,0,0,2,0,0,2,2
262,2572.605,-1066.600,427.782,50.675,0.635464,-0.771383,0.033971,0.771198,0.631922,-0.076997,0.037927,0.075127,0.996452,0,0.78331,-0.35118,46.999,-0.702,-1,425.000,-1,400.000,-1,325.000,325.000,300.000,300.000,-1,925.000,-1,-1,950.000,850.000,-1,-1,2,0,2,0,2,0,0,0,0,2,0,2,2,0,0,2,2
263,2604.240,-1029.127,429.387,49.829,0.646712,-0.761992,0.033639,0.761877,0.643266,-0.075839,0.036150,0.074675,0.996552,0,0.81734,-0.42308,49.041,-0.846,-1,425.000,-1,400.000,-1,325.000,325.000,300.000,300.000,-1,975.000,-1,-1,975.000,850.000,-1,-1,2,0,2,0,2,0,0,0,0,2,0,2,2,0,0,2,2
264,2636.425,-992.125,430.886,48.983,0.657817,-0.752436,0.033405,0.752398,0.654472,-0.074594,0.034265,0.074203,0.996654,0,0.81734,-0.42308,49.041,-0.846,-1,425.000,-1,400.000,-1,325.000,325.000,300.000,300.000,-1,-1,-1,-1,1000.000,850.000,-1,-1,2,0,2,0,2,0,0,0,0,2,2,2,2,0,0,2,2
265,2669.154,-955.603,432.279,48.137,0.668779,-0.742716,0.033271,0.742761,0.665537,-0.073265,0.032272,0.073711,0.996757,0,0.81734,-0.42308,49.041,-0.846,-1,425.000,-1,400.000,-1,325.000,325.000,300.000,300.000,-1,-1,-1,-1,1000.000,875.000,-1,-1,2,0,2,0,2,0,0,0,0,2,2,2,2,0,0,2,2
266,2702.418,-919.568,433.554,47.291,0.679594,-0.732837,0.033181,0.732966,0.676460,-0.071855,0.030212,0.073153,0.996863,0,0.81734,-0.42308,49.041,-0.846,-1,425.000,-1,400.000,-1,325.000,325.000,300.000,300.000,-1,-1,-1,-1,-1,875.000,-1,-1,2,0,2,0,2,0,0,0,0,2,2,2,2,2,0,2,2
267,2736.210,-884.027,434.845,46.445,0.690258,-0.722772,0.033826,0.723035,0.687213,-0.070422,0.027653,0.073067,0.996944,0,0.81734,-0.42308,49.041,-0.846,-1,425.000,-1,400.000,-1,325.000,325.000,300.000,300.000,-1,-1,-1,-1,-1,875.000,-1,-1,2,0,2,0,2,0,0,0,0,2,2,2,2,2,0,2,2
268,2770.523,-848.990,436.067,45.599,0.700767,-0.712543,0.034769,0.712957,0.697809,-0.068956,0.024872,0.073111,0.997014,0,0.81734,-0.42308,49.041,-0.846,-1,425.000,-1,400.000,-1,325.000,325.000,300.000,300.000,-1,-1,-1,-1,-1,875.000,-1,-1,2,0,2,0,2,0,0,0,0,2,2,2,2,2,0,2,2
269,2805.351,-814.464,437.162,44.752,0.711120,-0.702163,0.035714,0.702724,0.708259,-0.067438,0.022058,0.073054,0.997084,0,0.81734,-0.42308,49.041,-0.846,-1,425.000,-1,400.000,-1,325.000,325.000,300.000,300.000,-1,-1,-1,-1,-1,850.000,-1,-1,2,0,2,0,2,0,0,0,0,2,2,2,2,2,0,2,2
270,2840.684,-780.455,438.129,43.906,0.721316,-0.691635,0.036662,0.692339,0.718559,-0.065868,0.019213,0.072894,0.997155,0,0.81734,-0.42308,49.041,-0.846,-1,425.000,-1,400.000,-1,350.000,325.000,300.000,300.000,-1,-1,-1,-1,-1,850.000,-1,-1,2,0,2,0,2,0,0,0,0,2,2,2,2,2,0,2,2
271,2876.516,-746.972,438.968,43.060,0.731353,-0.680961,0.037613,0.681804,0.728709,-0.064241,0.016337,0.072628,0.997225,0,0.81734,-0.42308,49.041,-0.846,-1,450.000,-1,400.000,-1,350.000,325.000,300.000,300.000,-1,-1,-1,-1,-1,850.000,-1,-1,2,0,2,0,2,0,0,0,0,2,2,2,2,2,0,2,2
272,2912.839,-714.023,439.448,42.214,0.741191,-0.670189,0.038497,0.671174,0.738756,-0.061359,0.012682,0.071317,0.997373,0,0.81734,-0.42308,49.041,-0.846,-1,450.000,-1,400.000,-1,350.000,325.000,300.000,300.000,-1,-1,-1,-1,-1,850.000,-1,-1,2,0,2,0,2,0,0,0,0,2,2,2,2,2,0,2,2
273,2949.645,-681.614,439.807,41.368,0.750870,-0.659272,0.039424,0.660388,0.748646,-0.058452,0.009021,0.069925,0.997511,0,0.81734,-0.42308,49.041,-0.846,-1,450.000,-1,400.000,-1,350.000,325.000,300.000,300.000,-1,-1,-1,-1,-1,850.000,-1,-1,2,0,2,0,2,0,0,0,0,2,2,2,2,2,0,2,2
274,2986.925,-649.752,440.039,40.522,0.760388,-0.648212,0.040393,0.649447,0.758379,-0.055490,0.005336,0.068427,0.997642,0,0.81734,-0.42308,49.041,-0.846,-1,450.000,-1,400.000,-1,350.000,325.000,300.000,300.000,-1,-1,-1,-1,-1,825.000,-1,-1,2,0,2,0,2,0,0,0,0,2,2,2,2,2,0,2,2
275,3024.672,-618.444,440.144,39.675,0.769742,-0.637011,0.041405,0.638353,0.767953,-0.052476,0.001630,0.066824,0.997763,0,0.81734,-0.42308,49.041,-0.846,-1,450.000,-1,400.000,-1,350.000,325.000,300.000,300.000,-1,-1,-1,-1,-1,825.000,-1,-1,2,0,2,0,2,0,0,0,0,2,2,2,2,2,0,2,2
276,3062.877,-587.696,440.127,38.829,0.778930,-0.625672,0.042461,0.627108,0.777365,-0.049393,-0.002104,0.065101,0.997876,0,0.81734,-0.42308,49.041,-0.846,-1,450.000,-1,400.000,-1,350.000,325.000,300.000,300.000,-1,-1,-1,-1,-1,825.000,-1,-1,2,0,2,0,2,0,0,0,0,2,2,2,2,2,0,2,2
277,3101.532,-557.516,439.899,37.983,0.787960,-0.614184,0.043557,0.615701,0.786597,-0.046667,-0.005600,0.063590,0.997960,0,0.81734,-0.42308,49.041,-0.846,-1,450.000,-1,400.000,-1,350.000,325.000,300.000,300.000,-1,-1,-1,-1,-1,800.000,-1,-1,2,0,2,0,2,0,0,0,0,2,2,2,2,2,0,2,2
278,3140.628,-527.911,439.538,37.137,0.796821,-0.602561,0.044686,0.604147,0.795660,-0.043942,-0.009077,0.062010,0.998034,0,0.81734,-0.42308,49.041,-0.846,-1,450.000,-1,400.000,-1,350.000,325.000,300.000,300.000,-1,-1,-1,-1,1000.000,800.000,-1,-1,2,0,2,0,2,0,0,0,0,2,2,2,2,0,0,2,2
279,3183.649,-496.180,438.999,36.413,0.804241,-0.592526,0.045927,0.594170,0.803296,-0.040959,-0.012624,0.060230,0.998105,0,0.89094,-0.36190,53.457,-0.724,-1,425.000,-1,400.000,-1,350.000,325.000,300.000,300.000,-1,-1,-1,-1,1000.000,775.000,-1,-1,2,0,2,0,2,0,0,0,0,2,2,2,2,0,0,2,2
280,3227.147,-464.929,438.346,35.697,0.811461,-0.582510,0.047057,0.584187,0.810732,-0.037933,-0.016054,0.058272,0.998172,0,0.89266,-0.35801,53.560,-0.716,-1,425.000,-1,400.000,-1,350.000,325.000,300.000,300.000,-1,-1,-1,-1,975.000,775.000,-1,-1,2,0,2,0,2,0,0,0,0,2,2,2,2,0,0,2,2
281,3271.097,-434.170,437.582,34.989,0.818484,-0.572515,0.048067,0.574203,0.817971,-0.034858,-0.019361,0.056131,0.998236,0,0.89407,-0.35409,53.644,-0.708,-1,425.000,-1,400.000,-1,325.000,325.000,300.000,300.000,-1,-1,-1,-1,950.000,750.000,-1,-1,2,0,2,0,2,0,0,0,0,2,2,2,2,0,0,2,2
282,3315.473,-403.913,436.691,34.289,0.825311,-0.562545,0.049035,0.564226,0.825010,-0.031755,-0.022591,0.053875,0.998292,0,0.89516,-0.35016,53.710,-0.700,-1,425.000,-1,400.000,-1,325.000,325.000,300.000,300.000,-1,-1,-1,-1,925.000,750.000,-1,-1,2,0,2,0,2,0,0,0,0,2,2,2,2,0,0,2,2
283,3360.522,-373.999,435.655,33.588,0.832026,-0.552488,0.049901,0.554141,0.831932,-0.028585,-0.025721,0.051436,0.998345,0,0.90127,-0.35022,54.076,-0.700,-1,425.000,-1,375.000,-1,325.000,325.000,300.000,300.000,-1,-1,-1,-1,900.000,725.000,-1,-1,2,0,2,0,2,0,0,0,0,2,2,2,2,0,0,2,2
284,3406.060,-344.545,434.255,32.897,0.838587,-0.542507,0.049574,0.544046,0.838683,-0.024993,-0.028018,0.047929,0.998458,0,0.90388,-0.34559,54.233,-0.691,-1,425.000,-1,375.000,-1,325.000,325.000,300.000,300.000,-1,-1,-1,-1,900.000,725.000,-1,-1,2,0,2,0,2,0,0,0,0,2,2,2,2,0,0,2,2
285,3452.059,-315.563,432.730,32.216,0.844947,-0.532582,0.049214,0.533996,0.845218,-0.021337,-0.030233,0.044309,0.998560,0,0.90613,-0.34077,54.368,-0.682,-1,425.000,-1,375.000,-1,325.000,325.000,300.000,300.000,-1,-1,-1,-1,875.000,700.000,-1,-1,2,0,2,0,2,0,0,0,0,2,2,2,2,0,0,2,2
286,3498.490,-287.063,431.217,31.544,0.851116,-0.522706,0.048787,0.524008,0.851513,-0.018457,-0.031896,0.041274,0.998639,0,0.90800,-0.33580,54.480,-0.672,-1,400.000,-1,375.000,-1,325.000,325.000,300.000,300.000,-1,-1,-1,-1,875.000,700.000,-1,-1,2,0,2,0,2,0,0,0,0,2,2,2,2,0,0,2,2
287,3545.323,-259.054,429.575,30.883,0.857064,-0.512881,0.048935,0.514124,0.857554,-0.016646,-0.033428,0.039425,0.998663,0,0.90949,-0.33068,54.570,-0.661,-1,400.000,-1,375.000,-1,325.000,325.000,300.000,300.000,-1,-1,-1,-1,850.000,675.000,-1,-1,2,0,2,0,2,0,0,0,0,2,2,2,2,0,0,2,2
288,3592.529,-231.546,427.844,30.232,0.862816,-0.503142,0.048951,0.504321,0.863388,-0.014904,-0.034765,0.037547,0.998690,0,0.91059,-0.32545,54.635,-0.651,-1,400.000,-1,375.000,-1,325.000,325.000,300.000,300.000,-1,-1,-1,-1,825.000,675.000,-1,-1,2,0,2,0,2,0,0,0,0,2,2,2,2,0,0,2,2
289,3640.075,-204.546,426.025,29.591,0.868375,-0.493498,0.048833,0.494606,0.869016,-0.013228,-0.035909,0.035640,0.998719,0,0.91129,-0.32012,54.677,-0.640,-1,400.000,-1,375.000,1000.000,325.000,325.000,300.000,300.000,-1,-1,-1,-1,800.000,650.000,-1,-1,2,0,2,0,0,0,0,0,0,2,2,2,2,0,0,2,2
290,3687.931,-178.062,424.121,28.962,0.873744,-0.483954,0.048582,0.484987,0.874444,-0.011612,-0.036863,0.033707,0.998752,0,0.91159,-0.31472,54.695,-0.629,-1,400.000,-1,375.000,950.000,325.000,325.000,300.000,300.000,-1,-1,-1,-1,800.000,650.000,-1,-1,2,0,2,0,0,0,0,0,0,2,2,2,2,0,0,2,2
291,3736.065,-152.098,422.134,28.343,0.878927,-0.474516,0.048197,0.475471,0.879674,-0.010052,-0.037628,0.031751,0.998787,0,0.91150,-0.30929,54.690,-0.619,-1,400.000,-1,375.000,925.000,325.000,325.000,300.000,300.000,-1,-1,-1,-1,775.000,625.000,-1,975.000,2,0,2,0,0,0,0,0,0,2,2,2,2,0,0,2,0
292,3784.446,-126.660,420.076,27.736,0.883927,-0.465188,0.047687,0.466060,0.884712,-0.008506,-0.038233,0.029743,0.998826,0,0.91102,-0.30385,54.661,-0.608,-1,400.000,-1,375.000,875.000,325.000,300.000,325.000,300.000,-1,-1,-1,-1,750.000,625.000,-1,925.000,2,0,2,0,0,0,0,0,0,2,2,2,2,0,0,2,0
293,3833.044,-101.750,417.992,27.139,0.888746,-0.455975,0.047094,0.456755,0.889567,-0.006773,-0.038805,0.027530,0.998868,0,0.91017,-0.29845,54.610,-0.597,-1,400.000,-1,350.000,850.000,325.000,300.000,325.000,300.000,-1,-1,-1,-1,750.000,600.000,-1,875.000,2,0,2,0,0,0,0,0,0,2,2,2,2,0,0,2,0
294,3881.831,-77.371,416.098,26.552,0.893446,-0.446879,0.045324,0.447517,0.894264,-0.004509,-0.038517,0.024312,0.998962,0,0.90897,-0.29336,54.538,-0.587,-1,375.000,-1,350.000,825.000,300.000,300.000,325.000,300.000,-1,-1,-1,-1,725.000,600.000,-1,850.000,2,0,2,0,0,0,0,0,0,2,2,2,2,0,0,2,0
295,3930.780,-53.529,414.530,25.971,0.898086,-0.437832,0.041770,0.438262,0.898846,-0.001281,-0.036983,0.019457,0.999126,0,0.90745,-0.29059,54.447,-0.581,-1,375.000,-1,350.000,800.000,300.000,300.000,325.000,325.000,-1,-1,-1,-1,725.000,600.000,-1,825.000,2,0,2,0,0,0,0,0,0,2,2,2,2,0,0,2,0
296,3979.867,-30.227,412.824,25.395,0.902587,-0.428807,0.038235,0.429033,0.903286,0.002500,-0.035609,0.014148,0.999266,0,0.90562,-0.28816,54.337,-0.576,-1,375.000,-1,350.000,800.000,300.000,300.000,300.000,325.000,-1,-1,-1,-1,725.000,625.000,-1,825.000,2,0,2,0,0,0,0,0,0,2,2,2,2,0,0,2,0
297,4029.070,-7.469,411.178,24.822,0.906942,-0.419789,0.035107,0.419845,0.907575,0.006122,-0.034433,0.009187,0.999365,0,0.90352,-0.28608,54.211,-0.572,-1,375.000,-1,350.000,775.000,300.000,300.000,300.000,325.000,-1,-1,-1,-1,700.000,600.000,-1,800.000,2,0,2,0,0,0,0,0,0,2,2,2,2,0,0,2,0
298,4078.368,14.742,409.701,24.254,0.911145,-0.410773,0.032862,0.410698,0.911724,0.009313,-0.033787,0.005011,0.999417,0,0.90119,-0.28435,54.071,-0.569,-1,375.000,-1,350.000,750.000,300.000,300.000,300.000,325.000,-1,-1,-1,-1,700.000,600.000,-1,775.000,2,0,2,0,0,0,0,0,0,2,2,2,2,0,0,2,0
299,4127.745,36.405,408.762,23.688,0.915270,-0.401749,0.029658,0.401671,0.915742,0.008783,-0.030688,0.003874,0.999522,0,0.89866,-0.28299,53.920,-0.566,-1,375.000,-1,350.000,750.000,300.000,300.000,300.000,325.000,-1,600.000,-1,-1,700.000,575.000,-1,750.000,2,0,2,0,0,0,0,0,0,2,0,2,2,0,0,2,0
