timestep,x_cm,y_cm,z_cm,yaw_deg,basis_xx,basis_xy,basis_xz,basis_yx,basis_yy,basis_yz,basis_zx,basis_zy,basis_zz,teleport_flag,throttle_cmd,steering_cmd,cmd_move_cm,cmd_turn_deg,lidar_cm_0,lidar_cm_1,lidar_cm_2,lidar_cm_3,lidar_cm_4,lidar_cm_5,lidar_cm_6,lidar_cm_7,lidar_cm_8,lidar_cm_9,lidar_cm_10,lidar_cm_11,lidar_cm_12,lidar_cm_13,lidar_cm_14,lidar_cm_15,lidar_cm_16,lidar_class_0,lidar_class_1,lidar_class_2,lidar_class_3,lidar_class_4,lidar_class_5,lidar_class_6,lidar_class_7,lidar_class_8,lidar_class_9,lidar_class_10,lidar_class_11,lidar_class_12,lidar_class_13,lidar_class_14,lidar_class_15,lidar_class_16
0,1642.040,8850.811,191.355,-62.840,0.460434,0.887445,0.021022,-0.882813,0.455294,0.115534,0.092959,-0.071754,0.993081,1,0.08000,0.12000,4.800,0.240,-1,350.000,-1,350.000,-1,275.000,300.000,325.000,325.000,-1,200.000,175.000,1000.000,575.000,600.000,-1,925.000,2,0,2,0,2,0,0,0,0,2,0,0,0,0,0,2,0
1,1646.494,8842.307,192.210,-62.360,0.467852,0.883580,0.020033,-0.878840,0.462703,0.116392,0.093572,-0.072060,0.993001,0,0.16000,0.24000,9.600,0.480,-1,350.000,-1,350.000,-1,275.000,300.000,325.000,325.000,-1,200.000,175.000,1000.000,575.000,575.000,-1,925.000,2,0,2,0,2,0,0,0,0,2,0,0,0,0,0,2,0
2,1653.334,8829.635,193.486,-61.640,0.478914,0.877666,0.018533,-0.872761,0.473753,0.117669,0.094494,-0.072528,0.992880,0,0.24000,0.36000,14.400,0.720,-1,350.000,-1,350.000,-1,300.000,300.000,325.000,325.000,-1,200.000,175.000,1000.000,575.000,575.000,-1,900.000,2,0,2,0,2,0,0,0,0,2,0,0,0,1,0,2,0
3,1662.737,8812.895,195.177,-60.680,0.493544,0.869565,0.016501,-0.864437,0.488368,0.119352,0.095726,-0.073169,0.992715,0,0.32000,0.48000,19.200,0.960,-1,350.000,-1,350.000,-1,300.000,300.000,325.000,325.000,-1,200.000,175.000,1000.000,-1,575.000,-1,900.000,2,0,2,0,2,0,0,0,0,2,0,0,0,2,0,2,0
4,1674.925,8792.220,197.273,-59.480,0.511629,0.859094,0.013909,-0.853683,0.506441,0.121422,0.097269,-0.073997,0.992504,0,0.40000,0.60000,24.000,1.200,-1,350.000,-1,350.000,-1,300.000,300.000,325.000,325.000,-1,175.000,175.000,1000.000,-1,575.000,-1,900.000,2,0,2,0,2,0,0,0,0,2,0,0,0,2,0,2,0
5,1690.170,8767.786,199.840,-58.040,0.533053,0.846012,0.010846,-0.840230,0.527818,0.124181,0.099334,-0.075308,0.992200,0,0.48000,0.72000,28.800,1.440,-1,350.000,-1,350.000,-1,300.000,300.000,325.000,325.000,-1,175.000,150.000,1000.000,-1,575.000,-1,900.000,2,0,2,0,2,0,0,0,0,2,0,0,0,2,0,2,0
6,1708.772,8739.805,202.864,-56.386,0.557258,0.830308,0.007241,-0.824060,0.551952,0.127572,0.101927,-0.077058,0.991803,0,0.56000,0.82729,33.600,1.655,-1,350.000,-1,350.000,-1,300.000,300.000,350.000,325.000,-1,175.000,150.000,-1,-1,575.000,-1,900.000,2,0,2,0,2,0,0,0,0,2,0,0,2,2,0,2,0
7,1730.947,8708.455,206.665,-54.731,0.581087,0.813828,0.004739,-0.807167,0.575567,0.131164,0.104017,-0.080042,0.991349,0,0.64000,0.82754,38.400,1.655,-1,350.000,-1,350.000,-1,300.000,300.000,350.000,325.000,-1,175.000,175.000,-1,-1,575.000,-1,925.000,2,0,2,0,2,0,0,0,0,2,0,0,2,2,0,2,0
8,1756.903,8673.922,211.156,-53.075,0.604500,0.796600,0.002886,-0.789542,0.598655,0.135039,0.105845,-0.083910,0.990836,0,0.72000,0.82802,43.200,1.656,-1,350.000,-1,350.000,-1,300.000,300.000,325.000,325.000,-1,175.000,175.000,-1,-1,600.000,-1,975.000,2,0,2,0,2,0,0,0,0,2,0,0,2,2,0,2,0
9,1786.840,8636.402,216.136,-51.417,0.627417,0.778684,0.000681,-0.771160,0.621233,0.139222,0.107987,-0.087875,0.990261,0,0.80000,0.82874,48.000,1.657,-1,-1,-1,350.000,-1,300.000,300.000,325.000,325.000,-1,200.000,200.000,-1,-1,600.000,-1,-1,2,2,2,0,2,0,0,0,0,2,0,0,2,2,0,2,2
10,1820.953,8596.101,221.709,-49.758,0.649844,0.760065,-0.001782,-0.751976,0.643266,0.144016,0.110608,-0.092248,0.989574,0,0.88000,0.82972,52.800,1.659,-1,-1,-1,350.000,-1,300.000,300.000,325.000,325.000,-1,200.000,225.000,-1,-1,600.000,-1,-1,2,2,2,0,2,0,0,0,0,2,0,0,2,2,0,2,2
11,1859.427,8553.234,228.092,-48.096,0.671822,0.740700,-0.004354,-0.731862,0.664689,0.150220,0.114162,-0.097734,0.988643,0,0.96000,0.83096,57.600,1.662,-1,-1,-1,350.000,-1,350.000,300.000,325.000,325.000,-1,225.000,250.000,-1,-1,600.000,-1,-1,2,2,2,0,2,1,0,0,0,2,0,0,2,2,0,2,2
12,1900.790,8509.772,232.927,-46.431,0.693871,0.720096,0.002314,-0.711414,0.685001,0.157047,0.111504,-0.110616,0.987588,0,1.00000,0.83253,60.000,1.665,-1,-1,-1,350.000,-1,675.000,300.000,300.000,325.000,-1,250.000,300.000,-1,-1,975.000,-1,-1,2,2,2,0,2,1,0,0,0,2,0,0,2,2,1,2,2
13,1943.409,8467.545,235.931,-44.762,0.715752,0.698113,0.018386,-0.690824,0.703932,0.165050,0.102281,-0.130837,0.986114,0,1.00000,0.83430,60.000,1.669,-1,-1,-1,325.000,-1,-1,275.000,275.000,350.000,-1,300.000,375.000,-1,-1,-1,-1,-1,2,2,2,0,2,2,1,1,0,2,0,0,2,2,2,2,2
14,1987.249,8426.588,238.507,-43.090,0.736759,0.675133,0.037182,-0.670103,0.721717,0.173451,0.090267,-0.152708,0.984140,0,1.00000,0.83613,60.000,1.672,-1,-1,-1,350.000,-1,-1,550.000,225.000,350.000,-1,375.000,500.000,-1,-1,-1,-1,-1,2,2,2,1,2,2,1,1,0,2,0,0,2,2,2,2,2
15,2032.274,8386.940,240.807,-41.414,0.756636,0.651207,0.058580,-0.649500,0.738292,0.181865,0.075183,-0.175653,0.981577,0,1.00000,0.83807,60.000,1.676,-1,-1,-1,625.000,-1,-1,950.000,200.000,375.000,-1,500.000,700.000,-1,-1,-1,-1,-1,2,2,2,1,2,2,1,1,0,2,0,0,2,2,2,2,2
16,2078.452,8348.643,242.718,-39.733,0.775268,0.626107,0.083357,-0.629001,0.753254,0.192265,0.057589,-0.201489,0.977796,0,1.00000,0.84014,60.000,1.680,-1,-1,-1,750.000,-1,-1,975.000,175.000,375.000,825.000,750.000,-1,-1,-1,-1,-1,-1,2,2,2,1,2,2,1,1,0,0,0,2,2,2,2,2,2
17,2125.746,8311.735,244.089,-38.049,0.792431,0.599885,0.110417,-0.608765,0.766474,0.204749,0.038194,-0.229468,0.972567,0,1.00000,0.84239,60.000,1.685,-1,-1,-1,800.000,-1,-1,950.000,175.000,425.000,700.000,-1,-1,-1,-1,-1,-1,-1,2,2,2,1,2,2,1,1,0,0,2,2,2,2,2,2,2
18,6887.289,-4919.490,138.931,54.633,0.578107,-0.815394,0.030413,0.815216,0.578771,0.021169,-0.034863,0.012555,0.999313,1,0.00000,0.00000,60.000,1.690,900.000,400.000,-1,425.000,-1,325.000,350.000,325.000,325.000,-1,-1,750.000,-1,700.000,-1,-1,-1,0,0,2,0,2,0,0,0,0,2,2,0,2,0,2,2,2
19,6890.051,-4915.565,138.735,54.873,0.574680,-0.817806,0.030580,0.817643,0.575347,0.020886,-0.034675,0.013001,0.999314,0,0.08000,0.12000,4.800,0.240,900.000,400.000,-1,425.000,-1,325.000,350.000,325.000,325.000,-1,-1,725.000,-1,700.000,-1,-1,-1,0,0,2,0,2,0,0,0,0,2,2,0,2,0,2,2,2
20,6895.509,-4907.667,138.343,55.353,0.567797,-0.822588,0.030920,0.822454,0.568469,0.020326,-0.034297,0.013890,0.999315,0,0.16000,0.24000,9.600,0.480,875.000,400.000,-1,425.000,-1,325.000,350.000,325.000,325.000,-1,-1,700.000,-1,700.000,-1,-1,-1,0,0,2,0,2,0,0,0,0,2,2,0,2,0,2,2,2
21,6903.546,-4895.719,137.756,56.073,0.557397,-0.829650,0.031447,0.829561,0.558076,0.019500,-0.033728,0.015217,0.999315,0,0.24000,0.36000,14.400,0.720,875.000,400.000,-1,425.000,-1,325.000,350.000,325.000,325.000,-1,-1,650.000,-1,700.000,-1,-1,-1,0,0,2,0,2,0,0,0,0,2,2,0,2,0,2,2,2
22,6913.993,-4879.610,136.975,57.033,0.543395,-0.838860,0.032178,0.838830,0.544082,0.018428,-0.032967,0.016978,0.999312,0,0.32000,0.48000,19.200,0.960,900.000,375.000,-1,425.000,-1,325.000,350.000,325.000,325.000,-1,-1,600.000,-1,700.000,-1,-1,-1,0,0,2,0,2,0,0,0,0,2,2,0,2,0,2,2,2
23,6926.628,-4859.205,136.000,58.233,0.525680,-0.850037,0.033138,0.850080,0.526374,0.017136,-0.032009,0.019162,0.999304,0,0.40000,0.60000,24.000,1.200,900.000,375.000,-1,425.000,-1,325.000,350.000,325.000,325.000,-1,775.000,550.000,-1,675.000,-1,-1,-1,0,0,2,0,2,0,0,0,0,2,0,0,2,0,2,2,2
24,6941.170,-4834.346,134.836,59.673,0.504119,-0.862951,0.034349,0.863083,0.504820,0.015655,-0.030850,0.021754,0.999287,0,0.48000,0.72000,28.800,1.440,925.000,375.000,-1,425.000,-1,325.000,350.000,325.000,325.000,-1,725.000,500.000,-1,675.000,-1,-1,-1,0,0,2,0,2,0,0,0,0,2,0,0,2,0,2,2,2
25,6957.278,-4804.859,133.487,61.353,0.478568,-0.877319,0.035835,0.877555,0.479270,0.014028,-0.029482,0.024734,0.999259,0,0.56000,0.84000,33.600,1.680,975.000,375.000,-1,450.000,-1,325.000,350.000,325.000,325.000,-1,650.000,425.000,-1,675.000,1000.000,-1,-1,0,0,2,0,2,0,0,0,0,2,0,0,2,0,0,2,2
26,6974.560,-4770.568,131.960,63.251,0.449208,-0.892635,0.037608,0.892992,0.449905,0.012299,-0.027899,0.028059,0.999217,0,0.64000,0.94917,38.400,1.898,-1,375.000,-1,425.000,-1,325.000,350.000,325.000,325.000,-1,600.000,350.000,-1,675.000,1000.000,-1,-1,2,0,2,0,2,0,0,0,0,2,0,0,2,0,0,2,2
27,6992.716,-4731.369,130.373,65.146,0.419392,-0.906917,0.040158,0.907419,0.420094,0.010602,-0.026485,0.031994,0.999137,0,0.72000,0.94744,43.200,1.895,-1,375.000,-1,425.000,-1,325.000,350.000,325.000,300.000,-1,550.000,275.000,-1,650.000,975.000,-1,-1,2,0,2,0,2,0,0,0,0,2,0,0,2,0,0,2,2
28,7010.171,-4690.169,128.896,67.037,0.389148,-0.920143,0.043593,0.920820,0.389877,0.009332,-0.025583,0.036510,0.999006,0,0.74574,0.94555,44.745,1.891,-1,375.000,-1,425.000,-1,325.000,325.000,325.000,300.000,-1,550.000,250.000,-1,650.000,950.000,-1,-1,2,0,2,0,2,0,0,0,0,2,0,0,2,0,0,2,2
29,7026.277,-4648.369,127.602,68.924,0.358559,-0.932300,0.047469,0.933195,0.359291,0.007615,-0.024155,0.041567,0.998844,0,0.74661,0.94364,44.796,1.887,-1,350.000,-1,425.000,-1,300.000,325.000,325.000,300.000,-1,550.000,225.000,-1,625.000,925.000,-1,-1,2,0,2,0,2,0,0,0,0,2,0,0,2,0,0,2,2
30,7041.271,-4605.327,126.601,70.790,0.327977,-0.943241,0.052231,0.944435,0.328663,0.004900,-0.021788,0.047721,0.998623,0,0.75966,0.93267,45.580,1.865,-1,350.000,-1,425.000,-1,300.000,325.000,350.000,300.000,-1,500.000,225.000,-1,625.000,925.000,-1,-1,2,0,2,0,2,0,0,0,0,2,0,0,2,0,0,2,2
31,7054.911,-4561.650,125.655,72.652,0.297117,-0.953129,0.057157,0.954645,0.297735,0.002414,-0.019318,0.053848,0.998362,0,0.76262,0.93140,45.757,1.863,-1,350.000,-1,400.000,-1,300.000,325.000,350.000,300.000,-1,475.000,250.000,-1,625.000,-1,-1,-1,2,0,2,0,2,0,0,0,0,2,0,0,2,0,2,2,2
32,7067.171,-4517.390,124.914,74.512,0.266010,-0.961985,0.061836,0.963818,0.266562,0.000695,-0.017152,0.059414,0.998086,0,0.76546,0.92988,45.927,1.860,-1,350.000,-1,400.000,-1,300.000,325.000,350.000,300.000,-1,475.000,275.000,-1,625.000,-1,-1,-1,2,0,2,0,2,0,0,0,0,2,0,0,2,0,2,2,2
33,7078.030,-4472.599,124.782,76.368,0.234812,-0.969905,0.064402,0.971943,0.235211,-0.001427,-0.013764,0.062930,0.997923,0,0.76816,0.92810,46.090,1.856,-1,350.000,-1,400.000,-1,300.000,325.000,375.000,300.000,-1,450.000,300.000,-1,650.000,-1,-1,-1,2,0,2,0,2,0,0,0,0,2,0,0,2,0,2,2,2
34,7087.467,-4427.331,124.760,78.221,0.203485,-0.976789,0.066910,0.979027,0.203697,-0.003719,-0.009997,0.066263,0.997752,0,0.77070,0.92606,46.242,1.852,-1,350.000,-1,400.000,-1,300.000,325.000,375.000,300.000,-1,425.000,300.000,-1,650.000,-1,-1,-1,2,0,2,0,2,0,0,0,0,2,0,0,2,0,2,2,2
35,7095.463,-4381.643,124.774,80.068,0.172057,-0.982633,0.069487,0.985068,0.172062,-0.005955,-0.006105,0.069474,0.997565,0,0.77305,0.92375,46.383,1.848,-1,350.000,-1,400.000,-1,300.000,325.000,375.000,325.000,-1,400.000,325.000,-1,650.000,-1,-1,-1,2,0,2,0,2,0,0,0,0,2,0,0,2,0,2,2,2
36,7102.005,-4335.596,124.797,81.910,0.140564,-0.987451,0.071986,0.990069,0.140353,-0.008015,-0.002189,0.072397,0.997373,0,0.77518,0.92118,46.511,1.842,-1,350.000,-1,400.000,-1,300.000,325.000,375.000,325.000,-1,425.000,325.000,-1,650.000,-1,-1,-1,2,0,2,0,2,0,0,0,0,2,0,0,2,0,2,2,2
37,7107.080,-4289.249,124.881,83.747,0.109060,-0.991238,0.074516,0.994033,0.108610,-0.010068,0.001887,0.075169,0.997169,0,0.77707,0.91833,46.624,1.837,-1,350.000,-1,400.000,-1,300.000,325.000,375.000,325.000,-1,425.000,325.000,-1,675.000,-1,-1,-1,2,0,2,0,2,0,0,0,0,2,0,0,2,0,2,2,2
38,7110.679,-4242.668,125.033,85.577,0.077586,-0.994004,0.077052,0.996967,0.076878,-0.012124,0.006128,0.077759,0.996953,0,0.77869,0.91522,46.721,1.830,-1,350.000,-1,400.000,-1,300.000,325.000,375.000,325.000,-1,425.000,300.000,-1,675.000,-1,-1,-1,2,0,2,0,2,0,0,0,0,2,0,0,2,0,2,2,2
39,7112.798,-4195.916,125.264,87.401,0.046187,-0.995759,0.079572,0.998877,0.045197,-0.014195,0.010538,0.080139,0.996728,0,0.78001,0.91185,46.800,1.824,-1,350.000,-1,400.000,-1,300.000,325.000,375.000,325.000,-1,425.000,275.000,-1,700.000,875.000,-1,-1,2,0,2,0,2,0,0,0,0,2,0,0,2,0,0,2,2
40,7113.435,-4149.062,125.582,89.218,0.014902,-0.996516,0.082055,0.999775,0.013609,-0.016293,0.015120,0.082280,0.996495,0,0.78100,0.90821,46.860,1.816,-1,350.000,-1,400.000,-1,300.000,325.000,375.000,325.000,-1,375.000,250.000,-1,725.000,875.000,-1,-1,2,0,2,0,2,0,0,0,0,2,0,0,2,0,0,2,2
41,7112.592,-4102.173,125.995,91.026,-0.016229,-0.996293,0.084481,0.999671,-0.017847,-0.018436,0.019875,0.084154,0.996255,0,0.78163,0.90434,46.898,1.809,-1,375.000,-1,400.000,-1,300.000,325.000,375.000,325.000,-1,350.000,250.000,-1,750.000,875.000,-1,-1,2,0,2,0,2,0,0,0,0,2,0,0,2,0,0,2,2
42,7110.248,-4050.529,126.544,92.595,-0.043109,-0.995267,0.087089,0.998759,-0.045107,-0.021097,0.024926,0.086072,0.995977,0,0.86163,0.78434,51.698,1.569,-1,375.000,-1,425.000,-1,300.000,325.000,375.000,325.000,-1,300.000,225.000,-1,775.000,-1,-1,-1,2,0,2,0,2,0,0,0,0,2,0,0,2,0,2,2,2
43,7106.379,-3994.165,127.239,93.924,-0.065727,-0.993784,0.089856,0.997379,-0.068161,-0.024293,0.030266,0.088024,0.995658,0,0.94163,0.66434,56.498,1.329,-1,375.000,-1,425.000,-1,300.000,325.000,375.000,325.000,-1,275.000,200.000,-1,850.000,-1,-1,-1,2,0,2,0,2,0,0,0,0,2,0,0,2,0,2,2,2
44,7101.156,-3934.645,128.314,95.012,-0.084221,-0.992218,0.091705,0.995841,-0.087022,-0.026980,0.034751,0.089051,0.995421,0,0.99582,0.54434,59.749,1.089,-1,375.000,-1,425.000,-1,325.000,325.000,375.000,325.000,-1,275.000,200.000,-1,-1,-1,-1,-1,2,0,2,0,2,0,0,0,0,2,0,0,2,2,2,2,2
45,7095.056,-3875.233,129.883,95.861,-0.098865,-0.990705,0.093436,0.994474,-0.101697,-0.026046,0.035306,0.090345,0.995285,0,0.99542,0.42434,59.725,0.849,-1,400.000,-1,425.000,-1,325.000,325.000,375.000,325.000,-1,325.000,250.000,-1,-1,-1,-1,-1,2,0,2,0,2,0,0,0,0,2,0,0,2,2,2,2,2
46,7088.330,-3815.929,131.402,96.470,-0.109490,-0.989486,0.094497,0.993397,-0.112207,-0.023908,0.034260,0.091256,0.995238,0,0.99474,0.30434,59.685,0.609,-1,400.000,-1,425.000,-1,300.000,325.000,375.000,325.000,-1,400.000,325.000,-1,-1,-1,-1,-1,2,0,2,0,2,0,0,0,0,2,0,0,2,2,2,2,2
47,7081.229,-3756.725,132.949,96.838,-0.115976,-0.988657,0.095429,0.992706,-0.118561,-0.021854,0.032920,0.092198,0.995196,0,0.99382,0.18434,59.629,0.369,-1,400.000,-1,400.000,-1,300.000,325.000,375.000,325.000,-1,475.000,400.000,-1,-1,-1,-1,-1,2,0,2,0,2,0,0,0,0,2,0,0,2,2,2,2,2
48,7074.003,-3697.602,134.513,96.967,-0.118334,-0.988295,0.096284,0.992482,-0.120769,-0.019857,0.031253,0.093210,0.995156,0,0.99271,0.06434,59.562,0.129,-1,400.000,-1,400.000,-1,300.000,325.000,350.000,325.000,-1,575.000,475.000,-1,-1,-1,-1,-1,2,0,2,0,2,0,0,0,1,2,0,0,2,2,2,2,2
49,7066.902,-3638.541,136.081,96.856,-0.116568,-0.988423,0.097122,0.992753,-0.118836,-0.017893,0.029227,0.094333,0.995112,0,0.99145,-0.05566,59.487,-0.111,-1,400.000,-1,-1,-1,300.000,325.000,350.000,350.000,-1,675.000,575.000,-1,-1,-1,-1,-1,2,0,2,2,2,0,0,0,1,2,0,0,2,2,2,2,2
50,7060.171,-3579.517,137.640,96.504,-0.110678,-0.989012,0.098006,0.993494,-0.112760,-0.015941,0.026817,0.095604,0.995058,0,0.99010,-0.17566,59.406,-0.351,-1,400.000,-1,-1,-1,300.000,325.000,350.000,375.000,-1,800.000,675.000,-1,-1,-1,-1,-1,2,0,2,2,2,0,0,0,1,2,0,0,2,2,2,2,2
51,7053.995,-3520.517,139.181,95.975,-0.101729,-0.989875,0.098986,0.994521,-0.103604,-0.013970,0.024084,0.097022,0.994991,0,0.98870,-0.26467,59.322,-0.529,-1,425.000,-1,-1,-1,300.000,375.000,350.000,425.000,-1,950.000,800.000,-1,-1,-1,-1,-1,2,0,2,2,2,1,1,0,1,2,0,0,2,2,2,2,2
52,7048.381,-3461.550,140.709,95.437,-0.092643,-0.990659,0.100059,0.995473,-0.094297,-0.011926,0.021250,0.098501,0.994910,0,0.98722,-0.26880,59.233,-0.538,-1,450.000,-1,-1,-1,325.000,450.000,350.000,-1,-1,-1,950.000,-1,-1,-1,-1,-1,2,0,2,2,2,1,1,0,2,2,2,0,2,2,2,2,2
53,7043.334,-3402.635,142.219,94.895,-0.083483,-0.991354,0.101232,0.996341,-0.084906,-0.009817,0.018327,0.100042,0.994814,0,0.98551,-0.27109,59.131,-0.542,-1,475.000,-1,-1,-1,350.000,525.000,375.000,-1,-1,-1,-1,-1,-1,-1,-1,-1,2,0,2,2,2,1,1,0,2,2,2,2,2,2,2,2,2
54,7038.680,-3342.815,143.741,94.447,-0.075962,-0.991829,0.102492,0.996991,-0.077141,-0.007585,0.015430,0.101607,0.994705,0,1.00000,-0.22395,60.000,-0.448,-1,500.000,-1,-1,-1,375.000,575.000,375.000,-1,-1,-1,-1,-1,-1,-1,-1,-1,2,0,2,2,2,1,1,0,2,2,2,2,2,2,2,2,2
55,7034.494,-3282.961,143.912,93.993,-0.068663,-0.991723,0.108498,0.997600,-0.069226,-0.001423,0.008922,0.108140,0.994096,0,1.00000,-0.22717,60.000,-0.454,-1,500.000,-1,-1,-1,375.000,625.000,375.000,-1,-1,-1,-1,-1,-1,-1,-1,-1,2,0,2,2,2,1,1,0,2,2,2,2,2,2,2,2,2
56,7030.770,-3223.076,136.508,93.532,-0.063782,-0.989382,0.130592,0.997828,-0.061063,0.024729,-0.016492,0.131885,0.991128,0,1.00000,-0.23065,60.000,-0.461,-1,450.000,-1,-1,-1,350.000,550.000,400.000,250.000,-1,-1,-1,-1,-1,-1,-1,-1,2,0,2,2,2,1,1,0,0,2,2,2,2,2,2,2,2
57,7027.539,-3163.160,128.310,93.063,-0.060047,-0.986886,0.149836,0.997258,-0.052806,0.051845,-0.043253,0.152538,0.987351,0,1.00000,-0.23441,60.000,-0.469,-1,375.000,-1,-1,-1,300.000,500.000,425.000,200.000,-1,-1,-1,-1,-1,-1,-1,-1,2,0,2,2,2,1,1,0,0,2,2,2,2,2,2,2,2
58,7024.803,-3103.217,120.063,92.586,-0.057253,-0.983863,0.169514,0.995925,-0.044433,0.078477,-0.069679,0.173316,0.982398,0,1.00000,-0.23851,60.000,-0.477,-1,325.000,-1,-1,-1,275.000,450.000,425.000,150.000,-1,-1,-1,-1,-1,-1,-1,-1,2,0,2,2,2,1,1,0,0,2,2,2,2,2,2,2,2
59,7022.571,-3043.252,111.742,92.100,-0.055421,-0.980278,0.189695,0.993862,-0.035943,0.104626,-0.095744,0.194329,0.976253,0,1.00000,-0.24299,60.000,-0.486,-1,275.000,-1,-1,-1,250.000,400.000,450.000,100.000,-1,-1,0.000,-1,-1,-1,-1,-1,2,0,2,2,2,1,1,0,0,2,2,0,2,2,2,2,2
60,7020.855,-2983.267,103.318,91.604,-0.054583,-0.976080,0.210446,0.991100,-0.027334,0.130283,-0.121414,0.215685,0.968885,0,1.00000,-0.24790,60.000,-0.496,-1,225.000,-1,-1,-1,225.000,375.000,475.000,100.000,-1,-1,0.000,-1,-1,-1,-1,-1,2,0,2,2,2,1,1,0,1,2,2,0,2,2,2,2,2
61,7019.665,-2923.268,94.763,91.097,-0.054778,-0.971213,0.231829,0.987672,-0.018605,0.155428,-0.146640,0.237485,0.960259,0,1.00000,-0.25330,60.000,-0.507,-1,175.000,-1,-1,-1,200.000,350.000,550.000,150.000,-1,-1,0.000,-1,-1,-1,-1,-1,2,0,2,2,2,1,1,0,1,2,2,0,2,2,2,2,2
62,7019.013,-2863.258,86.050,90.579,-0.056049,-0.965605,0.253902,0.983613,-0.009757,0.180029,-0.171359,0.259831,0.950328,0,1.00000,-0.25927,60.000,-0.519,-1,150.000,-1,-1,-1,175.000,375.000,-1,200.000,-1,-1,0.000,-1,-1,-1,-1,-1,2,1,2,2,2,1,1,2,1,2,2,0,2,2,2,2,2
63,7018.912,-2803.242,77.147,90.047,-0.058446,-0.959174,0.276712,0.978963,-0.000789,0.204036,-0.195488,0.282816,0.939042,0,1.00000,-0.26589,60.000,-0.532,-1,150.000,-1,975.000,-1,150.000,400.000,-1,225.000,-1,-1,0.000,0.000,-1,-1,-1,-1,2,1,2,1,2,1,1,2,1,2,2,0,0,2,2,2,2
64,-2950.926,-5575.527,-365.834,-97.475,-0.145768,0.933128,-0.328671,-0.988321,-0.122429,0.090738,0.044431,0.338059,0.940076,1,0.00000,0.00000,60.000,-0.546,-1,300.000,-1,275.000,550.000,175.000,225.000,-1,-1,-1,0.000,0.000,-1,850.000,450.000,-1,475.000,2,0,2,1,1,1,1,2,2,2,0,1,2,0,1,2,1
65,1643.110,8851.571,190.586,-47.431,0.679605,0.733275,0.021083,-0.730280,0.673547,0.114131,0.069489,-0.092960,0.993242,1,0.08000,-0.12000,4.800,-0.240,-1,350.000,-1,350.000,800.000,275.000,275.000,325.000,325.000,-1,175.000,200.000,-1,-1,550.000,-1,750.000,2,0,2,0,0,0,0,0,0,2,0,0,2,2,0,2,0
66,1649.544,8844.445,191.287,-47.911,0.673478,0.738936,0.020035,-0.735716,0.667420,0.115206,0.071758,-0.092329,0.993140,0,0.16000,-0.24000,9.600,-0.480,-1,350.000,-1,350.000,825.000,275.000,275.000,325.000,325.000,-1,175.000,175.000,-1,-1,550.000,-1,750.000,2,0,2,0,0,0,0,0,0,2,0,0,2,2,0,2,0
67,1659.060,8833.637,192.377,-48.631,0.664189,0.747336,0.018469,-0.743782,0.658145,0.116759,0.075103,-0.091287,0.992989,0,0.24000,-0.36000,14.400,-0.720,-1,350.000,-1,350.000,825.000,275.000,275.000,350.000,325.000,-1,175.000,175.000,-1,-1,575.000,-1,775.000,2,0,2,0,0,0,0,0,0,2,0,0,2,2,0,2,0
68,1671.548,8819.051,193.871,-49.425,0.653820,0.756473,0.016398,-0.752491,0.647803,0.118782,0.079232,-0.090001,0.992785,0,0.32000,-0.39696,19.200,-0.794,-1,350.000,-1,350.000,850.000,300.000,275.000,350.000,325.000,-1,175.000,175.000,-1,-1,575.000,-1,800.000,2,0,2,0,0,0,0,0,0,2,0,0,2,2,0,2,0
69,1686.905,8800.605,195.790,-50.216,0.643358,0.765440,0.013833,-0.760941,0.637384,0.121287,0.084021,-0.088557,0.992521,0,0.40000,-0.39537,24.000,-0.791,-1,350.000,-1,350.000,875.000,300.000,300.000,350.000,325.000,-1,175.000,175.000,-1,-1,575.000,-1,825.000,2,0,2,0,0,0,0,0,0,2,0,0,2,2,0,2,0
70,1705.027,8778.219,198.165,-51.003,0.632806,0.774235,0.010774,-0.769127,0.626902,0.124248,0.089443,-0.086911,0.992193,0,0.48000,-0.39350,28.800,-0.787,-1,350.000,-1,350.000,925.000,300.000,300.000,350.000,325.000,-1,150.000,150.000,-1,-1,575.000,-1,850.000,2,0,2,0,0,0,0,0,0,2,0,0,2,2,0,2,0
71,1725.811,8751.817,201.078,-51.785,0.622175,0.782843,0.007443,-0.777053,0.616360,0.127629,0.095326,-0.085191,0.991794,0,0.56000,-0.39132,33.600,-0.783,-1,350.000,-1,350.000,-1,300.000,300.000,350.000,325.000,-1,150.000,150.000,-1,-1,575.000,-1,875.000,2,0,2,0,2,0,0,0,0,2,0,0,2,2,0,2,0
72,1749.153,8721.324,204.835,-52.563,0.611544,0.791194,0.005074,-0.784756,0.605725,0.131356,0.100854,-0.084311,0.991322,0,0.64000,-0.38878,38.400,-0.778,-1,350.000,-1,350.000,-1,300.000,300.000,350.000,325.000,-1,175.000,175.000,-1,-1,575.000,-1,900.000,2,0,2,0,2,0,0,0,0,2,0,0,2,2,0,2,0
73,1774.949,8686.669,209.241,-53.335,0.600868,0.799344,0.002557,-0.792197,0.595063,0.135365,0.106682,-0.083362,0.990792,0,0.72000,-0.38582,43.200,-0.772,-1,-1,-1,350.000,-1,300.000,300.000,325.000,325.000,-1,175.000,175.000,-1,-1,600.000,-1,975.000,2,2,2,0,2,0,0,0,0,2,0,0,2,2,0,2,0
74,1803.095,8647.784,214.348,-54.099,0.590160,0.807287,-0.000088,-0.799375,0.584391,0.139593,0.112743,-0.082312,0.990209,0,0.80000,-0.38240,48.000,-0.765,-1,-1,-1,350.000,-1,300.000,300.000,325.000,325.000,-1,200.000,200.000,-1,-1,600.000,-1,-1,2,2,2,0,2,0,0,0,0,2,0,0,2,2,0,2,2
75,1828.104,8612.558,219.120,-54.624,0.582740,0.812656,-0.002337,-0.804088,0.577008,0.143190,0.117712,-0.081563,0.989693,0,0.72000,-0.26240,43.200,-0.525,-1,-1,-1,350.000,-1,300.000,300.000,325.000,325.000,-1,200.000,200.000,-1,-1,600.000,-1,-1,2,2,2,0,2,0,0,0,0,2,0,0,2,2,0,2,2
76,1850.180,8581.135,223.713,-54.909,0.578767,0.815484,-0.003949,-0.806270,0.572940,0.147202,0.122303,-0.082011,0.989099,0,0.64000,-0.14240,38.400,-0.285,-1,-1,-1,350.000,-1,300.000,300.000,325.000,325.000,-1,225.000,225.000,-1,-1,600.000,-1,-1,2,2,2,0,2,0,0,0,0,2,0,0,2,2,0,2,2
77,1869.475,8553.626,227.869,-54.954,0.578217,0.815866,-0.005231,-0.806092,0.572257,0.150791,0.126019,-0.082973,0.988552,0,0.56000,-0.02240,33.600,-0.045,-1,-1,-1,350.000,-1,300.000,300.000,325.000,325.000,-1,225.000,225.000,-1,-1,625.000,-1,-1,2,2,2,0,2,0,0,1,0,2,0,0,2,2,0,2,2
78,1886.094,8530.104,231.487,-54.759,0.581080,0.813822,-0.006302,-0.803597,0.574970,0.153758,0.128755,-0.084281,0.988088,0,0.48000,0.09760,28.800,0.195,-1,-1,-1,350.000,-1,300.000,300.000,325.000,325.000,-1,225.000,250.000,-1,-1,625.000,-1,-1,2,2,2,0,2,0,0,1,0,2,0,0,2,2,0,2,2
79,1900.095,8510.612,233.399,-54.323,0.587831,0.808983,-0.001317,-0.798976,0.580813,0.155865,0.126858,-0.090570,0.987777,0,0.40000,0.21760,24.000,0.435,-1,-1,-1,350.000,-1,300.000,300.000,325.000,325.000,-1,250.000,250.000,-1,-1,600.000,-1,-1,2,2,2,0,2,1,0,1,0,2,0,0,2,2,0,2,2
80,1911.480,8495.154,234.707,-53.648,0.597885,0.801572,0.003874,-0.791928,0.589930,0.157582,0.124028,-0.097284,0.987498,0,0.32000,0.33760,19.200,0.675,-1,-1,-1,350.000,-1,350.000,275.000,300.000,325.000,-1,250.000,275.000,-1,-1,600.000,-1,-1,2,2,2,0,2,1,0,1,0,2,0,0,2,2,0,2,2
81,1920.205,8483.699,235.598,-52.733,0.611062,0.791540,0.008205,-0.782289,0.602272,0.159038,0.120943,-0.103600,0.987238,0,0.24000,0.45760,14.400,0.915,-1,-1,-1,350.000,-1,400.000,275.000,300.000,325.000,-1,275.000,300.000,-1,-1,600.000,-1,-1,2,2,2,0,2,1,0,1,0,2,0,0,2,2,0,2,2
82,1926.175,8476.184,236.126,-51.578,0.627218,0.778761,0.011366,-0.769885,0.617730,0.160269,0.117790,-0.109274,0.987008,0,0.16000,0.57760,9.600,1.155,-1,-1,-1,350.000,-1,450.000,275.000,300.000,350.000,-1,275.000,325.000,-1,-1,575.000,-1,-1,2,2,2,0,2,1,0,1,0,2,0,0,2,2,0,2,2
83,1929.239,8472.491,236.352,-50.393,0.643364,0.765449,0.013070,-0.756861,0.633393,0.161169,0.115088,-0.113582,0.986840,0,0.08000,0.59241,4.800,1.185,-1,-1,-1,325.000,-1,500.000,275.000,275.000,350.000,-1,275.000,325.000,-1,-1,575.000,-1,-1,2,2,2,0,2,1,0,1,0,2,0,0,2,2,0,2,2
84,1929.241,8472.495,236.311,-49.211,0.659060,0.751973,0.013245,-0.743560,0.648839,0.161635,0.112952,-0.116376,0.986762,0,-0.00000,0.59109,-0.000,1.182,-1,-1,-1,325.000,-1,575.000,275.000,275.000,350.000,-1,275.000,325.000,-1,-1,575.000,-1,-1,2,2,2,0,2,1,0,1,0,2,0,0,2,2,0,2,2
85,1926.032,8476.066,236.020,-48.032,0.674307,0.738355,0.011924,-0.730004,0.664071,0.161568,0.111376,-0.117651,0.986790,0,-0.08000,0.58938,-4.800,1.179,-1,-1,-1,325.000,-1,675.000,275.000,275.000,325.000,-1,275.000,325.000,-1,-1,875.000,-1,-1,2,2,2,0,2,1,0,1,0,2,0,0,2,2,1,2,2
86,1919.467,8483.072,235.486,-46.857,0.689105,0.724602,0.009232,-0.716218,0.679082,0.160870,0.110297,-0.117468,0.986932,0,-0.16000,0.58730,-9.600,1.175,-1,-1,-1,350.000,-1,775.000,275.000,300.000,325.000,-1,275.000,325.000,-1,-1,975.000,-1,-1,2,2,2,0,2,1,0,1,0,2,0,0,2,2,1,2,2
87,1909.405,8493.376,234.705,-45.688,0.703459,0.710716,0.005381,-0.702236,0.693858,0.159454,0.109593,-0.115948,0.987191,0,-0.24000,0.58488,-14.400,1.170,-1,-1,-1,350.000,-1,-1,275.000,300.000,325.000,-1,250.000,300.000,-1,-1,-1,-1,-1,2,2,2,0,2,2,0,1,0,2,0,0,2,2,2,2,2
88,1895.714,8506.838,233.660,-44.523,0.717376,0.696686,0.000673,-0.688094,0.708377,0.157256,0.109081,-0.113274,0.987558,0,-0.32000,0.58218,-19.200,1.164,-1,-1,-1,350.000,-1,-1,300.000,300.000,325.000,-1,250.000,300.000,-1,-1,-1,-1,-1,2,2,2,0,2,2,0,0,0,2,0,0,2,2,2,2,2
89,1880.045,8521.633,232.461,-43.365,0.730918,0.682453,-0.004007,-0.673805,0.722563,0.154563,0.108377,-0.110273,0.987975,0,-0.35915,0.57924,-21.549,1.158,-1,-1,-1,350.000,-1,-1,300.000,325.000,325.000,-1,250.000,275.000,-1,-1,-1,-1,-1,2,2,2,0,2,2,0,0,0,2,0,0,2,2,2,2,2
90,1864.075,8536.121,230.619,-42.212,0.744326,0.667799,-0.004926,-0.659468,0.736163,0.152202,0.105266,-0.110039,0.988337,0,-0.35933,0.57627,-21.560,1.153,-1,-1,-1,350.000,-1,-1,300.000,325.000,325.000,-1,225.000,275.000,-1,-1,-1,-1,-1,2,2,2,0,2,2,0,0,0,2,0,0,2,2,2,2,2
91,1847.806,8550.300,228.450,-41.065,0.757488,0.652839,-0.003732,-0.645022,0.749277,0.150103,0.100789,-0.111294,0.988663,0,-0.35965,0.57343,-21.579,1.147,-1,-1,-1,350.000,-1,725.000,300.000,325.000,325.000,-1,225.000,275.000,-1,-1,-1,-1,-1,2,2,2,0,2,1,0,0,0,2,0,0,2,2,2,2,2
92,1831.237,8564.170,226.353,-39.924,0.770280,0.637701,-0.002478,-0.630399,0.762035,0.147985,0.096258,-0.112428,0.988986,0,-0.36009,0.57072,-21.606,1.141,-1,-1,-1,350.000,-1,575.000,300.000,325.000,325.000,-1,225.000,275.000,-1,-1,-1,-1,-1,2,2,2,0,2,1,0,0,0,2,0,0,2,2,2,2,2
93,1814.370,8577.729,224.327,-38.788,0.782704,0.622392,-0.001162,-0.615604,0.774440,0.145854,0.091678,-0.113445,0.989306,0,-0.36066,0.56812,-21.639,1.136,-1,-1,-1,350.000,-1,475.000,300.000,325.000,325.000,-1,225.000,275.000,-1,-1,-1,-1,-1,2,2,2,0,2,1,0,0,0,2,0,0,2,2,2,2,2
94,1797.206,8590.977,222.370,-37.656,0.794765,0.606918,0.000214,-0.600642,0.786496,0.143712,0.087053,-0.114346,0.989620,0,-0.36133,0.56565,-21.680,1.131,-1,-1,-1,350.000,-1,350.000,300.000,325.000,325.000,-1,225.000,275.000,-1,-1,-1,-1,-1,2,2,2,0,2,1,0,0,0,2,0,0,2,2,2,2,2
95,1779.748,8603.913,220.606,-36.530,0.806486,0.591251,0.001629,-0.585436,0.798161,0.142139,0.082739,-0.115586,0.989845,0,-0.36211,0.56329,-21.726,1.127,-1,-1,-1,350.000,1000.000,300.000,300.000,325.000,325.000,-1,200.000,275.000,-1,-1,-1,-1,-1,2,2,2,0,0,1,0,0,0,2,0,0,2,2,2,2,2
96,1761.997,8616.535,218.918,-35.408,0.817846,0.575430,0.003079,-0.570071,0.809477,0.140594,0.078410,-0.116739,0.990063,0,-0.36298,0.56105,-21.779,1.122,-1,-1,-1,350.000,950.000,300.000,300.000,325.000,325.000,-1,200.000,275.000,-1,-1,-1,-1,-1,2,2,2,0,0,0,0,0,0,2,0,0,2,2,2,2,2
97,1743.955,8628.841,217.347,-34.290,0.828837,0.559472,0.004582,-0.554589,0.820466,0.138807,0.073899,-0.117589,0.990309,0,-0.36394,0.55891,-21.837,1.118,-1,-1,-1,350.000,900.000,300.000,300.000,325.000,325.000,-1,200.000,275.000,-1,-1,-1,-1,-1,2,2,2,0,0,0,0,0,0,2,0,0,2,2,2,2,2
98,1725.625,8640.827,215.946,-33.176,0.839454,0.543396,0.006178,-0.539026,0.831151,0.136520,0.069049,-0.117933,0.990618,0,-0.36499,0.55688,-21.899,1.114,-1,-1,-1,350.000,850.000,300.000,300.000,325.000,325.000,-1,200.000,275.000,-1,-1,-1,-1,-1,2,2,2,0,0,0,0,0,0,2,0,0,2,2,2,2,2
99,1707.009,8652.492,214.603,-32.066,0.849720,0.527177,0.007831,-0.523311,0.841494,0.134291,0.064205,-0.118208,0.990911,0,-0.36611,0.55496,-21.966,1.110,-1,-1,-1,350.000,825.000,300.000,300.000,325.000,325.000,-1,225.000,300.000,-1,-1,575.000,-1,-1,2,2,2,0,0,0,0,0,0,2,0,0,2,2,0,2,2
100,1688.110,8663.832,213.319,-30.960,0.859635,0.510819,0.009537,-0.507447,0.851494,0.132121,0.059370,-0.118415,0.991188,0,-0.36730,0.55314,-22.038,1.106,-1,475.000,-1,350.000,800.000,300.000,300.000,325.000,325.000,-1,225.000,300.000,-1,-1,575.000,-1,-1,2,1,2,0,0,0,0,0,0,2,0,0,2,2,0,2,2
101,1668.931,8674.843,212.094,-29.857,0.869202,0.494328,0.011290,-0.491439,0.861153,0.130012,0.054546,-0.118556,0.991448,0,-0.36855,0.55141,-22.113,1.103,-1,400.000,-1,350.000,775.000,300.000,300.000,325.000,325.000,-1,225.000,300.000,-1,-1,575.000,-1,-1,2,1,2,0,0,0,0,0,0,2,0,0,2,2,0,2,2
102,1649.475,8685.522,210.928,-28.758,0.878422,0.477707,0.013088,-0.475291,0.870473,0.127967,0.049738,-0.118629,0.991692,0,-0.36987,0.54979,-22.192,1.100,-1,375.000,-1,350.000,750.000,300.000,300.000,325.000,325.000,-1,225.000,325.000,-1,-1,575.000,-1,-1,2,1,2,0,0,0,0,0,0,2,0,0,2,2,0,2,2
103,1629.746,8695.865,209.821,-27.661,0.887295,0.460961,0.014925,-0.459007,0.879454,0.125985,0.044949,-0.118637,0.991920,0,-0.37124,0.54825,-22.274,1.097,-1,375.000,-1,350.000,725.000,300.000,300.000,325.000,325.000,-1,225.000,325.000,-1,-1,575.000,-1,750.000,2,1,2,0,0,0,0,0,0,2,0,0,2,2,0,2,0
104,1609.746,8705.867,208.772,-26.567,0.895822,0.444095,0.016797,-0.442592,0.888098,0.124070,0.040181,-0.118579,0.992131,0,-0.37266,0.54681,-22.359,1.094,-1,375.000,-1,350.000,725.000,300.000,300.000,325.000,325.000,-1,250.000,350.000,-1,-1,575.000,-1,750.000,2,0,2,0,0,0,0,0,0,2,0,0,2,2,0,2,0
105,1589.480,8715.525,207.782,-25.476,0.904005,0.427112,0.018700,-0.426050,0.896406,0.122221,0.035439,-0.118456,0.992327,0,-0.37412,0.54546,-22.447,1.091,-1,375.000,-1,350.000,700.000,300.000,275.000,325.000,325.000,-1,250.000,350.000,-1,-1,575.000,-1,725.000,2,0,2,0,0,0,0,0,0,2,0,0,2,2,0,2,0
106,1568.953,8724.833,206.850,-24.388,0.911844,0.410017,0.020629,-0.409385,0.904377,0.120441,0.030726,-0.118269,0.992506,0,-0.37563,0.54419,-22.538,1.088,-1,375.000,-1,350.000,700.000,300.000,275.000,300.000,325.000,-1,275.000,350.000,-1,-1,550.000,-1,725.000,2,0,2,0,0,0,0,0,0,2,0,0,2,2,0,2,0
107,1552.631,8731.783,206.146,-23.060,0.920997,0.388932,0.022263,-0.388698,0.913618,0.119229,0.026032,-0.118463,0.992617,0,-0.29563,0.66419,-17.738,1.328,-1,375.000,-1,325.000,675.000,300.000,275.000,300.000,325.000,-1,275.000,350.000,-1,-1,550.000,-1,700.000,2,0,2,0,0,0,0,0,0,2,0,0,2,2,0,2,0
108,1540.591,8736.525,205.776,-21.491,0.931201,0.363782,0.022961,-0.363854,0.923923,0.118223,0.021793,-0.118444,0.992722,0,-0.21563,0.78419,-12.938,1.568,-1,375.000,-1,325.000,675.000,300.000,275.000,300.000,300.000,-1,300.000,375.000,-1,-1,575.000,-1,700.000,2,0,2,0,0,0,0,0,0,2,0,0,2,2,0,2,0
109,1532.927,8739.268,205.589,-19.683,0.942131,0.334437,0.023246,-0.334780,0.934921,0.117660,0.017616,-0.118634,0.992782,0,-0.13563,0.90419,-8.138,1.808,-1,375.000,-1,350.000,675.000,300.000,300.000,300.000,300.000,-1,300.000,375.000,-1,900.000,575.000,-1,725.000,2,0,2,0,0,0,0,0,0,2,0,0,2,1,0,2,0
110,1529.747,8740.293,205.521,-17.832,0.952371,0.304056,0.023246,-0.304632,0.945188,0.117552,0.013771,-0.119035,0.992795,0,-0.05563,0.92530,-3.338,1.851,-1,375.000,-1,350.000,675.000,300.000,300.000,300.000,300.000,-1,300.000,375.000,-1,800.000,575.000,-1,-1,2,0,2,0,0,0,0,0,0,2,0,0,2,1,0,2,2
111,1531.151,8739.893,205.533,-15.985,0.961624,0.273407,0.022970,-0.274176,0.954429,0.117868,0.010302,-0.119642,0.992764,0,0.02437,0.92372,1.462,1.847,-1,375.000,-1,350.000,675.000,300.000,300.000,300.000,300.000,-1,325.000,400.000,-1,750.000,575.000,-1,-1,2,0,2,0,0,0,0,0,0,2,0,0,2,1,0,2,2
112,1537.221,8738.366,205.591,-14.141,0.969886,0.242525,0.022429,-0.243454,0.962636,0.118581,0.007168,-0.120470,0.992691,0,0.10437,0.92211,6.262,1.844,-1,375.000,-1,350.000,700.000,300.000,300.000,300.000,300.000,-1,325.000,425.000,-1,725.000,-1,-1,-1,2,0,2,0,0,0,0,0,0,2,0,0,2,1,2,2,2
113,1548.028,8736.012,205.663,-12.300,0.977150,0.211449,0.021632,-0.212508,0.969805,0.119663,0.004324,-0.121526,0.992579,0,0.18437,0.92044,11.062,1.841,-1,375.000,-1,350.000,700.000,300.000,300.000,300.000,300.000,-1,350.000,425.000,-1,700.000,-1,-1,-1,2,0,2,0,0,0,0,0,0,2,0,0,2,1,2,2,2
114,1563.624,8733.135,205.715,-10.463,0.983411,0.180217,0.020592,-0.181382,0.975930,0.121087,0.001726,-0.122814,0.992428,0,0.26437,0.91866,15.862,1.837,-1,375.000,-1,350.000,-1,300.000,300.000,300.000,300.000,-1,350.000,450.000,-1,700.000,-1,-1,-1,2,0,2,0,2,0,0,0,0,2,0,0,2,0,2,2,2
115,1584.050,8730.038,205.715,-8.629,0.988668,0.148872,0.019323,-0.150120,0.981009,0.122823,-0.000671,-0.124332,0.992240,0,0.34437,0.91673,20.662,1.833,-1,400.000,-1,350.000,-1,300.000,300.000,300.000,300.000,-1,375.000,475.000,-1,700.000,-1,-1,-1,2,0,2,0,2,0,0,0,0,2,0,0,2,0,2,2,2
116,1609.330,8727.028,205.630,-6.800,0.992918,0.117457,0.017843,-0.118769,0.985042,0.124841,-0.002913,-0.126076,0.992016,0,0.42437,0.91459,25.462,1.829,-1,400.000,-1,350.000,-1,325.000,300.000,300.000,300.000,-1,400.000,500.000,-1,725.000,-1,-1,-1,2,1,2,0,2,0,0,0,0,2,0,0,2,0,2,2,2
117,1639.476,8724.407,205.427,-4.975,0.996163,0.086016,0.016172,-0.087377,0.988032,0.127111,-0.005045,-0.128037,0.991757,0,0.50437,0.91219,30.262,1.824,-1,400.000,-1,350.000,-1,325.000,300.000,300.000,300.000,-1,425.000,525.000,-1,725.000,-1,-1,-1,2,0,2,0,2,0,0,0,0,2,0,0,2,0,2,2,2
118,1674.482,8722.481,205.067,-3.157,0.998406,0.054595,0.014333,-0.055995,0.989983,0.129605,-0.007114,-0.130201,0.991462,0,0.58437,0.90948,35.062,1.819,-1,400.000,-1,350.000,-1,325.000,300.000,300.000,300.000,975.000,450.000,550.000,-1,750.000,-1,-1,-1,2,0,2,1,2,1,0,0,0,0,0,0,2,0,2,2,2
119,1714.330,8721.551,204.509,-1.344,0.999654,0.023243,0.012353,-0.024675,0.990903,0.132294,-0.009165,-0.132553,0.991134,0,0.66437,0.90640,39.862,1.813,-1,400.000,-1,475.000,-1,325.000,300.000,300.000,300.000,900.000,475.000,575.000,-1,775.000,-1,-1,-1,2,0,2,1,2,1,1,0,0,0,0,0,2,0,2,2,2
120,1758.987,8721.916,203.709,0.462,0.999915,-0.007989,0.010260,0.006530,0.990803,0.135151,-0.011245,-0.135073,0.990772,0,0.74437,0.90286,44.662,1.806,-1,400.000,-1,-1,-1,325.000,325.000,275.000,300.000,850.000,500.000,625.000,-1,775.000,-1,-1,-1,2,0,2,2,2,1,1,0,0,0,0,0,2,0,2,2,2
121,1807.698,8723.969,202.605,2.407,0.999102,-0.041598,0.008100,0.040083,0.989606,0.138104,-0.013761,-0.137655,0.990385,0,0.81263,0.97250,48.758,1.945,-1,400.000,-1,-1,-1,325.000,350.000,275.000,300.000,825.000,525.000,650.000,-1,800.000,-1,-1,-1,2,0,2,2,2,1,1,0,0,0,0,0,2,0,2,2,2
122,1856.393,8727.672,201.255,4.342,0.997167,-0.074969,0.006069,0.073370,0.987302,0.140898,-0.016555,-0.140054,0.990005,0,0.81400,0.96767,48.840,1.935,-1,400.000,-1,-1,-1,325.000,375.000,275.000,300.000,825.000,525.000,700.000,-1,825.000,-1,-1,-1,2,0,2,2,2,1,1,0,0,0,0,0,2,0,2,2,2
123,1904.992,8733.014,199.645,6.267,0.994136,-0.108054,0.004176,0.106340,0.983915,0.143538,-0.019619,-0.142252,0.989636,0,0.81493,0.96240,48.896,1.925,-1,400.000,-1,975.000,-1,325.000,375.000,275.000,300.000,850.000,525.000,750.000,-1,850.000,-1,-1,-1,2,0,2,1,2,0,1,0,0,0,0,0,2,0,2,2,2
124,1953.410,8739.976,197.062,8.180,0.990012,-0.140856,0.006006,0.138536,0.979843,0.143932,-0.026159,-0.141662,0.989569,0,0.81534,0.95667,48.920,1.913,-1,400.000,-1,825.000,-1,325.000,350.000,275.000,275.000,875.000,675.000,925.000,-1,850.000,-1,-1,-1,2,0,2,1,2,0,1,0,0,0,0,0,2,0,2,2,2
125,2001.564,8748.527,192.130,10.081,0.984699,-0.173485,0.016434,0.169606,0.975772,0.138213,-0.040014,-0.133311,0.990266,0,0.81516,0.95049,48.910,1.901,-1,375.000,-1,625.000,-1,300.000,325.000,275.000,250.000,1000.000,-1,-1,-1,800.000,-1,-1,-1,2,0,2,1,2,0,1,0,0,0,2,2,2,0,2,2,2
126,2049.362,8758.650,187.899,11.969,0.978248,-0.205750,0.026409,0.200527,0.970550,0.133500,-0.053099,-0.125300,0.990697,0,0.81435,0.94384,48.861,1.888,-1,350.000,-1,500.000,-1,275.000,300.000,300.000,225.000,-1,-1,-1,-1,775.000,-1,-1,-1,2,0,2,1,2,0,1,0,0,2,2,2,2,0,2,2,2
127,2096.714,8770.311,184.145,13.843,0.970765,-0.237559,0.034373,0.231296,0.964073,0.130632,-0.064171,-0.118863,0.990835,0,0.81282,0.93674,48.769,1.873,-1,350.000,-1,425.000,-1,275.000,275.000,300.000,225.000,-1,-1,-1,-1,750.000,-1,-1,-1,2,0,2,1,2,0,1,0,0,2,2,2,2,0,2,2,2
128,2143.531,8783.467,180.776,15.701,0.962347,-0.268831,0.040216,0.261714,0.956335,0.130115,-0.073439,-0.114691,0.990683,0,0.81054,0.92919,48.632,1.858,-1,350.000,-1,350.000,-1,275.000,250.000,300.000,225.000,-1,-1,-1,-1,725.000,750.000,-1,-1,2,0,2,1,2,0,0,0,1,2,2,2,2,0,1,2,2
129,2189.723,8798.069,177.825,17.543,0.953101,-0.299501,0.043565,0.291680,0.947389,0.131823,-0.080754,-0.112934,0.990315,0,0.80745,0.92124,48.447,1.842,-1,350.000,-1,300.000,-1,275.000,225.000,300.000,300.000,-1,-1,-1,-1,725.000,575.000,-1,-1,2,0,2,1,2,0,0,0,1,2,2,2,2,0,1,2,2
130,2235.203,8814.061,175.318,19.369,0.943124,-0.329505,0.044089,0.321126,0.937282,0.135578,-0.085998,-0.113709,0.989785,0,0.80354,0.91293,48.212,1.826,-1,350.000,-1,275.000,-1,275.000,225.000,300.000,475.000,-1,-1,-1,-1,725.000,450.000,-1,-1,2,0,2,1,2,0,0,0,1,2,2,2,2,0,1,2,2
131,2279.889,8831.381,173.278,21.178,0.932499,-0.358780,0.041505,0.350015,0.926048,0.141157,-0.089080,-0.117101,0.989117,0,0.79880,0.90431,47.928,1.809,-1,350.000,-1,275.000,-1,275.000,250.000,300.000,675.000,-1,-1,-1,-1,750.000,475.000,-1,-1,2,0,2,0,2,0,0,0,1,2,2,2,2,0,0,2,2
132,2323.704,8849.964,171.719,22.969,0.921284,-0.387260,0.035581,0.378347,0.913707,0.148298,-0.089941,-0.123162,0.988302,0,0.79326,0.89546,47.596,1.791,-1,375.000,-1,300.000,-1,275.000,250.000,300.000,-1,-1,-1,-1,-1,750.000,500.000,-1,825.000,2,0,2,0,2,0,0,0,2,2,2,2,2,0,0,2,1
133,2366.579,8869.740,170.649,24.742,0.909504,-0.414873,0.026140,0.406155,0.900266,0.156711,-0.088548,-0.131912,0.987299,0,0.78700,0.88649,47.220,1.773,-1,400.000,-1,325.000,-1,300.000,275.000,300.000,-1,-1,-1,-1,-1,775.000,550.000,-1,850.000,2,0,2,0,2,0,0,0,2,2,2,2,2,0,0,2,0
134,2408.451,8890.648,170.080,26.509,0.897056,-0.441726,0.013011,0.433686,0.885621,0.166109,-0.084897,-0.143366,0.986022,0,0.78011,0.88354,46.807,1.767,-1,425.000,-1,350.000,-1,325.000,300.000,275.000,-1,-1,-1,-1,-1,800.000,625.000,-1,-1,2,0,2,0,2,0,0,0,2,2,2,2,2,0,0,2,2
135,2449.263,8912.631,170.017,28.274,0.883838,-0.467777,-0.003922,0.461075,0.869698,0.176169,-0.078996,-0.157513,0.984352,0,0.77271,0.88260,46.362,1.765,-1,450.000,-1,400.000,-1,350.000,325.000,275.000,-1,-1,-1,-1,-1,850.000,725.000,-1,-1,2,0,2,0,2,0,0,0,2,2,2,2,2,0,0,2,2
136,2488.997,8935.589,163.730,30.038,0.868922,-0.494899,-0.007057,0.488840,0.855875,0.168859,-0.077528,-0.150176,0.985615,0,0.76494,0.88200,45.896,1.764,-1,475.000,-1,400.000,-1,350.000,350.000,275.000,-1,-1,-1,-1,-1,875.000,750.000,-1,-1,2,0,2,0,2,0,0,0,2,2,2,2,2,0,0,2,2
137,2527.605,8959.502,156.227,31.802,0.853013,-0.521845,-0.006813,0.516133,0.841598,0.159120,-0.077302,-0.139247,0.987236,0,0.75697,0.88174,45.418,1.763,-1,475.000,-1,400.000,-1,375.000,350.000,275.000,-1,-1,-1,-1,-1,900.000,750.000,-1,-1,2,0,2,0,2,0,0,0,2,2,2,2,2,0,0,2,2
138,2565.057,8984.332,148.924,33.565,0.836323,-0.548212,-0.005324,0.542550,0.826213,0.151695,-0.078763,-0.129755,0.988413,0,0.74901,0.88182,44.940,1.764,-1,475.000,-1,400.000,-1,375.000,350.000,300.000,-1,-1,100.000,25.000,-1,900.000,750.000,-1,-1,2,0,2,0,2,0,0,0,2,2,0,1,2,0,0,2,2
139,2601.344,9010.038,141.963,35.330,0.818886,-0.573946,-0.003302,0.568117,0.809724,0.146937,-0.081660,-0.122200,0.989140,0,0.74121,0.88223,44.472,1.764,-1,475.000,-1,400.000,-1,375.000,350.000,300.000,-1,-1,0.000,0.000,-1,900.000,725.000,-1,-1,2,0,2,0,2,0,0,0,2,2,0,1,2,0,0,2,2
140,2633.386,9034.047,136.022,36.854,0.803259,-0.595629,-0.001385,0.589479,0.794627,0.145197,-0.085383,-0.117447,0.989402,0,0.66737,0.76223,40.042,1.524,-1,475.000,-1,375.000,-1,375.000,325.000,300.000,-1,-1,0.000,0.000,-1,900.000,725.000,-1,-1,2,0,2,0,2,0,0,0,2,2,0,1,2,0,0,2,2
141,2664.584,9058.541,130.535,38.139,0.789738,-0.613444,0.000253,0.606820,0.781270,0.146238,-0.089907,-0.115336,0.989249,0,0.66109,0.64223,39.665,1.284,-1,475.000,-1,375.000,-1,375.000,325.000,300.000,-1,-1,0.000,0.000,-1,875.000,700.000,-1,-1,2,0,2,0,2,0,0,0,2,2,0,1,2,0,0,2,2
142,2695.029,9083.450,125.450,39.286,0.777437,-0.628959,0.001489,0.621692,0.768809,0.149774,-0.095347,-0.115514,0.988719,0,0.65563,0.57392,39.338,1.148,-1,450.000,-1,375.000,-1,350.000,325.000,300.000,-1,-1,0.000,0.000,-1,850.000,675.000,-1,-1,2,0,2,0,2,0,0,0,2,2,0,1,2,0,0,2,2
143,2724.747,9108.781,120.855,40.437,0.764883,-0.644164,0.002612,0.636072,0.755903,0.154993,-0.101816,-0.116890,0.987912,0,0.65082,0.57523,39.049,1.150,-1,450.000,-1,375.000,975.000,350.000,325.000,275.000,-1,-1,0.000,0.000,-1,800.000,675.000,-1,1000.000,2,0,2,0,0,0,0,0,2,2,0,0,2,0,0,2,0
144,2753.753,9134.535,116.823,41.590,0.752075,-0.659067,0.003770,0.649933,0.742577,0.161760,-0.109410,-0.119205,0.986823,0,0.64649,0.57672,38.789,1.153,-1,425.000,-1,375.000,900.000,350.000,325.000,275.000,-1,-1,0.000,0.000,-1,775.000,650.000,-1,925.000,2,0,2,0,0,0,0,0,2,2,0,0,2,0,0,2,0
145,2782.062,9160.714,113.166,42.747,0.739092,-0.673591,0.004260,0.663193,0.728761,0.170536,-0.117976,-0.123216,0.985342,0,0.64264,0.57837,38.558,1.157,-1,425.000,-1,375.000,850.000,325.000,325.000,275.000,225.000,-1,0.000,0.000,-1,725.000,625.000,-1,850.000,2,0,2,0,0,0,0,0,0,2,0,0,2,0,0,2,0
146,2809.687,9187.325,109.886,43.907,0.725978,-0.687707,0.003959,0.675797,0.714448,0.181279,-0.127495,-0.128929,0.983424,0,0.63927,0.58017,38.356,1.160,-1,400.000,-1,350.000,800.000,325.000,300.000,275.000,250.000,-1,-1,0.000,-1,700.000,600.000,-1,800.000,2,0,2,0,0,0,0,0,0,2,2,0,2,0,0,2,0
147,2836.640,9214.372,106.986,45.072,0.712784,-0.701378,0.002743,0.687685,0.699626,0.193940,-0.137944,-0.136351,0.981010,0,0.63639,0.58212,38.183,1.164,-1,375.000,-1,350.000,775.000,300.000,300.000,275.000,275.000,-1,-1,-1,-1,650.000,575.000,-1,750.000,2,0,2,0,0,0,0,0,0,2,2,2,2,0,0,2,0
148,2862.932,9241.862,104.467,46.240,0.699575,-0.714559,0.000491,0.698790,0.684280,0.208455,-0.149289,-0.145487,0.978032,0,0.63397,0.58420,38.038,1.168,-1,375.000,-1,350.000,750.000,300.000,300.000,275.000,275.000,-1,-1,-1,-1,600.000,575.000,900.000,700.000,2,0,2,0,0,0,0,0,0,2,2,2,2,0,0,0,0
149,2888.582,9269.790,100.566,47.413,0.685671,-0.727909,-0.001683,0.710793,0.669046,0.217144,-0.156935,-0.150085,0.976138,0,0.63200,0.58640,37.920,1.173,925.000,350.000,-1,350.000,725.000,300.000,300.000,250.000,300.000,-1,-1,-1,-1,575.000,550.000,825.000,675.000,0,0,2,0,0,0,0,0,0,2,2,2,2,0,0,0,0
150,2913.602,9298.156,94.759,48.590,0.670719,-0.741705,-0.003002,0.724331,0.654125,0.217865,-0.159629,-0.148301,0.975974,0,0.63046,0.58871,37.827,1.177,900.000,350.000,-1,325.000,675.000,275.000,275.000,250.000,300.000,-1,-1,-1,-1,575.000,550.000,800.000,650.000,0,0,2,0,0,0,0,0,0,2,2,2,2,0,0,0,0
151,2937.988,9326.981,88.795,49.773,0.655403,-0.755266,-0.004508,0.737715,0.638870,0.218224,-0.161937,-0.146350,0.975888,0,0.62932,0.59113,37.759,1.182,875.000,350.000,-1,325.000,650.000,275.000,275.000,250.000,300.000,-1,-1,-1,-1,575.000,525.000,775.000,600.000,0,0,2,0,0,0,0,0,0,2,2,2,2,0,0,0,0
152,2961.744,9356.267,82.824,50.960,0.639639,-0.768652,-0.006008,0.751103,0.623336,0.217477,-0.163419,-0.143619,0.976047,0,0.62856,0.59364,37.714,1.187,850.000,350.000,-1,325.000,625.000,275.000,275.000,250.000,300.000,-1,-1,-1,-1,550.000,525.000,750.000,575.000,0,0,2,0,0,0,0,0,0,2,2,2,2,0,0,0,0
153,2984.873,9386.021,77.021,52.152,0.623370,-0.781893,-0.007330,0.764571,0.607542,0.215228,-0.163832,-0.139770,0.976536,0,0.62816,0.59624,37.689,1.192,850.000,350.000,-1,325.000,575.000,275.000,275.000,275.000,300.000,-1,-1,-1,-1,550.000,500.000,750.000,550.000,0,0,2,0,0,0,0,0,0,2,2,2,2,0,0,0,0
154,3007.370,9416.249,71.365,53.350,0.606865,-0.794744,-0.009836,0.777816,0.591303,0.212986,-0.163453,-0.136905,0.977006,0,0.62808,0.59892,37.685,1.198,875.000,350.000,-1,325.000,575.000,275.000,275.000,275.000,300.000,-1,-1,-1,-1,550.000,500.000,750.000,550.000,0,0,2,0,0,0,0,0,0,2,2,2,2,0,0,0,0
155,3029.234,9446.955,65.847,54.553,0.590126,-0.807198,-0.013508,0.790829,0.574633,0.210679,-0.162298,-0.135010,0.977462,0,0.62831,0.60168,37.699,1.203,875.000,350.000,-1,325.000,550.000,275.000,275.000,275.000,300.000,-1,-1,-1,-1,550.000,500.000,750.000,550.000,0,0,2,0,0,0,0,0,0,2,2,2,2,0,0,0,0
156,3050.462,9478.141,60.251,55.762,0.573054,-0.819334,-0.017340,0.803546,0.557603,0.208308,-0.161005,-0.133305,0.977910,0,0.62883,0.60451,37.730,1.209,900.000,350.000,-1,325.000,550.000,275.000,275.000,275.000,300.000,-1,-1,-1,-1,550.000,500.000,750.000,550.000,0,0,2,0,0,0,0,0,0,2,2,2,2,0,0,0,0
157,3071.049,9509.810,54.574,56.977,0.555652,-0.831142,-0.021327,0.815957,0.540218,0.205862,-0.159579,-0.131790,0.978349,0,0.62960,0.60741,37.776,1.215,925.000,350.000,-1,325.000,550.000,275.000,275.000,275.000,325.000,-1,-1,-1,-1,550.000,500.000,775.000,525.000,0,0,2,0,0,0,0,0,0,2,2,2,2,0,0,0,0
158,3090.988,9541.961,48.813,58.198,0.537920,-0.842611,-0.025465,0.828052,0.522481,0.203331,-0.158025,-0.130462,0.978779,0,0.63061,0.61037,37.837,1.221,925.000,350.000,-1,325.000,525.000,275.000,275.000,275.000,325.000,-1,-1,-1,-1,550.000,500.000,775.000,525.000,0,0,2,0,0,0,0,0,0,2,2,2,2,0,0,0,0
159,3110.272,9574.596,42.966,59.425,0.519861,-0.853733,-0.029746,0.839821,0.504397,0.200707,-0.156346,-0.129321,0.979200,0,0.63184,0.61338,37.910,1.227,950.000,350.000,-1,325.000,525.000,275.000,275.000,275.000,325.000,-1,-1,-1,-1,550.000,500.000,800.000,525.000,0,0,2,0,0,0,0,0,0,2,2,2,2,0,0,0,0
160,3128.890,9607.713,37.031,60.658,0.501477,-0.864496,-0.034163,0.851255,0.485972,0.197979,-0.154550,-0.128363,0.979611,0,0.63327,0.61646,37.996,1.233,950.000,350.000,-1,325.000,525.000,300.000,275.000,275.000,325.000,-1,400.000,500.000,-1,550.000,500.000,800.000,525.000,0,0,2,0,0,0,0,0,0,2,0,0,2,0,0,0,0
161,3146.834,9641.311,31.004,61.897,0.482769,-0.874892,-0.038708,0.862343,0.467210,0.195140,-0.152642,-0.127587,0.980011,0,0.63488,0.61958,38.093,1.239,950.000,350.000,-1,325.000,525.000,300.000,275.000,275.000,325.000,950.000,325.000,425.000,-1,550.000,500.000,825.000,550.000,0,0,2,0,0,0,0,0,0,0,0,0,2,0,0,0,0
162,3164.091,9675.386,24.888,63.142,0.463738,-0.884912,-0.043347,0.873072,0.448119,0.192185,-0.150642,-0.126969,0.980401,0,0.63666,0.62274,38.200,1.245,950.000,350.000,-1,325.000,525.000,300.000,275.000,275.000,325.000,875.000,300.000,400.000,-1,550.000,500.000,850.000,550.000,0,0,2,0,0,0,0,0,0,0,0,0,2,0,0,0,0
163,3180.650,9709.934,18.840,64.394,0.444327,-0.894616,-0.047284,0.883375,0.428738,0.189296,-0.149075,-0.125879,0.980781,0,0.63859,0.62596,38.315,1.252,950.000,350.000,-1,325.000,525.000,275.000,275.000,275.000,325.000,825.000,300.000,375.000,-1,575.000,500.000,850.000,550.000,0,0,2,0,0,0,0,0,0,0,0,0,2,0,0,0,0
164,3196.497,9744.950,12.725,65.653,0.424593,-0.903937,-0.051166,0.893285,0.409042,0.186350,-0.147520,-0.124829,0.981150,0,0.64066,0.62921,38.440,1.258,950.000,350.000,-1,325.000,525.000,275.000,275.000,275.000,325.000,775.000,300.000,375.000,-1,575.000,500.000,850.000,550.000,0,0,2,0,0,0,0,0,0,0,0,0,2,0,0,0,0
165,3211.621,9780.428,6.797,66.918,0.404361,-0.912982,-0.054370,0.902997,0.389086,0.182232,-0.145220,-0.122783,0.981751,0,0.64285,0.63250,38.571,1.265,950.000,350.000,-1,325.000,525.000,275.000,275.000,275.000,300.000,750.000,300.000,350.000,-1,575.000,500.000,850.000,550.000,0,0,2,0,0,0,0,0,0,0,0,0,2,0,0,0,0
166,3224.307,9811.723,1.769,67.943,0.387672,-0.920059,-0.056579,0.910714,0.372799,0.177823,-0.142515,-0.120465,0.982435,0,0.56285,0.51250,33.771,1.025,975.000,350.000,-1,325.000,525.000,275.000,275.000,275.000,300.000,725.000,300.000,325.000,-1,575.000,525.000,900.000,550.000,0,0,2,0,0,0,0,0,0,0,0,0,2,0,0,0,0
167,3234.820,9838.716,-2.544,68.728,0.374772,-0.925279,-0.058339,0.916482,0.360236,0.174042,-0.140022,-0.118693,0.983009,0,0.48285,0.39250,28.971,0.785,1000.000,350.000,-1,325.000,525.000,275.000,275.000,275.000,300.000,700.000,300.000,325.000,-1,600.000,525.000,925.000,550.000,0,0,2,0,0,0,0,0,0,0,0,0,2,0,0,0,0
168,3243.376,9861.320,-6.130,69.273,0.365736,-0.928802,-0.059704,0.920471,0.351470,0.170885,-0.137734,-0.117454,0.983480,0,0.40285,0.27250,24.171,0.545,-1,350.000,-1,325.000,525.000,300.000,275.000,275.000,300.000,675.000,300.000,300.000,-1,600.000,525.000,925.000,575.000,2,0,2,0,0,0,0,0,0,0,0,0,2,0,0,0,0
169,3250.137,9879.471,-8.978,69.578,0.360609,-0.930739,-0.060717,0.922801,0.346551,0.168350,-0.135648,-0.116738,0.983856,0,0.32285,0.15250,19.371,0.305,-1,350.000,-1,325.000,525.000,300.000,275.000,275.000,300.000,675.000,300.000,300.000,-1,600.000,525.000,950.000,575.000,2,0,2,0,0,0,0,0,0,0,0,0,2,0,0,0,0
170,3255.206,9893.131,-11.085,69.643,0.359417,-0.931154,-0.061408,0.923541,0.345503,0.166433,-0.133758,-0.116531,0.984139,0,0.24285,0.03250,14.571,0.065,-1,350.000,-1,325.000,525.000,300.000,275.000,275.000,300.000,650.000,275.000,275.000,-1,600.000,525.000,975.000,575.000,2,0,2,0,0,0,0,0,0,0,0,0,2,0,0,0,0
171,3258.633,9902.282,-12.386,69.468,0.362207,-0.930037,-0.061940,0.922670,0.348324,0.165380,-0.132234,-0.117052,0.984283,0,0.16285,-0.08750,9.771,-0.175,-1,350.000,-1,325.000,525.000,300.000,275.000,275.000,300.000,650.000,275.000,275.000,-1,600.000,525.000,975.000,575.000,2,0,2,0,0,0,0,0,0,0,0,0,2,0,0,0,0
172,3260.409,9906.925,-12.971,69.053,0.368909,-0.927388,-0.062113,0.920210,0.355012,0.164863,-0.130841,-0.117977,0.984359,0,0.08285,-0.20750,4.971,-0.415,-1,350.000,-1,325.000,525.000,300.000,275.000,275.000,300.000,650.000,300.000,275.000,-1,600.000,525.000,975.000,575.000,2,0,2,0,0,0,0,0,0,0,0,0,2,0,0,0,0
173,3260.471,9907.086,-12.882,68.398,0.379466,-0.923135,-0.061859,0.916104,0.365537,0.164731,-0.129457,-0.119179,0.984397,0,0.00285,-0.32750,0.171,-0.655,-1,350.000,-1,325.000,525.000,300.000,275.000,300.000,300.000,650.000,300.000,275.000,-1,600.000,525.000,975.000,575.000,2,0,2,0,0,0,0,0,0,0,0,0,2,0,0,0,0
174,3258.699,9902.812,-12.122,67.503,0.393825,-0.917145,-0.061212,0.910223,0.379842,0.164968,-0.128049,-0.120685,0.984398,0,-0.07715,-0.44750,-4.629,-0.895,-1,350.000,-1,325.000,525.000,300.000,275.000,300.000,300.000,650.000,300.000,300.000,-1,600.000,525.000,975.000,575.000,2,0,2,0,0,0,0,0,0,0,0,0,2,0,0,0,0
175,3254.938,9894.167,-10.683,66.506,0.409764,-0.910204,-0.060189,0.903265,0.395662,0.166026,-0.127303,-0.122398,0.984283,0,-0.15715,-0.49857,-9.429,-0.997,-1,350.000,-1,325.000,525.000,300.000,275.000,300.000,300.000,650.000,300.000,300.000,-1,600.000,525.000,950.000,575.000,2,0,2,0,0,0,0,0,0,0,0,0,2,0,0,0,0
176,3249.037,9881.222,-8.606,65.507,0.425652,-0.902976,-0.058770,0.895875,0.411380,0.167852,-0.127389,-0.124097,0.984059,0,-0.23715,-0.49938,-14.229,-0.999,-1,350.000,-1,325.000,525.000,300.000,275.000,300.000,300.000,650.000,275.000,300.000,-1,600.000,525.000,925.000,550.000,2,0,2,0,0,0,0,0,0,0,0,0,2,0,0,0,0
177,3244.942,9872.732,-7.144,64.268,0.445104,-0.893622,-0.057633,0.886549,0.430685,0.168942,-0.126149,-0.126291,0.983939,0,-0.15715,-0.61938,-9.429,-1.239,1000.000,350.000,-1,325.000,525.000,300.000,275.000,300.000,300.000,675.000,275.000,300.000,-1,600.000,525.000,925.000,550.000,0,0,2,0,0,0,0,0,0,0,0,0,2,0,0,0,0
178,3242.827,9868.618,-6.293,62.835,0.467280,-0.882280,-0.056846,0.875423,0.452741,0.169296,-0.123630,-0.128872,0.983925,0,-0.07715,-0.71633,-4.629,-1.433,1000.000,350.000,-1,325.000,525.000,275.000,275.000,300.000,300.000,675.000,275.000,325.000,-1,575.000,500.000,900.000,550.000,0,0,2,0,0,0,0,0,0,0,0,0,2,0,0,0,0
179,3242.907,9868.772,-6.043,61.402,0.489134,-0.870368,-0.056640,0.863892,0.474501,0.168934,-0.120159,-0.131562,0.983999,0,0.00285,-0.71672,0.171,-1.433,975.000,350.000,-1,325.000,525.000,300.000,275.000,300.000,300.000,675.000,275.000,325.000,-1,575.000,500.000,900.000,550.000,0,0,2,0,0,0,0,0,0,0,0,0,2,0,0,0,0
180,3245.393,9873.080,-6.378,59.969,0.510633,-0.857904,-0.057050,0.851973,0.495939,0.167889,-0.115740,-0.134335,0.984154,0,0.08285,-0.71671,4.971,-1.433,975.000,350.000,-1,325.000,525.000,300.000,275.000,300.000,300.000,675.000,275.000,325.000,-1,575.000,500.000,900.000,550.000,0,0,2,0,0,0,0,0,0,0,0,0,2,0,0,0,0
181,3250.491,9881.418,-7.263,58.536,0.531752,-0.844900,-0.058173,0.839682,0.517025,0.166189,-0.110336,-0.137218,0.984376,0,0.16285,-0.71629,9.771,-1.433,975.000,350.000,-1,325.000,525.000,300.000,275.000,300.000,300.000,650.000,250.000,325.000,-1,600.000,500.000,925.000,550.000,0,0,2,0,0,0,0,0,0,0,0,0,2,0,0,0,0
182,3258.403,9893.657,-8.661,57.105,0.552461,-0.831369,-0.060113,0.827037,0.537733,0.163871,-0.103913,-0.140248,0.984648,0,0.24285,-0.71548,14.571,-1.431,1000.000,350.000,-1,325.000,550.000,300.000,275.000,300.000,300.000,650.000,250.000,300.000,-1,600.000,525.000,925.000,575.000,0,0,2,0,0,0,0,0,0,0,0,0,2,0,0,0,0
183,3269.324,9909.659,-10.532,55.676,0.572728,-0.817323,-0.062974,0.814053,0.558032,0.160987,-0.096437,-0.143466,0.984945,0,0.32285,-0.71429,19.371,-1.429,-1,350.000,-1,325.000,575.000,300.000,275.000,300.000,300.000,625.000,250.000,300.000,-1,600.000,525.000,975.000,575.000,2,0,2,0,0,0,0,0,0,0,0,0,2,0,0,0,0
184,3283.442,9929.280,-12.655,54.251,0.592598,-0.802701,-0.067077,0.800637,0.577840,0.158370,-0.088364,-0.147554,0.985099,0,0.40285,-0.71271,24.171,-1.425,-1,350.000,-1,325.000,600.000,300.000,275.000,325.000,300.000,625.000,250.000,300.000,-1,600.000,525.000,1000.000,600.000,2,0,2,0,0,0,0,0,0,0,0,0,2,0,0,0,0
185,3300.943,9952.371,-15.069,52.829,0.611988,-0.787548,-0.072377,0.786869,0.597149,0.155725,-0.079422,-0.152253,0.985145,0,0.48285,-0.71090,28.971,-1.422,-1,350.000,-1,325.000,625.000,300.000,300.000,325.000,300.000,600.000,225.000,275.000,-1,600.000,525.000,-1,650.000,2,0,2,0,0,0,0,0,0,0,0,0,2,0,0,2,0
186,3322.003,9978.775,-17.769,51.411,0.630842,-0.771888,-0.078906,0.772796,0.615949,0.152946,-0.069455,-0.157463,0.985079,0,0.56285,-0.70915,33.771,-1.418,-1,350.000,-1,325.000,700.000,300.000,300.000,325.000,325.000,575.000,225.000,275.000,-1,625.000,550.000,-1,700.000,2,0,2,0,0,0,0,0,0,0,0,0,2,0,0,2,0
187,3346.793,10008.328,-20.703,49.997,0.649111,-0.755730,-0.086756,0.758446,0.634209,0.150132,-0.058438,-0.163252,0.984852,0,0.64285,-0.70715,38.571,-1.414,-1,375.000,-1,350.000,825.000,300.000,300.000,325.000,325.000,575.000,225.000,225.000,-1,625.000,550.000,-1,800.000,2,0,2,0,0,0,0,0,0,0,0,0,2,0,0,2,0
188,3375.479,10040.861,-23.486,48.587,0.666792,-0.739244,-0.094373,0.743736,0.652033,0.147342,-0.047387,-0.168435,0.984573,0,0.72285,-0.70489,43.371,-1.410,-1,375.000,-1,350.000,1000.000,300.000,300.000,300.000,325.000,550.000,200.000,200.000,-1,625.000,575.000,-1,950.000,2,0,2,0,0,0,0,0,0,0,0,0,2,0,0,2,0
189,3405.262,10073.007,-25.443,47.182,0.684025,-0.722671,-0.099277,0.728461,0.669620,0.144753,-0.038131,-0.171334,0.984475,0,0.73029,-0.70236,43.818,-1.405,-1,375.000,-1,350.000,-1,300.000,300.000,300.000,325.000,575.000,175.000,175.000,-1,625.000,575.000,-1,-1,2,0,2,0,2,0,0,0,0,0,0,0,2,0,0,2,2
190,3435.882,10104.479,-27.117,45.782,0.700749,-0.705749,-0.104257,0.712821,0.686731,0.142432,-0.028924,-0.174125,0.984299,0,0.73177,-0.69983,43.906,-1.400,-1,350.000,-1,350.000,-1,300.000,300.000,300.000,325.000,575.000,175.000,175.000,-1,650.000,600.000,-1,-1,2,0,2,0,2,0,0,0,0,0,0,0,2,0,0,2,2
191,3467.322,10135.257,-28.446,44.388,0.716946,-0.688464,-0.109565,0.696852,0.703335,0.140415,-0.019610,-0.177020,0.984012,0,0.73322,-0.69732,43.993,-1.395,-1,350.000,-1,350.000,-1,300.000,300.000,300.000,325.000,600.000,175.000,175.000,-1,650.000,600.000,-1,-1,2,0,2,0,2,0,0,0,0,0,0,0,2,0,0,2,2
192,3499.561,10165.322,-29.522,42.998,0.732639,-0.670876,-0.114741,0.680537,0.719472,0.138671,-0.010478,-0.179681,0.983669,0,0.73463,-0.69482,44.078,-1.390,-1,350.000,-1,350.000,-1,300.000,300.000,300.000,325.000,600.000,150.000,175.000,-1,650.000,625.000,-1,-1,2,0,2,0,2,0,0,0,0,0,0,0,2,0,0,2,2
193,3532.582,10194.653,-30.107,41.614,0.747919,-0.653110,-0.118595,0.663787,0.735265,0.137011,-0.002285,-0.181195,0.983445,0,0.73603,-0.69233,44.162,-1.385,-1,350.000,-1,350.000,-1,300.000,300.000,300.000,325.000,625.000,175.000,175.000,-1,675.000,650.000,-1,-1,2,0,2,0,2,0,0,0,0,0,0,0,2,0,0,2,2
194,3567.351,10224.131,-29.788,40.300,0.761947,-0.636243,-0.120964,0.647612,0.750225,0.133272,0.005957,-0.179884,0.983670,0,0.75964,-0.65665,45.578,-1.313,-1,375.000,-1,350.000,-1,300.000,300.000,300.000,325.000,650.000,175.000,175.000,-1,700.000,675.000,-1,-1,2,0,2,0,2,0,0,0,0,0,0,0,2,0,0,2,2
195,3602.827,10252.840,-29.133,38.992,0.775498,-0.619162,-0.123457,0.631184,0.764814,0.129099,0.014489,-0.178040,0.983917,0,0.76054,-0.65401,45.632,-1.308,-1,375.000,-1,375.000,-1,300.000,300.000,300.000,325.000,675.000,200.000,200.000,-1,725.000,675.000,-1,-1,2,0,2,0,2,0,0,0,0,0,0,0,2,0,0,2,2
196,3638.978,10280.761,-28.273,37.690,0.788615,-0.601822,-0.126081,0.614461,0.778956,0.125164,0.022885,-0.176178,0.984092,0,0.76121,-0.65126,45.673,-1.303,-1,375.000,-1,375.000,-1,300.000,300.000,300.000,325.000,725.000,225.000,200.000,-1,775.000,700.000,-1,-1,2,0,2,0,2,0,0,0,0,0,0,0,2,0,0,2,2
197,3675.772,10307.871,-27.210,36.393,0.801294,-0.584237,-0.128821,0.597459,0.792645,0.121474,0.031140,-0.174302,0.984200,0,0.76164,-0.64841,45.699,-1.297,-1,375.000,-1,375.000,-1,300.000,300.000,300.000,300.000,750.000,225.000,200.000,-1,800.000,725.000,-1,-1,2,0,2,0,2,0,0,0,0,0,0,0,2,0,0,2,2
198,3713.177,10334.152,-25.943,35.102,0.813531,-0.566421,-0.131661,0.580196,0.805878,0.118035,0.039245,-0.172414,0.984242,0,0.76183,-0.64548,45.710,-1.291,-1,400.000,-1,375.000,-1,325.000,300.000,300.000,300.000,775.000,225.000,200.000,-1,850.000,750.000,-1,-1,2,0,2,0,2,0,0,0,0,0,0,0,2,0,0,2,2
199,3751.157,10359.588,-24.241,33.817,0.825391,-0.548312,-0.134478,0.562642,0.818534,0.115911,0.046519,-0.171335,0.984114,0,0.76177,-0.64249,45.706,-1.285,-1,400.000,-1,375.000,-1,325.000,325.000,300.000,300.000,825.000,250.000,225.000,-1,900.000,775.000,-1,-1,2,0,2,0,2,0,0,0,0,0,0,0,2,0,0,2,2
200,3789.680,10384.162,-22.071,32.538,0.836881,-0.529920,-0.137168,0.544827,0.830589,0.115259,0.052852,-0.171190,0.983819,0,0.76148,-0.63945,45.689,-1.279,-1,400.000,-1,400.000,-1,325.000,325.000,300.000,300.000,850.000,275.000,250.000,-1,925.000,775.000,-1,-1,2,0,2,0,2,0,0,0,0,0,0,0,2,0,0,2,2
201,3828.711,10407.857,-19.685,31.265,0.847926,-0.511348,-0.139801,0.526824,0.842168,0.114930,0.058967,-0.171103,0.983487,0,0.76094,-0.63638,45.657,-1.273,-1,400.000,-1,400.000,-1,325.000,325.000,325.000,300.000,900.000,300.000,275.000,-1,950.000,800.000,-1,-1,2,0,2,0,2,0,0,0,0,0,0,0,2,0,0,2,2
202,3868.217,10430.662,-17.164,29.999,0.858564,-0.492620,-0.142101,0.508615,0.853289,0.114928,0.064637,-0.170947,0.983158,0,0.76018,-0.63332,45.611,-1.267,-1,425.000,-1,400.000,-1,325.000,325.000,325.000,300.000,925.000,325.000,300.000,-1,975.000,825.000,-1,-1,2,0,2,0,2,0,0,0,0,0,0,0,2,0,0,2,2
203,3908.164,10452.563,-14.725,28.738,0.868899,-0.473765,-0.143391,0.490124,0.863986,0.115359,0.069235,-0.170514,0.982920,0,0.75921,-0.63027,45.552,-1.261,-1,425.000,-1,400.000,-1,325.000,325.000,300.000,300.000,975.000,325.000,325.000,-1,975.000,850.000,-1,-1,2,0,2,0,2,0,0,0,0,0,0,0,2,0,0,2,2
204,3948.518,10473.551,-12.103,27.482,0.878819,-0.454731,-0.144556,0.471452,0.874209,0.116155,0.073553,-0.170231,0.982655,0,0.75803,-0.62815,45.482,-1.256,-1,425.000,-1,400.000,-1,325.000,325.000,300.000,300.000,-1,325.000,350.000,-1,1000.000,850.000,-1,-1,2,0,2,0,2,0,0,0,0,2,0,0,2,0,0,2,2
205,3989.946,10493.938,-9.248,26.205,0.888506,-0.435153,-0.145597,0.452242,0.884147,0.117312,0.077681,-0.170078,0.982364,0,0.76946,-0.63832,46.168,-1.277,-1,425.000,-1,400.000,-1,325.000,325.000,300.000,300.000,-1,350.000,400.000,-1,1000.000,850.000,-1,-1,2,0,2,0,2,0,0,0,0,2,0,0,2,0,0,2,2
206,4031.807,10513.397,-5.962,24.936,0.897881,-0.415525,-0.145429,0.432756,0.893718,0.118283,0.080823,-0.169139,0.982273,0,0.76931,-0.63479,46.159,-1.270,-1,425.000,-1,400.000,-1,325.000,325.000,300.000,300.000,-1,400.000,425.000,-1,1000.000,875.000,-1,-1,2,0,2,0,2,0,0,0,0,2,0,0,2,0,0,2,2
207,4074.062,10531.918,-2.179,23.673,0.906971,-0.395856,-0.143881,0.412976,0.902930,0.119035,0.082794,-0.167381,0.982410,0,0.76887,-0.63116,46.132,-1.262,-1,425.000,-1,400.000,-1,325.000,325.000,300.000,300.000,-1,450.000,500.000,-1,975.000,850.000,-1,-1,2,0,2,0,2,0,0,0,0,2,0,0,2,0,0,2,2
208,4116.671,10549.493,1.607,22.418,0.915653,-0.376047,-0.142014,0.393090,0.911530,0.120807,0.084021,-0.166442,0.982465,0,0.76814,-0.62746,46.088,-1.255,-1,425.000,-1,400.000,-1,325.000,325.000,300.000,300.000,-1,525.000,575.000,-1,975.000,850.000,-1,-1,2,0,2,0,2,0,0,0,0,2,0,0,2,0,0,2,2
209,4159.136,10566.136,5.473,21.403,0.922413,-0.359881,-0.140144,0.376828,0.918148,0.122497,0.084589,-0.165803,0.982524,0,0.76013,-0.50746,45.608,-1.015,-1,425.000,-1,400.000,-1,325.000,325.000,300.000,300.000,-1,600.000,675.000,-1,950.000,850.000,-1,-1,2,0,2,0,2,0,0,0,0,2,0,0,2,0,0,2,2
210,4201.760,10582.181,9.421,20.628,0.927449,-0.347448,-0.138267,0.364281,0.922977,0.124149,0.084482,-0.165510,0.982583,0,0.75903,-0.38746,45.542,-0.775,-1,425.000,-1,400.000,-1,325.000,325.000,300.000,300.000,-1,700.000,750.000,-1,925.000,825.000,-1,-1,2,0,2,0,2,0,0,0,0,2,0,0,2,0,0,2,2
211,4244.465,10597.804,13.415,20.094,0.930915,-0.338811,-0.136395,0.355514,0.926167,0.125793,0.083704,-0.165593,0.982636,0,0.75788,-0.26746,45.473,-0.535,-1,425.000,-1,400.000,-1,325.000,325.000,300.000,300.000,-1,800.000,850.000,-1,900.000,825.000,-1,-1,2,0,2,0,2,0,0,0,0,2,0,0,2,0,0,2,2
212,4287.184,10613.184,17.423,19.799,0.932918,-0.334012,-0.134537,0.350569,0.927823,0.127459,0.082254,-0.166073,0.982677,0,0.75672,-0.14746,45.403,-0.295,-1,425.000,-1,400.000,-1,325.000,325.000,300.000,300.000,-1,925.000,950.000,-1,900.000,825.000,-1,-1,2,0,2,0,2,0,0,0,0,2,0,0,2,0,0,2,2
213,4329.853,10628.501,21.413,19.744,0.933516,-0.333071,-0.132705,0.349467,0.928001,0.129176,0.080125,-0.166964,0.982702,0,0.75558,-0.02746,45.335,-0.055,-1,425.000,-1,400.000,-1,325.000,325.000,300.000,300.000,-1,-1,-1,-1,875.000,800.000,-1,-1,2,0,2,0,2,0,0,0,0,2,2,2,2,0,0,2,2
214,4372.411,10643.935,25.352,19.929,0.932723,-0.335991,-0.130911,0.352209,0.926712,0.130973,0.077311,-0.168269,0.982705,0,0.75451,0.09254,45.271,0.185,-1,400.000,-1,400.000,-1,325.000,325.000,325.000,300.000,-1,-1,-1,-1,875.000,800.000,-1,-1,2,0,2,0,2,0,0,0,0,2,2,2,2,0,0,2,2
215,4414.797,10659.665,29.209,20.354,0.930502,-0.342755,-0.129172,0.358776,0.923918,0.132876,0.073801,-0.169985,0.982679,0,0.75354,0.21254,45.212,0.425,-1,400.000,-1,400.000,-1,325.000,325.000,325.000,300.000,-1,-1,-1,-1,850.000,800.000,-1,-1,2,0,2,0,2,0,0,0,0,2,2,2,2,0,0,2,2
216,4456.948,10675.867,32.953,21.019,0.926771,-0.353325,-0.127506,0.369127,0.919535,0.134911,0.069579,-0.172098,0.982620,0,0.75268,0.33254,45.161,0.665,-1,400.000,-1,400.000,-1,325.000,325.000,325.000,300.000,-1,-1,-1,-1,850.000,800.000,-1,-1,2,0,2,0,2,0,0,0,0,2,2,2,2,0,0,2,2
217,4495.641,10691.069,36.157,21.444,0.924343,-0.360064,-0.126273,0.375679,0.916703,0.136092,0.066753,-0.173234,0.982616,0,0.69289,0.21254,41.573,0.425,-1,400.000,-1,400.000,-1,325.000,325.000,325.000,325.000,-1,-1,-1,-1,825.000,800.000,-1,-1,2,0,2,0,2,0,0,0,0,2,2,2,2,0,1,2,2
218,4534.236,10706.375,39.107,21.629,0.923312,-0.362980,-0.125462,0.378484,0.915426,0.136911,0.065155,-0.173897,0.982606,0,0.69200,0.09254,41.520,0.185,-1,400.000,-1,400.000,1000.000,325.000,325.000,325.000,325.000,-1,-1,-1,-1,825.000,800.000,-1,-1,2,0,2,0,1,0,0,0,0,2,2,2,2,0,1,2,2
219,4572.781,10721.617,41.933,21.574,0.923809,-0.362094,-0.124357,0.377455,0.915754,0.137562,0.064070,-0.174020,0.982656,0,0.69083,-0.02746,41.450,-0.055,-1,400.000,-1,400.000,950.000,325.000,325.000,325.000,300.000,-1,-1,-1,-1,825.000,800.000,-1,-1,2,0,2,0,1,0,0,0,0,2,2,2,2,0,1,2,2
220,4611.324,10736.628,44.753,21.279,0.925780,-0.357381,-0.123331,0.372646,0.917620,0.138234,0.063768,-0.173933,0.982691,0,0.68937,-0.14746,41.362,-0.295,-1,400.000,-1,400.000,925.000,325.000,325.000,325.000,300.000,-1,-1,-1,-1,825.000,800.000,-1,-1,2,0,2,0,1,0,0,0,0,2,2,2,2,0,1,2,2
221,4649.858,10751.372,47.570,20.939,0.927992,-0.351928,-0.122385,0.367122,0.919738,0.138937,0.063666,-0.173863,0.982710,0,0.68762,-0.17018,41.257,-0.340,-1,400.000,-1,400.000,900.000,325.000,325.000,325.000,300.000,-1,-1,-1,-1,800.000,800.000,-1,-1,2,0,2,0,1,0,0,0,0,2,2,2,2,0,0,2,2
222,4688.374,10765.850,50.274,20.599,0.930104,-0.346444,-0.121994,0.361684,0.921737,0.139950,0.063961,-0.174292,0.982615,0,0.68577,-0.16979,41.146,-0.340,-1,400.000,-1,400.000,875.000,325.000,325.000,325.000,300.000,-1,-1,-1,-1,800.000,800.000,-1,-1,2,0,2,0,1,0,0,0,0,2,2,2,2,0,0,2,2
223,4726.869,10780.060,52.960,20.260,0.932167,-0.340950,-0.121726,0.356263,0.923679,0.141048,0.064345,-0.174846,0.982491,0,0.68389,-0.16952,41.033,-0.339,-1,400.000,-1,400.000,850.000,325.000,325.000,325.000,300.000,-1,-1,-1,-1,800.000,800.000,-1,-1,2,0,2,0,1,0,0,0,0,2,2,2,2,0,0,2,2
224,4765.340,10794.003,55.673,19.921,0.934197,-0.335451,-0.121442,0.350835,0.925593,0.142103,0.064737,-0.175358,0.982374,0,0.68198,-0.16938,40.919,-0.339,-1,400.000,-1,400.000,825.000,325.000,325.000,325.000,300.000,-1,-1,-1,-1,800.000,825.000,-1,-1,2,0,2,0,1,0,0,0,0,2,2,2,2,1,0,2,2
225,4803.784,10807.681,58.419,19.583,0.936193,-0.329947,-0.121154,0.345395,0.927485,0.143088,0.065157,-0.175804,0.982267,0,0.68006,-0.16937,40.804,-0.339,-1,400.000,-1,400.000,800.000,325.000,325.000,325.000,300.000,-1,-1,-1,-1,-1,825.000,-1,-1,2,0,2,0,1,0,0,0,0,2,2,2,2,2,0,2,2
226,4842.201,10821.092,61.197,19.244,0.938156,-0.324432,-0.120863,0.339941,0.929356,0.144005,0.065605,-0.176185,0.982168,0,0.67816,-0.16948,40.690,-0.339,-1,400.000,-1,400.000,775.000,325.000,325.000,325.000,325.000,-1,-1,-1,-1,-1,825.000,-1,-1,2,0,2,0,1,0,0,0,0,2,2,2,2,2,0,2,2
227,4880.591,10834.239,64.008,18.904,0.940088,-0.318902,-0.120569,0.334468,0.931208,0.144854,0.066081,-0.176503,0.982080,0,0.67628,-0.16972,40.577,-0.339,-1,400.000,-1,400.000,750.000,325.000,325.000,325.000,325.000,-1,-1,-1,-1,-1,825.000,-1,-1,2,0,2,0,1,0,0,0,0,2,2,2,2,2,0,2,2
228,4918.953,10847.123,66.850,18.564,0.941989,-0.313353,-0.120275,0.328972,0.933041,0.145640,0.066585,-0.176758,0.981999,0,0.67445,-0.17007,40.467,-0.340,-1,400.000,-1,400.000,725.000,325.000,325.000,325.000,325.000,-1,-1,-1,-1,-1,850.000,-1,-1,2,0,2,0,1,0,0,0,0,2,2,2,2,2,0,2,2
229,4957.290,10859.745,69.726,18.223,0.943862,-0.307782,-0.119981,0.323451,0.934857,0.146362,0.067117,-0.176953,0.981928,0,0.67267,-0.17055,40.360,-0.341,-1,400.000,-1,400.000,700.000,325.000,325.000,325.000,325.000,-1,-1,-1,-1,-1,850.000,-1,-1,2,0,2,0,1,0,0,0,0,2,2,2,2,2,0,2,2
230,4998.327,10872.808,72.864,17.659,0.946857,-0.298564,-0.119675,0.314314,0.937859,0.147061,0.068331,-0.176861,0.981861,0,0.71775,-0.28218,43.065,-0.564,-1,400.000,-1,400.000,675.000,325.000,325.000,325.000,325.000,-1,-1,-1,-1,-1,850.000,-1,-1,2,0,2,0,1,0,0,0,0,2,2,2,2,2,0,2,2
231,5039.548,10885.480,76.079,17.089,0.949785,-0.289241,-0.119367,0.305069,0.940808,0.147691,0.069583,-0.176689,0.981804,0,0.71871,-0.28461,43.123,-0.569,-1,400.000,-1,400.000,650.000,325.000,325.000,325.000,325.000,-1,-1,-1,-1,-1,850.000,-1,-1,2,0,2,0,1,0,0,0,0,2,2,2,2,2,0,2,2
232,5080.944,10897.753,79.372,16.515,0.952644,-0.279810,-0.119059,0.295712,0.943703,0.148253,0.070873,-0.176439,0.981757,0,0.71958,-0.28711,43.175,-0.574,-1,400.000,-1,400.000,650.000,325.000,325.000,325.000,325.000,-1,-1,-1,-1,-1,850.000,-1,-1,2,0,2,0,1,0,0,0,0,2,2,2,2,2,1,2,2
233,5122.507,10909.619,82.742,15.936,0.955433,-0.270270,-0.118751,0.286242,0.946540,0.148750,0.072200,-0.176112,0.981719,0,0.72036,-0.28969,43.222,-0.579,-1,400.000,-1,400.000,625.000,325.000,325.000,325.000,325.000,-1,-1,-1,-1,-1,825.000,-1,975.000,2,0,2,0,1,0,0,0,0,2,2,2,2,2,1,2,1
234,5164.228,10921.071,86.186,15.351,0.958148,-0.260616,-0.118452,0.276657,0.949320,0.149171,0.073572,-0.175699,0.981691,0,0.72104,-0.29233,43.262,-0.585,-1,400.000,-1,425.000,600.000,325.000,325.000,325.000,325.000,-1,-1,-1,-1,-1,800.000,-1,925.000,2,0,2,0,1,0,0,0,0,2,2,2,2,2,1,2,1
235,5206.098,10932.101,89.621,14.761,0.960746,-0.250861,-0.118475,0.266991,0.952091,0.149128,0.075388,-0.174906,0.981695,0,0.72160,-0.29506,43.296,-0.590,-1,400.000,-1,425.000,575.000,325.000,325.000,325.000,325.000,-1,-1,-1,-1,-1,775.000,-1,900.000,2,0,2,0,1,0,0,0,0,2,2,2,2,2,1,2,1
236,5248.106,10942.701,93.188,14.165,0.963239,-0.240977,-0.118743,0.257246,0.954762,0.149174,0.077424,-0.174237,0.981655,0,0.72205,-0.29787,43.323,-0.596,-1,400.000,-1,425.000,550.000,325.000,325.000,325.000,325.000,-1,-1,-1,-1,-1,750.000,-1,850.000,2,0,2,0,1,0,0,0,0,2,2,2,2,2,1,2,1
237,5290.242,10952.864,96.735,13.564,0.965689,-0.230986,-0.118700,0.247312,0.957426,0.148901,0.079253,-0.173148,0.981702,0,0.72237,-0.30076,43.342,-0.602,-1,425.000,-1,425.000,550.000,325.000,350.000,325.000,325.000,-1,-1,-1,-1,-1,725.000,-1,800.000,2,0,2,0,1,0,0,0,0,2,2,2,2,2,1,2,1
238,5337.113,10963.857,100.427,13.202,0.967213,-0.224977,-0.117833,0.241185,0.959024,0.148669,0.079557,-0.172214,0.981842,0,0.80237,-0.18076,48.142,-0.362,-1,425.000,-1,425.000,525.000,350.000,350.000,325.000,300.000,-1,-1,-1,-1,-1,700.000,-1,750.000,2,0,2,0,1,0,0,0,0,2,2,2,2,2,1,2,1
239,5385.387,10975.073,103.777,13.081,0.967953,-0.222962,-0.115563,0.238811,0.959581,0.148909,0.077691,-0.171734,0.982075,0,0.82600,-0.06076,49.560,-0.122,-1,425.000,-1,425.000,500.000,325.000,350.000,300.000,300.000,-1,-1,-1,-1,-1,650.000,-1,725.000,2,0,2,0,1,0,0,0,0,2,2,2,2,2,1,2,1
240,5433.588,10986.377,106.849,13.199,0.967863,-0.224995,-0.112335,0.240220,0.959326,0.148281,0.074404,-0.170501,0.982544,0,0.82515,0.05924,49.509,0.118,-1,400.000,-1,425.000,500.000,325.000,325.000,300.000,300.000,-1,-1,-1,-1,-1,625.000,-1,675.000,2,0,2,0,1,0,0,0,1,2,2,2,2,2,1,2,1
241,5481.632,10997.964,110.215,13.558,0.966680,-0.230984,-0.110347,0.245832,0.957866,0.148521,0.071391,-0.170699,0.982733,0,0.82372,0.17924,49.423,0.358,-1,400.000,-1,425.000,500.000,325.000,325.000,300.000,275.000,-1,-1,-1,-1,-1,575.000,-1,625.000,2,0,2,0,1,0,0,0,1,2,2,2,2,2,1,2,1
242,5529.444,11009.967,113.538,14.089,0.964731,-0.239836,-0.108507,0.254306,0.955605,0.148823,0.067996,-0.171168,0.982893,0,0.82163,0.26562,49.298,0.531,-1,400.000,-1,400.000,475.000,325.000,325.000,300.000,250.000,-1,-1,-1,-1,-1,550.000,-1,575.000,2,0,2,1,1,0,0,0,1,2,2,2,2,2,1,2,1
243,5576.988,11022.361,116.773,14.609,0.962746,-0.248479,-0.106669,0.262569,0.953320,0.149123,0.064636,-0.171576,0.983048,0,0.81892,0.25995,49.135,0.520,-1,400.000,-1,400.000,450.000,325.000,325.000,300.000,225.000,-1,-1,-1,-1,-1,525.000,-1,525.000,2,0,2,1,1,0,0,0,1,2,2,2,2,2,1,2,1
244,5624.241,11035.129,119.921,15.117,0.960732,-0.256913,-0.104834,0.270620,0.951020,0.149418,0.061312,-0.171921,0.983201,0,0.81582,0.25420,48.949,0.508,-1,400.000,-1,375.000,425.000,325.000,325.000,275.000,225.000,-1,-1,-1,-1,-1,500.000,-1,475.000,2,0,2,1,1,0,1,0,1,2,2,2,2,2,1,2,1
245,5671.181,11048.250,122.983,15.615,0.958692,-0.265143,-0.103001,0.278466,0.948708,0.149702,0.058025,-0.172200,0.983352,0,0.81235,0.24863,48.741,0.497,-1,400.000,-1,350.000,400.000,325.000,325.000,275.000,225.000,-1,-1,-1,-1,-1,500.000,-1,425.000,2,1,2,1,1,1,1,0,1,2,2,2,2,2,1,2,1
246,5717.786,11061.712,125.958,16.109,0.956591,-0.273312,-0.101168,0.286246,0.946347,0.149971,0.054751,-0.172420,0.983501,0,0.80854,0.24729,48.513,0.495,-1,425.000,-1,325.000,375.000,325.000,300.000,300.000,200.000,-1,-1,-1,-1,-1,475.000,-1,400.000,2,1,2,1,1,1,1,1,1,2,2,2,2,2,1,2,1
247,5764.038,11075.503,128.845,16.601,0.954428,-0.281426,-0.099335,0.293967,0.943937,0.150223,0.051489,-0.172578,0.983649,0,0.80443,0.24617,48.266,0.492,-1,-1,-1,325.000,325.000,325.000,300.000,325.000,200.000,-1,-1,-1,-1,-1,450.000,-1,350.000,2,2,2,1,1,1,1,1,1,2,2,2,2,2,1,2,1
248,5814.823,11090.889,132.005,16.854,0.953408,-0.285583,-0.097235,0.297732,0.942699,0.150578,0.048660,-0.172512,0.983805,0,0.88443,0.12617,53.066,0.252,-1,-1,-1,300.000,275.000,325.000,275.000,400.000,200.000,-1,-1,-1,-1,-1,450.000,-1,300.000,2,2,2,1,1,1,1,1,1,2,2,2,2,2,1,2,1
249,5865.467,11106.253,136.542,16.866,0.953175,-0.285550,-0.099589,0.298316,0.941860,0.154620,0.049647,-0.177089,0.982942,0,0.88205,0.00617,52.923,0.012,-1,-1,-1,300.000,250.000,350.000,275.000,500.000,225.000,-1,-1,-1,-1,-1,450.000,-1,275.000,2,2,2,1,1,1,1,1,1,2,2,2,2,2,1,2,1
250,5915.915,11121.351,143.185,16.638,0.953164,-0.281182,-0.111425,0.296665,0.940899,0.163396,0.058896,-0.188799,0.980248,0,0.87762,-0.11383,52.657,-0.228,-1,-1,-1,325.000,250.000,375.000,300.000,625.000,225.000,-1,-1,-1,-1,-1,475.000,-1,275.000,2,2,2,1,1,1,1,1,1,2,2,2,2,2,1,2,1
251,5966.241,11135.985,147.211,16.171,0.954801,-0.272513,-0.118704,0.290592,0.939787,0.179883,0.062536,-0.206247,0.976500,0,0.87348,-0.23383,52.409,-0.468,-1,-1,-1,325.000,225.000,400.000,300.000,775.000,250.000,-1,-1,-1,-1,-1,475.000,-1,275.000,2,2,2,1,1,1,1,1,1,2,2,2,2,2,1,2,1
252,6020.792,11151.158,148.340,15.463,0.958165,-0.259120,-0.121563,0.279989,0.936698,0.210244,0.059390,-0.235485,0.970062,0,0.94366,-0.35383,56.619,-0.708,-1,-1,-1,300.000,225.000,400.000,300.000,-1,275.000,-1,-1,-1,-1,-1,475.000,-1,250.000,2,2,2,1,1,1,1,2,1,2,2,2,2,2,1,2,1
253,6075.675,11165.468,149.579,14.515,0.962712,-0.241615,-0.121685,0.264897,0.933220,0.242754,0.054906,-0.265937,0.962426,0,0.94522,-0.47383,56.713,-0.948,-1,-1,-1,300.000,200.000,400.000,300.000,-1,300.000,-1,-1,-1,-1,-1,475.000,-1,225.000,2,2,2,1,1,1,1,2,1,2,2,2,2,2,1,2,1
254,6130.933,11178.659,151.602,13.328,0.967827,-0.220369,-0.121440,0.245983,0.930212,0.272393,0.052938,-0.293501,0.954492,0,0.94670,-0.59383,56.802,-1.188,-1,-1,-1,300.000,175.000,375.000,275.000,-1,300.000,475.000,-1,-1,-1,-1,450.000,-1,200.000,2,2,2,1,1,1,1,2,1,0,2,2,2,2,1,2,1
255,6186.591,11190.484,154.662,11.900,0.973184,-0.195498,-0.121215,0.223598,0.927696,0.298972,0.054002,-0.318058,0.946532,0,0.94812,-0.71383,56.887,-1.428,-1,-1,-1,275.000,150.000,375.000,275.000,-1,300.000,350.000,0.000,-1,-1,-1,-1,-1,175.000,2,2,2,1,1,1,1,2,1,1,0,2,2,2,2,2,1
256,6242.656,11200.691,159.023,10.232,0.978423,-0.167095,-0.121523,0.198118,0.925666,0.322322,0.058632,-0.339443,0.938798,0,0.94946,-0.83383,56.968,-1.668,-1,-1,-1,275.000,125.000,375.000,275.000,-1,325.000,375.000,0.000,-1,-1,-1,-1,-1,150.000,2,2,2,1,1,1,1,2,1,1,0,2,2,2,2,2,1
257,-8199.144,6887.289,253.538,-41.729,0.746766,0.664865,-0.017198,-0.661885,0.745456,0.078765,0.065188,-0.047436,0.996745,1,0.00000,0.00000,57.043,-1.908,-1,450.000,-1,425.000,-1,350.000,350.000,325.000,375.000,-1,-1,-1,-1,-1,-1,-1,-1,2,0,2,0,2,0,0,0,0,2,2,2,2,2,2,2,2
258,-8202.713,6890.499,253.213,-41.969,0.743957,0.667991,-0.017765,-0.664948,0.742675,0.079232,0.066120,-0.047132,0.996698,0,-0.08000,-0.12000,-4.800,-0.240,-1,450.000,-1,425.000,-1,350.000,350.000,325.000,375.000,-1,-1,-1,-1,-1,-1,-1,-1,2,0,2,0,2,0,0,0,0,2,2,2,2,2,2,2,2
259,-8208.860,6896.121,252.647,-42.449,0.738304,0.674208,-0.018736,-0.671054,0.737074,0.080056,0.067784,-0.046533,0.996614,0,-0.13884,-0.24000,-8.330,-0.480,-1,450.000,-1,450.000,-1,350.000,350.000,325.000,375.000,-1,-1,-1,-1,-1,-1,-1,-1,2,0,2,0,2,0,0,0,0,2,2,2,2,2,2,2,2
260,-8214.968,6901.824,252.079,-43.040,0.731275,0.681798,-0.019687,-0.678529,0.730105,0.080902,0.069532,-0.045803,0.996528,0,-0.13929,-0.29550,-8.357,-0.591,-1,450.000,-1,450.000,-1,350.000,350.000,325.000,375.000,-1,-1,-1,-1,-1,-1,-1,-1,2,0,2,0,2,0,0,0,0,2,2,2,2,2,2,2,2
261,-8221.041,6907.612,251.509,-43.630,0.724180,0.689303,-0.020619,-0.685918,0.723070,0.081776,0.071277,-0.045078,0.996437,0,-0.13983,-0.29500,-8.390,-0.590,-1,450.000,-1,450.000,-1,350.000,350.000,325.000,375.000,-1,-1,-1,-1,-1,-1,-1,-1,2,0,2,0,2,0,0,0,0,2,2,2,2,2,2,2,2
262,-8227.077,6913.486,250.937,-44.219,0.717018,0.696722,-0.021531,-0.693219,0.715969,0.082679,0.073020,-0.044357,0.996344,0,-0.14037,-0.29449,-8.422,-0.589,-1,450.000,-1,450.000,-1,350.000,350.000,325.000,400.000,-1,-1,-1,-1,-1,-1,-1,-1,2,0,2,0,2,0,0,0,0,2,2,2,2,2,2,2,2
263,-8233.076,6919.444,250.363,-44.807,0.709792,0.704054,-0.022423,-0.700433,0.708804,0.083610,0.074759,-0.043640,0.996246,0,-0.14092,-0.29398,-8.455,-0.588,-1,450.000,-1,450.000,-1,350.000,350.000,325.000,400.000,-1,-1,-1,-1,-1,-1,-1,-1,2,0,2,0,2,0,0,0,0,2,2,2,2,2,2,2,2
264,-8239.037,6925.486,249.787,-45.394,0.702502,0.711300,-0.023294,-0.707558,0.701576,0.084568,0.076496,-0.042928,0.996145,0,-0.14147,-0.29346,-8.488,-0.587,-1,450.000,-1,450.000,-1,350.000,350.000,325.000,400.000,-1,-1,-1,-1,-1,-1,-1,-1,2,0,2,0,2,0,0,0,0,2,2,2,2,2,2,2,2
265,-8244.959,6931.614,249.209,-45.980,0.695151,0.718459,-0.024143,-0.714595,0.694287,0.085555,0.078229,-0.042221,0.996041,0,-0.14203,-0.29294,-8.522,-0.586,-1,450.000,-1,450.000,-1,350.000,350.000,325.000,400.000,-1,-1,-1,-1,-1,-1,-1,-1,2,0,2,0,2,0,0,0,0,2,2,2,2,2,2,2,2
266,-8250.841,6937.826,248.471,-46.565,0.687717,0.725546,-0.025064,-0.721613,0.686954,0.085839,0.079498,-0.040947,0.995994,0,-0.14259,-0.29242,-8.555,-0.585,-1,450.000,-1,450.000,-1,350.000,350.000,325.000,375.000,-1,-1,-1,-1,-1,-1,-1,-1,2,0,2,0,2,0,0,0,0,2,2,2,2,2,2,2,2
267,-8256.683,6944.122,247.614,-47.149,0.680216,0.732553,-0.025932,-0.728588,0.679568,0.085714,0.080413,-0.039410,0.995982,0,-0.14315,-0.29188,-8.589,-0.584,-1,450.000,-1,450.000,-1,350.000,350.000,325.000,375.000,-1,-1,-1,-1,-1,-1,-1,-1,2,0,2,0,2,0,0,0,0,2,2,2,2,2,2,2,2
268,-8259.243,6946.914,247.231,-47.493,0.675769,0.736642,-0.026351,-0.732665,0.675184,0.085606,0.080852,-0.038543,0.995981,0,-0.06315,-0.17188,-3.789,-0.344,-1,450.000,-1,450.000,-1,350.000,350.000,325.000,375.000,-1,-1,-1,-1,-1,-1,-1,-1,2,0,2,0,2,0,0,0,0,2,2,2,2,2,2,2,2
269,-8258.561,6946.168,247.321,-47.596,0.674430,0.737869,-0.026327,-0.733902,0.673854,0.085488,0.080820,-0.038334,0.995991,0,0.01685,-0.05188,1.011,-0.104,-1,450.000,-1,450.000,-1,350.000,350.000,325.000,375.000,-1,-1,-1,-1,-1,-1,-1,-1,2,0,2,0,2,0,0,0,0,2,2,2,2,2,2,2,2
270,-8254.632,6941.886,247.855,-47.460,0.676222,0.736249,-0.025716,-0.732317,0.675592,0.085372,0.080228,-0.038898,0.996017,0,0.09685,0.06812,5.811,0.136,-1,450.000,-1,450.000,-1,350.000,350.000,325.000,375.000,-1,-1,-1,-1,-1,-1,-1,-1,2,0,2,0,2,0,0,0,0,2,2,2,2,2,2,2,2
271,-8247.406,6934.116,248.832,-47.084,0.681125,0.731757,-0.024483,-0.727885,0.680375,0.085282,0.079063,-0.040267,0.996056,0,0.17685,0.18812,10.611,0.376,-1,450.000,-1,450.000,-1,350.000,350.000,325.000,375.000,-1,-1,-1,-1,-1,-1,-1,-1,2,0,2,0,2,0,0,0,0,2,2,2,2,2,2,2,2
272,-8236.791,6922.944,250.049,-46.468,0.689046,0.724358,-0.022823,-0.720644,0.688168,0.084247,0.076731,-0.041603,0.996183,0,0.25685,0.30812,15.411,0.616,-1,450.000,-1,450.000,-1,350.000,350.000,325.000,400.000,-1,-1,-1,-1,-1,-1,-1,-1,2,0,2,0,2,0,0,0,0,2,2,2,2,2,2,2,2
273,-8222.653,6908.502,251.433,-45.611,0.699878,0.713962,-0.020726,-0.710522,0.698885,0.081968,0.073007,-0.042642,0.996419,0,0.33685,0.42812,20.211,0.856,-1,450.000,-1,450.000,-1,350.000,350.000,325.000,400.000,-1,-1,-1,-1,-1,-1,-1,-1,2,0,2,0,2,0,0,0,0,2,2,2,2,2,2,2,2
274,-8204.819,6890.968,253.148,-44.515,0.713504,0.700419,-0.018010,-0.697309,0.712374,0.079269,0.068352,-0.044000,0.996691,0,0.41685,0.54812,25.011,1.096,-1,450.000,-1,425.000,-1,350.000,350.000,325.000,375.000,-1,-1,-1,-1,-1,-1,-1,-1,2,0,2,0,2,0,0,0,0,2,2,2,2,2,2,2,2
275,-8183.079,6870.570,255.196,-43.179,0.729744,0.683564,-0.014600,-0.680835,0.728458,0.076239,0.062750,-0.045695,0.996983,0,0.49685,0.66812,29.811,1.336,-1,425.000,-1,425.000,-1,350.000,350.000,325.000,375.000,-1,-1,-1,-1,-1,-1,-1,-1,2,0,2,0,2,0,0,0,0,2,2,2,2,2,2,2,2
276,-8157.198,6847.592,257.316,-41.603,0.748322,0.663234,-0.011605,-0.660887,0.746947,0.072786,0.056942,-0.046797,0.997280,0,0.57685,0.78812,34.611,1.576,-1,425.000,-1,425.000,-1,350.000,350.000,325.000,375.000,-1,-1,-1,-1,-1,-1,-1,-1,2,0,2,0,2,0,0,0,0,2,2,2,2,2,2,2,2
277,-8126.914,6822.372,259.098,-39.786,0.768918,0.639256,-0.010807,-0.637220,0.767627,0.068550,0.052116,-0.045823,0.997589,0,0.65685,0.90812,39.411,1.816,-1,425.000,-1,425.000,-1,350.000,325.000,325.000,375.000,-1,-1,-1,-1,-1,-1,-1,-1,2,0,2,0,2,0,0,0,0,2,2,2,2,2,2,2,2
278,-8091.974,6795.284,260.850,-37.786,0.790752,0.612066,-0.009270,-0.610294,0.789456,0.065580,0.047457,-0.046200,0.997804,0,0.73685,1.00000,44.211,2.000,-1,450.000,-1,400.000,-1,325.000,325.000,325.000,350.000,-1,-1,-1,-1,-1,-1,-1,-1,2,0,2,0,2,0,0,0,0,2,2,2,2,2,2,2,2
279,-8052.216,6766.625,262.802,-35.786,0.811641,0.584116,-0.006880,-0.582617,0.810300,0.063024,0.042388,-0.047144,0.997988,0,0.81685,1.00000,49.011,2.000,-1,450.000,-1,400.000,-1,325.000,325.000,325.000,325.000,-1,-1,-1,-1,-1,-1,-1,-1,2,0,2,0,2,0,0,0,0,2,2,2,2,2,2,2,2
280,-8008.553,6737.263,264.920,-33.922,0.830232,0.557406,-0.003666,-0.556183,0.828813,0.061073,0.037081,-0.048666,0.998127,0,0.87697,0.93213,52.618,1.864,-1,450.000,-1,400.000,-1,350.000,325.000,325.000,325.000,-1,0.000,0.000,-1,-1,-1,-1,-1,2,0,2,0,2,0,0,0,0,2,0,0,2,2,2,2,2
281,-7968.133,6711.714,266.859,-32.298,0.845712,0.533640,-0.000330,-0.532665,0.844202,0.059924,0.032256,-0.050503,0.998203,0,0.79697,0.81213,47.818,1.624,-1,450.000,-1,400.000,-1,350.000,325.000,325.000,300.000,-1,0.000,0.000,-1,-1,-1,-1,-1,2,0,2,0,2,0,0,0,0,2,0,0,2,2,2,2,2
282,-7931.225,6689.616,268.354,-30.914,0.858373,0.513009,0.004222,-0.512310,0.856711,0.059878,0.027101,-0.053561,0.998197,0,0.71697,0.69213,43.018,1.384,-1,450.000,-1,425.000,-1,350.000,325.000,325.000,300.000,-1,0.000,0.000,-1,-1,-1,-1,-1,2,0,2,0,2,0,0,0,0,2,0,0,2,2,2,2,2
283,-7898.049,6670.642,269.629,-29.769,0.868445,0.495710,0.008721,-0.495281,0.866630,0.060408,0.022387,-0.056781,0.998136,0,0.63697,0.57213,38.218,1.144,-1,450.000,-1,425.000,-1,350.000,325.000,325.000,325.000,-1,0.000,0.000,-1,-1,-1,-1,-1,2,0,2,0,2,0,0,0,0,2,0,0,2,2,2,2,2
284,-7868.782,6654.512,270.736,-28.865,0.876141,0.481885,0.012810,-0.481707,0.874190,0.061243,0.018314,-0.059828,0.998041,0,0.55697,0.45213,33.418,0.904,-1,450.000,-1,425.000,-1,350.000,350.000,325.000,325.000,-1,0.000,-1,-1,-1,-1,-1,-1,2,0,2,0,2,0,0,0,0,2,0,2,2,2,2,2,2
285,-7843.560,6640.991,271.675,-28.201,0.881640,0.471638,0.016414,-0.471687,0.879568,0.062221,0.014909,-0.062599,0.997927,0,0.47697,0.33213,28.618,0.664,-1,450.000,-1,450.000,-1,350.000,350.000,300.000,350.000,-1,-1,-1,-1,-1,-1,-1,-1,2,0,2,0,2,0,0,0,0,2,2,2,2,2,2,2,2
286,-7822.485,6629.893,272.449,-27.777,0.885075,0.465040,0.019485,-0.465288,0.882900,0.063206,0.012190,-0.065008,0.997810,0,0.39697,0.21213,23.818,0.424,-1,450.000,-1,450.000,-1,350.000,350.000,300.000,350.000,-1,-1,-1,-1,-1,-1,-1,-1,2,0,2,0,2,0,0,0,0,2,2,2,2,2,2,2,2
287,-7805.629,6621.086,273.057,-27.592,0.886536,0.462137,0.021991,-0.462548,0.884275,0.064089,0.010172,-0.066989,0.997702,0,0.31697,0.09213,19.018,0.184,-1,450.000,-1,450.000,-1,350.000,350.000,300.000,350.000,-1,-1,-1,-1,1000.000,-1,-1,-1,2,0,2,0,2,0,0,0,0,2,2,2,2,0,2,2,2
288,-7793.033,6614.488,273.272,-27.648,0.886074,0.462976,0.022931,-0.463446,0.883785,0.064360,0.009532,-0.067655,0.997663,0,0.23697,-0.02787,14.218,-0.056,-1,450.000,-1,450.000,-1,350.000,350.000,300.000,350.000,-1,-1,-1,-1,1000.000,-1,-1,-1,2,0,2,0,2,0,0,0,0,2,2,2,2,0,2,2,2
289,-7784.713,6610.075,273.346,-27.944,0.883671,0.467524,0.023382,-0.468011,0.881369,0.064455,0.009526,-0.067901,0.997647,0,0.15697,-0.14787,9.418,-0.296,-1,450.000,-1,450.000,-1,350.000,350.000,300.000,350.000,-1,-1,-1,-1,1000.000,-1,-1,-1,2,0,2,0,2,0,0,0,0,2,2,2,2,0,2,2,2
290,-7780.653,6607.872,273.368,-28.480,0.879266,0.475740,0.023734,-0.476229,0.876951,0.064526,0.009884,-0.068038,0.997634,0,0.07697,-0.26787,4.618,-0.536,-1,450.000,-1,450.000,-1,350.000,350.000,300.000,350.000,-1,-1,-1,-1,1000.000,-1,-1,-1,2,0,2,0,2,0,0,0,0,2,2,2,2,0,2,2,2
291,-7780.811,6607.961,273.335,-29.255,0.872755,0.487569,0.023985,-0.488043,0.870428,0.064565,0.010603,-0.068056,0.997625,0,-0.00303,-0.38787,-0.182,-0.776,-1,450.000,-1,450.000,-1,350.000,350.000,300.000,350.000,-1,-1,-1,-1,1000.000,-1,-1,-1,2,0,2,0,2,0,0,0,0,2,2,2,2,0,2,2,2
292,-7785.118,6610.463,273.244,-30.161,0.864953,0.501274,0.024105,-0.501720,0.862617,0.064577,0.011577,-0.067950,0.997622,0,-0.08303,-0.45298,-4.982,-0.906,-1,450.000,-1,450.000,-1,350.000,350.000,300.000,350.000,-1,-1,-1,-1,1000.000,-1,-1,-1,2,0,2,0,2,0,0,0,0,2,2,2,2,0,2,2,2
293,-7793.496,6615.510,273.091,-31.067,0.856936,0.514861,0.024059,-0.515267,0.854593,0.064581,0.012689,-0.067739,0.997622,0,-0.16303,-0.45310,-9.782,-0.906,-1,450.000,-1,450.000,-1,350.000,350.000,300.000,350.000,-1,-1,-1,-1,1000.000,-1,-1,-1,2,0,2,0,2,0,0,0,0,2,2,2,2,0,2,2,2
294,-7805.866,6623.231,272.667,-31.974,0.848712,0.528356,0.022973,-0.528655,0.846397,0.064303,0.014530,-0.066720,0.997666,0,-0.24303,-0.45332,-14.582,-0.907,-1,450.000,-1,450.000,-1,350.000,350.000,300.000,350.000,-1,-1,-1,-1,1000.000,-1,-1,-1,2,0,2,0,2,0,0,0,0,2,2,2,2,0,2,2,2
295,-7822.143,6633.751,271.942,-32.881,0.840278,0.541758,0.020752,-0.541883,0.838029,0.063795,0.017171,-0.064851,0.997747,0,-0.32303,-0.45362,-19.382,-0.907,-1,450.000,-1,450.000,-1,350.000,325.000,300.000,350.000,-1,-1,-1,-1,-1,-1,-1,-1,2,0,2,0,2,0,0,0,0,2,2,2,2,2,2,2,2
296,-7842.184,6647.281,271.031,-34.029,0.829303,0.558507,0.018084,-0.558426,0.827130,0.063368,0.020434,-0.062650,0.997826,0,-0.40303,-0.57362,-24.182,-1.147,-1,450.000,-1,425.000,-1,350.000,325.000,300.000,325.000,-1,-1,-1,-1,-1,-1,-1,-1,2,0,2,0,2,0,0,0,0,2,2,2,2,2,2,2,2
297,-7865.821,6664.050,269.932,-35.358,0.816154,0.577638,0.015032,-0.577325,0.814069,0.063145,0.024237,-0.060215,0.997891,0,-0.48303,-0.66488,-28.982,-1.330,-1,450.000,-1,425.000,-1,350.000,325.000,300.000,325.000,-1,-1,50.000,-1,-1,-1,-1,-1,2,0,2,0,2,0,0,0,0,2,2,0,2,2,2,2,2
298,-7892.478,6683.909,268.670,-36.689,0.802549,0.596472,0.011691,-0.595913,0.800557,0.063225,0.028353,-0.057708,0.997931,0,-0.55404,-0.66521,-33.242,-1.330,-1,450.000,-1,425.000,-1,350.000,325.000,300.000,325.000,-1,-1,0.000,-1,-1,-1,-1,-1,2,0,2,0,2,0,0,0,0,2,2,0,2,2,2,2,2
299,-7918.554,6704.294,267.410,-38.020,0.788493,0.614983,0.008607,-0.614191,0.786586,0.063657,0.032378,-0.055480,0.997935,0,-0.55166,-0.66546,-33.099,-1.331,-1,450.000,-1,425.000,-1,350.000,325.000,300.000,325.000,-1,-1,0.000,-1,-1,-1,-1,-1,2,0,2,0,2,0,0,0,0,2,2,0,2,2,2,2,2
