timestep,x_cm,y_cm,z_cm,yaw_deg,teleport_flag,throttle_cmd,steering_cmd,cmd_move_cm,cmd_turn_deg,lidar_cm_0,lidar_cm_1,lidar_cm_2,lidar_cm_3,lidar_cm_4,lidar_cm_5,lidar_cm_6,lidar_cm_7,lidar_cm_8,lidar_cm_9,lidar_cm_10,lidar_cm_11,lidar_cm_12,lidar_cm_13,lidar_cm_14,lidar_cm_15,lidar_cm_16,lidar_class_0,lidar_class_1,lidar_class_2,lidar_class_3,lidar_class_4,lidar_class_5,lidar_class_6,lidar_class_7,lidar_class_8,lidar_class_9,lidar_class_10,lidar_class_11,lidar_class_12,lidar_class_13,lidar_class_14,lidar_class_15,lidar_class_16
0,9174.150,-1662.788,187.412,160.217,0,0.08000,0.12000,9.600,1.080,-1,375.000,-1,150.000,0.000,275.000,175.000,300.000,175.000,-1,175.000,125.000,675.000,800.000,275.000,-1,0.000,2,1,2,1,1,1,1,0,1,2,0,0,0,0,1,2,1
2,-2521.353,-530.986,-55.680,-142.022,1,0.00000,0.00000,28.800,1.201,-1,350.000,-1,300.000,575.000,275.000,275.000,350.000,325.000,-1,175.000,100.000,-1,550.000,425.000,-1,450.000,2,0,2,1,1,0,1,0,0,2,0,0,2,1,1,2,1
4,-2544.808,-547.691,-54.238,-145.262,0,0.16000,-0.24000,19.200,-2.160,-1,325.000,-1,300.000,625.000,275.000,250.000,350.000,325.000,-1,175.000,100.000,-1,500.000,400.000,-1,450.000,2,0,2,1,1,1,1,0,0,2,0,0,2,1,1,2,1
6,-2603.525,-580.277,-51.295,-152.822,0,0.32000,-0.48000,38.400,-4.320,-1,275.000,575.000,275.000,800.000,250.000,250.000,350.000,300.000,-1,250.000,150.000,975.000,425.000,400.000,-1,525.000,2,1,1,1,1,1,1,0,0,2,0,0,0,1,1,2,1
8,-2703.658,-613.283,-48.086,-164.702,0,0.48000,-0.72000,57.600,-6.480,475.000,225.000,575.000,275.000,875.000,200.000,225.000,325.000,300.000,-1,450.000,225.000,875.000,300.000,450.000,300.000,725.000,1,1,1,1,1,1,1,0,0,2,0,0,0,1,1,1,1
10,-2847.046,-622.110,-47.481,-180.165,0,0.64000,-0.87811,76.800,-7.903,75.000,200.000,850.000,325.000,900.000,175.000,225.000,300.000,275.000,-1,-1,950.000,850.000,275.000,600.000,75.000,775.000,1,1,1,1,1,1,1,0,0,2,2,0,0,1,1,1,1
12,-3026.119,-588.852,-44.749,-193.449,0,0.80000,-0.68665,96.000,-6.180,250.000,375.000,-1,500.000,-1,350.000,425.000,275.000,225.000,-1,0.000,0.000,250.000,675.000,850.000,-1,-1,1,1,2,1,2,1,1,1,0,2,0,0,0,1,1,2,2
14,2757.339,-3446.014,125.471,-60.531,1,0.08000,0.12000,9.600,1.080,775.000,325.000,-1,350.000,-1,275.000,300.000,250.000,275.000,900.000,875.000,-1,-1,575.000,625.000,875.000,-1,0,0,2,0,2,0,0,0,0,1,0,2,2,0,0,0,2
16,2782.638,-3486.801,126.463,-57.610,0,0.24000,0.16104,28.800,1.449,700.000,325.000,-1,350.000,-1,275.000,275.000,250.000,275.000,925.000,-1,-1,-1,550.000,600.000,775.000,-1,0,0,2,0,2,0,0,0,0,1,2,2,2,0,0,0,2
18,2831.657,-3557.942,127.894,-54.821,0,0.40000,0.15252,48.000,1.373,600.000,300.000,-1,325.000,-1,250.000,275.000,250.000,275.000,1000.000,-1,-1,-1,525.000,575.000,650.000,-1,0,0,2,0,2,0,0,0,0,1,2,2,2,0,0,0,2
20,2907.059,-3657.380,131.311,-52.249,0,0.56000,0.13933,67.200,1.254,600.000,325.000,-1,375.000,-1,275.000,300.000,225.000,300.000,750.000,75.000,325.000,-1,575.000,725.000,750.000,-1,0,0,2,0,2,0,0,0,0,0,0,0,2,0,0,0,2
22,3009.236,-3784.632,140.577,-50.913,0,0.72000,0.07652,86.400,0.689,-1,400.000,-1,400.000,-1,325.000,325.000,275.000,250.000,925.000,50.000,0.000,-1,750.000,825.000,-1,-1,2,0,2,0,2,0,0,0,0,0,0,0,2,0,0,2,2
24,3139.928,-3938.119,154.092,-49.053,0,0.88000,0.12433,105.600,1.119,-1,400.000,-1,400.000,-1,325.000,325.000,300.000,275.000,-1,275.000,250.000,-1,725.000,850.000,-1,-1,2,0,2,0,2,0,0,0,0,2,0,0,2,0,0,2,2
26,3296.413,-4107.721,168.290,-46.711,0,0.96314,0.13199,115.577,1.188,-1,375.000,-1,400.000,-1,325.000,325.000,275.000,300.000,-1,575.000,525.000,-1,675.000,850.000,-1,-1,2,0,2,0,2,0,0,0,0,2,0,0,2,0,0,2,2
28,3460.046,-4270.651,181.102,-44.258,0,0.96181,0.13747,115.417,1.237,-1,350.000,-1,400.000,-1,300.000,300.000,275.000,300.000,-1,900.000,875.000,-1,650.000,875.000,-1,-1,2,0,2,0,2,0,0,0,0,2,0,0,2,0,0,2,2
30,3630.294,-4425.971,192.712,-41.743,0,0.95973,0.14024,115.168,1.262,-1,400.000,-1,425.000,-1,325.000,325.000,300.000,275.000,-1,250.000,25.000,775.000,825.000,-1,-1,-1,2,0,2,0,2,0,0,0,0,2,0,0,0,0,2,2,2
32,3806.807,-4573.280,209.473,-39.215,0,0.95742,0.14027,114.891,1.262,-1,400.000,-1,450.000,-1,325.000,350.000,300.000,300.000,-1,650.000,350.000,925.000,900.000,-1,-1,-1,2,0,2,0,2,0,0,0,0,2,0,0,0,0,2,2,2
34,3989.182,-4712.428,225.066,-36.723,0,0.95541,0.13760,114.649,1.238,-1,425.000,-1,500.000,-1,350.000,375.000,300.000,325.000,-1,-1,750.000,-1,-1,-1,-1,-1,2,0,2,0,2,0,0,0,0,2,2,0,2,2,2,2,2
36,4177.012,-4843.512,239.520,-34.315,0,0.95417,0.13229,114.501,1.191,-1,450.000,-1,575.000,-1,400.000,425.000,300.000,350.000,-1,-1,-1,-1,-1,-1,-1,-1,2,0,2,0,2,0,0,0,0,2,2,2,2,2,2,2,2
38,4369.908,-4966.862,248.688,-32.038,0,0.95413,0.12441,114.496,1.120,-1,450.000,-1,450.000,-1,350.000,350.000,375.000,275.000,-1,-1,-1,-1,-1,-1,-1,-1,2,0,2,0,2,0,0,0,0,2,2,2,2,2,2,2,2
40,4567.522,-5083.026,249.841,-29.935,0,0.95564,0.11406,114.676,1.027,-1,475.000,-1,450.000,-1,375.000,375.000,375.000,275.000,-1,-1,-1,-1,-1,-1,-1,-1,2,0,2,0,2,0,0,0,0,2,2,2,2,2,2,2,2
42,4753.608,-5192.885,248.187,-31.122,0,0.90136,-0.12594,108.163,-1.133,-1,475.000,-1,475.000,-1,375.000,375.000,375.000,275.000,-1,-1,-1,-1,-1,-1,-1,-1,2,0,2,0,2,0,0,0,0,2,2,2,2,2,2,2,2
44,4932.800,-5318.320,242.262,-36.629,0,0.91713,-0.36594,110.056,-3.293,-1,400.000,-1,400.000,-1,325.000,325.000,300.000,325.000,-1,-1,-1,-1,800.000,825.000,-1,-1,2,0,2,0,2,0,0,0,0,2,2,2,2,0,0,2,2
46,5094.154,-5472.737,226.633,-46.456,0,0.93567,-0.60594,112.280,-5.453,900.000,400.000,-1,400.000,-1,325.000,325.000,300.000,300.000,-1,-1,-1,-1,800.000,750.000,-1,-1,1,0,2,0,2,0,0,0,0,2,2,2,2,0,0,2,2
48,5221.448,-5658.574,209.270,-58.584,0,0.93965,-0.66530,112.758,-5.988,-1,400.000,-1,400.000,975.000,325.000,325.000,300.000,300.000,-1,-1,-1,-1,775.000,700.000,-1,-1,2,0,2,0,1,0,0,0,0,2,2,2,2,0,0,2,2
50,5307.761,-5864.204,191.390,-70.079,0,0.92593,-0.63007,111.112,-5.671,-1,375.000,-1,350.000,800.000,300.000,300.000,300.000,300.000,-1,-1,-1,-1,700.000,650.000,-1,800.000,2,0,2,0,1,0,0,0,0,2,2,2,2,0,0,2,1
52,5350.621,-6087.180,173.586,-82.291,0,0.98095,-0.73039,117.714,-6.574,-1,350.000,825.000,350.000,650.000,275.000,275.000,300.000,300.000,-1,-1,-1,-1,600.000,550.000,825.000,625.000,2,0,1,0,1,0,0,0,0,2,2,2,2,1,1,1,1
54,5342.432,-6326.284,160.196,-95.136,0,1.00000,-0.70650,120.000,-6.359,650.000,350.000,725.000,350.000,700.000,300.000,300.000,300.000,300.000,925.000,50.000,50.000,-1,450.000,475.000,525.000,550.000,1,1,1,1,1,1,1,0,0,1,0,0,2,1,1,1,1
56,5283.236,-6558.534,154.670,-107.278,0,1.00000,-0.66206,120.000,-5.959,200.000,225.000,525.000,275.000,-1,200.000,225.000,300.000,300.000,925.000,325.000,300.000,-1,300.000,375.000,200.000,450.000,1,1,1,1,2,1,1,0,0,1,0,0,2,1,1,1,1
58,-7062.246,-17523.695,-174.266,-65.391,1,0.00000,0.00000,120.000,-6.423,-1,425.000,-1,425.000,-1,325.000,325.000,350.000,300.000,-1,-1,950.000,-1,-1,975.000,-1,-1,2,0,2,0,2,0,0,0,0,2,2,0,2,2,0,2,2
60,-7051.417,-17550.377,-175.146,-68.631,0,0.16000,-0.24000,19.200,-2.160,-1,450.000,-1,425.000,-1,350.000,325.000,350.000,300.000,-1,-1,-1,-1,-1,925.000,-1,-1,2,0,2,0,2,0,0,0,0,2,2,2,2,2,0,2,2
62,-7031.840,-17614.641,-177.644,-74.264,0,0.32000,-0.31297,38.400,-2.817,-1,450.000,-1,425.000,-1,350.000,350.000,350.000,300.000,-1,-1,-1,-1,-1,900.000,-1,-1,2,0,2,0,2,0,0,0,0,2,2,2,2,2,0,2,2
64,-7011.005,-17718.133,-182.288,-79.898,0,0.48000,-0.31297,57.600,-2.817,-1,475.000,-1,425.000,-1,350.000,350.000,350.000,300.000,-1,-1,-1,-1,-1,850.000,-1,-1,2,0,2,0,2,0,0,0,0,2,2,2,2,2,0,2,2
66,-6996.500,-17861.357,-189.534,-85.531,0,0.64000,-0.31297,76.800,-2.817,-1,500.000,-1,425.000,-1,375.000,350.000,350.000,300.000,-1,-1,-1,-1,-1,825.000,-1,-1,2,0,2,0,2,0,0,0,0,2,2,2,2,2,0,2,2
68,-6995.912,-18041.294,-199.714,-91.165,0,0.77993,-0.31297,93.592,-2.817,-1,425.000,-1,350.000,700.000,325.000,300.000,350.000,300.000,-1,-1,-1,-1,950.000,600.000,-1,850.000,2,0,2,0,0,0,0,0,0,2,2,2,2,0,0,2,0
70,-7006.921,-18236.385,-218.463,-93.558,0,0.81418,-0.07297,97.702,-0.657,-1,425.000,-1,350.000,700.000,325.000,300.000,325.000,300.000,-1,-1,-1,-1,-1,600.000,-1,800.000,2,0,2,0,0,0,0,0,0,2,2,2,2,2,0,2,0
72,-7016.890,-18431.533,-236.781,-92.713,0,0.81418,0.04697,97.702,0.423,-1,425.000,-1,350.000,700.000,325.000,300.000,325.000,300.000,-1,-1,-1,-1,-1,600.000,-1,-1,2,0,2,0,0,0,0,0,0,2,2,2,2,2,0,2,2
74,-7023.978,-18626.807,-254.744,-91.867,0,0.81418,0.04697,97.702,0.423,-1,425.000,-1,350.000,-1,325.000,300.000,300.000,300.000,-1,-1,-1,-1,-1,-1,-1,-1,2,0,2,0,2,0,0,0,0,2,2,2,2,2,2,2,2
76,-7028.184,-18822.165,-272.515,-91.022,0,0.81418,0.04697,97.702,0.423,-1,-1,-1,-1,-1,-1,-1,300.000,300.000,-1,-1,-1,-1,-1,-1,-1,-1,2,2,2,2,2,2,2,0,0,2,2,2,2,2,2,2,2
78,-7036.292,-18898.500,-279.199,-93.416,0,0.76013,-0.19303,91.216,-1.737,-1,-1,-1,-1,-1,-1,-1,300.000,300.000,-1,550.000,-1,-1,-1,-1,-1,-1,2,2,2,2,2,2,2,0,0,2,0,2,2,2,2,2,2
80,-7058.846,-18898.500,-278.447,-97.971,0,0.76013,-0.19303,91.216,-1.737,-1,-1,-1,-1,-1,-1,-1,300.000,300.000,-1,350.000,-1,-1,-1,-1,-1,-1,2,2,2,2,2,2,2,0,0,2,0,2,2,2,2,2,2
82,-7085.882,-18898.500,-277.545,-98.206,0,0.76959,0.04697,92.351,0.423,-1,-1,-1,-1,-1,-1,-1,300.000,300.000,-1,350.000,-1,-1,-1,-1,-1,-1,2,2,2,2,2,2,2,0,0,2,0,2,2,2,2,2,2
84,-7103.296,-18898.500,-276.965,-94.120,0,0.76959,0.28697,92.351,2.583,-1,-1,-1,-1,-1,-1,-1,300.000,300.000,-1,500.000,-1,-1,-1,-1,-1,-1,2,2,2,2,2,2,2,0,0,2,0,2,2,2,2,2,2
86,-7111.924,-18898.500,-276.678,-92.195,0,0.86422,0.04697,103.706,0.423,-1,-1,-1,-1,-1,-1,-1,300.000,300.000,-1,-1,-1,-1,-1,-1,-1,-1,2,2,2,2,2,2,2,0,0,2,2,2,2,2,2,2,2
88,-7124.512,-18898.500,-276.258,-94.108,0,0.86422,-0.13951,103.706,-1.256,-1,-1,-1,-1,-1,-1,-1,300.000,300.000,-1,500.000,-1,-1,-1,-1,-1,-1,2,2,2,2,2,2,2,0,0,2,0,2,2,2,2,2,2
90,-7149.541,-18898.500,-275.422,-99.859,0,0.70422,-0.37951,84.506,-3.416,-1,-1,-1,-1,-1,-1,-1,300.000,325.000,-1,300.000,-1,-1,-1,-1,-1,-1,2,2,2,2,2,2,2,0,0,2,0,2,2,2,2,2,2
92,-7190.372,-18898.500,-274.059,-109.930,0,0.54422,-0.61951,65.306,-5.576,-1,-1,-1,-1,-1,-1,-1,325.000,325.000,-1,175.000,325.000,-1,-1,-1,-1,-1,2,2,2,2,2,2,2,0,0,2,0,0,2,2,2,2,2
94,-7260.813,-18898.500,-271.710,-117.841,0,0.70422,-0.37951,84.506,-3.416,-1,-1,-1,-1,-1,-1,-1,325.000,350.000,-1,150.000,225.000,-1,-1,-1,-1,-1,2,2,2,2,2,2,2,0,0,2,0,0,2,2,2,2,2
96,-7361.216,-18898.500,-268.362,-121.432,0,0.84852,-0.13951,101.822,-1.256,-1,-1,-1,350.000,-1,-1,-1,350.000,350.000,-1,150.000,200.000,-1,-1,-1,-1,-1,2,2,2,0,2,2,2,0,0,2,0,0,2,2,2,2,2
98,-7475.024,-18898.500,-264.567,-127.184,0,0.81745,-0.37951,98.093,-3.416,-1,-1,-1,350.000,-1,-1,300.000,350.000,350.000,-1,125.000,175.000,-1,-1,-1,-1,-1,2,2,2,0,2,2,0,0,0,2,0,0,2,2,2,2,2
100,-7608.076,-18898.500,-260.463,-134.481,0,0.81745,-0.38988,98.093,-3.509,-1,-1,-1,350.000,-1,-1,300.000,350.000,325.000,-1,200.000,200.000,-1,-1,-1,-1,-1,2,2,2,0,2,2,0,0,0,2,0,0,2,2,2,2,2
102,-7769.313,-18898.500,-255.909,-140.419,0,0.89515,-0.38988,107.419,-3.509,-1,-1,-1,400.000,-1,300.000,300.000,-1,325.000,-1,225.000,200.000,-1,-1,825.000,-1,-1,2,2,2,0,2,0,0,2,0,2,0,0,2,2,0,2,2
104,-7950.969,-18898.500,-250.778,-150.677,0,0.89515,-0.62988,107.419,-5.669,-1,-1,-1,425.000,-1,325.000,325.000,-1,325.000,-1,300.000,225.000,-1,-1,900.000,-1,-1,2,2,2,0,2,0,0,2,0,2,0,0,2,2,0,2,2
106,-8126.525,-18898.500,-245.821,-165.142,0,0.73515,-0.86360,88.219,-7.772,-1,450.000,-1,425.000,-1,350.000,350.000,-1,325.000,-1,600.000,350.000,-1,-1,875.000,-1,-1,2,0,2,0,2,0,0,2,0,2,0,0,2,2,0,2,2
108,-8273.584,-18896.926,-243.111,-181.307,0,0.57515,-0.90541,69.019,-8.149,-1,400.000,-1,375.000,-1,325.000,325.000,-1,300.000,-1,-1,-1,-1,850.000,675.000,-1,-1,2,0,2,0,2,0,0,2,0,2,2,2,2,0,0,2,2
110,-8436.825,-18863.590,-241.510,-194.364,0,0.73515,-0.66541,88.219,-5.989,-1,400.000,-1,375.000,-1,325.000,300.000,-1,300.000,-1,-1,-1,-1,775.000,650.000,-1,-1,2,0,2,0,2,0,0,2,0,2,2,2,2,0,0,2,2
112,-8615.400,-18794.372,-238.884,-203.101,0,0.79845,-0.42541,95.814,-3.829,-1,375.000,-1,375.000,-1,300.000,300.000,325.000,325.000,-1,-1,-1,-1,700.000,650.000,-1,-1,2,0,2,0,2,0,0,0,0,2,2,2,2,0,0,2,2
114,-8785.211,-18705.715,-235.040,-209.058,0,0.79845,-0.33092,95.814,-2.978,-1,375.000,-1,375.000,-1,300.000,300.000,325.000,325.000,-1,-1,-1,-1,675.000,650.000,-1,-1,2,0,2,0,2,0,0,0,0,2,2,2,2,0,0,2,2
116,-8944.906,-18599.914,-229.758,-215.014,0,0.79845,-0.33092,95.814,-2.978,-1,375.000,-1,375.000,-1,300.000,300.000,325.000,325.000,-1,400.000,450.000,-1,650.000,625.000,-1,-1,2,0,2,0,2,0,0,0,0,2,0,0,2,0,0,2,2
118,-9072.388,-18498.672,-224.057,-219.695,0,0.63845,-0.26002,76.614,-2.340,-1,375.000,-1,350.000,1000.000,300.000,300.000,325.000,325.000,-1,400.000,425.000,-1,650.000,625.000,-1,-1,2,0,2,0,0,0,0,0,0,2,0,0,2,0,0,2,2
120,-9167.007,-18409.922,-218.690,-224.375,0,0.52285,-0.26002,62.742,-2.340,-1,350.000,-1,350.000,975.000,300.000,300.000,325.000,325.000,-1,400.000,400.000,-1,650.000,600.000,-1,1000.000,2,0,2,0,0,0,0,0,0,2,0,0,2,0,0,2,0
122,-9251.141,-18316.857,-212.821,-229.055,0,0.52285,-0.26002,62.742,-2.340,-1,350.000,-1,350.000,950.000,300.000,300.000,300.000,300.000,-1,400.000,400.000,-1,625.000,600.000,-1,950.000,2,0,2,0,0,0,0,0,0,2,0,0,2,0,0,2,0
124,-9327.401,-18217.238,-206.339,-233.736,0,0.52285,-0.26002,62.742,-2.340,-1,350.000,-1,350.000,925.000,275.000,275.000,300.000,300.000,-1,425.000,400.000,-1,625.000,600.000,-1,925.000,2,0,2,0,0,0,0,0,0,2,0,0,2,0,0,2,0
126,-9399.137,-18102.847,-198.787,-239.496,0,0.60285,-0.38002,72.342,-3.420,-1,350.000,-1,325.000,900.000,275.000,275.000,300.000,300.000,-1,475.000,400.000,-1,600.000,575.000,-1,850.000,2,0,2,0,0,0,0,0,0,2,0,0,2,0,0,2,0
128,-9467.008,-17943.414,-185.670,-249.576,0,0.76285,-0.62002,91.542,-5.580,-1,375.000,-1,375.000,-1,325.000,325.000,275.000,300.000,-1,75.000,75.000,-1,700.000,700.000,-1,-1,2,0,2,0,2,0,0,0,0,2,0,0,2,0,0,2,2
130,-9503.216,-17741.663,-168.227,-263.308,0,0.86852,-0.78572,104.223,-7.071,-1,375.000,-1,375.000,-1,300.000,300.000,300.000,300.000,-1,300.000,250.000,-1,675.000,675.000,-1,-1,2,0,2,0,2,0,0,0,0,2,0,0,2,0,0,2,2
132,-9489.011,-17534.100,-152.680,-277.451,0,0.86852,-0.78572,104.223,-7.071,-1,350.000,-1,375.000,-1,300.000,300.000,300.000,300.000,-1,525.000,525.000,-1,650.000,675.000,-1,-1,2,0,2,0,2,0,0,0,0,2,0,0,2,0,0,2,2
134,-9424.519,-17336.299,-139.751,-291.594,0,0.86852,-0.78572,104.223,-7.071,-1,400.000,-1,400.000,-1,325.000,325.000,300.000,300.000,-1,225.000,150.000,-1,775.000,800.000,-1,-1,2,0,2,0,2,0,0,0,0,2,0,0,2,0,0,2,2
136,-9313.652,-17160.252,-127.932,-305.737,0,0.86852,-0.78572,104.223,-7.071,-1,400.000,-1,400.000,-1,325.000,325.000,300.000,300.000,-1,600.000,475.000,-1,800.000,800.000,-1,-1,2,0,2,0,2,0,0,0,0,2,0,0,2,0,0,2,2
138,-9163.129,-17016.630,-122.042,-319.880,0,0.86852,-0.78572,104.223,-7.071,-1,400.000,-1,400.000,-1,325.000,325.000,300.000,300.000,-1,-1,-1,-1,800.000,775.000,-1,-1,2,0,2,0,2,0,0,0,0,2,2,2,2,0,0,2,2
140,-8982.075,-16914.141,-122.431,-334.023,0,0.86852,-0.78572,104.223,-7.071,-1,400.000,-1,400.000,-1,325.000,325.000,300.000,300.000,-1,-1,-1,-1,800.000,700.000,-1,-1,2,0,2,0,2,0,0,0,0,2,2,2,2,0,0,2,2
142,-8781.468,-16858.997,-128.990,-348.166,0,0.86852,-0.78572,104.223,-7.071,-1,400.000,-1,375.000,875.000,325.000,325.000,325.000,300.000,-1,-1,-1,-1,725.000,625.000,-1,925.000,2,0,2,0,0,0,0,0,0,2,2,2,2,0,0,2,0
144,-8583.099,-16855.053,-140.642,-362.853,0,0.78852,-0.84618,94.623,-7.616,-1,350.000,-1,350.000,725.000,300.000,300.000,325.000,300.000,-1,-1,-1,-1,625.000,550.000,-1,725.000,2,0,2,0,0,0,0,0,0,2,2,2,2,0,0,2,0
146,-8427.794,-16893.913,-153.923,-378.084,0,0.62852,-0.84618,75.423,-7.616,950.000,325.000,-1,325.000,675.000,275.000,275.000,325.000,300.000,-1,-1,-1,-1,525.000,525.000,725.000,625.000,0,0,2,0,0,0,0,0,0,2,2,2,2,0,0,0,0
148,-8321.499,-16953.337,-166.205,-393.315,0,0.46852,-0.84618,56.223,-7.616,525.000,300.000,-1,300.000,700.000,250.000,250.000,275.000,300.000,-1,-1,-1,-1,475.000,500.000,475.000,625.000,0,0,2,0,0,0,0,0,0,2,2,2,2,0,0,0,0
150,-8261.766,-17011.630,-175.519,-408.546,0,0.30852,-0.84618,37.023,-7.616,350.000,275.000,-1,325.000,825.000,250.000,250.000,250.000,300.000,-1,-1,-1,-1,450.000,500.000,375.000,725.000,0,0,2,0,0,0,0,0,0,2,2,2,2,0,0,0,0
152,-8238.621,-17050.397,-180.702,-423.778,0,0.14852,-0.84618,17.823,-7.616,300.000,275.000,-1,325.000,900.000,250.000,275.000,225.000,300.000,-1,-1,-1,-1,450.000,575.000,350.000,850.000,0,0,2,0,0,0,0,0,0,2,2,2,2,0,0,0,0
154,-8236.260,-17056.838,-181.475,-439.009,0,-0.01148,-0.84618,-1.377,-7.616,325.000,300.000,-1,350.000,-1,275.000,300.000,225.000,300.000,-1,-1,-1,-1,475.000,625.000,375.000,975.000,0,0,2,0,2,0,0,0,0,2,2,2,2,0,0,0,0
156,-8235.385,-17025.359,-178.446,-454.240,0,-0.17148,-0.84618,-20.577,-7.616,425.000,325.000,-1,375.000,-1,300.000,300.000,200.000,300.000,-1,-1,-1,-1,550.000,650.000,550.000,-1,0,0,2,0,2,0,0,0,0,2,2,2,2,0,0,0,2
158,-8215.926,-16958.323,-173.054,-469.471,0,-0.33148,-0.84618,-39.777,-7.616,650.000,350.000,-1,375.000,-1,300.000,300.000,200.000,300.000,-1,-1,-1,-1,625.000,700.000,900.000,-1,0,0,2,0,2,0,0,0,0,2,2,2,2,0,0,0,2
160,-8160.675,-16867.043,-164.970,-484.702,0,-0.47964,-0.84618,-57.557,-7.616,-1,350.000,-1,325.000,550.000,300.000,275.000,275.000,225.000,-1,-1,-1,-1,600.000,550.000,1000.000,675.000,2,0,2,0,0,0,0,0,0,2,2,2,2,0,0,0,0
162,-8077.877,-16787.436,-157.356,-499.933,0,-0.47964,-0.84618,-57.557,-7.616,-1,350.000,-1,325.000,625.000,300.000,275.000,275.000,275.000,-1,-1,-1,-1,625.000,550.000,-1,725.000,2,0,2,0,0,0,0,0,0,2,2,2,2,0,0,2,0
164,-7977.074,-16732.378,-152.647,-515.165,0,-0.47964,-0.84618,-57.557,-7.616,-1,375.000,-1,325.000,725.000,300.000,275.000,300.000,300.000,-1,-1,-1,-1,650.000,550.000,-1,775.000,2,0,2,0,0,0,0,0,0,2,2,2,2,0,0,2,0
166,-7874.972,-16706.448,-151.010,-529.316,0,-0.39964,-0.72618,-47.957,-6.536,-1,375.000,-1,325.000,800.000,300.000,275.000,300.000,300.000,-1,-1,-1,-1,650.000,575.000,-1,825.000,2,0,2,0,0,0,0,0,0,2,2,2,2,0,0,2,0
168,-7808.021,-16702.524,-151.022,-539.147,0,-0.23964,-0.48618,-28.757,-4.376,-1,375.000,-1,350.000,925.000,300.000,300.000,325.000,300.000,-1,450.000,-1,-1,650.000,575.000,-1,850.000,2,0,2,0,0,0,0,0,0,2,0,2,2,0,0,2,0
170,-7779.356,-16704.117,-151.260,-544.658,0,-0.07964,-0.24618,-9.557,-2.216,-1,375.000,-1,350.000,-1,300.000,300.000,325.000,300.000,-1,325.000,550.000,-1,625.000,575.000,-1,875.000,2,0,2,0,2,0,0,0,0,2,0,0,2,0,0,2,0
172,-7788.992,-16703.130,-151.149,-545.849,0,0.08036,-0.00618,9.643,-0.056,-1,350.000,-1,350.000,-1,300.000,300.000,325.000,300.000,-1,325.000,525.000,-1,625.000,575.000,-1,875.000,2,0,2,0,2,0,0,0,0,2,0,0,2,0,0,2,0
174,-7836.978,-16700.142,-150.721,-542.721,0,0.24036,0.23382,28.843,2.104,-1,350.000,-1,350.000,-1,300.000,275.000,325.000,300.000,-1,400.000,-1,-1,625.000,575.000,-1,850.000,2,0,2,0,2,0,0,0,0,2,0,2,2,0,0,2,0
176,-7923.300,-16704.414,-150.647,-535.272,0,0.40036,0.47382,48.043,4.264,-1,350.000,-1,325.000,775.000,275.000,275.000,325.000,300.000,-1,-1,-1,-1,625.000,550.000,-1,775.000,2,0,2,0,0,0,0,0,0,2,2,2,2,0,0,2,0
178,-8044.840,-16732.508,-152.454,-524.462,0,0.56036,0.60726,67.243,5.465,-1,325.000,-1,325.000,700.000,275.000,275.000,300.000,300.000,-1,-1,-1,-1,600.000,525.000,-1,700.000,2,0,2,0,0,0,0,0,0,2,2,2,2,0,0,2,0
180,-8193.960,-16798.579,-158.447,-513.531,0,0.72036,0.60726,86.443,5.465,875.000,325.000,-1,300.000,500.000,250.000,250.000,300.000,275.000,-1,-1,-1,-1,550.000,475.000,800.000,500.000,0,0,2,0,0,0,0,0,0,2,2,2,2,0,0,0,0
182,-8359.393,-16913.545,-160.009,-502.601,0,0.88036,0.60726,105.643,5.465,-1,375.000,-1,400.000,-1,325.000,325.000,275.000,300.000,725.000,50.000,250.000,-1,700.000,775.000,-1,-1,2,0,2,0,2,0,0,0,0,0,0,0,2,0,0,2,2
184,-8507.410,-17064.681,-166.089,-491.670,0,0.88244,0.60726,105.893,5.465,925.000,375.000,-1,400.000,-1,300.000,325.000,275.000,300.000,925.000,450.000,-1,-1,650.000,750.000,-1,-1,0,0,2,0,2,0,0,0,0,0,0,2,2,0,0,2,2
186,-8624.082,-17241.142,-176.785,-480.739,0,0.88244,0.60726,105.893,5.465,700.000,350.000,-1,375.000,-1,300.000,300.000,275.000,300.000,-1,-1,-1,-1,600.000,700.000,800.000,-1,0,0,2,0,2,0,0,0,0,2,2,2,2,0,0,0,2
188,-8705.177,-17436.525,-189.525,-469.808,0,0.88244,0.60726,105.893,5.465,-1,375.000,-1,400.000,-1,325.000,325.000,300.000,300.000,-1,75.000,0.000,-1,675.000,775.000,-1,-1,2,0,2,0,2,0,0,0,0,2,0,0,2,0,0,2,2
190,-8747.752,-17643.741,-199.996,-458.878,0,0.88244,0.60726,105.893,5.465,850.000,350.000,-1,375.000,-1,300.000,300.000,300.000,300.000,-1,275.000,225.000,-1,600.000,700.000,925.000,-1,0,0,2,0,2,0,0,0,0,2,0,0,2,0,0,0,2
192,-8750.261,-17855.270,-213.031,-447.947,0,0.88244,0.60726,105.893,5.465,725.000,325.000,-1,350.000,-1,275.000,275.000,300.000,300.000,-1,450.000,400.000,-1,550.000,625.000,725.000,-1,0,0,2,0,2,0,0,0,0,2,0,0,2,0,0,0,2
194,-8712.615,-18063.438,-226.448,-437.016,0,0.88244,0.60726,105.893,5.465,-1,375.000,-1,400.000,-1,300.000,325.000,300.000,325.000,1000.000,0.000,0.000,-1,675.000,800.000,-1,-1,2,0,2,0,2,0,0,0,0,0,0,0,2,0,0,2,2
196,-8649.393,-18246.821,-231.481,-429.326,0,0.80857,0.36726,97.028,3.305,-1,375.000,-1,400.000,-1,300.000,325.000,300.000,325.000,-1,100.000,100.000,-1,675.000,750.000,-1,-1,2,0,2,0,2,0,0,0,0,2,0,0,2,0,0,2,2
198,-8572.104,-18424.811,-235.915,-425.955,0,0.80857,0.12726,97.028,1.145,-1,375.000,-1,375.000,-1,300.000,300.000,300.000,325.000,-1,225.000,250.000,-1,725.000,-1,-1,-1,2,0,2,0,2,0,0,0,0,2,0,0,2,0,2,2,2
200,-8494.407,-18602.625,-239.241,-426.904,0,0.80857,-0.11274,97.028,-1.015,-1,375.000,-1,375.000,-1,300.000,300.000,300.000,325.000,-1,375.000,375.000,-1,-1,-1,-1,-1,2,0,2,0,2,0,0,0,0,2,0,0,2,2,2,2,2
202,-8426.003,-18784.204,-241.334,-430.176,0,0.80857,-0.18175,97.028,-1.636,-1,-1,-1,-1,-1,325.000,-1,300.000,325.000,-1,525.000,500.000,-1,-1,-1,-1,-1,2,2,2,2,2,0,2,0,0,2,0,0,2,2,2,2,2
204,-8368.073,-18898.500,-242.267,-433.447,0,0.80857,-0.18175,97.028,-1.636,-1,-1,-1,-1,-1,-1,-1,325.000,325.000,-1,625.000,550.000,-1,-1,-1,-1,-1,2,2,2,2,2,2,2,0,0,2,0,0,2,2,2,2,2
206,-8327.950,-18898.500,-242.625,-439.959,0,0.80857,-0.42175,97.028,-3.796,-1,-1,-1,-1,-1,-1,-1,325.000,325.000,-1,675.000,625.000,-1,-1,-1,-1,-1,2,2,2,2,2,2,2,0,0,2,0,0,2,2,2,2,2
208,-8316.791,-18898.500,-242.725,-448.630,0,0.84487,-0.42175,101.384,-3.796,-1,-1,-1,-1,-1,-1,-1,325.000,300.000,-1,775.000,675.000,-1,-1,-1,-1,-1,2,2,2,2,2,2,2,0,0,2,0,0,2,2,2,2,2
210,-8324.445,-18898.500,-242.657,-452.982,0,0.84487,-0.18175,101.384,-1.636,-1,-1,-1,-1,-1,-1,-1,325.000,300.000,-1,825.000,725.000,-1,-1,-1,-1,-1,2,2,2,2,2,2,2,0,0,2,0,0,2,2,2,2,2
212,-8340.076,-18898.500,-242.518,-455.173,0,0.86656,-0.18175,103.987,-1.636,-1,-1,-1,-1,-1,-1,-1,325.000,300.000,-1,825.000,775.000,-1,-1,-1,-1,-1,2,2,2,2,2,2,2,0,0,2,0,0,2,2,2,2,2
214,-8375.408,-18898.500,-242.205,-461.684,0,0.86656,-0.42175,103.987,-3.796,-1,-1,-1,-1,-1,-1,-1,325.000,300.000,-1,800.000,875.000,-1,-1,-1,-1,-1,2,2,2,2,2,2,2,0,0,2,0,0,2,2,2,2,2
216,-8448.226,-18898.500,-241.557,-472.516,0,0.93964,-0.66175,112.756,-5.956,-1,-1,-1,-1,-1,-1,-1,325.000,300.000,-1,825.000,875.000,-1,-1,-1,-1,-1,2,2,2,2,2,2,2,0,0,2,0,0,2,2,2,2,2
218,-8562.086,-18898.500,-240.544,-483.347,0,0.93964,-0.66175,112.756,-5.956,-1,-1,-1,-1,-1,-1,-1,300.000,300.000,-1,950.000,975.000,-1,-1,-1,-1,-1,2,2,2,2,2,2,2,0,0,2,0,0,2,2,2,2,2
220,-8712.398,-18898.500,-239.207,-498.499,0,0.85964,-0.90175,103.156,-8.116,-1,-1,-1,425.000,-1,-1,325.000,300.000,300.000,-1,-1,-1,-1,-1,775.000,-1,-1,2,2,2,0,2,2,0,0,0,2,2,2,2,2,0,2,2
222,-8868.294,-18898.500,-237.818,-516.499,0,0.69964,-1.00000,83.956,-9.000,-1,-1,-1,400.000,-1,325.000,325.000,-1,300.000,-1,-1,-1,-1,-1,675.000,-1,-1,2,2,2,0,2,0,0,2,0,2,2,2,2,2,0,2,2
224,-9031.638,-18898.500,-236.363,-531.259,0,0.73695,-0.76000,88.434,-6.840,-1,400.000,-1,350.000,-1,325.000,300.000,-1,300.000,-1,-1,-1,-1,675.000,625.000,-1,-1,2,0,2,0,2,0,0,2,0,2,2,2,2,0,0,2,2
226,-9236.256,-18895.335,-234.426,-541.699,0,0.88969,-0.52000,106.763,-4.680,-1,350.000,-1,350.000,-1,275.000,275.000,-1,300.000,-1,-1,-1,-1,600.000,575.000,-1,950.000,2,0,2,0,2,0,0,2,0,2,2,2,2,0,0,2,0
228,-9438.255,-18868.638,-231.408,-549.979,0,0.80969,-0.52000,97.163,-4.680,-1,325.000,-1,325.000,-1,275.000,275.000,-1,300.000,-1,725.000,-1,-1,525.000,550.000,700.000,950.000,2,0,2,0,2,0,0,2,0,2,0,2,2,0,0,0,0
230,-9594.522,-18814.952,-223.231,-562.579,0,0.64969,-0.76000,77.963,-6.840,-1,400.000,-1,400.000,-1,325.000,325.000,300.000,300.000,-1,25.000,0.000,-1,725.000,775.000,-1,-1,2,0,2,0,2,0,0,0,0,2,0,0,2,0,0,2,2
232,-9699.285,-18743.513,-213.735,-578.703,0,0.48969,-0.91157,58.763,-8.204,-1,400.000,-1,400.000,-1,325.000,325.000,300.000,300.000,-1,225.000,150.000,-1,750.000,750.000,-1,-1,2,0,2,0,2,0,0,0,0,2,0,0,2,0,0,2,2
234,-9755.501,-18675.160,-207.246,-595.111,0,0.32969,-0.91157,39.563,-8.204,-1,400.000,-1,400.000,-1,325.000,325.000,300.000,300.000,-1,-1,350.000,-1,750.000,700.000,-1,-1,2,0,2,0,2,0,0,0,0,2,2,0,2,0,0,2,2
236,-9775.412,-18629.076,-203.926,-611.519,0,0.16969,-0.91157,20.363,-8.204,-1,400.000,-1,375.000,-1,325.000,325.000,300.000,275.000,-1,-1,-1,-1,725.000,700.000,-1,-1,2,0,2,0,2,0,0,0,0,2,2,2,2,0,0,2,2
238,-9777.374,-18617.324,-203.260,-627.928,0,0.00969,-0.91157,1.163,-8.204,-1,375.000,-1,375.000,-1,325.000,325.000,300.000,275.000,-1,-1,-1,-1,700.000,700.000,-1,-1,2,0,2,0,2,0,0,0,0,2,2,2,2,0,0,2,2
240,-9782.741,-18643.188,-204.161,-644.336,0,-0.15031,-0.91157,-18.037,-8.204,-1,375.000,-1,400.000,-1,325.000,325.000,300.000,275.000,-1,-1,-1,-1,700.000,700.000,-1,-1,2,0,2,0,2,0,0,0,0,2,2,2,2,0,0,2,2
242,-9812.371,-18700.718,-205.135,-660.744,0,-0.31031,-0.91157,-37.237,-8.204,-1,400.000,-1,375.000,-1,325.000,325.000,300.000,275.000,-1,-1,-1,-1,700.000,725.000,-1,-1,2,0,2,0,2,0,0,0,0,2,2,2,2,0,0,2,2
244,-9841.846,-18735.529,-205.048,-673.912,0,-0.15031,-0.67157,-18.037,-6.044,-1,400.000,-1,375.000,-1,325.000,300.000,300.000,300.000,-1,-1,-1,-1,700.000,675.000,-1,-1,2,0,2,0,2,0,0,0,0,2,2,2,2,0,0,2,2
246,-9847.276,-18740.375,-204.958,-682.760,0,0.00969,-0.43157,1.163,-3.884,-1,375.000,-1,375.000,-1,325.000,300.000,300.000,300.000,-1,575.000,-1,-1,725.000,650.000,-1,-1,2,0,2,0,2,0,0,0,0,2,0,2,2,0,0,2,2
248,-9821.265,-18723.284,-205.675,-687.289,0,0.16969,-0.19157,20.363,-1.724,-1,375.000,-1,350.000,-1,300.000,300.000,300.000,300.000,-1,600.000,625.000,-1,725.000,650.000,-1,-1,2,0,2,0,2,0,0,0,0,2,0,0,2,0,0,2,2
250,-9762.427,-18686.245,-207.363,-687.716,0,0.32969,0.02411,39.563,0.217,-1,375.000,-1,350.000,-1,300.000,300.000,300.000,300.000,-1,650.000,675.000,-1,700.000,650.000,-1,-1,2,0,2,0,2,0,0,0,0,2,0,0,2,0,0,2,2
252,-9671.525,-18628.067,-209.902,-687.282,0,0.48969,0.02411,58.763,0.217,-1,375.000,-1,350.000,-1,300.000,300.000,300.000,275.000,-1,750.000,775.000,-1,700.000,650.000,-1,-1,2,0,2,0,2,0,0,0,0,2,0,0,2,0,0,2,2
254,-9548.877,-18548.263,-213.219,-686.848,0,0.64969,0.02411,77.963,0.217,-1,375.000,-1,350.000,-1,300.000,300.000,300.000,275.000,-1,875.000,900.000,-1,675.000,650.000,-1,-1,2,0,2,0,2,0,0,0,0,2,0,0,2,0,0,2,2
256,-9393.809,-18447.886,-213.811,-687.494,0,0.80969,-0.09589,97.163,-0.863,-1,400.000,-1,400.000,-1,350.000,325.000,275.000,300.000,-1,200.000,325.000,-1,775.000,825.000,-1,-1,2,0,2,0,2,0,0,0,0,2,0,0,2,0,0,2,2
258,-9218.211,-18350.342,-215.093,-692.460,0,0.83726,-0.33589,100.471,-3.023,-1,400.000,-1,400.000,-1,325.000,325.000,275.000,300.000,-1,575.000,725.000,-1,750.000,775.000,-1,-1,2,0,2,0,2,0,0,0,0,2,0,0,2,0,0,2,2
260,-9030.614,-18278.908,-218.919,-701.746,0,0.83726,-0.57589,100.471,-5.183,-1,400.000,-1,400.000,-1,325.000,325.000,275.000,300.000,-1,875.000,1000.000,-1,750.000,700.000,-1,-1,2,0,2,0,2,0,0,0,0,2,0,0,2,0,0,2,2
262,-8832.904,-18244.360,-224.949,-712.869,0,0.83726,-0.61798,100.471,-5.562,-1,400.000,-1,375.000,-1,325.000,325.000,275.000,300.000,-1,975.000,-1,-1,650.000,650.000,-1,-1,2,0,2,0,2,0,0,0,0,2,0,2,2,0,0,2,2
264,-8632.243,-18248.605,-232.108,-723.993,0,0.83726,-0.61798,100.471,-5.562,825.000,350.000,-1,350.000,-1,300.000,300.000,275.000,300.000,-1,825.000,1000.000,-1,600.000,650.000,850.000,-1,0,0,2,0,2,0,0,0,0,2,0,0,2,0,0,0,2
266,-8436.171,-18291.482,-239.193,-735.116,0,0.83726,-0.61798,100.471,-5.562,650.000,325.000,-1,350.000,-1,275.000,300.000,275.000,300.000,975.000,500.000,800.000,-1,575.000,700.000,725.000,-1,0,0,2,0,2,0,0,0,0,0,0,0,2,0,0,0,2
268,-8252.054,-18371.382,-245.091,-746.240,0,0.83726,-0.61798,100.471,-5.562,625.000,350.000,-1,375.000,-1,300.000,300.000,250.000,325.000,950.000,375.000,525.000,-1,600.000,825.000,-1,-1,0,0,2,0,2,0,0,0,0,0,0,0,2,0,0,2,2
270,-8086.812,-18485.301,-246.004,-757.363,0,0.83726,-0.61798,100.471,-5.562,-1,425.000,-1,450.000,-1,350.000,350.000,275.000,300.000,-1,275.000,200.000,-1,1000.000,-1,-1,-1,2,0,2,0,2,0,0,0,0,2,0,0,2,0,2,2,2
272,-7946.651,-18628.960,-247.655,-768.487,0,0.83726,-0.61798,100.471,-5.562,-1,450.000,-1,425.000,-1,350.000,350.000,275.000,275.000,-1,675.000,675.000,-1,-1,-1,-1,-1,2,0,2,0,2,0,0,0,0,2,0,0,2,2,2,2,2
274,-7836.839,-18796.960,-252.006,-779.611,0,0.83726,-0.61798,100.471,-5.562,-1,475.000,-1,-1,-1,350.000,-1,275.000,275.000,-1,-1,-1,-1,-1,-1,-1,-1,2,0,2,2,2,0,2,0,0,2,2,2,2,2,2,2,2
276,-7761.502,-18898.500,-256.135,-790.734,0,0.83726,-0.61798,100.471,-5.562,-1,-1,-1,-1,-1,-1,-1,300.000,300.000,-1,-1,-1,-1,-1,-1,-1,-1,2,2,2,2,2,2,2,0,0,2,2,2,2,2,2,2,2
278,-7716.036,-18898.500,-257.418,-798.618,0,0.83726,-0.37798,100.471,-3.402,-1,-1,-1,-1,-1,-1,-1,300.000,300.000,-1,-1,-1,-1,-1,-1,-1,-1,2,2,2,2,2,2,2,0,0,2,2,2,2,2,2,2,2
280,-7697.999,-18898.500,-257.926,-806.501,0,0.81471,-0.37798,97.765,-3.402,-1,-1,-1,-1,-1,-1,-1,300.000,300.000,-1,-1,-1,-1,-1,-1,-1,-1,2,2,2,2,2,2,2,0,0,2,2,2,2,2,2,2,2
282,-7696.102,-18898.500,-257.979,-810.065,0,0.81471,-0.13798,97.765,-1.242,-1,-1,-1,-1,-1,-1,-1,325.000,300.000,-1,825.000,-1,-1,-1,-1,-1,-1,2,2,2,2,2,2,2,0,0,2,0,2,2,2,2,2,2
284,-7699.167,-18898.500,-257.892,-811.469,0,0.87057,-0.13798,104.468,-1.242,-1,-1,-1,-1,-1,-1,-1,325.000,300.000,1000.000,750.000,-1,-1,-1,-1,-1,-1,2,2,2,2,2,2,2,0,0,0,0,2,2,2,2,2,2
286,-7719.149,-18898.500,-257.327,-817.190,0,0.87057,-0.37774,104.468,-3.400,-1,-1,-1,-1,-1,-1,-1,325.000,300.000,1000.000,525.000,800.000,-1,-1,-1,-1,-1,2,2,2,2,2,2,2,0,0,0,0,0,2,2,2,2,2
288,-7768.421,-18898.500,-255.934,-825.069,0,0.90199,-0.37774,108.239,-3.400,-1,-1,-1,-1,-1,-1,-1,325.000,325.000,-1,325.000,550.000,-1,-1,-1,-1,-1,2,2,2,2,2,2,2,0,0,2,0,0,2,2,2,2,2
290,-7835.345,-18898.500,-254.043,-828.629,0,0.90199,-0.13774,108.239,-1.240,-1,-1,-1,-1,-1,-1,-1,325.000,325.000,-1,300.000,475.000,-1,-1,-1,-1,-1,2,2,2,2,2,2,2,0,0,2,0,0,2,2,2,2,2
292,-7904.640,-18898.500,-252.086,-828.070,0,0.92023,0.09103,110.428,0.819,-1,-1,-1,-1,-1,-1,-1,325.000,325.000,-1,300.000,475.000,-1,-1,-1,-1,-1,2,2,2,2,2,2,2,0,0,2,0,0,2,2,2,2,2
294,-7960.596,-18898.500,-250.505,-823.192,0,0.92023,0.33103,110.428,2.979,-1,-1,-1,-1,-1,-1,-1,325.000,325.000,-1,375.000,600.000,-1,-1,-1,-1,-1,2,2,2,2,2,2,2,0,0,2,0,0,2,2,2,2,2
296,-7989.229,-18898.500,-249.698,-816.153,0,0.86341,0.33103,103.610,2.979,-1,-1,-1,-1,-1,-1,-1,325.000,325.000,975.000,575.000,725.000,-1,-1,-1,-1,-1,2,2,2,2,2,2,2,0,0,0,0,0,2,2,2,2,2
298,-7993.405,-18898.500,-249.581,-809.849,0,0.86341,0.29026,103.610,2.612,-1,-1,-1,-1,-1,-1,-1,300.000,325.000,-1,700.000,900.000,-1,-1,-1,-1,-1,2,2,2,2,2,2,2,0,0,2,0,0,2,2,2,2,2
299,-7990.361,-18898.500,-249.667,-808.317,0,0.86341,0.17026,103.610,1.532,-1,-1,-1,-1,-1,-1,-1,300.000,325.000,-1,750.000,950.000,-1,-1,-1,-1,-1,2,2,2,2,2,2,2,0,0,2,0,0,2,2,2,2,2
