timestep,x_cm,y_cm,z_cm,yaw_deg,teleport_flag,throttle_cmd,steering_cmd,cmd_move_cm,cmd_turn_deg,lidar_cm_0,lidar_cm_1,lidar_cm_2,lidar_cm_3,lidar_cm_4,lidar_cm_5,lidar_cm_6,lidar_cm_7,lidar_cm_8,lidar_cm_9,lidar_cm_10,lidar_cm_11,lidar_cm_12,lidar_cm_13,lidar_cm_14,lidar_cm_15,lidar_cm_16,lidar_class_0,lidar_class_1,lidar_class_2,lidar_class_3,lidar_class_4,lidar_class_5,lidar_class_6,lidar_class_7,lidar_class_8,lidar_class_9,lidar_class_10,lidar_class_11,lidar_class_12,lidar_class_13,lidar_class_14,lidar_class_15,lidar_class_16
0,987.935,6889.885,-365.673,32.746,1,0.08000,0.12000,4.800,0.240,-1,375.000,-1,400.000,-1,325.000,325.000,275.000,200.000,775.000,575.000,575.000,-1,725.000,725.000,-1,-1,2,0,2,0,2,0,0,0,1,1,0,0,2,0,0,2,2
1,995.966,6895.145,-365.897,33.226,0,0.16000,0.24000,9.600,0.480,-1,375.000,-1,400.000,-1,325.000,325.000,300.000,200.000,775.000,600.000,600.000,-1,725.000,725.000,-1,-1,2,0,2,0,2,0,0,0,1,1,0,0,2,0,0,2,2
2,1007.912,6903.186,-366.261,33.946,0,0.24000,0.36000,14.400,0.720,-1,375.000,-1,400.000,-1,325.000,325.000,300.000,200.000,825.000,650.000,625.000,-1,700.000,700.000,-1,-1,2,0,2,0,2,0,0,0,1,1,0,0,2,0,0,2,2
3,1023.684,6914.134,-366.194,34.766,0,0.32000,0.40971,19.200,0.819,-1,375.000,-1,375.000,-1,300.000,325.000,300.000,200.000,850.000,650.000,625.000,-1,700.000,700.000,-1,-1,2,0,2,0,2,0,0,0,1,1,0,0,2,0,0,2,2
4,1043.203,6928.099,-365.742,35.583,0,0.40000,0.40859,24.000,0.817,-1,375.000,-1,375.000,-1,300.000,325.000,300.000,200.000,850.000,650.000,625.000,-1,700.000,700.000,-1,-1,2,0,2,0,2,0,0,0,1,1,0,0,2,0,0,2,2
5,1066.384,6945.189,-365.189,36.398,0,0.48000,0.40757,28.800,0.815,-1,375.000,-1,375.000,-1,325.000,325.000,300.000,200.000,875.000,650.000,625.000,-1,700.000,700.000,-1,-1,2,0,2,0,2,0,0,0,1,1,0,0,2,0,0,2,2
6,1093.144,6965.509,-364.452,37.212,0,0.56000,0.40687,33.600,0.814,-1,375.000,-1,375.000,-1,325.000,325.000,300.000,200.000,875.000,650.000,600.000,-1,725.000,700.000,-1,-1,2,0,2,0,2,0,0,0,1,1,0,0,2,0,0,2,2
7,1123.393,6989.164,-362.614,38.025,0,0.64000,0.40674,38.400,0.813,-1,375.000,-1,375.000,-1,300.000,325.000,300.000,200.000,900.000,800.000,775.000,-1,700.000,700.000,-1,-1,2,0,2,0,2,0,0,0,1,1,0,0,2,0,0,2,2
8,1157.041,7016.257,-360.748,38.840,0,0.72000,0.40747,43.200,0.815,-1,375.000,-1,375.000,-1,300.000,325.000,300.000,225.000,925.000,950.000,900.000,-1,700.000,700.000,-1,-1,2,0,2,0,2,0,0,0,1,1,0,1,2,0,0,2,2
9,1193.994,7046.891,-358.921,39.659,0,0.80000,0.40936,48.000,0.819,-1,375.000,-1,375.000,-1,300.000,325.000,300.000,225.000,925.000,-1,950.000,-1,675.000,700.000,-1,-1,2,0,2,0,2,0,0,0,1,1,2,1,2,0,0,2,2
10,1234.153,7081.171,-357.202,40.484,0,0.88000,0.41273,52.800,0.825,-1,375.000,-1,375.000,-1,300.000,300.000,300.000,250.000,950.000,-1,-1,-1,675.000,700.000,-1,-1,2,0,2,0,2,0,0,0,1,1,2,2,2,0,0,2,2
11,1272.772,7115.122,-355.650,41.320,0,0.85700,0.41792,51.420,0.836,-1,375.000,-1,375.000,-1,300.000,300.000,300.000,250.000,950.000,-1,-1,-1,675.000,700.000,-1,-1,2,0,2,0,2,0,0,0,1,1,2,2,2,0,0,2,2
12,1309.873,7148.727,-354.409,42.169,0,0.83430,0.42440,50.058,0.849,-1,375.000,-1,375.000,-1,300.000,325.000,300.000,275.000,975.000,-1,-1,775.000,675.000,700.000,-1,-1,2,0,2,0,2,0,0,0,1,1,2,2,1,0,0,2,2
13,1345.577,7182.060,-353.462,43.033,0,0.81409,0.43201,48.845,0.864,-1,375.000,-1,375.000,-1,300.000,325.000,300.000,300.000,975.000,-1,-1,625.000,700.000,700.000,-1,-1,2,0,2,0,2,0,0,0,1,1,2,2,1,0,0,2,2
14,1379.998,7215.201,-352.793,43.914,0,0.79637,0.44062,47.782,0.881,-1,375.000,-1,375.000,-1,325.000,325.000,300.000,300.000,1000.000,925.000,900.000,550.000,725.000,725.000,-1,-1,2,0,2,0,2,0,0,0,1,1,0,0,1,0,0,2,2
15,1413.245,7248.233,-352.355,44.814,0,0.78111,0.45012,46.866,0.900,-1,375.000,-1,375.000,-1,325.000,325.000,300.000,325.000,-1,775.000,725.000,475.000,725.000,725.000,-1,-1,2,0,2,0,2,0,0,0,1,2,0,0,1,0,0,2,2
16,1445.415,7281.239,-352.112,45.735,0,0.76818,0.46040,46.091,0.921,-1,400.000,-1,375.000,-1,325.000,325.000,300.000,300.000,-1,625.000,575.000,450.000,750.000,725.000,-1,-1,2,0,2,0,2,0,0,0,0,2,0,0,1,0,0,2,2
17,1476.597,7314.304,-350.767,46.678,0,0.75748,0.47140,45.449,0.943,-1,400.000,-1,375.000,-1,325.000,325.000,300.000,300.000,-1,650.000,575.000,450.000,775.000,725.000,-1,-1,2,0,2,0,2,0,0,0,0,2,0,0,1,0,0,2,2
18,1506.870,7347.507,-349.133,47.644,0,0.74887,0.48304,44.932,0.966,-1,400.000,-1,375.000,-1,325.000,325.000,300.000,300.000,-1,675.000,625.000,450.000,775.000,725.000,-1,-1,2,0,2,0,2,0,0,0,0,2,0,0,1,0,0,2,2
19,1536.299,7380.930,-347.506,48.635,0,0.74221,0.49528,44.533,0.991,-1,400.000,-1,375.000,-1,325.000,325.000,300.000,300.000,-1,700.000,650.000,475.000,775.000,725.000,-1,-1,2,0,2,0,2,0,0,0,0,2,0,0,1,0,0,2,2
20,1562.164,7411.091,-346.051,49.385,0,0.66221,0.37528,39.733,0.751,-1,400.000,-1,375.000,-1,325.000,325.000,300.000,300.000,-1,725.000,700.000,500.000,775.000,725.000,-1,-1,2,0,2,0,2,0,0,0,0,2,0,0,1,0,0,2,2
21,1586.620,7440.129,-344.661,49.896,0,0.63274,0.25528,37.964,0.511,-1,400.000,-1,375.000,-1,325.000,325.000,300.000,300.000,-1,750.000,725.000,500.000,775.000,725.000,-1,-1,2,0,2,0,2,0,0,0,0,2,0,0,1,0,0,2,2
22,1610.925,7469.266,-343.267,50.166,0,0.63240,0.13528,37.944,0.271,-1,400.000,-1,375.000,-1,325.000,325.000,300.000,300.000,-1,800.000,600.000,525.000,775.000,725.000,-1,-1,2,0,2,0,2,0,0,0,0,2,0,1,1,0,0,2,2
23,1635.268,7498.480,-341.874,50.197,0,0.63377,0.01528,38.026,0.031,-1,400.000,-1,375.000,-1,325.000,325.000,300.000,300.000,-1,825.000,625.000,550.000,775.000,725.000,-1,-1,2,0,2,0,2,0,0,0,0,2,0,1,1,0,0,2,2
24,1659.827,7527.736,-340.395,49.988,0,0.63663,-0.10472,38.198,-0.209,-1,400.000,-1,375.000,-1,325.000,325.000,300.000,300.000,-1,850.000,675.000,575.000,775.000,750.000,-1,-1,2,0,2,0,2,0,0,0,0,2,0,1,1,0,0,2,2
25,1684.777,7556.987,-338.816,49.538,0,0.64077,-0.22472,38.446,-0.449,-1,400.000,-1,400.000,-1,325.000,325.000,300.000,300.000,-1,900.000,850.000,600.000,800.000,750.000,-1,-1,2,0,2,0,2,0,0,0,0,2,0,0,1,0,0,2,2
26,1710.160,7586.282,-337.240,49.092,0,0.64603,-0.22303,38.762,-0.446,-1,400.000,-1,400.000,-1,325.000,325.000,300.000,300.000,-1,925.000,900.000,650.000,800.000,750.000,-1,-1,2,0,2,0,2,0,0,0,0,2,0,0,1,0,0,2,2
27,1735.978,7615.642,-335.666,48.672,0,0.65162,-0.21015,39.097,-0.420,-1,400.000,-1,400.000,-1,325.000,325.000,300.000,300.000,-1,975.000,925.000,675.000,800.000,750.000,-1,-1,2,0,2,0,2,0,0,0,0,2,0,0,1,0,0,2,2
28,1758.922,7641.134,-334.298,48.011,0,0.57162,-0.33015,34.297,-0.660,-1,400.000,-1,400.000,-1,325.000,325.000,300.000,300.000,-1,1000.000,975.000,700.000,800.000,750.000,-1,-1,2,0,2,0,2,0,0,0,0,2,0,0,1,0,0,2,2
29,1778.997,7662.746,-333.137,47.111,0,0.49162,-0.45015,29.497,-0.900,-1,400.000,-1,400.000,-1,325.000,325.000,300.000,300.000,-1,-1,1000.000,700.000,800.000,750.000,-1,-1,2,0,2,0,2,0,0,0,0,2,2,0,1,0,0,2,2
30,1796.125,7680.538,-332.180,46.090,0,0.41162,-0.51054,24.697,-1.021,-1,400.000,-1,400.000,-1,325.000,325.000,300.000,300.000,-1,-1,-1,725.000,800.000,750.000,-1,-1,2,0,2,0,2,0,0,0,0,2,2,2,1,0,0,2,2
31,1810.174,7694.628,-331.419,45.086,0,0.33162,-0.50229,19.897,-1.005,-1,400.000,-1,400.000,-1,325.000,325.000,300.000,300.000,-1,-1,-1,750.000,800.000,750.000,-1,-1,2,0,2,0,2,0,0,0,0,2,2,2,1,0,0,2,2
32,1821.016,7705.134,-330.850,44.094,0,0.25162,-0.49569,15.097,-0.991,-1,400.000,-1,400.000,-1,325.000,325.000,300.000,300.000,-1,-1,-1,750.000,800.000,750.000,-1,-1,2,0,2,0,2,0,0,0,0,2,2,2,1,0,0,2,2
33,1828.533,7712.171,-330.468,43.113,0,0.17162,-0.49071,10.297,-0.981,-1,400.000,-1,400.000,-1,325.000,325.000,300.000,300.000,-1,-1,-1,775.000,800.000,750.000,-1,-1,2,0,2,0,2,0,0,0,0,2,2,2,1,0,0,2,2
34,1832.610,7715.859,-330.266,42.138,0,0.09162,-0.48736,5.497,-0.975,-1,400.000,-1,400.000,-1,325.000,325.000,300.000,300.000,-1,-1,-1,775.000,800.000,750.000,-1,-1,2,0,2,0,2,0,0,0,0,2,2,2,1,0,0,2,2
35,1833.134,7716.318,-330.241,41.167,0,0.01162,-0.48558,0.697,-0.971,-1,400.000,-1,400.000,-1,325.000,325.000,300.000,300.000,-1,-1,-1,775.000,800.000,750.000,-1,-1,2,0,2,0,2,0,0,0,0,2,2,2,1,0,0,2,2
36,1830.000,7713.670,-330.387,40.196,0,-0.06838,-0.48536,-4.103,-0.971,-1,400.000,-1,375.000,-1,325.000,325.000,300.000,300.000,-1,-1,-1,775.000,800.000,750.000,-1,-1,2,0,2,0,2,0,0,0,0,2,2,2,1,0,0,2,2
37,1823.103,7708.040,-330.702,39.223,0,-0.14838,-0.48665,-8.903,-0.973,-1,400.000,-1,375.000,-1,325.000,325.000,300.000,300.000,-1,-1,-1,775.000,800.000,725.000,-1,-1,2,0,2,0,2,0,0,0,0,2,2,2,1,0,0,2,2
38,1812.341,7699.558,-331.180,38.244,0,-0.22838,-0.48938,-13.703,-0.979,-1,400.000,-1,375.000,-1,325.000,325.000,300.000,300.000,-1,-1,-1,775.000,800.000,725.000,-1,-1,2,0,2,0,2,0,0,0,0,2,2,2,1,0,0,2,2
39,1797.614,7688.356,-331.819,37.257,0,-0.30838,-0.49350,-18.503,-0.987,-1,400.000,-1,375.000,-1,325.000,325.000,300.000,300.000,-1,-1,-1,775.000,800.000,725.000,-1,-1,2,0,2,0,2,0,0,0,0,2,2,2,1,0,0,2,2
40,1778.824,7674.574,-332.614,36.259,0,-0.38838,-0.49893,-23.303,-0.998,-1,400.000,-1,375.000,-1,325.000,325.000,300.000,300.000,-1,-1,-1,775.000,800.000,725.000,-1,-1,2,0,2,0,2,0,0,0,0,2,2,2,1,0,0,2,2
41,1755.873,7658.355,-333.547,35.248,0,-0.46838,-0.50555,-28.103,-1.011,-1,400.000,-1,375.000,-1,325.000,325.000,300.000,300.000,-1,-1,-1,800.000,800.000,725.000,-1,-1,2,0,2,0,2,0,0,0,0,2,2,2,1,0,0,2,2
42,1728.667,7639.851,-334.499,34.222,0,-0.54838,-0.51327,-32.903,-1.027,-1,400.000,-1,375.000,-1,325.000,325.000,300.000,300.000,-1,-1,-1,800.000,775.000,725.000,-1,-1,2,0,2,0,2,0,0,0,0,2,2,2,1,0,0,2,2
43,1697.110,7619.218,-335.579,33.178,0,-0.62838,-0.52193,-37.703,-1.044,-1,400.000,-1,375.000,-1,325.000,325.000,300.000,300.000,-1,-1,-1,825.000,775.000,725.000,-1,-1,2,0,2,0,2,0,0,0,0,2,2,2,1,0,0,2,2
44,1663.938,7598.397,-336.686,32.115,0,-0.65275,-0.53137,-39.165,-1.063,-1,400.000,-1,375.000,-1,325.000,325.000,300.000,300.000,-1,-1,-1,875.000,775.000,725.000,-1,-1,2,0,2,0,2,0,0,0,0,2,2,2,1,0,0,2,2
45,1630.633,7578.359,-337.764,31.034,0,-0.64781,-0.54061,-38.868,-1.081,-1,400.000,-1,375.000,-1,325.000,325.000,300.000,300.000,-1,-1,-1,950.000,775.000,725.000,-1,-1,2,0,2,0,2,0,0,0,0,2,2,2,1,0,0,2,2
46,1597.270,7559.147,-338.807,29.935,0,-0.64165,-0.54919,-38.499,-1.098,-1,400.000,-1,375.000,-1,325.000,325.000,300.000,300.000,-1,-1,-1,-1,750.000,725.000,-1,-1,2,0,2,0,2,0,0,0,0,2,2,2,2,0,0,2,2
47,1563.927,7540.800,-339.820,28.821,0,-0.63430,-0.55707,-38.058,-1.114,-1,400.000,-1,375.000,-1,325.000,325.000,300.000,300.000,-1,-1,-1,-1,750.000,725.000,-1,-1,2,0,2,0,2,0,0,0,0,2,2,2,2,0,0,2,2
48,1534.418,7525.461,-340.674,27.467,0,-0.55430,-0.67707,-33.258,-1.354,-1,400.000,-1,375.000,-1,325.000,325.000,300.000,300.000,-1,-1,-1,-1,750.000,725.000,-1,-1,2,0,2,0,2,0,0,0,0,2,2,2,2,0,0,2,2
49,1508.812,7513.042,-341.370,25.873,0,-0.47430,-0.79707,-28.458,-1.594,-1,400.000,-1,375.000,-1,325.000,325.000,300.000,300.000,-1,975.000,-1,-1,750.000,700.000,-1,-1,2,0,2,0,2,0,0,0,0,2,1,2,2,0,0,2,2
50,1487.206,7503.405,-341.913,24.039,0,-0.39430,-0.91707,-23.658,-1.834,-1,375.000,-1,375.000,-1,325.000,325.000,300.000,300.000,-1,950.000,-1,-1,750.000,700.000,-1,-1,2,0,2,0,2,0,0,0,0,2,1,2,2,0,0,2,2
51,1469.726,7496.329,-342.312,22.039,0,-0.31430,-1.00000,-18.858,-2.000,-1,375.000,-1,375.000,-1,325.000,325.000,300.000,300.000,-1,900.000,1000.000,-1,750.000,700.000,-1,-1,2,0,2,0,2,0,0,0,0,2,1,1,2,0,0,2,2
52,1456.520,7491.512,-342.583,20.039,0,-0.23430,-1.00000,-14.058,-2.000,-1,375.000,-1,375.000,-1,325.000,325.000,300.000,300.000,-1,875.000,950.000,-1,725.000,700.000,-1,-1,2,0,2,0,2,0,0,0,0,2,1,1,2,0,0,2,2
53,1447.717,7488.645,-342.738,18.039,0,-0.15430,-1.00000,-9.258,-2.000,-1,375.000,-1,375.000,-1,325.000,325.000,300.000,300.000,-1,850.000,900.000,-1,725.000,700.000,-1,-1,2,0,2,0,2,0,0,0,0,2,1,1,2,0,0,2,2
54,1443.432,7487.413,-342.790,16.039,0,-0.07430,-1.00000,-4.458,-2.000,-1,375.000,-1,375.000,-1,325.000,300.000,300.000,300.000,-1,825.000,875.000,-1,725.000,700.000,-1,-1,2,0,2,0,2,0,0,0,0,2,1,1,2,0,0,2,2
55,1443.764,7487.496,-342.753,14.039,0,0.00570,-1.00000,0.342,-2.000,-1,375.000,-1,375.000,-1,325.000,300.000,300.000,300.000,-1,825.000,875.000,-1,725.000,700.000,-1,-1,2,0,2,0,2,0,0,0,0,2,1,1,2,0,0,2,2
56,1448.793,7488.569,-342.642,12.039,0,0.08570,-1.00000,5.142,-2.000,-1,375.000,-1,375.000,-1,325.000,300.000,300.000,300.000,-1,825.000,850.000,-1,725.000,700.000,-1,-1,2,0,2,0,2,0,0,0,0,2,1,1,2,0,0,2,2
57,1458.583,7490.302,-342.471,10.039,0,0.16570,-1.00000,9.942,-2.000,-1,375.000,-1,375.000,-1,325.000,300.000,300.000,300.000,-1,825.000,850.000,-1,725.000,700.000,-1,-1,2,0,2,0,2,0,0,0,0,2,1,1,2,0,0,2,2
58,1473.180,7492.363,-342.255,8.039,0,0.24570,-1.00000,14.742,-2.000,-1,375.000,-1,375.000,-1,325.000,300.000,300.000,300.000,-1,800.000,850.000,-1,725.000,700.000,-1,-1,2,0,2,0,2,0,0,0,0,2,0,1,2,0,0,2,2
59,1492.614,7494.419,-342.011,6.039,0,0.32570,-1.00000,19.542,-2.000,-1,375.000,-1,375.000,-1,325.000,325.000,300.000,300.000,-1,775.000,850.000,-1,725.000,700.000,-1,-1,2,0,2,0,2,0,0,0,0,2,0,0,2,0,0,2,2
60,1516.896,7496.134,-341.753,4.039,0,0.40570,-1.00000,24.342,-2.000,-1,375.000,-1,375.000,-1,325.000,325.000,300.000,300.000,-1,750.000,800.000,-1,725.000,700.000,-1,-1,2,0,2,0,2,0,0,0,0,2,0,0,2,0,0,2,2
61,1546.019,7497.171,-341.497,2.039,0,0.48570,-1.00000,29.142,-2.000,-1,375.000,-1,375.000,-1,325.000,325.000,300.000,300.000,-1,725.000,775.000,-1,725.000,700.000,-1,-1,2,0,2,0,2,0,0,0,0,2,0,0,2,0,0,2,2
62,1579.961,7497.194,-341.258,0.039,0,0.56570,-1.00000,33.942,-2.000,-1,375.000,-1,375.000,-1,325.000,325.000,300.000,300.000,-1,700.000,750.000,-1,725.000,700.000,-1,-1,2,0,2,0,2,0,0,0,0,2,0,0,2,0,0,2,2
63,1618.681,7495.868,-341.051,-1.961,0,0.64570,-1.00000,38.742,-2.000,-1,375.000,-1,375.000,-1,325.000,325.000,300.000,300.000,-1,675.000,725.000,-1,725.000,700.000,-1,-1,2,0,2,0,2,0,0,0,0,2,0,0,2,0,0,2,2
64,1662.119,7492.860,-340.889,-3.961,0,0.72570,-1.00000,43.542,-2.000,-1,375.000,-1,375.000,-1,325.000,325.000,300.000,300.000,-1,675.000,700.000,-1,725.000,700.000,-1,-1,2,0,2,0,2,0,0,0,0,2,0,0,2,0,0,2,2
65,1710.199,7487.839,-340.788,-5.961,0,0.80570,-1.00000,48.342,-2.000,-1,375.000,-1,375.000,-1,325.000,325.000,300.000,300.000,-1,650.000,675.000,-1,725.000,700.000,-1,-1,2,0,2,0,2,0,0,0,0,2,0,0,2,0,0,2,2
66,1762.767,7480.488,-340.759,-7.961,0,0.88465,-1.00000,53.079,-2.000,-1,375.000,-1,375.000,-1,325.000,325.000,300.000,300.000,-1,650.000,650.000,-1,725.000,725.000,-1,-1,2,0,2,0,2,0,0,0,0,2,0,0,2,0,0,2,2
67,1814.925,7471.327,-340.810,-9.961,0,0.88262,-1.00000,52.957,-2.000,-1,375.000,-1,375.000,-1,325.000,325.000,300.000,300.000,-1,650.000,650.000,-1,725.000,725.000,-1,-1,2,0,2,0,2,0,0,0,0,2,0,0,2,0,0,2,2
68,1866.612,7460.377,-340.939,-11.961,0,0.88057,-1.00000,52.834,-2.000,-1,375.000,-1,375.000,-1,325.000,325.000,300.000,300.000,-1,625.000,625.000,-1,725.000,725.000,-1,-1,2,0,2,0,2,0,0,0,0,2,0,0,2,0,0,2,2
69,1917.765,7447.660,-341.016,-13.961,0,0.87850,-1.00000,52.710,-2.000,-1,375.000,-1,375.000,750.000,325.000,325.000,300.000,300.000,-1,625.000,650.000,-1,725.000,725.000,-1,-1,2,0,2,0,1,0,0,0,0,2,0,0,2,0,0,2,2
70,1968.323,7433.200,-340.974,-15.961,0,0.87642,-1.00000,52.585,-2.000,-1,375.000,-1,375.000,675.000,325.000,325.000,300.000,300.000,-1,625.000,625.000,-1,725.000,725.000,-1,-1,2,0,2,0,1,0,0,0,0,2,0,0,2,0,1,2,2
71,2021.848,7415.849,-341.003,-17.961,0,0.93778,-1.00000,56.267,-2.000,-1,375.000,-1,375.000,625.000,325.000,325.000,300.000,300.000,-1,625.000,625.000,-1,750.000,700.000,-1,-1,2,0,2,0,1,0,0,0,0,2,0,0,2,0,1,2,2
72,2073.458,7397.348,-340.901,-19.721,0,0.91378,-0.88000,54.827,-1.760,-1,375.000,-1,375.000,575.000,325.000,325.000,300.000,300.000,-1,675.000,650.000,-1,750.000,700.000,-1,-1,2,0,2,0,1,0,0,0,0,2,0,0,2,0,1,2,2
73,2124.453,7377.403,-340.783,-21.362,0,0.91260,-0.82035,54.756,-1.641,-1,375.000,-1,375.000,550.000,325.000,325.000,300.000,300.000,-1,700.000,675.000,-1,750.000,700.000,-1,-1,2,0,2,0,1,0,0,0,1,2,0,0,2,0,1,2,2
74,2174.741,7356.043,-340.725,-23.013,0,0.91062,-0.82572,54.637,-1.651,-1,375.000,-1,375.000,525.000,325.000,325.000,300.000,300.000,-1,725.000,700.000,-1,750.000,700.000,-1,-1,2,0,2,0,1,0,0,0,1,2,0,0,2,0,1,2,2
75,2224.271,7333.287,-340.724,-24.675,0,0.90845,-0.83101,54.507,-1.662,-1,375.000,-1,375.000,475.000,325.000,325.000,300.000,275.000,-1,750.000,725.000,-1,750.000,700.000,-1,-1,2,0,2,1,1,0,0,0,1,2,0,0,2,0,0,2,2
76,2272.989,7309.159,-340.779,-26.348,0,0.90609,-0.83623,54.366,-1.672,-1,400.000,-1,375.000,450.000,325.000,325.000,300.000,275.000,-1,775.000,750.000,-1,750.000,700.000,-1,-1,2,0,2,1,1,0,0,0,1,2,0,0,2,0,0,2,2
77,2320.842,7283.682,-340.891,-28.031,0,0.90355,-0.84140,54.213,-1.683,-1,400.000,-1,375.000,425.000,325.000,325.000,300.000,275.000,-1,800.000,775.000,-1,750.000,700.000,-1,-1,2,0,2,1,1,0,0,0,1,2,0,0,2,0,0,2,2
78,2367.779,7256.884,-340.809,-29.724,0,0.90080,-0.84653,54.048,-1.693,-1,400.000,-1,375.000,425.000,325.000,325.000,300.000,250.000,-1,775.000,775.000,-1,750.000,700.000,-1,-1,2,0,2,1,1,0,1,0,1,2,0,0,2,0,0,2,2
79,2413.747,7228.795,-339.303,-31.427,0,0.89784,-0.85162,53.870,-1.703,-1,400.000,-1,375.000,-1,325.000,325.000,300.000,250.000,-1,650.000,675.000,-1,775.000,725.000,-1,-1,2,0,2,1,2,0,1,0,1,2,0,0,2,0,0,2,2
80,2458.695,7199.449,-338.007,-33.140,0,0.89467,-0.85669,53.680,-1.713,-1,400.000,-1,400.000,-1,350.000,325.000,300.000,250.000,-1,500.000,600.000,-1,800.000,775.000,-1,-1,2,0,2,1,2,0,1,0,1,2,0,0,2,0,0,2,2
81,2502.573,7168.880,-336.960,-34.864,0,0.89127,-0.86175,53.476,-1.723,-1,425.000,-1,425.000,-1,350.000,350.000,300.000,225.000,-1,425.000,525.000,-1,825.000,800.000,-1,-1,2,0,2,0,2,0,0,0,1,2,0,0,2,0,0,2,2
82,2545.332,7137.128,-336.185,-36.597,0,0.88765,-0.86679,53.259,-1.734,-1,425.000,-1,425.000,-1,350.000,350.000,300.000,225.000,-1,375.000,475.000,-1,825.000,825.000,-1,-1,2,0,2,0,2,0,0,0,1,2,0,0,2,0,0,2,2
83,2586.923,7104.233,-335.666,-38.341,0,0.88380,-0.87182,53.028,-1.744,-1,425.000,-1,425.000,-1,350.000,350.000,300.000,225.000,-1,325.000,450.000,-1,850.000,850.000,-1,-1,2,0,2,0,2,0,0,0,1,2,0,0,2,0,0,2,2
84,2627.301,7070.238,-335.397,-40.094,0,0.87971,-0.87653,52.782,-1.753,-1,425.000,-1,450.000,-1,350.000,350.000,300.000,225.000,-1,325.000,425.000,-1,850.000,850.000,-1,-1,2,0,2,0,2,0,0,0,1,2,0,0,2,0,0,2,2
85,2666.426,7035.196,-335.368,-41.849,0,0.87539,-0.87743,52.523,-1.755,-1,425.000,-1,450.000,-1,350.000,350.000,300.000,200.000,-1,300.000,400.000,-1,850.000,850.000,-1,-1,2,0,2,0,2,0,0,0,1,2,0,0,2,0,0,2,2
86,2704.259,6999.162,-335.555,-43.605,0,0.87079,-0.87801,52.248,-1.756,-1,425.000,-1,450.000,-1,350.000,350.000,275.000,200.000,-1,300.000,400.000,-1,850.000,850.000,-1,-1,2,0,2,0,2,0,0,0,1,2,0,0,2,0,0,2,2
87,2743.849,6959.405,-336.065,-45.121,0,0.93511,-0.75801,56.107,-1.516,-1,425.000,-1,450.000,-1,350.000,350.000,275.000,200.000,-1,300.000,425.000,-1,825.000,825.000,-1,-1,2,0,2,0,2,0,0,0,1,2,0,0,2,0,0,2,2
88,2782.226,6919.109,-336.817,-46.397,0,0.92746,-0.63801,55.647,-1.276,-1,425.000,-1,425.000,-1,350.000,350.000,300.000,175.000,-1,300.000,425.000,-1,825.000,800.000,-1,-1,2,0,2,0,2,0,0,0,1,2,0,0,2,0,0,2,2
89,2819.494,6878.533,-337.738,-47.433,0,0.91823,-0.51801,55.094,-1.036,-1,425.000,-1,425.000,-1,350.000,350.000,300.000,175.000,-1,325.000,450.000,-1,800.000,775.000,-1,-1,2,0,2,0,2,0,0,0,1,2,0,0,2,0,0,2,2
90,2855.767,6837.923,-339.019,-48.229,0,0.90752,-0.39801,54.451,-0.796,-1,400.000,-1,400.000,-1,325.000,325.000,300.000,175.000,-1,375.000,475.000,-1,800.000,750.000,-1,-1,2,0,2,0,2,0,0,0,1,2,0,0,2,0,0,2,2
91,2891.169,6797.504,-340.011,-48.785,0,0.89550,-0.27801,53.730,-0.556,-1,400.000,-1,400.000,-1,325.000,325.000,300.000,150.000,-1,525.000,625.000,-1,775.000,700.000,-1,-1,2,0,2,0,2,0,0,0,1,2,0,0,2,0,0,2,2
92,2925.832,6757.487,-339.768,-49.101,0,0.88238,-0.15801,52.943,-0.316,-1,375.000,-1,375.000,-1,300.000,300.000,300.000,150.000,-1,-1,-1,-1,700.000,650.000,-1,-1,2,0,2,0,2,0,0,0,1,2,2,2,2,0,0,2,2
93,2959.879,6718.046,-337.970,-49.198,0,0.86839,-0.04846,52.104,-0.097,-1,375.000,-1,375.000,-1,300.000,300.000,300.000,175.000,-1,-1,-1,-1,675.000,650.000,-1,-1,2,0,2,0,2,0,0,0,1,2,2,2,2,0,0,2,2
94,2993.301,6679.210,-336.514,-49.285,0,0.85395,-0.04348,51.237,-0.087,-1,375.000,-1,375.000,-1,300.000,300.000,300.000,175.000,-1,-1,-1,-1,650.000,625.000,-1,-1,2,0,2,0,2,0,0,0,1,2,2,2,2,0,0,2,2
95,3026.142,6640.948,-335.372,-49.360,0,0.84039,-0.03766,50.424,-0.075,-1,350.000,-1,375.000,-1,300.000,300.000,300.000,200.000,-1,-1,-1,-1,625.000,625.000,-1,-1,2,0,2,0,2,0,0,0,1,2,2,2,2,0,0,2,2
96,3060.683,6600.938,-334.113,-49.196,0,0.88094,0.08234,52.856,0.165,-1,350.000,-1,375.000,-1,300.000,300.000,300.000,200.000,-1,-1,-1,-1,625.000,625.000,-1,-1,2,0,2,0,2,0,0,0,1,2,2,2,2,0,0,2,2
97,3095.036,6561.618,-333.131,-48.858,0,0.87023,0.16904,52.214,0.338,-1,350.000,-1,375.000,-1,300.000,300.000,275.000,225.000,-1,-1,-1,-1,625.000,650.000,-1,-1,2,0,2,0,2,0,0,0,1,2,2,2,2,0,0,2,2
98,3129.217,6522.963,-332.495,-48.514,0,0.85998,0.17151,51.599,0.343,-1,350.000,-1,375.000,-1,300.000,300.000,275.000,250.000,-1,-1,-1,-1,625.000,650.000,-1,-1,2,0,2,0,2,0,0,0,1,2,2,2,2,0,0,2,2
99,3163.266,6484.928,-332.194,-48.166,0,0.85083,0.17445,51.050,0.349,-1,350.000,-1,375.000,-1,300.000,300.000,275.000,250.000,-1,-1,-1,-1,625.000,650.000,-1,-1,2,0,2,0,2,0,0,0,1,2,2,2,2,0,0,2,2
100,3197.226,6447.461,-332.100,-47.810,0,0.84279,0.17781,50.567,0.356,-1,350.000,-1,375.000,-1,300.000,300.000,275.000,275.000,-1,-1,-1,550.000,625.000,650.000,-1,-1,2,0,2,0,2,0,0,0,1,2,2,2,1,0,0,2,2
101,3231.143,6410.516,-332.245,-47.447,0,0.83588,0.18156,50.153,0.363,-1,350.000,-1,375.000,-1,300.000,300.000,275.000,300.000,-1,-1,-1,475.000,625.000,650.000,-1,-1,2,0,2,0,2,0,0,0,1,2,2,2,1,0,0,2,2
102,3265.061,6374.048,-332.707,-47.076,0,0.83006,0.18566,49.804,0.371,-1,375.000,-1,375.000,-1,300.000,300.000,300.000,300.000,-1,-1,-1,425.000,650.000,650.000,-1,-1,2,0,2,0,2,0,0,0,1,2,2,2,1,0,0,2,2
103,3299.024,6338.012,-333.481,-46.695,0,0.82530,0.19008,49.518,0.380,-1,375.000,-1,375.000,-1,300.000,300.000,300.000,325.000,-1,-1,-1,400.000,675.000,650.000,-1,-1,2,0,2,0,2,0,0,0,1,2,2,2,1,0,0,2,2
104,3333.076,6302.373,-334.566,-46.306,0,0.82153,0.19480,49.292,0.390,-1,375.000,-1,375.000,-1,300.000,300.000,300.000,300.000,-1,750.000,900.000,375.000,700.000,675.000,-1,-1,2,0,2,0,2,0,0,0,0,2,0,0,1,0,0,2,2
105,3367.256,6267.093,-334.734,-45.906,0,0.81869,0.19978,49.122,0.400,-1,375.000,-1,375.000,-1,300.000,300.000,300.000,300.000,-1,600.000,350.000,375.000,700.000,675.000,-1,-1,2,0,2,0,2,0,0,0,0,2,0,1,1,0,0,2,2
106,3401.605,6232.144,-333.650,-45.496,0,0.81672,0.20501,49.003,0.410,-1,375.000,-1,375.000,-1,300.000,300.000,300.000,300.000,-1,600.000,375.000,400.000,725.000,675.000,-1,-1,2,0,2,0,2,0,0,0,0,2,0,1,1,0,0,2,2
107,3436.160,6197.499,-332.551,-45.075,0,0.81554,0.21046,48.932,0.421,-1,375.000,-1,375.000,-1,325.000,300.000,300.000,300.000,-1,600.000,400.000,400.000,725.000,675.000,-1,-1,2,0,2,0,2,0,0,0,0,2,0,1,1,0,0,2,2
108,3470.956,6163.134,-331.285,-44.643,0,0.81508,0.21613,48.905,0.432,-1,375.000,-1,375.000,-1,325.000,300.000,300.000,300.000,-1,550.000,425.000,450.000,725.000,675.000,-1,-1,2,0,2,0,2,0,0,0,0,2,1,1,1,0,0,2,2
109,3504.498,6130.229,-329.891,-44.451,0,0.78311,0.09613,46.987,0.192,-1,375.000,-1,375.000,-1,325.000,300.000,300.000,300.000,-1,575.000,475.000,475.000,725.000,675.000,-1,-1,2,0,2,0,2,0,0,0,0,2,1,1,1,0,0,2,2
110,3538.059,6097.250,-328.484,-44.498,0,0.78422,-0.02387,47.053,-0.048,-1,375.000,975.000,375.000,-1,325.000,300.000,300.000,300.000,-1,600.000,500.000,500.000,725.000,675.000,-1,-1,2,0,1,0,2,0,0,0,0,2,1,1,1,0,0,2,2
111,3571.534,6064.024,-327.037,-44.786,0,0.78609,-0.14387,47.165,-0.288,-1,375.000,950.000,375.000,-1,325.000,300.000,300.000,300.000,-1,575.000,550.000,550.000,725.000,675.000,-1,-1,2,0,1,0,2,0,0,0,0,2,0,1,1,0,0,2,2
112,3604.869,6030.444,-325.562,-45.209,0,0.78860,-0.21134,47.316,-0.423,-1,375.000,900.000,375.000,-1,325.000,300.000,300.000,300.000,-1,575.000,600.000,575.000,700.000,675.000,-1,-1,2,0,1,0,2,0,0,0,0,2,0,1,1,1,0,2,2
113,3638.087,5996.501,-324.070,-45.619,0,0.79154,-0.20525,47.493,-0.410,-1,375.000,850.000,375.000,-1,325.000,300.000,300.000,300.000,-1,575.000,625.000,600.000,650.000,675.000,975.000,-1,2,0,1,0,2,0,0,0,0,2,0,1,1,1,0,1,2
114,3671.199,5962.191,-322.508,-46.018,0,0.79469,-0.19906,47.682,-0.398,-1,375.000,825.000,375.000,-1,325.000,300.000,300.000,300.000,-1,550.000,650.000,650.000,625.000,675.000,900.000,-1,2,0,1,0,2,0,0,0,0,2,0,0,1,1,0,1,2
115,3704.218,5927.515,-320.861,-46.403,0,0.79804,-0.19279,47.882,-0.386,-1,375.000,775.000,375.000,-1,325.000,300.000,300.000,300.000,-1,525.000,625.000,675.000,575.000,675.000,825.000,-1,2,0,1,0,2,0,0,0,0,2,0,0,1,1,0,1,2
116,3737.155,5892.469,-319.192,-46.776,0,0.80157,-0.18643,48.094,-0.373,-1,375.000,725.000,375.000,-1,325.000,300.000,325.000,300.000,-1,525.000,600.000,700.000,550.000,700.000,750.000,-1,2,1,1,0,2,0,0,0,0,2,0,0,1,1,0,1,2
117,3771.246,5855.735,-317.437,-47.138,0,0.83527,-0.18077,50.116,-0.362,-1,375.000,675.000,375.000,-1,325.000,300.000,300.000,300.000,-1,500.000,600.000,750.000,500.000,700.000,675.000,-1,2,1,1,0,2,0,0,0,0,2,0,0,1,1,0,1,2
118,3808.517,5815.403,-315.493,-47.259,0,0.91527,-0.06077,54.916,-0.122,1000.000,350.000,625.000,375.000,-1,300.000,325.000,300.000,300.000,-1,475.000,575.000,775.000,475.000,700.000,600.000,-1,1,1,1,0,2,1,0,0,0,2,0,0,1,1,0,1,2
119,3848.528,5771.957,-313.064,-47.357,0,0.98438,-0.04880,59.063,-0.098,850.000,325.000,575.000,375.000,-1,300.000,300.000,300.000,300.000,-1,500.000,600.000,825.000,425.000,675.000,525.000,-1,1,1,1,0,2,1,0,0,0,2,0,0,1,1,1,1,2
120,3888.770,5728.117,-310.598,-47.450,0,0.99184,-0.04678,59.510,-0.094,700.000,300.000,525.000,375.000,-1,275.000,300.000,300.000,300.000,-1,550.000,650.000,850.000,375.000,625.000,475.000,950.000,1,1,1,0,2,1,0,0,0,2,0,0,1,1,1,1,1
121,3929.247,5683.883,-308.083,-47.539,0,0.99930,-0.04456,59.958,-0.089,575.000,275.000,450.000,375.000,-1,250.000,300.000,300.000,300.000,-1,575.000,675.000,900.000,325.000,550.000,400.000,875.000,1,1,1,0,2,1,1,0,0,2,0,0,1,1,1,1,1
122,3969.687,5639.559,-305.535,-47.624,0,1.00000,-0.04210,60.000,-0.084,450.000,225.000,400.000,375.000,-1,225.000,275.000,300.000,300.000,-1,600.000,700.000,925.000,300.000,475.000,325.000,775.000,1,1,1,1,2,1,1,0,0,2,0,0,1,1,1,1,1
123,4010.066,5595.180,-300.585,-47.702,0,1.00000,-0.03940,60.000,-0.079,375.000,200.000,350.000,350.000,-1,200.000,250.000,325.000,300.000,-1,525.000,550.000,925.000,250.000,425.000,275.000,725.000,1,1,1,1,2,1,1,0,0,2,0,0,1,1,1,1,1
124,4050.388,5550.749,-294.013,-47.775,0,1.00000,-0.03642,60.000,-0.073,325.000,200.000,325.000,300.000,-1,175.000,225.000,375.000,300.000,-1,375.000,300.000,900.000,225.000,375.000,225.000,675.000,1,1,1,1,2,1,1,0,0,2,0,0,1,1,1,1,1
125,4090.659,5506.272,-286.137,-47.841,0,1.00000,-0.03311,60.000,-0.066,275.000,175.000,275.000,275.000,-1,150.000,200.000,450.000,275.000,-1,275.000,175.000,875.000,200.000,325.000,200.000,600.000,1,1,1,1,2,1,1,0,0,2,0,0,1,1,1,1,1
126,-3607.627,9511.017,-131.601,-113.681,1,0.00000,0.00000,60.000,0.174,450.000,375.000,-1,400.000,-1,325.000,325.000,300.000,300.000,-1,-1,-1,-1,475.000,800.000,450.000,-1,1,1,2,0,2,0,0,0,0,2,2,2,2,1,0,1,2
127,-3605.681,9515.405,-131.622,-113.921,0,-0.08000,-0.12000,-4.800,-0.240,450.000,375.000,-1,400.000,-1,325.000,325.000,300.000,300.000,-1,-1,-1,-1,475.000,800.000,450.000,-1,1,1,2,0,2,0,0,0,0,2,2,2,2,1,0,1,2
128,-3601.748,9524.162,-131.669,-114.182,0,-0.16000,-0.13030,-9.600,-0.261,450.000,375.000,-1,400.000,-1,325.000,325.000,300.000,300.000,-1,-1,-1,-1,475.000,800.000,450.000,-1,1,1,2,0,2,0,0,0,0,2,2,2,2,1,0,1,2
129,-3596.615,9535.456,-131.731,-114.444,0,-0.20677,-0.13109,-12.406,-0.262,475.000,400.000,-1,400.000,-1,325.000,325.000,300.000,300.000,-1,-1,-1,-1,500.000,800.000,475.000,-1,1,1,2,0,2,0,0,0,0,2,2,2,2,1,0,1,2
130,-3591.348,9546.902,-131.795,-114.709,0,-0.20999,-0.13250,-12.599,-0.265,475.000,400.000,-1,400.000,-1,325.000,325.000,300.000,300.000,-1,-1,-1,-1,500.000,800.000,475.000,-1,1,1,2,0,2,0,0,0,0,2,2,2,2,1,0,1,2
131,-3585.945,9558.500,-131.861,-114.977,0,-0.21325,-0.13393,-12.795,-0.268,500.000,400.000,-1,400.000,-1,325.000,325.000,300.000,300.000,-1,-1,-1,-1,500.000,800.000,500.000,-1,1,0,2,0,2,0,0,0,0,2,2,2,2,1,0,1,2
132,-3580.403,9570.253,-131.929,-115.248,0,-0.21657,-0.13540,-12.994,-0.271,500.000,400.000,-1,400.000,-1,325.000,325.000,300.000,300.000,-1,-1,-1,-1,525.000,800.000,500.000,-1,1,0,2,0,2,0,0,0,0,2,2,2,2,1,0,1,2
133,-3574.718,9582.161,-131.999,-115.521,0,-0.21993,-0.13689,-13.196,-0.274,525.000,400.000,-1,400.000,-1,325.000,325.000,300.000,300.000,-1,-1,-1,-1,525.000,800.000,525.000,-1,1,0,2,0,2,0,0,0,0,2,2,2,2,1,0,1,2
134,-3568.886,9594.226,-132.071,-115.798,0,-0.22334,-0.13841,-13.401,-0.277,525.000,400.000,-1,400.000,-1,325.000,325.000,300.000,300.000,-1,-1,-1,-1,525.000,800.000,525.000,-1,1,0,2,0,2,0,0,0,0,2,2,2,2,1,0,1,2
135,-3562.903,9606.449,-132.145,-116.078,0,-0.22681,-0.13996,-13.608,-0.280,525.000,400.000,-1,400.000,-1,325.000,325.000,300.000,300.000,-1,-1,-1,-1,550.000,800.000,550.000,-1,1,0,2,0,2,0,0,0,0,2,2,2,2,1,0,1,2
136,-3556.767,9618.831,-132.221,-116.361,0,-0.23032,-0.14153,-13.819,-0.283,550.000,400.000,-1,400.000,-1,325.000,325.000,300.000,300.000,-1,-1,-1,-1,550.000,800.000,550.000,-1,1,0,2,0,2,0,0,0,0,2,2,2,2,1,0,1,2
137,-3550.474,9631.374,-132.300,-116.648,0,-0.23388,-0.14314,-14.033,-0.286,550.000,400.000,-1,400.000,-1,325.000,325.000,300.000,300.000,-1,-1,-1,-1,575.000,800.000,575.000,-1,1,0,2,0,2,0,0,0,0,2,2,2,2,1,0,1,2
138,-3544.018,9644.077,-132.381,-116.937,0,-0.23750,-0.14478,-14.250,-0.290,575.000,400.000,-1,400.000,-1,325.000,325.000,300.000,300.000,-1,-1,-1,-1,575.000,800.000,575.000,-1,1,0,2,0,2,0,0,0,0,2,2,2,2,1,0,1,2
139,-3537.397,9656.944,-132.465,-117.230,0,-0.24116,-0.14644,-14.470,-0.293,575.000,400.000,-1,400.000,-1,325.000,325.000,300.000,300.000,-1,-1,-1,-1,575.000,800.000,600.000,-1,1,0,2,0,2,0,0,0,0,2,2,2,2,1,0,1,2
140,-3530.607,9669.974,-132.556,-117.526,0,-0.24488,-0.14814,-14.693,-0.296,600.000,400.000,-1,400.000,-1,325.000,325.000,300.000,300.000,-1,-1,-1,-1,600.000,800.000,600.000,-1,1,0,2,0,2,0,0,0,0,2,2,2,2,1,0,1,2
141,-3523.643,9683.168,-132.651,-117.826,0,-0.24866,-0.14987,-14.919,-0.300,600.000,400.000,-1,400.000,-1,325.000,325.000,300.000,300.000,-1,-1,-1,-1,600.000,800.000,625.000,-1,1,0,2,0,2,0,0,0,0,2,2,2,2,1,0,1,2
142,-3516.500,9696.528,-132.783,-118.129,0,-0.25249,-0.15164,-15.149,-0.303,625.000,400.000,-1,400.000,-1,325.000,325.000,300.000,300.000,-1,-1,-1,-1,625.000,800.000,625.000,-1,1,0,2,0,2,0,0,0,0,2,2,2,2,1,0,1,2
143,-3509.176,9710.054,-132.920,-118.436,0,-0.25637,-0.15343,-15.382,-0.307,625.000,400.000,-1,400.000,-1,325.000,325.000,300.000,300.000,-1,-1,-1,-1,625.000,800.000,650.000,-1,1,0,2,0,2,0,0,0,0,2,2,2,2,1,0,1,2
144,-3501.664,9723.747,-133.060,-118.747,0,-0.26031,-0.15526,-15.618,-0.311,650.000,400.000,-1,400.000,-1,325.000,325.000,300.000,300.000,-1,-1,-1,-1,625.000,800.000,675.000,-1,1,0,2,0,2,0,0,0,0,2,2,2,2,1,0,1,2
145,-3493.961,9737.609,-133.202,-119.061,0,-0.26430,-0.15713,-15.858,-0.314,675.000,400.000,-1,400.000,-1,325.000,325.000,300.000,300.000,-1,-1,-1,-1,650.000,800.000,675.000,-1,1,0,2,0,2,0,0,0,0,2,2,2,2,1,0,1,2
146,-3486.063,9751.639,-133.348,-119.379,0,-0.26835,-0.15903,-16.101,-0.318,675.000,400.000,-1,400.000,-1,325.000,325.000,300.000,300.000,-1,-1,-1,-1,650.000,800.000,700.000,-1,1,0,2,0,2,0,0,0,0,2,2,2,2,1,0,1,2
147,-3477.963,9765.839,-133.496,-119.701,0,-0.27246,-0.16097,-16.347,-0.322,700.000,400.000,-1,400.000,-1,325.000,325.000,300.000,300.000,-1,-1,-1,-1,675.000,800.000,700.000,-1,1,0,2,0,2,0,0,0,0,2,2,2,2,1,0,1,2
148,-3469.658,9780.209,-133.663,-120.027,0,-0.27662,-0.16294,-16.597,-0.326,700.000,400.000,-1,400.000,-1,325.000,325.000,300.000,300.000,-1,-1,-1,-1,675.000,800.000,725.000,-1,1,0,2,0,2,0,0,0,0,2,2,2,2,1,0,1,2
149,-3461.142,9794.749,-133.836,-120.357,0,-0.28084,-0.16496,-16.851,-0.330,725.000,400.000,-1,400.000,-1,325.000,325.000,300.000,300.000,-1,1000.000,1000.000,-1,700.000,775.000,750.000,-1,1,0,2,0,2,0,0,0,0,2,1,1,2,1,0,1,2
150,-3452.410,9809.460,-134.011,-120.691,0,-0.28512,-0.16701,-17.107,-0.334,725.000,400.000,-1,400.000,-1,325.000,325.000,300.000,300.000,-1,975.000,975.000,-1,700.000,775.000,750.000,-1,1,0,2,0,2,0,0,0,0,2,1,1,2,1,0,1,2
151,-3443.457,9824.343,-134.190,-121.029,0,-0.28946,-0.16910,-17.368,-0.338,750.000,400.000,-1,400.000,-1,325.000,325.000,300.000,300.000,-1,975.000,975.000,-1,725.000,775.000,775.000,-1,1,0,2,0,2,0,0,0,0,2,1,1,2,1,0,1,2
152,-3434.278,9839.397,-134.372,-121.371,0,-0.29386,-0.17124,-17.632,-0.342,775.000,400.000,-1,400.000,-1,325.000,325.000,300.000,300.000,-1,950.000,950.000,-1,725.000,775.000,800.000,-1,1,0,2,0,2,0,0,0,0,2,1,1,2,1,0,1,2
153,-3424.868,9854.623,-134.557,-121.718,0,-0.29832,-0.17341,-17.899,-0.347,775.000,400.000,-1,400.000,-1,325.000,325.000,300.000,300.000,-1,925.000,925.000,-1,750.000,775.000,800.000,-1,1,0,2,0,2,0,0,0,0,2,1,1,2,1,0,1,2
154,-3415.220,9870.021,-134.746,-122.069,0,-0.30284,-0.17564,-18.171,-0.351,800.000,400.000,-1,400.000,-1,325.000,325.000,300.000,300.000,-1,925.000,900.000,-1,750.000,775.000,825.000,-1,1,0,2,0,2,0,0,0,0,2,1,1,2,1,0,1,2
155,-3405.330,9885.591,-134.938,-122.425,0,-0.30742,-0.17790,-18.445,-0.356,800.000,400.000,-1,400.000,-1,325.000,325.000,300.000,300.000,-1,900.000,875.000,-1,775.000,775.000,850.000,-1,1,0,2,0,2,0,0,0,0,2,1,1,2,1,0,1,2
156,-3395.191,9901.332,-135.133,-122.786,0,-0.31206,-0.18021,-18.724,-0.360,825.000,400.000,-1,400.000,-1,325.000,325.000,300.000,300.000,-1,875.000,850.000,-1,775.000,775.000,850.000,-1,1,0,2,0,2,0,0,0,0,2,1,1,2,1,0,1,2
157,-3387.627,9913.022,-135.278,-122.906,0,-0.23206,-0.06021,-13.924,-0.120,850.000,400.000,-1,400.000,-1,325.000,325.000,300.000,300.000,-1,875.000,850.000,-1,800.000,775.000,875.000,-1,1,0,2,0,2,0,0,0,0,2,1,1,2,1,0,1,2
158,-3382.686,9920.692,-135.371,-122.787,0,-0.15206,0.05979,-9.124,0.120,850.000,400.000,-1,400.000,-1,325.000,325.000,300.000,300.000,-1,875.000,825.000,-1,800.000,775.000,875.000,-1,1,0,2,0,2,0,0,0,0,2,1,1,2,1,0,1,2
159,-3380.367,9924.342,-135.415,-122.427,0,-0.07206,0.17979,-4.324,0.360,850.000,400.000,-1,400.000,-1,325.000,325.000,300.000,300.000,-1,850.000,825.000,-1,800.000,775.000,875.000,-1,1,0,2,0,2,0,0,0,0,2,1,1,2,1,0,1,2
160,-3380.619,9923.937,-135.409,-121.827,0,0.00794,0.29979,0.476,0.600,850.000,400.000,-1,400.000,-1,325.000,325.000,300.000,300.000,-1,850.000,825.000,-1,800.000,775.000,875.000,-1,1,0,2,0,2,0,0,0,0,2,1,1,2,1,0,1,2
161,-3383.341,9919.418,-135.356,-121.068,0,0.08794,0.37977,5.276,0.760,850.000,400.000,-1,400.000,-1,325.000,325.000,300.000,300.000,-1,850.000,850.000,-1,775.000,775.000,875.000,-1,1,0,2,0,2,0,0,0,0,2,1,1,2,1,0,1,2
162,-3388.427,9910.719,-135.257,-120.311,0,0.16794,0.37854,10.076,0.757,850.000,400.000,-1,400.000,-1,325.000,325.000,300.000,300.000,-1,850.000,850.000,-1,775.000,775.000,875.000,-1,1,0,2,0,2,0,0,0,0,2,1,1,2,1,0,1,2
163,-3395.764,9897.779,-135.115,-119.555,0,0.24794,0.37806,14.876,0.756,825.000,400.000,-1,400.000,-1,325.000,325.000,300.000,300.000,-1,875.000,875.000,-1,775.000,775.000,850.000,-1,1,0,2,0,2,0,0,0,0,2,1,1,2,1,0,1,2
164,-3405.243,9880.536,-134.930,-118.798,0,0.32794,0.37830,19.676,0.757,825.000,400.000,-1,400.000,-1,325.000,325.000,300.000,300.000,-1,875.000,925.000,-1,750.000,775.000,825.000,-1,1,0,2,0,2,0,0,0,0,2,1,1,2,1,0,1,2
165,-3416.749,9858.933,-134.705,-118.040,0,0.40794,0.37922,24.476,0.758,800.000,400.000,-1,400.000,-1,325.000,325.000,300.000,300.000,-1,900.000,950.000,-1,725.000,775.000,800.000,-1,1,0,2,0,2,0,0,0,0,2,1,1,2,1,0,1,2
166,-3430.166,9832.912,-134.439,-117.278,0,0.48794,0.38079,29.276,0.762,775.000,400.000,-1,400.000,-1,325.000,325.000,300.000,300.000,-1,950.000,1000.000,-1,700.000,775.000,775.000,-1,1,0,2,0,2,0,0,0,0,2,1,1,2,1,0,1,2
167,-3445.377,9802.420,-134.133,-116.512,0,0.56794,0.38300,34.076,0.766,750.000,400.000,-1,400.000,-1,325.000,325.000,300.000,300.000,-1,975.000,-1,-1,675.000,800.000,750.000,-1,1,0,2,0,2,0,0,0,0,2,1,2,2,1,0,1,2
168,-3462.261,9767.401,-133.795,-115.740,0,0.64794,0.38585,38.876,0.772,700.000,400.000,-1,400.000,-1,325.000,325.000,300.000,300.000,-1,-1,-1,-1,650.000,800.000,700.000,-1,1,0,2,0,2,0,0,0,0,2,2,2,2,1,0,1,2
169,-3480.693,9727.805,-133.463,-114.962,0,0.72794,0.38934,43.676,0.779,675.000,400.000,-1,400.000,-1,325.000,325.000,300.000,300.000,-1,-1,-1,-1,625.000,800.000,675.000,-1,1,0,2,0,2,0,0,0,0,2,2,2,2,1,0,1,2
170,-3500.545,9683.580,-133.159,-114.175,0,0.80794,0.39350,48.476,0.787,625.000,400.000,-1,400.000,-1,325.000,325.000,300.000,300.000,-1,-1,-1,-1,600.000,800.000,625.000,-1,1,0,2,0,2,0,0,0,0,2,2,2,2,1,1,1,2
171,-3521.685,9634.677,-132.908,-113.378,0,0.88794,0.39837,53.276,0.797,575.000,400.000,-1,400.000,-1,325.000,325.000,300.000,300.000,-1,-1,-1,-1,550.000,775.000,575.000,-1,1,0,2,0,2,0,0,0,0,2,2,2,2,1,1,1,2
172,-3543.975,9581.049,-132.657,-112.570,0,0.96794,0.40402,58.076,0.808,525.000,400.000,-1,400.000,-1,325.000,325.000,300.000,300.000,-1,-1,-1,-1,525.000,800.000,525.000,-1,1,0,2,0,2,0,0,0,0,2,2,2,2,1,0,1,2
173,-3566.207,9525.320,-132.410,-111.749,0,1.00000,0.41055,60.000,0.821,475.000,375.000,-1,400.000,-1,325.000,325.000,300.000,300.000,-1,-1,-1,-1,475.000,800.000,475.000,-1,1,1,2,0,2,0,0,0,0,2,2,2,2,1,0,1,2
174,-3587.625,9469.273,-132.176,-110.914,0,1.00000,0.41752,60.000,0.835,425.000,350.000,-1,400.000,-1,325.000,325.000,300.000,300.000,-1,-1,-1,-1,425.000,800.000,400.000,-1,1,1,2,0,2,0,0,0,0,2,2,2,2,1,0,1,2
175,-3608.209,9412.914,-131.955,-110.064,0,1.00000,0.42465,60.000,0.849,350.000,325.000,-1,400.000,-1,300.000,325.000,300.000,300.000,-1,-1,-1,-1,400.000,800.000,350.000,-1,1,1,2,1,2,1,0,0,0,2,2,2,2,1,0,1,2
176,-3627.942,9356.252,-131.748,-109.200,0,1.00000,0.43199,60.000,0.864,300.000,275.000,-1,375.000,-1,275.000,300.000,300.000,300.000,-1,-1,-1,-1,350.000,800.000,300.000,-1,1,1,2,1,2,1,1,0,0,2,2,2,2,1,0,1,2
177,-3646.803,9299.293,-131.556,-108.321,0,1.00000,0.43959,60.000,0.879,250.000,250.000,-1,350.000,-1,250.000,275.000,300.000,300.000,-1,-1,-1,-1,300.000,800.000,250.000,-1,1,1,2,1,2,1,1,0,0,2,2,2,2,1,0,1,2
178,-3664.771,9242.047,-131.026,-107.426,0,1.00000,0.44753,60.000,0.895,200.000,225.000,-1,325.000,-1,225.000,250.000,325.000,300.000,-1,-1,-1,-1,275.000,825.000,200.000,-1,1,1,2,1,2,1,1,0,0,2,2,2,2,1,0,1,2
179,-3681.827,9184.522,-124.846,-106.514,0,1.00000,0.45590,60.000,0.912,200.000,225.000,-1,350.000,-1,200.000,250.000,375.000,300.000,-1,825.000,575.000,-1,275.000,950.000,175.000,-1,1,1,2,1,2,1,1,0,0,2,0,0,2,1,0,1,2
180,-3697.947,9126.728,-118.686,-105.585,0,1.00000,0.46481,60.000,0.930,200.000,225.000,-1,350.000,-1,200.000,250.000,450.000,275.000,-1,375.000,175.000,-1,275.000,-1,175.000,-1,1,1,2,1,2,1,1,0,0,2,0,0,2,1,2,1,2
181,-3713.107,9068.675,-111.023,-104.636,0,1.00000,0.47440,60.000,0.949,200.000,225.000,-1,400.000,-1,225.000,275.000,525.000,275.000,-1,225.000,75.000,650.000,275.000,-1,175.000,-1,1,1,2,1,2,1,1,1,0,2,0,0,0,1,2,1,2
182,-9511.017,983.898,109.863,-81.361,1,0.00000,0.00000,58.451,0.709,-1,725.000,-1,175.000,175.000,275.000,175.000,325.000,650.000,200.000,25.000,100.000,-1,-1,250.000,-1,150.000,2,1,2,1,1,1,1,0,1,0,0,0,2,2,1,2,1
183,-8851.783,8195.668,-106.811,-46.545,1,0.08000,-0.12000,4.800,-0.240,-1,400.000,-1,400.000,-1,325.000,325.000,300.000,300.000,-1,-1,-1,-1,750.000,775.000,-1,-1,2,0,2,0,2,0,0,0,0,2,2,2,2,0,0,2,2
184,-8845.239,8188.644,-106.875,-47.025,0,0.16000,-0.24000,9.600,-0.480,-1,400.000,-1,400.000,-1,325.000,325.000,300.000,300.000,-1,-1,-1,-1,750.000,775.000,-1,-1,2,0,2,0,2,0,0,0,0,2,2,2,2,0,0,2,2
185,-8835.556,8177.986,-106.979,-47.745,0,0.24000,-0.36000,14.400,-0.720,-1,400.000,-1,400.000,-1,325.000,325.000,300.000,300.000,-1,-1,-1,-1,750.000,775.000,-1,-1,2,0,2,0,2,0,0,0,0,2,2,2,2,0,0,2,2
186,-8822.885,8163.561,-107.139,-48.705,0,0.32000,-0.48000,19.200,-0.960,-1,400.000,-1,400.000,-1,325.000,325.000,300.000,300.000,-1,-1,-1,-1,750.000,775.000,-1,-1,2,0,2,0,2,0,0,0,0,2,2,2,2,0,0,2,2
187,-8807.368,8145.252,-107.336,-49.716,0,0.40000,-0.50577,24.000,-1.012,-1,400.000,-1,400.000,-1,325.000,325.000,300.000,300.000,-1,-1,-1,-1,750.000,750.000,-1,-1,2,0,2,0,2,0,0,0,0,2,2,2,2,0,0,2,2
188,-8789.137,8122.957,-107.568,-50.728,0,0.48000,-0.50577,28.800,-1.012,-1,400.000,-1,400.000,-1,325.000,325.000,300.000,300.000,-1,-1,-1,-1,750.000,750.000,-1,-1,2,0,2,0,2,0,0,0,0,2,2,2,2,0,0,2,2
189,-8768.331,8096.574,-107.845,-51.739,0,0.56000,-0.50577,33.600,-1.012,-1,400.000,-1,400.000,-1,325.000,325.000,300.000,300.000,-1,-1,-1,-1,750.000,750.000,-1,-1,2,0,2,0,2,0,0,0,0,2,2,2,2,0,0,2,2
190,-8745.088,8066.007,-108.226,-52.751,0,0.64000,-0.50577,38.400,-1.012,-1,400.000,-1,400.000,-1,325.000,325.000,300.000,300.000,-1,-1,-1,-1,750.000,750.000,-1,-1,2,0,2,0,2,0,0,0,0,2,2,2,2,0,0,2,2
191,-8719.551,8031.163,-108.651,-53.763,0,0.72000,-0.50577,43.200,-1.012,-1,400.000,-1,400.000,-1,325.000,325.000,300.000,300.000,-1,-1,-1,-1,750.000,750.000,-1,-1,2,0,2,0,2,0,0,0,0,2,2,2,2,0,0,2,2
192,-8692.134,7992.335,-109.114,-54.774,0,0.79220,-0.50577,47.532,-1.012,-1,400.000,-1,400.000,-1,325.000,325.000,300.000,300.000,-1,-1,-1,-1,725.000,750.000,-1,-1,2,0,2,0,2,0,0,0,0,2,2,2,2,0,0,2,2
193,-8665.407,7953.028,-109.572,-55.786,0,0.79220,-0.50577,47.532,-1.012,-1,400.000,-1,400.000,-1,325.000,325.000,300.000,300.000,-1,-1,-1,-1,725.000,750.000,-1,-1,2,0,2,0,2,0,0,0,0,2,2,2,2,0,0,2,2
194,-8639.379,7913.256,-110.033,-56.797,0,0.79220,-0.50577,47.532,-1.012,-1,400.000,-1,400.000,-1,325.000,325.000,300.000,300.000,-1,-1,-1,-1,725.000,750.000,-1,-1,2,0,2,0,2,0,0,0,0,2,2,2,2,0,0,2,2
195,-8614.056,7873.031,-110.487,-57.809,0,0.79220,-0.50577,47.532,-1.012,-1,375.000,-1,400.000,-1,325.000,325.000,300.000,300.000,-1,-1,-1,-1,725.000,750.000,-1,-1,2,0,2,0,2,0,0,0,0,2,2,2,2,0,0,2,2
196,-8589.447,7832.365,-110.921,-58.820,0,0.79220,-0.50577,47.532,-1.012,-1,375.000,-1,400.000,-1,325.000,325.000,300.000,300.000,-1,-1,-1,-1,725.000,750.000,-1,-1,2,0,2,0,2,0,0,0,0,2,2,2,2,0,0,2,2
197,-8565.561,7791.271,-111.330,-59.832,0,0.79220,-0.50577,47.532,-1.012,-1,375.000,-1,400.000,-1,325.000,325.000,300.000,300.000,-1,-1,-1,-1,725.000,750.000,-1,-1,2,0,2,0,2,0,0,0,0,2,2,2,2,0,0,2,2
198,-8542.403,7749.761,-111.764,-60.843,0,0.79220,-0.50577,47.532,-1.012,-1,375.000,-1,400.000,-1,325.000,325.000,300.000,300.000,-1,-1,-1,-1,725.000,750.000,-1,-1,2,0,2,0,2,0,0,0,0,2,2,2,2,0,0,2,2
199,-8519.972,7707.831,-112.189,-61.856,0,0.79255,-0.50606,47.553,-1.012,-1,375.000,-1,400.000,-1,325.000,325.000,300.000,300.000,-1,-1,-1,-1,725.000,750.000,-1,-1,2,0,2,0,2,0,0,0,0,2,2,2,2,0,0,2,2
200,-8498.150,7665.240,-112.580,-62.871,0,0.79760,-0.50775,47.856,-1.015,-1,375.000,-1,400.000,-1,325.000,325.000,300.000,300.000,-1,-1,-1,-1,725.000,725.000,-1,-1,2,0,2,0,2,0,0,0,0,2,2,2,2,0,0,2,2
201,-8476.940,7621.963,-112.984,-63.890,0,0.80324,-0.50967,48.195,-1.019,-1,375.000,-1,400.000,-1,325.000,325.000,300.000,300.000,-1,-1,-1,-1,725.000,725.000,-1,-1,2,0,2,0,2,0,0,0,0,2,2,2,2,0,0,2,2
202,-8456.360,7578.003,-113.387,-64.913,0,0.80899,-0.51149,48.539,-1.023,-1,375.000,-1,400.000,-1,325.000,325.000,300.000,300.000,-1,-1,-1,-1,725.000,725.000,-1,-1,2,0,2,0,2,0,0,0,0,2,2,2,2,0,0,2,2
203,-8436.428,7533.361,-113.779,-65.940,0,0.81483,-0.51320,48.890,-1.026,-1,375.000,-1,400.000,-1,325.000,325.000,300.000,300.000,-1,-1,-1,-1,725.000,725.000,-1,-1,2,0,2,0,2,0,0,0,0,2,2,2,2,0,0,2,2
204,-8417.161,7488.039,-114.160,-66.969,0,0.82078,-0.51479,49.247,-1.030,-1,375.000,-1,400.000,-1,325.000,325.000,300.000,300.000,-1,-1,-1,-1,725.000,725.000,-1,-1,2,0,2,0,2,0,0,0,0,2,2,2,2,0,0,2,2
205,-8398.579,7442.041,-114.530,-68.002,0,0.82682,-0.51627,49.609,-1.033,-1,375.000,-1,400.000,-1,325.000,325.000,300.000,300.000,-1,-1,-1,-1,725.000,725.000,-1,-1,2,0,2,0,2,0,0,0,0,2,2,2,2,0,0,2,2
206,-8380.699,7395.371,-114.890,-69.037,0,0.83297,-0.51762,49.978,-1.035,-1,375.000,-1,400.000,1000.000,325.000,325.000,300.000,300.000,-1,-1,-1,-1,725.000,725.000,-1,1000.000,2,0,2,0,1,0,0,0,0,2,2,2,2,0,0,2,1
207,-8362.818,7346.506,-115.250,-69.902,0,0.86723,-0.43237,52.034,-0.865,-1,375.000,-1,375.000,950.000,325.000,325.000,300.000,300.000,-1,-1,-1,-1,700.000,725.000,-1,950.000,2,0,2,0,1,0,0,0,0,2,2,2,2,0,0,2,1
208,-8345.552,7297.009,-115.600,-70.769,0,0.87372,-0.43371,52.423,-0.867,-1,375.000,-1,375.000,900.000,325.000,325.000,300.000,300.000,-1,-1,-1,-1,700.000,725.000,-1,900.000,2,0,2,0,1,0,0,0,0,2,2,2,2,0,0,2,1
209,-8328.914,7246.880,-115.850,-71.639,0,0.88029,-0.43496,52.817,-0.870,-1,375.000,-1,375.000,850.000,325.000,325.000,300.000,300.000,-1,-1,-1,-1,700.000,725.000,-1,850.000,2,0,2,0,1,0,0,0,0,2,2,2,2,0,1,2,1
210,-8312.922,7196.123,-116.032,-72.511,0,0.88695,-0.43612,53.217,-0.872,-1,375.000,-1,375.000,825.000,325.000,325.000,300.000,300.000,-1,-1,-1,-1,700.000,675.000,-1,800.000,2,0,2,0,1,0,0,0,0,2,2,2,2,0,1,2,1
211,-8297.590,7144.740,-116.197,-73.386,0,0.89369,-0.43719,53.622,-0.874,-1,375.000,-1,375.000,775.000,325.000,325.000,300.000,300.000,-1,-1,-1,-1,700.000,650.000,-1,750.000,2,0,2,0,1,0,0,0,0,2,2,2,2,0,1,2,1
212,-8282.935,7092.734,-116.250,-74.262,0,0.90052,-0.43817,54.031,-0.876,-1,375.000,-1,375.000,725.000,325.000,325.000,300.000,300.000,-1,-1,-1,-1,700.000,625.000,-1,725.000,2,0,2,0,1,0,0,0,0,2,2,2,2,0,1,2,1
213,-8268.972,7040.110,-116.238,-75.140,0,0.90742,-0.43905,54.445,-0.878,-1,375.000,-1,375.000,675.000,325.000,325.000,300.000,300.000,-1,-1,-1,-1,700.000,600.000,-1,675.000,2,0,2,0,1,0,0,0,0,2,2,2,2,1,1,2,1
214,-8255.718,6986.870,-116.215,-76.020,0,0.91441,-0.43984,54.865,-0.880,-1,375.000,-1,375.000,625.000,325.000,325.000,300.000,300.000,-1,-1,-1,-1,675.000,550.000,-1,625.000,2,0,2,0,1,0,0,0,0,2,2,2,2,1,1,2,1
215,-8243.187,6933.020,-116.182,-76.901,0,0.92148,-0.44054,55.289,-0.881,-1,375.000,-1,400.000,575.000,325.000,325.000,300.000,300.000,-1,-1,-1,-1,650.000,525.000,-1,575.000,2,0,2,1,1,0,0,0,0,2,2,2,2,1,1,2,1
216,-8231.397,6878.564,-116.139,-77.783,0,0.92863,-0.44114,55.718,-0.882,-1,375.000,-1,375.000,525.000,325.000,325.000,300.000,300.000,-1,-1,-1,-1,625.000,500.000,-1,525.000,2,0,2,1,1,0,0,0,0,2,2,2,2,1,1,2,1
217,-8220.362,6823.507,-116.088,-78.667,0,0.93586,-0.44165,56.151,-0.883,-1,375.000,-1,350.000,475.000,325.000,325.000,300.000,300.000,-1,-1,1000.000,-1,600.000,450.000,-1,475.000,2,1,2,1,1,1,1,0,0,2,2,0,2,1,1,2,1
218,-8210.099,6767.856,-116.030,-79.551,0,0.94316,-0.44206,56.590,-0.884,-1,350.000,-1,325.000,425.000,300.000,300.000,300.000,300.000,-1,-1,975.000,-1,575.000,425.000,-1,425.000,2,1,2,1,1,1,1,0,0,2,2,0,2,1,1,2,1
219,-8200.622,6711.616,-115.966,-80.435,0,0.95055,-0.44238,57.033,-0.885,-1,350.000,-1,300.000,375.000,275.000,275.000,300.000,300.000,-1,-1,925.000,-1,550.000,400.000,-1,375.000,2,1,2,1,1,1,1,0,0,2,2,0,2,1,1,2,1
220,-8191.948,6654.794,-115.897,-81.321,0,0.95800,-0.44260,57.480,-0.885,-1,325.000,775.000,275.000,325.000,275.000,250.000,300.000,300.000,-1,-1,875.000,-1,525.000,350.000,-1,325.000,2,1,1,1,1,1,1,0,0,2,2,0,2,1,1,2,1
221,-8184.092,6597.397,-115.809,-82.206,0,0.96554,-0.44274,57.932,-0.885,-1,300.000,700.000,250.000,275.000,250.000,225.000,300.000,300.000,-1,975.000,850.000,-1,475.000,325.000,-1,250.000,2,1,1,1,1,1,1,0,0,2,0,0,2,1,1,2,1
222,-8177.069,6539.432,-112.090,-83.092,0,0.97315,-0.44279,58.389,-0.886,-1,300.000,-1,250.000,250.000,250.000,225.000,300.000,350.000,-1,500.000,525.000,-1,475.000,325.000,-1,250.000,2,1,2,1,1,1,1,0,0,2,0,0,2,1,1,2,1
223,-8170.895,6480.907,-105.863,-83.977,0,0.98083,-0.44275,58.850,-0.885,-1,300.000,-1,250.000,250.000,250.000,225.000,300.000,375.000,-1,250.000,325.000,-1,525.000,325.000,-1,250.000,2,1,2,1,1,1,1,0,0,2,0,0,2,1,1,2,1
224,-8165.583,6421.831,-98.998,-84.863,0,0.98858,-0.44263,59.315,-0.885,-1,325.000,-1,250.000,275.000,250.000,225.000,300.000,425.000,-1,175.000,225.000,-1,600.000,350.000,-1,250.000,2,1,2,1,1,1,1,0,0,2,0,0,2,1,1,2,1
225,-8161.150,6362.212,-92.061,-85.747,0,0.99640,-0.44244,59.784,-0.885,-1,325.000,-1,250.000,275.000,250.000,225.000,325.000,450.000,900.000,125.000,200.000,-1,-1,350.000,-1,250.000,2,1,2,1,1,1,1,0,0,0,0,0,2,2,1,2,1
226,1639.831,-4263.559,89.918,-159.336,1,0.00000,0.00000,60.000,-0.884,-1,400.000,-1,375.000,450.000,325.000,325.000,300.000,300.000,-1,-1,-1,-1,750.000,450.000,-1,450.000,2,0,2,1,1,0,0,0,0,2,2,2,2,0,1,2,1
227,1635.332,-4265.234,89.798,-159.576,0,0.08000,-0.12000,4.800,-0.240,-1,400.000,-1,375.000,450.000,325.000,325.000,300.000,300.000,-1,-1,-1,-1,750.000,450.000,-1,450.000,2,0,2,1,1,0,0,0,0,2,2,2,2,0,1,2,1
228,1626.308,-4268.509,89.555,-160.056,0,0.16000,-0.24000,9.600,-0.480,-1,400.000,-1,375.000,450.000,325.000,325.000,300.000,300.000,-1,-1,-1,-1,725.000,450.000,-1,425.000,2,0,2,1,1,0,0,0,0,2,2,2,2,1,1,2,1
229,1612.711,-4273.250,89.181,-160.776,0,0.24000,-0.36000,14.400,-0.720,-1,400.000,-1,350.000,425.000,325.000,325.000,300.000,300.000,-1,-1,-1,-1,725.000,425.000,-1,425.000,2,0,2,1,1,0,0,0,0,2,2,2,2,1,1,2,1
230,1594.503,-4279.343,88.669,-161.497,0,0.32000,-0.36052,19.200,-0.721,-1,400.000,-1,350.000,425.000,325.000,325.000,300.000,300.000,-1,-1,-1,-1,700.000,425.000,-1,400.000,2,0,2,1,1,0,0,0,0,2,2,2,2,1,1,2,1
231,1571.650,-4286.673,88.012,-162.218,0,0.40000,-0.36019,24.000,-0.720,-1,400.000,-1,325.000,400.000,325.000,325.000,300.000,300.000,-1,-1,-1,-1,700.000,400.000,-1,375.000,2,0,2,1,1,0,1,0,0,2,2,2,2,1,1,2,1
232,1544.117,-4295.122,87.206,-162.939,0,0.48000,-0.36070,28.800,-0.721,-1,375.000,925.000,325.000,375.000,325.000,300.000,300.000,300.000,-1,-1,-1,-1,675.000,375.000,-1,350.000,2,1,1,1,1,1,1,0,0,2,2,2,2,1,1,2,1
233,1511.874,-4304.573,86.245,-163.663,0,0.56000,-0.36204,33.600,-0.724,-1,375.000,800.000,300.000,350.000,300.000,275.000,300.000,300.000,-1,-1,-1,-1,650.000,350.000,-1,325.000,2,1,1,1,1,1,1,0,0,2,2,2,2,1,1,2,1
234,1474.890,-4314.905,85.122,-164.392,0,0.64000,-0.36423,38.400,-0.728,-1,350.000,725.000,275.000,300.000,300.000,250.000,300.000,300.000,-1,-1,-1,-1,625.000,325.000,-1,300.000,2,1,1,1,1,1,1,0,0,2,2,2,2,1,1,2,1
235,1433.137,-4325.994,83.832,-165.126,0,0.72000,-0.36734,43.200,-0.735,-1,325.000,650.000,250.000,275.000,275.000,250.000,300.000,300.000,-1,-1,-1,-1,600.000,300.000,-1,250.000,2,1,1,1,1,1,1,0,0,2,2,2,2,1,1,2,1
236,1386.590,-4337.713,82.380,-165.869,0,0.80000,-0.37144,48.000,-0.743,-1,325.000,575.000,225.000,225.000,250.000,225.000,300.000,300.000,-1,-1,-1,-1,550.000,275.000,-1,200.000,2,1,1,1,1,1,1,0,0,2,2,2,2,1,1,2,1
237,1335.223,-4349.929,83.655,-166.623,0,0.88000,-0.37667,52.800,-0.753,-1,300.000,550.000,200.000,200.000,225.000,200.000,300.000,325.000,975.000,475.000,600.000,-1,575.000,250.000,-1,175.000,2,1,1,1,1,1,1,0,0,1,0,0,2,1,1,2,1
238,1279.012,-4362.505,88.904,-167.389,0,0.96000,-0.38321,57.600,-0.766,-1,300.000,625.000,200.000,175.000,225.000,200.000,275.000,400.000,825.000,200.000,325.000,-1,875.000,250.000,-1,175.000,2,1,1,1,1,1,1,0,0,1,0,0,2,0,1,2,1
239,1220.286,-4374.803,95.477,-168.172,0,1.00000,-0.39133,60.000,-0.783,-1,325.000,-1,200.000,175.000,250.000,200.000,275.000,475.000,725.000,100.000,250.000,-1,1000.000,250.000,-1,175.000,2,1,2,1,1,1,1,0,0,1,0,0,2,0,1,2,1
240,1161.394,-4386.279,103.384,-168.973,0,1.00000,-0.40076,60.000,-0.802,-1,375.000,-1,200.000,200.000,250.000,200.000,275.000,550.000,525.000,75.000,175.000,-1,-1,250.000,-1,175.000,2,1,2,1,1,1,1,0,1,0,0,0,2,2,1,2,1
241,-8199.153,-4919.492,200.157,-79.311,1,0.00000,0.00000,60.000,-0.822,-1,400.000,-1,400.000,-1,325.000,325.000,300.000,300.000,-1,-1,-1,-1,775.000,775.000,-1,-1,2,0,2,0,2,0,0,0,0,2,2,2,2,0,0,2,2
242,-8198.282,-4924.212,200.350,-79.551,0,0.08000,-0.12000,4.800,-0.240,-1,400.000,-1,400.000,-1,325.000,325.000,300.000,300.000,-1,-1,-1,-1,775.000,775.000,-1,-1,2,0,2,0,2,0,0,0,0,2,2,2,2,0,0,2,2
243,-8196.620,-4933.667,200.733,-80.031,0,0.16000,-0.24000,9.600,-0.480,-1,400.000,-1,400.000,-1,325.000,325.000,300.000,300.000,-1,-1,-1,-1,775.000,775.000,-1,-1,2,0,2,0,2,0,0,0,0,2,2,2,2,0,0,2,2
244,-8194.306,-4947.880,201.300,-80.751,0,0.24000,-0.36000,14.400,-0.720,-1,400.000,-1,400.000,-1,325.000,325.000,300.000,300.000,-1,-1,-1,-1,775.000,775.000,-1,-1,2,0,2,0,2,0,0,0,0,2,2,2,2,0,0,2,2
245,-8191.538,-4966.879,202.046,-81.711,0,0.32000,-0.48000,19.200,-0.960,-1,400.000,-1,400.000,-1,325.000,325.000,300.000,300.000,-1,-1,-1,-1,775.000,775.000,-1,-1,2,0,2,0,2,0,0,0,0,2,2,2,2,0,0,2,2
246,-8188.576,-4990.696,202.959,-82.911,0,0.40000,-0.60000,24.000,-1.200,-1,400.000,-1,400.000,-1,325.000,325.000,300.000,300.000,-1,-1,-1,-1,800.000,775.000,-1,-1,2,0,2,0,2,0,0,0,0,2,2,2,2,0,0,2,2
247,-8185.741,-5019.356,204.028,-84.351,0,0.48000,-0.72000,28.800,-1.440,-1,400.000,-1,400.000,-1,325.000,325.000,300.000,300.000,-1,-1,-1,-1,800.000,775.000,-1,-1,2,0,2,0,2,0,0,0,0,2,2,2,2,0,0,2,2
248,-8183.415,-5052.875,205.238,-86.031,0,0.56000,-0.84000,33.600,-1.680,-1,400.000,-1,400.000,-1,325.000,325.000,300.000,300.000,-1,-1,-1,-1,800.000,775.000,-1,-1,2,0,2,0,2,0,0,0,0,2,2,2,2,0,0,2,2
249,-8182.042,-5091.251,206.570,-87.951,0,0.64000,-0.96000,38.400,-1.920,-1,400.000,-1,400.000,-1,325.000,325.000,300.000,300.000,-1,-1,-1,-1,800.000,775.000,-1,-1,2,0,2,0,2,0,0,0,0,2,2,2,2,0,0,2,2
250,-8181.763,-5134.450,208.018,-89.631,0,0.72000,-0.84000,43.200,-1.680,-1,400.000,-1,400.000,-1,325.000,325.000,300.000,300.000,-1,-1,-1,-1,800.000,775.000,-1,-1,2,0,2,0,2,0,0,0,0,2,2,2,2,0,0,2,2
251,-8182.660,-5182.441,209.577,-91.071,0,0.80000,-0.72000,48.000,-1.440,-1,400.000,-1,400.000,-1,325.000,325.000,300.000,300.000,-1,1000.000,-1,-1,825.000,800.000,-1,-1,2,0,2,0,2,0,0,0,0,2,0,2,2,0,0,2,2
252,-8184.752,-5235.200,211.262,-92.271,0,0.88000,-0.60000,52.800,-1.200,-1,400.000,-1,400.000,-1,325.000,325.000,300.000,300.000,-1,975.000,-1,-1,875.000,825.000,-1,-1,2,0,2,0,2,0,0,0,0,2,0,2,2,0,0,2,2
253,-8187.994,-5292.635,213.025,-93.231,0,0.95878,-0.48000,57.527,-0.960,-1,400.000,-1,400.000,-1,325.000,325.000,300.000,300.000,-1,-1,-1,-1,875.000,825.000,-1,-1,2,0,2,0,2,0,0,0,0,2,2,2,2,0,0,2,2
254,-8191.953,-5349.952,214.705,-93.951,0,0.95755,-0.36000,57.453,-0.720,-1,400.000,-1,400.000,-1,325.000,325.000,300.000,300.000,-1,-1,-1,-1,900.000,850.000,-1,-1,2,0,2,0,2,0,0,0,0,2,2,2,2,0,0,2,2
255,-8196.386,-5407.161,216.366,-94.431,0,0.95635,-0.24000,57.381,-0.480,-1,400.000,-1,400.000,-1,325.000,325.000,300.000,300.000,-1,-1,-1,-1,925.000,850.000,-1,-1,2,0,2,0,2,0,0,0,0,2,2,2,2,0,0,2,2
256,-8201.053,-5464.285,218.018,-94.671,0,0.95524,-0.12000,57.315,-0.240,-1,400.000,-1,400.000,-1,325.000,325.000,300.000,300.000,-1,-1,-1,-1,925.000,875.000,-1,-1,2,0,2,0,2,0,0,0,0,2,2,2,2,0,0,2,2
257,-8205.715,-5521.350,219.670,-94.671,0,0.95425,0.00000,57.255,0.000,-1,400.000,-1,400.000,-1,325.000,325.000,300.000,300.000,-1,-1,-1,-1,950.000,875.000,-1,-1,2,0,2,0,2,0,0,0,0,2,2,2,2,0,0,2,2
258,-8210.135,-5578.383,221.332,-94.431,0,0.95340,0.12000,57.204,0.240,-1,400.000,-1,400.000,-1,325.000,325.000,300.000,300.000,-1,-1,-1,-1,950.000,900.000,-1,-1,2,0,2,0,2,0,0,0,0,2,2,2,2,0,0,2,2
259,-8214.073,-5635.410,223.012,-93.951,0,0.95271,0.24000,57.163,0.480,-1,400.000,-1,400.000,-1,325.000,325.000,300.000,300.000,-1,-1,-1,-1,975.000,900.000,-1,-1,2,0,2,0,2,0,0,0,0,2,2,2,2,0,0,2,2
260,-8217.293,-5692.451,224.719,-93.231,0,0.95219,0.36000,57.131,0.720,-1,425.000,-1,400.000,-1,325.000,325.000,300.000,300.000,-1,-1,-1,-1,1000.000,925.000,-1,-1,2,0,2,0,2,0,0,0,0,2,2,2,2,0,0,2,2
261,-8219.556,-5749.515,226.462,-92.271,0,0.95182,0.48000,57.109,0.960,-1,425.000,-1,425.000,-1,325.000,325.000,300.000,300.000,-1,-1,-1,-1,-1,950.000,-1,-1,2,0,2,0,2,0,0,0,0,2,2,2,2,2,0,2,2
262,-8220.623,-5806.601,228.248,-91.071,0,0.95160,0.60000,57.096,1.200,-1,425.000,-1,425.000,-1,350.000,350.000,300.000,300.000,-1,-1,-1,-1,-1,1000.000,-1,-1,2,0,2,0,2,0,0,0,0,2,2,2,2,2,0,2,2
263,-8220.255,-5863.692,230.084,-89.631,0,0.95153,0.72000,57.092,1.440,-1,450.000,-1,425.000,-1,350.000,350.000,300.000,300.000,-1,-1,-1,-1,-1,-1,-1,-1,2,0,2,0,2,0,0,0,0,2,2,2,2,2,2,2,2
264,-8218.213,-5920.750,231.497,-87.951,0,0.95157,0.84000,57.094,1.680,-1,450.000,-1,450.000,-1,350.000,350.000,300.000,300.000,-1,-1,-1,-1,-1,-1,-1,-1,2,0,2,0,2,0,0,0,0,2,2,2,2,2,2,2,2
265,-8214.228,-5978.194,231.810,-86.031,0,0.95971,0.96000,57.582,1.920,-1,450.000,-1,425.000,-1,350.000,350.000,300.000,300.000,-1,-1,-1,-1,-1,-1,-1,-1,2,0,2,0,2,0,0,0,0,2,2,2,2,2,2,2,2
266,-8208.237,-6035.491,232.197,-84.031,0,0.96015,1.00000,57.609,2.000,-1,425.000,-1,425.000,-1,350.000,350.000,300.000,300.000,-1,-1,-1,-1,-1,-1,-1,-1,2,0,2,0,2,0,0,0,0,2,2,2,2,2,2,2,2
267,-8200.245,-6092.573,232.657,-82.031,0,0.96065,1.00000,57.639,2.000,-1,425.000,-1,425.000,-1,350.000,350.000,300.000,275.000,-1,-1,-1,-1,-1,-1,-1,-1,2,0,2,0,2,0,0,0,0,2,2,2,2,2,2,2,2
268,-8190.262,-6149.373,233.186,-80.031,0,0.96118,1.00000,57.671,2.000,-1,425.000,-1,425.000,-1,350.000,350.000,300.000,275.000,-1,-1,-1,-1,1000.000,-1,-1,-1,2,0,2,0,2,0,0,0,0,2,2,2,2,0,2,2,2
269,-8178.295,-6205.822,233.783,-78.031,0,0.96173,1.00000,57.704,2.000,-1,425.000,-1,425.000,-1,350.000,350.000,300.000,300.000,-1,-1,-1,-1,975.000,-1,-1,-1,2,0,2,0,2,0,0,0,0,2,2,2,2,0,2,2,2
270,-8164.357,-6261.854,234.445,-76.031,0,0.96231,1.00000,57.739,2.000,-1,425.000,-1,425.000,-1,325.000,325.000,275.000,300.000,-1,-1,-1,-1,950.000,-1,-1,-1,2,0,2,0,2,0,0,0,0,2,2,2,2,0,2,2,2
271,-8148.461,-6317.399,235.170,-74.031,0,0.96292,1.00000,57.775,2.000,-1,400.000,-1,425.000,-1,325.000,325.000,275.000,300.000,-1,-1,-1,-1,925.000,-1,-1,-1,2,0,2,0,2,0,0,0,0,2,2,2,2,0,2,2,2
272,-8130.626,-6372.392,235.956,-72.031,0,0.96355,1.00000,57.813,2.000,-1,400.000,-1,425.000,-1,325.000,350.000,275.000,300.000,-1,-1,-1,-1,925.000,1000.000,-1,-1,2,0,2,0,2,0,0,0,0,2,2,2,2,0,0,2,2
273,-8110.868,-6426.766,236.800,-70.031,0,0.96420,1.00000,57.852,2.000,-1,400.000,-1,425.000,-1,325.000,350.000,275.000,300.000,-1,-1,-1,-1,900.000,1000.000,-1,-1,2,0,2,0,2,0,0,0,0,2,2,2,2,0,0,2,2
274,-8089.210,-6480.455,237.165,-68.031,0,0.96488,1.00000,57.893,2.000,-1,400.000,-1,425.000,-1,325.000,350.000,300.000,300.000,-1,-1,-1,-1,875.000,975.000,-1,-1,2,0,2,0,2,0,0,0,0,2,2,2,2,0,0,2,2
275,-8065.674,-6533.394,236.930,-66.031,0,0.96558,1.00000,57.935,2.000,-1,425.000,-1,425.000,-1,325.000,350.000,300.000,300.000,-1,-1,-1,-1,875.000,975.000,-1,-1,2,0,2,0,2,0,0,0,0,2,2,2,2,0,0,2,2
276,-8040.286,-6585.518,236.643,-64.031,0,0.96630,1.00000,57.978,2.000,-1,400.000,-1,425.000,-1,325.000,350.000,300.000,300.000,-1,-1,-1,-1,875.000,925.000,-1,-1,2,0,2,0,2,0,0,0,0,2,2,2,2,0,0,2,2
277,-8013.074,-6636.763,236.428,-62.031,0,0.96704,1.00000,58.022,2.000,-1,400.000,-1,425.000,-1,325.000,350.000,300.000,300.000,-1,-1,-1,-1,850.000,900.000,-1,-1,2,0,2,0,2,0,0,0,0,2,2,2,2,0,0,2,2
278,-7986.681,-6682.980,235.851,-60.271,0,0.88704,0.88000,53.222,1.760,-1,400.000,-1,425.000,-1,325.000,325.000,300.000,300.000,-1,-1,-1,-1,850.000,900.000,-1,-1,2,0,2,0,2,0,0,0,0,2,2,2,2,0,0,2,2
279,-7961.561,-6724.378,235.337,-58.751,0,0.80704,0.76000,48.422,1.520,-1,400.000,-1,425.000,-1,325.000,325.000,300.000,300.000,-1,-1,-1,-1,850.000,900.000,-1,-1,2,0,2,0,2,0,0,0,0,2,2,2,2,0,0,2,2
280,-7938.105,-6761.156,234.881,-57.471,0,0.72704,0.64000,43.622,1.280,-1,400.000,-1,425.000,-1,325.000,325.000,300.000,300.000,-1,-1,-1,-1,850.000,875.000,-1,-1,2,0,2,0,2,0,0,0,0,2,2,2,2,0,0,2,2
281,-7916.638,-6793.504,234.312,-56.431,0,0.64704,0.52000,38.822,1.040,-1,400.000,-1,425.000,-1,325.000,325.000,300.000,300.000,-1,-1,-1,-1,825.000,875.000,-1,-1,2,0,2,0,2,0,0,0,0,2,2,2,2,0,0,2,2
282,-7897.316,-6821.507,233.846,-55.395,0,0.56704,0.51772,34.022,1.035,-1,400.000,-1,425.000,-1,325.000,325.000,300.000,300.000,-1,-1,-1,-1,825.000,875.000,-1,-1,2,0,2,0,2,0,0,0,0,2,2,2,2,0,0,2,2
283,-7880.288,-6845.255,233.479,-54.357,0,0.48704,0.51920,29.222,1.038,-1,400.000,-1,425.000,-1,325.000,325.000,300.000,300.000,-1,-1,-1,-1,800.000,850.000,-1,-1,2,0,2,0,2,0,0,0,0,2,2,2,2,0,0,2,2
284,-7865.698,-6864.840,233.201,-53.316,0,0.40704,0.52048,24.422,1.041,-1,400.000,-1,425.000,-1,325.000,325.000,300.000,300.000,-1,-1,-1,-1,800.000,850.000,-1,-1,2,0,2,0,2,0,0,0,0,2,2,2,2,0,0,2,2
285,-7853.691,-6880.360,233.006,-52.273,0,0.32704,0.52156,19.622,1.043,1000.000,400.000,-1,425.000,-1,325.000,325.000,300.000,300.000,-1,-1,-1,-1,800.000,850.000,-1,-1,1,0,2,0,2,0,0,0,0,2,2,2,2,0,0,2,2
286,-7844.409,-6891.916,232.887,-51.228,0,0.24704,0.52245,14.822,1.045,1000.000,400.000,-1,400.000,-1,325.000,325.000,300.000,300.000,-1,-1,-1,-1,800.000,850.000,1000.000,-1,1,0,2,0,2,0,0,0,0,2,2,2,2,0,0,1,2
287,-7838.002,-6899.624,232.828,-50.267,0,0.16704,0.48037,10.022,0.961,1000.000,400.000,-1,400.000,-1,325.000,325.000,300.000,300.000,-1,-1,-1,-1,800.000,850.000,975.000,-1,1,0,2,0,2,0,0,0,0,2,2,2,2,0,0,1,2
288,-7834.597,-6903.584,232.829,-49.307,0,0.08704,0.48010,5.222,0.960,1000.000,400.000,-1,400.000,-1,325.000,325.000,300.000,300.000,-1,-1,-1,-1,800.000,850.000,975.000,-1,1,0,2,0,2,0,0,0,0,2,2,2,2,1,0,1,2
289,-7834.317,-6903.899,232.882,-48.348,0,0.00704,0.47944,0.422,0.959,1000.000,400.000,-1,400.000,-1,325.000,325.000,300.000,300.000,-1,-1,-1,-1,800.000,850.000,975.000,-1,1,0,2,0,2,0,0,0,0,2,2,2,2,1,0,1,2
290,-7837.280,-6900.677,232.978,-47.391,0,-0.07296,0.47842,-4.378,0.957,-1,400.000,-1,400.000,-1,325.000,325.000,300.000,325.000,-1,-1,-1,-1,775.000,850.000,975.000,-1,2,0,2,0,2,0,0,0,0,2,2,2,2,1,0,1,2
291,-7836.991,-6900.984,233.019,-46.674,0,0.00704,0.35842,0.422,0.717,-1,400.000,-1,400.000,-1,325.000,325.000,300.000,325.000,-1,-1,-1,-1,775.000,850.000,975.000,-1,2,0,2,0,2,0,0,0,0,2,2,2,2,1,0,1,2
292,-7833.376,-6904.753,233.007,-46.198,0,0.08704,0.23842,5.222,0.477,-1,400.000,-1,400.000,-1,325.000,325.000,300.000,325.000,-1,-1,-1,-1,775.000,825.000,975.000,-1,2,0,2,0,2,0,0,0,0,2,2,2,2,1,0,1,2
293,-7826.409,-6911.958,232.945,-45.961,0,0.16704,0.11842,10.022,0.237,-1,400.000,-1,400.000,-1,325.000,325.000,300.000,325.000,-1,-1,-1,-1,775.000,825.000,950.000,-1,2,0,2,0,2,0,0,0,0,2,2,2,2,1,0,1,2
294,-7816.106,-6922.614,232.830,-45.964,0,0.24704,-0.00158,14.822,-0.003,-1,400.000,-1,400.000,-1,325.000,325.000,300.000,325.000,-1,-1,-1,-1,750.000,825.000,950.000,-1,2,0,2,0,2,0,0,0,0,2,2,2,2,1,0,1,2
295,-7802.526,-6936.778,232.658,-46.207,0,0.32704,-0.12158,19.622,-0.243,975.000,400.000,-1,400.000,-1,325.000,325.000,300.000,325.000,-1,-1,-1,-1,750.000,825.000,925.000,-1,1,0,2,0,2,0,0,0,0,2,2,2,2,1,0,1,2
296,-7785.774,-6954.549,232.399,-46.690,0,0.40704,-0.24158,24.422,-0.483,950.000,400.000,-1,400.000,-1,325.000,325.000,300.000,325.000,-1,-1,-1,-1,750.000,825.000,900.000,-1,1,0,2,0,2,0,0,0,0,2,2,2,2,1,0,1,2
297,-7765.999,-6976.064,231.936,-47.413,0,0.48704,-0.36158,29.222,-0.723,900.000,400.000,-1,400.000,-1,325.000,325.000,300.000,325.000,-1,-1,-1,-1,725.000,825.000,875.000,-1,1,0,2,0,2,0,0,0,0,2,2,2,2,1,0,1,2
298,-7743.400,-7001.497,231.370,-48.377,0,0.56704,-0.48158,34.022,-0.963,850.000,400.000,-1,400.000,-1,325.000,325.000,300.000,325.000,-1,-1,-1,-1,725.000,825.000,825.000,-1,1,0,2,0,2,0,0,0,0,2,2,2,2,1,0,1,2
299,-7718.228,-7031.053,230.683,-49.580,0,0.64704,-0.60158,38.822,-1.203,800.000,400.000,-1,400.000,-1,325.000,325.000,300.000,325.000,-1,-1,-1,-1,700.000,800.000,800.000,-1,1,0,2,0,2,0,0,0,0,2,2,2,2,1,0,1,2
