timestep,x_cm,y_cm,z_cm,yaw_deg,teleport_flag,throttle_cmd,steering_cmd,cmd_move_cm,cmd_turn_deg,lidar_cm_0,lidar_cm_1,lidar_cm_2,lidar_cm_3,lidar_cm_4,lidar_cm_5,lidar_cm_6,lidar_cm_7,lidar_cm_8,lidar_cm_9,lidar_cm_10,lidar_cm_11,lidar_cm_12,lidar_cm_13,lidar_cm_14,lidar_cm_15,lidar_cm_16,lidar_class_0,lidar_class_1,lidar_class_2,lidar_class_3,lidar_class_4,lidar_class_5,lidar_class_6,lidar_class_7,lidar_class_8,lidar_class_9,lidar_class_10,lidar_class_11,lidar_class_12,lidar_class_13,lidar_class_14,lidar_class_15,lidar_class_16
0,-5734.292,18752.705,-110.362,21.876,1,0.08000,0.05036,9.600,0.453,-1,275.000,-1,300.000,-1,250.000,250.000,350.000,325.000,-1,-1,-1,-1,450.000,475.000,-1,-1,2,0,2,0,2,0,0,0,0,2,2,2,2,0,0,2,2
2,-5689.979,18771.152,-112.552,22.783,0,0.24000,0.05045,28.800,0.454,-1,275.000,-1,300.000,-1,250.000,250.000,-1,325.000,-1,-1,-1,-1,475.000,500.000,-1,-1,2,0,2,0,2,0,0,2,0,2,2,2,2,0,0,2,2
4,-5610.745,18805.603,-115.659,23.706,0,0.40000,0.05170,48.000,0.465,-1,300.000,-1,275.000,-1,250.000,250.000,-1,300.000,-1,150.000,125.000,-1,475.000,700.000,-1,-1,2,0,2,0,2,0,0,2,0,2,0,0,2,0,0,2,2
6,-5497.145,18857.273,-113.541,24.691,0,0.56000,0.05615,67.200,0.505,-1,375.000,-1,500.000,-1,300.000,325.000,-1,375.000,-1,0.000,0.000,-1,-1,-1,-1,-1,2,0,2,0,2,0,0,2,0,2,0,0,2,2,2,2,2
8,-5349.817,18898.500,-108.453,25.719,0,0.72000,0.05709,86.400,0.514,-1,-1,-1,675.000,-1,375.000,425.000,-1,400.000,-1,50.000,75.000,-1,-1,-1,-1,-1,2,2,2,0,2,0,0,2,0,2,0,0,2,2,2,2,2
10,-5173.055,18898.500,-104.578,29.987,0,0.88000,0.29709,105.600,2.674,-1,-1,-1,825.000,-1,-1,575.000,-1,450.000,-1,200.000,225.000,-1,-1,-1,-1,-1,2,2,2,0,2,2,0,2,0,2,0,0,2,2,2,2,2
12,-5007.271,18898.500,-100.943,36.414,0,0.80364,0.29709,96.437,2.674,-1,-1,-1,975.000,-1,-1,-1,-1,450.000,-1,350.000,375.000,-1,-1,-1,-1,-1,2,2,2,0,2,2,2,2,0,2,0,0,2,2,2,2,2
14,-4865.073,18898.500,-107.441,38.522,0,0.75521,0.05709,90.626,0.514,-1,-1,-1,425.000,750.000,-1,375.000,-1,275.000,-1,-1,-1,-1,-1,800.000,-1,-1,2,2,2,0,0,2,0,2,0,2,2,2,2,2,0,2,2
16,-4715.621,18898.500,-130.583,38.470,0,0.83269,0.05709,99.923,0.514,-1,-1,-1,400.000,525.000,-1,350.000,-1,250.000,-1,-1,-1,-1,-1,725.000,-1,925.000,2,2,2,0,0,2,0,2,0,2,2,2,2,2,0,2,0
18,-4535.552,18898.500,-158.466,37.086,0,0.97830,-0.09089,117.396,-0.818,-1,-1,-1,325.000,300.000,325.000,300.000,275.000,250.000,-1,-1,-1,-1,-1,600.000,-1,475.000,2,2,2,0,0,0,0,0,0,2,2,2,2,2,0,2,0
20,-4355.166,18898.500,-186.395,36.529,0,0.90059,-0.09089,108.071,-0.818,-1,-1,-1,275.000,100.000,300.000,250.000,275.000,200.000,-1,-1,-1,-1,-1,475.000,-1,125.000,2,2,2,0,0,0,0,0,0,2,2,2,2,2,0,2,0
22,-4198.491,18898.500,-201.697,31.653,0,0.74059,-0.33089,88.871,-2.978,-1,-1,-1,400.000,575.000,450.000,400.000,225.000,300.000,200.000,0.000,0.000,-1,-1,575.000,-1,625.000,2,2,2,0,0,0,0,0,0,0,0,0,2,2,0,2,0
24,-4046.106,18898.500,-204.304,22.457,0,0.74059,-0.57089,88.871,-5.138,-1,-1,800.000,325.000,450.000,325.000,300.000,-1,375.000,300.000,0.000,175.000,-1,-1,450.000,-1,450.000,2,2,0,0,0,0,0,2,0,0,0,0,2,2,0,2,0
26,-3864.946,18898.500,-207.405,9.023,0,0.77403,-0.80179,92.884,-7.216,-1,250.000,650.000,275.000,625.000,225.000,225.000,-1,575.000,375.000,150.000,300.000,-1,350.000,400.000,350.000,475.000,2,0,0,0,0,0,0,2,0,0,0,0,2,0,0,0,0
28,-3666.875,18894.566,-210.219,-2.169,0,0.86610,-0.56179,103.933,-5.056,50.000,175.000,575.000,250.000,750.000,150.000,200.000,-1,725.000,-1,200.000,400.000,-1,250.000,450.000,50.000,575.000,0,0,0,0,0,0,0,2,1,2,0,0,2,0,0,0,0
30,-3441.084,18864.446,-186.227,-9.041,0,0.95276,-0.32179,114.332,-2.896,275.000,350.000,-1,450.000,-1,325.000,350.000,-1,650.000,-1,0.000,0.000,-1,550.000,800.000,500.000,-1,0,0,2,0,2,0,0,2,1,2,0,0,2,0,0,0,2
32,-3219.168,18820.410,-157.741,-11.594,0,0.93791,-0.08179,112.550,-0.736,525.000,300.000,-1,350.000,850.000,275.000,275.000,250.000,375.000,-1,325.000,200.000,875.000,500.000,550.000,575.000,775.000,0,0,2,0,0,0,0,0,0,2,0,0,0,0,0,0,0
34,-3003.029,18780.178,-135.851,-9.826,0,0.90782,0.15821,108.939,1.424,575.000,250.000,-1,225.000,175.000,225.000,200.000,275.000,250.000,-1,725.000,550.000,950.000,425.000,350.000,450.000,175.000,0,0,2,0,0,0,0,0,0,2,0,0,0,0,0,0,0
36,-2793.097,18754.359,-100.953,-6.021,0,0.87334,0.21812,104.801,1.963,-1,425.000,-1,350.000,-1,325.000,300.000,325.000,225.000,-1,0.000,0.000,825.000,900.000,825.000,-1,-1,2,0,2,0,2,0,0,0,0,2,0,0,0,0,0,2,2
38,-2587.613,18744.474,-60.595,-1.595,0,0.85350,0.25630,102.420,2.307,-1,425.000,-1,425.000,-1,350.000,350.000,325.000,250.000,-1,150.000,150.000,1000.000,925.000,-1,-1,-1,2,0,2,0,2,0,0,0,0,2,0,0,1,0,2,2,2
40,-2383.477,18752.728,-20.355,3.699,0,0.85247,0.30775,102.297,2.770,-1,425.000,-1,475.000,-1,350.000,375.000,300.000,250.000,-1,350.000,375.000,-1,925.000,-1,-1,-1,2,0,2,0,2,0,0,0,0,2,0,0,2,0,2,2,2
42,-2178.140,18783.136,15.210,10.083,0,0.87119,0.37136,104.543,3.342,-1,375.000,-1,375.000,-1,300.000,325.000,300.000,300.000,-1,875.000,-1,-1,725.000,700.000,-1,-1,2,0,2,0,2,0,0,0,0,2,0,2,2,0,0,2,2
44,-1965.707,18831.971,49.499,13.528,0,0.92295,0.13136,110.754,1.182,-1,400.000,-1,375.000,-1,325.000,300.000,-1,325.000,-1,-1,-1,-1,-1,675.000,-1,-1,2,0,2,0,2,0,0,2,0,2,2,2,2,2,0,2,2
46,-1746.727,18886.392,86.355,14.128,0,0.94198,0.03833,113.038,0.345,-1,450.000,-1,375.000,-1,325.000,325.000,-1,325.000,-1,-1,-1,-1,-1,875.000,-1,-1,2,0,2,0,2,0,0,2,0,2,2,2,2,2,0,2,2
48,-1528.318,18898.500,124.492,15.964,0,0.94326,0.16200,113.191,1.458,-1,-1,-1,425.000,-1,375.000,350.000,-1,350.000,-1,-1,400.000,-1,-1,-1,-1,-1,2,2,2,0,2,0,0,2,0,2,2,0,2,2,2,2,2
50,-1315.526,18898.500,162.363,21.310,0,0.94326,0.31197,113.191,2.808,-1,-1,-1,525.000,-1,425.000,400.000,-1,425.000,-1,-1,750.000,-1,-1,-1,-1,-1,2,2,2,0,2,0,0,2,0,2,2,0,2,2,2,2,2
52,-1116.247,18898.500,197.822,30.166,0,0.93853,0.55197,112.624,4.968,-1,-1,-1,800.000,-1,450.000,450.000,-1,575.000,-1,-1,-1,-1,-1,-1,-1,-1,2,2,2,0,2,0,0,2,0,2,2,2,2,2,2,2,2
54,-935.437,18898.500,225.619,39.021,0,0.93853,0.55197,112.624,4.968,-1,-1,-1,450.000,-1,325.000,325.000,-1,425.000,-1,-1,-1,-1,-1,-1,-1,-1,2,2,2,0,2,0,0,2,0,2,2,2,2,2,2,2,2
56,-797.317,18898.500,237.689,47.877,0,0.77853,0.55197,93.424,4.968,-1,-1,-1,500.000,-1,-1,325.000,325.000,375.000,-1,-1,-1,-1,-1,-1,-1,-1,2,2,2,0,2,2,0,0,0,2,2,2,2,2,2,2,2
58,-712.032,18898.500,245.143,61.052,0,0.61853,0.79197,74.224,7.128,-1,-1,-1,-1,-1,-1,-1,325.000,675.000,-1,-1,-1,-1,-1,-1,-1,-1,2,2,2,2,2,2,2,0,0,2,2,2,2,2,2,2,2
60,-655.141,18898.500,250.116,72.068,0,0.68016,0.55197,81.620,4.968,-1,-1,-1,-1,-1,-1,-1,350.000,-1,-1,-1,-1,-1,-1,-1,-1,-1,2,2,2,2,2,2,2,0,2,2,2,2,2,2,2,2,2
62,-619.429,18898.500,253.238,78.763,0,0.68016,0.31197,81.620,2.808,-1,-1,-1,-1,-1,-1,-1,350.000,-1,-1,-1,-1,-1,-1,-1,-1,-1,2,2,2,2,2,2,2,0,2,2,2,2,2,2,2,2,2
64,-607.623,18898.500,254.272,87.619,0,0.52016,0.55197,62.420,4.968,-1,-1,-1,-1,-1,-1,-1,350.000,-1,-1,-1,-1,-1,-1,-1,-1,-1,2,2,2,2,2,2,2,0,2,2,2,2,2,2,2,2,2
66,-612.263,18898.500,253.867,94.314,0,0.36016,0.31197,43.220,2.808,-1,-1,-1,-1,-1,-1,-1,375.000,675.000,-1,-1,-1,-1,-1,-1,-1,-1,2,2,2,2,2,2,2,0,0,2,2,2,2,2,2,2,2
68,-620.417,18898.500,253.156,98.850,0,0.25000,0.31197,30.000,2.808,-1,-1,-1,-1,-1,-1,-1,375.000,625.000,-1,-1,-1,-1,-1,-1,-1,-1,2,2,2,2,2,2,2,0,0,2,2,2,2,2,2,2,2
70,-635.072,18898.500,251.876,105.545,0,0.25000,0.31197,30.000,2.808,-1,-1,-1,-1,-1,-1,-1,400.000,525.000,-1,-1,-1,-1,-1,-1,-1,-1,2,2,2,2,2,2,2,0,0,2,2,2,2,2,2,2,2
72,-666.869,18898.500,249.098,112.241,0,0.41000,0.31197,49.200,2.808,-1,-1,-1,-1,-1,-1,-1,400.000,450.000,-1,-1,-1,-1,-1,-1,-1,-1,2,2,2,2,2,2,2,0,0,2,2,2,2,2,2,2,2
74,-719.246,18898.500,244.521,114.616,0,0.57000,0.07197,68.400,0.648,-1,-1,-1,-1,-1,-1,-1,450.000,375.000,-1,-1,-1,-1,-1,-1,-1,-1,2,2,2,2,2,2,2,0,0,2,2,2,2,2,2,2,2
76,-793.618,18898.500,238.021,116.992,0,0.73000,0.07197,87.600,0.648,-1,-1,-1,-1,-1,-1,-1,500.000,325.000,-1,-1,-1,-1,-1,-1,-1,-1,2,2,2,2,2,2,2,0,0,2,2,2,2,2,2,2,2
78,-873.819,18898.500,231.011,116.355,0,0.75007,-0.02275,90.008,-0.205,-1,-1,-1,-1,-1,-1,-1,525.000,300.000,-1,-1,-1,-1,-1,-1,-1,-1,2,2,2,2,2,2,2,0,0,2,2,2,2,2,2,2,2
80,-955.083,18898.500,223.908,114.563,0,0.80675,-0.05631,96.810,-0.507,-1,-1,-1,-1,-1,-1,-1,550.000,300.000,-1,-1,-1,-1,-1,-1,-1,-1,2,2,2,2,2,2,2,0,0,2,2,2,2,2,2,2,2
82,-1038.954,18898.500,211.573,116.204,0,0.80675,0.11867,96.810,1.068,-1,-1,-1,-1,-1,-1,-1,350.000,450.000,-1,-1,-1,-1,-1,-1,-1,-1,2,2,2,2,2,2,2,0,0,2,2,2,2,2,2,2,2
84,-1131.961,18898.500,195.022,121.580,0,0.77615,0.35867,93.138,3.228,-1,325.000,-1,-1,-1,-1,-1,350.000,425.000,-1,-1,-1,-1,-1,-1,-1,-1,2,0,2,2,2,2,2,0,0,2,2,2,2,2,2,2,2
86,-1245.320,18898.500,174.850,129.117,0,0.77615,0.35867,93.138,3.228,-1,350.000,-1,-1,-1,275.000,-1,350.000,400.000,-1,-1,-1,-1,-1,-1,-1,-1,2,0,2,2,2,0,2,0,0,2,2,2,2,2,2,2,2
88,-1350.209,18898.500,156.180,132.333,0,0.61615,0.11867,73.938,1.068,-1,375.000,-1,-1,-1,300.000,-1,325.000,375.000,-1,-1,-1,-1,-1,-1,-1,-1,2,0,2,2,2,0,2,0,0,2,2,2,2,2,2,2,2
90,-1429.602,18898.500,142.046,131.229,0,0.45615,-0.12133,54.738,-1.092,-1,375.000,-1,-1,-1,300.000,-1,300.000,375.000,-1,-1,-1,-1,-1,-1,-1,-1,2,0,2,2,2,0,2,0,0,2,2,2,2,2,2,2,2
92,-1514.586,18898.500,126.914,126.610,0,0.61615,-0.31658,73.938,-2.849,-1,400.000,-1,-1,-1,-1,-1,300.000,375.000,-1,-1,-1,-1,-1,-1,-1,-1,2,0,2,2,2,2,2,0,0,2,2,2,2,2,2,2,2
94,-1599.875,18898.500,111.723,117.672,0,0.72101,-0.55658,86.521,-5.009,-1,-1,-1,-1,-1,-1,-1,275.000,350.000,-1,-1,-1,-1,-1,-1,-1,-1,2,2,2,2,2,2,2,0,0,2,2,2,2,2,2,2,2
96,-1676.280,18898.500,98.421,110.894,0,0.88101,-0.31658,105.721,-2.849,-1,-1,-1,-1,-1,-1,-1,300.000,325.000,-1,-1,-1,-1,-1,-1,-1,-1,2,2,2,2,2,2,2,0,0,2,2,2,2,2,2,2,2
98,-1750.167,18898.500,85.884,108.435,0,0.95630,-0.07658,114.756,-0.689,-1,-1,-1,-1,-1,-1,-1,300.000,325.000,1000.000,-1,-1,-1,-1,-1,-1,-1,2,2,2,2,2,2,2,0,0,0,2,2,2,2,2,2,2
100,-1822.679,18898.500,73.579,110.297,0,0.90245,0.16342,108.294,1.471,-1,-1,-1,-1,-1,-1,-1,300.000,325.000,-1,-1,-1,-1,-1,-1,-1,-1,2,2,2,2,2,2,2,0,0,2,2,2,2,2,2,2,2
102,-1909.324,18898.500,58.878,114.319,0,0.90245,0.16342,108.294,1.471,-1,-1,-1,-1,-1,-1,-1,300.000,300.000,-1,-1,-1,-1,-1,-1,-1,-1,2,2,2,2,2,2,2,0,0,2,2,2,2,2,2,2,2
104,-1998.760,18898.500,43.704,120.210,0,0.74245,0.37123,89.094,3.341,-1,-1,-1,-1,-1,-1,-1,300.000,300.000,-1,-1,-1,-1,-1,-1,-1,-1,2,2,2,2,2,2,2,0,0,2,2,2,2,2,2,2,2
106,-2088.986,18898.500,28.397,130.133,0,0.58245,0.61123,69.894,5.501,-1,375.000,-1,-1,-1,325.000,-1,300.000,275.000,-1,-1,-1,-1,-1,-1,-1,-1,2,0,2,2,2,0,2,0,0,2,2,2,2,2,2,2,2
108,-2205.797,18898.500,8.580,137.895,0,0.68561,0.37123,82.273,3.341,-1,375.000,-1,-1,-1,300.000,-1,325.000,275.000,-1,-1,-1,-1,-1,-1,-1,-1,2,0,2,2,2,0,2,0,0,2,2,2,2,2,2,2,2
110,-2339.094,18898.500,-14.540,145.657,0,0.68744,0.37123,82.493,3.341,-1,350.000,-1,-1,-1,275.000,275.000,300.000,-1,-1,-1,-1,-1,750.000,-1,-1,-1,2,0,2,2,2,0,0,0,2,2,2,2,2,0,2,2,2
112,-2504.382,18898.500,-44.553,149.099,0,0.84744,0.13123,101.693,1.181,800.000,375.000,-1,-1,-1,300.000,275.000,300.000,-1,-1,-1,-1,-1,800.000,-1,1000.000,-1,0,0,2,2,2,0,0,0,2,2,2,2,2,0,2,0,2
114,-2692.562,18898.500,-78.723,150.381,0,0.90420,0.13123,108.504,1.181,550.000,375.000,-1,-1,-1,325.000,325.000,275.000,-1,825.000,75.000,-1,-1,700.000,-1,750.000,-1,0,0,2,2,2,0,0,0,2,0,0,2,2,0,2,0,2
116,-2900.554,18898.500,-116.490,155.983,0,0.96086,0.37123,115.303,3.341,225.000,350.000,-1,-1,-1,325.000,375.000,225.000,-1,625.000,100.000,250.000,-1,525.000,-1,400.000,-1,0,0,2,2,2,0,0,0,2,0,0,0,2,0,2,0,2
118,-3121.407,18898.500,-148.051,165.905,0,0.96248,0.61123,115.498,5.501,475.000,325.000,975.000,475.000,-1,300.000,350.000,300.000,-1,1000.000,175.000,75.000,-1,500.000,-1,400.000,-1,0,0,0,0,2,0,0,0,2,0,0,0,2,0,2,0,2
120,-3321.510,18898.500,-174.294,173.667,0,0.80248,0.37123,96.298,3.341,575.000,275.000,725.000,300.000,-1,225.000,250.000,475.000,-1,-1,475.000,225.000,-1,425.000,425.000,450.000,475.000,0,0,0,0,2,0,0,0,2,2,0,0,2,0,0,0,0
122,-3512.150,18898.500,-199.291,177.109,0,0.79066,0.13123,94.879,1.181,650.000,225.000,550.000,200.000,175.000,200.000,175.000,700.000,-1,-1,700.000,300.000,-1,375.000,275.000,450.000,150.000,0,0,0,0,0,0,0,1,2,2,0,0,2,0,0,0,0
124,-3723.325,18897.473,-209.662,180.552,0,0.88922,0.13123,106.707,1.181,-1,425.000,-1,300.000,325.000,325.000,275.000,675.000,-1,-1,0.000,0.000,275.000,750.000,425.000,-1,350.000,2,0,2,0,0,0,0,1,2,2,0,0,0,0,0,2,0
126,-3934.970,18896.864,-206.044,179.674,0,0.87898,-0.10877,105.478,-0.979,-1,325.000,-1,250.000,250.000,250.000,225.000,450.000,-1,-1,50.000,100.000,-1,550.000,375.000,-1,250.000,2,0,2,0,0,0,0,0,2,2,0,0,2,0,0,2,0
128,-4119.378,18898.500,-203.030,175.452,0,0.74077,-0.24030,88.893,-2.163,-1,250.000,-1,225.000,175.000,200.000,200.000,325.000,-1,-1,125.000,275.000,-1,400.000,300.000,-1,150.000,2,0,2,0,0,0,0,0,2,2,0,0,2,0,0,2,0
130,-4297.142,18898.500,-195.361,174.367,0,0.72027,-0.00030,86.432,-0.003,-1,500.000,-1,350.000,-1,325.000,300.000,325.000,-1,800.000,0.000,0.000,-1,-1,-1,-1,-1,2,0,2,0,2,0,0,0,2,1,0,0,2,2,2,2,2
132,-4450.806,18898.500,-171.572,175.441,0,0.62037,-0.00030,74.444,-0.003,-1,625.000,-1,475.000,-1,400.000,375.000,350.000,-1,850.000,0.000,0.000,-1,-1,-1,-1,-1,2,0,2,0,2,0,0,0,2,1,0,0,2,2,2,2,2
134,-4604.230,18898.500,-147.818,172.196,0,0.62195,-0.24030,74.634,-2.163,-1,750.000,-1,625.000,-1,500.000,475.000,425.000,-1,775.000,75.000,100.000,-1,-1,-1,-1,-1,2,0,2,0,2,0,0,0,2,1,0,0,2,2,2,2,2
136,-4767.646,18898.500,-122.518,168.951,0,0.68090,-0.24030,81.708,-2.163,-1,800.000,-1,-1,-1,600.000,600.000,525.000,-1,650.000,225.000,250.000,-1,-1,-1,-1,-1,2,0,2,2,2,0,0,0,2,0,0,0,2,2,2,2,2
138,-4932.218,18898.500,-99.304,164.285,0,0.69466,-0.19919,83.359,-1.793,800.000,375.000,-1,400.000,-1,325.000,325.000,375.000,-1,-1,-1,-1,-1,650.000,-1,875.000,-1,0,0,2,0,2,0,0,0,2,2,2,2,2,0,2,0,2
140,-5108.322,18898.500,-103.164,163.940,0,0.75795,0.04081,90.954,0.367,650.000,350.000,-1,425.000,-1,325.000,325.000,325.000,-1,-1,-1,-1,-1,600.000,-1,725.000,-1,0,0,2,0,2,0,0,0,2,2,2,2,2,0,2,0,2
142,-5292.002,18898.500,-107.190,167.914,0,0.79002,0.28081,94.802,2.527,500.000,325.000,-1,400.000,-1,300.000,325.000,300.000,-1,-1,-1,-1,-1,550.000,-1,525.000,-1,0,0,2,0,2,0,0,0,2,2,2,2,2,0,2,0,2
144,-5497.530,18898.500,-111.694,176.209,0,0.86202,0.52081,103.442,4.687,350.000,275.000,-1,375.000,-1,250.000,275.000,275.000,-1,-1,-1,-1,-1,450.000,-1,350.000,-1,0,0,2,0,2,0,0,0,2,2,2,2,2,0,2,0,2
146,-5704.327,18894.270,-109.427,182.344,0,0.86202,0.28081,103.442,2.527,-1,400.000,-1,1000.000,-1,325.000,400.000,300.000,-1,-1,25.000,0.000,-1,-1,-1,-1,-1,2,0,2,0,2,0,0,0,2,2,0,0,2,2,2,2,2
148,-5887.963,18872.440,-103.174,188.287,0,0.75957,0.33017,91.148,2.972,-1,525.000,-1,850.000,-1,425.000,500.000,350.000,-1,-1,175.000,75.000,-1,-1,-1,-1,-1,2,0,2,0,2,0,0,0,2,2,0,0,2,2,2,2,2
150,-6065.709,18832.240,-94.796,194.230,0,0.75957,0.33017,91.148,2.972,-1,650.000,-1,775.000,-1,525.000,575.000,425.000,-1,-1,225.000,75.000,-1,-1,-1,-1,-1,2,0,2,0,2,0,0,0,2,2,0,0,2,2,2,2,2
152,-6238.337,18773.852,-83.902,200.173,0,0.75957,0.33017,91.148,2.972,-1,400.000,925.000,375.000,775.000,325.000,300.000,800.000,375.000,-1,-1,-1,-1,600.000,525.000,875.000,650.000,2,0,0,0,0,0,0,0,0,2,2,2,2,0,0,0,0
154,-6403.991,18697.904,-97.262,206.116,0,0.75957,0.33017,91.148,2.972,650.000,300.000,675.000,300.000,600.000,275.000,275.000,375.000,-1,-1,-1,-1,-1,450.000,425.000,525.000,475.000,0,0,0,0,0,0,0,0,2,2,2,2,2,0,0,0,0
156,-6560.892,18605.212,-113.598,212.059,0,0.75957,0.33017,91.148,2.972,875.000,275.000,600.000,250.000,300.000,225.000,225.000,375.000,550.000,-1,-1,-1,-1,400.000,350.000,550.000,275.000,0,0,0,0,0,0,0,0,0,2,2,2,2,0,0,0,0
158,-6707.352,18496.772,-123.603,218.002,0,0.75957,0.33017,91.148,2.972,-1,250.000,625.000,200.000,125.000,200.000,175.000,400.000,325.000,-1,75.000,-1,-1,425.000,275.000,875.000,125.000,2,0,0,0,0,0,0,0,0,2,0,2,2,0,0,0,0
160,-6841.797,18373.751,-126.694,223.945,0,0.75957,0.33017,91.148,2.972,-1,275.000,925.000,175.000,0.000,200.000,150.000,425.000,200.000,-1,50.000,50.000,-1,550.000,225.000,-1,0.000,2,0,0,0,0,0,0,0,0,2,0,0,2,0,0,2,0
162,-6963.189,18237.032,-109.892,229.870,0,0.76455,0.32814,91.746,2.953,-1,600.000,-1,450.000,-1,425.000,375.000,250.000,350.000,150.000,0.000,0.000,-1,-1,825.000,-1,-1,2,0,2,0,2,0,0,0,0,0,0,0,2,2,0,2,2
164,-7072.447,18085.507,-81.800,235.621,0,0.78296,0.31609,93.955,2.845,-1,675.000,-1,550.000,-1,550.000,525.000,300.000,350.000,250.000,0.000,125.000,-1,-1,-1,-1,-1,2,0,2,0,2,0,0,0,0,0,0,0,2,2,2,2,2
166,-7168.379,17921.087,-65.828,241.075,0,0.79636,0.29818,95.563,2.684,925.000,400.000,-1,425.000,750.000,350.000,375.000,250.000,325.000,525.000,-1,-1,-1,675.000,650.000,1000.000,850.000,0,0,2,0,0,0,0,0,0,0,2,2,2,0,0,0,0
168,-7249.981,17746.893,-60.760,246.135,0,0.80281,0.27505,96.338,2.475,725.000,350.000,-1,350.000,475.000,300.000,325.000,250.000,250.000,975.000,-1,-1,-1,550.000,525.000,725.000,525.000,0,0,2,0,0,0,0,0,0,0,2,2,2,0,0,0,0
170,-7317.039,17566.497,-60.875,250.727,0,0.80110,0.24820,96.132,2.234,550.000,300.000,-1,275.000,225.000,250.000,250.000,275.000,200.000,-1,-1,-1,-1,475.000,400.000,500.000,250.000,0,0,2,0,0,0,0,0,0,2,2,2,2,0,0,0,0
172,-7370.150,17383.438,-65.209,254.816,0,0.79145,0.22018,94.974,1.982,-1,400.000,-1,300.000,200.000,300.000,275.000,325.000,150.000,975.000,0.000,0.000,225.000,650.000,500.000,-1,275.000,2,0,2,0,0,0,0,0,0,0,0,0,0,0,0,2,0
174,-7410.045,17200.556,-53.012,258.651,0,0.77584,0.21157,93.100,1.904,850.000,350.000,-1,325.000,275.000,300.000,275.000,325.000,175.000,1000.000,0.000,0.000,300.000,600.000,550.000,-1,-1,0,0,2,0,0,0,0,0,0,0,0,0,0,0,0,2,2
176,-7437.136,17019.719,-40.919,262.430,0,0.75731,0.20987,90.877,1.889,650.000,325.000,-1,325.000,-1,275.000,275.000,325.000,175.000,1000.000,150.000,150.000,400.000,550.000,600.000,675.000,-1,0,0,2,0,2,0,0,0,0,0,0,0,0,0,0,0,2
178,-7449.768,16850.286,-30.151,267.311,0,0.66817,0.33115,80.180,2.980,475.000,300.000,-1,325.000,-1,250.000,275.000,300.000,200.000,-1,300.000,325.000,475.000,475.000,725.000,475.000,-1,0,0,2,0,2,0,0,0,0,2,0,0,0,0,0,0,2
180,-7440.871,16716.566,-22.846,276.511,0,0.52975,0.57115,63.570,5.140,-1,350.000,-1,425.000,-1,300.000,325.000,300.000,225.000,575.000,0.000,0.000,300.000,750.000,-1,-1,-1,2,0,2,0,2,0,0,0,0,0,0,0,0,0,2,2,2
182,-7407.051,16596.816,-12.106,288.901,0,0.51619,0.69147,61.943,6.223,-1,350.000,-1,450.000,-1,300.000,325.000,325.000,275.000,650.000,0.000,0.000,375.000,750.000,-1,-1,-1,2,0,2,0,2,0,0,0,0,0,0,0,0,0,2,2,2
184,-7348.691,16488.738,-4.140,301.551,0,0.51227,0.70682,61.472,6.361,-1,350.000,-1,450.000,-1,300.000,325.000,325.000,325.000,700.000,50.000,50.000,500.000,775.000,-1,-1,-1,2,0,2,0,2,0,0,0,0,0,0,0,0,0,2,2,2
186,-7267.114,16395.770,1.217,314.515,0,0.51823,0.72489,62.187,6.524,-1,375.000,-1,450.000,-1,300.000,325.000,325.000,400.000,725.000,125.000,100.000,975.000,800.000,-1,-1,-1,2,0,2,0,2,0,0,0,0,0,0,0,0,0,2,2,2
188,-7164.183,16322.353,3.714,327.829,0,0.53131,0.74473,63.757,6.703,-1,400.000,-1,475.000,-1,325.000,350.000,325.000,450.000,800.000,175.000,150.000,-1,-1,-1,-1,-1,2,0,2,0,2,0,0,0,0,0,0,0,2,2,2,2,2
190,-7043.183,16274.205,2.583,341.921,0,0.54800,0.81071,65.759,7.296,-1,425.000,-1,475.000,-1,325.000,350.000,300.000,475.000,775.000,225.000,275.000,-1,-1,-1,-1,-1,2,0,2,0,2,0,0,0,0,0,0,0,2,2,2,2,2
192,-6905.478,16256.953,-3.577,356.334,0,0.59798,0.79779,71.758,7.180,-1,450.000,-1,475.000,-1,350.000,350.000,300.000,475.000,750.000,400.000,650.000,-1,-1,-1,-1,-1,2,0,2,0,2,0,0,0,0,0,0,0,2,2,2,2,2
194,-6755.609,16275.708,-18.742,370.629,0,0.64170,0.79100,77.003,7.119,875.000,425.000,-1,450.000,-1,325.000,350.000,275.000,450.000,900.000,-1,-1,-1,875.000,975.000,-1,-1,0,0,2,0,2,0,0,0,0,0,2,2,2,0,1,2,2
196,-6605.063,16333.769,-40.807,384.449,0,0.68342,0.75764,82.011,6.819,475.000,400.000,-1,500.000,-1,350.000,375.000,275.000,400.000,-1,-1,-1,-1,650.000,875.000,725.000,-1,0,0,2,0,2,0,0,0,0,2,2,2,2,0,1,0,2
198,-6465.327,16428.639,-68.097,397.280,0,0.71010,0.69556,85.212,6.260,275.000,325.000,-1,500.000,975.000,300.000,375.000,250.000,400.000,-1,-1,-1,-1,500.000,825.000,325.000,-1,0,0,2,0,1,0,0,0,0,2,2,2,2,0,1,0,2
200,-6343.165,16556.798,-99.491,409.253,0,0.74118,0.64229,88.942,5.781,125.000,250.000,-1,375.000,-1,225.000,275.000,225.000,425.000,-1,-1,-1,-1,375.000,650.000,150.000,-1,0,0,2,0,2,0,0,0,0,2,2,2,2,0,1,0,2
202,-6247.554,16703.806,-131.853,419.392,0,0.72509,0.53576,87.011,4.822,0.000,200.000,625.000,275.000,-1,175.000,200.000,200.000,450.000,-1,-1,-1,-1,275.000,425.000,0.000,625.000,0,0,0,0,2,0,0,0,0,2,2,2,2,0,0,0,1
204,-6160.349,16886.863,-147.585,425.796,0,0.88509,0.29576,106.211,2.662,-1,350.000,-1,350.000,-1,300.000,300.000,400.000,325.000,-1,25.000,0.000,400.000,575.000,550.000,925.000,950.000,2,0,2,0,2,0,0,0,0,2,0,0,0,0,0,0,0
206,-6079.235,17083.898,-157.759,427.879,0,0.87272,0.05576,104.727,0.502,-1,325.000,-1,325.000,-1,275.000,275.000,375.000,325.000,-1,175.000,100.000,675.000,525.000,500.000,925.000,775.000,2,0,2,0,2,0,0,0,1,2,0,0,0,0,0,0,0
208,-5999.310,17267.566,-165.774,425.643,0,0.82371,-0.18424,98.846,-1.658,-1,275.000,-1,275.000,1000.000,250.000,250.000,325.000,300.000,-1,350.000,275.000,900.000,450.000,475.000,750.000,725.000,2,0,2,0,0,0,0,0,1,2,0,0,0,0,0,0,0
210,-5905.952,17436.039,-169.506,419.087,0,0.79817,-0.42424,95.780,-3.818,-1,375.000,-1,375.000,-1,300.000,300.000,375.000,300.000,-1,0.000,0.000,550.000,950.000,750.000,-1,-1,2,0,2,0,2,0,0,0,1,2,0,0,0,0,0,2,2
212,-5786.475,17584.694,-166.973,408.241,0,0.79684,-0.66082,95.620,-5.947,-1,425.000,-1,450.000,-1,325.000,350.000,350.000,325.000,-1,100.000,25.000,650.000,875.000,800.000,-1,-1,2,0,2,0,2,0,0,0,1,2,0,0,0,0,0,2,2
214,-5636.634,17707.387,-167.246,396.351,0,0.81166,-0.66083,97.399,-5.947,-1,450.000,-1,500.000,950.000,375.000,400.000,375.000,350.000,-1,250.000,175.000,725.000,800.000,725.000,-1,950.000,2,0,2,0,0,0,0,0,1,2,0,0,0,0,0,2,0
216,-5461.659,17798.028,-181.213,384.406,0,0.82567,-0.66486,99.080,-5.984,-1,350.000,1000.000,325.000,450.000,275.000,300.000,500.000,300.000,-1,-1,-1,900.000,525.000,425.000,750.000,425.000,2,0,0,0,0,0,0,0,1,2,2,2,0,0,0,0,0
218,-5268.463,17851.065,-206.275,372.335,0,0.83934,-0.67284,100.721,-6.056,-1,275.000,525.000,250.000,300.000,225.000,225.000,425.000,300.000,-1,-1,-1,950.000,400.000,325.000,475.000,275.000,2,0,0,0,0,0,0,0,1,2,2,2,0,0,0,0,0
220,-5070.252,17864.133,-236.820,361.206,0,0.81076,-0.55829,97.291,-5.025,175.000,150.000,325.000,150.000,100.000,150.000,125.000,325.000,300.000,-1,-1,-1,975.000,225.000,200.000,150.000,100.000,0,0,0,0,0,0,0,0,1,2,2,2,0,0,0,0,0
222,-4876.373,17849.772,-259.496,354.258,0,0.80800,-0.33372,96.960,-3.004,-1,500.000,-1,375.000,450.000,325.000,300.000,375.000,275.000,-1,0.000,0.000,50.000,-1,525.000,-1,550.000,2,1,2,1,1,1,0,0,1,2,0,0,0,2,1,2,1
224,-4689.339,17815.754,-245.066,348.147,0,0.78718,-0.34096,94.462,-3.069,-1,525.000,-1,325.000,350.000,325.000,275.000,500.000,250.000,-1,0.000,0.000,250.000,-1,450.000,-1,375.000,2,1,2,1,1,1,1,0,1,2,0,0,0,2,1,2,1
226,-4500.875,17761.758,-232.902,343.060,0,0.85699,-0.22260,102.839,-2.003,-1,425.000,650.000,250.000,200.000,275.000,225.000,700.000,225.000,-1,175.000,150.000,425.000,875.000,325.000,-1,225.000,2,1,1,1,1,1,1,0,1,2,0,0,0,1,1,2,1
228,-13457.527,7981.329,-74.980,178.135,1,0.00000,0.00000,110.855,-1.606,-1,375.000,-1,425.000,-1,325.000,325.000,300.000,375.000,475.000,-1,-1,-1,900.000,1000.000,-1,-1,2,0,2,0,2,0,0,0,0,1,2,2,2,0,0,2,2
230,-13486.320,7980.999,-72.393,181.375,0,0.16000,0.24000,19.200,2.160,-1,375.000,-1,425.000,-1,325.000,325.000,300.000,375.000,525.000,-1,-1,-1,925.000,975.000,-1,-1,2,0,2,0,2,0,0,0,0,1,2,2,2,0,0,2,2
232,-13553.039,7973.242,-66.830,188.145,0,0.32000,0.39220,38.400,3.530,-1,375.000,-1,425.000,-1,325.000,325.000,300.000,375.000,650.000,-1,-1,-1,-1,975.000,-1,-1,2,0,2,0,2,0,0,0,0,1,2,2,2,2,0,2,2
234,-13655.655,7948.518,-58.894,195.126,0,0.48000,0.38626,57.600,3.476,-1,400.000,-1,450.000,-1,325.000,350.000,300.000,375.000,800.000,-1,-1,-1,-1,-1,-1,-1,2,0,2,0,2,0,0,0,0,1,2,2,2,2,2,2,2
236,-13790.575,7898.376,-48.922,201.977,0,0.64000,0.37858,76.800,3.407,-1,475.000,-1,475.000,-1,350.000,375.000,325.000,350.000,1000.000,-1,-1,925.000,-1,-1,-1,-1,2,0,2,0,2,0,0,0,0,1,2,2,1,2,2,2,2
238,-13952.893,7815.341,-36.893,208.666,0,0.80000,0.36909,96.000,3.322,-1,600.000,-1,550.000,-1,425.000,425.000,350.000,350.000,-1,-1,375.000,900.000,-1,-1,-1,-1,2,0,2,0,2,0,0,0,0,2,2,0,1,2,2,2,2
240,-14115.117,7707.766,-25.243,215.158,0,0.81213,0.35785,97.455,3.221,-1,550.000,-1,450.000,-1,400.000,375.000,450.000,275.000,-1,-1,-1,1000.000,-1,-1,-1,-1,2,0,2,0,2,0,0,0,0,2,2,2,1,2,2,2,2
242,-14265.068,7582.445,-26.947,221.444,0,0.81541,0.34630,97.849,3.117,-1,575.000,-1,575.000,-1,425.000,425.000,450.000,275.000,-1,-1,-1,-1,1000.000,-1,-1,-1,2,0,2,0,2,0,0,0,0,2,2,2,2,1,2,2,2
244,-14401.365,7441.232,-40.321,227.519,0,0.81892,0.33456,98.271,3.011,-1,400.000,900.000,500.000,-1,300.000,350.000,325.000,375.000,-1,-1,-1,-1,700.000,950.000,-1,-1,2,0,1,0,2,0,0,0,0,2,2,2,2,1,1,2,2
246,-14540.608,7269.691,-60.466,232.026,0,0.94260,0.24884,113.112,2.240,-1,400.000,675.000,475.000,-1,325.000,350.000,325.000,425.000,-1,-1,-1,-1,600.000,600.000,1000.000,825.000,2,1,1,1,2,1,1,0,0,2,2,2,2,1,1,1,1
248,-14672.379,7079.363,-82.162,236.366,0,0.97206,0.23794,116.647,2.141,-1,325.000,450.000,300.000,650.000,250.000,250.000,300.000,500.000,-1,-1,-1,-1,475.000,375.000,900.000,450.000,2,1,1,1,1,1,1,0,0,2,2,2,2,1,1,1,1
250,-11927.523,18090.763,154.514,-55.945,1,0.00000,0.00000,120.000,-0.019,475.000,400.000,-1,575.000,-1,425.000,425.000,275.000,-1,675.000,925.000,-1,-1,525.000,-1,500.000,-1,1,1,2,0,2,1,0,0,2,0,0,2,2,1,2,1,2
252,-11912.463,18066.220,155.464,-59.185,0,0.16000,-0.24000,19.200,-2.160,450.000,400.000,-1,600.000,-1,425.000,450.000,275.000,-1,675.000,900.000,-1,-1,525.000,-1,475.000,-1,1,1,2,0,2,0,0,0,2,0,0,2,2,1,2,1,2
254,-11883.970,18005.411,155.428,-66.745,0,0.32000,-0.48000,38.400,-4.320,300.000,375.000,-1,400.000,-1,325.000,325.000,300.000,750.000,-1,-1,-1,-1,475.000,750.000,325.000,-1,1,1,2,0,2,0,0,0,0,2,2,2,2,1,0,1,2
256,-11856.711,17903.505,152.588,-77.424,0,0.48000,-0.58648,57.600,-5.278,275.000,400.000,-1,400.000,-1,325.000,325.000,275.000,800.000,-1,-1,-1,-1,600.000,725.000,350.000,-1,1,0,2,0,2,0,0,1,0,2,2,2,2,1,0,1,2
258,-11842.776,17760.278,149.944,-86.412,0,0.64000,-0.46889,76.800,-4.220,375.000,400.000,-1,375.000,-1,325.000,325.000,225.000,825.000,-1,-1,-1,-1,750.000,725.000,-1,-1,1,0,2,0,2,0,0,1,0,2,2,2,2,1,0,2,2
260,-11848.468,17578.043,147.864,-93.352,0,0.80000,-0.36660,96.000,-3.299,875.000,375.000,-1,375.000,-1,325.000,300.000,200.000,850.000,-1,-1,-1,-1,675.000,850.000,900.000,-1,0,0,2,0,2,0,0,1,0,2,2,2,2,0,0,0,2
262,-11874.835,17393.839,146.882,-99.813,0,0.74966,-0.35837,89.959,-3.225,700.000,375.000,-1,400.000,-1,300.000,300.000,225.000,875.000,-1,-1,-1,-1,600.000,-1,725.000,-1,0,0,2,0,2,0,0,1,0,2,2,2,2,0,2,0,2
264,-11916.163,17236.283,148.303,-106.425,0,0.65730,-0.37187,78.876,-3.347,600.000,350.000,-1,550.000,-1,300.000,325.000,275.000,925.000,350.000,-1,-1,-1,575.000,-1,675.000,-1,0,0,2,0,2,0,0,1,0,1,2,2,2,0,2,0,2
266,-11969.788,17101.125,150.909,-113.484,0,0.59151,-0.39986,70.982,-3.599,550.000,350.000,-1,750.000,-1,300.000,400.000,300.000,950.000,350.000,-1,-1,-1,625.000,-1,-1,-1,0,0,2,0,2,0,0,0,0,1,2,2,2,0,2,2,2
268,-12035.432,16983.572,154.611,-121.174,0,0.55345,-0.43697,66.414,-3.933,-1,425.000,-1,1000.000,-1,425.000,525.000,300.000,975.000,425.000,650.000,775.000,-1,-1,-1,-1,-1,2,0,2,0,2,0,0,0,0,1,1,0,2,2,2,2,2
270,-12114.428,16880.439,159.510,-129.621,0,0.53961,-0.48053,64.754,-4.325,-1,625.000,-1,-1,-1,600.000,725.000,250.000,950.000,575.000,600.000,700.000,-1,-1,-1,-1,-1,2,0,2,2,2,0,0,0,0,1,1,0,2,2,2,2,2
272,-12209.050,16790.821,147.863,-138.926,0,0.54636,-0.52949,65.563,-4.765,-1,400.000,-1,400.000,975.000,325.000,325.000,425.000,325.000,-1,-1,-1,-1,925.000,725.000,-1,-1,2,0,2,0,1,0,0,0,0,2,2,2,2,0,0,2,2
274,-12332.793,16700.711,127.332,-145.217,0,0.64960,-0.28949,77.952,-2.605,-1,450.000,-1,400.000,825.000,350.000,325.000,325.000,325.000,-1,-1,-1,-1,950.000,700.000,-1,925.000,2,0,2,0,1,0,0,0,0,2,2,2,2,0,0,2,1
276,-12475.722,16607.812,102.492,-147.188,0,0.75028,-0.04949,90.034,-0.445,-1,400.000,-1,350.000,675.000,325.000,300.000,275.000,325.000,-1,-1,-1,-1,825.000,625.000,-1,725.000,2,0,2,0,1,0,0,0,0,2,2,2,2,0,0,2,1
278,-12642.301,16494.615,70.549,-145.072,0,0.85036,0.16460,102.044,1.481,-1,375.000,-1,325.000,500.000,275.000,275.000,275.000,300.000,-1,-1,-1,-1,725.000,525.000,-1,525.000,2,0,2,0,1,0,0,0,0,2,2,2,2,0,0,2,1
280,-12812.252,16369.209,35.955,-143.209,0,0.88950,0.08251,106.740,0.743,-1,425.000,-1,375.000,525.000,325.000,325.000,225.000,325.000,-1,0.000,0.000,-1,950.000,825.000,-1,-1,2,0,2,1,1,0,0,0,0,2,0,0,2,0,0,2,2
282,-12983.989,16238.107,11.197,-142.503,0,0.89907,0.03086,107.888,0.278,-1,475.000,-1,425.000,850.000,350.000,350.000,275.000,300.000,-1,25.000,175.000,-1,925.000,850.000,-1,-1,2,0,2,0,1,0,0,0,0,2,0,0,2,0,0,2,2
284,-13153.415,16107.649,-12.646,-142.425,0,0.88752,-0.00460,106.503,-0.041,-1,475.000,-1,450.000,850.000,375.000,350.000,300.000,275.000,-1,225.000,350.000,-1,900.000,775.000,-1,1000.000,2,0,2,0,1,0,0,0,1,2,0,0,2,0,1,2,1
286,-13328.710,15962.297,-42.645,-139.267,0,0.94154,0.23540,112.985,2.119,975.000,375.000,-1,375.000,625.000,300.000,300.000,275.000,225.000,-1,-1,-1,-1,600.000,600.000,-1,700.000,1,0,2,0,1,0,0,0,1,2,2,2,2,0,1,2,1
288,-13480.691,15805.504,-75.864,-132.095,0,0.89892,0.44149,107.870,3.973,775.000,325.000,-1,325.000,550.000,275.000,275.000,250.000,300.000,950.000,-1,-1,-1,550.000,525.000,775.000,725.000,1,0,2,0,1,0,0,0,1,0,2,2,2,0,0,1,0
290,-13603.040,15637.634,-101.335,-124.035,0,0.85635,0.45078,102.762,4.057,675.000,350.000,975.000,325.000,900.000,275.000,275.000,250.000,375.000,800.000,50.000,125.000,475.000,600.000,550.000,650.000,800.000,1,0,1,0,0,0,0,0,1,0,0,0,1,1,0,1,0
292,-13701.370,15450.575,-119.917,-115.741,0,0.92058,0.46269,110.469,4.164,600.000,375.000,675.000,350.000,-1,300.000,300.000,250.000,325.000,675.000,50.000,175.000,575.000,475.000,625.000,525.000,-1,1,0,1,0,2,0,0,0,1,0,0,0,1,1,0,1,2
294,-13772.601,15249.347,-132.607,-107.370,0,0.88036,0.46674,105.643,4.201,550.000,275.000,450.000,325.000,-1,250.000,275.000,250.000,325.000,700.000,200.000,350.000,750.000,350.000,400.000,400.000,525.000,1,1,1,1,2,1,1,0,0,0,0,0,1,1,1,1,1
296,-13810.537,15017.455,-143.839,-96.604,0,1.00000,0.60949,120.000,5.485,425.000,175.000,225.000,150.000,175.000,150.000,125.000,250.000,300.000,850.000,550.000,775.000,875.000,225.000,175.000,250.000,150.000,0,1,1,1,1,1,1,0,0,0,0,1,1,1,1,1,1
298,5534.765,-11935.751,548.984,-33.024,1,-0.08000,0.12000,-9.600,1.080,450.000,400.000,950.000,325.000,675.000,300.000,300.000,225.000,300.000,-1,-1,-1,-1,550.000,500.000,550.000,600.000,0,0,0,0,0,0,0,0,0,2,2,2,2,0,0,0,0
299,5518.284,-11925.901,553.830,-30.864,0,-0.16000,0.24000,-19.200,2.160,475.000,400.000,-1,350.000,725.000,325.000,300.000,225.000,300.000,-1,-1,-1,-1,575.000,550.000,550.000,650.000,0,0,2,0,0,0,0,0,0,2,2,2,2,0,0,0,0
