timestep,x_cm,y_cm,z_cm,yaw_deg,basis_xx,basis_xy,basis_xz,basis_yx,basis_yy,basis_yz,basis_zx,basis_zy,basis_zz,teleport_flag,throttle_cmd,steering_cmd,cmd_move_cm,cmd_turn_deg,lidar_cm_0,lidar_cm_1,lidar_cm_2,lidar_cm_3,lidar_cm_4,lidar_cm_5,lidar_cm_6,lidar_cm_7,lidar_cm_8,lidar_cm_9,lidar_cm_10,lidar_cm_11,lidar_cm_12,lidar_cm_13,lidar_cm_14,lidar_cm_15,lidar_cm_16,lidar_class_0,lidar_class_1,lidar_class_2,lidar_class_3,lidar_class_4,lidar_class_5,lidar_class_6,lidar_class_7,lidar_class_8,lidar_class_9,lidar_class_10,lidar_class_11,lidar_class_12,lidar_class_13,lidar_class_14,lidar_class_15,lidar_class_16
0,-2300.305,-8853.532,-186.011,160.803,-0.943952,-0.328156,0.035627,0.329716,-0.942487,0.054832,0.015585,0.063505,0.997860,1,0.08000,-0.12000,4.800,-0.240,-1,400.000,-1,375.000,-1,325.000,300.000,325.000,325.000,-1,-1,-1,-1,700.000,625.000,-1,-1,2,0,2,0,2,0,0,0,0,2,2,2,2,0,0,2,2
1,-2309.356,-8850.331,-185.847,160.523,-0.942331,-0.332767,0.035750,0.334322,-0.940884,0.054460,0.015514,0.063271,0.997876,0,0.16000,-0.14014,9.600,-0.280,-1,375.000,-1,375.000,-1,325.000,300.000,325.000,325.000,-1,-1,-1,-1,700.000,625.000,-1,-1,2,0,2,0,2,0,0,0,0,2,2,2,2,0,0,2,2
2,-2322.908,-8845.463,-185.604,160.241,-0.940678,-0.337391,0.035940,0.338942,-0.939262,0.053901,0.015571,0.062885,0.997899,0,0.24000,-0.14065,14.400,-0.281,-1,375.000,-1,375.000,-1,325.000,300.000,325.000,325.000,-1,-1,-1,-1,700.000,625.000,-1,-1,2,0,2,0,2,0,0,0,0,2,2,2,2,0,0,2,2
3,-2340.945,-8838.883,-185.280,159.958,-0.938990,-0.342035,0.036201,0.343584,-0.937617,0.053154,0.015762,0.062349,0.997930,0,0.32000,-0.14141,19.200,-0.283,-1,375.000,-1,375.000,-1,325.000,300.000,325.000,325.000,-1,-1,-1,-1,675.000,625.000,-1,1000.000,2,0,2,0,2,0,0,0,0,2,2,2,2,0,0,2,0
4,-2363.451,-8830.545,-184.870,159.674,-0.937262,-0.346707,0.036535,0.348255,-0.935945,0.052214,0.016092,0.061662,0.997967,0,0.40000,-0.14242,24.000,-0.285,-1,375.000,-1,375.000,-1,300.000,300.000,325.000,325.000,-1,-1,-1,-1,675.000,625.000,-1,1000.000,2,0,2,0,2,0,0,0,0,2,2,2,2,0,0,2,0
5,-2390.407,-8820.405,-184.368,159.386,-0.935491,-0.351414,0.036946,0.352962,-0.934242,0.051081,0.016566,0.060826,0.998011,0,0.48000,-0.14367,28.800,-0.287,-1,375.000,-1,375.000,-1,300.000,300.000,325.000,325.000,-1,-1,-1,-1,675.000,625.000,-1,1000.000,2,0,2,0,2,0,0,0,0,2,2,2,2,0,0,2,0
6,-2421.795,-8808.416,-183.764,159.096,-0.933673,-0.356163,0.037438,0.357713,-0.932506,0.049749,0.017193,0.059841,0.998060,0,0.56000,-0.14512,33.600,-0.290,-1,375.000,-1,375.000,1000.000,300.000,300.000,325.000,325.000,-1,525.000,-1,-1,675.000,625.000,-1,975.000,2,0,2,0,0,0,0,0,0,2,0,2,2,0,0,2,0
7,-2457.597,-8794.530,-183.047,158.803,-0.931806,-0.360960,0.038014,0.362511,-0.930732,0.048213,0.017978,0.058706,0.998113,0,0.64000,-0.14676,38.400,-0.294,-1,375.000,-1,350.000,1000.000,300.000,300.000,325.000,325.000,-1,525.000,-1,-1,675.000,625.000,-1,975.000,2,0,2,0,0,0,0,0,0,2,0,2,2,0,0,2,0
8,-2497.819,-8778.768,-182.205,158.602,-0.930499,-0.364246,0.038680,0.365799,-0.929534,0.046458,0.019033,0.057379,0.998171,0,0.72000,-0.10032,43.200,-0.201,-1,375.000,-1,350.000,1000.000,300.000,300.000,325.000,325.000,-1,525.000,-1,-1,650.000,600.000,-1,975.000,2,0,2,0,0,0,0,0,0,2,0,2,2,0,0,2,0
9,-2542.449,-8761.099,-181.241,158.402,-0.929180,-0.367515,0.039472,0.369069,-0.928342,0.044368,0.020338,0.055794,0.998235,0,0.80000,-0.09981,48.000,-0.200,-1,375.000,-1,350.000,1000.000,300.000,300.000,325.000,325.000,-1,500.000,-1,-1,650.000,600.000,-1,950.000,2,0,2,0,0,0,0,0,0,2,0,2,2,0,0,2,0
10,-2591.057,-8741.661,-179.821,158.204,-0.927800,-0.370738,0.041723,0.372381,-0.927090,0.042853,0.022794,0.055295,0.998210,0,0.87251,-0.09920,52.350,-0.198,-1,375.000,-1,350.000,1000.000,300.000,300.000,325.000,325.000,-1,475.000,600.000,-1,650.000,600.000,-1,950.000,2,0,2,0,0,0,0,0,0,2,0,0,2,0,0,2,0
11,-2639.978,-8721.902,-178.260,158.007,-0.926401,-0.373927,0.044267,0.375675,-0.925824,0.041446,0.025485,0.055025,0.998160,0,0.87933,-0.09846,52.760,-0.197,-1,375.000,-1,350.000,1000.000,300.000,300.000,325.000,325.000,-1,450.000,550.000,-1,650.000,600.000,-1,975.000,2,0,2,0,0,0,0,0,0,2,0,0,2,0,0,2,0
12,-2689.213,-8701.822,-176.593,157.812,-0.924990,-0.377084,0.046917,0.378938,-0.924555,0.040040,0.028279,0.054815,0.998096,0,0.88620,-0.09763,53.172,-0.195,-1,375.000,-1,350.000,1000.000,300.000,300.000,325.000,325.000,-1,425.000,525.000,-1,750.000,600.000,-1,975.000,2,0,2,0,0,0,0,0,0,2,0,0,2,1,0,2,0
13,-2738.763,-8681.417,-174.815,157.618,-0.923575,-0.380209,0.049504,0.382159,-0.923293,0.038539,0.031054,0.054512,0.998030,0,0.89312,-0.09669,53.587,-0.193,-1,375.000,-1,350.000,1000.000,300.000,300.000,325.000,325.000,-1,400.000,475.000,-1,975.000,600.000,-1,-1,2,0,2,0,0,0,0,0,0,2,0,0,2,1,0,2,2
14,-2788.630,-8660.687,-172.668,157.427,-0.922125,-0.383318,0.052463,0.385334,-0.922085,0.035731,0.034679,0.053164,0.997983,0,0.90007,-0.09566,54.004,-0.191,-1,375.000,-1,350.000,-1,300.000,300.000,325.000,325.000,-1,375.000,450.000,-1,-1,600.000,-1,-1,2,0,2,0,2,0,0,0,0,2,0,0,2,2,0,2,2
15,-2838.815,-8639.629,-170.390,157.238,-0.920667,-0.386388,0.055463,0.388452,-0.920888,0.032716,0.038434,0.051665,0.997925,0,0.90706,-0.09450,54.423,-0.189,-1,375.000,-1,350.000,-1,300.000,300.000,325.000,325.000,-1,325.000,400.000,-1,-1,625.000,-1,-1,2,0,2,0,2,0,0,0,0,2,0,0,2,2,0,2,2
16,-2889.320,-8618.244,-168.015,157.052,-0.919207,-0.389413,0.058455,0.391507,-0.919697,0.029662,0.042210,0.050151,0.997849,0,0.91408,-0.09322,54.845,-0.186,-1,375.000,-1,350.000,-1,300.000,300.000,325.000,325.000,-1,325.000,375.000,-1,-1,625.000,-1,-1,2,0,2,0,2,0,0,0,0,2,0,0,2,2,0,2,2
17,-2940.145,-8596.531,-165.539,156.868,-0.917746,-0.392388,0.061437,0.394495,-0.918514,0.026569,0.046005,0.048620,0.997757,0,0.92114,-0.09180,55.269,-0.184,-1,375.000,-1,350.000,-1,300.000,300.000,325.000,325.000,-1,300.000,350.000,-1,-1,-1,-1,-1,2,1,2,0,2,0,0,0,0,2,0,0,2,2,2,2,2
18,-2991.292,-8574.489,-162.961,156.687,-0.916288,-0.395308,0.064408,0.397410,-0.917342,0.023438,0.049819,0.047073,0.997648,0,0.92823,-0.09023,55.694,-0.180,-1,450.000,-1,350.000,-1,300.000,300.000,325.000,325.000,-1,275.000,325.000,-1,-1,-1,-1,-1,2,1,2,0,2,0,0,0,0,2,0,0,2,2,2,2,2
19,-3042.762,-8552.120,-160.272,156.510,-0.914835,-0.398169,0.067372,0.400247,-0.916183,0.020254,0.053660,0.045494,0.997522,0,0.93534,-0.08849,56.120,-0.177,-1,575.000,-1,375.000,-1,325.000,300.000,325.000,325.000,-1,275.000,300.000,-1,-1,-1,-1,-1,2,1,2,0,2,1,0,0,0,2,0,0,2,2,2,2,2
20,-3094.557,-8529.423,-157.420,156.337,-0.913384,-0.400967,0.070388,0.402992,-0.915050,0.016786,0.057678,0.043698,0.997378,0,0.94247,-0.08656,56.548,-0.173,-1,825.000,-1,375.000,-1,450.000,300.000,325.000,325.000,-1,250.000,300.000,-1,-1,-1,-1,-1,2,1,2,1,2,1,1,0,0,2,0,0,2,2,2,2,2
21,-3146.693,-8506.128,-154.378,155.924,-0.910229,-0.407575,0.073247,0.409557,-0.912181,0.013769,0.061203,0.042532,0.997219,0,0.95172,-0.20656,57.103,-0.413,-1,900.000,-1,-1,-1,1000.000,-1,300.000,325.000,-1,250.000,275.000,-1,-1,-1,-1,-1,2,1,2,2,2,1,2,0,0,2,0,0,2,2,2,2,2
22,-3198.945,-8482.063,-150.935,155.271,-0.905318,-0.417939,0.075671,0.419958,-0.907460,0.012322,0.063519,0.042934,0.997057,0,0.95878,-0.32656,57.527,-0.653,-1,900.000,-1,-1,-1,-1,-1,325.000,325.000,-1,275.000,300.000,-1,-1,-1,-1,-1,2,1,2,2,2,2,2,0,0,2,0,0,2,2,2,2,2
23,-3251.270,-8457.180,-149.569,154.573,-0.900701,-0.429105,0.067872,0.430456,-0.902592,0.005982,0.058693,0.034604,0.997676,0,0.96568,-0.34910,57.941,-0.698,-1,875.000,-1,-1,-1,1000.000,-1,300.000,325.000,-1,325.000,375.000,-1,-1,-1,-1,-1,2,1,2,2,2,1,2,0,0,2,0,0,2,2,2,2,2
24,-3303.656,-8431.492,-148.661,153.884,-0.896136,-0.440060,0.057344,0.440718,-0.897645,-0.001295,0.052045,0.024112,0.998354,0,0.97243,-0.34439,58.346,-0.689,-1,850.000,-1,-1,-1,1000.000,-1,275.000,325.000,-1,400.000,500.000,-1,-1,-1,-1,-1,2,1,2,2,2,1,2,0,0,2,0,0,2,2,2,2,2
25,-3356.086,-8405.010,-148.158,153.206,-0.891571,-0.450755,0.043817,0.450793,-0.892577,-0.009568,0.043423,0.011222,0.998994,0,0.97899,-0.33906,58.739,-0.678,-1,825.000,-1,-1,-1,1000.000,-1,250.000,325.000,-1,550.000,725.000,-1,-1,-1,-1,-1,2,1,2,2,2,1,2,1,0,2,0,0,2,2,2,2,2
26,-3408.541,-8377.747,-147.849,152.540,-0.886950,-0.461123,0.026179,0.460749,-0.887322,-0.019219,0.032091,-0.004984,0.999473,0,0.98531,-0.33300,59.118,-0.666,950.000,775.000,-1,-1,-1,975.000,-1,225.000,350.000,-1,850.000,-1,-1,1000.000,-1,-1,-1,1,1,2,2,2,1,2,1,0,2,0,2,2,1,2,2,2
27,-3461.002,-8349.722,-151.639,151.888,-0.882036,-0.471176,0.002376,0.471113,-0.881983,-0.012613,0.008038,-0.010006,0.999918,0,0.99129,-0.32610,59.478,-0.652,825.000,725.000,-1,-1,-1,925.000,-1,200.000,325.000,-1,-1,-1,-1,925.000,-1,975.000,-1,1,1,2,2,2,1,2,1,0,2,2,2,2,1,2,1,2
28,-4919.750,327.660,-61.305,148.112,-0.862687,-0.504867,0.029692,0.462608,-0.811477,-0.357072,0.204368,-0.294305,0.933605,1,0.00000,0.00000,59.810,-0.636,0.000,350.000,-1,-1,-1,400.000,625.000,225.000,-1,-1,0.000,0.000,-1,950.000,-1,0.000,-1,1,0,2,2,2,0,0,1,2,2,1,1,2,0,2,1,2
29,-4916.626,6883.436,-32.126,-54.080,0.584841,0.806210,-0.089365,-0.810857,0.584024,-0.037774,0.021738,0.094554,0.995282,1,0.08000,0.12000,4.800,0.240,300.000,175.000,300.000,225.000,-1,150.000,175.000,400.000,275.000,-1,575.000,325.000,-1,225.000,275.000,225.000,450.000,1,1,1,1,2,1,1,0,0,2,0,0,2,1,1,1,1
30,-4910.928,6875.711,-31.281,-53.600,0.591287,0.801237,-0.091647,-0.806068,0.590719,-0.036131,0.025188,0.095238,0.995136,0,0.16000,0.24000,9.600,0.480,300.000,175.000,300.000,200.000,950.000,150.000,175.000,400.000,275.000,-1,450.000,275.000,-1,225.000,275.000,225.000,425.000,1,1,1,1,1,1,1,0,0,2,0,0,2,1,1,1,1
31,-4902.238,6864.228,-29.196,-52.880,0.600706,0.793892,-0.094269,-0.798798,0.600848,-0.030066,0.032772,0.093362,0.995093,0,0.24000,0.36000,14.400,0.720,300.000,175.000,300.000,200.000,925.000,150.000,175.000,425.000,275.000,-1,350.000,225.000,-1,225.000,275.000,225.000,400.000,1,1,1,1,1,1,1,0,0,2,0,0,2,1,1,1,1
32,-4890.461,6849.064,-26.275,-52.168,0.609640,0.786477,-0.098957,-0.791506,0.610762,-0.022063,0.043087,0.091776,0.994847,0,0.32000,0.35619,19.200,0.712,300.000,175.000,300.000,200.000,900.000,150.000,175.000,425.000,300.000,-1,275.000,175.000,1000.000,225.000,275.000,225.000,400.000,1,1,1,1,1,1,1,0,0,2,0,0,0,1,1,1,1
33,-4875.507,6830.291,-22.389,-51.462,0.618014,0.778999,-0.105923,-0.784134,0.620479,-0.011828,0.056510,0.090368,0.994304,0,0.40000,0.35272,24.000,0.705,-1,175.000,275.000,200.000,900.000,150.000,175.000,425.000,300.000,-1,225.000,150.000,900.000,225.000,275.000,225.000,400.000,2,1,1,1,1,1,1,0,0,2,0,0,0,1,1,1,1
34,-4857.287,6807.984,-17.379,-50.763,0.625717,0.771461,-0.115439,-0.776581,0.630017,0.000987,0.073490,0.089030,0.993314,0,0.48000,0.34964,28.800,0.699,-1,175.000,275.000,200.000,925.000,150.000,175.000,450.000,325.000,-1,175.000,125.000,800.000,225.000,250.000,225.000,400.000,2,1,1,1,1,1,1,0,0,2,0,0,0,1,1,1,1
35,8041.511,6699.203,-22.038,163.710,-0.949997,-0.280488,0.137231,0.276269,-0.959816,-0.049276,0.145538,-0.008899,0.989313,1,0.00000,0.00000,33.600,0.694,-1,-1,-1,250.000,-1,275.000,200.000,375.000,525.000,575.000,75.000,125.000,775.000,-1,-1,-1,-1,2,2,2,1,2,1,1,0,0,0,0,0,1,2,2,2,2
36,3607.830,-4919.490,-343.720,-85.347,0.102298,0.976225,0.191103,-0.989148,0.079459,0.123586,0.105462,-0.201671,0.973759,1,0.00000,0.00000,4.800,0.240,-1,350.000,-1,275.000,-1,275.000,225.000,275.000,200.000,325.000,250.000,425.000,-1,-1,-1,-1,-1,2,1,2,1,2,1,1,0,1,0,0,0,2,2,2,2,2
37,6235.784,3605.765,-5.126,-22.931,0.920653,0.389063,0.032056,-0.386151,0.919656,-0.071557,-0.057321,0.053501,0.996921,1,0.08000,0.12000,4.800,0.240,-1,375.000,-1,325.000,700.000,300.000,275.000,475.000,275.000,375.000,0.000,100.000,-1,650.000,550.000,-1,725.000,2,0,2,0,0,0,0,0,0,1,1,1,2,0,0,2,0
38,6244.656,3602.098,-5.893,-22.451,0.923877,0.381393,0.031475,-0.378708,0.922999,-0.068210,-0.055066,0.051098,0.997174,0,0.16000,0.24000,9.600,0.480,-1,375.000,-1,325.000,750.000,300.000,275.000,475.000,275.000,375.000,25.000,125.000,-1,650.000,550.000,-1,800.000,2,0,2,0,0,0,0,0,0,1,1,1,2,0,0,2,0
39,6258.032,3596.765,-7.023,-21.731,0.928598,0.369829,0.030536,-0.367462,0.927881,-0.063314,-0.051749,0.047572,0.997526,0,0.24000,0.36000,14.400,0.720,-1,375.000,-1,325.000,850.000,300.000,275.000,450.000,275.000,375.000,25.000,125.000,-1,650.000,550.000,-1,900.000,2,0,2,0,0,0,0,0,0,1,1,1,2,0,0,2,0
40,6275.983,3589.955,-8.489,-20.771,0.934675,0.354305,0.029168,-0.352322,0.934140,-0.057021,-0.047449,0.043020,0.997947,0,0.32000,0.48000,19.200,0.960,-1,375.000,-1,325.000,-1,300.000,275.000,425.000,275.000,375.000,25.000,150.000,-1,650.000,575.000,-1,-1,2,0,2,0,2,0,0,0,0,1,1,1,2,0,0,2,2
41,6296.429,3582.685,-10.054,-19.571,0.941909,0.334729,0.027641,-0.333118,0.941538,-0.050393,-0.042893,0.038258,0.998347,0,0.36169,0.60000,21.701,1.200,-1,375.000,-1,350.000,-1,300.000,300.000,425.000,275.000,375.000,50.000,175.000,-1,650.000,600.000,-1,-1,2,0,2,0,2,0,0,0,0,1,1,1,2,0,0,2,2
42,6317.466,3575.795,-11.525,-18.131,0.950045,0.311011,0.026210,-0.309710,0.949801,-0.044260,-0.038660,0.033932,0.998676,0,0.36895,0.72000,22.137,1.440,-1,375.000,-1,350.000,-1,300.000,300.000,400.000,275.000,375.000,50.000,200.000,-1,675.000,600.000,-1,-1,2,0,2,0,2,0,0,0,0,1,1,1,2,0,0,2,2
43,6339.151,3569.391,-12.913,-16.451,0.958779,0.283067,0.024821,-0.282024,0.958631,-0.038585,-0.034716,0.029995,0.998947,0,0.37685,0.84000,22.611,1.680,-1,375.000,-1,350.000,-1,300.000,300.000,400.000,300.000,375.000,75.000,250.000,-1,675.000,625.000,-1,-1,2,0,2,0,2,0,0,0,0,1,1,1,2,0,0,2,2
44,6361.535,3563.589,-14.226,-14.531,0.967751,0.250815,0.023425,-0.249989,0.967675,-0.033332,-0.031028,0.026401,0.999170,0,0.38540,0.96000,23.124,1.920,-1,375.000,-1,350.000,-1,300.000,300.000,375.000,300.000,375.000,75.000,300.000,-1,675.000,650.000,-1,-1,2,0,2,0,2,0,0,0,0,1,1,1,2,0,0,2,2
45,6384.647,3558.451,-15.516,-12.531,0.975948,0.216910,0.021803,-0.216272,0.975923,-0.028305,-0.027418,0.022908,0.999362,0,0.39461,1.00000,23.677,2.000,-1,375.000,-1,350.000,-1,300.000,300.000,375.000,300.000,375.000,100.000,375.000,-1,675.000,650.000,-1,-1,2,0,2,0,2,0,0,0,0,1,1,1,2,0,0,2,2
46,6408.481,3554.020,-16.797,-10.531,0.982962,0.182732,0.019882,-0.182259,0.982971,-0.023454,-0.023829,0.019430,0.999527,0,0.40405,1.00000,24.243,2.000,-1,375.000,-1,375.000,-1,300.000,300.000,375.000,300.000,375.000,125.000,450.000,-1,675.000,675.000,-1,-1,2,0,2,0,2,0,0,0,0,1,1,1,2,0,0,2,2
47,6433.017,3550.339,-18.061,-8.531,0.988780,0.148325,0.017692,-0.147992,0.988809,-0.018826,-0.020286,0.015996,0.999666,0,0.41350,1.00000,24.810,2.000,-1,375.000,-1,375.000,-1,300.000,300.000,350.000,300.000,375.000,150.000,600.000,-1,675.000,675.000,-1,-1,2,0,2,0,2,0,0,0,0,1,1,1,2,0,0,2,2
48,6458.227,3547.453,-19.302,-6.531,0.993394,0.113731,0.015267,-0.113513,0.993431,-0.014460,-0.016811,0.012631,0.999779,0,0.42292,1.00000,25.375,2.000,-1,375.000,-1,375.000,-1,300.000,300.000,350.000,300.000,375.000,175.000,775.000,-1,700.000,700.000,-1,-1,2,0,2,0,2,0,0,0,0,1,1,1,2,0,0,2,2
49,6484.084,3545.403,-20.514,-4.531,0.996795,0.078994,0.012642,-0.078865,0.996831,-0.010388,-0.013423,0.009357,0.999866,0,0.43230,1.00000,25.938,2.000,-1,375.000,-1,375.000,-1,300.000,300.000,325.000,300.000,375.000,200.000,975.000,-1,700.000,700.000,-1,-1,2,0,2,0,2,0,0,0,0,1,1,0,2,0,0,2,2
50,6510.556,3544.233,-21.691,-2.531,0.998976,0.044158,0.009851,-0.044094,0.999005,-0.006632,-0.010134,0.006190,0.999929,0,0.44162,1.00000,26.497,2.000,-1,375.000,-1,375.000,-1,300.000,300.000,325.000,300.000,375.000,225.000,825.000,-1,700.000,725.000,-1,-1,2,0,2,0,2,0,0,0,0,1,1,0,2,0,0,2,2
51,6537.606,3543.982,-22.831,-0.531,0.999933,0.009267,0.006925,-0.009245,0.999952,-0.003206,-0.006955,0.003141,0.999971,0,0.45087,1.00000,27.052,2.000,-1,375.000,-1,375.000,-1,300.000,300.000,325.000,300.000,375.000,300.000,725.000,-1,700.000,725.000,-1,-1,2,0,2,0,2,0,0,0,0,1,1,0,2,0,0,2,2
52,6565.198,3544.690,-23.536,1.469,0.999658,-0.025637,0.005072,0.025643,0.999671,-0.001116,-0.005042,0.001246,0.999987,0,0.46002,1.00000,27.601,2.000,-1,375.000,-1,375.000,-1,300.000,300.000,325.000,300.000,400.000,550.000,675.000,-1,700.000,750.000,-1,-1,2,0,2,0,2,0,0,0,0,1,0,0,2,0,0,2,2
53,6597.540,3546.651,-23.554,3.469,0.998157,-0.060509,0.004673,0.060515,0.998167,-0.001082,-0.004599,0.001362,0.999988,0,0.54002,1.00000,32.401,2.000,-1,375.000,-1,375.000,-1,300.000,300.000,325.000,300.000,400.000,600.000,725.000,-1,700.000,750.000,-1,-1,2,0,2,0,2,0,0,0,0,1,0,0,2,0,0,2,2
54,6633.264,3550.071,-23.549,5.469,0.995439,-0.095308,0.004149,0.095313,0.995447,-0.001118,-0.004024,0.001509,0.999991,0,0.59813,1.00000,35.888,2.000,-1,375.000,-1,375.000,-1,300.000,300.000,325.000,300.000,425.000,650.000,775.000,-1,700.000,725.000,-1,-1,2,0,2,0,2,0,0,0,0,1,0,0,2,0,0,2,2
55,6669.409,3554.810,-23.534,7.469,0.991509,-0.129990,0.003589,0.129995,0.991514,-0.001146,-0.003409,0.001603,0.999993,0,0.60758,1.00000,36.455,2.000,-1,375.000,-1,375.000,-1,300.000,300.000,325.000,325.000,450.000,675.000,825.000,-1,700.000,725.000,-1,-1,2,0,2,0,2,0,0,0,0,1,0,0,2,0,0,2,2
56,6705.918,3560.899,-23.509,9.469,0.986370,-0.164515,0.002986,0.164519,0.986373,-0.001165,-0.002754,0.001641,0.999995,0,0.61688,1.00000,37.013,2.000,-1,375.000,-1,375.000,-1,300.000,300.000,325.000,325.000,475.000,725.000,875.000,-1,700.000,725.000,-1,-1,2,0,2,0,2,0,0,0,0,1,0,0,2,0,0,2,2
57,6742.729,3568.368,-23.472,11.469,0.980030,-0.198838,0.002336,0.198841,0.980031,-0.001178,-0.002055,0.001619,0.999997,0,0.62602,1.00000,37.561,2.000,-1,375.000,-1,375.000,-1,300.000,300.000,325.000,325.000,500.000,750.000,925.000,-1,725.000,725.000,-1,-1,2,0,2,0,2,0,0,0,0,1,0,0,2,0,0,2,2
58,6779.781,3577.242,-23.422,13.469,0.972495,-0.232920,0.001633,0.232922,0.972495,-0.001185,-0.001313,0.001533,0.999998,0,0.63500,1.00000,38.100,2.000,-1,375.000,-1,375.000,-1,300.000,300.000,325.000,325.000,525.000,775.000,950.000,-1,725.000,725.000,-1,-1,2,0,2,0,2,0,0,0,0,1,0,0,2,0,0,2,2
59,6817.010,3587.545,-23.357,15.469,0.963774,-0.266718,0.000872,0.266718,0.963774,-0.001189,-0.000524,0.001378,0.999999,0,0.64381,1.00000,38.629,2.000,-1,375.000,-1,375.000,-1,300.000,300.000,325.000,325.000,550.000,825.000,1000.000,-1,725.000,725.000,-1,-1,2,0,2,0,2,0,0,0,0,1,0,0,2,0,0,2,2
60,6854.351,3599.296,-23.276,17.469,0.953879,-0.300190,0.000048,0.300190,0.953879,-0.001192,0.000312,0.001152,0.999999,0,0.65244,1.00000,39.147,2.000,-1,375.000,-1,375.000,-1,300.000,300.000,325.000,325.000,575.000,825.000,-1,-1,725.000,725.000,-1,-1,2,0,2,0,2,0,0,0,0,1,0,2,2,0,0,2,2
61,6891.738,3612.513,-23.178,19.469,0.942821,-0.333297,-0.000844,0.333296,0.942821,-0.001200,0.001196,0.000850,0.999999,0,0.66090,1.00000,39.654,2.000,-1,375.000,-1,375.000,-1,325.000,300.000,325.000,325.000,600.000,850.000,-1,-1,725.000,725.000,-1,-1,2,0,2,0,2,0,0,0,0,1,0,2,2,0,0,2,2
62,6929.102,3627.208,-23.063,21.469,0.930614,-0.365999,-0.001809,0.365997,0.930615,-0.001216,0.002128,0.000469,0.999998,0,0.66917,1.00000,40.150,2.000,-1,375.000,-1,375.000,-1,325.000,325.000,325.000,325.000,625.000,850.000,-1,-1,725.000,725.000,-1,-1,2,0,2,0,2,0,0,0,0,1,0,2,2,0,0,2,2
63,6966.375,3643.390,-22.928,23.469,0.917271,-0.398254,-0.002850,0.398252,0.917275,-0.001244,0.003110,0.000006,0.999995,0,0.67724,1.00000,40.635,2.000,-1,375.000,-1,375.000,-1,325.000,325.000,325.000,325.000,650.000,850.000,-1,-1,725.000,725.000,-1,-1,2,0,2,0,2,0,0,0,0,1,0,2,2,0,0,2,2
64,7003.488,3661.068,-22.774,25.469,0.902809,-0.430023,-0.003971,0.430022,0.902818,-0.001291,0.004140,-0.000542,0.999991,0,0.68513,1.00000,41.108,2.000,-1,375.000,-1,375.000,-1,325.000,325.000,325.000,325.000,675.000,850.000,-1,-1,750.000,725.000,-1,-1,2,0,2,0,2,0,0,0,0,1,0,2,2,0,0,2,2
65,7040.370,3680.242,-22.623,27.469,0.887246,-0.461269,-0.005069,0.461268,0.887260,-0.001410,0.005148,-0.001087,0.999986,0,0.69281,1.00000,41.569,2.000,-1,400.000,-1,375.000,-1,325.000,325.000,325.000,325.000,725.000,850.000,-1,-1,750.000,725.000,-1,-1,2,0,2,0,2,0,0,0,0,1,0,2,2,0,0,2,2
66,7076.952,3700.913,-22.526,29.469,0.870604,-0.491953,-0.005583,0.491953,0.870621,-0.001505,0.005601,-0.001437,0.999983,0,0.70030,1.00000,42.018,2.000,-1,400.000,-1,375.000,-1,325.000,325.000,325.000,325.000,750.000,875.000,-1,-1,750.000,725.000,-1,-1,2,0,2,0,2,0,0,0,0,1,0,2,2,0,0,2,2
67,7113.162,3723.076,-22.375,31.469,0.852901,-0.522037,-0.006130,0.522039,0.852921,-0.001408,0.005963,-0.001999,0.999980,0,0.70757,1.00000,42.454,2.000,-1,400.000,-1,375.000,-1,325.000,325.000,325.000,325.000,775.000,925.000,-1,-1,750.000,725.000,-1,-1,2,0,2,0,2,0,0,0,0,1,0,2,2,0,0,2,2
68,7148.931,3746.723,-22.199,33.469,0.834158,-0.551485,-0.006758,0.551489,0.834181,-0.001279,0.006343,-0.002660,0.999976,0,0.71464,1.00000,42.879,2.000,-1,400.000,-1,375.000,-1,325.000,325.000,325.000,325.000,800.000,975.000,-1,-1,750.000,725.000,-1,-1,2,0,2,0,2,0,0,0,0,1,0,2,2,0,0,2,2
69,7184.197,3771.829,-21.999,35.448,0.814615,-0.579953,-0.007476,0.579962,0.814642,-0.001120,0.006740,-0.003424,0.999971,0,0.72150,0.98923,43.290,1.978,-1,400.000,-1,375.000,-1,325.000,325.000,325.000,325.000,850.000,-1,-1,-1,775.000,725.000,-1,-1,2,0,2,0,2,0,0,0,0,1,2,2,2,0,0,2,2
70,7218.900,3798.366,-21.780,37.404,0.794335,-0.607424,-0.008256,0.607438,0.794366,-0.000942,0.007130,-0.004267,0.999965,0,0.72811,0.97818,43.686,1.956,-1,400.000,-1,375.000,-1,325.000,325.000,325.000,325.000,875.000,-1,-1,-1,775.000,725.000,-1,-1,2,0,2,0,2,0,0,0,0,1,2,2,2,0,0,2,2
71,7252.983,3826.300,-21.540,39.338,0.773369,-0.633890,-0.009100,0.633911,0.773406,-0.000747,0.007511,-0.005191,0.999958,0,0.73446,0.96724,44.067,1.934,-1,400.000,-1,375.000,-1,325.000,325.000,325.000,325.000,900.000,-1,-1,-1,775.000,750.000,-1,-1,2,0,2,0,2,0,0,0,0,1,2,2,2,0,0,2,2
72,7286.389,3855.598,-21.299,41.251,0.751771,-0.659348,-0.010016,0.659378,0.751812,-0.000441,0.007821,-0.006273,0.999950,0,0.74056,0.95639,44.434,1.913,-1,400.000,-1,375.000,-1,325.000,325.000,325.000,300.000,950.000,-1,-1,-1,775.000,750.000,-1,-1,2,0,2,0,2,0,0,0,0,1,2,2,2,0,0,2,2
73,7319.067,3886.223,-21.034,43.142,0.729594,-0.683796,-0.010774,0.683836,0.729636,0.000086,0.007803,-0.007430,0.999942,0,0.74643,0.94565,44.786,1.891,-1,400.000,-1,375.000,-1,325.000,325.000,325.000,300.000,975.000,-1,-1,-1,775.000,750.000,-1,-1,2,0,2,0,2,0,0,0,0,1,2,2,2,0,0,2,2
74,7350.968,3918.138,-20.681,45.012,0.706888,-0.707236,-0.011255,0.707285,0.706928,0.000619,0.007519,-0.008398,0.999936,0,0.75207,0.93501,45.124,1.870,-1,400.000,-1,375.000,-1,325.000,325.000,325.000,300.000,-1,-1,-1,-1,775.000,750.000,-1,-1,2,0,2,0,2,0,0,0,0,2,2,2,2,0,0,2,2
75,7382.045,3951.303,-20.308,46.861,0.683698,-0.729670,-0.011814,0.729730,0.683734,0.001218,0.007189,-0.009454,0.999929,0,0.75749,0.92448,45.450,1.849,-1,400.000,-1,375.000,-1,325.000,325.000,325.000,300.000,-1,-1,-1,-1,775.000,750.000,-1,-1,2,0,2,0,2,0,0,0,0,2,2,2,2,0,0,2,2
76,7412.254,3985.676,-19.915,48.690,0.660069,-0.751102,-0.012454,0.751174,0.660102,0.001880,0.006809,-0.010596,0.999921,0,0.76270,0.91406,45.762,1.828,-1,400.000,-1,400.000,-1,325.000,325.000,300.000,300.000,-1,-1,-1,-1,775.000,775.000,-1,-1,2,0,2,0,2,0,0,0,0,2,2,2,2,0,0,2,2
77,7441.555,4021.217,-19.553,50.497,0.636046,-0.771539,-0.013129,0.771623,0.636075,0.002362,0.006529,-0.011633,0.999911,0,0.76770,0.90374,46.062,1.807,-1,400.000,-1,400.000,-1,325.000,325.000,300.000,300.000,-1,-1,-1,-1,800.000,775.000,-1,-1,2,0,2,0,2,0,0,0,0,2,2,2,2,0,0,2,2
78,7469.909,4057.882,-19.294,52.284,0.611670,-0.790994,-0.013740,0.791086,0.611701,0.002342,0.006552,-0.012302,0.999903,0,0.77249,0.89352,46.350,1.787,-1,400.000,-1,400.000,-1,325.000,325.000,300.000,300.000,-1,-1,-1,-1,800.000,775.000,-1,-1,2,0,2,0,2,0,0,0,0,2,2,2,2,0,0,2,2
79,7497.281,4095.628,-19.023,54.051,0.586985,-0.809470,-0.014384,0.809572,0.587016,0.002355,0.006537,-0.013027,0.999894,0,0.77710,0.88342,46.626,1.767,-1,400.000,-1,400.000,-1,325.000,325.000,300.000,300.000,-1,-1,-1,-1,800.000,800.000,-1,-1,2,0,2,0,2,0,0,0,0,2,2,2,2,0,0,2,2
80,7523.640,4134.410,-18.746,55.798,0.562030,-0.826980,-0.015031,0.827091,0.562062,0.002405,0.006460,-0.013783,0.999884,0,0.78153,0.87342,46.892,1.747,-1,400.000,-1,400.000,-1,325.000,325.000,300.000,300.000,-1,-1,-1,-1,800.000,800.000,-1,-1,2,0,2,0,2,0,0,0,0,2,2,2,2,0,0,2,2
81,7548.954,4174.184,-18.628,57.525,0.536857,-0.843542,-0.014889,0.843654,0.536882,0.002600,0.005801,-0.013957,0.999886,0,0.78578,0.86353,47.147,1.727,-1,400.000,-1,400.000,-1,325.000,325.000,300.000,300.000,-1,-1,-1,-1,825.000,800.000,-1,-1,2,0,2,0,2,0,0,0,0,2,2,2,2,0,0,2,2
82,7573.197,4214.905,-18.511,59.232,0.511490,-0.859163,-0.014747,0.859274,0.511507,0.002860,0.005086,-0.014135,0.999887,0,0.78985,0.85375,47.391,1.708,-1,400.000,-1,400.000,-1,325.000,325.000,300.000,300.000,-1,-1,-1,-1,825.000,800.000,-1,-1,2,0,2,0,2,0,0,0,0,2,2,2,2,0,0,2,2
83,7596.345,4256.528,-18.395,60.920,0.485965,-0.873856,-0.014611,0.873968,0.485973,0.003187,0.004315,-0.014318,0.999888,0,0.79377,0.84407,47.626,1.688,-1,400.000,-1,400.000,-1,325.000,325.000,300.000,300.000,-1,-1,-1,-1,825.000,825.000,-1,-1,2,0,2,0,2,0,0,0,0,2,2,2,2,0,0,2,2
84,7618.689,4299.212,-18.274,62.369,0.463733,-0.885857,-0.014489,0.885968,0.463733,0.003575,0.003552,-0.014495,0.999889,0,0.80299,0.72407,48.179,1.448,-1,400.000,-1,400.000,-1,325.000,325.000,300.000,300.000,-1,-1,-1,-1,825.000,825.000,-1,-1,2,0,2,0,2,0,0,0,0,2,2,2,2,0,0,2,2
85,7640.222,4342.546,-18.145,63.577,0.444960,-0.895435,-0.014378,0.895546,0.444950,0.004011,0.002806,-0.014661,0.999889,0,0.80648,0.60407,48.389,1.208,-1,400.000,-1,400.000,-1,325.000,325.000,300.000,300.000,-1,-1,-1,-1,825.000,825.000,-1,-1,2,0,2,0,2,0,0,0,0,2,2,2,2,0,0,2,2
86,7661.105,4386.417,-18.023,64.545,0.429775,-0.902822,-0.014308,0.902934,0.429756,0.004566,0.002026,-0.014882,0.999887,0,0.80979,0.48407,48.588,0.968,-1,400.000,-1,400.000,-1,325.000,325.000,300.000,300.000,-1,-1,-1,-1,825.000,850.000,-1,-1,2,0,2,0,2,0,0,0,0,2,2,2,2,0,0,2,2
87,7681.510,4430.726,-17.894,65.273,0.418277,-0.908208,-0.014245,0.908319,0.418246,0.005168,0.001264,-0.015101,0.999885,0,0.81302,0.36407,48.781,0.728,-1,400.000,-1,400.000,-1,325.000,325.000,300.000,300.000,-1,-1,-1,-1,825.000,850.000,-1,-1,2,0,2,0,2,0,0,0,0,2,2,2,2,0,0,2,2
88,7701.617,4475.384,-17.812,65.761,0.410530,-0.911732,-0.014473,0.911847,0.410491,0.005733,0.000714,-0.015551,0.999879,0,0.81627,0.24407,48.976,0.488,-1,400.000,-1,400.000,-1,325.000,325.000,300.000,300.000,-1,-1,-1,-1,825.000,875.000,-1,-1,2,0,2,0,2,0,0,0,0,2,2,2,2,0,0,2,2
89,7721.931,4521.030,-17.763,66.009,0.406584,-0.913492,-0.014874,0.913613,0.406534,0.006395,0.000205,-0.016190,0.999869,0,0.83270,0.12407,49.962,0.248,-1,400.000,-1,400.000,-1,325.000,325.000,300.000,300.000,-1,-1,-1,-1,825.000,875.000,-1,-1,2,0,2,0,2,0,0,0,0,2,2,2,2,0,0,2,2
90,7742.392,4567.026,-17.800,66.017,0.406466,-0.913534,-0.015518,0.913666,0.406397,0.007520,-0.000563,-0.017234,0.999851,0,0.83903,0.00407,50.342,0.008,-1,400.000,-1,400.000,-1,325.000,325.000,300.000,300.000,-1,-1,-1,-1,825.000,900.000,-1,-1,2,0,2,0,2,0,0,0,0,2,2,2,2,0,0,2,2
91,7763.198,4613.291,-17.835,65.786,0.410173,-0.911864,-0.016184,0.912007,0.410083,0.008717,-0.001312,-0.018335,0.999831,0,0.84548,-0.11593,50.729,-0.232,-1,400.000,-1,400.000,-1,325.000,325.000,300.000,300.000,-1,-1,-1,-1,825.000,900.000,-1,-1,2,0,2,0,2,0,0,0,0,2,2,2,2,0,0,2,2
92,7784.515,4659.668,-17.876,65.314,0.417683,-0.908437,-0.016833,0.908591,0.417569,0.009951,-0.002011,-0.019451,0.999809,0,0.85069,-0.23593,51.042,-0.472,-1,400.000,-1,400.000,-1,325.000,325.000,300.000,300.000,-1,-1,-1,-1,825.000,925.000,-1,-1,2,0,2,0,2,0,0,0,0,2,2,2,2,0,0,2,2
93,7806.514,4706.001,-18.059,64.602,0.428945,-0.903168,-0.017165,0.903328,0.428818,0.010651,-0.002259,-0.020075,0.999796,0,0.85483,-0.35593,51.290,-0.712,-1,400.000,-1,425.000,-1,325.000,325.000,300.000,300.000,-1,-1,-1,-1,825.000,950.000,-1,-1,2,0,2,0,2,0,0,0,0,2,2,2,2,0,0,2,2
94,7829.289,4752.237,-18.319,63.776,0.441934,-0.896884,-0.017095,0.897043,0.441793,0.011507,-0.002768,-0.020421,0.999788,0,0.85902,-0.41309,51.541,-0.826,-1,400.000,-1,425.000,-1,325.000,325.000,300.000,325.000,-1,-1,-1,-1,850.000,950.000,-1,-1,2,0,2,0,2,0,0,0,0,2,2,2,2,0,0,2,2
95,7852.850,4798.363,-18.827,62.942,0.454956,-0.890374,-0.015803,0.890504,0.454798,0.012664,-0.004088,-0.019834,0.999795,0,0.86324,-0.41674,51.794,-0.833,-1,400.000,-1,425.000,-1,325.000,325.000,300.000,300.000,-1,-1,-1,-1,825.000,950.000,-1,-1,2,0,2,0,2,0,0,0,0,2,2,2,2,0,0,2,2
96,7877.203,4844.360,-19.386,62.101,0.467995,-0.883617,-0.014205,0.883713,0.467823,0.013893,-0.005630,-0.019055,0.999803,0,0.86744,-0.42044,52.047,-0.841,-1,400.000,-1,425.000,-1,325.000,325.000,300.000,300.000,-1,-1,-1,-1,825.000,950.000,-1,-1,2,0,2,0,2,0,0,0,0,2,2,2,2,0,0,2,2
97,7902.355,4890.213,-19.956,61.253,0.481046,-0.876606,-0.012481,0.876665,0.480863,0.015151,-0.007280,-0.018231,0.999807,0,0.87163,-0.42420,52.298,-0.848,-1,400.000,-1,425.000,-1,325.000,325.000,300.000,300.000,-1,-1,-1,-1,825.000,950.000,-1,-1,2,0,2,0,2,0,0,0,0,2,2,2,2,0,0,2,2
98,7928.314,4935.901,-20.537,60.397,0.494104,-0.869338,-0.010625,0.869356,0.493914,0.016436,-0.009040,-0.017358,0.999808,0,0.87580,-0.42802,52.548,-0.856,-1,400.000,-1,425.000,1000.000,325.000,325.000,300.000,300.000,-1,-1,-1,-1,825.000,950.000,-1,-1,2,0,2,0,1,0,0,0,0,2,2,2,2,0,1,2,2
99,7955.083,4981.407,-21.152,59.533,0.507165,-0.861805,-0.008745,0.861781,0.506971,0.017726,-0.010843,-0.016527,0.999805,0,0.87993,-0.43193,52.796,-0.864,-1,400.000,-1,425.000,950.000,325.000,325.000,300.000,300.000,-1,-1,-1,-1,825.000,900.000,-1,-1,2,0,2,0,1,0,0,0,0,2,2,2,2,0,1,2,2
100,7982.670,5026.710,-21.794,58.661,0.520225,-0.854002,-0.006798,0.853935,0.520032,0.019029,-0.012715,-0.015705,0.999796,0,0.88402,-0.43591,53.041,-0.872,-1,400.000,-1,425.000,900.000,325.000,325.000,300.000,300.000,-1,-1,-1,-1,825.000,875.000,-1,-1,2,0,2,0,1,0,0,0,0,2,2,2,2,0,1,2,2
101,8011.079,5071.789,-22.514,57.781,0.533281,-0.845923,-0.005052,0.845814,0.533091,0.020311,-0.014489,-0.015105,0.999781,0,0.88806,-0.43999,53.284,-0.880,-1,400.000,-1,425.000,850.000,325.000,325.000,300.000,300.000,-1,-1,-1,-1,825.000,850.000,-1,-1,2,0,2,0,1,0,0,0,0,2,2,2,2,0,1,2,2
102,8040.313,5116.623,-23.322,56.893,0.546333,-0.837561,-0.003548,0.837413,0.546145,0.021581,-0.016138,-0.014761,0.999761,0,0.89204,-0.44417,53.522,-0.888,-1,400.000,-1,425.000,800.000,325.000,325.000,300.000,300.000,-1,-1,-1,-1,825.000,800.000,-1,975.000,2,0,2,0,1,0,0,0,0,2,2,2,2,0,1,2,1
103,8070.376,5161.187,-24.168,55.996,0.559375,-0.828912,-0.001991,0.828722,0.559191,0.022922,-0.017887,-0.014472,0.999735,0,0.89594,-0.44846,53.757,-0.897,-1,400.000,-1,425.000,750.000,325.000,325.000,300.000,300.000,-1,-1,-1,-1,825.000,775.000,-1,900.000,2,0,2,0,1,0,0,0,0,2,2,2,2,0,1,2,1
104,8101.271,5205.458,-25.101,55.090,0.572407,-0.819969,-0.000450,0.819728,0.572225,0.024574,-0.019892,-0.014435,0.999698,0,0.89976,-0.45289,53.985,-0.906,-1,400.000,-1,425.000,700.000,325.000,325.000,300.000,300.000,-1,-1,-1,-1,825.000,725.000,-1,825.000,2,0,2,0,1,0,0,0,0,2,2,2,2,0,1,2,1
105,8133.000,5249.411,-26.060,54.175,0.585422,-0.810728,0.001175,0.810432,0.585245,0.026238,-0.021959,-0.014408,0.999655,0,0.90346,-0.45746,54.208,-0.915,-1,400.000,-1,425.000,650.000,325.000,325.000,300.000,300.000,-1,-1,-1,-1,825.000,700.000,-1,775.000,2,0,2,0,1,0,0,0,0,2,2,2,2,0,1,2,1
106,8165.561,5293.018,-27.047,53.251,0.598415,-0.801181,0.002884,0.800824,0.598249,0.027911,-0.024087,-0.014392,0.999606,0,0.90705,-0.46219,54.423,-0.924,-1,400.000,-1,425.000,600.000,325.000,325.000,300.000,300.000,-1,-1,-1,-1,825.000,675.000,-1,700.000,2,0,2,0,1,0,0,0,0,2,2,2,2,0,1,2,1
107,8198.956,5336.252,-28.135,52.317,0.611379,-0.791324,0.004760,0.790909,0.611234,0.029257,-0.026061,-0.014123,0.999561,0,0.91048,-0.46710,54.629,-0.934,-1,400.000,-1,425.000,550.000,325.000,350.000,300.000,300.000,-1,-1,-1,-1,825.000,625.000,-1,650.000,2,0,2,0,1,0,0,0,0,2,2,2,2,0,1,2,1
108,8233.181,5379.082,-29.764,51.372,0.624308,-0.781149,0.006821,0.780685,0.624199,0.030113,-0.027780,-0.013474,0.999523,0,0.91375,-0.47220,54.825,-0.944,-1,400.000,-1,425.000,500.000,325.000,350.000,300.000,300.000,-1,-1,-1,-1,825.000,600.000,-1,600.000,2,0,2,0,1,0,0,0,0,2,2,2,2,0,1,2,1
109,8268.233,5421.479,-31.576,50.417,0.637211,-0.770639,0.008839,0.770110,0.637135,0.031445,-0.029865,-0.013230,0.999466,0,0.91683,-0.47753,55.010,-0.955,-1,400.000,-1,425.000,450.000,325.000,325.000,300.000,300.000,-1,-1,-1,-1,825.000,550.000,-1,525.000,2,0,2,1,1,0,0,0,0,2,2,2,2,0,1,2,1
110,8304.106,5463.408,-33.447,49.451,0.650079,-0.759788,0.010939,0.759193,0.650041,0.032735,-0.031982,-0.012975,0.999404,0,0.91968,-0.48309,55.181,-0.966,-1,400.000,-1,400.000,400.000,325.000,325.000,300.000,300.000,-1,-1,-1,-1,800.000,525.000,-1,475.000,2,0,2,1,1,0,0,0,0,2,2,2,2,0,1,2,1
111,8340.793,5504.836,-35.385,48.473,0.662907,-0.748587,0.013148,0.747923,0.662916,0.033972,-0.034147,-0.012687,0.999336,0,0.92228,-0.48892,55.337,-0.978,-1,400.000,-1,375.000,350.000,325.000,325.000,300.000,300.000,-1,-1,-1,-1,800.000,500.000,-1,425.000,2,0,2,1,1,0,0,0,0,2,2,2,2,0,1,2,1
112,8374.782,5542.236,-37.213,47.735,0.672442,-0.739992,0.015280,0.739264,0.672504,0.035023,-0.036193,-0.012255,0.999270,0,0.84228,-0.36892,50.537,-0.738,-1,400.000,1000.000,350.000,325.000,325.000,325.000,300.000,300.000,-1,-1,-1,-1,800.000,450.000,-1,375.000,2,0,1,1,1,0,0,0,0,2,2,2,2,0,1,2,1
113,8407.907,5578.055,-39.021,47.238,0.678791,-0.734126,0.017371,0.733337,0.678913,0.035964,-0.038196,-0.011674,0.999202,0,0.81314,-0.24892,48.789,-0.498,-1,400.000,925.000,325.000,275.000,325.000,325.000,300.000,300.000,-1,-1,-1,-1,775.000,425.000,-1,325.000,2,0,1,1,1,0,1,0,0,2,2,2,2,1,1,2,1
114,8441.221,5613.754,-40.875,46.980,0.682025,-0.731070,0.019486,0.730222,0.682216,0.036843,-0.040228,-0.010899,0.999131,0,0.81380,-0.12892,48.828,-0.258,-1,400.000,875.000,300.000,250.000,325.000,300.000,300.000,300.000,-1,-1,-1,-1,725.000,400.000,-1,275.000,2,0,1,1,1,0,1,0,0,2,2,2,2,1,1,2,1
115,8474.532,5649.430,-41.015,46.962,0.682473,-0.730798,0.012877,0.729983,0.682388,0.038355,-0.036817,-0.016776,0.999181,0,0.81351,-0.00892,48.810,-0.018,-1,425.000,850.000,300.000,225.000,350.000,300.000,300.000,300.000,-1,-1,-1,-1,700.000,375.000,-1,250.000,2,0,1,1,1,1,1,0,1,2,2,2,2,1,1,2,1
116,8507.645,5685.175,-40.103,47.184,0.679925,-0.733281,0.000902,0.732665,0.679404,0.040164,-0.030064,-0.026647,0.999193,0,0.81210,0.11108,48.726,0.222,-1,425.000,850.000,300.000,225.000,350.000,275.000,275.000,300.000,-1,-1,-1,-1,675.000,375.000,-1,250.000,2,0,1,1,1,1,1,0,1,2,2,2,2,1,1,2,1
117,8540.479,5720.958,-39.257,47.457,0.676586,-0.736282,-0.010968,0.735992,0.675698,0.041811,-0.023374,-0.036361,0.999065,0,0.80942,0.13640,48.565,0.273,-1,450.000,850.000,275.000,225.000,325.000,275.000,275.000,300.000,-1,-1,-1,-1,675.000,375.000,-1,250.000,2,1,1,1,1,1,1,0,1,2,2,2,2,1,1,2,1
118,8573.008,5756.725,-38.469,47.708,0.673379,-0.738947,-0.022765,0.739108,0.672192,0.043332,-0.016718,-0.046005,0.998801,0,0.80578,0.12575,48.347,0.252,-1,425.000,850.000,275.000,225.000,325.000,275.000,275.000,300.000,-1,-1,-1,-1,650.000,375.000,-1,250.000,2,1,1,1,1,1,1,0,1,2,2,2,2,1,1,2,1
119,8605.213,5792.422,-37.737,47.938,0.670319,-0.741271,-0.034485,0.742004,0.668900,0.044744,-0.010101,-0.055581,0.998403,0,0.80130,0.11474,48.078,0.229,-1,425.000,850.000,275.000,200.000,325.000,275.000,275.000,275.000,-1,-1,-1,-1,650.000,375.000,-1,225.000,2,1,1,1,1,1,1,0,1,2,2,2,2,1,1,2,1
120,8637.075,5827.999,-37.152,48.145,0.667381,-0.743235,-0.046945,0.744712,0.665821,0.045681,-0.002694,-0.065447,0.997852,0,0.79598,0.10341,47.759,0.207,-1,400.000,850.000,275.000,200.000,325.000,275.000,250.000,275.000,-1,175.000,475.000,-1,625.000,375.000,-1,225.000,2,1,1,1,1,1,1,0,1,2,0,0,2,1,1,2,1
121,8672.162,5867.131,-36.498,48.112,0.667318,-0.742259,-0.061131,0.744747,0.665722,0.046533,0.006157,-0.076580,0.997044,0,0.87598,-0.01659,52.559,-0.033,-1,400.000,850.000,275.000,200.000,300.000,275.000,250.000,275.000,1000.000,125.000,325.000,-1,600.000,375.000,-1,225.000,2,1,1,1,1,1,1,0,1,0,0,0,2,1,1,2,1
122,8710.655,5909.656,-35.771,47.838,0.670072,-0.738308,-0.076849,0.742122,0.668558,0.047806,0.016082,-0.089065,0.995896,0,0.95598,-0.13659,57.359,-0.273,-1,375.000,850.000,275.000,200.000,300.000,250.000,250.000,250.000,700.000,100.000,275.000,-1,575.000,375.000,-1,225.000,2,1,1,1,1,1,1,0,1,0,0,0,2,1,1,2,1
123,8751.316,5953.778,-34.982,47.325,0.675563,-0.731338,-0.093590,0.736816,0.674266,0.049676,0.026774,-0.102518,0.994371,0,1.00000,-0.25659,60.000,-0.513,-1,350.000,-1,275.000,200.000,275.000,250.000,250.000,250.000,525.000,75.000,250.000,-1,550.000,375.000,-1,225.000,2,1,2,1,1,1,1,0,1,0,0,0,2,1,1,2,1
124,8792.553,5997.364,-34.164,46.572,0.683723,-0.721302,-0.110669,0.728760,0.682770,0.052283,0.037849,-0.116398,0.992481,0,1.00000,-0.37659,60.000,-0.753,-1,350.000,-1,250.000,200.000,275.000,250.000,250.000,250.000,400.000,50.000,225.000,-1,525.000,375.000,-1,225.000,2,1,2,1,1,1,1,0,1,0,0,0,2,1,1,2,1
125,8834.545,6040.225,-32.138,45.579,0.694109,-0.708531,-0.127267,0.717907,0.694360,0.049736,0.053129,-0.125888,0.990621,0,1.00000,-0.49659,60.000,-0.993,-1,325.000,-1,250.000,200.000,250.000,225.000,250.000,250.000,325.000,50.000,200.000,-1,500.000,375.000,-1,225.000,2,1,2,1,1,1,1,0,1,0,0,0,2,1,1,2,1
126,1639.625,7543.798,-115.574,20.931,0.939718,-0.341944,-0.002140,0.326018,0.894026,0.307295,-0.103164,-0.289468,0.951612,1,0.00000,0.00000,60.000,-1.215,425.000,225.000,525.000,225.000,-1,175.000,175.000,725.000,1000.000,650.000,0.000,0.000,-1,300.000,400.000,325.000,-1,1,1,0,1,2,1,1,1,0,1,0,0,2,1,0,1,2
127,2294.045,-7547.701,-322.798,69.050,0.357719,-0.933826,0.002348,0.933045,0.357520,0.040070,-0.038258,-0.012143,0.999194,1,-0.08000,-0.12000,-4.800,-0.240,500.000,375.000,750.000,400.000,-1,325.000,325.000,325.000,325.000,-1,-1,-1,-1,450.000,625.000,475.000,1000.000,1,1,1,0,2,0,0,0,0,2,2,2,2,1,1,1,1
128,2290.538,-7556.637,-322.437,68.570,0.365539,-0.930793,0.002267,0.930009,0.365329,0.040227,-0.038271,-0.012597,0.999188,0,-0.16000,-0.24000,-9.600,-0.480,525.000,375.000,750.000,400.000,-1,325.000,325.000,300.000,325.000,-1,-1,-1,-1,450.000,625.000,475.000,-1,1,1,1,0,2,0,0,0,0,2,2,2,2,1,1,1,2
129,2285.108,-7569.974,-321.899,67.850,0.377221,-0.926121,0.002145,0.925332,0.376993,0.040461,-0.038281,-0.013278,0.999179,0,-0.24000,-0.36000,-14.400,-0.720,525.000,375.000,775.000,400.000,-1,325.000,325.000,300.000,325.000,-1,-1,-1,-1,475.000,650.000,475.000,-1,1,0,1,0,2,0,0,0,0,2,2,2,2,1,1,1,2
130,2277.572,-7587.633,-321.188,66.890,0.392703,-0.919663,0.001986,0.918868,0.392452,0.040771,-0.038275,-0.014186,0.999167,0,-0.32000,-0.48000,-19.200,-0.960,525.000,375.000,800.000,400.000,-1,325.000,325.000,300.000,300.000,-1,-1,-1,-1,475.000,675.000,500.000,-1,1,0,1,0,2,0,0,0,0,2,2,2,2,1,1,1,2
131,2267.692,-7609.505,-320.310,65.690,0.411900,-0.911227,0.001790,0.910426,0.411619,0.041154,-0.038238,-0.015322,0.999151,0,-0.40000,-0.60000,-24.000,-1.200,550.000,375.000,850.000,400.000,-1,325.000,325.000,300.000,300.000,-1,-1,-1,-1,500.000,700.000,525.000,-1,1,0,1,0,2,0,0,0,0,2,2,2,2,1,1,1,2
132,2257.002,-7631.856,-319.416,64.439,0.431732,-0.902001,0.001594,0.901194,0.431419,0.041544,-0.038160,-0.016500,0.999135,0,-0.41293,-0.62590,-24.776,-1.252,550.000,375.000,875.000,400.000,-1,325.000,325.000,300.000,300.000,-1,-1,-1,-1,525.000,750.000,525.000,-1,1,0,1,0,2,0,0,0,0,2,2,2,2,1,1,1,2
133,2245.736,-7654.146,-318.526,63.187,0.451347,-0.892348,0.001402,0.891537,0.451002,0.041932,-0.038050,-0.017676,0.999120,0,-0.41626,-0.62557,-24.976,-1.251,575.000,375.000,925.000,400.000,-1,325.000,325.000,300.000,300.000,-1,-1,-1,-1,550.000,775.000,550.000,-1,1,0,1,0,2,0,0,0,0,2,2,2,2,1,1,1,2
134,2233.892,-7676.361,-317.643,61.937,0.470738,-0.882272,0.001213,0.881458,0.470362,0.042316,-0.037905,-0.018850,0.999104,0,-0.41958,-0.62535,-25.175,-1.251,600.000,375.000,975.000,400.000,-1,325.000,325.000,300.000,300.000,-1,-1,-1,-1,550.000,800.000,575.000,-1,1,0,1,0,2,0,0,0,0,2,2,2,2,1,0,1,2
135,2221.469,-7698.485,-316.835,60.686,0.489893,-0.871782,0.001148,0.870974,0.489495,0.042402,-0.037527,-0.019773,0.999100,0,-0.42288,-0.62523,-25.373,-1.250,600.000,375.000,-1,400.000,-1,325.000,325.000,300.000,300.000,-1,-1,-1,-1,575.000,800.000,600.000,-1,1,0,2,0,2,0,0,0,0,2,2,2,2,1,0,1,2
136,2208.467,-7720.502,-315.967,59.436,0.508822,-0.860872,0.000713,0.860084,0.508391,0.042359,-0.036828,-0.020940,0.999102,0,-0.42616,-0.62522,-25.570,-1.250,625.000,375.000,-1,400.000,-1,325.000,325.000,300.000,300.000,-1,-1,1000.000,-1,600.000,800.000,600.000,-1,1,0,2,0,2,0,0,0,0,2,2,1,2,1,0,1,2
137,2194.884,-7742.395,-315.079,58.185,0.527512,-0.849548,0.000127,0.848784,0.527044,0.042310,-0.036011,-0.022211,0.999105,0,-0.42941,-0.62530,-25.765,-1.251,650.000,375.000,-1,400.000,-1,325.000,325.000,300.000,300.000,-1,-1,1000.000,-1,625.000,800.000,625.000,-1,1,0,2,0,2,0,0,0,0,2,2,1,2,1,0,1,2
138,2180.721,-7764.149,-314.203,56.934,0.545955,-0.837815,-0.000463,0.837076,0.545450,0.042277,-0.035167,-0.023469,0.999106,0,-0.43263,-0.62548,-25.958,-1.251,650.000,375.000,-1,400.000,-1,325.000,325.000,300.000,300.000,-1,-1,1000.000,-1,650.000,800.000,650.000,-1,1,0,2,0,2,0,0,0,0,2,2,1,2,1,0,1,2
139,2165.978,-7785.746,-313.338,55.683,0.564143,-0.825677,-0.001057,0.824965,0.563602,0.042260,-0.034297,-0.024712,0.999106,0,-0.43583,-0.62576,-26.150,-1.252,675.000,375.000,-1,400.000,-1,325.000,325.000,300.000,300.000,-1,-1,975.000,-1,650.000,825.000,675.000,-1,1,0,2,0,2,0,0,0,0,2,2,1,2,1,0,1,2
140,2150.657,-7807.171,-312.456,54.431,0.582073,-0.813135,-0.001691,0.812447,0.581492,0.042396,-0.033490,-0.026051,0.999099,0,-0.43899,-0.62613,-26.339,-1.252,700.000,375.000,-1,400.000,-1,325.000,325.000,300.000,300.000,-1,-1,975.000,-1,675.000,825.000,700.000,-1,1,0,2,0,2,0,0,0,0,2,2,1,2,1,0,1,2
141,2134.757,-7828.405,-311.563,53.177,0.599738,-0.800193,-0.002349,0.799526,0.599114,0.042663,-0.032731,-0.027465,0.999087,0,-0.44212,-0.62659,-26.527,-1.253,725.000,375.000,-1,400.000,-1,325.000,325.000,300.000,300.000,-1,-1,975.000,-1,700.000,825.000,750.000,-1,1,0,2,0,2,0,0,0,0,2,2,1,2,1,0,1,2
142,2118.283,-7849.433,-310.692,51.923,0.617129,-0.786856,-0.002987,0.786214,0.616462,0.042917,-0.031928,-0.028834,0.999074,0,-0.44522,-0.62713,-26.713,-1.254,725.000,375.000,-1,400.000,-1,325.000,325.000,300.000,300.000,-1,-1,975.000,-1,725.000,825.000,775.000,-1,1,0,2,0,2,0,0,0,0,2,2,1,2,1,0,1,2
143,2101.235,-7870.236,-309.844,50.668,0.634237,-0.773130,-0.003605,0.772513,0.633530,0.043155,-0.031081,-0.030155,0.999062,0,-0.44828,-0.62776,-26.897,-1.256,750.000,375.000,-1,400.000,-1,325.000,325.000,300.000,300.000,-1,-1,975.000,-1,750.000,825.000,800.000,-1,1,0,2,0,2,0,0,0,0,2,2,1,2,1,0,1,2
144,2083.617,-7890.799,-309.020,49.411,0.651057,-0.759017,-0.004203,0.758428,0.650312,0.043376,-0.030190,-0.031427,0.999050,0,-0.45130,-0.62848,-27.078,-1.257,775.000,375.000,-1,400.000,-1,325.000,325.000,300.000,300.000,-1,-1,950.000,950.000,750.000,825.000,825.000,-1,1,0,2,0,2,0,0,0,0,2,2,1,1,0,0,1,2
145,2065.432,-7911.103,-308.220,48.152,0.667582,-0.744521,-0.004782,0.743962,0.666800,0.043578,-0.029256,-0.032649,0.999039,0,-0.45428,-0.62927,-27.257,-1.259,800.000,375.000,-1,400.000,-1,325.000,325.000,300.000,300.000,-1,-1,950.000,875.000,750.000,850.000,850.000,-1,1,0,2,0,2,0,0,0,0,2,2,1,1,0,0,1,2
146,2043.427,-7934.415,-307.417,46.654,0.686838,-0.726786,-0.005922,0.726279,0.686002,0.043825,-0.027789,-0.034402,0.999022,0,-0.53428,-0.74927,-32.057,-1.499,825.000,375.000,-1,400.000,-1,325.000,325.000,300.000,300.000,-1,-1,950.000,825.000,750.000,850.000,900.000,-1,1,0,2,0,2,0,0,0,0,2,2,1,1,0,0,1,2
147,2018.964,-7958.987,-306.686,45.129,0.705949,-0.708222,-0.007593,0.707789,0.705043,0.044145,-0.025911,-0.036538,0.998996,0,-0.57789,-0.76233,-34.674,-1.525,850.000,400.000,-1,400.000,-1,325.000,325.000,300.000,300.000,-1,-1,950.000,775.000,750.000,850.000,950.000,-1,1,0,2,0,2,0,0,0,0,2,2,1,1,0,0,1,2
148,1993.768,-7982.975,-305.962,43.595,0.724663,-0.689042,-0.009220,0.688691,0.723702,0.044268,-0.023830,-0.038429,0.998977,0,-0.57982,-0.76714,-34.789,-1.534,875.000,400.000,-1,400.000,-1,325.000,325.000,300.000,300.000,-1,-1,950.000,725.000,750.000,875.000,1000.000,-1,1,0,2,0,2,0,0,0,0,2,2,1,1,0,0,1,2
149,1967.865,-8006.339,-305.280,42.051,0.742960,-0.669249,-0.010829,0.668986,0.741950,0.044364,-0.021656,-0.040205,0.998957,0,-0.58138,-0.77186,-34.883,-1.544,900.000,400.000,-1,400.000,-1,325.000,325.000,300.000,300.000,-1,-1,950.000,675.000,775.000,875.000,-1,-1,1,0,2,0,2,0,0,0,0,2,2,1,1,0,0,2,2
150,1941.285,-8029.037,-304.651,40.498,0.760815,-0.648850,-0.012425,0.648678,0.759761,0.044490,-0.019427,-0.041908,0.998933,0,-0.58255,-0.77646,-34.953,-1.553,925.000,400.000,-1,425.000,-1,325.000,325.000,300.000,300.000,-1,-1,950.000,650.000,775.000,875.000,-1,-1,1,0,2,0,2,0,0,0,0,2,2,1,1,0,0,2,2
151,1914.063,-8051.030,-304.076,38.936,0.778203,-0.627857,-0.014007,0.627779,0.777110,0.044646,-0.017146,-0.043537,0.998905,0,-0.58328,-0.78094,-34.997,-1.562,975.000,400.000,-1,425.000,-1,325.000,325.000,300.000,300.000,-1,-1,950.000,625.000,775.000,875.000,-1,-1,1,0,2,0,2,0,0,0,0,2,2,1,1,0,0,2,2
152,1886.235,-8072.279,-303.565,37.366,0.795098,-0.606282,-0.015526,0.606299,0.793973,0.044824,-0.014849,-0.045053,0.998874,0,-0.58355,-0.78527,-35.013,-1.571,1000.000,400.000,-1,425.000,-1,325.000,325.000,300.000,300.000,-1,-1,975.000,600.000,775.000,875.000,-1,-1,1,0,2,0,2,0,0,0,0,2,2,1,1,0,0,2,2
153,1857.844,-8092.745,-303.209,35.787,0.811479,-0.584146,-0.016570,0.584241,0.810337,0.044909,-0.012806,-0.046123,0.998854,0,-0.58332,-0.78944,-34.999,-1.579,-1,400.000,-1,425.000,-1,325.000,325.000,300.000,300.000,-1,-1,975.000,575.000,775.000,875.000,-1,-1,2,0,2,0,2,0,0,0,0,2,2,1,1,0,0,2,2
154,1828.933,-8112.392,-302.908,34.200,0.827320,-0.561455,-0.017609,0.561629,0.826164,0.045006,-0.010721,-0.047124,0.998832,0,-0.58258,-0.79345,-34.955,-1.587,-1,400.000,-1,425.000,-1,325.000,325.000,300.000,300.000,-1,-1,975.000,550.000,800.000,875.000,-1,-1,2,0,2,0,2,0,0,0,0,2,2,1,1,0,0,2,2
155,1799.553,-8131.185,-302.660,32.605,0.842595,-0.538225,-0.018641,0.538479,0.841430,0.045120,-0.008600,-0.048056,0.998808,0,-0.58129,-0.79726,-34.877,-1.595,-1,400.000,-1,425.000,-1,325.000,325.000,300.000,300.000,-1,-1,1000.000,525.000,800.000,875.000,-1,-1,2,0,2,0,2,0,0,0,0,2,2,1,1,0,0,2,2
156,1773.840,-8146.788,-302.541,31.251,0.855053,-0.518171,-0.019563,0.518498,0.853895,0.044976,-0.006601,-0.048600,0.998796,0,-0.50129,-0.67726,-30.077,-1.355,-1,400.000,-1,425.000,-1,325.000,325.000,300.000,300.000,-1,-1,-1,525.000,800.000,875.000,-1,-1,2,0,2,0,2,0,0,0,0,2,2,2,1,0,0,2,2
157,1751.980,-8159.479,-302.522,30.136,0.864938,-0.501459,-0.020508,0.501857,0.863803,0.044545,-0.004622,-0.048821,0.998797,0,-0.42129,-0.55726,-25.277,-1.115,-1,400.000,-1,425.000,-1,325.000,325.000,300.000,300.000,-1,-1,-1,525.000,800.000,875.000,-1,-1,2,0,2,0,2,0,0,0,0,2,2,2,1,0,0,2,2
158,1734.116,-8169.488,-302.497,29.262,0.872464,-0.488211,-0.021380,0.488669,0.871345,0.044265,-0.002981,-0.049067,0.998791,0,-0.34129,-0.43726,-20.477,-0.875,-1,400.000,-1,425.000,-1,325.000,325.000,300.000,300.000,-1,-1,-1,500.000,825.000,875.000,-1,-1,2,0,2,0,2,0,0,0,0,2,2,2,1,0,0,2,2
159,1720.355,-8176.999,-302.488,28.627,0.877796,-0.478527,-0.022039,0.479031,0.876691,0.044064,-0.001764,-0.049237,0.998786,0,-0.26129,-0.31726,-15.677,-0.635,-1,400.000,-1,425.000,-1,325.000,325.000,300.000,300.000,-1,-1,-1,500.000,825.000,900.000,-1,-1,2,0,2,0,2,0,0,0,0,2,2,2,1,0,0,2,2
160,1710.772,-8182.144,-302.485,28.233,0.881056,-0.472477,-0.022490,0.473011,0.879961,0.043929,-0.000965,-0.049342,0.998781,0,-0.18129,-0.19726,-10.877,-0.395,-1,400.000,-1,425.000,-1,325.000,325.000,300.000,300.000,-1,-1,-1,500.000,825.000,900.000,-1,-1,2,0,2,0,2,0,0,0,0,2,2,2,1,0,0,2,2
161,1705.410,-8185.005,-302.484,28.078,0.882320,-0.470101,-0.022738,0.470650,0.881229,0.043852,-0.000578,-0.049394,0.998779,0,-0.10129,-0.07726,-6.077,-0.155,-1,400.000,-1,425.000,-1,325.000,325.000,300.000,300.000,-1,-1,-1,500.000,825.000,900.000,-1,-1,2,0,2,0,2,0,0,0,0,2,2,2,1,0,0,2,2
162,1704.283,-8185.606,-302.484,28.062,0.882452,-0.469850,-0.022789,0.470402,0.881363,0.043835,-0.000510,-0.049403,0.998779,0,-0.02129,-0.00817,-1.277,-0.016,-1,400.000,-1,425.000,-1,325.000,325.000,300.000,300.000,-1,-1,-1,500.000,825.000,900.000,-1,-1,2,0,2,0,2,0,0,0,0,2,2,2,1,0,0,2,2
163,1707.392,-8183.949,-302.486,28.045,0.882591,-0.469596,-0.022650,0.470141,0.881500,0.043886,-0.000643,-0.049383,0.998780,0,0.05871,-0.00827,3.523,-0.017,-1,400.000,-1,425.000,-1,325.000,325.000,300.000,300.000,-1,-1,-1,500.000,825.000,900.000,-1,-1,2,0,2,0,2,0,0,0,0,2,2,2,1,0,0,2,2
164,1714.738,-8180.038,-302.491,28.029,0.882729,-0.469351,-0.022320,0.469881,0.881632,0.044006,-0.000976,-0.049333,0.998782,0,0.13871,-0.00798,8.323,-0.016,-1,400.000,-1,425.000,-1,325.000,325.000,300.000,300.000,-1,-1,-1,500.000,825.000,900.000,-1,-1,2,0,2,0,2,0,0,0,0,2,2,2,1,0,0,2,2
165,1726.323,-8173.875,-302.499,28.015,0.882861,-0.469129,-0.021793,0.469632,0.881755,0.044194,-0.001516,-0.049252,0.998785,0,0.21871,-0.00729,13.123,-0.015,-1,400.000,-1,425.000,-1,325.000,325.000,300.000,300.000,-1,-1,-1,500.000,825.000,875.000,-1,-1,2,0,2,0,2,0,0,0,0,2,2,2,1,0,0,2,2
166,1742.148,-8165.460,-302.511,28.002,0.882978,-0.468941,-0.021064,0.469409,0.881861,0.044452,-0.002269,-0.049138,0.998789,0,0.29871,-0.00618,17.923,-0.012,-1,400.000,-1,425.000,-1,325.000,325.000,300.000,300.000,-1,-1,-1,525.000,825.000,875.000,-1,-1,2,0,2,0,2,0,0,0,0,2,2,2,1,0,0,2,2
167,1762.212,-8154.794,-302.526,27.993,0.883074,-0.468802,-0.020125,0.469222,0.881944,0.044781,-0.003244,-0.048988,0.998794,0,0.37871,-0.00464,22.723,-0.009,-1,400.000,-1,425.000,-1,325.000,325.000,300.000,300.000,-1,-1,-1,525.000,825.000,875.000,-1,-1,2,0,2,0,2,0,0,0,0,2,2,2,1,0,0,2,2
168,1786.516,-8141.878,-302.547,27.988,0.883141,-0.468724,-0.018964,0.469087,0.881996,0.045183,-0.004452,-0.048798,0.998799,0,0.45871,-0.00266,27.523,-0.005,-1,400.000,-1,425.000,-1,325.000,325.000,300.000,300.000,-1,-1,-1,550.000,800.000,875.000,-1,-1,2,0,2,0,2,0,0,0,0,2,2,2,1,0,0,2,2
169,1815.059,-8126.710,-302.583,27.987,0.883167,-0.468725,-0.017714,0.469024,0.882010,0.045543,-0.005723,-0.048531,0.998805,0,0.53871,-0.00019,32.323,-0.000,-1,400.000,-1,425.000,-1,325.000,325.000,300.000,300.000,-1,-1,-1,550.000,800.000,875.000,-1,-1,2,0,2,0,2,0,0,0,0,2,2,2,1,0,0,2,2
170,1847.838,-8109.286,-302.721,27.993,0.883138,-0.468825,-0.016463,0.469065,0.881993,0.045459,-0.006792,-0.047869,0.998831,0,0.61871,0.00278,37.123,0.006,-1,400.000,-1,425.000,-1,325.000,325.000,300.000,300.000,-1,-1,-1,575.000,800.000,875.000,-1,-1,2,0,2,0,2,0,0,0,0,2,2,2,1,0,0,2,2
171,1884.852,-8089.601,-302.888,28.006,0.883051,-0.469036,-0.015042,0.469209,0.881923,0.045322,-0.007991,-0.047079,0.998859,0,0.69871,0.00629,41.923,0.013,-1,400.000,-1,425.000,-1,325.000,325.000,300.000,300.000,-1,-1,-1,600.000,800.000,875.000,-1,-1,2,0,2,0,2,0,0,0,0,2,2,2,1,0,0,2,2
172,1926.096,-8067.648,-303.211,28.026,0.882899,-0.469386,-0.012914,0.469464,0.881810,0.044886,-0.009681,-0.045693,0.998909,0,0.77871,0.01038,46.723,0.021,-1,400.000,-1,425.000,-1,325.000,325.000,300.000,300.000,-1,-1,-1,625.000,800.000,875.000,-1,-1,2,0,2,0,2,0,0,0,0,2,2,2,1,0,0,2,2
173,1963.178,-8048.092,-303.538,27.807,0.884699,-0.466037,-0.010832,0.466031,0.883655,0.044379,-0.011111,-0.044310,0.998956,0,0.69871,-0.10962,41.923,-0.219,-1,400.000,-1,400.000,-1,325.000,325.000,300.000,300.000,-1,-1,-1,650.000,800.000,875.000,-1,-1,2,0,2,0,2,0,0,0,0,2,2,2,1,0,0,2,2
174,1996.152,-8031.038,-303.824,27.348,0.888409,-0.458965,-0.008956,0.458890,0.887410,0.043858,-0.012182,-0.043074,0.998998,0,0.61871,-0.22962,37.123,-0.459,-1,400.000,-1,400.000,-1,325.000,325.000,300.000,300.000,-1,-1,-1,675.000,800.000,850.000,-1,-1,2,0,2,0,2,0,0,0,0,2,2,2,1,0,0,2,2
175,2025.042,-8016.542,-304.059,26.649,0.893943,-0.448121,-0.007299,0.447995,0.892986,0.043323,-0.012895,-0.041998,0.999034,0,0.53871,-0.34962,32.323,-0.699,-1,400.000,-1,400.000,-1,325.000,325.000,300.000,300.000,-1,-1,-1,700.000,800.000,850.000,-1,-1,2,0,2,0,2,0,0,0,0,2,2,2,1,0,0,2,2
176,2049.841,-8004.602,-304.275,25.709,0.901164,-0.433437,-0.006043,0.433280,0.900240,0.042854,-0.013134,-0.041236,0.999063,0,0.45871,-0.46962,27.523,-0.939,-1,400.000,-1,400.000,-1,325.000,325.000,300.000,300.000,-1,-1,-1,725.000,800.000,850.000,-1,-1,2,0,2,0,2,0,0,0,0,2,2,2,1,0,0,2,2
177,2070.513,-7995.168,-304.576,24.530,0.909887,-0.414818,-0.005694,0.414667,0.908970,0.042720,-0.012546,-0.041231,0.999071,0,0.37871,-0.58962,22.723,-1.179,-1,400.000,-1,400.000,-1,325.000,325.000,300.000,300.000,-1,-1,-1,725.000,825.000,850.000,-1,-1,2,0,2,0,2,0,0,0,0,2,2,2,1,0,0,2,2
178,2086.997,-7988.134,-304.795,23.111,0.919874,-0.392176,-0.005459,0.392040,0.918963,0.042566,-0.011676,-0.041295,0.999079,0,0.29871,-0.70962,17.923,-1.419,-1,400.000,-1,400.000,-1,325.000,325.000,300.000,300.000,-1,-1,-1,750.000,825.000,850.000,-1,-1,2,0,2,0,2,0,0,0,0,2,2,2,1,0,0,2,2
179,2099.211,-7983.334,-304.971,21.452,0.930836,-0.365399,-0.005292,0.365283,0.929923,0.042570,-0.010634,-0.041559,0.999079,0,0.21871,-0.82962,13.123,-1.659,-1,400.000,-1,400.000,-1,325.000,325.000,300.000,300.000,-1,-1,-1,775.000,825.000,850.000,-1,-1,2,0,2,0,2,0,0,0,0,2,2,2,1,0,0,2,2
180,2107.044,-7980.519,-305.133,19.769,0.941155,-0.337937,-0.005127,0.337837,0.940229,0.042850,-0.009660,-0.042061,0.999068,0,0.13871,-0.84108,8.323,-1.682,-1,400.000,-1,400.000,-1,325.000,325.000,300.000,300.000,-1,-1,-1,800.000,825.000,850.000,-1,-1,2,0,2,0,2,0,0,0,0,2,2,2,1,0,0,2,2
181,2110.393,-7979.425,-305.218,18.089,0.950654,-0.310212,-0.005074,0.310136,0.949718,0.043038,-0.008532,-0.042488,0.999061,0,0.05871,-0.84027,3.523,-1.681,-1,400.000,-1,400.000,-1,325.000,325.000,300.000,300.000,-1,-1,-1,800.000,825.000,825.000,-1,-1,2,0,2,0,2,0,0,0,0,2,2,2,1,0,0,2,2
182,2109.168,-7979.786,-305.239,16.409,0.959332,-0.282233,-0.005136,0.282186,0.958389,0.043140,-0.007253,-0.042835,0.999056,0,-0.02129,-0.83995,-1.277,-1.680,-1,400.000,-1,400.000,-1,325.000,325.000,300.000,300.000,-1,-1,-1,825.000,850.000,825.000,-1,-1,2,0,2,0,2,0,0,0,0,2,2,2,1,0,0,2,2
183,2103.290,-7981.331,-305.208,14.729,0.967187,-0.254009,-0.005317,0.253998,0.966241,0.043164,-0.005827,-0.043098,0.999054,0,-0.10129,-0.84006,-6.077,-1.680,-1,400.000,-1,400.000,-1,325.000,325.000,300.000,300.000,-1,-1,-1,850.000,850.000,825.000,-1,-1,2,0,2,0,2,0,0,0,0,2,2,2,1,0,0,2,2
184,2092.694,-7983.786,-305.137,13.048,0.974215,-0.225551,-0.005619,0.225581,0.973270,0.043118,-0.004256,-0.043273,0.999054,0,-0.18129,-0.84058,-10.877,-1.681,-1,400.000,-1,400.000,-1,325.000,325.000,300.000,300.000,-1,-1,-1,875.000,850.000,825.000,-1,-1,2,0,2,0,2,0,0,0,0,2,2,2,1,0,0,2,2
185,2077.325,-7986.876,-305.042,11.365,0.980411,-0.196870,-0.006043,0.196946,0.979470,0.043010,-0.002548,-0.043357,0.999056,0,-0.26129,-0.84145,-15.677,-1.683,-1,400.000,-1,400.000,-1,325.000,325.000,300.000,300.000,-1,-1,-1,900.000,850.000,825.000,-1,-1,2,0,2,0,2,0,0,0,0,2,2,2,1,0,0,2,2
186,2057.140,-7990.319,-304.935,9.680,0.985768,-0.167980,-0.006590,0.168108,0.984837,0.042850,-0.000708,-0.043348,0.999060,0,-0.34129,-0.84262,-20.477,-1.685,-1,400.000,-1,400.000,-1,325.000,325.000,300.000,300.000,-1,-1,-1,925.000,875.000,825.000,-1,-1,2,0,2,0,2,0,0,0,0,2,2,2,1,0,0,2,2
187,2035.555,-7993.349,-304.847,7.991,0.990281,-0.138896,-0.007167,0.139076,0.989361,0.042700,0.001159,-0.043282,0.999062,0,-0.36327,-0.84404,-21.796,-1.688,-1,400.000,-1,400.000,-1,325.000,325.000,300.000,300.000,-1,-1,-1,950.000,875.000,825.000,-1,-1,2,0,2,0,2,0,0,0,0,2,2,2,1,0,0,2,2
188,2014.054,-7995.723,-304.769,6.301,0.993940,-0.109643,-0.007791,0.109877,0.993030,0.042644,0.003061,-0.043242,0.999060,0,-0.36054,-0.84542,-21.632,-1.691,-1,425.000,-1,400.000,-1,325.000,325.000,300.000,300.000,-1,-1,-1,975.000,875.000,800.000,-1,-1,2,0,2,0,2,0,0,0,0,2,2,2,1,0,0,2,2
189,1992.668,-7997.447,-304.695,4.607,0.996739,-0.080252,-0.008475,0.080543,0.995835,0.042737,0.005010,-0.043280,0.999050,0,-0.35760,-0.84664,-21.456,-1.693,-1,425.000,-1,400.000,-1,325.000,325.000,300.000,300.000,-1,-1,-1,-1,875.000,800.000,-1,-1,2,0,2,0,2,0,0,0,0,2,2,2,2,0,0,2,2
190,1971.426,-7998.528,-304.720,2.912,0.998671,-0.050753,-0.008996,0.051095,0.997762,0.043127,0.006787,-0.043529,0.999029,0,-0.35448,-0.84772,-21.269,-1.695,-1,425.000,-1,400.000,-1,325.000,325.000,300.000,300.000,-1,-1,-1,-1,875.000,800.000,-1,-1,2,0,2,0,2,0,0,0,0,2,2,2,2,0,0,2,2
191,1950.359,-7998.974,-304.955,1.215,0.999729,-0.021178,-0.009696,0.021581,0.998816,0.043602,0.008761,-0.043800,0.999002,0,-0.35120,-0.84865,-21.072,-1.697,-1,425.000,-1,400.000,-1,325.000,325.000,300.000,300.000,-1,-1,-1,-1,875.000,800.000,-1,-1,2,0,2,0,2,0,0,0,0,2,2,2,2,0,0,2,2
192,1929.493,-7998.799,-305.436,-0.484,0.999907,0.008443,-0.010715,-0.007972,0.999031,0.043283,0.011070,-0.043193,0.999005,0,-0.34778,-0.84943,-20.867,-1.699,-1,425.000,-1,400.000,-1,325.000,325.000,300.000,300.000,-1,-1,-1,-1,875.000,775.000,-1,-1,2,0,2,0,2,0,0,0,0,2,2,2,2,0,0,2,2
193,1908.854,-7998.012,-305.942,-2.184,0.999206,0.038080,-0.011715,-0.037544,0.998370,0.042993,0.013333,-0.042519,0.999007,0,-0.34425,-0.85005,-20.655,-1.700,-1,425.000,-1,400.000,-1,325.000,325.000,300.000,300.000,-1,-1,-1,-1,875.000,775.000,-1,-1,2,0,2,0,2,0,0,0,0,2,2,2,2,0,0,2,2
194,1888.464,-7996.628,-306.471,-3.885,0.997625,0.067702,-0.012696,-0.067104,0.996830,0.042733,0.015549,-0.041780,0.999006,0,-0.34063,-0.85053,-20.438,-1.701,-1,425.000,-1,400.000,-1,325.000,325.000,300.000,300.000,-1,-1,-1,-1,875.000,775.000,-1,-1,2,0,2,0,2,0,0,0,0,2,2,2,2,0,0,2,2
195,1868.344,-7994.660,-307.023,-5.587,0.995164,0.097277,-0.013658,-0.096621,0.994413,0.042502,0.017716,-0.040977,0.999003,0,-0.33694,-0.85087,-20.216,-1.702,-1,425.000,-1,400.000,-1,325.000,325.000,300.000,300.000,-1,-1,-1,-1,875.000,775.000,-1,-1,2,0,2,0,2,0,0,0,0,2,2,2,2,0,0,2,2
196,1848.513,-7992.124,-307.594,-7.289,0.991824,0.126776,-0.014602,-0.126064,0.991120,0.042301,0.019835,-0.040114,0.998998,0,-0.33321,-0.85106,-19.993,-1.702,-1,425.000,-1,400.000,-1,325.000,325.000,300.000,300.000,-1,-1,-1,-1,875.000,775.000,-1,-1,2,0,2,0,2,0,0,0,0,2,2,2,2,0,0,2,2
197,1833.517,-7989.688,-308.029,-9.231,0.986950,0.160299,-0.015314,-0.159540,0.986294,0.042082,0.021850,-0.039090,0.998997,0,-0.25321,-0.97106,-15.193,-1.942,-1,425.000,-1,400.000,-1,325.000,325.000,300.000,300.000,-1,-1,-1,-1,875.000,775.000,-1,-1,2,0,2,0,2,0,0,0,0,2,2,2,2,0,0,2,2
198,1823.323,-7987.664,-308.321,-11.231,0.980749,0.194631,-0.015802,-0.193836,0.980141,0.041854,0.023634,-0.037985,0.998999,0,-0.17321,-1.00000,-10.393,-2.000,-1,425.000,-1,400.000,-1,325.000,325.000,300.000,300.000,-1,-1,-1,-1,875.000,750.000,-1,-1,2,0,2,0,2,0,0,0,0,2,2,2,2,0,0,2,2
199,1817.879,-7986.385,-308.455,-13.231,0.973358,0.228729,-0.016074,-0.227909,0.972793,0.041606,0.025153,-0.036834,0.999005,0,-0.09321,-1.00000,-5.593,-2.000,-1,425.000,-1,400.000,-1,325.000,325.000,300.000,300.000,-1,-1,-1,-1,875.000,750.000,-1,-1,2,0,2,0,2,0,0,0,0,2,2,2,2,0,0,2,2
200,1817.115,-7986.177,-308.417,-15.231,0.964783,0.262551,-0.016140,-0.261717,0.964260,0.041323,0.026412,-0.035643,0.999015,0,-0.01321,-1.00000,-0.793,-2.000,-1,425.000,-1,400.000,-1,325.000,325.000,300.000,300.000,-1,-1,-1,-1,875.000,750.000,-1,-1,2,0,2,0,2,0,0,0,0,2,2,2,2,0,0,2,2
201,1820.942,-7987.365,-308.194,-17.231,0.955037,0.296055,-0.016011,-0.295218,0.954550,0.040988,0.027418,-0.034419,0.999031,0,0.06679,-1.00000,4.007,-2.000,-1,425.000,-1,400.000,-1,325.000,325.000,300.000,300.000,-1,-1,-1,-1,875.000,750.000,-1,-1,2,0,2,0,2,0,0,0,0,2,2,2,2,0,0,2,2
202,1829.258,-7990.266,-307.772,-19.231,0.944129,0.329202,-0.015702,-0.328370,0.943677,0.040590,0.028179,-0.033166,0.999053,0,0.14679,-1.00000,8.807,-2.000,-1,425.000,-1,400.000,-1,325.000,325.000,300.000,300.000,-1,-1,-1,-1,875.000,725.000,-1,-1,2,0,2,0,2,0,0,0,0,2,2,2,2,0,0,2,2
203,1841.942,-7995.195,-307.155,-21.231,0.932073,0.361950,-0.015248,-0.361129,0.931650,0.040183,0.028750,-0.031947,0.999076,0,0.22679,-1.00000,13.607,-2.000,-1,425.000,-1,375.000,-1,325.000,325.000,300.000,300.000,-1,-1,-1,-1,850.000,725.000,-1,-1,2,0,2,0,2,0,0,0,0,2,2,2,2,0,0,2,2
204,1858.857,-8002.455,-306.554,-23.231,0.918883,0.394247,-0.014969,-0.393399,0.918458,0.040884,0.029867,-0.031679,0.999052,0,0.30679,-1.00000,18.407,-2.000,-1,425.000,-1,375.000,-1,325.000,325.000,300.000,300.000,-1,-1,-1,-1,850.000,725.000,-1,-1,2,0,2,0,2,0,0,0,0,2,2,2,2,0,0,2,2
205,1879.850,-8012.348,-305.757,-25.231,0.904577,0.426062,-0.014517,-0.425189,0.904143,0.041702,0.030893,-0.031550,0.999025,0,0.38679,-1.00000,23.207,-2.000,-1,425.000,-1,375.000,-1,325.000,325.000,300.000,300.000,-1,-1,-1,-1,850.000,725.000,-1,-1,2,0,2,0,2,0,0,0,0,2,2,2,2,0,0,2,2
206,1904.753,-8025.164,-304.835,-27.231,0.889184,0.457352,-0.013487,-0.456461,0.888713,0.042804,0.031562,-0.031904,0.998992,0,0.46679,-1.00000,28.007,-2.000,-1,400.000,-1,375.000,-1,325.000,325.000,300.000,300.000,-1,-1,-1,-1,850.000,700.000,-1,-1,2,0,2,0,2,0,0,0,0,2,2,2,2,0,0,2,2
207,1933.383,-8041.185,-303.726,-29.231,0.872716,0.488079,-0.012098,-0.487176,0.872193,0.044040,0.032047,-0.032541,0.998956,0,0.54679,-1.00000,32.807,-2.000,-1,400.000,-1,375.000,-1,325.000,325.000,300.000,300.000,-1,-1,-1,-1,825.000,700.000,-1,-1,2,0,2,0,2,0,0,0,0,2,2,2,2,0,0,2,2
208,1965.540,-8060.684,-302.390,-31.231,0.855191,0.518207,-0.010493,-0.517296,0.854605,0.045328,0.032457,-0.033337,0.998917,0,0.62679,-1.00000,37.607,-2.000,-1,400.000,-1,375.000,-1,325.000,325.000,300.000,300.000,-1,-1,-1,-1,800.000,700.000,-1,-1,2,0,2,0,2,0,0,0,0,2,2,2,2,0,0,2,2
209,2001.013,-8083.924,-300.811,-33.231,0.836630,0.547699,-0.008688,-0.546784,0.835973,0.046651,0.032814,-0.034279,0.998873,0,0.70679,-1.00000,42.407,-2.000,-1,400.000,-1,375.000,-1,325.000,325.000,300.000,300.000,-1,-1,-1,-1,775.000,700.000,-1,-1,2,0,2,0,2,0,0,0,0,2,2,2,2,0,0,2,2
210,2039.573,-8111.157,-298.976,-35.231,0.817056,0.576519,-0.006706,-0.575604,0.816319,0.047995,0.033144,-0.035355,0.998825,0,0.78679,-1.00000,47.207,-2.000,-1,400.000,-1,375.000,-1,325.000,300.000,300.000,325.000,-1,-1,-1,-1,750.000,700.000,-1,-1,2,0,2,0,2,0,0,0,0,2,2,2,2,0,0,2,2
211,2080.571,-8142.311,-297.190,-37.231,0.796465,0.604655,-0.005956,-0.603708,0.795699,0.048991,0.034362,-0.035424,0.998781,0,0.85819,-1.00000,51.491,-2.000,-1,400.000,-1,375.000,-1,325.000,300.000,300.000,325.000,-1,-1,-1,-1,750.000,675.000,-1,-1,2,0,2,0,2,0,0,0,0,2,2,2,2,0,0,2,2
212,2120.499,-8174.913,-295.337,-39.231,0.774902,0.632059,-0.005343,-0.631072,0.774115,0.049937,0.035699,-0.035324,0.998738,0,0.85911,-1.00000,51.547,-2.000,-1,375.000,-1,375.000,-1,300.000,300.000,300.000,325.000,-1,-1,-1,-1,725.000,675.000,-1,-1,2,0,2,0,2,0,0,0,0,2,2,2,2,0,0,2,2
213,2159.305,-8208.923,-293.295,-41.231,0.752384,0.658704,-0.005277,-0.657662,0.751600,0.050773,0.037411,-0.034730,0.998696,0,0.86000,-1.00000,51.600,-2.000,-1,375.000,-1,375.000,-1,300.000,300.000,300.000,325.000,-1,-1,-1,-1,725.000,675.000,-1,-1,2,0,2,0,2,0,0,0,0,2,2,2,2,0,0,2,2
214,2196.937,-8244.302,-291.009,-43.231,0.728928,0.684563,-0.006035,-0.683440,0.728187,0.051516,0.039660,-0.033427,0.998654,0,0.86085,-1.00000,51.651,-2.000,-1,375.000,-1,375.000,-1,300.000,300.000,300.000,325.000,-1,-1,-1,-1,700.000,675.000,-1,-1,2,0,2,0,2,0,0,0,0,2,2,2,2,0,0,2,2
215,2233.347,-8281.007,-288.594,-45.231,0.704578,0.709593,-0.006877,-0.708384,0.703885,0.052332,0.041975,-0.032000,0.998606,0,0.86166,-1.00000,51.700,-2.000,-1,375.000,-1,375.000,-1,300.000,300.000,325.000,325.000,-1,-1,-1,-1,700.000,675.000,-1,-1,2,0,2,0,2,0,0,0,0,2,2,2,2,0,0,2,2
216,2268.483,-8318.994,-286.088,-47.231,0.679359,0.733764,-0.007847,-0.732468,0.678727,0.053109,0.044295,-0.030332,0.998558,0,0.86242,-1.00000,51.745,-2.000,-1,375.000,-1,375.000,-1,300.000,300.000,325.000,325.000,-1,-1,-1,-1,700.000,675.000,-1,-1,2,0,2,0,2,0,0,0,0,2,2,2,2,0,0,2,2
217,2302.301,-8358.216,-283.486,-49.231,0.653303,0.757044,-0.008915,-0.755656,0.652740,0.053983,0.046687,-0.028531,0.998502,0,0.86312,-1.00000,51.787,-2.000,-1,375.000,-1,375.000,-1,300.000,300.000,325.000,325.000,-1,-1,-1,-1,700.000,675.000,-1,-1,2,0,2,0,2,0,0,0,0,2,2,2,2,0,0,2,2
218,2334.753,-8398.625,-280.942,-51.231,0.626462,0.779390,-0.009861,-0.777866,0.625943,0.055857,0.049707,-0.027321,0.998390,0,0.86377,-1.00000,51.826,-2.000,-1,375.000,-1,375.000,-1,300.000,300.000,325.000,325.000,-1,800.000,-1,-1,700.000,700.000,-1,-1,2,0,2,0,2,0,0,0,0,2,0,2,2,0,0,2,2
219,2365.795,-8440.169,-278.276,-53.231,0.598848,0.800789,-0.010819,-0.799124,0.598384,0.057774,0.052738,-0.025952,0.998271,0,0.86434,-1.00000,51.860,-2.000,-1,375.000,-1,375.000,-1,300.000,300.000,325.000,325.000,-1,700.000,750.000,-1,700.000,700.000,-1,-1,2,0,2,0,2,0,0,0,0,2,0,0,2,0,0,2,2
220,2395.386,-8482.795,-275.537,-55.231,0.570490,0.821220,-0.011831,-0.819418,0.570096,0.059536,0.055637,-0.024270,0.998156,0,0.86484,-1.00000,51.890,-2.000,-1,375.000,-1,375.000,-1,300.000,300.000,325.000,325.000,-1,600.000,650.000,-1,700.000,700.000,-1,-1,2,0,2,0,2,0,0,0,0,2,0,0,2,0,0,2,2
221,2421.248,-8522.607,-272.949,-56.991,0.544947,0.838374,-0.012763,-0.836448,0.544626,0.061139,0.058209,-0.022642,0.998048,0,0.79124,-0.88000,47.475,-1.760,-1,375.000,-1,375.000,-1,300.000,300.000,325.000,325.000,-1,550.000,575.000,-1,700.000,725.000,-1,-1,2,0,2,0,2,0,0,0,1,2,0,0,2,0,0,2,2
222,2446.050,-8563.099,-270.278,-58.511,0.522462,0.852553,-0.013679,-0.850503,0.522213,0.062757,0.060647,-0.021155,0.997935,0,0.79139,-0.76000,47.484,-1.520,-1,375.000,-1,375.000,-1,300.000,300.000,325.000,300.000,-1,500.000,525.000,-1,700.000,725.000,-1,-1,2,0,2,0,2,0,0,0,1,2,0,0,2,0,0,2,2
223,2471.469,-8606.759,-267.352,-59.791,0.503229,0.864029,-0.014636,-0.861847,0.503051,0.064490,0.063084,-0.019839,0.997811,0,0.84200,-0.64000,50.520,-1.280,-1,375.000,-1,375.000,-1,300.000,300.000,325.000,275.000,-1,450.000,475.000,-1,700.000,750.000,-1,-1,2,0,2,0,2,0,0,0,1,2,0,0,2,0,0,2,2
224,2496.001,-8650.710,-264.162,-60.831,0.487372,0.873049,-0.015964,-0.870788,0.487303,0.065303,0.064792,-0.017926,0.997738,0,0.83888,-0.52000,50.333,-1.040,-1,375.000,-1,400.000,-1,300.000,325.000,325.000,275.000,-1,450.000,475.000,-1,700.000,775.000,-1,-1,2,0,2,0,2,0,0,0,1,2,0,0,2,0,0,2,2
225,2519.685,-8694.799,-260.878,-61.756,0.473123,0.880825,-0.017388,-0.878496,0.473174,0.065968,0.066334,-0.015936,0.997670,0,0.83412,-0.46210,50.047,-0.924,-1,375.000,-1,400.000,-1,300.000,325.000,325.000,250.000,-1,475.000,475.000,-1,700.000,775.000,-1,-1,2,0,2,0,2,0,0,0,1,2,0,0,2,0,0,2,2
226,2542.485,-8738.958,-257.575,-62.691,0.458575,0.888460,-0.018630,-0.886075,0.458739,0.066553,0.067676,-0.014012,0.997609,0,0.82831,-0.46787,49.698,-0.936,-1,375.000,-1,400.000,-1,300.000,325.000,325.000,250.000,-1,475.000,500.000,-1,700.000,800.000,-1,-1,2,0,2,0,2,0,0,0,1,2,0,0,2,0,0,2,2
227,2564.389,-8783.155,-254.219,-63.638,0.443731,0.895938,-0.019918,-0.893503,0.444017,0.067097,0.068958,-0.011977,0.997548,0,0.82211,-0.47311,49.326,-0.946,-1,375.000,-1,400.000,-1,300.000,325.000,325.000,250.000,-1,500.000,500.000,-1,700.000,825.000,-1,-1,2,0,2,0,2,0,0,0,1,2,0,0,2,0,0,2,2
228,2585.384,-8827.357,-250.859,-64.593,0.428623,0.903239,-0.021016,-0.900765,0.429021,0.067546,0.070027,-0.010022,0.997495,0,0.81557,-0.47782,48.934,-0.956,-1,375.000,-1,400.000,-1,300.000,325.000,325.000,250.000,-1,525.000,525.000,-1,700.000,825.000,-1,-1,2,0,2,0,2,0,0,0,1,2,0,0,2,0,0,2,2
229,2605.463,-8871.533,-247.462,-65.557,0.413256,0.910346,-0.022135,-0.907842,0.413772,0.067943,0.071010,-0.007983,0.997444,0,0.80874,-0.48201,48.525,-0.964,-1,375.000,-1,400.000,-1,300.000,325.000,325.000,250.000,-1,550.000,525.000,-1,725.000,850.000,-1,-1,2,0,2,0,2,0,0,0,1,2,0,0,2,0,0,2,2
230,2624.621,-8915.653,-244.032,-66.529,0.397647,0.917243,-0.023289,-0.914716,0.398286,0.068292,0.071916,-0.005853,0.997394,0,0.80167,-0.48567,48.100,-0.971,-1,375.000,-1,400.000,-1,300.000,325.000,325.000,250.000,-1,600.000,550.000,-1,725.000,850.000,-1,-1,2,0,2,0,2,0,0,0,1,2,0,0,2,0,0,2,2
231,2642.857,-8959.692,-240.574,-67.506,0.381815,0.923915,-0.024479,-0.921372,0.382582,0.068593,0.072740,-0.003636,0.997344,0,0.79441,-0.48882,47.665,-0.978,-1,375.000,-1,400.000,-1,300.000,325.000,325.000,250.000,-1,625.000,575.000,-1,750.000,875.000,-1,-1,2,0,2,0,2,0,0,0,1,2,0,0,2,0,0,2,2
232,2660.172,-9003.623,-237.125,-68.489,0.365769,0.930347,-0.025843,-0.927793,0.366679,0.068892,0.073570,-0.001222,0.997289,0,0.78701,-0.49145,47.220,-0.983,-1,375.000,-1,400.000,-1,300.000,325.000,325.000,250.000,-1,675.000,600.000,-1,750.000,900.000,-1,-1,2,0,2,0,2,0,0,0,1,2,0,0,2,0,0,2,2
233,2676.570,-9047.425,-233.656,-69.476,0.349539,0.936526,-0.027225,-0.933971,0.350596,0.069148,0.074304,0.001257,0.997235,0,0.77951,-0.49358,46.771,-0.987,-1,375.000,-1,425.000,-1,300.000,325.000,325.000,250.000,-1,725.000,625.000,-1,775.000,925.000,-1,-1,2,0,2,0,2,0,0,0,1,2,0,0,2,0,0,2,2
234,2692.057,-9091.078,-230.191,-70.467,0.333141,0.942440,-0.028706,-0.939890,0.334353,0.069389,0.074992,0.003864,0.997177,0,0.77197,-0.49522,46.318,-0.990,-1,400.000,-1,425.000,-1,325.000,325.000,325.000,250.000,-1,750.000,675.000,-1,800.000,950.000,-1,-1,2,0,2,0,2,0,0,0,1,2,0,0,2,0,0,2,2
235,2706.642,-9134.564,-226.820,-71.459,0.316576,0.948076,-0.030520,-0.945564,0.317968,0.069312,0.075417,0.006916,0.997128,0,0.76444,-0.49639,45.867,-0.993,-1,400.000,-1,425.000,-1,325.000,325.000,325.000,275.000,-1,800.000,700.000,-1,800.000,975.000,-1,-1,2,0,2,0,2,0,0,0,1,2,0,0,2,0,0,2,2
236,2720.335,-9177.868,-223.707,-72.454,0.299844,0.953416,-0.033052,-0.951039,0.301460,0.068164,0.074953,0.010995,0.997126,0,0.75696,-0.49708,45.418,-0.994,-1,400.000,-1,425.000,-1,325.000,325.000,325.000,275.000,-1,875.000,750.000,-1,825.000,975.000,-1,-1,2,0,2,0,2,0,0,0,1,2,0,0,2,0,0,2,2
237,2733.149,-9220.978,-220.592,-73.448,0.283014,0.958453,-0.035637,-0.956227,0.284848,0.067013,0.074380,0.015111,0.997115,0,0.74958,-0.49733,44.975,-0.995,-1,400.000,-1,425.000,-1,325.000,325.000,325.000,275.000,-1,950.000,825.000,-1,825.000,1000.000,-1,-1,2,0,2,0,2,0,0,0,1,2,0,0,2,0,0,2,2
238,2745.096,-9263.885,-217.505,-74.443,0.266111,0.963185,-0.038193,-0.961114,0.268155,0.065975,0.073788,0.019151,0.997090,0,0.74232,-0.49715,44.539,-0.994,-1,400.000,-1,425.000,-1,325.000,325.000,325.000,275.000,-1,-1,875.000,-1,850.000,1000.000,-1,-1,2,0,2,0,2,0,0,0,1,2,2,0,2,0,0,2,2
239,2756.190,-9306.581,-214.849,-75.436,0.249325,0.967643,-0.038789,-0.965753,0.251409,0.064140,0.071817,0.021469,0.997187,0,0.73523,-0.49655,44.114,-0.993,-1,400.000,-1,425.000,-1,325.000,325.000,325.000,275.000,-1,-1,1000.000,-1,850.000,1000.000,-1,-1,2,0,2,0,2,0,0,0,1,2,2,0,2,0,0,2,2
240,2766.446,-9349.060,-212.268,-76.427,0.232528,0.971801,-0.039153,-0.970099,0.234623,0.062130,0.069564,0.023535,0.997300,0,0.72833,-0.49554,43.700,-0.991,-1,400.000,-1,425.000,-1,325.000,325.000,325.000,275.000,-1,-1,-1,-1,850.000,1000.000,-1,-1,2,0,2,0,2,0,0,0,1,2,2,2,2,0,0,2,2
241,2775.881,-9391.319,-209.737,-77.415,0.215717,0.975658,-0.039476,-0.974131,0.217816,0.060215,0.067348,0.025465,0.997405,0,0.72166,-0.49415,43.299,-0.988,-1,400.000,-1,425.000,-1,325.000,325.000,325.000,300.000,-1,-1,-1,-1,875.000,1000.000,-1,-1,2,0,2,0,2,0,0,0,1,2,2,2,2,0,0,2,2
242,2784.511,-9433.356,-207.220,-78.400,0.198907,0.979207,-0.039878,-0.977857,0.201005,0.058247,0.065052,0.027409,0.997505,0,0.71522,-0.49240,42.913,-0.985,-1,400.000,-1,425.000,-1,325.000,325.000,300.000,300.000,-1,-1,-1,-1,875.000,975.000,-1,-1,2,0,2,0,2,0,0,0,1,2,2,2,2,0,0,2,2
243,2792.352,-9475.170,-204.721,-79.380,0.182115,0.982449,-0.040361,-0.981278,0.184208,0.056231,0.062679,0.029365,0.997602,0,0.70905,-0.49029,42.543,-0.981,-1,400.000,-1,425.000,-1,325.000,325.000,300.000,300.000,-1,-1,-1,-1,875.000,975.000,-1,-1,2,0,2,0,2,0,0,0,1,2,2,2,2,0,0,2,2
244,2799.420,-9516.762,-202.240,-80.356,0.165358,0.985384,-0.040928,-0.984392,0.167442,0.054172,0.060234,0.031331,0.997692,0,0.70315,-0.48784,42.189,-0.976,-1,400.000,-1,425.000,-1,325.000,325.000,300.000,300.000,-1,-1,-1,-1,875.000,975.000,-1,-1,2,0,2,0,2,0,0,0,1,2,2,2,2,0,0,2,2
245,2805.733,-9558.136,-199.779,-81.326,0.148655,0.988015,-0.041580,-0.987203,0.150724,0.052076,0.057718,0.033306,0.997777,0,0.69754,-0.48507,41.852,-0.970,-1,400.000,-1,425.000,-1,325.000,325.000,300.000,300.000,-1,-1,-1,-1,875.000,975.000,-1,-1,2,0,2,0,2,0,0,0,1,2,2,2,2,0,0,2,2
246,2811.306,-9599.294,-197.341,-82.290,0.132021,0.990343,-0.042318,-0.989712,0.134071,0.049946,0.055137,0.035289,0.997855,0,0.69222,-0.48200,41.533,-0.964,-1,400.000,-1,425.000,-1,325.000,325.000,300.000,300.000,-1,-1,-1,-1,875.000,975.000,-1,-1,2,0,2,0,2,0,0,0,1,2,2,2,2,0,0,2,2
247,2816.155,-9640.239,-194.926,-83.248,0.115474,0.992373,-0.043145,-0.991923,0.117499,0.047788,0.052493,0.037278,0.997925,0,0.68720,-0.47863,41.232,-0.957,-1,400.000,-1,425.000,-1,325.000,325.000,300.000,300.000,-1,-1,-1,-1,875.000,975.000,-1,-1,2,0,2,0,2,0,0,0,0,2,2,2,2,0,0,2,2
248,2820.295,-9680.978,-192.536,-84.197,0.099028,0.994109,-0.044060,-0.993838,0.101022,0.045607,0.049790,0.039272,0.997987,0,0.68248,-0.47498,40.949,-0.950,-1,400.000,-1,425.000,-1,325.000,325.000,300.000,300.000,-1,-1,-1,-1,875.000,975.000,-1,-1,2,0,2,0,2,0,0,0,0,2,2,2,2,0,0,2,2
249,2823.743,-9721.516,-190.173,-85.140,0.082699,0.995555,-0.045065,-0.995464,0.084656,0.043409,0.047031,0.041270,0.998041,0,0.67807,-0.47106,40.684,-0.942,-1,400.000,-1,425.000,-1,325.000,325.000,300.000,300.000,-1,-1,-1,-1,875.000,950.000,-1,-1,2,0,2,0,2,0,0,0,0,2,2,2,2,0,0,2,2
250,2826.513,-9761.858,-187.838,-86.073,0.066501,0.996718,-0.046158,-0.996806,0.068415,0.041197,0.044220,0.043271,0.998084,0,0.67395,-0.46689,40.437,-0.934,-1,400.000,-1,425.000,-1,325.000,325.000,300.000,300.000,-1,-1,-1,-1,900.000,950.000,-1,-1,2,0,2,0,2,0,0,0,0,2,2,2,2,0,0,2,2
251,2828.687,-9807.043,-185.251,-87.247,0.046121,0.997804,-0.047545,-0.998099,0.047978,0.038696,0.040892,0.045670,0.998119,0,0.75395,-0.58689,45.237,-1.174,-1,400.000,-1,425.000,-1,325.000,325.000,325.000,300.000,-1,-1,-1,-1,900.000,950.000,-1,-1,2,0,2,0,2,0,0,0,0,2,2,2,2,0,0,2,2
252,2829.749,-9852.388,-183.210,-88.661,0.021494,0.998533,-0.049690,-0.999046,0.023342,0.036896,0.038002,0.048850,0.998083,0,0.75595,-0.70689,45.357,-1.414,-1,425.000,-1,425.000,-1,325.000,350.000,325.000,300.000,-1,-1,-1,-1,925.000,950.000,-1,-1,2,0,2,0,2,0,0,0,0,2,2,2,2,0,0,2,2
253,2829.479,-9901.671,-182.125,-90.315,-0.007217,0.998727,-0.049919,-0.999381,-0.005485,0.034744,0.034426,0.050139,0.998149,0,0.82140,-0.82689,49.284,-1.654,-1,400.000,-1,425.000,-1,325.000,325.000,325.000,300.000,-1,-1,-1,-1,925.000,925.000,-1,-1,2,0,2,0,2,0,0,0,0,2,2,2,2,0,0,2,2
254,2827.584,-9950.824,-181.109,-92.208,-0.040094,0.997928,-0.050311,-0.998728,-0.038484,0.032583,0.030579,0.051553,0.998202,0,0.81981,-0.94689,49.189,-1.894,-1,400.000,-1,425.000,-1,325.000,325.000,300.000,300.000,-1,-1,-1,-1,925.000,925.000,-1,-1,2,0,2,0,2,0,0,0,0,2,2,2,2,0,0,2,2
255,2823.976,-9999.859,-180.163,-94.208,-0.074766,0.995901,-0.050913,-0.996847,-0.073282,0.030425,0.026569,0.053027,0.998240,0,0.81945,-1.00000,49.167,-2.000,-1,400.000,-1,425.000,-1,325.000,325.000,300.000,300.000,-1,-1,-1,-1,925.000,925.000,-1,-1,2,0,2,0,2,0,0,0,0,2,2,2,2,0,0,2,2
256,2818.658,-10048.748,-179.287,-96.208,-0.109339,0.992657,-0.051743,-0.993750,-0.107985,0.028289,0.022494,0.054513,0.998260,0,0.81962,-1.00000,49.177,-2.000,-1,400.000,-1,425.000,-1,325.000,325.000,300.000,300.000,-1,-1,-1,-1,925.000,900.000,-1,-1,2,0,2,0,2,0,0,0,1,2,2,2,2,0,0,2,2
257,2811.636,-10097.433,-178.486,-98.208,-0.143770,0.988202,-0.052797,-0.989441,-0.142551,0.026199,0.018364,0.056006,0.998262,0,0.81979,-1.00000,49.188,-2.000,-1,400.000,-1,425.000,-1,325.000,325.000,300.000,300.000,-1,-1,-1,-1,900.000,900.000,-1,-1,2,0,2,0,2,0,0,0,1,2,2,2,2,0,0,2,2
258,2802.917,-10145.852,-177.764,-100.208,-0.178016,0.982541,-0.054068,-0.983925,-0.176937,0.024181,0.014192,0.057504,0.998244,0,0.81995,-1.00000,49.197,-2.000,-1,400.000,-1,425.000,-1,325.000,325.000,300.000,300.000,-1,-1,-1,-1,900.000,875.000,-1,-1,2,0,2,0,2,0,0,0,1,2,2,2,2,0,0,2,2
259,2792.512,-10193.946,-177.123,-102.208,-0.212035,0.975682,-0.055550,-0.977211,-0.211100,0.022257,0.009989,0.059003,0.998208,0,0.82010,-1.00000,49.206,-2.000,-1,400.000,-1,400.000,-1,325.000,325.000,300.000,300.000,-1,-1,-1,-1,900.000,850.000,-1,-1,2,0,2,0,2,0,0,0,1,2,2,2,2,0,0,2,2
260,2780.433,-10241.654,-176.567,-104.208,-0.245785,0.967633,-0.057230,-0.969307,-0.245001,0.020450,0.005766,0.060500,0.998152,0,0.82022,-1.00000,49.213,-2.000,-1,400.000,-1,400.000,-1,325.000,325.000,325.000,275.000,-1,-1,-1,-1,900.000,850.000,-1,-1,2,0,2,0,2,0,0,0,1,2,2,2,2,0,0,2,2
261,2766.695,-10288.917,-176.193,-106.208,-0.279205,0.958429,-0.058814,-0.960231,-0.278602,0.018378,0.001228,0.061606,0.998100,0,0.82031,-1.00000,49.218,-2.000,-1,425.000,-1,400.000,-1,325.000,325.000,325.000,275.000,-1,-1,-1,-1,900.000,825.000,-1,-1,2,0,2,0,2,0,0,0,1,2,2,2,2,0,0,2,2
262,2751.314,-10335.674,-175.984,-108.208,-0.312263,0.948074,-0.060391,-0.949989,-0.311866,0.016129,-0.003542,0.062407,0.998044,0,0.82036,-1.00000,49.221,-2.000,-1,425.000,-1,400.000,-1,325.000,325.000,325.000,275.000,-1,-1,-1,-1,900.000,800.000,-1,-1,2,0,2,0,2,0,0,0,1,2,2,2,2,0,0,2,2
263,2734.310,-10381.867,-175.943,-110.208,-0.344944,0.936584,-0.061839,-0.938588,-0.344753,0.014079,-0.008133,0.062898,0.997987,0,0.82037,-1.00000,49.222,-2.000,-1,425.000,-1,400.000,-1,325.000,325.000,325.000,250.000,-1,-1,-1,-1,875.000,800.000,-1,-1,2,0,2,0,2,0,0,0,1,2,2,2,2,0,0,2,2
264,2715.704,-10427.436,-176.450,-112.208,-0.377291,0.924059,-0.061369,-0.926022,-0.377261,0.012525,-0.011578,0.061555,0.998037,0,0.82033,-1.00000,49.220,-2.000,-1,425.000,-1,400.000,-1,325.000,325.000,325.000,250.000,-1,-1,-1,-1,875.000,775.000,-1,-1,2,0,2,0,2,0,0,0,1,2,2,2,2,0,0,2,2
265,2695.521,-10472.322,-177.272,-114.208,-0.409153,0.910454,-0.060559,-0.912330,-0.409336,0.009936,-0.015743,0.059315,0.998115,0,0.82024,-1.00000,49.214,-2.000,-1,400.000,-1,400.000,-1,325.000,325.000,325.000,250.000,-1,-1,-1,-1,850.000,775.000,-1,-1,2,0,2,0,2,0,0,0,1,2,2,2,2,0,0,2,2
266,2673.788,-10516.469,-178.172,-116.208,-0.440532,0.895727,-0.060043,-0.897518,-0.440916,0.007403,-0.019843,0.057151,0.998168,0,0.82010,-1.00000,49.206,-2.000,-1,400.000,-1,400.000,-1,325.000,325.000,300.000,225.000,-1,-1,-1,-1,850.000,750.000,-1,-1,2,0,2,0,2,0,0,0,1,2,2,2,2,0,0,2,2
267,2650.532,-10559.820,-178.661,-118.208,-0.471508,0.879983,-0.057535,-0.881577,-0.472010,0.005378,-0.022424,0.053257,0.998329,0,0.81990,-1.00000,49.194,-2.000,-1,400.000,-1,400.000,-1,325.000,325.000,300.000,225.000,-1,-1,-1,-1,825.000,775.000,-1,-1,2,0,2,0,2,0,0,0,1,2,2,2,2,0,0,2,2
268,2627.281,-10600.139,-179.340,-119.968,-0.498342,0.865205,-0.055460,-0.866653,-0.498891,0.004439,-0.023828,0.050277,0.998451,0,0.77569,-0.88000,46.541,-1.760,-1,400.000,-1,400.000,-1,325.000,325.000,300.000,225.000,-1,-1,-1,-1,825.000,775.000,-1,-1,2,0,2,0,2,0,0,0,1,2,2,2,2,0,0,2,2
269,2602.999,-10639.780,-180.651,-121.488,-0.521020,0.851693,-0.056182,-0.853133,-0.521682,0.003314,-0.026486,0.049658,0.998415,0,0.77479,-0.76000,46.487,-1.520,-1,400.000,-1,400.000,-1,325.000,325.000,300.000,200.000,-1,-1,-1,-1,825.000,750.000,-1,-1,2,0,2,0,2,0,0,0,1,2,2,2,2,0,0,2,2
270,2577.834,-10678.723,-182.558,-122.871,-0.541180,0.838789,-0.059646,-0.840350,-0.542041,0.002064,-0.030600,0.051240,0.998217,0,0.77276,-0.69142,46.365,-1.383,-1,400.000,-1,400.000,-1,325.000,325.000,300.000,200.000,-1,-1,-1,-1,800.000,725.000,-1,-1,2,0,2,0,2,0,0,0,1,2,2,2,2,0,0,2,2
271,2551.829,-10716.918,-184.026,-124.248,-0.561062,0.825527,-0.060958,-0.827107,-0.562044,0.001243,-0.033235,0.051116,0.998140,0,0.77011,-0.68847,46.207,-1.377,-1,400.000,-1,375.000,-1,325.000,325.000,300.000,175.000,-1,-1,-1,-1,775.000,725.000,-1,-1,2,0,2,0,2,0,0,0,1,2,2,2,2,0,0,2,2
272,2525.010,-10754.351,-185.511,-125.619,-0.580608,0.811890,-0.061064,-0.813431,-0.581661,0.000643,-0.034996,0.050044,0.998134,0,0.76748,-0.68533,46.049,-1.371,-1,400.000,-1,375.000,-1,325.000,325.000,300.000,175.000,-1,-1,-1,-1,775.000,725.000,-1,-1,2,0,2,0,2,0,0,0,1,2,2,2,2,0,0,2,2
273,2497.401,-10791.010,-187.046,-126.983,-0.599743,0.797860,-0.061050,-0.799356,-0.600857,0.000144,-0.036567,0.048887,0.998135,0,0.76487,-0.68200,45.892,-1.364,-1,400.000,-1,375.000,-1,325.000,325.000,300.000,175.000,-1,-1,-1,-1,775.000,700.000,-1,-1,2,0,2,0,2,0,0,0,1,2,2,2,2,0,0,2,2
274,2469.028,-10826.884,-188.610,-128.340,-0.618451,0.783451,-0.061011,-0.784904,-0.619618,-0.000265,-0.038011,0.047724,0.998137,0,0.76229,-0.67848,45.737,-1.357,-1,400.000,-1,375.000,-1,325.000,325.000,325.000,175.000,-1,-1,-1,-1,750.000,700.000,-1,-1,2,0,2,0,2,0,0,0,1,2,2,2,2,0,0,2,2
275,2439.916,-10861.962,-190.203,-129.689,-0.636720,0.768683,-0.060941,-0.770092,-0.637933,-0.000588,-0.039328,0.046556,0.998141,0,0.75975,-0.67478,45.585,-1.350,-1,400.000,-1,375.000,-1,325.000,325.000,325.000,175.000,-1,-1,-1,-1,750.000,700.000,-1,-1,2,0,2,0,2,0,0,0,1,2,2,2,2,0,0,2,2
276,2410.088,-10896.237,-191.873,-131.031,-0.654556,0.753582,-0.060583,-0.754935,-0.655799,-0.000838,-0.040362,0.045187,0.998163,0,0.75727,-0.67089,45.436,-1.342,-1,400.000,-1,375.000,-1,325.000,300.000,325.000,175.000,-1,-1,-1,-1,725.000,675.000,-1,-1,2,0,2,0,2,0,0,0,1,2,2,2,2,0,0,2,2
277,2379.567,-10929.700,-193.742,-132.365,-0.671991,0.738182,-0.059297,-0.739439,-0.673223,-0.001081,-0.040718,0.043120,0.998240,0,0.75485,-0.66684,45.291,-1.334,-1,375.000,-1,375.000,-1,325.000,300.000,325.000,175.000,-1,-1,-1,-1,725.000,675.000,-1,-1,2,0,2,0,2,0,0,0,1,2,2,2,2,0,0,2,2
278,2351.716,-10959.091,-195.419,-133.459,-0.686022,0.725250,-0.058194,-0.726430,-0.687240,-0.001273,-0.040916,0.041401,0.998304,0,0.67485,-0.54684,40.491,-1.094,-1,375.000,-1,375.000,-1,325.000,300.000,325.000,200.000,-1,-1,-1,-1,725.000,675.000,-1,-1,2,0,2,0,2,0,0,0,1,2,2,2,2,0,0,2,2
279,2326.783,-10984.629,-196.892,-134.312,-0.696806,0.714970,-0.057262,-0.716089,-0.698007,-0.001381,-0.040956,0.040043,0.998358,0,0.59485,-0.42684,35.691,-0.854,-1,375.000,-1,375.000,-1,325.000,300.000,325.000,200.000,-1,-1,-1,-1,700.000,650.000,-1,-1,2,0,2,0,2,0,0,0,1,2,2,2,2,0,0,2,2
280,2304.968,-11006.500,-198.105,-134.926,-0.704474,0.707476,-0.056514,-0.708562,-0.705647,-0.001138,-0.040684,0.039242,0.998401,0,0.51485,-0.30684,30.891,-0.614,-1,375.000,-1,375.000,-1,300.000,300.000,325.000,200.000,-1,-1,-1,-1,700.000,650.000,-1,-1,2,0,2,0,2,0,0,0,1,2,2,2,2,0,0,2,2
281,2286.422,-11024.852,-199.127,-135.300,-0.709115,0.702874,-0.055895,-0.703937,-0.710262,-0.000922,-0.040348,0.038693,0.998436,0,0.43485,-0.18684,26.091,-0.374,-1,375.000,-1,375.000,-1,300.000,300.000,325.000,200.000,-1,-1,-1,-1,700.000,650.000,-1,-1,2,0,2,0,2,0,0,0,1,2,2,2,2,0,0,2,2
282,2271.254,-11039.793,-199.959,-135.433,-0.710786,0.701223,-0.055399,-0.702272,-0.711908,-0.000739,-0.039957,0.038380,0.998464,0,0.35485,-0.06684,21.291,-0.134,-1,375.000,-1,375.000,-1,300.000,300.000,325.000,225.000,-1,-1,-1,-1,700.000,650.000,-1,-1,2,0,2,0,2,0,0,0,1,2,2,2,2,0,0,2,2
283,2259.527,-11051.387,-200.602,-135.327,-0.709508,0.702546,-0.055025,-0.703588,-0.710608,-0.000597,-0.039520,0.038292,0.998485,0,0.27485,0.05316,16.491,0.106,-1,375.000,-1,375.000,-1,300.000,300.000,325.000,225.000,-1,-1,-1,-1,700.000,650.000,-1,-1,2,0,2,0,2,0,0,0,1,2,2,2,2,0,0,2,2
284,2251.263,-11059.657,-201.058,-134.981,-0.705265,0.706825,-0.054770,-0.707867,-0.706345,-0.000508,-0.039046,0.038412,0.998499,0,0.19485,0.17316,11.691,0.346,-1,375.000,-1,375.000,-1,300.000,300.000,325.000,225.000,-1,-1,-1,-1,700.000,650.000,-1,-1,2,0,2,0,2,0,0,0,1,2,2,2,2,0,0,2,2
285,2246.442,-11064.581,-201.306,-134.394,-0.698002,0.714010,-0.054616,-0.715053,-0.699069,-0.000624,-0.038626,0.038618,0.998507,0,0.11485,0.29316,6.891,0.586,-1,375.000,-1,375.000,-1,300.000,300.000,325.000,225.000,-1,-1,-1,-1,700.000,650.000,-1,-1,2,0,2,0,2,0,0,0,1,2,2,2,2,0,0,2,2
286,2245.001,-11066.095,-201.002,-133.568,-0.687610,0.724044,-0.054342,-0.725019,-0.688724,-0.002494,-0.039233,0.037684,0.998519,0,0.03485,0.41316,2.091,0.826,-1,375.000,-1,375.000,-1,300.000,300.000,300.000,250.000,-1,-1,-1,-1,700.000,650.000,-1,-1,2,0,2,0,2,0,0,0,1,2,2,2,2,0,0,2,2
287,2246.831,-11064.098,-200.596,-132.502,-0.673994,0.736747,-0.054177,-0.737677,-0.675142,-0.004038,-0.039552,0.037243,0.998523,0,-0.04515,0.53316,-2.709,1.066,-1,375.000,-1,375.000,-1,300.000,300.000,300.000,250.000,-1,-1,-1,-1,700.000,650.000,-1,-1,2,0,2,0,2,0,0,0,1,2,2,2,2,0,0,2,2
288,2245.441,-11065.659,-200.292,-131.675,-0.663282,0.746433,-0.053793,-0.747292,-0.664469,-0.005883,-0.040135,0.036297,0.998535,0,0.03485,0.41316,2.091,0.826,1000.000,375.000,-1,375.000,-1,300.000,300.000,300.000,250.000,-1,-1,-1,-1,700.000,650.000,-1,-1,1,0,2,0,2,0,0,0,1,2,2,2,2,0,0,2,2
289,2240.911,-11070.853,-200.120,-131.089,-0.655601,0.753230,-0.053227,-0.754000,-0.656827,-0.007872,-0.040891,0.034972,0.998551,0,0.11485,0.29316,6.891,0.586,975.000,375.000,-1,375.000,-1,300.000,300.000,300.000,250.000,-1,-1,-1,-1,675.000,650.000,-1,-1,1,0,2,0,2,0,0,0,1,2,2,2,2,0,0,2,2
290,2233.281,-11079.710,-200.118,-130.743,-0.651037,0.757226,-0.052536,-0.757900,-0.652297,-0.009810,-0.041698,0.033430,0.998571,0,0.19485,0.17316,11.691,0.346,950.000,375.000,-1,375.000,-1,300.000,300.000,300.000,275.000,-1,-1,-1,600.000,675.000,625.000,-1,-1,1,0,2,0,2,0,0,0,1,2,2,2,1,0,0,2,2
291,2222.540,-11092.224,-200.333,-130.636,-0.649642,0.758474,-0.051791,-0.759057,-0.650924,-0.011462,-0.042406,0.031866,0.998592,0,0.27485,0.05316,16.491,0.106,925.000,375.000,-1,375.000,-1,300.000,300.000,300.000,275.000,-1,-1,-1,525.000,675.000,625.000,-1,-1,1,0,2,0,2,0,0,0,1,2,2,2,1,0,0,2,2
292,2208.637,-11108.348,-200.820,-130.770,-0.651433,0.756985,-0.051069,-0.757496,-0.652719,-0.012552,-0.042836,0.030508,0.998616,0,0.35485,-0.06684,21.291,-0.134,925.000,375.000,-1,375.000,-1,300.000,300.000,300.000,300.000,-1,-1,-1,500.000,675.000,625.000,-1,-1,1,0,2,0,2,0,0,0,1,2,2,2,1,0,0,2,2
293,2191.470,-11127.996,-201.644,-131.144,-0.656391,0.752733,-0.050444,-0.753207,-0.657660,-0.012754,-0.042775,0.029623,0.998645,0,0.43485,-0.18684,26.091,-0.374,900.000,375.000,-1,375.000,-1,300.000,300.000,300.000,300.000,-1,-1,-1,475.000,675.000,625.000,-1,-1,1,0,2,0,2,0,0,0,1,2,2,2,1,0,0,2,2
294,2170.897,-11151.040,-202.882,-131.757,-0.664464,0.745648,-0.049971,-0.746141,-0.665686,-0.011682,-0.041976,0.029523,0.998682,0,0.51485,-0.30684,30.891,-0.614,900.000,375.000,-1,375.000,-1,300.000,300.000,300.000,325.000,-1,-1,-1,450.000,675.000,625.000,-1,1000.000,1,0,2,0,2,0,0,0,1,2,2,2,1,0,0,2,0
295,2146.778,-11177.348,-204.612,-132.516,-0.674341,0.736749,-0.049649,-0.737329,-0.675475,-0.008937,-0.040121,0.030581,0.998727,0,0.59485,-0.37916,35.691,-0.758,925.000,375.000,-1,375.000,-1,300.000,300.000,300.000,325.000,-1,-1,-1,425.000,675.000,625.000,-1,1000.000,1,0,2,0,2,0,0,0,0,2,2,2,1,0,0,2,0
296,2121.163,-11204.569,-206.755,-133.261,-0.683953,0.727846,-0.049481,-0.728583,-0.684943,-0.004377,-0.037078,0.033057,0.998765,0,0.62297,-0.37250,37.378,-0.745,950.000,375.000,-1,375.000,1000.000,300.000,300.000,325.000,325.000,-1,-1,-1,400.000,675.000,625.000,-1,975.000,1,0,2,0,0,0,0,0,0,2,2,2,1,0,0,2,0
297,2095.218,-11231.445,-208.842,-133.991,-0.693275,0.718992,-0.049193,-0.719866,-0.694113,0.000078,-0.034089,0.035467,0.998789,0,0.62261,-0.36538,37.356,-0.731,-1,375.000,-1,350.000,975.000,300.000,300.000,325.000,300.000,-1,-1,-1,375.000,675.000,600.000,-1,975.000,2,0,2,0,0,0,0,0,0,2,2,2,1,0,0,2,0
298,2068.945,-11257.987,-210.084,-134.708,-0.702263,0.710273,-0.048360,-0.711131,-0.703060,0.000747,-0.033469,0.034915,0.998830,0,0.62244,-0.35811,37.346,-0.716,-1,375.000,-1,350.000,950.000,300.000,300.000,325.000,325.000,-1,-1,-1,375.000,675.000,600.000,-1,950.000,2,0,2,0,0,0,0,0,0,2,2,2,1,0,0,2,0
299,2042.348,-11284.207,-211.296,-135.409,-0.710962,0.701626,-0.047477,-0.702467,-0.711715,0.001457,-0.032768,0.034387,0.998871,0,0.62247,-0.35071,37.348,-0.701,-1,375.000,-1,350.000,950.000,300.000,300.000,325.000,325.000,-1,875.000,-1,375.000,675.000,600.000,-1,925.000,2,0,2,0,0,0,0,0,0,2,0,2,1,0,0,2,0
