timestep,x_cm,y_cm,z_cm,yaw_deg,teleport_flag,throttle_cmd,steering_cmd,cmd_move_cm,cmd_turn_deg,lidar_cm_0,lidar_cm_1,lidar_cm_2,lidar_cm_3,lidar_cm_4,lidar_cm_5,lidar_cm_6,lidar_cm_7,lidar_cm_8,lidar_cm_9,lidar_cm_10,lidar_cm_11,lidar_cm_12,lidar_cm_13,lidar_cm_14,lidar_cm_15,lidar_cm_16,lidar_class_0,lidar_class_1,lidar_class_2,lidar_class_3,lidar_class_4,lidar_class_5,lidar_class_6,lidar_class_7,lidar_class_8,lidar_class_9,lidar_class_10,lidar_class_11,lidar_class_12,lidar_class_13,lidar_class_14,lidar_class_15,lidar_class_16
0,15612.025,-1775.048,-235.249,126.300,1,-0.08000,0.12000,-9.600,1.080,-1,650.000,-1,625.000,-1,475.000,475.000,375.000,375.000,425.000,200.000,150.000,-1,-1,-1,-1,-1,2,0,2,0,2,0,0,0,0,1,0,0,2,2,2,2,2
2,15643.125,-1811.585,-239.087,131.700,0,-0.24000,0.36000,-28.800,3.240,-1,575.000,-1,600.000,-1,450.000,450.000,350.000,375.000,400.000,175.000,150.000,-1,-1,-1,-1,-1,2,0,2,0,2,0,0,0,0,1,0,0,2,2,2,2,2
4,15708.281,-1868.183,-244.925,141.420,0,-0.40000,0.60000,-48.000,5.400,-1,475.000,-1,525.000,-1,375.000,400.000,350.000,375.000,400.000,150.000,200.000,-1,-1,-1,-1,-1,2,0,2,0,2,0,0,1,0,1,0,0,2,2,2,2,2
6,15800.021,-1917.809,-249.955,155.460,0,-0.42512,0.84000,-51.014,7.560,-1,425.000,-1,450.000,-1,325.000,325.000,275.000,375.000,525.000,275.000,475.000,-1,-1,-1,-1,-1,2,0,2,0,2,0,0,1,0,0,0,0,2,2,2,2,2
8,15890.531,-1936.326,-252.294,173.100,0,-0.37222,1.00000,-44.667,9.000,-1,425.000,-1,375.000,-1,325.000,325.000,250.000,350.000,775.000,700.000,900.000,-1,1000.000,-1,-1,-1,2,0,2,0,2,0,0,1,0,0,0,0,2,0,2,2,2
10,15950.820,-1932.219,-252.807,187.860,0,-0.21222,0.76000,-25.467,6.840,475.000,450.000,-1,400.000,-1,350.000,325.000,250.000,325.000,1000.000,-1,-1,-1,750.000,1000.000,950.000,-1,1,0,2,0,2,0,0,1,0,0,2,2,2,1,0,1,2
12,15972.180,-1926.483,-252.782,198.604,0,-0.05222,0.55381,-6.267,4.984,375.000,425.000,-1,425.000,-1,350.000,350.000,250.000,325.000,-1,-1,-1,-1,600.000,975.000,475.000,-1,1,1,2,0,2,0,0,0,0,2,2,2,2,1,0,1,2
14,15957.729,-1933.931,-252.988,208.241,0,0.10778,0.52978,12.933,4.768,325.000,350.000,-1,425.000,-1,350.000,350.000,250.000,300.000,-1,-1,-1,-1,500.000,975.000,375.000,-1,1,1,2,0,2,1,0,0,0,2,2,2,2,1,0,1,2
16,15913.329,-1965.749,-254.245,217.524,0,0.26778,0.51143,32.133,4.603,250.000,300.000,-1,450.000,-1,300.000,350.000,250.000,275.000,-1,-1,-1,-1,400.000,825.000,275.000,-1,1,1,2,0,2,1,0,0,0,2,2,2,2,1,1,1,2
18,15847.021,-2030.953,-257.724,226.521,0,0.42778,0.49609,51.333,4.465,175.000,250.000,725.000,375.000,-1,225.000,275.000,250.000,275.000,-1,-1,-1,-1,325.000,575.000,175.000,-1,1,1,1,1,2,1,1,0,0,2,2,2,2,1,1,1,2
20,15768.404,-2136.206,-264.860,235.250,0,0.58778,0.48114,70.533,4.330,50.000,175.000,400.000,225.000,725.000,150.000,175.000,225.000,275.000,-1,-1,-1,-1,225.000,350.000,50.000,450.000,1,1,1,1,1,1,1,0,0,2,2,2,2,1,1,1,1
22,15687.950,-2285.684,-277.014,243.677,0,0.74778,0.46353,89.733,4.172,0.000,75.000,150.000,100.000,100.000,75.000,75.000,200.000,300.000,-1,-1,-1,-1,100.000,125.000,0.000,75.000,1,1,1,1,1,1,1,0,0,2,2,2,2,1,1,1,1
24,-9457.816,-17494.815,314.048,-95.648,1,0.08000,-0.08206,9.600,-0.739,-1,650.000,-1,825.000,-1,375.000,425.000,325.000,475.000,700.000,0.000,0.000,-1,-1,-1,-1,-1,2,0,2,0,2,0,0,0,0,0,0,0,2,2,2,2,2
26,-9463.524,-17542.474,323.672,-97.125,0,0.24000,-0.08206,28.800,-0.739,-1,725.000,-1,900.000,-1,450.000,500.000,325.000,500.000,700.000,0.000,25.000,-1,-1,-1,-1,-1,2,0,2,0,2,0,0,0,0,0,0,0,2,2,2,2,2
28,-9475.958,-17627.973,341.299,-98.603,0,0.40000,-0.08206,48.000,-0.739,-1,875.000,-1,-1,-1,575.000,625.000,325.000,600.000,700.000,50.000,100.000,-1,-1,-1,-1,-1,2,0,2,2,2,0,0,0,0,0,0,0,2,2,2,2,2
30,-9497.068,-17750.972,367.462,-100.080,0,0.56000,-0.08206,67.200,-0.739,-1,-1,-1,-1,-1,775.000,825.000,325.000,775.000,700.000,150.000,200.000,-1,-1,-1,-1,-1,2,2,2,2,2,0,0,0,0,0,0,0,2,2,2,2,2
32,-9528.792,-17911.055,399.243,-101.557,0,0.72000,-0.08206,86.400,-0.739,-1,-1,-1,-1,-1,875.000,800.000,-1,300.000,-1,975.000,700.000,825.000,-1,-1,-1,-1,2,2,2,2,2,0,0,2,0,2,0,0,0,2,2,2,2
34,-9568.321,-18086.966,417.482,-103.034,0,0.75125,-0.08206,90.151,-0.739,-1,400.000,-1,300.000,425.000,300.000,275.000,825.000,325.000,-1,-1,-1,-1,750.000,525.000,-1,425.000,2,0,2,0,0,0,0,0,0,2,2,2,2,0,0,2,0
36,-9612.371,-18261.800,405.854,-104.511,0,0.75125,-0.08206,90.151,-0.739,-1,400.000,-1,325.000,-1,300.000,300.000,575.000,325.000,-1,-1,-1,-1,750.000,775.000,-1,-1,2,0,2,0,2,0,0,0,0,2,2,2,2,0,0,2,2
38,-9660.913,-18435.440,396.837,-105.988,0,0.75125,-0.08206,90.151,-0.739,-1,425.000,-1,425.000,-1,350.000,350.000,425.000,350.000,-1,-1,-1,-1,-1,-1,-1,-1,2,0,2,0,2,0,0,0,0,2,2,2,2,2,2,2,2
40,-9713.915,-18607.771,390.821,-107.465,0,0.75125,-0.08206,90.151,-0.739,-1,-1,-1,575.000,-1,400.000,425.000,350.000,350.000,-1,50.000,225.000,-1,-1,-1,-1,-1,2,2,2,0,2,0,0,0,0,2,0,0,2,2,2,2,2
42,-9771.341,-18778.678,383.124,-108.942,0,0.75125,-0.08206,90.151,-0.739,-1,-1,-1,-1,-1,-1,-1,325.000,350.000,-1,-1,-1,-1,-1,-1,-1,-1,2,2,2,2,2,2,2,0,0,2,2,2,2,2,2,2,2
44,-9833.154,-18898.500,372.701,-110.419,0,0.75125,-0.08206,90.151,-0.739,-1,-1,-1,-1,-1,-1,-1,325.000,300.000,-1,-1,-1,-1,-1,-1,-1,-1,2,2,2,2,2,2,2,0,0,2,2,2,2,2,2,2,2
46,-9889.869,-18898.500,371.026,-108.656,0,0.67125,0.15794,80.551,1.421,-1,-1,-1,-1,-1,-1,-1,300.000,325.000,-1,-1,-1,-1,-1,-1,-1,-1,2,2,2,2,2,2,2,0,0,2,2,2,2,2,2,2,2
48,-9924.634,-18898.500,370.002,-102.573,0,0.57513,0.39794,69.015,3.581,-1,-1,-1,-1,-1,-1,-1,300.000,325.000,-1,-1,-1,-1,-1,-1,-1,-1,2,2,2,2,2,2,2,0,0,2,2,2,2,2,2,2,2
50,-9940.070,-18898.500,369.549,-94.330,0,0.65513,0.39794,78.615,3.581,-1,-1,-1,-1,-1,-1,-1,325.000,325.000,-1,-1,-1,-1,-1,-1,-1,-1,2,2,2,2,2,2,2,0,0,2,2,2,2,2,2,2,2
52,-9930.181,-18898.500,369.846,-84.498,0,0.81513,0.57457,97.815,5.171,-1,-1,-1,-1,-1,-1,-1,350.000,325.000,-1,-1,-1,-1,-1,-1,-1,-1,2,2,2,2,2,2,2,0,0,2,2,2,2,2,2,2,2
54,-9887.312,-18898.500,371.115,-77.395,0,0.95344,0.33457,114.412,3.011,-1,-1,-1,-1,-1,-1,-1,375.000,325.000,-1,-1,-1,-1,-1,-1,-1,-1,2,2,2,2,2,2,2,0,0,2,2,2,2,2,2,2,2
56,-9828.238,-18898.500,372.861,-74.613,0,0.95344,0.09457,114.412,0.851,-1,-1,-1,-1,-1,-1,-1,375.000,325.000,-1,-1,-1,-1,-1,-1,-1,-1,2,2,2,2,2,2,2,0,0,2,2,2,2,2,2,2,2
58,-9773.034,-18898.500,374.490,-76.151,0,0.88035,-0.14543,105.642,-1.309,-1,-1,-1,-1,-1,-1,-1,375.000,350.000,-1,-1,-1,-1,-1,-1,-1,-1,2,2,2,2,2,2,2,0,0,2,2,2,2,2,2,2,2
60,-9737.357,-18898.500,375.541,-82.008,0,0.88035,-0.38543,105.642,-3.469,-1,-1,-1,-1,-1,-1,-1,400.000,325.000,-1,-1,-1,-1,-1,-1,-1,-1,2,2,2,2,2,2,2,0,0,2,2,2,2,2,2,2,2
62,-9731.057,-18898.500,375.723,-90.026,0,0.80035,-0.38543,96.042,-3.469,-1,-1,-1,-1,-1,-1,-1,400.000,325.000,-1,-1,-1,-1,-1,-1,-1,-1,2,2,2,2,2,2,2,0,0,2,2,2,2,2,2,2,2
64,-9751.549,-18898.500,375.114,-99.009,0,0.72252,-0.49267,86.703,-4.434,-1,-1,-1,-1,-1,-1,-1,375.000,300.000,-1,-1,-1,-1,-1,-1,-1,-1,2,2,2,2,2,2,2,0,0,2,2,2,2,2,2,2,2
66,-9803.215,-18898.500,373.585,-108.957,0,0.76759,-0.49267,92.111,-4.434,-1,-1,-1,-1,-1,-1,-1,325.000,300.000,-1,-1,-1,-1,-1,-1,-1,-1,2,2,2,2,2,2,2,0,0,2,2,2,2,2,2,2,2
68,-9876.505,-18898.500,371.420,-114.585,0,0.76759,-0.25267,92.111,-2.274,-1,-1,-1,-1,-1,-1,-1,275.000,325.000,-1,-1,-1,-1,-1,-1,-1,-1,2,2,2,2,2,2,2,0,0,2,2,2,2,2,2,2,2
70,-9974.120,-18898.500,368.536,-122.373,0,0.84759,-0.49267,101.711,-4.434,-1,-1,-1,-1,-1,-1,-1,250.000,375.000,-1,-1,-1,-1,-1,-1,-1,-1,2,2,2,2,2,2,2,0,0,2,2,2,2,2,2,2,2
72,-10110.404,-18898.500,364.510,-128.807,0,0.94433,-0.32313,113.320,-2.908,-1,-1,-1,350.000,-1,-1,300.000,250.000,475.000,-1,-1,-1,-1,-1,-1,-1,-1,2,2,2,0,2,2,0,0,0,2,2,2,2,2,2,2,2
74,-10253.493,-18898.500,357.529,-131.917,0,0.86433,-0.14252,103.720,-1.283,-1,-1,-1,300.000,-1,-1,250.000,300.000,450.000,-1,-1,-1,-1,-1,-1,-1,-1,2,2,2,0,2,2,0,0,0,2,2,2,2,2,2,2,2
76,-10401.184,-18898.500,348.415,-137.723,0,0.85584,-0.38252,102.701,-3.443,-1,-1,-1,400.000,-1,250.000,275.000,-1,425.000,-1,-1,-1,-1,-1,-1,-1,-1,2,2,2,0,2,0,0,2,0,2,2,2,2,2,2,2,2
78,-10561.991,-18898.500,338.491,-142.470,0,0.85541,-0.20373,102.649,-1.834,-1,-1,-1,550.000,-1,350.000,375.000,-1,425.000,-1,50.000,-1,-1,-1,-1,-1,-1,2,2,2,0,2,0,0,2,0,2,0,2,2,2,2,2,2
80,-10727.807,-18898.500,328.258,-144.527,0,0.85541,-0.14483,102.649,-1.304,-1,-1,-1,650.000,-1,-1,500.000,-1,400.000,-1,50.000,-1,-1,-1,-1,-1,-1,2,2,2,0,2,2,0,2,0,2,0,2,2,2,2,2,2
82,-10890.543,-18898.500,312.680,-145.658,0,0.78728,-0.00282,94.474,-0.025,-1,-1,-1,450.000,-1,400.000,400.000,-1,300.000,-1,-1,-1,-1,-1,825.000,-1,-1,2,2,2,0,2,0,0,2,0,2,2,2,2,2,0,2,2
84,-11043.757,-18898.500,290.744,-143.766,0,0.78728,0.09305,94.474,0.837,-1,-1,-1,425.000,-1,-1,350.000,275.000,325.000,-1,-1,-1,-1,-1,750.000,-1,-1,2,2,2,0,2,2,0,0,0,2,2,2,2,2,0,2,2
86,-11192.919,-18898.500,269.387,-138.851,0,0.82858,0.33305,99.430,2.997,-1,-1,-1,400.000,-1,-1,325.000,250.000,350.000,-1,-1,-1,-1,-1,675.000,-1,-1,2,2,2,0,2,2,0,0,0,2,2,2,2,2,0,2,2
88,-11326.348,-18898.500,250.282,-129.616,0,0.82858,0.57305,99.430,5.157,-1,-1,-1,375.000,-1,-1,300.000,250.000,375.000,-1,-1,-1,-1,-1,-1,-1,-1,2,2,2,0,2,2,0,0,0,2,2,2,2,2,2,2,2
90,-11426.388,-18898.500,235.960,-118.221,0,0.79898,0.57305,95.877,5.157,-1,-1,-1,-1,-1,-1,-1,250.000,350.000,-1,-1,-1,-1,-1,-1,-1,-1,2,2,2,2,2,2,2,0,0,2,2,2,2,2,2,2,2
92,-11500.191,-18898.500,225.271,-111.146,0,0.79898,0.33305,95.877,2.997,-1,-1,-1,-1,-1,-1,-1,275.000,350.000,-1,-1,-1,-1,-1,-1,-1,-1,2,2,2,2,2,2,2,0,0,2,2,2,2,2,2,2,2
94,-11557.156,-18898.500,216.720,-106.231,0,0.75696,0.33305,90.835,2.997,-1,-1,-1,-1,-1,-1,-1,275.000,325.000,-1,-1,-1,-1,-1,-1,-1,-1,2,2,2,2,2,2,2,0,0,2,2,2,2,2,2,2,2
96,-11587.343,-18898.500,212.193,-96.996,0,0.75696,0.57305,90.835,5.157,-1,-1,-1,-1,-1,-1,-1,300.000,300.000,-1,-1,-1,-1,-1,-1,-1,-1,2,2,2,2,2,2,2,0,0,2,2,2,2,2,2,2,2
98,-11581.287,-18898.500,213.108,-85.601,0,0.78865,0.57305,94.638,5.157,-1,-1,-1,-1,-1,-1,-1,325.000,300.000,-1,-1,-1,-1,-1,-1,-1,-1,2,2,2,2,2,2,2,0,0,2,2,2,2,2,2,2,2
100,-11548.511,-18898.500,218.033,-78.526,0,0.78865,0.33305,94.638,2.997,-1,-1,-1,-1,-1,-1,-1,325.000,275.000,-1,-1,-1,-1,-1,-1,-1,-1,2,2,2,2,2,2,2,0,0,2,2,2,2,2,2,2,2
102,-11502.254,-18898.500,224.982,-73.611,0,0.71882,0.33305,86.259,2.997,-1,-1,-1,-1,-1,-1,-1,350.000,275.000,-1,-1,-1,-1,-1,-1,-1,-1,2,2,2,2,2,2,2,0,0,2,2,2,2,2,2,2,2
104,-11435.578,-18898.500,234.703,-64.758,0,0.71882,0.55186,86.259,4.967,-1,-1,-1,-1,-1,-1,-1,350.000,275.000,-1,-1,-1,-1,-1,-1,-1,-1,2,2,2,2,2,2,2,0,0,2,2,2,2,2,2,2,2
106,-11334.625,-18898.500,249.161,-54.013,0,0.79882,0.53694,95.859,4.832,-1,300.000,-1,-1,-1,250.000,-1,400.000,300.000,-1,-1,-1,-1,-1,-1,-1,-1,2,0,2,2,2,0,2,0,0,2,2,2,2,2,2,2,2
108,-11186.020,-18898.500,270.431,-43.091,0,0.89471,0.57508,107.365,5.176,-1,450.000,-1,-1,-1,300.000,250.000,400.000,350.000,-1,-1,-1,-1,-1,-1,-1,-1,2,0,2,2,2,0,0,0,0,2,2,2,2,2,2,2,2
110,-11008.789,-18898.500,295.792,-31.115,0,0.89761,0.72537,107.713,6.528,-1,600.000,-1,-1,-1,450.000,425.000,400.000,-1,-1,-1,100.000,-1,-1,-1,-1,-1,2,0,2,2,2,0,0,0,2,2,2,0,2,2,2,2,2
112,-10806.706,-18898.500,323.367,-16.441,0,0.89761,0.78499,107.713,7.065,-1,400.000,-1,-1,-1,350.000,400.000,325.000,-1,-1,-1,-1,-1,875.000,-1,-1,-1,2,0,2,2,2,0,0,0,2,2,2,2,2,0,2,2,2
114,-10597.747,-18898.500,336.268,-5.551,0,0.86267,0.54499,103.520,4.905,-1,400.000,-1,450.000,-1,325.000,350.000,400.000,-1,-1,-1,-1,-1,-1,-1,-1,-1,2,0,2,0,2,0,0,0,2,2,2,2,2,2,2,2,2
116,-10390.769,-18896.660,349.233,1.018,0,0.86267,0.30499,103.520,2.745,-1,475.000,-1,425.000,-1,350.000,350.000,525.000,-1,-1,-1,-1,-1,-1,-1,-1,-1,2,0,2,0,2,0,0,0,2,2,2,2,2,2,2,2,2
118,-10180.048,-18885.685,363.837,3.268,0,0.89575,0.06499,107.490,0.585,-1,625.000,-1,425.000,-1,425.000,375.000,775.000,-1,-1,-1,300.000,-1,-1,-1,-1,-1,2,0,2,0,2,0,0,0,2,2,2,0,2,2,2,2,2
120,-9965.218,-18878.237,370.966,1.198,0,0.89575,-0.17501,107.490,-1.575,-1,500.000,-1,400.000,-1,350.000,325.000,500.000,-1,-1,-1,-1,-1,-1,975.000,-1,-1,2,0,2,0,2,0,0,0,2,2,2,2,2,2,0,2,2
122,-9750.714,-18890.697,375.690,-5.192,0,0.89575,-0.41501,107.490,-3.735,-1,500.000,-1,475.000,-1,400.000,375.000,350.000,-1,-1,-1,-1,-1,-1,-1,-1,-1,2,0,2,0,2,0,0,0,2,2,2,2,2,2,2,2,2
124,-9540.852,-18898.500,381.356,-14.624,0,0.89575,-0.51294,107.490,-4.616,-1,575.000,-1,-1,-1,450.000,450.000,325.000,-1,-1,75.000,300.000,-1,-1,-1,-1,-1,2,0,2,2,2,0,0,0,2,2,0,0,2,2,2,2,2
126,-9344.359,-18898.500,375.073,-27.096,0,0.89575,-0.75294,107.490,-6.776,-1,400.000,-1,-1,-1,350.000,350.000,350.000,-1,-1,-1,-1,-1,825.000,-1,-1,-1,2,0,2,2,2,0,0,0,2,2,2,2,2,0,2,2,2
128,-9177.544,-18898.500,367.920,-39.569,0,0.86264,-0.75294,103.516,-6.776,-1,425.000,-1,-1,-1,350.000,-1,375.000,275.000,-1,-1,-1,-1,825.000,-1,-1,-1,2,0,2,2,2,0,2,0,0,2,2,2,2,0,2,2,2
130,-9046.961,-18898.500,362.321,-54.202,0,0.86264,-0.75294,103.516,-6.776,-1,425.000,-1,-1,-1,-1,-1,350.000,275.000,-1,-1,-1,-1,-1,-1,-1,-1,2,0,2,2,2,2,2,0,0,2,2,2,2,2,2,2,2
132,-8953.236,-18898.500,358.303,-64.515,0,0.83821,-0.51294,100.585,-4.616,-1,-1,-1,-1,-1,-1,-1,325.000,275.000,-1,-1,-1,-1,-1,-1,-1,-1,2,2,2,2,2,2,2,0,0,2,2,2,2,2,2,2,2
134,-8882.084,-18898.500,355.253,-70.512,0,0.83821,-0.27333,100.585,-2.460,-1,-1,-1,-1,-1,-1,-1,325.000,275.000,-1,-1,-1,-1,-1,-1,-1,-1,2,2,2,2,2,2,2,0,0,2,2,2,2,2,2,2,2
136,-8832.118,-18898.500,352.828,-75.567,0,0.75581,-0.34087,90.697,-3.068,-1,-1,-1,-1,-1,-1,-1,300.000,300.000,-1,-1,-1,-1,-1,-1,-1,-1,2,2,2,2,2,2,2,0,0,2,2,2,2,2,2,2,2
138,-8799.634,-18898.500,351.034,-80.694,0,0.75581,-0.22479,90.697,-2.023,-1,-1,-1,-1,-1,-1,-1,300.000,300.000,-1,-1,-1,-1,-1,-1,-1,-1,2,2,2,2,2,2,2,0,0,2,2,2,2,2,2,2,2
140,-8779.465,-18898.500,349.920,-83.067,0,0.65392,-0.07185,78.470,-0.647,-1,-1,-1,-1,-1,-1,-1,300.000,325.000,-1,-1,-1,-1,-1,-1,-1,-1,2,2,2,2,2,2,2,0,0,2,2,2,2,2,2,2,2
142,-8757.292,-18898.500,348.696,-81.120,0,0.65392,0.16815,78.470,1.513,-1,-1,-1,-1,-1,-1,-1,300.000,300.000,-1,-1,-1,-1,-1,-1,-1,-1,2,2,2,2,2,2,2,0,0,2,2,2,2,2,2,2,2
144,-8722.656,-18898.500,346.784,-78.335,0,0.81392,0.21476,97.670,1.933,-1,-1,-1,-1,-1,-1,-1,300.000,300.000,-1,-1,-1,-1,-1,-1,-1,-1,2,2,2,2,2,2,2,0,0,2,2,2,2,2,2,2,2
146,-8661.366,-18898.500,343.401,-71.229,0,0.88800,0.45476,106.560,4.093,-1,-1,-1,-1,-1,-1,-1,300.000,300.000,-1,-1,-1,-1,-1,-1,-1,-1,2,2,2,2,2,2,2,0,0,2,2,2,2,2,2,2,2
148,-8581.491,-18898.500,338.991,-66.284,0,0.86075,0.21476,103.290,1.933,-1,-1,-1,-1,-1,-1,-1,275.000,300.000,-1,-1,-1,-1,-1,-1,-1,-1,2,2,2,2,2,2,2,0,0,2,2,2,2,2,2,2,2
150,-8495.969,-18898.500,334.269,-65.658,0,0.86075,-0.02524,103.290,-0.227,-1,-1,-1,-1,-1,-1,-1,250.000,300.000,-1,-1,-1,-1,-1,-1,-1,-1,2,2,2,2,2,2,2,0,0,2,2,2,2,2,2,2,2
152,-8429.658,-18898.500,330.607,-69.352,0,0.70075,-0.26524,84.090,-2.387,-1,-1,-1,-1,-1,-1,-1,250.000,300.000,-1,-1,-1,-1,-1,-1,-1,-1,2,2,2,2,2,2,2,0,0,2,2,2,2,2,2,2,2
154,-8393.463,-18898.500,328.608,-77.367,0,0.54075,-0.50524,64.890,-4.547,-1,-1,-1,-1,-1,-1,-1,225.000,300.000,-1,-1,-1,-1,-1,-1,-1,-1,2,2,2,2,2,2,2,0,0,2,2,2,2,2,2,2,2
156,-8383.938,-18898.500,328.081,-89.701,0,0.70075,-0.74524,84.090,-6.707,-1,-1,-1,-1,-1,-1,-1,225.000,300.000,-1,-1,-1,-1,-1,-1,-1,-1,2,2,2,2,2,2,2,0,0,2,2,2,2,2,2,2,2
158,-8418.901,-18898.500,330.011,-103.190,0,0.86075,-0.68935,103.290,-6.204,-1,-1,-1,-1,-1,-1,-1,250.000,300.000,-1,-1,-1,-1,-1,-1,-1,-1,2,2,2,2,2,2,2,0,0,2,2,2,2,2,2,2,2
160,-8480.758,-18898.500,333.425,-112.358,0,0.71018,-0.44935,85.222,-4.044,-1,-1,-1,-1,-1,-1,-1,275.000,300.000,-1,-1,-1,-1,-1,-1,-1,-1,2,2,2,2,2,2,2,0,0,2,2,2,2,2,2,2,2
162,-8556.171,-18898.500,337.589,-117.206,0,0.71018,-0.20935,85.222,-1.884,-1,-1,-1,-1,-1,-1,-1,275.000,325.000,-1,-1,-1,-1,-1,-1,-1,-1,2,2,2,2,2,2,2,0,0,2,2,2,2,2,2,2,2
164,-8647.301,-18898.500,342.620,-119.895,0,0.78448,-0.20935,94.138,-1.884,-1,-1,-1,-1,-1,-1,-1,300.000,325.000,-1,-1,-1,-1,-1,-1,-1,-1,2,2,2,2,2,2,2,0,0,2,2,2,2,2,2,2,2
166,-8743.031,-18898.500,347.906,-120.423,0,0.78448,0.03065,94.138,0.276,-1,-1,-1,-1,-1,-1,-1,300.000,325.000,-1,-1,-1,-1,-1,-1,-1,-1,2,2,2,2,2,2,2,0,0,2,2,2,2,2,2,2,2
168,-8834.345,-18898.500,352.948,-116.632,0,0.81465,0.27065,97.758,2.436,-1,-1,-1,-1,-1,-1,-1,300.000,350.000,-1,-1,-1,-1,-1,-1,-1,-1,2,2,2,2,2,2,2,0,0,2,2,2,2,2,2,2,2
170,-8917.399,-18898.500,356.772,-115.000,0,0.81465,0.03065,97.758,0.276,-1,-1,-1,-1,-1,-1,-1,325.000,325.000,-1,-1,-1,-1,-1,-1,-1,-1,2,2,2,2,2,2,2,0,0,2,2,2,2,2,2,2,2
172,-9010.662,-18898.500,360.771,-117.688,0,0.86359,-0.20935,103.630,-1.884,-1,-1,-1,-1,-1,-1,-1,325.000,325.000,-1,-1,-1,-1,-1,-1,-1,-1,2,2,2,2,2,2,2,0,0,2,2,2,2,2,2,2,2
174,-9122.485,-18898.500,365.567,-124.697,0,0.86359,-0.44935,103.630,-4.044,-1,-1,-1,-1,-1,-1,300.000,325.000,325.000,-1,-1,-1,-1,-1,-1,-1,-1,2,2,2,2,2,2,0,0,0,2,2,2,2,2,2,2,2
176,-9238.921,-18898.500,370.560,-129.545,0,0.77203,-0.20935,92.644,-1.884,-1,-1,-1,-1,-1,-1,-1,325.000,350.000,-1,-1,-1,-1,-1,-1,-1,-1,2,2,2,2,2,2,2,0,0,2,2,2,2,2,2,2,2
178,-9358.545,-18898.500,375.690,-130.073,0,0.77203,0.03065,92.644,0.276,-1,-1,-1,-1,-1,-1,-1,325.000,350.000,-1,-1,-1,-1,-1,-1,-1,-1,2,2,2,2,2,2,2,0,0,2,2,2,2,2,2,2,2
180,-9488.681,-18898.500,381.271,-126.282,0,0.93203,0.27065,111.844,2.436,-1,-1,-1,-1,-1,-1,-1,325.000,375.000,-1,-1,-1,-1,-1,-1,-1,-1,2,2,2,2,2,2,2,0,0,2,2,2,2,2,2,2,2
182,-9602.601,-18898.500,379.507,-118.170,0,0.93687,0.51065,112.425,4.596,-1,-1,-1,-1,-1,-1,-1,425.000,250.000,-1,-1,-1,-1,-1,-1,-1,-1,2,2,2,2,2,2,2,0,0,2,2,2,2,2,2,2,2
184,-9672.892,-18898.500,377.433,-108.566,0,0.77687,0.52180,93.225,4.696,-1,-1,-1,-1,-1,-1,-1,400.000,275.000,-1,-1,-1,-1,-1,-1,-1,-1,2,2,2,2,2,2,2,0,0,2,2,2,2,2,2,2,2
186,-9710.377,-18898.500,376.328,-102.413,0,0.61687,0.28180,74.025,2.536,-1,-1,-1,-1,-1,-1,-1,375.000,300.000,-1,-1,-1,-1,-1,-1,-1,-1,2,2,2,2,2,2,2,0,0,2,2,2,2,2,2,2,2
188,-9739.923,-18898.500,375.457,-98.421,0,0.77687,0.28180,93.225,2.536,-1,-1,-1,-1,-1,-1,-1,375.000,300.000,-1,-1,-1,-1,-1,-1,-1,-1,2,2,2,2,2,2,2,0,0,2,2,2,2,2,2,2,2
190,-9764.367,-18898.500,374.736,-96.588,0,0.86976,0.04180,104.372,0.376,-1,-1,-1,-1,-1,-1,-1,375.000,325.000,-1,-1,-1,-1,-1,-1,-1,-1,2,2,2,2,2,2,2,0,0,2,2,2,2,2,2,2,2
192,-9782.703,-18898.500,374.196,-94.166,0,0.94268,0.10740,113.122,0.967,-1,-1,-1,-1,-1,-1,-1,375.000,325.000,-1,-1,-1,-1,-1,-1,-1,-1,2,2,2,2,2,2,2,0,0,2,2,2,2,2,2,2,2
194,-9801.932,-18898.500,373.628,-95.472,0,0.94268,-0.13260,113.122,-1.193,-1,-1,-1,-1,-1,-1,-1,350.000,325.000,-1,-1,-1,-1,-1,-1,-1,-1,2,2,2,2,2,2,2,0,0,2,2,2,2,2,2,2,2
196,-9831.155,-18898.500,372.763,-99.357,0,0.78268,-0.17901,93.922,-1.611,-1,-1,-1,-1,-1,-1,-1,350.000,325.000,-1,-1,-1,-1,-1,-1,-1,-1,2,2,2,2,2,2,2,0,0,2,2,2,2,2,2,2,2
198,-9871.994,-18898.500,371.555,-105.819,0,0.70705,-0.41901,84.845,-3.771,-1,-1,-1,-1,-1,-1,-1,300.000,325.000,-1,-1,-1,-1,-1,-1,-1,-1,2,2,2,2,2,2,2,0,0,2,2,2,2,2,2,2,2
200,-9938.377,-18898.500,369.593,-114.441,0,0.72149,-0.41901,86.578,-3.771,-1,-1,-1,-1,-1,-1,-1,250.000,325.000,-1,-1,-1,-1,-1,-1,-1,-1,2,2,2,2,2,2,2,0,0,2,2,2,2,2,2,2,2
202,-10030.672,-18898.500,366.866,-125.223,0,0.72149,-0.65901,86.578,-5.931,-1,-1,-1,375.000,-1,-1,-1,250.000,425.000,-1,-1,-1,-1,-1,-1,-1,-1,2,2,2,0,2,2,2,0,0,2,2,2,2,2,2,2,2
204,-10142.723,-18898.500,363.555,-133.845,0,0.69866,-0.41901,83.839,-3.771,-1,-1,-1,350.000,-1,-1,300.000,250.000,525.000,-1,-1,-1,-1,-1,-1,-1,-1,2,2,2,0,2,2,0,0,0,2,2,2,2,2,2,2,2
206,-10266.024,-18898.500,356.754,-138.147,0,0.69866,-0.17901,83.839,-1.611,-1,-1,-1,325.000,-1,250.000,250.000,300.000,450.000,-1,-1,-1,-1,-1,-1,-1,-1,2,2,2,0,2,0,0,0,0,2,2,2,2,2,2,2,2
208,-10402.266,-18898.500,348.347,-141.447,0,0.73739,-0.24332,88.487,-2.190,-1,-1,-1,425.000,-1,250.000,300.000,-1,425.000,-1,-1,-1,-1,-1,-1,-1,-1,2,2,2,0,2,0,0,2,0,2,2,2,2,2,2,2,2
210,-10549.614,-18898.500,339.253,-148.090,0,0.73739,-0.37478,88.487,-3.373,-1,-1,-1,550.000,-1,350.000,400.000,-1,425.000,-1,75.000,-1,-1,-1,-1,-1,-1,2,2,2,0,2,0,0,2,0,2,0,2,2,2,2,2,2
212,-10728.937,-18898.500,328.185,-153.756,0,0.87383,-0.37478,104.860,-3.373,-1,-1,-1,625.000,-1,500.000,500.000,-1,400.000,-1,125.000,25.000,-1,-1,-1,-1,-1,2,2,2,0,2,0,0,2,0,2,0,0,2,2,2,2,2
214,-10925.794,-18898.500,307.639,-161.582,0,0.87383,-0.37478,104.860,-3.373,-1,-1,-1,400.000,-1,375.000,350.000,-1,325.000,-1,-1,-1,-1,-1,775.000,-1,-1,2,2,2,0,2,0,0,2,0,2,2,2,2,2,0,2,2
216,-11143.269,-18898.500,276.505,-166.132,0,0.93828,-0.25078,112.593,-2.257,-1,425.000,-1,400.000,-1,325.000,325.000,-1,425.000,-1,-1,-1,-1,-1,750.000,-1,-1,2,0,2,0,2,0,0,2,0,2,2,2,2,2,0,2,2
218,-11365.387,-18898.500,244.702,-171.726,0,0.93828,-0.25078,112.593,-2.257,-1,350.000,-1,425.000,-1,300.000,325.000,-1,525.000,-1,-1,-1,-1,625.000,725.000,-1,-1,2,0,2,0,2,0,0,2,0,2,2,2,2,0,0,2,2
220,-11573.135,-18898.500,214.290,-179.481,0,0.86724,-0.49078,104.069,-4.417,-1,350.000,-1,400.000,-1,300.000,325.000,-1,550.000,-1,-1,-1,-1,625.000,675.000,-1,-1,2,0,2,0,2,0,0,2,0,2,2,2,2,0,0,2,2
222,-11778.771,-18868.625,186.017,-191.555,0,0.86724,-0.73078,104.069,-6.577,-1,325.000,-1,375.000,-1,275.000,300.000,-1,450.000,-1,-1,-1,-1,550.000,625.000,-1,-1,2,0,2,0,2,0,0,2,0,2,2,2,2,0,0,2,2
224,-11976.663,-18799.479,159.491,-201.469,0,0.87408,-0.49078,104.890,-4.417,750.000,250.000,-1,300.000,-1,225.000,250.000,275.000,375.000,-1,-1,-1,-1,400.000,500.000,425.000,-1,0,0,2,0,2,0,0,0,0,2,2,2,2,0,0,0,2
226,-12163.439,-18704.210,135.862,-208.877,0,0.87408,-0.41158,104.890,-3.704,-1,425.000,-1,425.000,-1,325.000,325.000,425.000,275.000,-1,0.000,0.000,350.000,-1,-1,-1,-1,2,0,2,0,2,0,0,0,0,2,0,0,0,2,2,2,2
228,-12336.371,-18585.653,133.393,-216.285,0,0.87408,-0.41158,104.890,-3.704,-1,450.000,-1,425.000,-1,350.000,325.000,500.000,275.000,-1,150.000,0.000,500.000,-1,-1,-1,-1,2,0,2,0,2,0,0,0,0,2,0,0,0,2,2,2,2
230,-12492.574,-18445.788,130.834,-223.694,0,0.87408,-0.41158,104.890,-3.704,-1,450.000,-1,600.000,-1,350.000,375.000,450.000,300.000,-1,600.000,300.000,700.000,-1,-1,-1,-1,2,0,2,0,2,0,0,0,0,2,0,0,0,2,2,2,2
232,-12629.438,-18286.949,128.232,-231.102,0,0.87408,-0.41158,104.890,-3.704,-1,550.000,-1,725.000,-1,450.000,500.000,400.000,325.000,-1,-1,-1,925.000,-1,-1,-1,-1,2,0,2,0,2,0,0,0,0,2,2,2,0,2,2,2,2
234,-12744.678,-18111.789,125.707,-238.511,0,0.87408,-0.41158,104.890,-3.704,-1,650.000,-1,750.000,-1,550.000,575.000,400.000,375.000,-1,-1,-1,-1,-1,-1,-1,-1,2,0,2,0,2,0,0,0,0,2,2,2,2,2,2,2,2
236,-12836.372,-17923.232,103.029,-245.919,0,0.87408,-0.41158,104.890,-3.704,-1,350.000,-1,350.000,550.000,300.000,300.000,400.000,275.000,-1,-1,-1,-1,575.000,550.000,900.000,650.000,2,0,2,0,0,0,0,0,0,2,2,2,2,0,0,0,0
238,-12902.987,-17724.425,68.876,-253.327,0,0.87408,-0.41158,104.890,-3.704,900.000,325.000,-1,300.000,375.000,275.000,275.000,325.000,250.000,-1,-1,-1,-1,550.000,475.000,825.000,450.000,0,0,2,0,0,0,0,0,0,2,2,2,2,0,0,0,0
240,-12943.412,-17518.689,37.120,-260.736,0,0.87408,-0.41158,104.890,-3.704,775.000,300.000,-1,250.000,200.000,250.000,225.000,325.000,225.000,-1,-1,-1,-1,525.000,400.000,725.000,225.000,0,0,2,0,0,0,0,0,0,2,2,2,2,0,0,0,0
242,-12956.972,-17309.458,14.258,-268.144,0,0.87408,-0.41158,104.890,-3.704,-1,425.000,-1,375.000,-1,325.000,300.000,325.000,200.000,-1,0.000,0.000,475.000,800.000,675.000,-1,-1,2,0,2,0,2,0,0,0,0,2,0,0,0,0,0,2,2
244,-12943.484,-17098.030,6.370,-275.415,0,0.89225,-0.39634,107.070,-3.567,-1,400.000,-1,375.000,-1,325.000,325.000,325.000,200.000,-1,50.000,75.000,-1,775.000,750.000,-1,-1,2,0,2,0,2,0,0,0,0,2,0,0,2,0,0,2,2
246,-12903.947,-16881.603,1.049,-281.903,0,0.92378,-0.34703,110.853,-3.123,-1,400.000,-1,400.000,-1,350.000,325.000,325.000,225.000,-1,225.000,275.000,-1,925.000,-1,-1,-1,2,0,2,0,2,0,0,0,0,2,0,0,2,0,2,2,2
248,-12843.716,-16666.453,-1.874,-286.527,0,0.92992,-0.19689,111.591,-1.772,-1,400.000,-1,400.000,-1,325.000,325.000,275.000,200.000,-1,550.000,600.000,-1,950.000,-1,-1,-1,2,0,2,0,2,0,0,0,0,2,0,0,2,0,2,2,2
250,-12777.677,-16453.537,-7.915,-287.245,0,0.92790,-0.00292,111.348,-0.026,-1,450.000,-1,525.000,-1,375.000,400.000,200.000,275.000,825.000,500.000,750.000,-1,-1,-1,-1,-1,2,0,2,0,2,0,0,0,0,0,0,0,2,2,2,2,2
252,-12713.640,-16241.782,-14.109,-286.631,0,0.91910,0.04325,110.292,0.389,-1,475.000,-1,525.000,-1,375.000,400.000,225.000,275.000,-1,-1,-1,-1,-1,-1,-1,-1,2,0,2,0,2,0,0,0,0,2,2,2,2,2,2,2,2
254,-12654.224,-16032.199,-25.994,-285.528,0,0.90340,0.06642,108.407,0.598,-1,400.000,-1,425.000,-1,325.000,350.000,250.000,300.000,-1,-1,-1,-1,750.000,825.000,-1,-1,2,0,2,0,2,0,0,0,0,2,2,2,2,0,0,2,2
256,-12600.802,-15825.749,-46.562,-284.150,0,0.88339,0.07901,106.007,0.711,-1,375.000,-1,400.000,-1,325.000,325.000,250.000,300.000,-1,-1,-1,-1,725.000,750.000,-1,-1,2,0,2,0,2,0,0,0,0,2,2,2,2,0,0,2,2
258,-12553.784,-15622.950,-68.256,-282.684,0,0.86212,0.08143,103.454,0.733,975.000,375.000,-1,375.000,-1,300.000,300.000,250.000,325.000,-1,-1,-1,-1,650.000,675.000,950.000,-1,0,0,2,0,2,0,0,0,0,2,2,2,2,0,0,0,2
260,-12512.766,-15423.836,-90.813,-281.304,0,0.84229,0.07439,101.074,0.669,800.000,375.000,-1,350.000,800.000,300.000,300.000,275.000,300.000,-1,-1,-1,-1,575.000,600.000,775.000,775.000,0,0,2,0,0,0,0,0,0,2,2,2,2,0,0,0,0
262,-12476.705,-15227.980,-110.119,-280.168,0,0.82599,0.05865,99.119,0.528,800.000,350.000,-1,375.000,750.000,300.000,300.000,275.000,300.000,-1,-1,525.000,-1,575.000,600.000,750.000,800.000,0,0,2,0,0,0,0,0,0,2,2,0,2,0,0,0,0
264,-12444.060,-15034.587,-128.818,-279.424,0,0.81475,0.03492,97.770,0.314,575.000,325.000,-1,350.000,625.000,275.000,275.000,300.000,300.000,-1,-1,600.000,-1,525.000,575.000,575.000,675.000,0,0,2,0,0,0,0,0,0,2,2,0,2,0,0,0,0
266,-12412.875,-14842.580,-147.125,-279.209,0,0.80966,0.00365,97.159,0.033,375.000,300.000,950.000,325.000,500.000,250.000,275.000,275.000,300.000,-1,850.000,700.000,-1,450.000,525.000,400.000,550.000,0,0,0,0,0,0,0,0,0,2,0,0,2,0,0,0,0
268,-12378.659,-14646.065,-158.595,-280.385,0,0.85259,-0.11597,102.311,-1.044,700.000,350.000,-1,375.000,750.000,300.000,325.000,300.000,275.000,875.000,0.000,0.000,-1,550.000,575.000,675.000,875.000,0,0,2,0,0,0,0,0,0,0,0,0,2,0,0,0,0
270,-12328.375,-14428.247,-166.174,-283.904,0,0.94072,-0.20292,112.886,-1.826,475.000,300.000,800.000,300.000,400.000,250.000,275.000,300.000,225.000,-1,325.000,225.000,-1,450.000,475.000,450.000,425.000,0,0,1,0,0,0,0,0,0,2,0,0,2,0,0,0,0
272,-12260.348,-14204.869,-175.524,-287.979,0,0.98470,-0.23437,118.164,-2.109,200.000,225.000,575.000,225.000,125.000,200.000,200.000,275.000,200.000,-1,825.000,675.000,-1,325.000,350.000,200.000,125.000,0,0,1,0,0,0,0,0,0,2,0,0,2,0,0,0,0
274,-12173.212,-13981.291,-169.227,-292.364,0,1.00000,-0.23814,120.000,-2.143,400.000,325.000,-1,400.000,-1,300.000,325.000,325.000,150.000,-1,0.000,0.000,200.000,425.000,925.000,400.000,-1,1,1,2,1,2,1,1,0,0,2,0,0,0,1,0,1,2
276,-12070.583,-13764.376,-142.856,-296.255,0,1.00000,-0.20781,120.000,-1.870,125.000,250.000,-1,575.000,-1,250.000,325.000,275.000,250.000,-1,125.000,125.000,525.000,350.000,-1,125.000,-1,1,1,2,0,2,1,1,0,0,2,0,0,0,1,2,1,2
278,-11955.433,-13553.827,-122.988,-299.407,0,1.00000,-0.16274,120.000,-1.465,0.000,200.000,-1,450.000,-1,200.000,300.000,175.000,250.000,-1,750.000,650.000,800.000,275.000,850.000,0.000,-1,1,1,2,0,2,1,1,1,0,2,0,0,0,1,0,1,2
280,14915.659,-2268.826,-286.892,-15.923,1,0.00000,0.00000,120.000,-0.875,-1,400.000,-1,175.000,0.000,275.000,175.000,275.000,75.000,-1,-1,-1,-1,750.000,250.000,-1,0.000,2,0,2,1,1,1,1,0,1,2,2,2,2,0,1,2,1
282,-5395.703,-214.863,-59.402,-161.915,1,0.00000,0.00000,19.200,-2.160,750.000,275.000,900.000,250.000,300.000,225.000,225.000,250.000,300.000,-1,-1,-1,-1,450.000,400.000,625.000,300.000,0,0,0,0,0,0,0,0,0,2,2,2,2,0,0,0,0
284,-5422.656,-224.997,-61.564,-158.675,0,0.16000,0.24000,19.200,2.160,750.000,275.000,875.000,250.000,275.000,225.000,225.000,250.000,275.000,-1,-1,-1,-1,475.000,375.000,650.000,250.000,0,0,0,0,0,0,0,0,0,2,2,2,2,0,0,0,0
286,-5482.473,-255.519,-66.377,-151.115,0,0.32000,0.48000,38.400,4.320,725.000,275.000,875.000,225.000,175.000,225.000,200.000,250.000,250.000,-1,-1,-1,-1,475.000,350.000,625.000,175.000,0,0,0,0,0,0,0,0,0,2,2,2,2,0,0,0,0
288,-5566.445,-319.357,-73.607,-140.292,0,0.48000,0.60260,57.600,5.423,-1,325.000,-1,250.000,50.000,250.000,225.000,275.000,175.000,-1,325.000,50.000,-1,625.000,400.000,-1,50.000,2,0,2,0,0,0,0,0,0,2,0,0,2,0,0,2,0
290,-5662.694,-426.250,-66.777,-129.478,0,0.64000,0.60062,76.800,5.406,-1,450.000,-1,450.000,-1,375.000,375.000,200.000,275.000,350.000,0.000,0.000,-1,950.000,750.000,-1,-1,2,0,2,0,2,0,0,0,0,0,0,0,2,0,0,2,2
292,-5757.346,-581.946,-60.089,-118.810,0,0.80000,0.58326,96.000,5.249,875.000,400.000,-1,425.000,775.000,350.000,350.000,225.000,275.000,-1,200.000,350.000,-1,775.000,700.000,900.000,-1,1,0,2,0,0,0,0,0,0,2,0,0,2,1,0,1,2
294,-5827.972,-767.956,-56.314,-108.130,0,0.83726,0.59676,100.471,5.371,675.000,375.000,925.000,400.000,650.000,325.000,325.000,225.000,275.000,-1,925.000,-1,-1,625.000,650.000,700.000,875.000,1,0,1,0,0,0,0,0,0,2,0,2,2,1,0,1,1
296,-5863.609,-971.543,-54.408,-97.214,0,0.87096,0.60949,104.516,5.485,500.000,350.000,675.000,350.000,575.000,300.000,300.000,250.000,250.000,-1,-1,-1,-1,475.000,500.000,525.000,550.000,1,0,1,0,1,0,0,0,0,2,2,2,2,1,1,1,1
298,-5859.320,-1187.286,-48.284,-86.106,0,0.91035,0.61933,109.242,5.574,375.000,300.000,550.000,275.000,350.000,250.000,250.000,250.000,250.000,-1,550.000,275.000,675.000,400.000,350.000,375.000,325.000,1,1,1,1,1,1,1,0,0,2,0,0,0,1,1,1,1
299,-5840.876,-1297.570,-44.543,-80.506,0,0.93180,0.62222,111.816,5.600,275.000,250.000,475.000,225.000,200.000,225.000,200.000,250.000,275.000,-1,475.000,325.000,625.000,350.000,275.000,275.000,200.000,1,1,1,1,1,1,1,0,0,2,0,0,0,1,1,1,1
