timestep,x_cm,y_cm,z_cm,yaw_deg,basis_xx,basis_xy,basis_xz,basis_yx,basis_yy,basis_yz,basis_zx,basis_zy,basis_zz,teleport_flag,throttle_cmd,steering_cmd,cmd_move_cm,cmd_turn_deg,lidar_cm_0,lidar_cm_1,lidar_cm_2,lidar_cm_3,lidar_cm_4,lidar_cm_5,lidar_cm_6,lidar_cm_7,lidar_cm_8,lidar_cm_9,lidar_cm_10,lidar_cm_11,lidar_cm_12,lidar_cm_13,lidar_cm_14,lidar_cm_15,lidar_cm_16,lidar_class_0,lidar_class_1,lidar_class_2,lidar_class_3,lidar_class_4,lidar_class_5,lidar_class_6,lidar_class_7,lidar_class_8,lidar_class_9,lidar_class_10,lidar_class_11,lidar_class_12,lidar_class_13,lidar_class_14,lidar_class_15,lidar_class_16
0,323.244,-3606.736,452.922,168.679,-0.977593,-0.195671,0.077620,0.200893,-0.977363,0.066356,0.062879,0.080462,0.994772,1,0.08000,0.12000,4.800,0.240,250.000,400.000,650.000,475.000,950.000,400.000,400.000,275.000,275.000,-1,-1,400.000,-1,475.000,600.000,375.000,800.000,1,1,1,1,1,1,1,1,0,2,2,0,2,1,1,1,1
1,313.816,-3604.932,453.490,169.159,-0.979161,-0.187458,0.078123,0.192829,-0.978873,0.068011,0.063724,0.081659,0.994621,0,0.16000,0.24000,9.600,0.480,250.000,400.000,650.000,450.000,925.000,400.000,400.000,275.000,275.000,-1,-1,350.000,1000.000,450.000,575.000,375.000,775.000,1,1,1,1,1,1,1,1,0,2,2,0,0,1,1,1,1
2,299.640,-3602.404,454.361,169.879,-0.981382,-0.175115,0.078898,0.180721,-0.980999,0.070571,0.065040,0.083515,0.994382,0,0.24000,0.36000,14.400,0.720,250.000,375.000,625.000,450.000,900.000,375.000,400.000,275.000,250.000,-1,-1,325.000,950.000,450.000,575.000,375.000,750.000,1,1,1,1,1,1,1,1,0,2,2,0,0,1,1,1,1
3,280.685,-3599.351,455.559,170.839,-0.984097,-0.158620,0.079960,0.164559,-0.983578,0.074130,0.066888,0.086109,0.994038,0,0.32000,0.48000,19.200,0.960,225.000,375.000,600.000,425.000,850.000,375.000,375.000,275.000,250.000,-1,-1,300.000,900.000,425.000,550.000,350.000,700.000,1,1,1,1,1,1,1,1,0,2,2,0,0,1,1,1,1
4,256.926,-3595.961,457.058,171.868,-0.986685,-0.140883,0.081267,0.147246,-0.985982,0.078474,0.069072,0.089396,0.993598,0,0.40000,0.51469,24.000,1.029,225.000,350.000,575.000,400.000,775.000,350.000,350.000,250.000,250.000,-1,825.000,275.000,850.000,425.000,525.000,325.000,650.000,1,1,1,1,1,1,1,1,0,2,0,0,0,1,1,1,1
5,228.347,-3592.409,458.862,172.903,-0.988943,-0.123015,0.082825,0.129897,-0.988000,0.083565,0.071551,0.093400,0.993054,0,0.48000,0.51719,28.800,1.034,225.000,325.000,550.000,400.000,725.000,325.000,350.000,250.000,250.000,-1,675.000,250.000,775.000,400.000,475.000,300.000,600.000,1,1,1,1,1,1,1,1,0,2,0,0,0,1,1,1,1
6,194.934,-3588.872,460.991,173.944,-0.990864,-0.104982,0.084664,0.112497,-0.989614,0.089495,0.074389,0.098202,0.992382,0,0.56000,0.52090,33.600,1.042,200.000,325.000,500.000,350.000,650.000,325.000,325.000,250.000,250.000,-1,550.000,225.000,725.000,375.000,450.000,275.000,525.000,1,1,1,1,1,1,1,1,0,2,0,0,0,1,1,1,1
7,156.680,-3585.532,463.473,174.996,-0.992440,-0.086748,0.086819,0.095035,-0.990798,0.096373,0.077660,0.103895,0.991552,0,0.64000,0.52591,38.400,1.052,200.000,300.000,475.000,325.000,575.000,300.000,300.000,250.000,250.000,-1,500.000,175.000,650.000,350.000,400.000,250.000,475.000,1,1,1,1,1,1,1,1,0,2,0,0,0,1,1,1,1
8,113.582,-3582.576,466.337,176.061,-0.993659,-0.068275,0.089331,0.077507,-0.991518,0.104330,0.081450,0.110593,0.990523,0,0.72000,0.53231,43.200,1.065,175.000,275.000,425.000,300.000,475.000,250.000,275.000,225.000,250.000,-1,450.000,150.000,600.000,325.000,375.000,225.000,425.000,1,1,1,1,1,1,1,1,0,2,0,0,0,1,1,1,1
9,65.642,-3580.196,469.623,177.141,-0.994504,-0.049521,0.092250,0.059914,-0.991726,0.113534,0.085864,0.118437,0.989242,0,0.80000,0.54022,48.000,1.080,175.000,250.000,375.000,275.000,400.000,225.000,225.000,225.000,250.000,-1,425.000,125.000,525.000,275.000,325.000,200.000,350.000,1,1,1,1,1,1,1,1,0,2,0,0,0,1,1,1,1
10,12.868,-3578.594,473.488,178.241,-0.994985,-0.030445,0.095280,0.042268,-0.991301,0.124640,0.090657,0.128042,0.987617,0,0.88000,0.54977,52.800,1.100,150.000,200.000,325.000,225.000,325.000,200.000,200.000,200.000,250.000,-1,400.000,100.000,475.000,250.000,275.000,150.000,275.000,1,1,1,1,1,1,1,1,0,2,0,0,0,1,1,1,1
11,-41.208,-3578.020,487.356,179.363,-0.992597,-0.011012,0.120958,0.027379,-0.990536,0.134495,0.118332,0.136811,0.983504,0,0.90123,0.56109,54.074,1.122,150.000,200.000,300.000,225.000,300.000,175.000,200.000,225.000,275.000,-1,300.000,100.000,425.000,250.000,250.000,175.000,250.000,1,1,1,1,1,1,1,1,0,2,0,0,0,1,1,1,1
12,4263.569,8199.166,226.947,-30.184,0.864905,0.501934,0.001231,-0.500898,0.862958,0.066372,0.032252,-0.058022,0.997794,1,0.00000,0.00000,53.662,1.147,-1,400.000,-1,400.000,725.000,325.000,325.000,300.000,300.000,-1,950.000,-1,-1,825.000,675.000,-1,750.000,2,0,2,0,1,0,0,0,0,2,1,2,2,0,1,2,1
13,4267.708,8196.735,227.104,-30.424,0.862797,0.505549,0.001234,-0.504508,0.860857,0.066313,0.032462,-0.057837,0.997798,0,0.08000,-0.12000,4.800,-0.240,-1,400.000,-1,400.000,725.000,325.000,325.000,300.000,300.000,-1,950.000,-1,-1,825.000,675.000,-1,750.000,2,0,2,0,1,0,0,0,0,2,1,2,2,0,1,2,1
14,4275.945,8191.804,227.421,-30.904,0.858534,0.512755,0.001238,-0.511701,0.856610,0.066191,0.032879,-0.057461,0.997806,0,0.16000,-0.24000,9.600,-0.480,-1,400.000,-1,400.000,725.000,325.000,325.000,300.000,300.000,-1,950.000,-1,-1,825.000,675.000,-1,750.000,2,0,2,0,1,0,0,0,0,2,1,2,2,0,1,2,1
15,4288.206,8184.253,227.907,-31.624,0.852027,0.523496,0.001240,-0.522424,0.850127,0.066005,0.033500,-0.056886,0.997819,0,0.24000,-0.36000,14.400,-0.720,-1,400.000,-1,400.000,700.000,325.000,325.000,300.000,300.000,-1,950.000,-1,-1,825.000,650.000,-1,725.000,2,0,2,0,1,0,0,0,0,2,1,2,2,0,1,2,1
16,4304.420,8173.968,228.565,-32.387,0.844988,0.534784,0.001232,-0.533696,0.843117,0.065745,0.034121,-0.056211,0.997836,0,0.32000,-0.38128,19.200,-0.763,-1,400.000,-1,400.000,700.000,325.000,325.000,300.000,300.000,-1,950.000,-1,-1,825.000,650.000,-1,700.000,2,0,2,0,1,0,0,0,0,2,1,2,2,0,1,2,1
17,4324.513,8160.843,229.402,-33.152,0.837768,0.546025,0.001211,-0.544923,0.835931,0.065407,0.034701,-0.055456,0.997858,0,0.40000,-0.38281,24.000,-0.766,-1,400.000,-1,400.000,675.000,325.000,325.000,300.000,300.000,-1,950.000,-1,-1,825.000,625.000,-1,675.000,2,0,2,0,1,0,0,0,0,2,1,2,2,0,1,2,1
18,4348.411,8144.770,230.391,-33.923,0.830346,0.557247,0.001348,-0.556140,0.828540,0.065040,0.035127,-0.054755,0.997882,0,0.48000,-0.38554,28.800,-0.771,-1,400.000,-1,400.000,650.000,325.000,325.000,300.000,300.000,-1,975.000,-1,-1,825.000,600.000,-1,650.000,2,0,2,0,1,0,0,0,0,2,1,2,2,0,1,2,1
19,4376.034,8125.640,231.535,-34.702,0.822696,0.568480,0.001658,-0.567380,0.820915,0.064646,0.035389,-0.054125,0.997907,0,0.56000,-0.38951,33.600,-0.779,-1,400.000,-1,400.000,625.000,325.000,325.000,300.000,300.000,-1,975.000,-1,-1,825.000,575.000,-1,625.000,2,0,2,0,1,0,0,0,0,2,1,2,2,0,1,2,1
20,4407.299,8103.345,232.854,-35.492,0.814787,0.579757,0.001994,-0.578664,0.813030,0.064258,0.035632,-0.053510,0.997931,0,0.64000,-0.39477,38.400,-0.790,-1,400.000,-1,400.000,575.000,325.000,325.000,300.000,300.000,-1,-1,-1,-1,850.000,575.000,-1,575.000,2,0,2,0,1,0,0,0,0,2,2,2,2,0,1,2,1
21,4442.117,8077.773,234.366,-36.295,0.806586,0.591112,0.002364,-0.590031,0.804855,0.063809,0.035816,-0.052862,0.997959,0,0.72000,-0.40141,43.200,-0.803,-1,400.000,-1,400.000,550.000,325.000,325.000,300.000,300.000,-1,-1,-1,-1,850.000,550.000,975.000,550.000,2,0,2,1,1,0,0,0,0,2,2,2,2,0,1,1,1
22,4480.394,8048.809,236.080,-37.114,0.798055,0.602578,0.002770,-0.601512,0.796352,0.063302,0.035939,-0.052184,0.997991,0,0.80000,-0.40953,48.000,-0.819,1000.000,400.000,-1,375.000,500.000,325.000,325.000,300.000,300.000,-1,-1,-1,-1,850.000,525.000,925.000,500.000,1,0,2,1,1,0,0,0,0,2,2,2,2,1,1,1,1
23,4522.028,8016.337,237.925,-37.952,0.789157,0.614182,0.003605,-0.613151,0.787463,0.062830,0.035750,-0.051793,0.998018,0,0.88000,-0.41930,52.800,-0.839,900.000,400.000,-1,350.000,450.000,325.000,325.000,300.000,300.000,-1,-1,-1,-1,825.000,500.000,875.000,450.000,1,0,2,1,1,0,0,0,0,2,2,2,2,1,1,1,1
24,4566.909,7980.233,239.911,-38.814,0.779840,0.625960,0.004862,-0.624985,0.778141,0.062373,0.035260,-0.051680,0.998041,0,0.96000,-0.43092,57.600,-0.862,825.000,400.000,-1,325.000,375.000,325.000,325.000,300.000,300.000,-1,-1,-1,-1,775.000,475.000,825.000,375.000,1,0,2,1,1,0,1,0,0,2,2,2,2,1,1,1,1
25,4613.071,7941.904,242.008,-39.704,0.770040,0.637965,0.006255,-0.637052,0.768332,0.061885,0.034675,-0.051639,0.998064,0,1.00000,-0.44469,60.000,-0.889,750.000,400.000,-1,300.000,325.000,325.000,300.000,300.000,300.000,-1,-1,-1,-1,750.000,450.000,775.000,325.000,1,0,2,1,1,0,1,0,1,2,2,2,2,1,1,1,1
26,4658.614,7902.841,246.149,-40.624,0.759934,0.649950,0.008070,-0.648769,0.757672,0.070936,0.039990,-0.059142,0.997448,0,1.00000,-0.46009,60.000,-0.920,700.000,425.000,-1,300.000,300.000,350.000,300.000,300.000,325.000,-1,-1,-1,-1,725.000,475.000,725.000,300.000,1,0,2,1,1,1,1,0,1,2,2,2,2,1,1,1,1
27,4703.502,7863.027,250.819,-41.577,0.749382,0.662061,0.010059,-0.660453,0.746307,0.082624,0.047195,-0.068560,0.996530,0,1.00000,-0.47646,60.000,-0.953,650.000,450.000,-1,300.000,275.000,350.000,300.000,300.000,350.000,-1,-1,-1,-1,700.000,500.000,675.000,275.000,1,0,2,1,1,1,1,0,1,2,2,2,2,1,1,1,1
28,4747.699,7822.446,255.952,-42.565,0.738374,0.674273,0.012619,-0.672085,0.734175,0.096378,0.055720,-0.079644,0.995265,0,1.00000,-0.49395,60.000,-0.988,600.000,450.000,-1,325.000,275.000,350.000,300.000,275.000,375.000,-1,800.000,-1,-1,675.000,550.000,625.000,250.000,1,1,2,1,1,1,1,0,1,2,0,2,2,1,1,1,1
29,4791.165,7781.082,261.554,-43.590,0.726915,0.686541,0.015963,-0.683596,0.721189,0.112175,0.065501,-0.092454,0.993560,0,1.00000,-0.51273,60.000,-1.025,550.000,475.000,-1,325.000,250.000,375.000,325.000,275.000,400.000,-1,275.000,600.000,-1,650.000,675.000,600.000,250.000,1,1,2,1,1,1,1,0,1,2,0,0,2,1,1,1,1
30,4833.856,7738.918,267.507,-44.656,0.715044,0.698785,0.020295,-0.694846,0.707224,0.130475,0.076821,-0.107397,0.991244,0,1.00000,-0.53301,60.000,-1.066,500.000,525.000,-1,350.000,250.000,400.000,350.000,275.000,450.000,950.000,175.000,375.000,-1,625.000,-1,550.000,-1,1,1,2,1,1,1,1,0,1,0,0,0,2,1,2,1,2
31,4875.724,7695.936,273.392,-45.766,0.702586,0.711145,0.025414,-0.706169,0.692377,0.148123,0.087741,-0.122016,0.988642,0,1.00000,-0.55500,60.000,-1.110,450.000,525.000,-1,400.000,250.000,425.000,375.000,250.000,475.000,700.000,125.000,325.000,-1,600.000,-1,525.000,-1,1,1,2,1,1,1,1,0,1,0,0,0,2,1,2,1,2
32,4916.710,7652.113,277.421,-46.924,0.688842,0.724287,0.030079,-0.718898,0.677205,0.156777,0.093182,-0.129619,0.987176,0,1.00000,-0.57898,60.000,-1.158,400.000,500.000,-1,425.000,275.000,450.000,400.000,250.000,475.000,600.000,100.000,300.000,-1,575.000,-1,475.000,-1,1,1,2,1,1,1,1,0,1,0,0,0,2,1,2,1,2
33,4956.761,7607.433,281.141,-48.135,0.674171,0.737740,0.035126,-0.732037,0.661132,0.164395,0.098058,-0.136544,0.985769,0,1.00000,-0.60526,60.000,-1.211,375.000,475.000,-1,450.000,300.000,500.000,425.000,250.000,475.000,525.000,75.000,300.000,-1,550.000,-1,425.000,-1,1,1,2,1,1,1,1,0,1,0,0,0,2,1,2,1,2
34,4995.810,7561.874,285.263,-49.403,0.658329,0.751827,0.036868,-0.745408,0.644327,0.170908,0.104738,-0.139995,0.984597,0,1.00000,-0.63418,60.000,-1.268,325.000,450.000,-1,550.000,-1,550.000,475.000,250.000,450.000,500.000,75.000,275.000,-1,525.000,-1,400.000,-1,1,1,2,1,2,1,1,0,1,0,0,0,2,1,2,1,2
35,5033.789,7515.421,288.787,-50.735,0.641382,0.766125,0.041000,-0.759366,0.626280,0.176456,0.109509,-0.144310,0.983454,0,1.00000,-0.66615,60.000,-1.332,300.000,450.000,-1,675.000,-1,525.000,550.000,250.000,400.000,450.000,50.000,250.000,-1,500.000,-1,350.000,-1,1,1,2,1,2,1,1,0,1,0,0,0,2,1,2,1,2
36,-2951.679,2295.774,237.538,-12.219,0.971441,0.211543,-0.107482,-0.213721,0.976853,-0.009030,0.103083,0.031743,0.994166,1,0.00000,0.00000,60.000,-1.403,-1,375.000,-1,400.000,-1,300.000,325.000,325.000,325.000,-1,-1,-1,-1,825.000,925.000,-1,-1,2,0,2,0,2,0,0,0,0,2,2,2,2,0,0,2,2
37,-2946.992,2294.739,238.042,-12.459,0.970548,0.215629,-0.107427,-0.217844,0.975940,-0.009187,0.102862,0.032319,0.994170,0,0.08000,-0.12000,4.800,-0.240,-1,375.000,-1,400.000,-1,300.000,325.000,325.000,325.000,-1,-1,-1,-1,825.000,925.000,-1,-1,2,0,2,0,2,0,0,0,0,2,2,2,2,0,0,2,2
38,-2937.635,2292.590,239.049,-12.939,0.968710,0.223789,-0.107326,-0.226079,0.974062,-0.009514,0.102414,0.033481,0.994178,0,0.16000,-0.24000,9.600,-0.480,-1,375.000,-1,400.000,-1,300.000,325.000,325.000,325.000,-1,-1,-1,-1,825.000,925.000,-1,-1,2,0,2,0,2,0,0,0,0,2,2,2,2,0,0,2,2
39,-2923.642,2289.190,240.555,-13.659,0.965824,0.235997,-0.107193,-0.238403,0.971115,-0.010032,0.101729,0.035244,0.994188,0,0.24000,-0.36000,14.400,-0.720,-1,375.000,-1,400.000,-1,300.000,325.000,325.000,325.000,-1,-1,-1,-1,825.000,925.000,-1,-1,2,0,2,0,2,0,0,0,0,2,2,2,2,0,0,2,2
40,-2905.064,2284.346,242.555,-14.619,0.961732,0.252212,-0.107051,-0.254777,0.966940,-0.010773,0.100794,0.037635,0.994195,0,0.32000,-0.48000,19.200,-0.960,-1,375.000,-1,400.000,-1,300.000,325.000,350.000,325.000,-1,-1,-1,-1,825.000,950.000,-1,-1,2,0,2,0,2,0,0,0,0,2,2,2,2,0,0,2,2
41,-2881.972,2277.805,245.042,-15.819,0.956231,0.272374,-0.106932,-0.275144,0.961331,-0.011778,0.099589,0.040685,0.994197,0,0.40000,-0.60000,24.000,-1.200,-1,375.000,-1,425.000,-1,300.000,325.000,350.000,325.000,-1,-1,-1,-1,825.000,950.000,-1,-1,2,0,2,0,2,0,0,0,0,2,2,2,2,0,0,2,2
42,-2854.437,2269.364,248.000,-17.048,0.950160,0.292883,-0.106847,-0.295886,0.955134,-0.013066,0.098227,0.044029,0.994190,0,0.48000,-0.61432,28.800,-1.229,-1,375.000,-1,425.000,-1,325.000,325.000,350.000,325.000,-1,-1,-1,-1,825.000,975.000,-1,-1,2,0,2,0,2,0,0,0,0,2,2,2,2,0,0,2,2
43,-2822.530,2258.830,251.418,-18.275,0.943651,0.313227,-0.106823,-0.316492,0.948482,-0.014673,0.096723,0.047655,0.994170,0,0.56000,-0.61382,33.600,-1.228,-1,400.000,-1,425.000,-1,325.000,325.000,350.000,325.000,-1,-1,-1,-1,850.000,975.000,-1,-1,2,0,2,0,2,0,0,0,0,2,2,2,2,0,0,2,2
44,-2786.332,2246.013,255.288,-19.502,0.936706,0.333399,-0.106893,-0.336959,0.941372,-0.016644,0.095077,0.051609,0.994131,0,0.64000,-0.61347,38.400,-1.227,-1,400.000,-1,425.000,-1,325.000,325.000,350.000,325.000,-1,-1,-1,-1,875.000,975.000,-1,-1,2,0,2,0,2,0,0,0,0,2,2,2,2,0,0,2,2
45,-2745.928,2230.726,259.595,-20.729,0.929323,0.353394,-0.107108,-0.357286,0.933802,-0.018993,0.093306,0.055919,0.994066,0,0.72000,-0.61335,43.200,-1.227,-1,400.000,-1,425.000,-1,325.000,325.000,350.000,325.000,-1,-1,-1,-1,900.000,1000.000,-1,-1,2,0,2,0,2,0,0,0,0,2,2,2,2,0,0,2,2
46,-2704.999,2214.230,263.816,-21.956,0.921467,0.373225,-0.107707,-0.377422,0.925806,-0.020870,0.091927,0.059882,0.993964,0,0.73546,-0.61357,44.128,-1.227,-1,425.000,-1,425.000,-1,325.000,350.000,350.000,325.000,-1,-1,-1,-1,925.000,1000.000,-1,-1,2,0,2,0,2,0,0,0,0,2,2,2,2,0,0,2,2
47,-2664.712,2196.978,267.698,-23.184,0.913302,0.392912,-0.107235,-0.397293,0.917423,-0.022212,0.089653,0.062890,0.993986,0,0.73042,-0.61415,43.825,-1.228,-1,425.000,-1,425.000,-1,350.000,350.000,350.000,325.000,-1,-1,-1,-1,950.000,1000.000,-1,-1,2,0,2,0,2,0,0,0,0,2,2,2,2,0,0,2,2
48,-2625.072,2178.986,271.350,-24.415,0.904773,0.412452,-0.106156,-0.416949,0.908630,-0.023348,0.086826,0.065386,0.994075,0,0.72553,-0.61510,43.532,-1.230,-1,425.000,-1,425.000,-1,350.000,350.000,350.000,325.000,-1,-1,-1,-1,950.000,1000.000,-1,-1,2,0,2,0,2,0,0,0,0,2,2,2,2,0,0,2,2
49,-2586.081,2160.265,274.502,-25.647,0.896007,0.431880,-0.103207,-0.436291,0.899493,-0.023714,0.082592,0.066276,0.994377,0,0.72087,-0.61639,43.252,-1.233,-1,425.000,-1,425.000,-1,350.000,350.000,350.000,325.000,-1,-1,-1,-1,925.000,1000.000,-1,-1,2,0,2,0,2,0,0,0,0,2,2,2,2,0,0,2,2
50,-2547.737,2140.827,277.549,-26.883,0.886777,0.451148,-0.100462,-0.455503,0.889900,-0.024409,0.078389,0.067406,0.994641,0,0.71649,-0.61802,42.990,-1.236,-1,425.000,-1,425.000,-1,350.000,350.000,325.000,325.000,-1,-1,-1,-1,900.000,975.000,-1,-1,2,0,2,0,2,0,0,0,0,2,2,2,2,0,0,2,2
51,-2510.037,2120.678,280.409,-28.123,0.877046,0.470246,-0.098281,-0.474603,0.879828,-0.025569,0.074447,0.069070,0.994830,0,0.71244,-0.61998,42.747,-1.240,-1,425.000,-1,425.000,-1,350.000,350.000,325.000,325.000,-1,-1,-1,-1,900.000,975.000,-1,-1,2,0,2,0,2,0,0,0,0,2,2,2,2,0,0,2,2
52,-2472.975,2099.824,283.200,-29.368,0.866860,0.489183,-0.096198,-0.493551,0.869299,-0.026959,0.070437,0.070849,0.994997,0,0.70876,-0.62224,42.526,-1.244,-1,425.000,-1,425.000,-1,325.000,350.000,325.000,325.000,-1,-1,-1,-1,900.000,950.000,-1,-1,2,0,2,0,2,0,0,0,0,2,2,2,2,0,0,2,2
53,-2436.547,2078.266,285.851,-30.617,0.856225,0.507945,-0.094179,-0.512350,0.858290,-0.028908,0.066149,0.073005,0.995135,0,0.70548,-0.62481,42.329,-1.250,-1,425.000,-1,425.000,-1,325.000,325.000,325.000,325.000,-1,-1,-1,-1,875.000,925.000,-1,-1,2,0,2,0,2,0,0,0,0,2,2,2,2,0,0,2,2
54,-2400.744,2056.007,288.372,-31.873,0.845136,0.526528,-0.092263,-0.530988,0.846798,-0.031369,0.061611,0.075502,0.995240,0,0.70263,-0.62766,42.158,-1.255,-1,400.000,-1,425.000,-1,325.000,325.000,325.000,325.000,-1,-1,-1,-1,850.000,925.000,-1,-1,2,0,2,0,2,0,0,0,0,2,2,2,2,0,0,2,2
55,-2365.561,2033.044,290.839,-33.134,0.833577,0.544936,-0.090515,-0.549450,0.834835,-0.033996,0.057040,0.078072,0.995315,0,0.70023,-0.63079,42.014,-1.262,-1,400.000,-1,425.000,-1,325.000,325.000,325.000,325.000,-1,-1,-1,-1,850.000,900.000,-1,-1,2,0,2,0,2,0,0,0,0,2,2,2,2,0,0,2,2
56,-2330.991,2009.373,293.128,-34.403,0.821564,0.563142,-0.088901,-0.567734,0.822364,-0.037361,0.052069,0.081167,0.995340,0,0.69828,-0.63418,41.897,-1.268,-1,400.000,-1,425.000,-1,325.000,325.000,325.000,325.000,-1,-1,-1,-1,825.000,875.000,-1,-1,2,0,2,0,2,0,0,0,0,2,2,2,2,0,0,2,2
57,-2297.027,1984.991,295.284,-35.678,0.809087,0.581142,-0.087478,-0.585821,0.809390,-0.041257,0.046828,0.084627,0.995312,0,0.69681,-0.63781,41.809,-1.276,-1,400.000,-1,425.000,-1,325.000,325.000,325.000,325.000,-1,-1,-1,-1,825.000,850.000,-1,-1,2,0,2,0,2,0,0,0,0,2,2,2,2,0,0,2,2
58,-2263.666,1959.891,297.386,-36.962,0.796130,0.598940,-0.086295,-0.603697,0.795926,-0.045303,0.041550,0.088163,0.995239,0,0.69581,-0.64169,41.749,-1.283,-1,400.000,-1,400.000,-1,325.000,325.000,325.000,325.000,-1,-1,-1,-1,800.000,825.000,-1,-1,2,0,2,0,2,0,0,0,0,2,2,2,2,0,0,2,2
59,-2230.904,1934.064,299.434,-38.253,0.782693,0.616527,-0.085360,-0.621352,0.781967,-0.049492,0.036235,0.091776,0.995120,0,0.69528,-0.64580,41.717,-1.292,-1,400.000,-1,400.000,-1,325.000,325.000,325.000,300.000,-1,-1,-1,-1,800.000,825.000,-1,-1,2,0,2,0,2,0,0,0,0,2,2,2,2,0,0,2,2
60,-2198.740,1907.502,301.258,-39.554,0.768739,0.633932,-0.084673,-0.638790,0.767557,-0.052950,0.031425,0.094793,0.995001,0,0.69522,-0.65013,41.713,-1.300,-1,400.000,-1,400.000,-1,325.000,325.000,325.000,300.000,-1,-1,-1,-1,775.000,800.000,-1,-1,2,0,2,0,2,0,0,0,0,2,2,2,2,0,0,2,2
61,-2167.173,1880.197,302.832,-40.863,0.754258,0.651160,-0.084181,-0.656015,0.752703,-0.055530,0.027204,0.097108,0.994902,0,0.69561,-0.65466,41.737,-1.309,-1,400.000,-1,400.000,-1,325.000,325.000,325.000,300.000,-1,-1,-1,-1,775.000,775.000,-1,-1,2,0,2,0,2,0,0,0,0,2,2,2,2,0,0,2,2
62,-2136.207,1852.136,303.861,-42.182,0.739180,0.668282,-0.083739,-0.673061,0.737485,-0.055721,0.024519,0.097550,0.994929,0,0.69646,-0.65940,41.787,-1.319,-1,400.000,-1,400.000,-1,325.000,325.000,325.000,300.000,-1,-1,-1,-1,775.000,775.000,-1,-1,2,0,2,0,2,0,0,0,0,2,2,2,2,0,0,2,2
63,-2105.844,1823.313,304.820,-43.510,0.723594,0.685171,-0.083381,-0.689880,0.721757,-0.055969,0.021832,0.098022,0.994945,0,0.69773,-0.66433,41.864,-1.329,1000.000,400.000,-1,400.000,-1,325.000,325.000,325.000,300.000,-1,-1,-1,-1,775.000,775.000,-1,-1,1,0,2,0,2,0,0,0,0,2,2,2,2,0,0,2,2
64,-2072.794,1790.368,305.805,-44.909,0.706776,0.702543,-0.083069,-0.707182,0.704785,-0.056313,0.018984,0.098545,0.994951,0,0.77773,-0.69916,46.664,-1.398,950.000,400.000,-1,400.000,-1,325.000,325.000,325.000,300.000,-1,-1,-1,-1,750.000,775.000,-1,-1,1,0,2,0,2,0,0,0,0,2,2,2,2,0,0,2,2
65,-2040.245,1756.312,306.674,-46.296,0.689692,0.719371,-0.082647,-0.723925,0.687545,-0.056699,0.016036,0.098936,0.994965,0,0.78512,-0.69358,47.107,-1.387,925.000,400.000,-1,400.000,-1,325.000,325.000,325.000,325.000,-1,-1,-1,-1,750.000,750.000,1000.000,-1,1,0,2,0,2,0,0,0,0,2,2,2,2,0,0,1,2
66,-2008.452,1721.407,307.441,-47.671,0.672363,0.735640,-0.082230,-0.740106,0.670058,-0.057143,0.013062,0.099280,0.994974,0,0.78688,-0.68764,47.213,-1.375,875.000,400.000,-1,400.000,-1,325.000,325.000,325.000,325.000,-1,-1,-1,-1,750.000,750.000,975.000,-1,1,0,2,0,2,0,0,0,0,2,2,2,2,0,0,1,2
67,-1976.616,1685.031,308.057,-48.806,0.657810,0.748780,-0.081326,-0.753115,0.655359,-0.057634,0.010143,0.099160,0.995020,0,0.80564,-0.56764,48.338,-1.135,850.000,400.000,-1,400.000,-1,325.000,325.000,325.000,325.000,-1,-1,-1,-1,725.000,750.000,925.000,-1,1,0,2,0,2,0,0,0,0,2,2,2,2,0,0,1,2
68,-1945.316,1648.119,308.530,-49.702,0.646196,0.758970,-0.079975,-0.763137,0.643614,-0.058165,0.007328,0.098618,0.995098,0,0.80660,-0.44764,48.396,-0.895,800.000,375.000,-1,400.000,-1,325.000,325.000,325.000,325.000,-1,-1,-1,-1,725.000,725.000,900.000,-1,1,0,2,0,2,0,0,0,0,2,2,2,2,0,0,1,2
69,-1914.414,1610.820,308.997,-50.357,0.637614,0.766317,-0.078783,-0.770340,0.634922,-0.058735,0.005011,0.098140,0.995160,0,0.80727,-0.32764,48.436,-0.655,775.000,375.000,-1,400.000,-1,325.000,325.000,325.000,325.000,-1,-1,-1,-1,725.000,725.000,850.000,-1,1,0,2,0,2,0,0,0,0,2,2,2,2,0,0,1,2
70,-1883.765,1573.277,309.381,-50.772,0.632135,0.770904,-0.078182,-0.774851,0.629356,-0.059312,0.003480,0.098073,0.995173,0,0.80773,-0.20764,48.464,-0.415,725.000,375.000,-1,400.000,-1,325.000,325.000,325.000,325.000,-1,-1,-1,-1,700.000,725.000,825.000,-1,1,0,2,0,2,0,0,0,0,2,2,2,2,0,0,1,2
71,-1853.220,1535.628,309.675,-50.948,0.629813,0.772793,-0.078270,-0.776742,0.626968,-0.059860,0.002814,0.098497,0.995133,0,0.80803,-0.08764,48.482,-0.175,700.000,375.000,-1,375.000,-1,300.000,325.000,325.000,325.000,-1,-1,-1,-1,700.000,700.000,775.000,-1,1,0,2,0,2,0,0,0,0,2,2,2,2,0,0,1,2
72,-1822.624,1498.004,309.824,-50.883,0.630654,0.771994,-0.079383,-0.776058,0.627767,-0.060359,0.003237,0.099672,0.995015,0,0.80823,0.03236,48.494,0.065,675.000,375.000,-1,375.000,-1,300.000,325.000,325.000,325.000,-1,-1,-1,-1,700.000,700.000,750.000,-1,1,0,2,0,2,0,0,0,0,2,2,2,2,1,0,1,2
73,-1791.821,1460.537,310.055,-50.578,0.634695,0.768554,-0.080538,-0.772751,0.631790,-0.060802,0.004154,0.100827,0.994895,0,0.80839,0.15236,48.503,0.305,625.000,375.000,-1,375.000,-1,300.000,325.000,325.000,325.000,-1,-1,-1,-1,675.000,700.000,700.000,-1,1,0,2,0,2,0,0,0,0,2,2,2,2,1,0,1,2
74,-1760.658,1423.357,310.390,-50.033,0.641895,0.762426,-0.081715,-0.766773,0.638996,-0.061189,0.005564,0.101934,0.994776,0,0.80858,0.27236,48.515,0.545,600.000,375.000,-1,375.000,-1,300.000,300.000,325.000,325.000,-1,-1,-1,-1,650.000,675.000,675.000,-1,1,0,2,0,2,0,0,0,0,2,2,2,2,1,0,1,2
75,-1728.977,1386.594,310.865,-49.249,0.652171,0.753528,-0.082881,-0.758035,0.649313,-0.061450,0.007512,0.102903,0.994663,0,0.80884,0.39236,48.530,0.785,575.000,375.000,-1,375.000,-1,300.000,300.000,325.000,325.000,-1,-1,-1,-1,625.000,675.000,625.000,-1,1,0,2,0,2,0,0,0,0,2,2,2,2,1,0,1,2
76,-1696.761,1350.268,311.610,-48.433,0.662686,0.744180,-0.083925,-0.748831,0.659946,-0.061022,0.009975,0.103285,0.994602,0,0.80924,0.40779,48.554,0.816,525.000,375.000,-1,375.000,-1,300.000,300.000,325.000,325.000,-1,-1,-1,-1,600.000,675.000,575.000,-1,1,0,2,0,2,0,0,0,0,2,2,2,2,1,0,1,2
77,-1664.016,1314.400,312.487,-47.607,0.673191,0.734570,-0.084975,-0.739363,0.670579,-0.060554,0.012501,0.103592,0.994541,0,0.80948,0.41280,48.569,0.826,500.000,375.000,-1,375.000,-1,300.000,300.000,325.000,325.000,-1,-1,-1,-1,575.000,675.000,550.000,-1,1,0,2,0,2,0,0,0,0,2,2,2,2,1,0,1,2
78,-1631.176,1279.744,313.506,-46.542,0.686566,0.721963,-0.086002,-0.726902,0.684116,-0.059992,0.015524,0.103703,0.994487,0,0.79575,0.53280,47.745,1.066,475.000,375.000,-1,375.000,-1,300.000,300.000,325.000,325.000,-1,-1,-1,-1,550.000,675.000,500.000,-1,1,0,2,0,2,0,0,0,0,2,2,2,2,1,0,1,2
79,-1595.769,1244.045,314.735,-45.236,0.702639,0.706199,-0.087065,-0.711288,0.700400,-0.059237,0.019148,0.103551,0.994440,0,0.83802,0.65280,50.281,1.306,425.000,375.000,-1,375.000,-1,300.000,300.000,325.000,325.000,-1,-1,-1,-1,525.000,650.000,475.000,-1,1,0,2,0,2,0,0,0,0,2,2,2,2,1,0,1,2
80,-1559.207,1209.118,316.065,-43.691,0.721195,0.687110,-0.088081,-0.692331,0.719255,-0.057883,0.023581,0.102726,0.994430,0,0.84275,0.77280,50.565,1.546,400.000,375.000,-1,375.000,-1,300.000,300.000,325.000,325.000,-1,-1,-1,-1,500.000,650.000,425.000,-1,1,1,2,0,2,0,0,0,0,2,2,2,2,1,0,1,2
81,-1521.351,1175.144,317.521,-41.905,0.741985,0.664470,-0.089091,-0.669797,0.740433,-0.055947,0.028791,0.101185,0.994451,0,0.84778,0.89280,50.867,1.786,350.000,350.000,-1,375.000,-1,300.000,300.000,325.000,325.000,-1,-1,-1,-1,475.000,650.000,375.000,-1,1,1,2,0,2,0,0,0,0,2,2,2,2,1,0,1,2
82,-1482.086,1142.306,319.238,-39.905,0.764453,0.638343,-0.090160,-0.643764,0.763314,-0.054030,0.034331,0.099346,0.994461,0,0.85316,1.00000,51.189,2.000,325.000,325.000,-1,375.000,-1,300.000,300.000,325.000,325.000,-1,-1,650.000,-1,450.000,650.000,325.000,-1,1,1,2,0,2,1,0,0,0,2,2,0,2,1,0,1,2
83,-1441.427,1110.647,321.218,-37.905,0.786008,0.611440,-0.091278,-0.616933,0.785287,-0.052131,0.039805,0.097288,0.994460,0,0.85888,1.00000,51.533,2.000,275.000,300.000,-1,375.000,-1,300.000,300.000,325.000,325.000,-1,575.000,550.000,-1,425.000,675.000,300.000,-1,1,1,2,0,2,1,0,0,0,2,0,0,2,1,0,1,2
84,-1399.404,1080.223,323.928,-35.905,0.806432,0.583683,-0.094775,-0.589481,0.806177,-0.050898,0.046697,0.096914,0.994197,0,0.86469,1.00000,51.882,2.000,250.000,275.000,-1,375.000,-1,275.000,300.000,325.000,300.000,-1,450.000,500.000,-1,400.000,675.000,250.000,-1,1,1,2,0,2,1,1,0,0,2,0,0,2,1,0,1,2
85,-1356.041,1051.102,329.708,-33.905,0.824554,0.554573,-0.112070,-0.562330,0.825136,-0.054186,0.062423,0.107700,0.992222,0,0.87058,1.00000,52.235,2.000,250.000,275.000,-1,375.000,-1,275.000,300.000,350.000,300.000,-1,325.000,325.000,-1,400.000,725.000,250.000,-1,1,1,2,1,2,1,1,0,0,2,0,0,2,1,0,1,2
86,-1311.383,1023.326,335.816,-31.905,0.841363,0.524785,-0.129266,-0.534794,0.842937,-0.058754,0.078130,0.118564,0.989868,0,0.87653,1.00000,52.592,2.000,250.000,275.000,-1,400.000,-1,275.000,300.000,375.000,300.000,-1,275.000,225.000,-1,400.000,775.000,250.000,-1,1,1,2,1,2,1,1,1,0,2,0,0,2,1,0,1,2
87,-1265.470,996.947,342.420,-29.905,0.856963,0.494406,-0.145523,-0.506863,0.859623,-0.064324,0.093292,0.128884,0.987262,0,0.88253,1.00000,52.952,2.000,250.000,275.000,-1,400.000,-1,275.000,300.000,375.000,275.000,-1,250.000,175.000,-1,400.000,850.000,250.000,-1,1,1,2,1,2,1,1,1,0,2,0,0,2,1,0,1,2
88,-1218.345,972.019,349.338,-27.905,0.871285,0.463446,-0.161495,-0.478666,0.875111,-0.071135,0.108359,0.139281,0.984306,0,0.88855,1.00000,53.313,2.000,250.000,275.000,-1,425.000,-1,275.000,300.000,375.000,275.000,-1,225.000,125.000,950.000,425.000,925.000,250.000,-1,1,1,2,1,2,1,1,1,0,2,0,0,0,1,0,1,2
89,-1170.051,948.595,356.566,-25.905,0.884346,0.431956,-0.177049,-0.450264,0.889379,-0.079166,0.123268,0.149729,0.981013,0,0.89459,1.00000,53.676,2.000,250.000,275.000,-1,450.000,-1,275.000,325.000,400.000,275.000,-1,200.000,100.000,750.000,425.000,-1,250.000,-1,1,1,2,1,2,1,1,1,0,2,0,0,0,1,2,1,2
90,-1120.642,926.714,365.871,-23.905,0.895528,0.400410,-0.194168,-0.421308,0.903362,-0.080230,0.143279,0.153652,0.977682,0,0.90062,1.00000,54.037,2.000,275.000,300.000,-1,500.000,-1,275.000,325.000,400.000,275.000,-1,200.000,100.000,625.000,450.000,-1,250.000,-1,1,1,2,1,2,1,1,1,0,2,0,0,0,1,2,1,2
91,-1070.166,906.438,375.278,-21.905,0.905429,0.368367,-0.210961,-0.392152,0.916109,-0.083432,0.162530,0.158271,0.973927,0,0.90659,1.00000,54.395,2.000,275.000,300.000,-1,625.000,-1,300.000,350.000,400.000,275.000,-1,175.000,75.000,525.000,-1,-1,250.000,-1,1,1,2,0,2,1,1,1,0,2,0,0,0,2,2,1,2
92,-6231.356,983.914,71.574,5.190,0.995062,-0.090297,-0.041205,0.092487,0.994208,0.054749,0.036023,-0.058290,0.997650,1,0.00000,0.00000,54.748,2.000,-1,325.000,-1,275.000,875.000,225.000,200.000,350.000,400.000,-1,150.000,150.000,875.000,750.000,475.000,-1,700.000,2,1,2,1,1,1,1,0,1,2,0,0,1,1,1,2,1
93,-6226.577,984.369,71.761,5.430,0.994630,-0.094458,-0.042293,0.096717,0.993790,0.055014,0.036834,-0.058809,0.997589,0,0.08000,0.12000,4.800,0.240,-1,325.000,-1,275.000,875.000,225.000,200.000,350.000,400.000,-1,150.000,150.000,900.000,775.000,475.000,-1,700.000,2,1,2,1,1,1,1,0,1,2,0,0,1,1,1,2,1
94,-6217.028,985.358,72.135,5.910,0.993709,-0.102773,-0.044494,0.105177,0.992900,0.055562,0.038467,-0.059892,0.997463,0,0.16000,0.24000,9.600,0.480,-1,325.000,-1,275.000,875.000,250.000,200.000,350.000,400.000,-1,125.000,150.000,925.000,825.000,475.000,-1,675.000,2,1,2,1,1,1,1,0,1,2,0,0,1,1,1,2,1
95,-6202.725,987.021,72.694,6.630,0.992185,-0.115230,-0.047857,0.117863,0.991425,0.056429,0.040944,-0.061629,0.997259,0,0.24000,0.36000,14.400,0.720,-1,325.000,-1,275.000,850.000,250.000,200.000,350.000,425.000,-1,125.000,150.000,-1,925.000,450.000,-1,675.000,2,1,2,1,1,1,1,1,1,2,0,0,2,1,1,2,1
96,-6183.693,989.558,73.440,7.590,0.989886,-0.131803,-0.052465,0.134768,0.989198,0.057669,0.044298,-0.064156,0.996956,0,0.32000,0.48000,19.200,0.960,-1,350.000,-1,275.000,825.000,250.000,200.000,350.000,425.000,-1,125.000,150.000,-1,-1,450.000,-1,675.000,2,1,2,1,1,1,1,1,1,2,0,0,2,2,1,2,1
97,-6159.975,993.227,74.376,8.790,0.986581,-0.152455,-0.058442,0.155880,0.985991,0.059354,0.048575,-0.067668,0.996525,0,0.40000,0.60000,24.000,1.200,-1,350.000,-1,250.000,825.000,250.000,200.000,350.000,450.000,1000.000,100.000,150.000,-1,-1,450.000,-1,650.000,2,1,2,1,1,1,1,1,1,0,0,0,2,2,1,2,1
98,-8373.416,5225.301,138.339,-63.031,0.454647,0.890411,-0.021543,-0.889876,0.453086,-0.053243,-0.037647,0.043377,0.998349,1,0.00000,0.00000,28.800,1.440,975.000,-1,-1,-1,-1,-1,-1,350.000,150.000,-1,-1,-1,-1,-1,-1,-1,-1,1,2,2,2,2,2,2,1,1,2,2,2,2,2,2,2,2
99,-8371.220,5221.033,137.638,-62.791,0.458561,0.888360,-0.023213,-0.887738,0.456737,-0.057556,-0.040529,0.047000,0.998072,0,0.08000,0.12000,4.800,0.240,975.000,1000.000,-1,-1,-1,-1,-1,350.000,150.000,-1,-1,-1,-1,-1,-1,-1,-1,1,1,2,2,2,2,2,1,1,2,2,2,2,2,2,2,2
100,-8366.760,5212.531,136.242,-62.338,0.465985,0.884396,-0.026490,-0.883583,0.463575,-0.066172,-0.046242,0.054241,0.997457,0,0.16000,0.22649,9.600,0.453,950.000,975.000,-1,-1,-1,-1,-1,350.000,150.000,-1,-1,-1,-1,-1,-1,-1,-1,1,1,2,2,2,2,2,1,1,2,2,2,2,2,2,2,2
101,-8359.969,5199.832,134.212,-61.888,0.473621,0.880166,-0.031470,-0.879041,0.470201,-0.078728,-0.054496,0.064951,0.996399,0,0.24000,0.22485,14.400,0.450,925.000,950.000,-1,-1,-1,-1,-1,375.000,125.000,-1,-1,-1,-1,-1,-1,-1,-1,1,1,2,2,2,2,2,1,1,2,2,2,2,2,2,2,2
102,-8350.782,5182.971,131.534,-61.441,0.481588,0.875567,-0.038146,-0.873964,0.476553,-0.095316,-0.065277,0.079241,0.994716,0,0.32000,0.22329,19.200,0.447,900.000,925.000,-1,-1,-1,-1,-1,400.000,100.000,-1,-1,-1,-1,-1,-1,-1,-1,1,1,2,2,2,2,2,1,1,2,2,2,2,2,2,2,2
103,-8339.133,5161.985,128.134,-60.998,0.490020,0.870474,-0.046436,-0.868181,0.482552,-0.115782,-0.078378,0.097050,0.992189,0,0.40000,0.22177,24.000,0.444,875.000,900.000,-1,1000.000,-1,-1,1000.000,425.000,100.000,-1,-1,-1,-1,-1,-1,-1,-1,1,1,2,1,2,2,1,1,1,2,2,2,2,2,2,2,2
104,-2295.749,-4263.553,420.752,14.004,0.964658,-0.241974,-0.104320,0.239639,0.970247,-0.034556,0.109578,0.008335,0.993943,1,0.00000,0.00000,28.800,0.440,275.000,300.000,700.000,450.000,375.000,300.000,375.000,400.000,250.000,-1,200.000,150.000,875.000,400.000,600.000,275.000,550.000,1,1,1,1,1,1,1,0,1,2,0,0,0,1,1,1,1
105,-2291.096,-4262.372,421.169,14.244,0.963603,-0.246034,-0.104581,0.243548,0.969216,-0.036112,0.110246,0.009327,0.993861,0,0.08000,0.12000,4.800,0.240,250.000,300.000,700.000,450.000,375.000,300.000,375.000,400.000,225.000,-1,200.000,150.000,875.000,400.000,600.000,275.000,550.000,1,1,1,1,1,1,1,0,1,2,0,0,0,1,1,1,1
106,-2281.811,-4259.931,421.989,14.724,0.961450,-0.254139,-0.105011,0.251338,0.967100,-0.039320,0.111549,0.011411,0.993693,0,0.16000,0.24000,9.600,0.480,250.000,300.000,675.000,450.000,375.000,300.000,375.000,400.000,225.000,-1,200.000,150.000,825.000,375.000,575.000,275.000,550.000,1,1,1,1,1,1,1,0,1,2,0,0,0,1,1,1,1
107,-2267.931,-4256.094,423.188,15.444,0.958119,-0.266260,-0.105421,0.262954,0.963788,-0.044366,0.113417,0.014786,0.993437,0,0.24000,0.36000,14.400,0.720,250.000,300.000,650.000,450.000,375.000,275.000,375.000,425.000,225.000,-1,200.000,125.000,800.000,375.000,575.000,250.000,550.000,1,1,1,1,1,1,1,1,1,2,0,0,0,1,1,1,1
108,-2249.513,-4250.669,424.726,16.404,0.953492,-0.282346,-0.105513,0.278309,0.959109,-0.051515,0.115744,0.019754,0.993083,0,0.32000,0.48000,19.200,0.960,250.000,275.000,625.000,450.000,375.000,275.000,350.000,425.000,200.000,-1,200.000,125.000,725.000,375.000,575.000,250.000,550.000,1,1,1,1,1,1,1,1,1,2,0,0,0,1,1,1,1
109,-2226.620,-4243.461,426.632,17.467,0.948096,-0.300056,-0.105266,0.295019,0.953548,-0.060906,0.118652,0.026689,0.992577,0,0.40000,0.53191,24.000,1.064,250.000,275.000,600.000,425.000,375.000,275.000,325.000,425.000,200.000,-1,200.000,125.000,675.000,350.000,550.000,250.000,525.000,1,1,1,1,1,1,1,1,1,2,0,0,0,1,1,1,1
110,-2199.311,-4234.314,428.950,18.504,0.942572,-0.317158,-0.104730,0.310801,0.947690,-0.072708,0.122311,0.035982,0.991839,0,0.48000,0.51807,28.800,1.036,225.000,275.000,575.000,400.000,375.000,250.000,325.000,425.000,175.000,-1,200.000,100.000,600.000,350.000,525.000,225.000,525.000,1,1,1,1,1,1,1,1,1,2,0,0,0,1,1,1,1
111,-2167.643,-4223.082,431.662,19.510,0.937009,-0.333586,-0.103612,0.325527,0.941493,-0.087315,0.126677,0.048086,0.990778,0,0.56000,0.50325,33.600,1.007,225.000,250.000,550.000,375.000,350.000,250.000,300.000,450.000,175.000,-1,200.000,100.000,550.000,325.000,475.000,225.000,475.000,1,1,1,1,1,1,1,1,1,2,0,0,0,1,1,1,1
112,-2131.681,-4209.612,434.731,20.509,0.931373,-0.349639,-0.101472,0.339435,0.934727,-0.105215,0.131636,0.063552,0.989259,0,0.64000,0.49926,38.400,0.999,225.000,250.000,500.000,325.000,325.000,225.000,275.000,450.000,150.000,-1,200.000,75.000,475.000,325.000,425.000,200.000,450.000,1,1,1,1,1,1,1,1,1,2,0,0,0,1,1,1,1
113,-2091.498,-4193.749,438.126,21.509,0.925705,-0.365377,-0.097822,0.352531,0.927149,-0.126952,0.137080,0.083035,0.987074,0,0.72000,0.50009,43.200,1.000,200.000,225.000,450.000,300.000,300.000,225.000,250.000,450.000,150.000,-1,200.000,75.000,375.000,300.000,375.000,200.000,400.000,1,1,1,1,1,1,1,1,1,2,0,0,0,1,1,1,1
114,-327.966,8855.085,142.152,-49.315,0.651915,0.758278,0.004541,-0.758283,0.651867,0.008806,0.003717,-0.009184,0.999951,1,0.00000,0.00000,48.000,1.005,-1,350.000,-1,375.000,-1,300.000,300.000,300.000,350.000,550.000,25.000,0.000,-1,650.000,-1,-1,-1,2,0,2,0,2,0,0,0,0,1,1,1,2,0,2,2,2
115,-324.821,8851.458,141.970,-49.075,0.655088,0.755544,0.003533,-0.755538,0.655040,0.009171,0.004615,-0.008677,0.999952,0,0.08000,0.12000,4.800,0.240,-1,375.000,-1,375.000,-1,300.000,300.000,300.000,350.000,550.000,25.000,0.000,-1,650.000,-1,-1,-1,2,0,2,0,2,0,0,0,0,1,1,1,2,0,2,2,2
116,-318.472,8844.258,141.631,-48.595,0.661395,0.750036,0.001541,-0.750011,0.661352,0.009817,0.006344,-0.007648,0.999951,0,0.16000,0.24000,9.600,0.480,-1,375.000,-1,375.000,-1,300.000,300.000,300.000,350.000,550.000,0.000,0.000,-1,650.000,-1,-1,-1,2,0,2,0,2,0,0,0,0,1,1,1,2,0,2,2,2
117,-308.814,8833.577,141.277,-47.875,0.670756,0.741676,-0.001460,-0.741630,0.670734,0.010085,0.008460,-0.005682,0.999948,0,0.24000,0.36000,14.400,0.720,-1,375.000,-1,375.000,-1,300.000,300.000,300.000,325.000,550.000,25.000,0.000,-1,650.000,-1,-1,-1,2,0,2,0,2,0,0,0,0,1,1,1,2,0,2,2,2
118,-295.699,8819.554,140.855,-46.915,0.683061,0.730343,-0.005257,-0.730276,0.683073,0.010361,0.011158,-0.003238,0.999933,0,0.32000,0.48000,19.200,0.960,-1,375.000,-1,375.000,-1,300.000,300.000,300.000,325.000,575.000,25.000,0.000,-1,675.000,-1,-1,-1,2,0,2,0,2,0,0,0,0,1,1,1,2,0,2,2,2
119,-278.941,8802.373,140.412,-45.715,0.698156,0.715881,-0.009662,-0.715803,0.698222,0.010589,0.014327,-0.000477,0.999897,0,0.40000,0.60000,24.000,1.200,-1,375.000,-1,375.000,-1,300.000,300.000,325.000,325.000,575.000,25.000,0.000,-1,675.000,-1,-1,-1,2,0,2,1,2,0,0,0,0,1,1,1,2,0,2,2,2
120,-258.321,8782.268,140.692,-44.275,0.715904,0.698108,-0.011227,-0.698020,0.715992,0.011123,0.015804,-0.000126,0.999875,0,0.48000,0.72000,28.800,1.440,-1,375.000,-1,375.000,-1,300.000,300.000,325.000,325.000,600.000,50.000,25.000,-1,700.000,-1,-1,-1,2,0,2,1,2,0,0,0,0,1,1,1,2,0,2,2,2
121,-233.586,8759.526,141.231,-42.595,0.736050,0.676817,-0.012170,-0.676714,0.736151,0.011838,0.016971,-0.000478,0.999856,0,0.56000,0.84000,33.600,1.680,975.000,375.000,-1,400.000,-1,300.000,300.000,325.000,325.000,625.000,75.000,75.000,-1,700.000,-1,-1,-1,1,0,2,1,2,0,0,0,0,1,1,1,2,0,2,2,2
122,-204.463,8734.498,141.890,-40.675,0.758299,0.651773,-0.013197,-0.651651,0.758413,0.012667,0.018264,-0.001006,0.999833,0,0.64000,0.96000,38.400,1.920,950.000,375.000,-1,450.000,-1,300.000,300.000,325.000,325.000,650.000,100.000,100.000,-1,700.000,-1,-1,-1,1,0,2,1,2,0,0,0,0,1,1,1,2,0,2,2,2
123,-174.013,8710.124,142.604,-38.675,0.780570,0.624907,-0.014184,-0.624763,0.780697,0.013523,0.019524,-0.001694,0.999808,0,0.65006,1.00000,39.004,2.000,900.000,375.000,-1,550.000,-1,300.000,300.000,325.000,325.000,675.000,125.000,150.000,-1,700.000,-1,-1,-1,1,0,2,1,2,0,0,0,0,1,1,1,2,0,2,2,2
124,-142.467,8686.632,143.367,-36.675,0.801891,0.597280,-0.015119,-0.597111,0.802029,0.014402,0.020728,-0.002521,0.999782,0,0.65553,1.00000,39.332,2.000,875.000,375.000,-1,-1,-1,300.000,300.000,325.000,325.000,700.000,150.000,175.000,-1,700.000,-1,-1,-1,1,0,2,2,2,0,0,0,0,1,1,1,2,0,2,2,2
125,-109.846,8664.065,144.179,-34.675,0.822235,0.568924,-0.016001,-0.568728,0.822383,0.015305,0.021867,-0.003484,0.999755,0,0.66110,1.00000,39.666,2.000,850.000,375.000,-1,-1,-1,300.000,300.000,325.000,325.000,700.000,175.000,225.000,-1,700.000,-1,975.000,-1,1,0,2,2,2,0,0,0,0,1,1,1,2,0,2,1,2
126,-72.483,8639.957,145.162,-32.832,0.840097,0.542170,-0.017010,-0.541944,0.840257,0.016302,0.023131,-0.004477,0.999722,0,0.74110,0.92179,44.466,1.844,800.000,375.000,-1,-1,-1,300.000,300.000,325.000,325.000,750.000,225.000,275.000,-1,725.000,-1,900.000,-1,1,0,2,2,2,0,0,0,0,1,1,1,2,0,2,1,2
127,-30.257,8614.576,146.328,-31.009,0.856901,0.515161,-0.018130,-0.514898,0.857075,0.017397,0.024501,-0.005572,0.999684,0,0.82110,0.91154,49.266,1.823,775.000,375.000,-1,-1,-1,300.000,300.000,325.000,325.000,775.000,250.000,325.000,-1,725.000,-1,850.000,-1,1,0,2,2,2,0,0,0,1,1,1,1,2,1,2,1,2
128,16.927,8588.196,147.673,-29.209,0.872640,0.487985,-0.019258,-0.487677,0.872825,0.018630,0.025900,-0.006866,0.999641,0,0.90096,0.89991,54.057,1.800,725.000,375.000,-1,-1,-1,300.000,300.000,325.000,325.000,800.000,300.000,400.000,-1,700.000,-1,800.000,-1,1,0,2,2,2,0,0,0,1,1,1,1,2,1,2,1,2
129,64.775,8563.356,148.832,-27.436,0.887310,0.460738,-0.020060,-0.460415,0.887505,0.018759,0.026446,-0.007409,0.999623,0,0.89853,0.88672,53.912,1.773,675.000,375.000,-1,-1,-1,300.000,300.000,325.000,350.000,850.000,350.000,475.000,-1,675.000,-1,725.000,-1,1,0,2,2,2,0,0,0,1,1,1,1,2,1,2,1,2
130,113.147,8540.087,148.670,-25.690,0.900949,0.433502,-0.019124,-0.433332,0.901147,0.012511,0.022657,-0.002985,0.999739,0,0.89463,0.87269,53.678,1.745,625.000,375.000,-1,-1,-1,300.000,300.000,325.000,375.000,900.000,425.000,575.000,-1,625.000,-1,675.000,-1,1,0,2,2,2,0,0,0,1,1,1,1,2,1,2,1,2
131,161.895,8518.409,148.388,-23.974,0.913560,0.406327,-0.017488,-0.406292,0.913726,0.005686,0.018290,0.001911,0.999831,0,0.88919,0.85790,53.351,1.716,600.000,375.000,-1,-1,-1,300.000,275.000,325.000,375.000,950.000,550.000,700.000,-1,600.000,-1,625.000,-1,1,0,2,2,2,0,0,0,1,1,1,1,2,1,2,1,2
132,210.870,8498.334,148.013,-22.289,0.925159,0.379276,-0.015173,-0.379341,0.925256,-0.001511,0.013466,0.007153,0.999884,0,0.88216,0.84245,52.930,1.685,550.000,350.000,-1,-1,-1,275.000,275.000,325.000,425.000,1000.000,675.000,850.000,-1,550.000,-1,550.000,-1,1,0,2,2,2,0,0,0,1,1,1,1,2,1,2,1,2
133,259.921,8479.862,147.608,-20.637,0.935766,0.352410,-0.012233,-0.352524,0.935761,-0.008814,0.008341,0.012561,0.999886,0,0.87358,0.82648,52.415,1.653,500.000,350.000,-1,-1,-1,275.000,250.000,325.000,450.000,-1,825.000,-1,-1,500.000,-1,500.000,-1,1,0,2,2,2,0,0,0,1,2,1,2,2,1,2,1,2
134,308.905,8462.981,147.216,-19.016,0.945404,0.325782,-0.008739,-0.325885,0.945274,-0.016011,0.003045,0.017985,0.999834,0,0.86351,0.81017,51.811,1.620,450.000,325.000,-1,-1,-1,275.000,250.000,350.000,500.000,-1,975.000,-1,-1,475.000,-1,450.000,-1,1,0,2,2,2,0,0,0,1,2,1,2,2,1,2,1,2
135,357.686,8447.668,146.866,-17.429,0.954104,0.299438,-0.004811,-0.299469,0.953833,-0.022829,-0.002247,0.023222,0.999728,0,0.85214,0.79373,51.128,1.587,400.000,325.000,-1,-1,-1,250.000,250.000,350.000,575.000,-1,-1,-1,-1,425.000,-1,400.000,-1,1,1,2,2,2,0,0,0,1,2,2,2,2,1,2,1,2
136,406.152,8433.912,146.608,-15.847,0.962023,0.272968,-0.000575,-0.272869,0.961614,-0.028987,-0.007360,0.028043,0.999580,0,0.83967,0.79070,50.380,1.581,350.000,300.000,-1,-1,-1,250.000,225.000,350.000,675.000,-1,-1,-1,-1,400.000,-1,350.000,-1,1,1,2,2,2,0,0,0,1,2,2,2,2,1,2,1,2
137,454.201,8421.693,146.485,-14.269,0.969172,0.246354,0.003825,-0.246084,0.968643,-0.034268,-0.012147,0.032270,0.999405,0,0.82631,0.78895,49.579,1.578,325.000,275.000,-1,-1,-1,250.000,225.000,350.000,775.000,-1,-1,-1,-1,350.000,-1,300.000,-1,1,1,2,2,2,1,0,0,1,2,2,2,2,1,2,1,2
138,501.753,8410.983,146.535,-12.694,0.975556,0.219598,0.008225,-0.219134,0.974935,-0.038484,-0.016470,0.035741,0.999225,0,0.81238,0.78788,48.743,1.576,275.000,250.000,-1,-1,-1,225.000,200.000,350.000,925.000,-1,-1,-1,-1,325.000,-1,275.000,-1,1,1,2,2,2,1,0,0,1,2,2,2,2,1,2,1,2
139,548.746,8401.748,146.795,-11.119,0.981178,0.192701,0.012452,-0.192044,0.980510,-0.041473,-0.020201,0.038301,0.999062,0,0.79821,0.78747,47.893,1.575,225.000,225.000,-1,-1,-1,200.000,200.000,375.000,-1,-1,-1,-1,-1,300.000,-1,225.000,-1,1,1,2,2,2,1,1,0,2,2,2,2,2,1,2,1,2
140,595.144,8393.948,147.297,-9.543,0.986048,0.165662,0.016318,-0.164836,0.985379,-0.043102,-0.023220,0.039811,0.998937,0,0.78415,0.78771,47.049,1.575,200.000,200.000,-1,725.000,-1,175.000,200.000,375.000,-1,-1,-1,-1,-1,250.000,-1,175.000,-1,1,1,2,1,2,1,1,0,2,2,2,2,2,1,2,1,2
141,640.928,8387.547,148.894,-7.966,0.990322,0.138412,0.010217,-0.137698,0.989085,-0.052436,-0.017363,0.050521,0.998572,0,0.77050,0.78856,46.230,1.577,175.000,200.000,-1,525.000,-1,175.000,200.000,400.000,-1,-1,-1,-1,-1,250.000,-1,150.000,-1,1,1,2,1,2,1,1,0,2,2,2,2,2,1,2,1,2
142,686.099,8382.510,152.562,-6.386,0.993801,0.110941,-0.007140,-0.111167,0.991204,-0.071809,-0.000890,0.072158,0.997393,0,0.75752,0.78997,45.451,1.580,175.000,200.000,-1,500.000,-1,175.000,200.000,475.000,-1,-1,-1,0.000,-1,250.000,-1,150.000,-1,1,1,2,1,2,1,1,0,2,2,2,0,2,1,2,1,2
143,736.178,8378.355,157.599,-4.774,0.996160,0.082855,-0.028283,-0.085121,0.992158,-0.091528,0.020477,0.093584,0.995401,0,0.83752,0.80628,50.251,1.613,150.000,200.000,-1,550.000,-1,175.000,225.000,550.000,-1,-1,-1,0.000,900.000,250.000,-1,150.000,-1,1,1,2,1,2,1,1,0,2,2,2,0,1,1,2,1,2
144,787.549,8375.524,163.159,-3.195,0.997201,0.055369,-0.050243,-0.060736,0.991796,-0.112480,0.043603,0.115217,0.992383,0,0.85747,0.78920,51.448,1.578,150.000,200.000,-1,575.000,-1,200.000,225.000,675.000,-1,-1,450.000,0.000,875.000,250.000,-1,150.000,-1,1,1,2,1,2,1,1,0,2,2,0,0,1,1,2,1,2
145,838.180,8374.127,169.086,-1.630,0.996994,0.028182,-0.072165,-0.037668,0.990310,-0.133669,0.067699,0.135986,0.988395,0,0.84416,0.78264,50.650,1.565,150.000,200.000,-1,600.000,-1,200.000,250.000,800.000,-1,-1,175.000,0.000,850.000,275.000,-1,150.000,-1,1,1,2,1,2,1,1,0,2,2,0,0,1,1,2,1,2
146,887.972,8374.117,175.437,-0.069,0.995576,0.001181,-0.093954,-0.015799,0.987789,-0.154993,0.092624,0.155792,0.983438,0,0.82984,0.78076,49.791,1.562,150.000,200.000,-1,600.000,-1,200.000,275.000,925.000,-1,-1,100.000,0.000,825.000,275.000,-1,150.000,-1,1,1,2,1,2,1,1,1,2,2,0,0,1,1,2,1,2
147,935.934,8375.222,182.026,1.253,0.993166,-0.021530,-0.114709,0.000975,0.984334,-0.176311,0.116707,0.174994,0.977628,0,0.79955,0.66076,47.973,1.322,150.000,225.000,-1,625.000,-1,200.000,300.000,1000.000,-1,-1,50.000,0.000,800.000,275.000,-1,150.000,-1,1,1,2,1,2,1,1,1,2,2,0,0,1,1,2,1,2
148,9511.016,983.901,236.344,64.388,0.432315,-0.901682,-0.008566,0.900641,0.432242,-0.044868,0.044159,0.011682,0.998956,1,0.00000,0.00000,47.112,1.082,-1,375.000,-1,400.000,-1,325.000,325.000,325.000,300.000,-1,475.000,500.000,-1,750.000,775.000,-1,-1,2,0,2,0,2,0,0,0,0,2,0,0,2,0,0,2,2
149,9513.109,988.221,236.552,64.148,0.436088,-0.899862,-0.008682,0.898815,0.436015,-0.044976,0.044258,0.011810,0.998950,0,0.08000,-0.12000,4.800,-0.240,-1,400.000,-1,400.000,-1,325.000,325.000,325.000,300.000,-1,475.000,500.000,-1,750.000,775.000,-1,-1,2,0,2,0,2,0,0,0,0,2,0,0,2,0,0,2,2
150,9517.367,996.825,236.968,63.668,0.443611,-0.896175,-0.008913,0.895116,0.443537,-0.045193,0.044454,0.012070,0.998938,0,0.16000,-0.24000,9.600,-0.480,-1,400.000,-1,400.000,-1,325.000,325.000,325.000,300.000,-1,475.000,500.000,-1,750.000,775.000,-1,-1,2,0,2,0,2,0,0,0,0,2,0,0,2,0,0,2,2
151,9523.916,1009.650,237.594,62.948,0.454838,-0.890526,-0.009254,0.889449,0.454761,-0.045522,0.044747,0.012475,0.998920,0,0.24000,-0.36000,14.400,-0.720,-1,400.000,-1,400.000,-1,325.000,325.000,325.000,300.000,-1,475.000,525.000,-1,775.000,800.000,-1,-1,2,0,2,0,2,0,0,0,0,2,0,0,2,0,0,2,2
152,9532.897,1026.620,238.434,62.112,0.467781,-0.883791,-0.009695,0.882692,0.467702,-0.045936,0.045132,0.012930,0.998897,0,0.32000,-0.41798,19.200,-0.836,-1,400.000,-1,400.000,-1,325.000,325.000,325.000,300.000,-1,475.000,525.000,-1,775.000,800.000,-1,-1,2,0,2,0,2,0,0,0,0,2,0,0,2,0,0,2,2
153,9544.433,1047.666,239.493,61.270,0.480723,-0.876813,-0.010215,0.875686,0.480645,-0.046414,0.045607,0.013368,0.998870,0,0.40000,-0.42129,24.000,-0.843,-1,400.000,-1,400.000,-1,325.000,325.000,325.000,300.000,-1,475.000,525.000,-1,775.000,825.000,-1,-1,2,0,2,0,2,0,0,0,0,2,0,0,2,0,0,2,2
154,9558.651,1072.712,240.774,60.419,0.493689,-0.869572,-0.010788,0.868412,0.493613,-0.046973,0.046171,0.013822,0.998838,0,0.48000,-0.42555,28.800,-0.851,-1,400.000,-1,400.000,-1,325.000,325.000,325.000,300.000,-1,475.000,550.000,-1,775.000,825.000,-1,-1,2,0,2,0,2,0,0,0,0,2,0,0,2,0,0,2,2
155,9575.675,1101.680,242.281,59.557,0.506705,-0.862044,-0.011381,0.860847,0.506630,-0.047631,0.046827,0.014337,0.998800,0,0.56000,-0.43080,33.600,-0.862,-1,400.000,-1,400.000,-1,325.000,325.000,325.000,300.000,-1,475.000,550.000,-1,800.000,850.000,-1,-1,2,0,2,0,2,0,0,0,0,2,0,0,2,0,0,2,2
156,9595.635,1134.485,243.947,58.683,0.519788,-0.854211,-0.011976,0.852994,0.519719,-0.047890,0.047132,0.014678,0.998781,0,0.64000,-0.43703,38.400,-0.874,-1,400.000,-1,400.000,-1,325.000,325.000,325.000,300.000,-1,500.000,575.000,-1,800.000,850.000,-1,-1,2,0,2,0,2,0,0,0,0,2,0,0,2,0,0,2,2
157,9618.658,1171.038,245.838,57.794,0.532972,-0.846043,-0.012347,0.844816,0.532899,-0.047997,0.047188,0.015150,0.998771,0,0.72000,-0.44429,43.200,-0.889,-1,400.000,-1,400.000,-1,325.000,325.000,325.000,300.000,-1,525.000,575.000,-1,800.000,875.000,-1,-1,2,0,2,0,2,0,0,0,0,2,0,0,2,0,0,2,2
158,9644.879,1211.244,247.922,56.889,0.546273,-0.837512,-0.012629,0.836280,0.546194,-0.048037,0.047129,0.015680,0.998766,0,0.80000,-0.45260,48.000,-0.905,-1,400.000,-1,400.000,-1,325.000,325.000,325.000,300.000,-1,550.000,625.000,-1,800.000,900.000,-1,-1,2,0,2,0,2,0,0,0,0,2,0,0,2,0,0,2,2
159,9674.431,1254.999,250.140,55.965,0.559709,-0.828589,-0.012857,0.827370,0.559626,-0.047723,0.046738,0.016073,0.998778,0,0.88000,-0.46202,52.800,-0.924,-1,400.000,-1,400.000,-1,325.000,325.000,325.000,300.000,-1,600.000,650.000,-1,825.000,925.000,-1,-1,2,0,2,0,2,0,0,0,0,2,0,0,2,0,0,2,2
160,9707.452,1302.194,252.523,55.020,0.573307,-0.819239,-0.012905,0.818043,0.573214,-0.047230,0.046090,0.016520,0.998801,0,0.96000,-0.47260,57.600,-0.945,-1,400.000,-1,400.000,-1,325.000,325.000,300.000,300.000,-1,650.000,700.000,-1,825.000,925.000,-1,-1,2,0,2,0,2,0,0,0,0,2,0,0,2,0,0,2,2
161,9742.676,1350.766,254.979,54.051,0.587091,-0.809421,-0.012699,0.808257,0.586979,-0.046648,0.045212,0.017122,0.998831,0,1.00000,-0.48443,60.000,-0.969,-1,400.000,-1,425.000,-1,325.000,325.000,300.000,300.000,-1,725.000,775.000,-1,850.000,950.000,-1,-1,2,0,2,0,2,0,0,0,0,2,0,0,2,0,0,2,2
162,9778.737,1398.720,257.424,53.057,0.601065,-0.799106,-0.012216,0.797987,0.600925,-0.045900,0.044020,0.017841,0.998871,0,1.00000,-0.49700,60.000,-0.994,-1,400.000,-1,425.000,-1,325.000,325.000,300.000,300.000,-1,800.000,850.000,-1,850.000,-1,-1,-1,2,0,2,0,2,0,0,0,0,2,0,0,2,0,2,2,2
163,9815.646,1446.025,259.793,52.037,0.615229,-0.788272,-0.010966,0.787227,0.615036,-0.044780,0.042043,0.018917,0.998937,0,1.00000,-0.50974,60.000,-1.019,-1,400.000,-1,425.000,-1,325.000,325.000,300.000,300.000,-1,925.000,950.000,-1,875.000,-1,-1,-1,2,0,2,0,2,0,0,0,0,2,0,0,2,0,2,2,2
164,9853.411,1492.649,262.095,50.992,0.629557,-0.776900,-0.009249,0.775937,0.629297,-0.043668,0.039746,0.020314,0.999003,0,1.00000,-0.52267,60.000,-1.045,-1,400.000,-1,425.000,-1,325.000,325.000,300.000,300.000,-1,-1,-1,-1,875.000,-1,-1,-1,2,0,2,0,2,0,0,0,0,2,2,2,2,0,2,2,2
165,9892.042,1538.558,264.331,49.921,0.644031,-0.764967,-0.007060,0.764098,0.643693,-0.042590,0.037124,0.022035,0.999068,0,1.00000,-0.53579,60.000,-1.072,-1,400.000,-1,425.000,-1,325.000,325.000,300.000,300.000,-1,-1,-1,-1,900.000,-1,-1,-1,2,0,2,0,2,0,0,0,0,2,2,2,2,0,2,2,2
166,9931.545,1583.719,266.442,48.822,0.658632,-0.752453,-0.004387,0.751689,0.658206,-0.041576,0.034172,0.024085,0.999126,0,1.00000,-0.54914,60.000,-1.098,-1,400.000,-1,425.000,-1,325.000,350.000,300.000,300.000,-1,-1,-1,-1,925.000,-1,-1,-1,2,0,2,0,2,0,0,0,0,2,2,2,2,0,2,2,2
167,9971.928,1628.095,268.314,47.697,0.673320,-0.739348,-0.002089,0.738683,0.672829,-0.040602,0.031425,0.025795,0.999173,0,1.00000,-0.56272,60.000,-1.125,-1,400.000,-1,425.000,-1,325.000,350.000,300.000,300.000,-1,-1,-1,-1,925.000,-1,-1,-1,2,0,2,0,2,0,0,0,0,2,2,2,2,0,2,2,2
168,10013.195,1671.649,270.066,46.544,0.688091,-0.725624,0.000314,0.725061,0.687540,-0.039690,0.028584,0.027537,0.999212,0,1.00000,-0.57656,60.000,-1.153,-1,425.000,-1,425.000,-1,350.000,350.000,300.000,300.000,-1,-1,-1,-1,950.000,-1,-1,-1,2,0,2,0,2,0,0,0,0,2,2,2,2,0,2,2,2
169,10055.352,1714.343,271.637,45.362,0.702920,-0.711264,0.002517,0.710799,0.702323,-0.038816,0.025841,0.029074,0.999243,0,1.00000,-0.59068,60.000,-1.181,-1,425.000,-1,425.000,-1,350.000,350.000,300.000,300.000,-1,-1,-1,-1,975.000,-1,-1,-1,2,0,2,0,2,0,0,0,0,2,2,2,2,0,2,2,2
170,10098.555,1755.978,273.061,43.941,0.720353,-0.693592,0.004675,0.693226,0.719716,-0.038024,0.023009,0.030632,0.999266,0,1.00000,-0.71068,60.000,-1.421,-1,425.000,-1,425.000,-1,350.000,350.000,300.000,275.000,-1,-1,-1,-1,975.000,-1,-1,-1,2,0,2,0,2,0,0,0,0,2,2,2,2,0,2,2,2
171,10142.947,1796.343,274.088,42.280,0.740135,-0.672424,0.006797,0.672186,0.739510,-0.035923,0.019129,0.031157,0.999331,0,1.00000,-0.83068,60.000,-1.661,-1,425.000,-1,425.000,-1,350.000,350.000,300.000,275.000,-1,-1,-1,-1,975.000,-1,-1,-1,2,0,2,0,2,0,0,0,0,2,2,2,2,0,2,2,2
172,10188.655,1835.213,274.767,40.378,0.761992,-0.647524,0.009005,0.647427,0.761421,-0.032811,0.014389,0.030832,0.999421,0,1.00000,-0.95068,60.000,-1.901,-1,425.000,-1,950.000,-1,350.000,350.000,300.000,275.000,-1,-1,-1,-1,975.000,-1,-1,-1,2,0,2,1,2,0,0,0,0,2,2,2,2,1,2,2,2
173,10235.691,1872.464,275.270,38.378,0.784071,-0.620567,0.011416,0.620600,0.783569,-0.029591,0.009418,0.030286,0.999497,0,1.00000,-1.00000,60.000,-2.000,-1,425.000,-1,-1,-1,350.000,350.000,300.000,300.000,-1,-1,-1,-1,975.000,-1,-1,-1,2,0,2,2,2,0,0,0,0,2,2,2,2,1,2,2,2
174,10283.998,1908.050,275.528,36.378,0.805183,-0.592860,0.014056,0.593012,0.804772,-0.026044,0.004129,0.029306,0.999562,0,1.00000,-1.00000,60.000,-2.000,-1,425.000,-1,-1,-1,350.000,350.000,300.000,300.000,-1,-1,-1,-1,975.000,-1,-1,-1,2,0,2,2,2,0,1,0,0,2,2,2,2,0,2,2,2
175,10333.519,1941.929,275.516,34.378,0.825311,-0.564425,0.016891,0.564677,0.824992,-0.022992,-0.000958,0.028514,0.999593,0,1.00000,-1.00000,60.000,-2.000,-1,425.000,-1,-1,-1,350.000,475.000,300.000,300.000,-1,-1,-1,-1,950.000,-1,-1,-1,2,0,2,2,2,0,1,0,0,2,2,2,2,1,2,2,2
176,10384.191,1974.059,275.347,32.378,0.844427,-0.535301,0.019886,0.535637,0.844205,-0.020258,-0.005944,0.027758,0.999597,0,1.00000,-1.00000,60.000,-2.000,-1,450.000,-1,-1,-1,400.000,550.000,275.000,300.000,-1,-1,-1,-1,950.000,-1,-1,-1,2,1,2,2,2,1,1,0,0,2,2,2,2,0,2,2,2
177,10435.953,2004.403,273.292,30.378,0.862324,-0.505424,0.030719,0.506105,0.862221,-0.020817,-0.015965,0.033498,0.999311,0,1.00000,-1.00000,60.000,-2.000,-1,500.000,-1,-1,-1,450.000,600.000,300.000,275.000,-1,-1,-1,-1,925.000,-1,-1,-1,2,1,2,2,2,1,1,0,0,2,2,2,2,1,2,2,2
178,10488.741,2032.926,267.753,28.378,0.878397,-0.474656,0.055868,0.476609,0.878652,-0.028541,-0.035541,0.051697,0.998030,0,1.00000,-1.00000,60.000,-2.000,-1,500.000,-1,-1,-1,450.000,575.000,300.000,225.000,-1,-1,-1,-1,875.000,-1,-1,-1,2,1,2,2,2,1,1,0,0,2,2,2,2,1,2,2,2
179,10542.492,2059.593,262.083,26.378,0.892820,-0.443210,0.080232,0.447066,0.893689,-0.038101,-0.054816,0.069886,0.996048,0,1.00000,-1.00000,60.000,-2.000,-1,500.000,-1,-1,-1,450.000,575.000,325.000,200.000,-1,-1,-1,-1,825.000,-1,-1,-1,2,1,2,2,2,1,1,0,0,2,2,2,2,1,2,2,2
180,10597.141,2084.370,256.083,24.378,0.905741,-0.411187,0.102754,0.417477,0.907370,-0.048920,-0.073121,0.087207,0.993503,0,1.00000,-1.00000,60.000,-2.000,-1,475.000,-1,-1,-1,450.000,575.000,350.000,175.000,-1,-1,-1,-1,800.000,-1,-1,-1,2,1,2,2,2,1,1,0,0,2,2,2,2,1,2,2,2
181,10652.627,2107.219,248.172,22.378,0.916908,-0.378918,0.125306,0.387573,0.920312,-0.053036,-0.095224,0.097194,0.990700,0,1.00000,-1.00000,60.000,-2.000,-1,475.000,-1,-1,-1,450.000,550.000,350.000,150.000,-1,-1,-1,-1,750.000,-1,-1,-1,2,1,2,2,2,1,1,0,1,2,2,2,2,1,2,2,2
182,10708.882,2128.109,237.957,20.378,0.925870,-0.346535,0.150591,0.356964,0.932885,-0.047977,-0.123858,0.098175,0.987431,0,1.00000,-1.00000,60.000,-2.000,725.000,425.000,-1,-1,-1,400.000,525.000,325.000,175.000,-1,-1,-1,-1,675.000,-1,725.000,-1,0,1,2,2,2,1,1,0,1,2,2,2,2,1,2,1,2
183,2295.764,-8855.101,513.579,-151.225,-0.871880,0.480333,0.095424,-0.484284,-0.874627,-0.022270,0.072764,-0.065629,0.995188,1,0.00000,0.00000,60.000,-2.000,-1,375.000,-1,-1,-1,325.000,300.000,300.000,325.000,575.000,425.000,500.000,-1,725.000,-1,-1,-1,2,0,2,2,2,0,0,0,0,1,1,1,2,0,2,2,2
184,2299.974,-8852.796,513.215,-151.303,-0.872541,0.479151,0.095321,-0.483093,-0.875285,-0.022295,0.072750,-0.065502,0.995197,0,-0.08000,-0.03885,-4.800,-0.078,-1,375.000,-1,-1,-1,325.000,300.000,300.000,325.000,575.000,425.000,475.000,-1,725.000,-1,-1,-1,2,0,2,2,2,0,0,0,0,1,1,1,2,0,2,2,2
185,2308.401,-8848.198,512.487,-151.379,-0.873200,0.477988,0.095121,-0.481918,-0.875931,-0.022352,0.072635,-0.065358,0.995215,0,-0.16000,-0.03817,-9.600,-0.076,-1,375.000,-1,375.000,-1,325.000,300.000,300.000,325.000,575.000,400.000,475.000,-1,725.000,-1,-1,-1,2,0,2,0,2,0,0,0,0,1,1,1,2,0,2,2,2
186,2321.051,-8841.316,511.395,-151.453,-0.873845,0.476868,0.094828,-0.480781,-0.876554,-0.022440,0.072421,-0.065201,0.995241,0,-0.24000,-0.03681,-14.400,-0.074,-1,375.000,-1,375.000,-1,325.000,300.000,300.000,325.000,550.000,400.000,450.000,-1,725.000,-1,-1,-1,2,0,2,0,2,0,0,0,0,1,1,1,2,0,2,2,2
187,2337.927,-8832.161,509.942,-151.522,-0.874463,0.475808,0.094449,-0.479702,-0.877141,-0.022559,0.072111,-0.065034,0.995274,0,-0.32000,-0.03477,-19.200,-0.070,-1,375.000,-1,375.000,-1,325.000,300.000,300.000,325.000,525.000,375.000,450.000,-1,725.000,-1,-1,-1,2,0,2,0,2,0,0,0,0,1,1,1,2,0,2,2,2
188,2359.036,-8820.741,508.128,-151.586,-0.875043,0.474831,0.093991,-0.478703,-0.877683,-0.022707,0.071713,-0.064864,0.995314,0,-0.40000,-0.03207,-24.000,-0.064,-1,375.000,-1,375.000,-1,300.000,300.000,300.000,325.000,500.000,350.000,425.000,-1,725.000,-1,-1,-1,2,0,2,0,2,0,0,0,0,1,1,1,2,0,2,2,2
189,2382.813,-8807.909,506.092,-151.644,-0.875570,0.473957,0.093498,-0.477806,-0.878168,-0.022872,0.071267,-0.064699,0.995357,0,-0.45030,-0.02870,-27.018,-0.057,-1,375.000,-1,375.000,-1,300.000,300.000,300.000,325.000,475.000,325.000,400.000,-1,725.000,-1,-1,-1,2,0,2,0,2,0,0,0,0,1,1,1,2,0,2,2,2
190,2406.706,-8795.040,504.053,-151.694,-0.876031,0.473197,0.093024,-0.477024,-0.878588,-0.023034,0.070830,-0.064553,0.995397,0,-0.45231,-0.02493,-27.139,-0.050,-1,375.000,-1,375.000,-1,300.000,300.000,300.000,325.000,450.000,300.000,375.000,-1,725.000,-1,-1,-1,2,0,2,0,2,0,0,0,0,1,1,1,2,0,2,2,2
191,2430.711,-8782.134,502.011,-151.736,-0.876428,0.472552,0.092570,-0.476359,-0.878945,-0.023194,0.070404,-0.064424,0.995436,0,-0.45423,-0.02116,-27.254,-0.042,-1,375.000,-1,375.000,-1,300.000,300.000,300.000,325.000,400.000,275.000,325.000,-1,725.000,-1,-1,-1,2,0,2,0,2,0,0,0,0,1,1,1,2,0,2,2,2
192,2454.820,-8769.191,499.968,-151.771,-0.876759,0.472022,0.092139,-0.475810,-0.879238,-0.023344,0.069993,-0.064307,0.995473,0,-0.45606,-0.01740,-27.364,-0.035,-1,375.000,-1,375.000,-1,300.000,300.000,300.000,300.000,375.000,250.000,300.000,-1,725.000,-1,-1,-1,2,0,2,0,2,0,0,0,0,1,1,1,2,0,2,2,2
193,2479.026,-8756.210,497.982,-151.798,-0.877003,0.471612,0.091911,-0.475369,-0.879482,-0.023125,0.069928,-0.063972,0.995499,0,-0.45778,-0.01366,-27.467,-0.027,-1,375.000,-1,375.000,-1,300.000,300.000,300.000,300.000,350.000,200.000,275.000,-1,725.000,-1,-1,-1,2,0,2,0,2,0,0,0,0,1,1,1,2,0,2,2,2
194,2503.321,-8743.193,495.992,-151.818,-0.877183,0.471317,0.091706,-0.475045,-0.879663,-0.022917,0.069870,-0.063667,0.995522,0,-0.45938,-0.00993,-27.563,-0.020,-1,375.000,-1,375.000,-1,325.000,300.000,300.000,300.000,325.000,175.000,250.000,-1,725.000,-1,-1,-1,2,0,2,0,2,0,0,0,0,1,1,1,2,0,2,2,2
195,2527.698,-8730.139,494.001,-151.830,-0.877301,0.471134,0.091520,-0.474836,-0.879781,-0.022718,0.069814,-0.063388,0.995544,0,-0.46086,-0.00622,-27.651,-0.012,-1,375.000,-1,375.000,-1,325.000,300.000,300.000,300.000,275.000,150.000,225.000,-1,725.000,-1,-1,-1,2,0,2,0,2,0,0,0,0,1,1,1,2,0,2,2,2
196,2552.145,-8717.047,493.149,-151.835,-0.877826,0.471196,0.085998,-0.474389,-0.880083,-0.020222,0.066157,-0.058548,0.996090,0,-0.46219,-0.00253,-27.731,-0.005,-1,375.000,-1,375.000,-1,300.000,300.000,325.000,300.000,275.000,125.000,200.000,-1,725.000,-1,-1,-1,2,0,2,0,2,0,0,0,0,1,1,1,2,0,2,2,2
197,2576.654,-8703.919,493.956,-151.833,-0.878857,0.471518,0.072670,-0.473641,-0.880601,-0.014368,0.057218,-0.047047,0.997253,0,-0.46337,0.00113,-27.802,0.002,-1,375.000,-1,350.000,-1,300.000,300.000,350.000,300.000,275.000,125.000,200.000,-1,700.000,-1,-1,-1,2,0,2,0,2,0,0,0,0,1,1,1,2,0,2,2,2
198,2601.213,-8690.759,494.780,-151.824,-0.879665,0.471890,0.059247,-0.473147,-0.880943,-0.008482,0.048191,-0.035494,0.998207,0,-0.46437,0.00477,-27.862,0.010,-1,375.000,-1,350.000,-1,300.000,300.000,375.000,275.000,250.000,125.000,175.000,-1,700.000,600.000,-1,-1,2,0,2,0,2,0,0,0,0,1,1,1,2,0,0,2,2
199,2625.813,-8677.570,495.620,-151.807,-0.880245,0.472310,0.045734,-0.472907,-0.881109,-0.002570,0.039082,-0.023890,0.998950,0,-0.46519,0.00836,-27.911,0.017,-1,375.000,-1,325.000,-1,300.000,275.000,400.000,275.000,250.000,100.000,175.000,-1,700.000,575.000,-1,-1,2,0,2,0,2,0,0,0,0,1,1,1,2,0,0,2,2
200,2650.440,-8664.354,496.475,-151.783,-0.880597,0.472776,0.032134,-0.472922,-0.881098,0.003361,0.029902,-0.012237,0.999478,0,-0.46580,0.01192,-27.948,0.024,-1,375.000,-1,325.000,675.000,300.000,275.000,450.000,275.000,250.000,100.000,150.000,-1,675.000,550.000,-1,-1,2,0,2,0,0,0,0,0,0,1,1,1,2,0,0,2,2
201,2675.081,-8651.115,497.346,-151.752,-0.880716,0.473286,0.018453,-0.473195,-0.880909,0.009307,0.020660,-0.000535,0.999786,0,-0.46619,0.01543,-27.972,0.031,-1,375.000,-1,325.000,525.000,300.000,275.000,475.000,250.000,250.000,75.000,125.000,-1,675.000,525.000,-1,550.000,2,0,2,0,0,0,0,1,0,1,1,1,2,0,0,2,0
202,2699.722,-8637.857,498.232,-151.714,-0.880600,0.473837,0.004700,-0.473724,-0.880541,0.015260,0.011369,0.011211,0.999873,0,-0.46635,0.01889,-27.981,0.038,-1,375.000,-1,300.000,425.000,300.000,275.000,475.000,250.000,250.000,75.000,125.000,-1,650.000,475.000,-1,450.000,2,0,2,0,0,0,0,1,0,1,1,1,2,0,0,2,0
203,2724.347,-8624.584,499.142,-151.670,-0.880248,0.474427,-0.009080,-0.474509,-0.879995,0.021195,0.002066,0.022966,0.999734,0,-0.46624,0.02230,-27.974,0.045,-1,375.000,-1,300.000,325.000,300.000,250.000,500.000,250.000,250.000,50.000,100.000,-1,650.000,450.000,-1,375.000,2,0,2,0,0,0,0,1,0,1,1,1,2,0,0,2,0
204,2748.940,-8611.301,500.062,-151.619,-0.879659,0.475052,-0.022940,-0.475550,-0.879270,0.027134,-0.007280,0.034778,0.999369,0,-0.46585,0.02564,-27.951,0.051,-1,375.000,-1,275.000,275.000,300.000,250.000,525.000,225.000,250.000,50.000,75.000,-1,650.000,450.000,-1,325.000,2,0,2,0,0,0,0,1,0,1,1,1,2,0,0,2,0
205,2773.483,-8598.014,500.990,-151.561,-0.878830,0.475708,-0.036871,-0.476844,-0.878365,0.033070,-0.016655,0.046645,0.998773,0,-0.46516,0.02891,-27.910,0.058,-1,375.000,-1,275.000,225.000,275.000,250.000,550.000,225.000,250.000,25.000,75.000,-1,625.000,425.000,-1,250.000,2,0,2,0,0,0,0,1,0,1,1,1,2,0,0,2,0
206,-1639.134,-7544.003,449.120,-128.674,-0.445973,0.689218,0.571040,-0.833949,-0.551650,0.014515,0.325018,-0.469745,0.820794,1,0.00000,0.00000,-27.849,0.064,0.000,-1,-1,-1,-1,-1,-1,975.000,-1,-1,0.000,0.000,0.000,-1,-1,0.000,-1,1,2,2,2,2,2,2,1,2,2,1,1,0,2,2,1,2
207,-7955.857,5202.678,134.817,-111.825,-0.373801,0.926867,0.034494,-0.926325,-0.371187,-0.064365,-0.046854,-0.056012,0.997330,1,0.08000,-0.12000,4.800,-0.240,-1,-1,-1,-1,-1,1000.000,1000.000,125.000,325.000,-1,-1,-1,-1,-1,-1,-1,-1,2,2,2,2,2,1,1,1,1,2,2,2,2,2,2,2,2
208,-7956.639,5200.766,134.383,-112.305,-0.381718,0.923608,0.035214,-0.922983,-0.378890,-0.067406,-0.048914,-0.058232,0.997104,0,0.03443,-0.24000,2.066,-0.480,-1,-1,-1,-1,-1,1000.000,1000.000,125.000,325.000,-1,-1,-1,-1,-1,-1,-1,-1,2,2,2,2,2,1,1,1,1,2,2,2,2,2,2,2,2
209,-7957.463,5198.822,133.855,-113.025,-0.393493,0.918632,0.035769,-0.917891,-0.390406,-0.071129,-0.051377,-0.060820,0.996826,0,0.03518,-0.36000,2.111,-0.720,-1,-1,-1,-1,-1,975.000,1000.000,125.000,350.000,-1,-1,-1,-1,-1,-1,-1,-1,2,2,2,2,2,1,1,1,1,2,2,2,2,2,2,2,2
210,-7958.344,5196.833,133.242,-113.985,-0.409059,0.911795,0.036069,-0.910895,-0.405668,-0.075523,-0.054230,-0.063748,0.996491,0,0.03624,-0.48000,2.174,-0.960,-1,-1,-1,-1,-1,975.000,975.000,100.000,350.000,-1,-1,-1,-1,-1,-1,-1,-1,2,2,2,2,2,1,1,1,1,2,2,2,2,2,2,2,2
211,-7959.301,5194.790,132.556,-115.185,-0.428324,0.902908,0.036001,-0.901797,-0.424585,-0.080559,-0.057452,-0.066971,0.996099,0,0.03758,-0.60000,2.255,-1.200,-1,-1,-1,-1,-1,975.000,975.000,100.000,350.000,1000.000,-1,-1,-1,-1,-1,-1,-1,2,2,2,2,2,1,1,1,1,1,2,2,2,2,2,2,2
212,-7960.351,5192.686,131.816,-116.625,-0.451159,0.891740,0.035429,-0.890356,-0.447034,-0.086180,-0.061012,-0.070425,0.995649,0,0.03917,-0.72000,2.350,-1.440,-1,-1,-1,-1,-1,975.000,975.000,100.000,350.000,975.000,-1,-1,-1,-1,-1,-1,-1,2,2,2,2,2,1,1,1,1,1,2,2,2,2,2,2,2
213,-7961.513,5190.519,131.043,-118.305,-0.477398,0.878021,0.034200,-0.876290,-0.472862,-0.092295,-0.064865,-0.074031,0.995144,0,0.04094,-0.84000,2.457,-1.680,-1,-1,-1,950.000,-1,950.000,975.000,100.000,350.000,950.000,-1,-1,-1,-1,-1,-1,-1,2,2,2,1,2,1,1,1,1,1,2,2,2,2,2,2,2
214,-7962.804,5188.294,130.262,-120.225,-0.506832,0.861445,0.032150,-0.859283,-0.501873,-0.098772,-0.068952,-0.077687,0.994591,0,0.04284,-0.96000,2.570,-1.920,-1,1000.000,-1,850.000,-1,950.000,950.000,100.000,375.000,925.000,-1,-1,-1,-1,-1,-1,-1,2,1,2,1,2,1,1,1,1,1,2,2,2,2,2,2,2
215,-7964.234,5186.016,129.537,-122.225,-0.536840,0.843171,0.029415,-0.840519,-0.531484,-0.105127,-0.073006,-0.081160,0.994024,0,0.04478,-1.00000,2.687,-2.000,-1,1000.000,-1,725.000,-1,950.000,950.000,75.000,375.000,925.000,-1,-1,-1,-1,-1,-1,-1,2,1,2,1,2,1,1,1,1,1,2,2,2,2,2,2,2
216,-7965.803,5183.702,128.892,-124.225,-0.566147,0.823890,0.026135,-0.820709,-0.560437,-0.111114,-0.076899,-0.084356,0.993464,0,0.04656,-1.00000,2.794,-2.000,-1,975.000,-1,625.000,375.000,925.000,800.000,75.000,375.000,900.000,-1,-1,-1,-1,-1,-1,-1,2,1,2,1,1,1,1,1,1,1,2,2,2,2,2,2,2
217,-7967.506,5181.369,128.330,-126.225,-0.594714,0.803627,0.022341,-0.799886,-0.588702,-0.116673,-0.080610,-0.087257,0.992919,0,0.04809,-1.00000,2.885,-2.000,-1,975.000,-1,525.000,375.000,925.000,675.000,75.000,375.000,900.000,-1,-1,-1,-1,-1,-1,275.000,2,1,2,1,1,1,1,1,1,1,2,2,2,2,2,2,1
218,-7969.338,5179.038,127.854,-128.225,-0.622500,0.782411,0.018072,-0.778086,-0.616247,-0.121747,-0.084119,-0.089849,0.992397,0,0.04937,-1.00000,2.962,-2.000,-1,975.000,-1,450.000,350.000,900.000,575.000,75.000,375.000,900.000,-1,-1,-1,-1,1000.000,-1,275.000,2,1,2,1,1,1,1,1,1,1,2,2,2,2,1,2,1
219,-7971.289,5176.725,127.466,-130.225,-0.649470,0.760270,0.013371,-0.755347,-0.643043,-0.126279,-0.087408,-0.092114,0.991905,0,0.05038,-1.00000,3.023,-2.000,-1,950.000,-1,375.000,350.000,800.000,475.000,75.000,400.000,875.000,-1,-1,-1,-1,925.000,-1,250.000,2,1,2,1,1,1,1,1,1,1,2,2,2,2,1,2,1
220,-7973.350,5174.450,127.170,-132.225,-0.675589,0.737232,0.008287,-0.731708,-0.669064,-0.130217,-0.090456,-0.094037,0.991451,0,0.05111,-1.00000,3.067,-2.000,-1,950.000,-1,300.000,325.000,700.000,375.000,75.000,400.000,875.000,-1,-1,-1,-1,825.000,-1,250.000,2,1,2,1,1,1,1,1,1,1,2,2,2,2,1,2,1
221,-7975.508,5172.229,126.912,-134.219,-0.700738,0.713413,0.002861,-0.707319,-0.694219,-0.133266,-0.093088,-0.095408,0.991076,0,0.05156,-0.99696,3.093,-1.994,-1,950.000,-1,225.000,325.000,625.000,300.000,200.000,400.000,875.000,-1,-1,-1,-1,725.000,-1,250.000,2,1,2,1,1,1,1,1,0,1,2,2,2,2,1,2,1
222,-7977.748,5170.078,126.729,-136.195,-0.724773,0.688982,-0.002775,-0.682353,-0.718346,-0.135550,-0.095385,-0.096350,0.990767,0,0.05170,-0.98827,3.102,-1.977,-1,925.000,-1,200.000,325.000,550.000,250.000,350.000,400.000,875.000,-1,-1,-1,-1,600.000,-1,225.000,2,1,2,1,1,1,1,1,0,1,2,2,2,2,1,2,1
223,-7983.613,5164.777,126.090,-137.932,-0.745323,0.666661,-0.007507,-0.659261,-0.738634,-0.140697,-0.099342,-0.099915,0.990024,0,0.13170,-0.86827,7.902,-1.737,-1,925.000,-1,200.000,300.000,500.000,200.000,475.000,425.000,900.000,-1,-1,-1,-1,475.000,-1,225.000,2,1,2,1,1,1,1,1,0,1,2,2,2,2,1,2,1
224,-7993.257,5156.504,124.980,-139.428,-0.762641,0.646721,-0.011469,-0.638258,-0.755300,-0.148826,-0.104911,-0.106180,0.988797,0,0.21170,-0.74827,12.702,-1.497,-1,900.000,-1,175.000,275.000,450.000,175.000,525.000,425.000,900.000,-1,-1,-1,-1,375.000,-1,200.000,2,1,2,1,1,1,1,1,0,1,2,2,2,2,1,2,1
225,-8006.791,5145.399,123.380,-140.685,-0.776972,0.629363,-0.014718,-0.619485,-0.768520,-0.160046,-0.112038,-0.115234,0.987000,0,0.29170,-0.62827,17.502,-1.257,-1,875.000,-1,175.000,250.000,400.000,150.000,575.000,450.000,900.000,-1,-1,-1,-1,300.000,-1,175.000,2,1,2,1,1,1,1,1,0,1,2,2,2,2,1,2,1
226,-8024.283,5131.556,121.265,-141.702,-0.788553,0.614725,-0.017227,-0.603013,-0.778419,-0.174466,-0.120659,-0.127188,0.984512,0,0.37170,-0.50827,22.302,-1.017,-1,850.000,-1,150.000,225.000,375.000,150.000,625.000,475.000,900.000,-1,-1,-1,1000.000,275.000,-1,150.000,2,1,2,1,1,1,1,1,0,1,2,2,2,1,1,2,1
227,-8045.762,5115.019,118.607,-142.478,-0.797610,0.602878,-0.018886,-0.588843,-0.785063,-0.192198,-0.130699,-0.142178,0.981175,0,0.45170,-0.38827,27.102,-0.777,-1,825.000,-1,150.000,200.000,350.000,150.000,675.000,525.000,150.000,0.000,-1,-1,975.000,250.000,-1,125.000,2,1,2,1,1,1,1,1,0,1,1,2,2,1,1,2,1
228,-8071.222,5095.786,115.373,-143.015,-0.804358,0.593825,-0.019493,-0.576909,-0.788450,-0.213360,-0.142068,-0.160372,0.976779,0,0.53170,-0.26827,31.902,-0.537,950.000,725.000,-1,125.000,150.000,325.000,150.000,725.000,600.000,25.000,0.000,-1,-1,925.000,250.000,1000.000,100.000,1,1,2,1,1,1,1,1,0,1,1,2,2,1,1,1,1
229,-2951.703,1639.846,214.688,65.906,0.400708,-0.910728,-0.100037,0.911569,0.407268,-0.056350,0.092061,-0.068611,0.993387,1,0.00000,0.00000,36.702,-0.297,-1,400.000,-1,400.000,-1,325.000,325.000,325.000,300.000,775.000,775.000,850.000,-1,-1,925.000,-1,-1,2,0,2,0,2,0,0,0,0,1,0,0,2,2,0,2,2
230,-2949.735,1644.224,215.136,65.797,0.402454,-0.909958,-0.100037,0.910795,0.409008,-0.056253,0.092104,-0.068474,0.993392,0,0.08000,-0.05465,4.800,-0.109,-1,425.000,-1,400.000,-1,325.000,325.000,325.000,300.000,800.000,775.000,850.000,-1,-1,925.000,-1,-1,2,0,2,0,2,0,0,0,0,1,0,0,2,2,0,2,2
231,-2945.782,1652.972,216.030,65.685,0.404255,-0.909160,-0.100030,0.910002,0.410796,-0.056054,0.092054,-0.068367,0.993404,0,0.16000,-0.05622,9.600,-0.112,-1,425.000,-1,400.000,-1,325.000,325.000,325.000,300.000,800.000,775.000,875.000,-1,-1,925.000,-1,-1,2,0,2,0,2,0,0,0,0,1,0,0,2,2,0,2,2
232,-2939.825,1666.083,217.373,65.566,0.406162,-0.908312,-0.100011,0.909167,0.412683,-0.055755,0.091915,-0.068281,0.993423,0,0.24000,-0.05939,14.400,-0.119,-1,425.000,-1,400.000,-1,325.000,325.000,325.000,300.000,825.000,800.000,900.000,-1,-1,950.000,-1,-1,2,0,2,0,2,0,0,0,0,1,0,0,2,2,0,2,2
233,-2931.844,1683.545,219.170,65.437,0.408226,-0.907390,-0.099974,0.908264,0.414719,-0.055355,0.091690,-0.068205,0.993449,0,0.32000,-0.06418,19.200,-0.128,-1,425.000,-1,400.000,-1,325.000,325.000,325.000,300.000,825.000,850.000,925.000,-1,-1,950.000,-1,-1,2,0,2,0,2,0,0,0,0,1,0,0,2,2,0,2,2
234,-2921.814,1705.349,221.428,65.296,0.410502,-0.906370,-0.099908,0.907270,0.416956,-0.054858,0.091379,-0.068125,0.993483,0,0.40000,-0.07060,24.000,-0.141,-1,425.000,-1,400.000,-1,325.000,325.000,325.000,300.000,875.000,875.000,975.000,-1,-1,975.000,-1,-1,2,0,2,0,2,0,0,0,0,1,0,0,2,2,0,2,2
235,-2909.706,1731.480,224.154,65.139,0.413041,-0.905227,-0.099803,0.906156,0.419447,-0.054264,0.090984,-0.068024,0.993526,0,0.48000,-0.07870,28.800,-0.157,-1,425.000,-1,400.000,-1,325.000,325.000,325.000,300.000,900.000,950.000,-1,-1,-1,975.000,-1,-1,2,0,2,0,2,0,0,0,0,1,0,2,2,2,0,2,2
236,-2895.486,1761.922,227.357,64.962,0.415898,-0.903936,-0.099643,0.904896,0.422246,-0.053578,0.090505,-0.067884,0.993580,0,0.56000,-0.08851,33.600,-0.177,-1,450.000,-1,400.000,-1,325.000,325.000,325.000,300.000,950.000,1000.000,-1,-1,-1,1000.000,-1,-1,2,0,2,0,2,0,0,0,0,1,0,2,2,2,0,2,2
237,-2879.112,1796.656,231.048,64.762,0.419130,-0.902467,-0.099411,0.903460,0.425408,-0.052801,0.089941,-0.067684,0.993645,0,0.64000,-0.10009,38.400,-0.200,-1,450.000,-1,400.000,-1,350.000,325.000,325.000,300.000,1000.000,-1,-1,-1,-1,-1,-1,-1,2,0,2,0,2,0,0,0,0,1,2,2,2,2,2,2,2
238,-2860.538,1835.659,235.124,64.535,0.422719,-0.900764,-0.099664,0.901815,0.428974,-0.052071,0.089657,-0.067867,0.993658,0,0.72000,-0.11348,43.200,-0.227,-1,450.000,-1,400.000,-1,350.000,325.000,325.000,300.000,-1,-1,-1,-1,-1,-1,-1,-1,2,0,2,0,2,0,0,0,0,2,2,2,2,2,2,2,2
239,-2839.899,1878.501,239.517,64.277,0.426724,-0.898784,-0.100465,0.899940,0.432996,-0.051206,0.089524,-0.068562,0.993622,0,0.79256,-0.12873,47.554,-0.257,-1,475.000,-1,425.000,-1,350.000,350.000,325.000,300.000,-1,-1,-1,-1,-1,-1,-1,-1,2,0,2,0,2,0,0,0,0,2,2,2,2,2,2,2,2
240,-2818.822,1921.694,243.317,63.986,0.431262,-0.896354,-0.102770,0.898005,0.437457,-0.047106,0.087181,-0.071973,0.993589,0,0.80103,-0.14573,48.062,-0.291,-1,475.000,-1,425.000,-1,350.000,350.000,325.000,300.000,-1,-1,-1,-1,-1,-1,-1,-1,2,0,2,0,2,0,0,0,0,2,2,2,2,2,2,2,2
241,-2797.260,1965.251,247.068,63.659,0.436356,-0.893588,-0.105326,0.895808,0.442425,-0.042291,0.084390,-0.075898,0.993538,0,0.81005,-0.16313,48.603,-0.326,-1,475.000,-1,425.000,-1,350.000,350.000,300.000,300.000,-1,-1,-1,-1,-1,-1,-1,-1,2,0,2,0,2,0,0,0,0,2,2,2,2,2,2,2,2
242,-2773.167,2012.910,251.234,63.178,0.443883,-0.889547,-0.108043,0.892378,0.449778,-0.036897,0.081417,-0.080037,0.993461,0,0.89005,-0.24090,53.403,-0.482,-1,475.000,-1,425.000,-1,350.000,350.000,300.000,325.000,-1,-1,-1,-1,-1,-1,-1,-1,2,0,2,0,2,0,0,0,0,2,2,2,2,2,2,2,2
243,-2747.153,2063.266,255.519,62.676,0.451713,-0.885302,-0.110433,0.888680,0.457417,-0.031909,0.078763,-0.083725,0.993371,0,0.94464,-0.25105,56.679,-0.502,-1,475.000,-1,450.000,-1,375.000,350.000,300.000,325.000,-1,-1,-1,-1,-1,-1,-1,-1,2,0,2,0,2,0,0,0,0,2,2,2,2,2,2,2,2
244,-2720.289,2114.121,259.755,62.152,0.459849,-0.880852,-0.112420,0.884693,0.465362,-0.027489,0.076530,-0.086817,0.993280,0,0.95857,-0.26174,57.514,-0.523,-1,475.000,-1,450.000,-1,375.000,350.000,300.000,325.000,-1,-1,-1,-1,-1,-1,-1,-1,2,0,2,0,2,0,0,0,0,2,2,2,2,2,2,2,2
245,-2695.436,2160.607,262.896,61.869,0.464724,-0.878525,-0.110571,0.882529,0.469707,-0.022763,0.071934,-0.087003,0.993608,0,0.87857,-0.14174,52.714,-0.283,-1,475.000,-1,450.000,-1,375.000,350.000,300.000,325.000,-1,-1,-1,-1,-1,-1,-1,-1,2,0,2,0,2,0,0,0,0,2,2,2,2,2,2,2,2
246,-2670.226,2207.676,265.869,61.825,0.466038,-0.878195,-0.107621,0.882280,0.470388,-0.017803,0.066258,-0.086655,0.994033,0,0.88992,-0.02174,53.395,-0.043,-1,450.000,-1,450.000,-1,350.000,350.000,300.000,325.000,-1,-1,-1,-1,-1,-1,-1,-1,2,0,2,0,2,0,0,0,0,2,2,2,2,2,2,2,2
247,-2644.570,2255.448,268.746,61.761,0.467742,-0.877745,-0.103836,0.881828,0.471404,-0.012567,0.059979,-0.085687,0.994515,0,0.90379,-0.03188,54.227,-0.064,-1,475.000,-1,425.000,-1,350.000,350.000,300.000,325.000,-1,-1,-1,-1,-1,-1,-1,-1,2,1,2,0,2,0,0,0,0,2,2,2,2,2,2,2,2
248,-2618.440,2303.930,271.662,61.677,0.469763,-0.877132,-0.099812,0.881172,0.472742,-0.007168,0.053473,-0.084584,0.994980,0,0.91792,-0.04222,55.075,-0.084,-1,500.000,-1,425.000,-1,350.000,350.000,300.000,300.000,-1,-1,-1,-1,-1,-1,-1,-1,2,1,2,0,2,0,0,0,0,2,2,2,2,2,2,2,2
249,-2591.811,2353.122,274.659,61.572,0.472078,-0.876345,-0.095722,0.880311,0.474394,-0.001641,0.046848,-0.083490,0.995407,0,0.93231,-0.05253,55.939,-0.105,-1,525.000,-1,425.000,-1,350.000,350.000,325.000,300.000,-1,-1,-1,-1,-1,-1,-1,-1,2,1,2,0,2,1,0,0,0,2,2,2,2,2,2,2,2
250,-2564.655,2403.028,277.742,61.446,0.474682,-0.875382,-0.091560,0.879243,0.476356,0.004012,0.040103,-0.082408,0.995792,0,0.94694,-0.06277,56.816,-0.126,-1,550.000,-1,400.000,-1,350.000,325.000,325.000,300.000,-1,-1,-1,-1,-1,-1,-1,-1,2,1,2,0,2,1,0,0,0,2,2,2,2,2,2,2,2
251,-2537.013,2453.534,280.686,61.308,0.477370,-0.874241,-0.088433,0.878047,0.478479,0.009581,0.033937,-0.082222,0.996036,0,0.95960,-0.06929,57.576,-0.139,-1,600.000,-1,400.000,-1,375.000,325.000,325.000,275.000,-1,-1,-1,-1,-1,-1,-1,-1,2,1,2,0,2,1,1,0,0,2,2,2,2,2,2,2,2
252,-2509.076,2504.314,282.875,61.178,0.479603,-0.872921,-0.089383,0.876964,0.480338,0.014512,0.030266,-0.085346,0.995892,0,0.96596,-0.06510,57.958,-0.130,-1,650.000,-1,1000.000,-1,425.000,400.000,325.000,275.000,-1,-1,-1,-1,-1,-1,-1,-1,2,1,2,1,2,1,1,0,0,2,2,2,2,2,2,2,2
253,-2480.853,2555.362,284.561,61.057,0.481813,-0.871483,-0.091505,0.875922,0.481946,0.022114,0.024829,-0.090806,0.995559,0,0.97218,-0.06047,58.331,-0.121,-1,725.000,-1,-1,-1,500.000,500.000,300.000,300.000,-1,-1,-1,-1,-1,-1,-1,-1,2,1,2,2,2,1,1,0,0,2,2,2,2,2,2,2,2
254,-2452.362,2606.674,285.243,60.946,0.484157,-0.869725,-0.095760,0.874835,0.483170,0.034796,0.016005,-0.100621,0.994796,0,0.97820,-0.05534,58.692,-0.111,-1,-1,-1,-1,-1,625.000,-1,300.000,300.000,-1,-1,-1,-1,-1,-1,-1,-1,2,2,2,2,2,1,2,0,0,2,2,2,2,2,2,2,2
255,-2423.616,2658.241,285.804,60.847,0.486483,-0.867905,-0.100380,0.873665,0.484128,0.048269,0.006704,-0.111180,0.993778,0,0.98398,-0.04964,59.039,-0.099,-1,-1,-1,-1,-1,-1,-1,275.000,325.000,-1,-1,-1,-1,-1,-1,-1,-1,2,2,2,2,2,2,2,0,0,2,2,2,2,2,2,2,2
256,-2394.632,2710.052,285.902,60.760,0.488688,-0.866142,-0.104790,0.872456,0.484863,0.061065,-0.002082,-0.121266,0.992618,0,0.98944,-0.04328,59.366,-0.087,-1,-1,-1,1000.000,-1,-1,-1,250.000,350.000,-1,-1,-1,-1,-1,-1,-1,-1,2,2,2,1,2,2,2,1,0,2,2,2,2,2,2,2,2
257,-2365.433,2762.089,285.052,60.688,0.490567,-0.864659,-0.108206,0.871357,0.485466,0.071130,-0.008972,-0.129180,0.991581,0,0.99450,-0.03615,59.670,-0.072,-1,-1,-1,1000.000,-1,-1,-1,250.000,350.000,-1,-1,-1,-1,-1,-1,-1,-1,2,2,2,1,2,2,2,1,0,2,2,2,2,2,2,2,2
258,-2336.038,2814.330,281.517,60.632,0.492893,-0.864257,-0.100582,0.869785,0.486357,0.083257,-0.023037,-0.128521,0.991439,0,0.99904,-0.02811,59.942,-0.056,-1,-1,-1,950.000,-1,-1,-1,250.000,325.000,-1,-1,-1,-1,-1,-1,-1,-1,2,2,2,1,2,2,2,1,0,2,2,2,2,2,2,2,2
259,-2308.739,2862.243,275.652,60.335,0.498955,-0.862705,-0.082360,0.865562,0.491374,0.096719,-0.042971,-0.119546,0.991898,0,0.91904,-0.14811,55.142,-0.296,-1,-1,-1,900.000,-1,-1,-1,250.000,300.000,-1,-1,-1,-1,-1,-1,-1,-1,2,2,2,1,2,2,2,1,0,2,2,2,2,2,2,2,2
260,-2283.407,2905.751,270.048,59.799,0.508048,-0.858878,-0.064931,0.859113,0.499896,0.109673,-0.061737,-0.111502,0.991845,0,0.83904,-0.26811,50.342,-0.536,-1,-1,-1,825.000,1000.000,-1,-1,275.000,250.000,-1,-1,-1,-1,-1,-1,-1,-1,2,2,2,1,1,2,2,1,0,2,2,2,2,2,2,2,2
261,-2259.959,2944.799,264.831,59.023,0.520192,-0.852667,-0.048566,0.850393,0.511871,0.121739,-0.078943,-0.104628,0.991373,0,0.75904,-0.38811,45.542,-0.776,-1,-1,-1,775.000,900.000,-1,950.000,275.000,225.000,-1,-1,-1,-1,-1,-1,-1,-1,2,2,2,1,1,2,1,1,0,2,2,2,2,2,2,2,2
262,-2238.367,2979.354,260.088,58.007,0.535412,-0.843923,-0.033571,0.839309,0.527205,0.132718,-0.094305,-0.099235,0.990585,0,0.67904,-0.50811,40.742,-1.016,-1,-1,-1,725.000,800.000,-1,875.000,275.000,200.000,-1,-1,-1,-1,-1,950.000,-1,-1,2,2,2,1,1,2,1,1,0,2,2,2,2,2,1,2,2
263,-6069.233,1061.726,77.006,15.496,0.959476,-0.265720,-0.093800,0.273429,0.958398,0.081913,0.068132,-0.104241,0.992216,1,0.00000,0.00000,35.942,-1.256,-1,550.000,-1,300.000,-1,350.000,275.000,300.000,600.000,600.000,50.000,125.000,-1,-1,575.000,-1,-1,2,1,2,1,2,1,1,1,0,1,0,0,2,2,1,2,2
264,-2314.857,3084.653,253.836,133.531,-0.687060,-0.723997,-0.061463,0.712236,-0.687800,0.140183,-0.143766,0.052538,0.988216,1,0.08000,-0.12000,4.800,-0.240,-1,325.000,-1,425.000,-1,275.000,300.000,375.000,975.000,-1,-1,0.000,-1,550.000,800.000,-1,-1,2,1,2,1,2,1,1,0,1,2,2,0,2,0,1,2,2
265,-2321.411,3091.668,252.354,133.051,-0.681125,-0.729713,-0.059897,0.717918,-0.681692,0.141030,-0.143743,0.053058,0.988192,0,0.16000,-0.24000,9.600,-0.480,-1,325.000,-1,425.000,-1,275.000,275.000,375.000,975.000,-1,-1,0.000,-1,550.000,800.000,-1,-1,2,1,2,1,2,1,1,0,1,2,2,0,2,0,1,2,2
266,-2331.108,3102.313,250.103,132.331,-0.672131,-0.738196,-0.057510,0.726383,-0.672444,0.142075,-0.143552,0.053719,0.988184,0,0.24000,-0.36000,14.400,-0.720,-1,325.000,-1,450.000,-1,275.000,275.000,375.000,950.000,-1,-1,0.000,-1,550.000,825.000,-1,-1,2,1,2,1,2,1,1,0,1,2,2,0,2,0,1,2,2
267,-2343.798,3116.722,247.133,131.371,-0.659987,-0.749319,-0.054208,0.737494,-0.659947,0.143430,-0.143249,0.054684,0.988175,0,0.32000,-0.48000,19.200,-0.960,-1,325.000,-1,450.000,-1,275.000,275.000,375.000,950.000,-1,-1,0.000,-1,550.000,825.000,-1,-1,2,1,2,1,2,1,1,0,1,2,2,0,2,0,1,2,2
268,-2359.279,3135.061,243.471,130.171,-0.644564,-0.762919,-0.049907,0.751095,-0.644063,0.145052,-0.142806,0.056010,0.988165,0,0.40000,-0.60000,24.000,-1.200,-1,325.000,-1,475.000,-1,275.000,300.000,375.000,950.000,-1,0.000,0.000,-1,550.000,850.000,-1,-1,2,1,2,1,2,1,1,0,1,2,0,0,2,0,1,2,2
269,-2377.299,3157.527,239.153,128.731,-0.625708,-0.778786,-0.044520,0.766987,-0.624625,0.146883,-0.142199,0.057760,0.988151,0,0.48000,-0.72000,28.800,-1.440,-1,325.000,-1,500.000,-1,275.000,300.000,375.000,950.000,-1,0.000,0.000,-1,550.000,875.000,-1,-1,2,1,2,1,2,1,1,0,1,2,0,0,2,0,1,2,2
270,1638.905,8200.857,186.003,33.417,0.873178,-0.484352,-0.054429,0.371774,0.734082,-0.568249,0.315188,0.475948,0.821054,1,0.00000,0.00000,33.600,-1.534,-1,500.000,-1,500.000,250.000,375.000,375.000,-1,175.000,-1,0.000,0.000,725.000,-1,-1,-1,-1,2,1,2,1,1,1,1,2,1,2,1,1,1,2,2,2,2
271,1644.603,-4264.124,382.666,-6.811,0.990668,0.118575,0.067202,-0.119591,0.992759,0.011295,-0.065376,-0.019226,0.997675,1,0.08000,-0.03358,4.800,-0.067,-1,400.000,-1,400.000,-1,325.000,325.000,300.000,300.000,-1,-1,-1,-1,700.000,750.000,-1,-1,2,0,2,0,2,0,0,0,0,2,2,2,2,0,0,2,2
272,1654.134,-4265.273,382.033,-6.874,0.990542,0.119668,0.067133,-0.120677,0.992629,0.011163,-0.065303,-0.019159,0.997682,0,0.16000,-0.03156,9.600,-0.063,-1,400.000,-1,400.000,-1,325.000,325.000,300.000,300.000,-1,-1,-1,-1,700.000,750.000,-1,-1,2,0,2,0,2,0,0,0,0,2,2,2,2,0,0,2,2
273,1668.428,-4267.010,381.083,-6.929,0.990433,0.120622,0.067031,-0.121618,0.992516,0.010967,-0.065207,-0.019014,0.997691,0,0.24000,-0.02752,14.400,-0.055,-1,400.000,-1,400.000,-1,325.000,325.000,300.000,300.000,-1,-1,-1,-1,700.000,750.000,-1,-1,2,0,2,0,2,0,0,0,0,2,2,2,2,0,0,2,2
274,1687.486,-4269.341,379.816,-6.972,0.990351,0.121366,0.066896,-0.122344,0.992430,0.010706,-0.065090,-0.018787,0.997703,0,0.32000,-0.02145,19.200,-0.043,-1,400.000,-1,400.000,-1,325.000,325.000,300.000,300.000,-1,-1,-1,-1,700.000,750.000,-1,-1,2,0,2,0,2,0,0,0,0,2,2,2,2,0,0,2,2
275,1711.307,-4272.265,378.231,-6.999,0.990306,0.121829,0.066727,-0.122784,0.992379,0.010382,-0.064953,-0.018475,0.997717,0,0.40000,-0.01336,24.000,-0.027,-1,375.000,-1,400.000,-1,325.000,325.000,300.000,300.000,-1,-1,-1,-1,700.000,750.000,-1,-1,2,0,2,0,2,0,0,0,0,2,2,2,2,0,0,2,2
276,1739.892,-4275.778,376.325,-7.005,0.990305,0.121943,0.066524,-0.122869,0.992373,0.009997,-0.064798,-0.018074,0.997735,0,0.48000,-0.00325,28.800,-0.007,-1,375.000,-1,400.000,-1,325.000,325.000,300.000,300.000,-1,-1,-1,-1,700.000,725.000,-1,-1,2,0,2,0,2,0,0,0,0,2,2,2,2,0,0,2,2
277,1773.243,-4279.866,374.098,-6.988,0.990359,0.121636,0.066288,-0.122529,0.992419,0.009550,-0.064624,-0.017580,0.997755,0,0.56000,0.00888,33.600,0.018,-1,375.000,-1,400.000,-1,325.000,325.000,300.000,300.000,-1,-1,-1,-1,675.000,725.000,-1,-1,2,0,2,0,2,0,0,0,0,2,2,2,2,0,0,2,2
278,1811.361,-4284.507,371.545,-6.942,0.990474,0.120839,0.066017,-0.121693,0.992527,0.009044,-0.064431,-0.016991,0.997778,0,0.64000,0.02304,38.400,0.046,-1,375.000,-1,400.000,-1,325.000,325.000,300.000,300.000,-1,-1,-1,-1,675.000,725.000,-1,-1,2,0,2,0,2,0,0,0,0,2,2,2,2,0,0,2,2
279,1854.251,-4289.675,368.664,-6.871,0.990643,0.119616,0.065711,-0.120425,0.992686,0.008478,-0.064216,-0.016312,0.997803,0,0.72000,0.03535,43.200,0.071,-1,375.000,-1,400.000,-1,325.000,325.000,300.000,300.000,-1,-1,-1,-1,675.000,725.000,-1,-1,2,0,2,0,2,0,0,0,0,2,2,2,2,0,0,2,2
280,1901.916,-4295.337,365.452,-6.774,0.990868,0.117932,0.065368,-0.118692,0.992900,0.007854,-0.063978,-0.015541,0.997830,0,0.80000,0.04863,48.000,0.097,-1,375.000,-1,375.000,-1,325.000,325.000,300.000,300.000,-1,-1,-1,-1,675.000,725.000,-1,-1,2,0,2,0,2,0,0,0,0,2,2,2,2,0,0,2,2
281,1954.359,-4301.463,362.012,-6.662,0.991127,0.116005,0.064881,-0.116683,0.993146,0.006744,-0.063654,-0.014255,0.997870,0,0.88000,0.05566,52.800,0.111,-1,375.000,-1,375.000,-1,325.000,325.000,300.000,300.000,-1,-1,-1,-1,675.000,725.000,-1,-1,2,0,2,0,2,0,0,0,0,2,2,2,2,0,0,2,2
282,2009.478,-4307.762,358.717,-6.519,0.991489,0.113516,0.063743,-0.114062,0.993461,0.004989,-0.062760,-0.012217,0.997954,0,0.92463,0.07189,55.478,0.144,-1,375.000,-1,375.000,-1,325.000,325.000,300.000,300.000,-1,-1,-1,-1,675.000,725.000,-1,-1,2,0,2,0,2,0,0,0,0,2,2,2,2,0,0,2,2
283,2064.813,-4313.936,355.711,-6.366,0.991891,0.110875,0.062124,-0.111364,0.993770,0.004459,-0.061242,-0.011342,0.998058,0,0.92797,0.07618,55.678,0.152,-1,375.000,-1,375.000,-1,325.000,325.000,300.000,300.000,-1,-1,-1,-1,675.000,725.000,-1,-1,2,0,2,0,2,0,0,0,0,2,2,2,2,0,0,2,2
284,2120.353,-4319.975,352.681,-6.205,0.992300,0.108080,0.060490,-0.108513,0.994087,0.003919,-0.059708,-0.010453,0.998161,0,0.93113,0.08059,55.868,0.161,-1,375.000,-1,375.000,-1,325.000,325.000,300.000,300.000,-1,-1,-1,-1,675.000,725.000,-1,-1,2,0,2,0,2,0,0,0,0,2,2,2,2,0,0,2,2
285,2176.089,-4325.867,349.627,-6.035,0.992717,0.105127,0.058841,-0.105506,0.994413,0.003367,-0.058158,-0.009550,0.998262,0,0.93411,0.08511,56.046,0.170,-1,375.000,-1,400.000,-1,325.000,325.000,300.000,300.000,-1,-1,-1,-1,675.000,725.000,-1,-1,2,0,2,0,2,0,0,0,0,2,2,2,2,0,0,2,2
286,2227.044,-4331.317,346.818,-6.105,0.992675,0.106339,0.057343,-0.106677,0.994290,0.002858,-0.056711,-0.008954,0.998350,0,0.85411,-0.03489,51.246,-0.070,-1,375.000,-1,400.000,-1,325.000,325.000,300.000,300.000,-1,-1,-1,-1,675.000,725.000,-1,-1,2,0,2,0,2,0,0,0,0,2,2,2,2,0,0,2,2
287,2276.086,-4336.831,344.098,-6.414,0.992166,0.111713,0.055922,-0.112021,0.993703,0.002392,-0.055303,-0.008638,0.998432,0,0.82251,-0.15489,49.350,-0.310,-1,375.000,-1,400.000,-1,325.000,325.000,300.000,300.000,-1,-1,1000.000,-1,675.000,725.000,-1,-1,2,0,2,0,2,0,0,0,0,2,2,0,2,0,0,2,2
288,2325.178,-4342.827,341.358,-6.964,0.991124,0.121243,0.054534,-0.121531,0.992586,0.001980,-0.053889,-0.008590,0.998510,0,0.82428,-0.27489,49.457,-0.550,-1,375.000,-1,400.000,-1,325.000,325.000,300.000,300.000,-1,-1,925.000,-1,700.000,725.000,-1,-1,2,0,2,0,2,0,0,0,0,2,2,0,2,0,0,2,2
289,2374.262,-4349.511,338.598,-7.754,0.989429,0.134913,0.053192,-0.135191,0.990818,0.001651,-0.052481,-0.008825,0.998583,0,0.82563,-0.39489,49.538,-0.790,-1,375.000,-1,400.000,-1,325.000,325.000,300.000,300.000,-1,1000.000,900.000,-1,700.000,725.000,-1,-1,2,0,2,0,2,0,0,0,0,2,0,0,2,0,0,2,2
290,2423.269,-4357.083,335.818,-8.784,0.986908,0.152697,0.051915,-0.152977,0.988229,0.001437,-0.051085,-0.009360,0.998650,0,0.82648,-0.51489,49.589,-1.030,-1,375.000,-1,400.000,-1,325.000,325.000,300.000,300.000,-1,950.000,850.000,-1,700.000,750.000,-1,-1,2,0,2,0,2,0,0,0,0,2,0,0,2,0,0,2,2
291,2472.113,-4365.742,333.019,-10.053,0.983339,0.174557,0.050726,-0.174851,0.984594,0.001365,-0.049706,-0.010211,0.998712,0,0.82676,-0.63489,49.606,-1.270,-1,375.000,-1,400.000,-1,325.000,325.000,275.000,300.000,-1,900.000,825.000,-1,700.000,750.000,-1,-1,2,0,2,0,2,0,0,0,0,2,0,0,2,0,0,2,2
292,2520.692,-4375.681,330.200,-11.563,0.978448,0.200436,0.049650,-0.200755,0.979640,0.001463,-0.048346,-0.011399,0.998766,0,0.82641,-0.75489,49.585,-1.510,-1,375.000,-1,400.000,-1,325.000,325.000,275.000,300.000,-1,875.000,800.000,-1,700.000,750.000,-1,-1,2,0,2,0,2,0,0,0,0,2,0,0,2,0,0,2,2
293,2568.883,-4387.085,327.480,-13.313,0.971897,0.230253,0.048980,-0.230587,0.973051,0.001203,-0.047383,-0.012464,0.998799,0,0.82538,-0.87489,49.523,-1.750,-1,375.000,-1,400.000,-1,325.000,325.000,275.000,300.000,-1,875.000,825.000,-1,700.000,750.000,-1,-1,2,0,2,0,2,0,0,0,0,2,0,0,2,0,0,2,2
294,2616.576,-4400.025,325.070,-15.180,0.963913,0.261827,0.048145,-0.262123,0.965035,-0.000174,-0.046507,-0.012453,0.998840,0,0.82362,-0.93335,49.417,-1.867,-1,375.000,-1,400.000,-1,325.000,325.000,275.000,300.000,-1,925.000,850.000,-1,700.000,725.000,-1,-1,2,0,2,0,2,0,0,0,0,2,0,0,2,0,0,2,2
295,2663.689,-4414.461,322.662,-17.036,0.954959,0.292947,0.047288,-0.293211,0.956047,-0.001407,-0.045621,-0.012521,0.998880,0,0.82125,-0.92807,49.275,-1.856,-1,375.000,-1,400.000,-1,325.000,325.000,275.000,300.000,-1,950.000,875.000,-1,700.000,725.000,-1,-1,2,0,2,0,2,0,0,0,0,2,0,0,2,0,0,2,2
296,2710.152,-4430.357,320.543,-18.887,0.945014,0.323683,0.046675,-0.323932,0.946077,-0.002330,-0.044912,-0.012918,0.998907,0,0.81844,-0.92580,49.107,-1.852,-1,375.000,-1,400.000,-1,325.000,325.000,275.000,300.000,-1,-1,925.000,-1,700.000,725.000,-1,-1,2,0,2,0,2,0,0,0,0,2,2,0,2,0,0,2,2
297,2755.899,-4447.676,318.632,-20.735,0.934115,0.354021,0.045818,-0.354267,0.935140,-0.002899,-0.043873,-0.013524,0.998946,0,0.81526,-0.92399,48.916,-1.848,-1,375.000,-1,400.000,-1,325.000,325.000,300.000,300.000,-1,-1,975.000,-1,725.000,700.000,-1,-1,2,0,2,0,2,0,0,0,0,2,2,0,2,0,0,2,2
298,2800.871,-4466.378,316.756,-22.581,0.922261,0.383945,0.044957,-0.384202,0.923244,-0.003130,-0.042708,-0.014385,0.998984,0,0.81177,-0.92266,48.706,-1.845,-1,375.000,-1,400.000,-1,325.000,325.000,300.000,300.000,-1,-1,1000.000,-1,725.000,700.000,-1,-1,2,0,2,0,2,0,0,0,0,2,2,0,2,0,0,2,2
299,2846.850,-4487.291,314.793,-24.457,0.909220,0.413968,0.044140,-0.414241,0.910162,-0.003213,-0.041505,-0.015364,0.999020,0,0.84185,-0.93835,50.511,-1.877,-1,375.000,-1,400.000,-1,325.000,325.000,300.000,300.000,-1,-1,-1,-1,725.000,700.000,-1,-1,2,0,2,0,2,0,0,0,0,2,2,2,2,0,0,2,2
