timestep,x_cm,y_cm,z_cm,yaw_deg,basis_xx,basis_xy,basis_xz,basis_yx,basis_yy,basis_yz,basis_zx,basis_zy,basis_zz,teleport_flag,throttle_cmd,steering_cmd,cmd_move_cm,cmd_turn_deg,lidar_cm_0,lidar_cm_1,lidar_cm_2,lidar_cm_3,lidar_cm_4,lidar_cm_5,lidar_cm_6,lidar_cm_7,lidar_cm_8,lidar_cm_9,lidar_cm_10,lidar_cm_11,lidar_cm_12,lidar_cm_13,lidar_cm_14,lidar_cm_15,lidar_cm_16,lidar_class_0,lidar_class_1,lidar_class_2,lidar_class_3,lidar_class_4,lidar_class_5,lidar_class_6,lidar_class_7,lidar_class_8,lidar_class_9,lidar_class_10,lidar_class_11,lidar_class_12,lidar_class_13,lidar_class_14,lidar_class_15,lidar_class_16
0,-2956.393,-6888.274,278.647,-168.178,-0.978633,0.204842,0.017821,-0.204501,-0.978678,0.019211,0.021376,0.015156,0.999657,1,0.08000,-0.12000,4.800,-0.240,-1,400.000,-1,400.000,-1,325.000,325.000,300.000,300.000,-1,-1,-1,-1,825.000,825.000,-1,-1,2,0,2,0,2,0,0,0,0,2,2,2,2,0,0,2,2
1,-2965.806,-6890.162,278.850,-168.658,-0.980318,0.196635,0.017615,-0.196299,-0.980357,0.019169,0.021038,0.015334,0.999661,0,0.16000,-0.24000,9.600,-0.480,-1,400.000,-1,400.000,-1,325.000,325.000,300.000,300.000,-1,-1,-1,-1,825.000,825.000,-1,-1,2,0,2,0,2,0,0,0,0,2,2,2,2,0,0,2,2
2,-2979.959,-6892.816,279.151,-169.378,-0.982718,0.184300,0.017309,-0.183969,-0.982746,0.019108,0.020532,0.015593,0.999668,0,0.24000,-0.36000,14.400,-0.720,-1,400.000,-1,400.000,-1,325.000,325.000,300.000,300.000,-1,-1,-1,-1,825.000,825.000,-1,-1,2,0,2,0,2,0,0,0,0,2,2,2,2,0,0,2,2
3,-2998.887,-6896.038,279.546,-170.338,-0.985675,0.167808,0.016905,-0.167484,-0.985691,0.019031,0.019856,0.015927,0.999676,0,0.32000,-0.48000,19.200,-0.960,-1,400.000,-1,400.000,-1,325.000,325.000,300.000,300.000,-1,-1,-1,-1,825.000,825.000,-1,-1,2,0,2,0,2,0,0,0,0,2,2,2,2,0,0,2,2
4,-3022.625,-6899.570,280.030,-171.538,-0.988982,0.147127,0.016406,-0.146813,-0.988983,0.018943,0.019012,0.016326,0.999686,0,0.40000,-0.60000,24.000,-1.200,-1,400.000,-1,400.000,-1,325.000,325.000,300.000,300.000,-1,-1,-1,-1,825.000,800.000,-1,-1,2,0,2,0,2,0,0,0,0,2,2,2,2,0,0,2,2
5,-3051.209,-6903.091,280.597,-172.978,-0.992376,0.122227,0.015817,-0.121924,-0.992360,0.018853,0.018001,0.016781,0.999697,0,0.48000,-0.72000,28.800,-1.440,-1,400.000,-1,400.000,-1,325.000,325.000,300.000,300.000,-1,-1,-1,-1,825.000,800.000,-1,-1,2,0,2,0,2,0,0,0,0,2,2,2,2,0,0,2,2
6,-3084.664,-6906.219,281.241,-174.658,-0.995543,0.093080,0.015144,-0.092791,-0.995509,0.018772,0.016824,0.017283,0.999709,0,0.56000,-0.84000,33.600,-1.680,-1,400.000,-1,400.000,-1,325.000,325.000,300.000,300.000,-1,-1,-1,-1,825.000,800.000,-1,-1,2,0,2,0,2,0,0,0,0,2,2,2,2,0,0,2,2
7,-3122.995,-6908.511,281.954,-176.578,-0.998114,0.059674,0.014395,-0.059400,-0.998059,0.018716,0.015484,0.017825,0.999721,0,0.64000,-0.96000,38.400,-1.920,-1,400.000,-1,400.000,-1,325.000,325.000,300.000,300.000,-1,-1,-1,-1,825.000,800.000,-1,-1,2,0,2,0,2,0,0,0,0,2,2,2,2,0,0,2,2
8,-3166.182,-6909.582,282.729,-178.578,-0.999600,0.024805,0.013582,-0.024549,-0.999524,0.018684,0.014039,0.018343,0.999733,0,0.72000,-1.00000,43.200,-2.000,-1,400.000,-1,400.000,-1,325.000,325.000,300.000,300.000,-1,-1,-1,-1,825.000,800.000,-1,1000.000,2,0,2,0,2,0,0,0,0,2,2,2,2,0,0,2,1
9,-3214.179,-6909.098,283.561,-180.578,-0.999868,-0.010093,0.012712,0.010329,-0.999772,0.018684,0.012521,0.018812,0.999745,0,0.80000,-1.00000,48.000,-2.000,-1,400.000,-1,400.000,-1,325.000,325.000,300.000,300.000,-1,-1,-1,-1,800.000,800.000,-1,975.000,2,0,2,0,2,0,0,0,0,2,2,2,2,1,1,2,1
10,-3266.926,-6906.723,284.424,-182.578,-0.998918,-0.044978,0.011857,0.045194,-0.998804,0.018647,0.011004,0.019163,0.999756,0,0.88000,-1.00000,52.800,-2.000,-1,400.000,-1,400.000,-1,325.000,325.000,300.000,300.000,-1,-1,-1,-1,775.000,775.000,-1,925.000,2,0,2,0,2,0,0,0,0,2,2,2,2,1,1,2,1
11,-3324.343,-6902.129,284.804,-184.574,-0.996758,-0.079725,0.010871,0.079910,-0.996643,0.017825,0.009413,0.018636,0.999782,0,0.96000,-0.99759,57.600,-1.995,-1,400.000,975.000,400.000,-1,325.000,325.000,300.000,300.000,-1,-1,-1,-1,725.000,725.000,-1,875.000,2,0,1,0,2,0,0,0,0,2,2,2,2,1,1,2,1
12,-3383.838,-6895.285,285.019,-186.562,-0.993403,-0.114264,0.009724,0.114421,-0.993278,0.017523,0.007656,0.018520,0.999799,0,0.99813,-0.99436,59.888,-1.989,-1,400.000,925.000,400.000,1000.000,325.000,325.000,300.000,300.000,-1,-1,-1,-1,675.000,700.000,1000.000,850.000,2,0,1,0,1,0,0,0,0,2,2,2,2,1,1,1,1
13,-3443.172,-6886.372,285.207,-188.543,-0.988871,-0.148528,0.008609,0.148658,-0.988737,0.017309,0.005941,0.018396,0.999813,0,1.00000,-0.99039,60.000,-1.981,-1,400.000,850.000,400.000,975.000,325.000,325.000,300.000,300.000,-1,-1,-1,-1,625.000,650.000,850.000,800.000,2,0,1,0,1,0,0,0,0,2,2,2,2,1,1,1,1
14,-3502.165,-6875.423,285.369,-190.514,-0.983186,-0.182452,0.007532,0.182558,-0.983045,0.017184,0.004269,0.018270,0.999824,0,1.00000,-0.98567,60.000,-1.971,-1,400.000,775.000,400.000,925.000,325.000,325.000,300.000,300.000,-1,-1,-1,-1,575.000,625.000,725.000,750.000,2,0,1,0,1,0,0,0,0,2,2,2,2,1,1,1,1
15,-3559.840,-6862.905,285.508,-192.246,-0.977233,-0.212070,0.006513,0.212152,-0.977086,0.017145,0.002727,0.018136,0.999832,0,0.98363,-0.86567,59.018,-1.731,-1,400.000,725.000,400.000,900.000,325.000,325.000,300.000,300.000,-1,-1,-1,-1,525.000,575.000,625.000,700.000,2,1,1,0,1,0,0,0,0,2,2,2,2,1,1,1,1
16,-3617.548,-6848.797,285.633,-193.737,-0.971389,-0.237428,0.005524,0.237489,-0.971238,0.017178,0.001287,0.017998,0.999837,0,0.99012,-0.74567,59.407,-1.491,675.000,375.000,675.000,400.000,825.000,325.000,325.000,300.000,300.000,-1,-1,-1,-1,475.000,550.000,550.000,650.000,1,1,1,0,1,0,0,0,0,2,2,2,2,1,1,1,1
17,-3675.296,-6833.336,285.746,-194.988,-0.965978,-0.258582,0.004566,0.258622,-0.965824,0.017272,-0.000056,0.017865,0.999840,0,0.99635,-0.62567,59.781,-1.251,550.000,350.000,600.000,400.000,775.000,325.000,325.000,300.000,300.000,-1,-1,-1,-1,425.000,500.000,475.000,600.000,1,1,1,1,1,1,0,0,0,2,2,2,2,1,1,1,1
18,-3732.972,-6816.798,285.853,-196.000,-0.961269,-0.275589,0.003636,0.275610,-0.961112,0.017414,-0.001304,0.017742,0.999842,0,1.00000,-0.50567,60.000,-1.011,450.000,300.000,550.000,350.000,700.000,275.000,300.000,300.000,300.000,-1,-1,-1,-1,375.000,450.000,400.000,550.000,1,1,1,1,1,1,1,0,0,2,2,2,2,1,1,1,1
19,-3790.419,-6799.485,285.958,-196.771,-0.957475,-0.288503,0.002734,0.288506,-0.957316,0.017593,-0.002458,0.017633,0.999842,0,1.00000,-0.38567,60.000,-0.771,375.000,275.000,475.000,325.000,625.000,250.000,275.000,325.000,300.000,-1,-1,-1,-1,350.000,400.000,325.000,475.000,1,1,1,1,1,1,1,0,0,2,2,2,2,1,1,1,1
20,-3847.704,-6781.640,286.016,-197.302,-0.954760,-0.297370,0.001944,0.297357,-0.954605,0.017560,-0.003366,0.017344,0.999844,0,1.00000,-0.26567,60.000,-0.531,300.000,250.000,425.000,275.000,550.000,225.000,250.000,325.000,300.000,-1,-1,-1,-1,300.000,350.000,250.000,425.000,1,1,1,1,1,1,1,0,0,2,2,2,2,1,1,1,1
21,-3904.899,-6763.508,288.705,-197.594,-0.953164,-0.302148,0.013570,0.302405,-0.952853,0.024941,0.005394,0.027876,0.999597,0,1.00000,-0.14567,60.000,-0.291,250.000,225.000,400.000,250.000,475.000,200.000,225.000,350.000,300.000,-1,-1,-1,-1,275.000,325.000,225.000,375.000,1,1,1,1,1,1,1,0,0,2,2,2,2,1,1,1,1
22,-3962.080,-6745.332,293.696,-197.645,-0.952411,-0.302772,0.035252,0.304041,-0.951860,0.039001,0.021747,0.047863,0.998617,0,1.00000,-0.02567,60.000,-0.051,250.000,200.000,375.000,225.000,400.000,200.000,200.000,400.000,300.000,-1,675.000,425.000,-1,275.000,300.000,225.000,325.000,1,1,1,1,1,1,1,0,0,2,0,0,2,1,1,1,1
23,-4019.324,-6727.351,298.783,-197.456,-0.952407,-0.299265,0.057981,0.302324,-0.951672,0.054046,0.039005,0.069003,0.996854,0,1.00000,0.09433,60.000,0.189,250.000,200.000,350.000,200.000,325.000,175.000,175.000,475.000,275.000,-1,350.000,150.000,-1,250.000,275.000,200.000,275.000,1,1,1,1,1,1,1,1,0,2,0,0,2,1,1,1,1
24,-8855.082,-2295.771,540.739,-143.719,-0.806089,0.591489,-0.019002,-0.590079,-0.805781,-0.050248,-0.045032,-0.029292,0.998556,1,0.00000,0.00000,60.000,0.429,500.000,225.000,425.000,250.000,-1,200.000,200.000,375.000,275.000,-1,-1,-1,-1,300.000,350.000,325.000,675.000,1,1,1,1,2,1,1,0,0,2,2,2,2,1,1,1,1
25,-8858.963,-2298.595,540.783,-143.959,-0.808554,0.588125,-0.018720,-0.586793,-0.808272,-0.048682,-0.043761,-0.028377,0.998639,0,0.08000,-0.12000,4.800,-0.240,475.000,225.000,425.000,250.000,-1,200.000,200.000,375.000,275.000,-1,-1,-1,-1,300.000,350.000,325.000,675.000,1,1,1,1,2,1,1,0,0,2,2,2,2,1,1,1,1
26,-8866.773,-2304.177,540.888,-144.439,-0.813443,0.581363,-0.018113,-0.580186,-0.813213,-0.045486,-0.041174,-0.026491,0.998801,0,0.16000,-0.24000,9.600,-0.480,450.000,225.000,425.000,250.000,-1,200.000,200.000,400.000,275.000,-1,-1,-1,-1,300.000,350.000,300.000,725.000,1,1,1,1,2,1,1,0,0,2,2,2,2,1,1,1,1
27,-8878.567,-2312.438,541.171,-144.984,-0.818946,0.573631,-0.016581,-0.572666,-0.818757,-0.041110,-0.037158,-0.024171,0.999017,0,0.24000,-0.27265,14.400,-0.545,450.000,225.000,425.000,250.000,-1,200.000,200.000,400.000,275.000,-1,-1,-1,-1,300.000,375.000,300.000,775.000,1,1,1,1,2,1,1,0,0,2,2,2,2,1,1,1,1
28,-8894.394,-2323.307,541.787,-145.517,-0.824277,0.566026,-0.013468,-0.565318,-0.824097,-0.035768,-0.031344,-0.021869,0.999269,0,0.32000,-0.26626,19.200,-0.533,425.000,225.000,425.000,250.000,-1,200.000,200.000,425.000,275.000,-1,-1,-1,-1,300.000,375.000,300.000,900.000,1,1,1,1,2,1,1,0,0,2,2,2,2,1,1,1,1
29,-8914.299,-2336.715,542.693,-146.035,-0.829397,0.558586,-0.009102,-0.558151,-0.829226,-0.029165,-0.023839,-0.019109,0.999533,0,0.40000,-0.25895,24.000,-0.518,400.000,225.000,450.000,250.000,-1,200.000,200.000,425.000,275.000,-1,-1,-1,-1,275.000,400.000,275.000,-1,1,1,1,1,2,1,1,0,0,2,2,2,2,1,1,1,2
30,-8938.326,-2352.594,543.969,-146.536,-0.834271,0.551344,-0.003258,-0.551167,-0.834128,-0.021124,-0.014364,-0.015827,0.999772,0,0.48000,-0.25053,28.800,-0.501,400.000,225.000,525.000,250.000,-1,200.000,200.000,450.000,275.000,-1,-1,-1,-1,275.000,450.000,275.000,-1,1,1,1,1,2,1,1,0,0,2,2,2,2,1,1,1,2
31,327.967,-9511.014,319.373,91.387,-0.024765,-0.999640,0.010363,0.998403,-0.024206,0.051039,-0.050770,0.011610,0.998643,1,0.00000,0.00000,33.600,-0.482,-1,400.000,675.000,375.000,575.000,325.000,325.000,300.000,300.000,-1,-1,-1,-1,550.000,475.000,-1,525.000,2,1,1,1,1,0,0,0,0,2,2,2,2,1,1,2,1
32,327.871,-9506.215,319.130,91.147,-0.020570,-0.999735,0.010327,0.998501,-0.020018,0.050932,-0.050712,0.011360,0.998649,0,0.08000,-0.12000,4.800,-0.240,-1,400.000,675.000,375.000,575.000,325.000,325.000,300.000,300.000,-1,-1,-1,-1,550.000,475.000,-1,525.000,2,1,1,1,1,0,0,0,0,2,2,2,2,1,1,2,1
33,327.759,-9496.615,318.643,90.667,-0.012177,-0.999873,0.010252,0.998645,-0.011642,0.050720,-0.050594,0.010855,0.998660,0,0.16000,-0.24000,9.600,-0.480,-1,375.000,675.000,375.000,575.000,325.000,325.000,300.000,300.000,-1,-1,-1,-1,525.000,475.000,875.000,525.000,2,1,1,1,1,0,0,0,0,2,2,2,2,1,1,1,1
34,327.772,-9482.215,317.910,89.947,0.000413,-0.999949,0.010127,0.998729,0.000923,0.050402,-0.050408,0.010094,0.998678,0,0.24000,-0.36000,14.400,-0.720,-1,375.000,650.000,375.000,575.000,325.000,325.000,300.000,300.000,-1,-1,-1,-1,525.000,475.000,775.000,525.000,2,1,1,1,1,0,0,0,0,2,2,2,2,1,1,1,1
35,328.112,-9463.018,316.929,88.987,0.017201,-0.999803,0.009941,0.998594,0.017677,0.049980,-0.050146,0.009068,0.998701,0,0.32000,-0.48000,19.200,-0.960,-1,375.000,625.000,350.000,550.000,325.000,325.000,300.000,300.000,-1,-1,-1,-1,500.000,450.000,700.000,500.000,2,1,1,1,1,1,1,0,0,2,2,2,2,1,1,1,1
36,329.038,-9439.036,315.699,87.787,0.038178,-0.999224,0.009676,0.998030,0.038612,0.049460,-0.049795,0.007768,0.998729,0,0.40000,-0.60000,24.000,-1.200,-1,350.000,600.000,350.000,525.000,300.000,300.000,300.000,300.000,-1,-1,-1,-1,475.000,450.000,650.000,475.000,2,1,1,1,1,1,1,0,0,2,2,2,2,1,1,1,1
37,330.873,-9410.295,314.216,86.347,0.063330,-0.997949,0.009307,0.996772,0.063711,0.048846,-0.049338,0.006183,0.998763,0,0.48000,-0.72000,28.800,-1.440,-1,325.000,575.000,325.000,525.000,300.000,300.000,300.000,300.000,-1,-1,-1,-1,450.000,425.000,575.000,475.000,2,1,1,1,1,1,1,0,0,2,2,2,2,1,1,1,1
38,333.996,-9376.840,312.479,84.667,0.092623,-0.995662,0.008806,0.994507,0.092941,0.048149,-0.048758,0.004298,0.998801,0,0.56000,-0.84000,33.600,-1.680,-1,325.000,550.000,325.000,500.000,275.000,275.000,300.000,300.000,-1,-1,-1,-1,425.000,400.000,500.000,450.000,2,1,1,1,1,1,1,0,0,2,2,2,2,1,1,1,1
39,338.844,-9338.748,310.487,82.747,0.126004,-0.991996,0.008138,0.990866,0.126249,0.047384,-0.048032,0.002093,0.998844,0,0.64000,-0.96000,38.400,-1.920,650.000,300.000,500.000,300.000,475.000,250.000,275.000,300.000,300.000,-1,-1,-1,-1,375.000,375.000,425.000,425.000,1,1,1,1,1,1,1,0,0,2,2,2,2,1,1,1,1
40,345.762,-9296.105,308.241,80.785,0.159968,-0.987095,0.007296,0.985996,0.160135,0.046560,-0.047128,-0.000255,0.998889,0,0.72000,-0.98091,43.200,-1.962,450.000,275.000,475.000,275.000,450.000,250.000,250.000,300.000,300.000,-1,-1,-1,-1,350.000,350.000,375.000,400.000,1,1,1,1,1,1,1,0,0,2,2,2,2,1,1,1,1
41,355.054,-9249.014,305.746,78.837,0.193519,-0.981077,0.006261,0.980016,0.193601,0.045693,-0.046040,-0.002707,0.998936,0,0.80000,-0.97417,48.000,-1.948,350.000,225.000,425.000,250.000,425.000,225.000,225.000,300.000,300.000,-1,-1,-1,-1,300.000,325.000,300.000,350.000,1,1,1,1,1,1,1,0,0,2,2,2,2,1,1,1,1
42,366.612,-9199.333,305.679,76.904,0.226227,-0.973978,0.013711,0.973350,0.226579,0.035374,-0.037560,0.005343,0.999280,0,0.85014,-0.96644,51.009,-1.933,300.000,225.000,400.000,250.000,375.000,200.000,200.000,325.000,300.000,-1,500.000,475.000,-1,275.000,300.000,250.000,325.000,1,1,1,1,1,1,1,0,0,2,0,0,2,1,1,1,1
43,379.893,-9149.802,307.501,74.989,0.258476,-0.965660,0.026291,0.965749,0.258950,0.016524,-0.022765,0.021119,0.999518,0,0.85469,-0.95762,51.281,-1.915,300.000,200.000,375.000,225.000,350.000,200.000,200.000,375.000,275.000,-1,350.000,275.000,-1,275.000,300.000,250.000,300.000,1,1,1,1,1,1,1,0,0,2,0,0,2,1,1,1,1
44,394.867,-9100.514,309.817,73.093,0.290550,-0.956095,0.038263,0.956834,0.290605,-0.004229,-0.007076,0.037840,0.999259,0,0.85855,-0.94774,51.513,-1.895,300.000,200.000,375.000,225.000,325.000,175.000,200.000,425.000,275.000,-1,300.000,200.000,-1,250.000,275.000,225.000,275.000,1,1,1,1,1,1,1,0,0,2,0,0,2,1,1,1,1
45,411.504,-9051.570,315.974,71.220,0.322688,-0.945879,0.034430,0.946295,0.321636,-0.032801,0.019952,0.043165,0.998869,0,0.86156,-0.93670,51.693,-1.873,300.000,200.000,400.000,225.000,350.000,175.000,200.000,450.000,300.000,-1,225.000,125.000,725.000,275.000,300.000,225.000,300.000,1,1,1,1,1,1,1,1,0,2,0,0,0,1,1,1,1
46,-9511.022,-7543.222,464.405,121.497,-0.521688,-0.852441,-0.034435,0.852675,-0.522309,0.011813,-0.028055,-0.023199,0.999337,1,0.00000,0.00000,51.811,-1.849,-1,425.000,-1,425.000,-1,325.000,325.000,300.000,300.000,-1,-1,-1,-1,850.000,925.000,-1,-1,2,0,2,0,2,0,0,0,0,2,2,2,2,0,0,2,2
47,-9513.512,-7539.119,464.270,121.257,-0.518100,-0.854618,-0.034643,0.854852,-0.518732,0.012079,-0.028294,-0.023356,0.999327,0,0.08000,-0.12000,4.800,-0.240,-1,425.000,-1,425.000,-1,325.000,325.000,300.000,300.000,-1,-1,-1,-1,850.000,925.000,-1,-1,2,0,2,0,2,0,0,0,0,2,2,2,2,0,0,2,2
48,-9518.444,-7530.882,464.006,120.913,-0.512934,-0.857712,-0.035064,0.857944,-0.513588,0.012599,-0.028814,-0.023621,0.999306,0,0.16000,-0.17200,9.600,-0.344,-1,425.000,-1,425.000,-1,325.000,325.000,300.000,300.000,-1,-1,-1,-1,850.000,925.000,-1,-1,2,0,2,0,2,0,0,0,0,2,2,2,2,0,0,2,2
49,-9525.768,-7518.484,463.617,120.569,-0.507736,-0.860773,-0.035700,0.861003,-0.508425,0.013358,-0.029649,-0.023956,0.999273,0,0.24000,-0.17200,14.400,-0.344,-1,425.000,-1,425.000,-1,325.000,325.000,300.000,300.000,-1,-1,-1,-1,850.000,925.000,-1,-1,2,0,2,0,2,0,0,0,0,2,2,2,2,0,0,2,2
50,-9535.433,-7501.894,463.102,120.225,-0.502505,-0.863801,-0.036550,0.864026,-0.503243,0.014353,-0.030792,-0.024368,0.999229,0,0.32000,-0.17200,19.200,-0.344,-1,425.000,-1,425.000,-1,325.000,325.000,300.000,300.000,-1,-1,-1,-1,825.000,925.000,-1,-1,2,0,2,0,2,0,0,0,0,2,2,2,2,0,0,2,2
51,-9547.390,-7481.084,462.457,119.881,-0.497241,-0.866797,-0.037612,0.867013,-0.498042,0.015578,-0.032235,-0.024864,0.999171,0,0.40000,-0.17200,24.000,-0.344,-1,400.000,-1,425.000,-1,325.000,325.000,300.000,300.000,-1,-1,-1,-1,825.000,900.000,-1,-1,2,0,2,0,2,0,0,0,0,2,2,2,2,0,0,2,2
52,-9561.589,-7456.027,461.678,119.537,-0.491944,-0.869758,-0.038885,0.869964,-0.492821,0.017024,-0.033970,-0.025454,0.999099,0,0.48000,-0.17200,28.800,-0.344,-1,400.000,-1,425.000,-1,325.000,325.000,300.000,300.000,-1,-1,-1,-1,825.000,900.000,-1,-1,2,0,2,0,2,0,0,0,0,2,2,2,2,0,0,2,2
53,-9577.977,-7426.695,460.723,119.193,-0.486610,-0.872689,-0.040304,0.872873,-0.487583,0.018842,-0.036094,-0.026012,0.999010,0,0.56000,-0.17200,33.600,-0.344,-1,400.000,-1,425.000,-1,325.000,325.000,300.000,300.000,-1,-1,-1,-1,800.000,900.000,-1,-1,2,0,2,0,2,0,0,0,0,2,2,2,2,0,0,2,2
54,-9596.506,-7393.060,459.611,118.849,-0.481241,-0.875586,-0.041910,0.875742,-0.482327,0.020910,-0.038523,-0.026639,0.998903,0,0.64000,-0.17200,38.400,-0.344,-1,400.000,-1,425.000,-1,325.000,325.000,300.000,325.000,-1,-1,-1,-1,800.000,875.000,-1,-1,2,0,2,0,2,0,0,0,0,2,2,2,2,0,0,2,2
55,-9617.281,-7355.184,458.073,118.745,-0.479579,-0.876469,-0.042497,0.876562,-0.480742,0.022940,-0.040536,-0.026249,0.998833,0,0.72000,-0.05200,43.200,-0.104,-1,400.000,-1,425.000,-1,325.000,325.000,300.000,325.000,-1,-1,-1,-1,775.000,875.000,-1,-1,2,0,2,0,2,0,0,0,0,2,2,2,2,0,0,2,2
56,-9640.464,-7313.153,456.180,118.881,-0.481620,-0.875350,-0.042468,0.875356,-0.482834,0.024968,-0.042361,-0.025150,0.998786,0,0.80000,0.06800,48.000,0.136,-1,400.000,-1,425.000,-1,325.000,325.000,300.000,300.000,-1,-1,-1,-1,775.000,850.000,-1,-1,2,0,2,0,2,0,0,0,0,2,2,2,2,0,0,2,2
57,-9666.173,-7267.197,453.915,119.224,-0.486827,-0.872478,-0.042198,0.872351,-0.488096,0.027694,-0.044759,-0.023330,0.998725,0,0.87763,0.17176,52.658,0.344,-1,400.000,-1,400.000,-1,325.000,325.000,300.000,300.000,-1,-1,-1,-1,750.000,825.000,-1,-1,2,0,2,0,2,0,0,0,0,2,2,2,2,0,0,2,2
58,-9692.157,-7221.396,451.491,119.568,-0.492024,-0.869579,-0.041772,0.869289,-0.493342,0.030836,-0.047423,-0.021140,0.998651,0,0.87763,0.17176,52.658,0.344,-1,400.000,-1,400.000,-1,325.000,325.000,300.000,300.000,-1,-1,-1,-1,750.000,800.000,-1,-1,2,0,2,0,2,0,0,0,0,2,2,2,2,0,0,2,2
59,-9718.414,-7175.752,449.051,119.911,-0.497208,-0.866640,-0.041450,0.866194,-0.498567,0.033756,-0.049920,-0.019120,0.998570,0,0.87763,0.17176,52.658,0.344,-1,400.000,-1,400.000,-1,325.000,325.000,300.000,300.000,-1,-1,-1,-1,725.000,775.000,-1,-1,2,0,2,0,2,0,0,0,0,2,2,2,2,0,0,2,2
60,-9744.946,-7130.266,446.593,120.255,-0.502378,-0.863665,-0.041235,0.863069,-0.503770,0.036433,-0.052238,-0.017285,0.998485,0,0.87763,0.17176,52.658,0.344,-1,400.000,-1,400.000,-1,325.000,325.000,300.000,300.000,-1,-1,-1,-1,700.000,750.000,-1,-1,2,0,2,0,2,0,0,0,0,2,2,2,2,0,0,2,2
61,-9771.749,-7084.940,443.819,120.598,-0.507516,-0.860635,-0.041653,0.859987,-0.508943,0.037402,-0.053388,-0.016839,0.998432,0,0.87763,0.17176,52.658,0.344,-1,375.000,-1,400.000,-1,325.000,325.000,300.000,300.000,-1,-1,-1,-1,700.000,750.000,-1,-1,2,0,2,0,2,0,0,0,0,2,2,2,2,0,0,2,2
62,-9798.824,-7039.776,441.101,120.942,-0.512651,-0.857576,-0.041849,0.856880,-0.514099,0.038204,-0.054277,-0.016274,0.998393,0,0.87763,0.17176,52.658,0.344,-1,375.000,-1,400.000,-1,325.000,325.000,300.000,300.000,-1,-1,-1,-1,700.000,725.000,-1,-1,2,0,2,0,2,0,0,0,0,2,2,2,2,0,0,2,2
63,-9826.169,-6994.775,438.407,121.285,-0.517774,-0.854486,-0.041988,0.853747,-0.519236,0.038863,-0.055009,-0.015725,0.998362,0,0.87763,0.17176,52.658,0.344,-1,375.000,-1,400.000,-1,325.000,325.000,300.000,300.000,-1,-1,-1,-1,675.000,725.000,-1,-1,2,0,2,0,2,0,0,0,0,2,2,2,2,0,0,2,2
64,-9853.784,-6949.938,435.751,121.629,-0.522889,-0.851366,-0.041991,0.850589,-0.524354,0.039369,-0.055536,-0.015132,0.998342,0,0.87763,0.17176,52.658,0.344,-1,375.000,-1,400.000,-1,300.000,325.000,300.000,300.000,-1,-1,-1,-1,675.000,700.000,-1,-1,2,0,2,0,2,0,0,0,0,2,2,2,2,0,0,2,2
65,-9881.667,-6905.268,433.133,121.972,-0.527996,-0.848215,-0.041859,0.847408,-0.529454,0.039725,-0.055858,-0.014497,0.998333,0,0.87763,0.17176,52.658,0.344,-1,375.000,-1,400.000,-1,300.000,325.000,300.000,325.000,-1,-1,-1,-1,650.000,700.000,-1,-1,2,0,2,0,2,0,0,0,0,2,2,2,2,0,0,2,2
66,-9909.817,-6860.766,430.490,122.316,-0.533113,-0.845036,-0.041287,0.844203,-0.534537,0.039899,-0.055785,-0.013584,0.998350,0,0.87763,0.17176,52.658,0.344,-1,375.000,-1,375.000,-1,300.000,325.000,300.000,325.000,-1,-1,-1,-1,650.000,675.000,-1,-1,2,0,2,0,2,0,0,0,0,2,2,2,2,0,0,2,2
67,-9938.233,-6816.434,427.869,122.659,-0.538226,-0.841827,-0.040494,0.840974,-0.539601,0.039921,-0.055458,-0.012568,0.998382,0,0.87763,0.17176,52.658,0.344,-1,375.000,-1,375.000,-1,300.000,325.000,300.000,325.000,-1,-1,-1,-1,650.000,675.000,-1,-1,2,0,2,0,2,0,0,0,0,2,2,2,2,0,0,2,2
68,-9966.914,-6772.272,425.293,123.003,-0.543328,-0.838587,-0.039578,0.837721,-0.544645,0.039805,-0.054936,-0.011528,0.998423,0,0.87763,0.17176,52.658,0.344,-1,375.000,-1,375.000,-1,300.000,325.000,300.000,325.000,-1,-1,-1,-1,625.000,650.000,-1,-1,2,0,2,0,2,0,0,0,0,2,2,2,2,0,0,2,2
69,-9995.860,-6728.284,422.602,123.346,-0.548462,-0.835321,-0.037791,0.834446,-0.549673,0.039482,-0.053753,-0.009880,0.998505,0,0.87763,0.17176,52.658,0.344,-1,375.000,-1,375.000,-1,300.000,300.000,325.000,325.000,-1,-1,-1,-1,625.000,650.000,-1,-1,2,0,2,0,2,0,0,0,0,2,2,2,2,0,0,2,2
70,-10025.069,-6684.470,419.859,123.690,-0.553605,-0.832026,-0.035416,0.831149,-0.554681,0.038994,-0.052088,-0.007849,0.998612,0,0.87763,0.17176,52.658,0.344,-1,375.000,-1,375.000,-1,300.000,300.000,325.000,325.000,-1,-1,-1,-1,625.000,650.000,-1,-1,2,0,2,0,2,0,0,0,0,2,2,2,2,0,0,2,2
71,-10054.540,-6640.831,417.190,124.033,-0.558723,-0.828696,-0.033038,0.827827,-0.559667,0.038394,-0.050308,-0.005898,0.998716,0,0.87763,0.17176,52.658,0.344,-1,350.000,-1,375.000,-1,300.000,300.000,325.000,325.000,-1,-1,-1,-1,625.000,625.000,-1,-1,2,0,2,0,2,0,0,0,0,2,2,2,2,0,0,2,2
72,-10084.272,-6597.371,414.938,124.377,-0.563794,-0.825329,-0.031136,0.824555,-0.564628,0.036125,-0.047395,-0.005306,0.998862,0,0.87763,0.17176,52.658,0.344,-1,350.000,-1,375.000,-1,300.000,300.000,325.000,325.000,-1,-1,-1,-1,625.000,625.000,-1,-1,2,0,2,0,2,0,0,0,0,2,2,2,2,0,0,2,2
73,-10114.264,-6554.089,412.784,124.721,-0.568837,-0.821930,-0.029240,0.821257,-0.569567,0.033632,-0.044298,-0.004882,0.999006,0,0.87763,0.17176,52.658,0.344,-1,350.000,-1,350.000,-1,300.000,300.000,325.000,325.000,-1,-1,-1,-1,625.000,625.000,-1,-1,2,0,2,0,2,0,0,0,0,2,2,2,2,0,0,2,2
74,-10144.515,-6510.989,410.732,125.064,-0.573855,-0.818503,-0.027273,0.817921,-0.574486,0.031169,-0.041180,-0.004421,0.999142,0,0.87763,0.17176,52.658,0.344,-1,350.000,-1,350.000,-1,300.000,300.000,325.000,325.000,-1,750.000,600.000,-1,625.000,625.000,-1,-1,2,0,2,0,2,0,0,0,0,2,0,0,2,0,0,2,2
75,-10175.025,-6468.070,408.783,125.408,-0.578848,-0.815045,-0.025232,0.814547,-0.579384,0.028749,-0.038051,-0.003911,0.999268,0,0.87763,0.17176,52.658,0.344,-1,350.000,-1,350.000,-1,300.000,300.000,325.000,325.000,-1,575.000,450.000,-1,625.000,625.000,-1,-1,2,0,2,0,2,0,0,0,0,2,0,0,2,0,0,2,2
76,-10205.791,-6425.335,407.069,125.751,-0.583809,-0.811557,-0.023292,0.811158,-0.584260,0.025753,-0.034508,-0.003859,0.999397,0,0.87763,0.17176,52.658,0.344,-1,350.000,-1,350.000,-1,300.000,300.000,325.000,325.000,-1,450.000,375.000,-1,625.000,625.000,-1,-1,2,0,2,0,2,0,0,0,0,2,0,0,2,0,0,2,2
77,-10236.948,-6382.588,405.467,126.088,-0.588653,-0.808106,-0.021277,0.807795,-0.589025,0.022733,-0.030903,-0.003806,0.999515,0,0.88162,0.16854,52.897,0.337,-1,350.000,-1,350.000,-1,300.000,300.000,325.000,325.000,-1,400.000,325.000,-1,625.000,625.000,-1,-1,2,0,2,0,2,0,0,0,0,2,0,0,2,0,0,2,2
78,-10268.504,-6339.815,403.965,126.418,-0.593365,-0.804705,-0.019169,0.804471,-0.593663,0.019759,-0.027281,-0.003697,0.999621,0,0.88589,0.16476,53.154,0.330,-1,350.000,-1,350.000,-1,300.000,300.000,325.000,325.000,-1,350.000,325.000,-1,625.000,625.000,-1,-1,2,0,2,0,2,0,0,0,0,2,0,0,2,0,0,2,2
79,-10300.445,-6297.024,402.734,126.739,-0.597962,-0.801363,-0.016076,0.801192,-0.598172,0.016807,-0.023084,-0.002830,0.999730,0,0.88997,0.16078,53.398,0.322,-1,350.000,-1,375.000,-1,300.000,300.000,325.000,325.000,-1,325.000,300.000,-1,625.000,650.000,-1,-1,2,0,2,0,2,0,0,0,0,2,0,0,2,0,0,2,2
80,-10332.759,-6254.223,401.634,127.052,-0.602412,-0.798083,-0.012753,0.797964,-0.602545,0.013913,-0.018788,-0.001795,0.999822,0,0.89382,0.15660,53.629,0.313,-1,375.000,-1,375.000,-1,300.000,300.000,325.000,325.000,-1,300.000,300.000,-1,650.000,650.000,-1,-1,2,0,2,0,2,0,0,0,0,2,0,0,2,0,0,2,2
81,-10365.431,-6211.422,400.628,127.357,-0.606705,-0.794871,-0.009405,0.794794,-0.606777,0.011088,-0.014520,-0.000748,0.999894,0,0.89745,0.15222,53.847,0.304,-1,375.000,-1,375.000,-1,300.000,300.000,325.000,325.000,-1,300.000,275.000,-1,650.000,650.000,-1,-1,2,0,2,0,2,0,0,0,0,2,0,0,2,0,0,2,2
82,-10398.448,-6168.630,399.719,127.652,-0.610836,-0.791734,-0.006033,0.791690,-0.610866,0.008333,-0.010283,0.000314,0.999947,0,0.90081,0.14763,54.049,0.295,-1,375.000,-1,375.000,-1,300.000,300.000,325.000,300.000,-1,275.000,275.000,-1,675.000,650.000,-1,-1,2,0,2,0,2,0,0,0,0,2,0,0,2,0,0,2,2
83,-10431.791,-6125.857,398.973,127.938,-0.614801,-0.788678,-0.002621,0.788659,-0.614805,0.005649,-0.006067,0.001406,0.999981,0,0.90391,0.14285,54.234,0.286,-1,375.000,-1,375.000,-1,300.000,300.000,325.000,300.000,-1,275.000,250.000,-1,675.000,650.000,-1,-1,2,0,2,0,2,0,0,0,0,2,0,0,2,0,0,2,2
84,-10462.215,-6086.893,398.701,127.984,-0.615435,-0.788187,-0.000937,0.788182,-0.615434,0.003273,-0.003156,0.001275,0.999994,0,0.82391,0.02285,49.434,0.046,-1,375.000,-1,375.000,-1,300.000,300.000,325.000,300.000,-1,300.000,275.000,-1,675.000,675.000,-1,-1,2,0,2,0,2,0,0,0,0,2,0,0,2,0,0,2,2
85,-10489.565,-6051.620,398.510,127.789,-0.612759,-0.790270,0.000557,0.790270,-0.612758,0.001162,-0.000577,0.001152,0.999999,0,0.74391,-0.09715,44.634,-0.194,-1,375.000,-1,375.000,-1,300.000,300.000,325.000,325.000,-1,300.000,275.000,-1,700.000,675.000,-1,-1,2,0,2,0,2,0,0,0,0,2,0,0,2,0,0,2,2
86,-10513.735,-6019.956,398.383,127.355,-0.606748,-0.794892,0.001864,0.794893,-0.606750,-0.000699,0.001686,0.001058,0.999998,0,0.66391,-0.21715,39.834,-0.434,-1,375.000,-1,375.000,-1,300.000,300.000,325.000,325.000,-1,300.000,300.000,-1,700.000,675.000,-1,-1,2,0,2,0,2,0,0,0,0,2,0,0,2,0,0,2,2
87,-10534.662,-5991.859,398.302,126.681,-0.597346,-0.801978,0.002987,0.801975,-0.597353,-0.002321,0.003645,0.001009,0.999993,0,0.58391,-0.33715,35.034,-0.674,-1,375.000,-1,375.000,-1,300.000,300.000,325.000,325.000,-1,300.000,300.000,-1,700.000,675.000,-1,-1,2,0,2,0,2,0,0,0,0,2,0,0,2,0,0,2,2
88,-10552.334,-5967.327,398.298,125.766,-0.584468,-0.811408,0.003874,0.811399,-0.584480,-0.003927,0.005451,0.000848,0.999985,0,0.50391,-0.45715,30.234,-0.914,-1,375.000,-1,375.000,-1,300.000,300.000,325.000,325.000,-1,300.000,300.000,-1,700.000,675.000,-1,-1,2,0,2,0,2,0,0,0,0,2,0,0,2,0,0,2,2
89,-10566.850,-5946.441,398.405,124.801,-0.570711,-0.821140,0.004211,0.821123,-0.570726,-0.005352,0.006798,0.000403,0.999977,0,0.42391,-0.48269,25.434,-0.965,-1,375.000,-1,375.000,-1,300.000,300.000,325.000,325.000,-1,300.000,325.000,-1,700.000,700.000,-1,-1,2,0,2,0,2,0,0,0,0,2,0,0,2,0,0,2,2
90,-10578.338,-5929.301,398.500,123.832,-0.556748,-0.830669,0.004446,0.830644,-0.556766,-0.006487,0.007864,0.000081,0.999969,0,0.34391,-0.48423,20.634,-0.968,-1,375.000,-1,375.000,-1,300.000,300.000,325.000,325.000,-1,300.000,325.000,-1,700.000,700.000,-1,-1,2,0,2,0,2,0,0,0,0,2,0,0,2,0,0,2,2
91,-10586.930,-5916.000,398.575,122.862,-0.542597,-0.839981,0.004602,0.839949,-0.542616,-0.007351,0.008672,-0.000124,0.999962,0,0.26391,-0.48526,15.834,-0.971,-1,375.000,-1,375.000,-1,300.000,300.000,325.000,325.000,-1,325.000,325.000,-1,700.000,700.000,-1,-1,2,0,2,0,2,0,0,0,0,2,0,0,2,0,0,2,2
92,-10592.760,-5906.632,398.624,121.890,-0.528274,-0.849061,0.004691,0.849023,-0.528295,-0.007957,0.009234,-0.000221,0.999957,0,0.18391,-0.48579,11.034,-0.972,-1,375.000,-1,375.000,-1,300.000,300.000,325.000,325.000,-1,325.000,325.000,-1,700.000,700.000,-1,-1,2,0,2,0,2,0,0,0,0,2,0,0,2,0,0,2,2
93,-10595.963,-5901.283,398.642,120.919,-0.513800,-0.857897,0.004723,0.857857,-0.513822,-0.008316,0.009561,-0.000221,0.999954,0,0.10391,-0.48580,6.234,-0.972,-1,375.000,-1,375.000,-1,300.000,300.000,325.000,325.000,-1,325.000,325.000,-1,700.000,700.000,-1,-1,2,0,2,0,2,0,0,0,0,2,0,0,2,0,0,2,2
94,-10596.679,-5900.040,398.628,119.948,-0.499193,-0.866478,0.004709,0.866437,-0.499216,-0.008437,0.009661,-0.000132,0.999953,0,0.02391,-0.48531,1.434,-0.971,-1,375.000,-1,375.000,-1,300.000,300.000,325.000,325.000,-1,325.000,325.000,-1,700.000,700.000,-1,-1,2,0,2,0,2,0,0,0,0,2,0,0,2,0,1,2,2
95,-10595.049,-5902.985,398.579,118.979,-0.484474,-0.874793,0.004656,0.874754,-0.484497,-0.008325,0.009539,0.000039,0.999955,0,-0.05609,-0.48432,-3.366,-0.969,-1,375.000,-1,375.000,1000.000,300.000,300.000,300.000,325.000,-1,325.000,325.000,-1,700.000,700.000,-1,-1,2,0,2,0,1,0,0,0,0,2,0,0,2,0,1,2,2
96,-10591.213,-5910.193,398.497,118.014,-0.469662,-0.882834,0.004572,0.882798,-0.469684,-0.007985,0.009197,0.000285,0.999958,0,-0.13609,-0.48284,-8.166,-0.966,-1,375.000,-1,375.000,1000.000,300.000,300.000,300.000,325.000,-1,325.000,325.000,-1,700.000,700.000,-1,-1,2,0,2,0,1,0,0,0,0,2,0,0,2,0,1,2,2
97,-10585.317,-5921.741,398.382,117.052,-0.454777,-0.890594,0.004463,0.890563,-0.454799,-0.007417,0.008636,0.000602,0.999963,0,-0.21609,-0.48091,-12.966,-0.962,-1,375.000,-1,375.000,975.000,300.000,300.000,325.000,325.000,-1,325.000,300.000,-1,700.000,700.000,-1,-1,2,0,2,0,1,0,0,0,0,2,0,0,2,0,1,2,2
98,-10579.495,-5933.627,398.266,116.095,-0.439838,-0.898066,0.004366,0.898041,-0.439859,-0.006839,0.008063,0.000913,0.999967,0,-0.22060,-0.47854,-13.236,-0.957,-1,375.000,-1,375.000,975.000,300.000,300.000,325.000,325.000,-1,325.000,300.000,-1,700.000,700.000,-1,-1,2,0,2,0,1,0,0,0,0,2,0,0,2,0,0,2,2
99,-10573.868,-5945.615,398.150,115.143,-0.424851,-0.905253,0.004283,0.905232,-0.424871,-0.006264,0.007491,0.001216,0.999971,0,-0.22071,-0.47620,-13.243,-0.952,-1,375.000,-1,375.000,975.000,300.000,300.000,325.000,325.000,-1,325.000,300.000,-1,700.000,700.000,-1,-1,2,0,2,0,1,0,0,0,0,2,0,0,2,0,0,2,2
100,-10568.436,-5957.706,398.034,114.195,-0.409819,-0.912157,0.004214,0.912141,-0.409838,-0.005693,0.006919,0.001510,0.999975,0,-0.22091,-0.47392,-13.255,-0.948,-1,375.000,-1,375.000,975.000,300.000,300.000,325.000,300.000,-1,325.000,300.000,-1,700.000,700.000,-1,-1,2,0,2,0,1,0,0,0,0,2,0,0,2,0,0,2,2
101,-10563.197,-5969.900,397.918,113.251,-0.394746,-0.918781,0.004158,0.918768,-0.394764,-0.005125,0.006350,0.001797,0.999978,0,-0.22120,-0.47169,-13.272,-0.943,-1,375.000,-1,375.000,975.000,300.000,300.000,325.000,300.000,-1,325.000,275.000,-1,700.000,700.000,-1,-1,2,0,2,0,1,0,0,0,0,2,0,0,2,0,0,2,2
102,-10559.948,-5977.724,397.869,112.548,-0.383438,-0.923558,0.004064,0.923547,-0.383455,-0.004895,0.006079,0.001877,0.999980,0,-0.14120,-0.35169,-8.472,-0.703,-1,375.000,-1,375.000,975.000,300.000,300.000,325.000,300.000,-1,325.000,275.000,-1,700.000,700.000,-1,-1,2,0,2,0,1,0,0,0,0,2,0,0,2,0,0,2,2
103,-10558.568,-5981.126,397.843,112.085,-0.375956,-0.926629,0.004022,0.926618,-0.375973,-0.004819,0.005978,0.001915,0.999980,0,-0.06120,-0.23169,-3.672,-0.463,-1,375.000,-1,375.000,975.000,300.000,300.000,325.000,300.000,-1,325.000,275.000,-1,700.000,700.000,-1,-1,2,0,2,0,1,0,0,0,0,2,0,0,2,0,0,2,2
104,-10558.988,-5980.079,397.838,111.861,-0.372341,-0.928087,0.004036,0.928077,-0.372357,-0.004881,0.006033,0.001929,0.999980,0,0.01880,-0.11169,1.128,-0.223,-1,375.000,-1,375.000,975.000,300.000,300.000,325.000,300.000,-1,325.000,275.000,-1,700.000,700.000,-1,-1,2,0,2,0,1,0,0,0,0,2,0,0,2,0,0,2,2
105,-10561.197,-5974.578,397.854,111.878,-0.372609,-0.927979,0.004107,0.927968,-0.372627,-0.005078,0.006243,0.001919,0.999979,0,0.09880,0.00831,5.928,0.017,-1,375.000,-1,375.000,975.000,300.000,300.000,325.000,300.000,-1,325.000,275.000,-1,700.000,700.000,-1,-1,2,0,2,0,1,0,0,0,0,2,0,0,2,0,0,2,2
106,-10565.239,-5964.640,397.907,112.134,-0.376760,-0.926301,0.004200,0.926287,-0.376779,-0.005473,0.006652,0.001828,0.999976,0,0.17880,0.12831,10.728,0.257,-1,375.000,-1,375.000,975.000,300.000,300.000,325.000,300.000,-1,325.000,275.000,-1,700.000,700.000,-1,-1,2,0,2,0,1,0,0,0,0,2,0,0,2,0,0,2,2
107,-10571.214,-5950.307,398.023,112.631,-0.384773,-0.923001,0.004263,0.922982,-0.384794,-0.006169,0.007334,0.001561,0.999972,0,0.25880,0.24831,15.528,0.497,-1,375.000,-1,375.000,950.000,300.000,300.000,300.000,300.000,-1,325.000,300.000,-1,700.000,700.000,-1,-1,2,0,2,0,1,0,0,0,0,2,0,0,2,0,0,2,2
108,-10579.277,-5931.646,398.182,113.368,-0.396606,-0.917979,0.004358,0.917952,-0.396628,-0.007073,0.008222,0.001195,0.999965,0,0.33880,0.36831,20.328,0.737,-1,375.000,-1,375.000,950.000,300.000,300.000,300.000,325.000,-1,325.000,300.000,-1,700.000,700.000,-1,-1,2,0,2,0,1,0,0,0,0,2,0,0,2,0,1,2,2
109,-10589.635,-5908.752,398.386,114.344,-0.412193,-0.911085,0.004499,0.911049,-0.412217,-0.008186,0.009313,0.000725,0.999956,0,0.41880,0.48831,25.128,0.977,-1,375.000,-1,375.000,950.000,300.000,300.000,300.000,325.000,-1,325.000,300.000,-1,700.000,700.000,-1,-1,2,0,2,0,1,0,0,0,0,2,0,0,2,0,1,2,2
110,-10602.548,-5881.753,398.640,115.561,-0.431443,-0.902128,0.004701,0.902078,-0.431469,-0.009505,0.010604,0.000140,0.999944,0,0.49880,0.60831,29.928,1.217,-1,375.000,-1,375.000,950.000,300.000,300.000,300.000,325.000,-1,325.000,325.000,-1,700.000,700.000,-1,-1,2,0,2,0,1,0,0,0,0,2,0,0,2,0,1,2,2
111,-10618.324,-5850.815,398.948,117.017,-0.454234,-0.890868,0.004982,0.890800,-0.454261,-0.011026,0.012086,-0.000570,0.999927,0,0.57880,0.72831,34.728,1.457,-1,375.000,-1,375.000,975.000,300.000,300.000,300.000,325.000,-1,325.000,325.000,-1,700.000,725.000,-1,-1,2,0,2,0,1,0,0,0,0,2,0,0,2,0,1,2,2
112,-10637.212,-5816.091,399.340,118.543,-0.477792,-0.878457,0.005400,0.878367,-0.477821,-0.012616,0.013663,-0.001284,0.999906,0,0.65880,0.76288,39.528,1.526,-1,375.000,-1,375.000,1000.000,300.000,300.000,300.000,325.000,-1,350.000,350.000,-1,725.000,725.000,-1,-1,2,0,2,0,1,0,0,0,0,2,0,0,2,0,0,2,2
113,-10659.414,-5777.723,399.958,120.057,-0.500820,-0.865529,0.006191,0.865423,-0.500856,-0.013616,0.014886,-0.001462,0.999888,0,0.73880,0.75677,44.328,1.514,-1,375.000,-1,375.000,-1,325.000,325.000,300.000,325.000,-1,375.000,375.000,-1,725.000,725.000,-1,-1,2,0,2,0,2,0,0,0,0,2,0,0,2,0,0,2,2
114,-10685.125,-5735.860,400.671,121.556,-0.523293,-0.852124,0.007037,0.851999,-0.523338,-0.014677,0.016190,-0.001685,0.999868,0,0.81880,0.74987,49.128,1.500,-1,375.000,-1,375.000,-1,325.000,325.000,300.000,325.000,-1,400.000,400.000,-1,725.000,725.000,-1,-1,2,0,2,0,2,0,0,0,0,2,0,0,2,0,0,2,2
115,-10714.392,-5690.862,401.500,123.041,-0.545179,-0.838281,0.007977,0.838135,-0.545234,-0.015785,0.017582,-0.001920,0.999844,0,0.89464,0.74215,53.678,1.484,-1,375.000,-1,375.000,-1,325.000,325.000,300.000,325.000,-1,425.000,450.000,-1,725.000,750.000,-1,-1,2,0,2,0,2,0,0,0,0,2,0,0,2,0,0,2,2
116,-10744.764,-5646.683,402.398,124.508,-0.566451,-0.824046,0.009012,0.823877,-0.566519,-0.016839,0.018982,-0.002114,0.999818,0,0.89354,0.73359,53.612,1.467,-1,375.000,-1,375.000,-1,325.000,325.000,300.000,325.000,-1,450.000,475.000,-1,725.000,750.000,-1,-1,2,0,2,0,2,0,0,0,0,2,0,0,2,0,0,2,2
117,-10776.178,-5603.378,403.338,125.957,-0.587103,-0.809451,0.009982,0.809258,-0.587183,-0.017822,0.020287,-0.002386,0.999791,0,0.89165,0.72478,53.499,1.450,-1,400.000,-1,375.000,-1,325.000,325.000,300.000,300.000,-1,475.000,525.000,-1,725.000,750.000,-1,-1,2,0,2,0,2,0,0,0,0,2,0,0,2,0,0,2,2
118,-10808.566,-5560.999,404.325,127.389,-0.607130,-0.794528,0.010887,0.794313,-0.607221,-0.018700,0.021468,-0.002706,0.999766,0,0.88897,0.71577,53.338,1.432,-1,400.000,-1,400.000,-1,325.000,325.000,300.000,300.000,-1,525.000,550.000,-1,725.000,750.000,-1,-1,2,0,2,0,2,0,0,0,0,2,0,0,2,0,0,2,2
119,-10841.861,-5519.593,405.314,128.802,-0.626528,-0.779310,0.011779,0.779079,-0.626633,-0.019190,0.022336,-0.002846,0.999746,0,0.88554,0.70664,53.132,1.413,-1,400.000,-1,400.000,-1,325.000,325.000,300.000,300.000,-1,550.000,550.000,-1,725.000,750.000,-1,-1,2,0,2,0,2,0,0,0,0,2,0,0,2,0,0,2,2
120,-10875.993,-5479.199,406.344,130.197,-0.645306,-0.763823,0.012417,0.763579,-0.645418,-0.019553,0.022950,-0.003136,0.999732,0,0.88139,0.69748,52.883,1.395,-1,400.000,-1,400.000,-1,325.000,325.000,300.000,300.000,-1,575.000,575.000,-1,700.000,750.000,-1,-1,2,0,2,0,2,0,0,0,0,2,0,0,2,0,0,2,2
121,-10910.895,-5439.854,407.522,131.576,-0.663501,-0.748074,0.012356,0.747819,-0.663604,-0.019920,0.023102,-0.003977,0.999725,0,0.87659,0.68922,52.595,1.378,-1,400.000,-1,400.000,-1,325.000,325.000,300.000,300.000,-1,625.000,625.000,-1,700.000,750.000,-1,-1,2,0,2,0,2,0,0,0,0,2,0,0,2,0,0,2,2
122,-10946.511,-5401.593,408.702,132.949,-0.681247,-0.731950,0.012281,0.731685,-0.681341,-0.020289,0.023218,-0.004836,0.999719,0,0.87121,0.68671,52.273,1.373,-1,375.000,-1,400.000,-1,325.000,325.000,300.000,300.000,-1,650.000,675.000,-1,700.000,750.000,-1,-1,2,0,2,0,2,0,0,0,0,2,0,0,2,0,0,2,2
123,-10986.216,-5360.595,410.001,134.083,-0.695599,-0.718327,0.012187,0.718050,-0.695683,-0.020708,0.023354,-0.005654,0.999711,0,0.95121,0.56671,57.073,1.133,-1,375.000,-1,400.000,-1,325.000,325.000,300.000,300.000,-1,700.000,725.000,-1,700.000,750.000,-1,-1,2,0,2,0,2,0,0,0,0,2,0,0,2,0,0,2,2
124,-11027.102,-5319.675,411.326,134.976,-0.706721,-0.707389,0.012081,0.707102,-0.706796,-0.021118,0.023477,-0.006382,0.999704,0,0.96410,0.44671,57.846,0.893,-1,375.000,-1,400.000,-1,325.000,325.000,300.000,300.000,-1,750.000,775.000,-1,675.000,750.000,-1,-1,2,0,2,0,2,0,0,0,1,2,0,0,2,0,0,2,2
125,-11068.203,-5279.494,412.681,135.649,-0.714972,-0.699043,0.012404,0.698752,-0.715050,-0.021209,0.023695,-0.006497,0.999698,0,0.95796,0.33628,57.478,0.673,-1,375.000,-1,400.000,-1,325.000,325.000,300.000,300.000,-1,800.000,825.000,-1,675.000,725.000,975.000,-1,2,0,2,0,2,0,0,0,1,2,0,0,2,0,0,1,2
126,-11109.516,-5240.042,414.295,136.320,-0.723083,-0.690621,0.013909,0.690319,-0.723194,-0.021217,0.024712,-0.005740,0.999678,0,0.95207,0.33563,57.124,0.671,-1,375.000,-1,400.000,-1,325.000,325.000,300.000,300.000,-1,825.000,850.000,-1,675.000,725.000,950.000,-1,2,0,2,0,2,0,0,0,1,2,0,0,2,0,0,1,2
127,-11151.027,-5201.320,415.930,136.991,-0.731090,-0.682108,0.015362,0.681795,-0.731234,-0.021280,0.025748,-0.005084,0.999656,0,0.94613,0.33549,56.768,0.671,1000.000,375.000,-1,400.000,-1,300.000,325.000,300.000,300.000,-1,825.000,875.000,-1,675.000,725.000,900.000,-1,0,0,2,0,2,0,0,0,1,2,0,0,2,0,0,1,2
128,-11192.727,-5163.325,417.585,137.662,-0.739006,-0.673491,0.016766,0.673166,-0.739182,-0.021397,0.026804,-0.004527,0.999630,0,0.94023,0.33583,56.414,0.672,975.000,375.000,-1,400.000,-1,300.000,325.000,300.000,300.000,-1,850.000,875.000,-1,675.000,700.000,850.000,-1,0,0,2,0,2,0,0,0,0,2,0,0,2,0,0,1,2
129,-11234.614,-5126.053,419.283,138.336,-0.746835,-0.664760,0.018210,0.664428,-0.747047,-0.021353,0.027798,-0.003848,0.999606,0,0.93448,0.33666,56.069,0.673,950.000,375.000,-1,375.000,-1,300.000,325.000,300.000,300.000,-1,875.000,900.000,-1,675.000,700.000,800.000,-1,0,0,2,0,2,0,0,0,0,2,0,0,2,1,0,1,2
130,-11276.687,-5089.494,420.946,139.012,-0.754584,-0.655902,0.019865,0.655563,-0.754840,-0.021307,0.028970,-0.003055,0.999576,0,0.92897,0.33796,55.738,0.676,925.000,375.000,-1,375.000,-1,300.000,300.000,300.000,300.000,-1,875.000,900.000,-1,650.000,700.000,750.000,-1,0,0,2,0,2,0,0,0,0,2,0,0,2,1,0,1,2
131,-11318.954,-5053.638,422.620,139.691,-0.762266,-0.646907,0.021496,0.646560,-0.762566,-0.021314,0.030180,-0.002349,0.999542,0,0.92378,0.33972,55.427,0.679,900.000,375.000,950.000,375.000,-1,300.000,300.000,300.000,300.000,-1,875.000,875.000,-1,625.000,700.000,700.000,-1,0,0,1,0,2,0,0,0,0,2,0,0,2,1,0,1,2
132,-11361.424,-5018.472,424.307,140.375,-0.769888,-0.637760,0.023104,0.637405,-0.770233,-0.021372,0.031426,-0.001727,0.999505,0,0.91899,0.34190,55.139,0.684,875.000,375.000,900.000,375.000,-1,300.000,300.000,300.000,300.000,-1,850.000,875.000,-1,575.000,700.000,675.000,-1,0,0,1,0,2,0,0,0,0,2,0,0,2,1,0,1,2
133,-11404.112,-4983.983,426.179,141.064,-0.777457,-0.628452,0.024690,0.628058,-0.777846,-0.022309,0.033225,-0.001837,0.999446,0,0.91465,0.34451,54.879,0.689,825.000,375.000,825.000,375.000,-1,300.000,300.000,300.000,300.000,-1,825.000,825.000,-1,550.000,700.000,625.000,-1,1,0,1,0,2,0,0,0,0,2,0,0,2,1,0,1,2
134,-11447.034,-4950.157,428.230,141.759,-0.784976,-0.618969,0.026285,0.618506,-0.785411,-0.024084,0.035552,-0.002648,0.999364,0,0.91081,0.34752,54.649,0.695,750.000,375.000,775.000,375.000,-1,300.000,300.000,300.000,300.000,-1,750.000,775.000,-1,525.000,700.000,575.000,-1,1,0,1,0,2,0,0,0,0,2,0,0,2,1,0,1,2
135,-11486.430,-4919.614,430.103,142.214,-0.789820,-0.612711,0.027757,0.612179,-0.790300,-0.025727,0.037699,-0.003327,0.999284,0,0.83081,0.22752,49.849,0.455,700.000,375.000,725.000,375.000,-1,300.000,300.000,300.000,325.000,-1,675.000,650.000,-1,500.000,700.000,525.000,-1,1,0,1,0,2,0,0,0,0,2,0,0,2,1,0,1,2
136,-11529.943,-4886.552,432.157,142.772,-0.795677,-0.604986,0.029838,0.604375,-0.796227,-0.027454,0.040368,-0.003811,0.999178,0,0.91081,0.27893,54.649,0.558,625.000,350.000,675.000,375.000,-1,300.000,300.000,300.000,325.000,-1,575.000,525.000,-1,450.000,725.000,500.000,-1,1,1,1,0,2,0,0,0,0,2,0,0,2,1,0,1,2
137,-11574.492,-4853.384,434.322,143.332,-0.801468,-0.597173,0.032147,0.596475,-0.802101,-0.029185,0.043213,-0.004216,0.999057,0,0.92567,0.28002,55.540,0.560,550.000,350.000,625.000,375.000,-1,300.000,300.000,300.000,325.000,-1,500.000,450.000,-1,425.000,675.000,450.000,950.000,1,1,1,0,2,0,0,0,0,2,0,0,2,1,1,1,1
138,-11619.709,-4820.405,436.863,143.894,-0.807200,-0.589275,0.034400,0.588555,-0.807925,-0.029336,0.045080,-0.003434,0.998977,0,0.93276,0.28113,55.966,0.562,475.000,325.000,550.000,375.000,-1,300.000,300.000,300.000,325.000,-1,500.000,450.000,-1,400.000,625.000,400.000,875.000,1,1,1,0,2,1,0,0,0,2,0,0,2,1,1,1,1
139,-11665.597,-4787.623,439.469,144.459,-0.812873,-0.581288,0.036637,0.580544,-0.813693,-0.029534,0.046979,-0.002738,0.998892,0,0.93991,0.28225,56.395,0.564,425.000,275.000,500.000,375.000,-1,275.000,300.000,300.000,325.000,-1,500.000,450.000,-1,350.000,550.000,350.000,775.000,1,1,1,0,2,1,0,0,0,2,0,0,2,1,1,1,1
140,-11712.162,-4755.049,442.138,145.025,-0.818485,-0.573212,0.038860,0.572442,-0.819405,-0.029779,0.048912,-0.002129,0.998801,0,0.94711,0.28338,56.827,0.567,350.000,250.000,450.000,375.000,-1,250.000,300.000,300.000,325.000,-1,475.000,425.000,1000.000,325.000,475.000,300.000,700.000,1,1,1,1,2,1,1,0,0,2,0,0,1,1,1,1,1
141,-11759.409,-4722.694,447.267,145.594,-0.823362,-0.565027,0.053095,0.564471,-0.825031,-0.026382,0.058711,0.008249,0.998241,0,0.95437,0.28453,57.262,0.569,325.000,250.000,400.000,350.000,-1,225.000,275.000,325.000,300.000,-1,400.000,325.000,925.000,300.000,425.000,275.000,625.000,1,1,1,1,2,1,1,0,0,2,0,0,1,1,1,1,1
142,-11807.342,-4690.570,453.161,146.166,-0.827724,-0.556662,0.070719,0.556652,-0.830463,-0.021680,0.070798,0.021421,0.997261,0,0.96168,0.28572,57.701,0.571,300.000,225.000,350.000,300.000,875.000,200.000,250.000,350.000,300.000,-1,325.000,250.000,850.000,275.000,375.000,250.000,550.000,1,1,1,1,1,1,1,0,0,2,0,0,1,1,1,1,1
143,-11855.968,-4658.689,459.755,146.740,-0.831434,-0.548063,0.091345,0.549095,-0.835613,-0.015677,0.084921,0.037122,0.995696,0,0.96904,0.28697,58.142,0.574,300.000,200.000,325.000,275.000,750.000,175.000,225.000,375.000,300.000,-1,300.000,200.000,800.000,250.000,350.000,225.000,500.000,1,1,1,1,1,1,1,0,0,2,0,0,1,1,1,1,1
144,-11905.290,-4627.065,467.153,147.316,-0.834426,-0.539181,0.114097,0.541918,-0.840391,-0.008170,0.100291,0.055013,0.993436,0,0.97644,0.28830,58.586,0.577,300.000,175.000,275.000,225.000,625.000,175.000,200.000,425.000,275.000,-1,275.000,150.000,700.000,225.000,300.000,225.000,425.000,1,1,1,1,1,1,1,0,0,2,0,0,0,1,1,1,1
145,4263.519,-2951.664,140.206,63.650,0.447931,-0.893673,0.026586,0.889746,0.442648,-0.111423,0.087808,0.073565,0.993417,1,0.00000,0.00000,59.033,0.579,-1,400.000,-1,400.000,-1,325.000,325.000,300.000,200.000,650.000,-1,-1,450.000,-1,975.000,-1,-1,2,0,2,0,2,0,0,0,1,1,2,2,1,2,0,2,2
146,4261.369,-2955.955,139.496,63.410,0.451774,-0.891722,0.027070,0.887749,0.446343,-0.112606,0.088331,0.074904,0.993271,0,-0.08000,-0.12000,-4.800,-0.240,-1,400.000,-1,400.000,-1,325.000,325.000,300.000,200.000,650.000,1000.000,-1,450.000,-1,950.000,-1,-1,2,0,2,0,2,0,0,0,1,1,1,2,1,2,0,2,2
147,4256.998,-2964.501,138.057,62.930,0.459446,-0.887762,0.028062,0.883691,0.453701,-0.115089,0.089440,0.077675,0.992959,0,-0.16000,-0.24000,-9.600,-0.480,-1,400.000,-1,400.000,-1,325.000,325.000,300.000,200.000,625.000,975.000,-1,475.000,-1,950.000,-1,-1,2,0,2,0,2,0,0,0,1,1,1,2,1,2,0,2,2
148,4250.279,-2977.237,135.854,62.210,0.470918,-0.881681,0.029597,0.877444,0.464657,-0.119101,0.091257,0.082056,0.992441,0,-0.24000,-0.36000,-14.400,-0.720,-1,400.000,-1,400.000,-1,325.000,325.000,300.000,175.000,625.000,900.000,975.000,500.000,-1,925.000,-1,-1,2,0,2,0,2,0,0,0,1,1,1,0,1,2,0,2,2
149,4241.038,-2994.065,132.831,61.250,0.486145,-0.873303,0.031711,0.868812,0.479106,-0.124993,0.093963,0.088316,0.991651,0,-0.32000,-0.48000,-19.200,-0.960,-1,400.000,-1,400.000,-1,325.000,325.000,300.000,175.000,600.000,775.000,825.000,550.000,-1,900.000,-1,-1,2,0,2,0,2,0,0,0,1,1,0,0,1,2,0,2,2
150,4229.132,-3014.901,129.041,60.284,0.501484,-0.864492,0.034168,0.859625,0.493420,-0.132593,0.097766,0.095865,0.990582,0,-0.40000,-0.48317,-24.000,-0.966,-1,425.000,-1,400.000,-1,325.000,325.000,300.000,150.000,600.000,650.000,650.000,575.000,-1,875.000,-1,-1,2,0,2,0,2,0,0,0,1,1,0,0,1,2,0,2,2
151,4214.424,-3039.659,124.583,59.313,0.516876,-0.855270,0.036766,0.849912,0.507552,-0.141566,0.102417,0.104420,0.989246,0,-0.48000,-0.48523,-28.800,-0.970,-1,425.000,-1,400.000,-1,350.000,325.000,325.000,150.000,550.000,500.000,500.000,600.000,-1,825.000,-1,-1,2,0,2,0,2,0,0,0,1,1,0,0,1,2,0,2,2
152,4196.786,-3068.256,121.614,58.339,0.531397,-0.846352,0.036138,0.840966,0.521921,-0.142741,0.101948,0.106243,0.989100,0,-0.56000,-0.48716,-33.600,-0.974,-1,425.000,-1,400.000,-1,350.000,325.000,300.000,150.000,525.000,450.000,450.000,750.000,-1,825.000,-1,-1,2,0,2,0,2,0,0,0,1,1,0,0,1,2,0,2,2
153,4178.601,-3096.646,118.865,57.362,0.545768,-0.837212,0.034838,0.831731,0.536208,-0.143891,0.101787,0.107507,0.988980,0,-0.56195,-0.48868,-33.717,-0.977,-1,425.000,-1,400.000,-1,350.000,325.000,300.000,150.000,500.000,425.000,400.000,900.000,-1,850.000,-1,-1,2,0,2,0,2,0,0,0,1,1,0,0,1,2,0,2,2
154,4160.648,-3123.657,117.445,56.383,0.559737,-0.828189,0.028238,0.822010,0.550605,-0.145374,0.104849,0.104583,0.988974,0,-0.54059,-0.48943,-32.436,-0.979,-1,450.000,-1,425.000,-1,350.000,350.000,300.000,150.000,475.000,350.000,350.000,-1,-1,900.000,-1,-1,2,0,2,0,2,0,0,0,1,1,0,0,2,2,0,2,2
155,4142.948,-3149.323,115.979,55.404,0.573566,-0.818843,0.022751,0.812134,0.564798,-0.146433,0.107056,0.102466,0.988959,0,-0.51966,-0.48942,-31.180,-0.979,-1,450.000,-1,425.000,-1,350.000,350.000,300.000,150.000,425.000,325.000,325.000,-1,-1,925.000,-1,-1,2,0,2,0,2,0,0,0,1,1,0,0,2,2,0,2,2
156,4125.520,-3173.693,114.472,54.427,0.587243,-0.809203,0.018317,0.802110,0.578765,-0.147139,0.108464,0.101098,0.988946,0,-0.49937,-0.48871,-29.962,-0.977,-1,450.000,-1,450.000,-1,375.000,350.000,300.000,175.000,400.000,275.000,300.000,-1,-1,975.000,-1,-1,2,0,2,0,2,0,0,0,1,1,0,0,2,2,0,2,2
157,4108.376,-3196.824,112.930,53.452,0.600755,-0.799295,0.014872,0.791950,0.592489,-0.147557,0.109130,0.100424,0.988942,0,-0.47989,-0.48739,-28.793,-0.975,-1,475.000,-1,450.000,-1,375.000,375.000,300.000,175.000,375.000,225.000,250.000,-1,-1,1000.000,-1,-1,2,0,2,0,2,0,0,0,1,1,0,0,2,2,0,2,2
158,4091.521,-3218.777,111.579,52.481,0.614008,-0.789207,0.012105,0.781810,0.606002,-0.146748,0.108479,0.099568,0.989100,0,-0.46132,-0.48553,-27.679,-0.971,-1,475.000,-1,450.000,-1,375.000,375.000,300.000,175.000,350.000,225.000,250.000,-1,-1,1000.000,-1,-1,2,0,2,0,2,0,0,0,1,1,0,0,2,2,0,2,2
159,4074.953,-3239.619,110.300,51.514,0.627036,-0.778924,0.010134,0.771620,0.619265,-0.145305,0.106906,0.098931,0.989335,0,-0.44375,-0.48318,-26.625,-0.966,-1,475.000,-1,450.000,-1,375.000,375.000,300.000,200.000,325.000,225.000,250.000,-1,-1,-1,-1,-1,2,0,2,0,2,0,0,0,1,1,0,0,2,2,2,2,2
160,4058.668,-3259.413,108.974,50.554,0.639868,-0.768432,0.009044,0.761306,0.632241,-0.143820,0.104798,0.098911,0.989563,0,-0.42723,-0.48042,-25.634,-0.961,-1,475.000,-1,450.000,-1,375.000,375.000,300.000,200.000,325.000,225.000,225.000,-1,-1,1000.000,-1,-1,2,0,2,0,2,0,0,0,1,1,0,0,2,2,0,2,2
161,4042.655,-3278.227,107.604,49.599,0.652486,-0.757750,0.008775,0.750878,0.644920,-0.142336,0.102196,0.099461,0.989780,0,-0.41177,-0.47730,-24.706,-0.955,-1,475.000,-1,450.000,-1,375.000,375.000,300.000,225.000,300.000,225.000,225.000,-1,-1,1000.000,-1,-1,2,0,2,0,2,0,0,0,1,1,0,0,2,2,0,2,2
162,4026.904,-3296.125,106.192,48.651,0.664874,-0.746898,0.009272,0.740347,0.657294,-0.140892,0.099138,0.100539,0.989982,0,-0.39738,-0.47387,-23.843,-0.948,-1,475.000,-1,450.000,-1,375.000,375.000,300.000,225.000,275.000,225.000,225.000,-1,-1,975.000,-1,-1,2,0,2,0,2,0,0,0,1,1,1,0,2,2,0,2,2
163,4011.405,-3313.176,105.541,47.743,0.676804,-0.736017,0.014675,0.730253,0.668716,-0.139822,0.093098,0.105349,0.990068,0,-0.38403,-0.45411,-23.042,-0.908,-1,450.000,-1,450.000,375.000,375.000,350.000,300.000,250.000,275.000,200.000,250.000,-1,-1,950.000,-1,-1,2,0,2,0,1,0,0,0,1,1,1,0,2,2,0,2,2
164,3996.146,-3329.455,105.241,46.875,0.688098,-0.725260,0.022801,0.720570,0.679273,-0.139162,0.085441,0.112187,0.990007,0,-0.37188,-0.43384,-22.313,-0.868,-1,450.000,-1,425.000,275.000,350.000,350.000,300.000,250.000,275.000,200.000,300.000,-1,-1,875.000,-1,-1,2,0,2,1,1,0,0,0,1,1,1,1,2,2,0,2,2
165,3983.924,-3341.998,105.100,45.768,0.702079,-0.711484,0.029585,0.707794,0.692671,-0.138688,0.078182,0.118310,0.989894,0,-0.29188,-0.55384,-17.513,-1.108,-1,450.000,-1,400.000,250.000,350.000,350.000,325.000,250.000,300.000,175.000,300.000,-1,-1,850.000,-1,-1,2,0,2,1,1,0,0,0,1,1,1,1,2,2,0,2,2
166,3974.841,-3350.890,105.087,44.420,0.718595,-0.694573,0.034480,0.691726,0.708781,-0.138363,0.071664,0.123278,0.989781,0,-0.21188,-0.67384,-12.713,-1.348,-1,450.000,-1,375.000,225.000,350.000,325.000,325.000,275.000,300.000,175.000,275.000,-1,975.000,800.000,-1,-1,2,0,2,1,1,0,1,0,1,1,1,1,2,0,0,2,2
167,3969.037,-3356.265,105.173,42.832,0.737461,-0.674373,0.037048,0.672141,0.727435,-0.138074,0.066164,0.126726,0.989729,0,-0.13188,-0.79384,-7.913,-1.588,-1,450.000,-1,350.000,225.000,350.000,325.000,325.000,275.000,300.000,150.000,250.000,-1,900.000,800.000,-1,325.000,2,0,2,1,1,0,1,0,1,1,1,1,2,0,0,2,1
168,3966.689,-3358.304,105.335,41.005,0.758443,-0.650690,0.036971,0.648795,0.748413,-0.137632,0.061887,0.128373,0.989793,0,-0.05188,-0.91384,-3.113,-1.828,-1,425.000,-1,350.000,200.000,350.000,325.000,325.000,300.000,325.000,150.000,250.000,-1,900.000,775.000,-1,275.000,2,0,2,1,1,0,1,0,1,1,1,1,2,0,0,2,1
169,3968.004,-3357.241,105.552,39.005,0.780515,-0.624204,0.034140,0.622339,0.770702,-0.136796,0.059077,0.128018,0.990011,0,0.02812,-1.00000,1.687,-2.000,-1,425.000,-1,325.000,200.000,350.000,325.000,325.000,300.000,350.000,150.000,225.000,-1,900.000,700.000,-1,275.000,2,0,2,1,1,0,1,0,1,1,1,1,2,0,1,2,1
170,3973.191,-3353.338,105.824,37.005,0.801642,-0.597114,0.028705,0.594976,0.792266,-0.135344,0.058074,0.125577,0.990383,0,0.10812,-1.00000,6.487,-2.000,-1,450.000,-1,325.000,200.000,350.000,325.000,325.000,300.000,350.000,125.000,225.000,-1,925.000,600.000,-1,250.000,2,0,2,1,1,0,1,0,1,1,1,1,2,0,1,2,1
171,3982.444,-3346.866,106.180,35.005,0.821784,-0.569420,0.020792,0.566753,0.813078,-0.133027,0.058842,0.121103,0.990894,0,0.18812,-1.00000,11.287,-2.000,-1,450.000,-1,325.000,200.000,350.000,325.000,325.000,325.000,375.000,125.000,200.000,-1,925.000,575.000,-1,250.000,2,0,2,1,1,0,1,0,1,1,1,1,2,0,1,2,1
172,3995.944,-3338.110,106.660,33.005,0.840885,-0.541109,0.010650,0.537734,0.833089,-0.129635,0.061274,0.114735,0.991505,0,0.26812,-1.00000,16.087,-2.000,-1,450.000,-1,325.000,200.000,375.000,325.000,300.000,325.000,400.000,125.000,200.000,-1,975.000,575.000,-1,250.000,2,0,2,1,1,0,1,0,1,1,1,1,2,0,1,2,1
173,4013.857,-3327.358,107.306,31.005,0.858885,-0.512167,-0.001370,0.508002,0.852235,-0.125019,0.065198,0.106681,0.992153,0,0.34812,-1.00000,20.887,-2.000,-1,475.000,-1,325.000,200.000,375.000,325.000,300.000,325.000,400.000,125.000,200.000,-1,1000.000,550.000,-1,250.000,2,0,2,1,1,0,1,0,1,1,1,1,2,0,1,2,1
174,4036.329,-3314.908,109.053,29.005,0.875881,-0.482410,-0.010606,0.477778,0.870128,-0.120856,0.067531,0.100788,0.992613,0,0.42812,-1.00000,25.687,-2.000,-1,475.000,-1,325.000,200.000,375.000,325.000,300.000,325.000,450.000,150.000,225.000,-1,-1,550.000,-1,250.000,2,0,2,1,1,0,1,0,1,1,1,1,2,2,1,2,1
175,4063.499,-3301.070,111.437,27.005,0.891815,-0.451993,-0.019171,0.447004,0.886912,-0.116508,0.069664,0.095334,0.993005,0,0.50812,-1.00000,30.487,-2.000,-1,500.000,-1,325.000,200.000,400.000,325.000,275.000,325.000,525.000,125.000,225.000,-1,-1,525.000,-1,225.000,2,0,2,1,1,0,1,0,1,1,0,1,2,2,1,2,1
176,4095.485,-3286.161,114.071,25.005,0.906593,-0.421017,-0.028871,0.415659,0.902686,-0.111289,0.072916,0.088894,0.993369,0,0.58812,-1.00000,35.287,-2.000,-1,525.000,-1,325.000,175.000,425.000,325.000,275.000,325.000,775.000,100.000,225.000,-1,-1,550.000,-1,225.000,2,0,2,1,1,0,1,0,1,0,0,0,2,2,1,2,1
177,4132.390,-3270.501,116.976,23.005,0.920171,-0.389498,-0.039707,0.383779,0.917397,-0.105341,0.077457,0.081693,0.993643,0,0.66812,-1.00000,40.087,-2.000,-1,525.000,-1,325.000,175.000,450.000,350.000,275.000,325.000,675.000,75.000,200.000,-1,-1,625.000,-1,225.000,2,0,2,1,1,0,1,0,1,0,0,0,2,2,1,2,1
178,4174.301,-3254.419,120.189,21.005,0.932507,-0.357491,-0.051295,0.351581,0.931073,-0.097435,0.082591,0.072824,0.993919,0,0.74812,-1.00000,44.887,-2.000,-1,550.000,-1,325.000,175.000,450.000,350.000,275.000,325.000,575.000,50.000,175.000,-1,-1,700.000,-1,200.000,2,0,2,1,1,0,1,0,1,0,0,0,2,2,1,2,1
179,4221.218,-3238.051,123.686,19.245,0.942217,-0.328963,-0.063320,0.323095,0.942293,-0.087717,0.088522,0.062190,0.994131,0,0.82812,-0.88000,49.687,-1.760,-1,600.000,-1,325.000,150.000,475.000,350.000,275.000,300.000,475.000,50.000,175.000,-1,-1,825.000,-1,200.000,2,0,2,1,1,0,1,0,1,0,0,0,2,2,1,2,1
180,4273.124,-3221.472,127.211,17.725,0.949627,-0.304049,-0.075911,0.298407,0.951303,-0.077298,0.095717,0.050752,0.994114,0,0.90812,-0.76000,54.487,-1.520,-1,625.000,-1,325.000,150.000,525.000,375.000,275.000,300.000,400.000,25.000,175.000,-1,-1,-1,-1,175.000,2,0,2,1,1,0,1,0,1,0,0,0,2,2,2,2,1
181,4329.992,-3204.696,130.708,16.445,0.955028,-0.282875,-0.088902,0.277683,0.958374,-0.066420,0.103990,0.038747,0.993823,0,0.98812,-0.64000,59.287,-1.280,-1,650.000,-1,375.000,125.000,550.000,425.000,250.000,250.000,350.000,25.000,150.000,-1,-1,-1,-1,175.000,2,0,2,1,1,0,1,0,1,0,0,0,2,2,2,2,1
182,2951.699,-9511.018,249.387,-99.661,-0.167039,0.985345,0.034555,-0.985655,-0.167743,0.018584,0.024108,-0.030955,0.999230,1,0.00000,0.00000,60.000,-1.040,-1,400.000,-1,375.000,900.000,325.000,325.000,300.000,300.000,625.000,-1,-1,-1,725.000,675.000,-1,-1,2,0,2,0,1,0,0,0,0,1,2,2,2,0,0,2,2
183,2950.873,-9515.747,249.507,-99.901,-0.171160,0.984635,0.034602,-0.984943,-0.171870,0.018683,0.024343,-0.030883,0.999227,0,0.08000,-0.12000,4.800,-0.240,-1,400.000,-1,375.000,875.000,325.000,325.000,300.000,300.000,625.000,-1,-1,-1,725.000,675.000,-1,-1,2,0,2,0,1,0,0,0,0,1,2,2,2,0,0,2,2
184,2949.143,-9525.190,249.748,-100.381,-0.179392,0.983165,0.034699,-0.983465,-0.180113,0.018881,0.024812,-0.030738,0.999219,0,0.16000,-0.24000,9.600,-0.480,-1,400.000,-1,375.000,875.000,325.000,325.000,300.000,300.000,625.000,-1,-1,-1,725.000,675.000,-1,-1,2,0,2,0,1,0,0,0,0,1,2,2,2,0,0,2,2
185,2946.371,-9539.320,250.116,-101.101,-0.191717,0.980831,0.034857,-0.981118,-0.192455,0.019175,0.025516,-0.030523,0.999208,0,0.24000,-0.36000,14.400,-0.720,-1,400.000,-1,375.000,875.000,325.000,325.000,300.000,300.000,600.000,-1,-1,-1,700.000,675.000,-1,1000.000,2,0,2,0,1,0,0,0,0,1,2,2,2,0,0,2,1
186,2942.358,-9558.097,250.618,-102.061,-0.208103,0.977477,0.035088,-0.977749,-0.208863,0.019567,0.026454,-0.030235,0.999193,0,0.32000,-0.48000,19.200,-0.960,-1,400.000,-1,375.000,850.000,325.000,325.000,300.000,300.000,600.000,-1,-1,-1,700.000,675.000,-1,975.000,2,0,2,0,1,0,0,0,0,1,2,2,2,0,0,2,1
187,2936.853,-9581.457,251.263,-103.261,-0.228501,0.972899,0.035410,-0.973152,-0.229290,0.020052,0.027628,-0.029877,0.999172,0,0.40000,-0.60000,24.000,-1.200,-1,400.000,-1,375.000,850.000,325.000,325.000,300.000,300.000,600.000,-1,-1,-1,700.000,675.000,-1,925.000,2,0,2,0,1,0,0,0,0,1,2,2,2,0,0,2,1
188,2929.544,-9609.314,252.060,-104.701,-0.252846,0.966842,0.035845,-0.967071,-0.253670,0.020630,0.029039,-0.029449,0.999144,0,0.48000,-0.72000,28.800,-1.440,-1,375.000,-1,375.000,825.000,325.000,325.000,300.000,300.000,575.000,-1,-1,-1,700.000,675.000,-1,900.000,2,0,2,0,1,0,0,0,0,1,2,2,2,0,0,2,1
189,2920.067,-9641.550,253.022,-106.381,-0.281043,0.959004,0.036423,-0.959204,-0.281910,0.021295,0.030690,-0.028953,0.999110,0,0.56000,-0.84000,33.600,-1.680,-1,375.000,-1,375.000,800.000,325.000,300.000,300.000,300.000,575.000,-1,-1,-1,700.000,675.000,-1,850.000,2,0,2,0,1,0,0,0,0,1,2,2,2,0,0,2,1
190,2908.133,-9678.049,254.160,-108.107,-0.309739,0.950094,0.037178,-0.950266,-0.310658,0.022056,0.032505,-0.028498,0.999065,0,0.64000,-0.86260,38.400,-1.725,-1,375.000,-1,375.000,775.000,325.000,300.000,300.000,300.000,575.000,-1,-1,-1,700.000,675.000,-1,800.000,2,0,2,0,1,0,0,0,0,1,2,2,2,0,0,2,1
191,2893.473,-9718.686,255.482,-109.837,-0.338228,0.940291,0.038142,-0.940432,-0.339209,0.022913,0.034483,-0.028120,0.999010,0,0.72000,-0.86516,43.200,-1.730,-1,375.000,-1,375.000,750.000,300.000,300.000,300.000,300.000,575.000,-1,-1,-1,700.000,675.000,-1,775.000,2,0,2,0,1,0,0,0,0,1,2,2,2,0,1,2,1
192,2877.158,-9759.946,256.967,-111.574,-0.366530,0.929596,0.038824,-0.929700,-0.367558,0.023652,0.036257,-0.027426,0.998966,0,0.73947,-0.86840,44.368,-1.737,-1,375.000,-1,375.000,725.000,300.000,300.000,300.000,300.000,575.000,1000.000,975.000,-1,675.000,650.000,-1,725.000,2,0,2,0,1,0,0,0,0,1,0,0,2,0,1,2,1
193,2859.684,-9800.484,258.652,-113.318,-0.394614,0.918012,0.039168,-0.918038,-0.395697,0.025104,0.038545,-0.026051,0.998917,0,0.73573,-0.87209,44.144,-1.744,-1,375.000,-1,375.000,700.000,300.000,300.000,300.000,300.000,575.000,800.000,825.000,-1,675.000,625.000,-1,675.000,2,0,2,0,1,0,0,0,0,1,0,0,2,0,1,2,1
194,2841.055,-9840.305,260.425,-115.070,-0.422461,0.905520,0.039506,-0.905454,-0.423599,0.026789,0.040993,-0.024454,0.998860,0,0.73272,-0.87611,43.963,-1.752,-1,375.000,-1,375.000,675.000,300.000,300.000,300.000,300.000,600.000,700.000,725.000,-1,675.000,600.000,-1,650.000,2,0,2,0,1,0,0,0,0,1,0,0,2,1,1,2,1
195,2821.272,-9879.415,262.376,-116.831,-0.450051,0.892121,0.039663,-0.891924,-0.451247,0.029133,0.043888,-0.022265,0.998788,0,0.73046,-0.88042,43.828,-1.761,-1,375.000,1000.000,375.000,650.000,300.000,300.000,300.000,300.000,600.000,600.000,625.000,-1,675.000,575.000,925.000,600.000,2,0,1,0,1,0,0,0,0,1,0,0,2,1,1,1,1
196,2800.335,-9917.814,264.419,-118.601,-0.477357,0.877796,0.040065,-0.877471,-0.478608,0.031285,0.046637,-0.020222,0.998707,0,0.72893,-0.88502,43.736,-1.770,-1,375.000,950.000,375.000,625.000,300.000,300.000,300.000,300.000,625.000,550.000,575.000,-1,650.000,550.000,850.000,575.000,2,0,1,0,1,0,0,0,0,1,0,0,2,1,1,1,1
197,2775.627,-9959.591,266.924,-120.601,-0.507654,0.860586,0.040978,-0.860156,-0.508968,0.032904,0.049173,-0.018543,0.998618,0,0.80893,-1.00000,48.536,-2.000,-1,375.000,900.000,375.000,600.000,300.000,300.000,300.000,300.000,650.000,525.000,550.000,-1,625.000,525.000,775.000,550.000,2,0,1,1,1,0,0,0,0,1,0,0,2,1,1,1,1
198,2747.034,-10004.297,269.723,-122.601,-0.537324,0.842324,0.042107,-0.841781,-0.538708,0.034616,0.051841,-0.016845,0.998513,0,0.88447,-1.00000,53.068,-2.000,900.000,375.000,825.000,350.000,575.000,300.000,300.000,300.000,300.000,700.000,525.000,550.000,-1,600.000,500.000,725.000,500.000,1,0,1,1,1,0,0,0,0,1,0,0,2,1,1,1,1
199,2716.664,-10048.320,272.654,-124.601,-0.566322,0.823031,0.043582,-0.822371,-0.567791,0.036314,0.054633,-0.015275,0.998390,0,0.89137,-1.00000,53.482,-2.000,750.000,375.000,775.000,325.000,525.000,300.000,300.000,300.000,300.000,750.000,500.000,525.000,-1,575.000,450.000,650.000,475.000,1,0,1,1,1,0,0,0,0,1,0,0,2,1,1,1,1
200,2684.523,-10091.596,275.776,-126.601,-0.594593,0.802729,0.045671,-0.801953,-0.596179,0.037971,0.057709,-0.014049,0.998235,0,0.89843,-1.00000,53.906,-2.000,650.000,375.000,700.000,325.000,500.000,300.000,300.000,300.000,300.000,800.000,500.000,525.000,-1,550.000,425.000,600.000,425.000,1,0,1,1,1,0,1,0,0,1,0,0,2,1,1,1,1
201,2650.621,-10134.062,279.389,-128.601,-0.622002,0.781431,0.049805,-0.780561,-0.623829,0.039523,0.061954,-0.014292,0.997977,0,0.90564,-1.00000,54.338,-2.000,575.000,375.000,650.000,300.000,475.000,300.000,275.000,300.000,300.000,875.000,450.000,500.000,-1,525.000,400.000,550.000,400.000,1,0,1,1,1,0,1,0,0,1,0,0,2,1,1,1,1
202,2614.970,-10175.655,283.476,-130.601,-0.648496,0.759164,0.055879,-0.758237,-0.650704,0.040758,0.067303,-0.015938,0.997605,0,0.91300,-1.00000,54.780,-2.000,500.000,375.000,600.000,275.000,450.000,300.000,275.000,300.000,325.000,950.000,400.000,450.000,-1,500.000,375.000,500.000,375.000,1,0,1,1,1,1,1,0,0,1,0,0,2,1,1,1,1
203,2577.585,-10216.309,288.033,-132.601,-0.674015,0.735954,0.063846,-0.735029,-0.676766,0.041475,0.073732,-0.018974,0.997098,0,0.92049,-1.00000,55.230,-2.000,450.000,375.000,550.000,275.000,450.000,275.000,250.000,300.000,325.000,-1,350.000,400.000,-1,450.000,350.000,450.000,350.000,1,1,1,1,1,1,1,0,0,2,0,0,2,1,1,1,1
204,2538.482,-10255.960,293.263,-134.601,-0.698592,0.711834,0.072532,-0.710974,-0.701987,0.041596,0.080526,-0.022510,0.996498,0,0.92812,-1.00000,55.687,-2.000,400.000,325.000,500.000,250.000,425.000,250.000,225.000,300.000,350.000,-1,300.000,375.000,-1,425.000,325.000,425.000,350.000,1,1,1,1,1,1,1,0,0,2,0,0,2,1,1,1,1
205,2499.902,-10292.749,298.864,-136.361,-0.719321,0.689868,0.081602,-0.689156,-0.723444,0.041131,0.087410,-0.026650,0.995816,0,0.88846,-0.88000,53.307,-1.760,350.000,300.000,450.000,250.000,425.000,250.000,225.000,300.000,375.000,-1,300.000,350.000,-1,375.000,325.000,375.000,325.000,1,1,1,1,1,1,1,0,0,2,0,0,2,1,1,1,1
206,2460.032,-10328.798,304.971,-137.881,-0.736287,0.670319,0.092488,-0.669915,-0.741360,0.039981,0.095366,-0.032522,0.994911,0,0.89582,-0.76000,53.749,-1.520,325.000,275.000,400.000,225.000,425.000,225.000,200.000,275.000,400.000,-1,250.000,325.000,-1,325.000,300.000,325.000,300.000,1,1,1,1,1,1,1,0,0,2,0,0,2,1,1,1,1
207,2419.035,-10364.236,311.601,-139.161,-0.749633,0.653404,0.105423,-0.653541,-0.755933,0.038078,0.104573,-0.040354,0.993698,0,0.90314,-0.64000,54.188,-1.280,275.000,225.000,375.000,200.000,400.000,200.000,175.000,275.000,425.000,950.000,200.000,300.000,-1,300.000,275.000,275.000,275.000,1,1,1,1,1,1,1,0,0,0,0,0,2,1,1,1,1
208,9511.042,4919.481,-42.603,-106.383,-0.284299,0.957841,0.041402,-0.957603,-0.281600,-0.060804,-0.046582,-0.056933,0.997291,1,0.00000,0.00000,54.624,-1.040,775.000,375.000,675.000,375.000,775.000,325.000,300.000,300.000,300.000,-1,300.000,325.000,-1,625.000,525.000,875.000,625.000,0,0,1,0,1,0,0,0,0,2,0,0,2,0,1,0,1
209,9511.483,4921.005,-42.508,-106.143,-0.280289,0.959028,0.041285,-0.958766,-0.277590,-0.060922,-0.046966,-0.056658,0.997288,0,-0.02643,0.12000,-1.586,0.240,775.000,375.000,700.000,375.000,775.000,325.000,300.000,300.000,300.000,-1,300.000,325.000,-1,625.000,525.000,875.000,625.000,0,0,1,0,1,0,0,0,0,2,0,0,2,0,1,0,1
210,9511.921,4922.568,-42.397,-105.663,-0.272249,0.961348,0.041117,-0.961049,-0.269554,-0.061045,-0.047603,-0.056135,0.997288,0,-0.02705,0.24000,-1.623,0.480,775.000,375.000,700.000,375.000,775.000,325.000,300.000,300.000,300.000,-1,300.000,350.000,-1,625.000,525.000,850.000,625.000,0,0,1,0,1,0,0,0,0,2,0,0,2,0,1,0,1
211,9512.351,4924.183,-42.270,-104.943,-0.260152,0.964701,0.040902,-0.964349,-0.257463,-0.061179,-0.048489,-0.055359,0.997288,0,-0.02786,0.36000,-1.672,0.720,775.000,375.000,700.000,375.000,750.000,325.000,300.000,300.000,300.000,-1,300.000,350.000,-1,625.000,525.000,850.000,625.000,0,0,1,0,1,0,0,0,0,2,0,0,2,0,1,0,1
212,9512.774,4925.864,-42.138,-104.146,-0.246718,0.968233,0.040677,-0.967825,-0.244038,-0.061326,-0.049451,-0.054498,0.997289,0,-0.02888,0.39830,-1.733,0.797,775.000,375.000,725.000,375.000,750.000,325.000,300.000,300.000,300.000,-1,325.000,350.000,-1,625.000,525.000,850.000,625.000,0,0,1,0,1,0,0,0,0,2,0,0,2,0,1,0,1
213,9513.190,4927.615,-42.004,-103.357,-0.233349,0.971551,0.040460,-0.971086,-0.230677,-0.061487,-0.050405,-0.053638,0.997287,0,-0.03000,0.39497,-1.800,0.790,775.000,375.000,725.000,375.000,725.000,325.000,300.000,300.000,300.000,-1,325.000,350.000,-1,625.000,525.000,850.000,600.000,0,0,1,0,1,0,0,0,0,2,0,0,2,0,1,0,1
214,9513.597,4929.442,-41.867,-102.573,-0.220046,0.974659,0.040251,-0.974137,-0.217382,-0.061662,-0.051349,-0.052778,0.997285,0,-0.03118,0.39170,-1.871,0.783,775.000,375.000,750.000,375.000,725.000,325.000,300.000,300.000,300.000,-1,325.000,350.000,-1,625.000,525.000,850.000,600.000,0,0,1,0,1,0,0,0,0,2,0,0,2,0,1,0,1
215,9513.993,4931.345,-41.728,-101.796,-0.206811,0.977561,0.040051,-0.976983,-0.204154,-0.061850,-0.052286,-0.051920,0.997282,0,-0.03240,0.38849,-1.944,0.777,775.000,375.000,750.000,375.000,700.000,325.000,300.000,325.000,300.000,-1,325.000,350.000,-1,600.000,525.000,825.000,600.000,0,0,1,0,1,0,0,0,0,2,0,0,2,0,1,0,1
216,9514.379,4933.328,-41.587,-101.025,-0.193644,0.980262,0.039860,-0.979628,-0.190996,-0.062052,-0.053214,-0.051064,0.997277,0,-0.03367,0.38533,-2.020,0.771,775.000,375.000,775.000,375.000,700.000,325.000,300.000,325.000,300.000,-1,325.000,375.000,-1,600.000,525.000,825.000,600.000,0,0,1,0,1,0,0,0,0,2,0,0,2,0,1,0,1
217,9514.753,4935.393,-41.443,-100.261,-0.180549,0.982765,0.039678,-0.982075,-0.177908,-0.062267,-0.054134,-0.050209,0.997271,0,-0.03498,0.38224,-2.099,0.764,775.000,375.000,775.000,375.000,675.000,325.000,300.000,325.000,300.000,-1,325.000,375.000,-1,600.000,525.000,825.000,600.000,0,0,1,0,1,0,0,0,0,2,0,0,2,0,1,0,1
218,9515.112,4937.543,-41.295,-99.503,-0.167524,0.985076,0.039506,-0.984330,-0.164891,-0.062495,-0.055048,-0.049357,0.997263,0,-0.03633,0.37920,-2.180,0.758,775.000,375.000,800.000,375.000,675.000,325.000,300.000,325.000,300.000,-1,350.000,375.000,-1,600.000,525.000,825.000,575.000,0,0,1,0,1,0,0,0,0,2,0,0,2,0,1,0,1
219,9515.456,4939.781,-41.145,-98.750,-0.154573,0.987198,0.039345,-0.986396,-0.151947,-0.062736,-0.055955,-0.048507,0.997254,0,-0.03773,0.37622,-2.264,0.752,775.000,375.000,825.000,375.000,675.000,325.000,300.000,325.000,300.000,-1,350.000,375.000,-1,600.000,525.000,825.000,575.000,0,0,1,0,1,0,0,0,0,2,0,0,2,0,1,0,1
220,9515.092,4937.271,-41.277,-98.238,-0.145725,0.988543,0.039335,-0.987726,-0.143116,-0.062566,-0.056219,-0.047969,0.997265,0,0.04227,0.25622,2.536,0.512,775.000,375.000,850.000,375.000,650.000,325.000,300.000,325.000,300.000,-1,350.000,375.000,-1,600.000,500.000,825.000,575.000,0,0,1,0,1,0,0,0,0,2,0,0,2,0,1,0,1
221,9514.076,4930.006,-41.692,-97.965,-0.141000,0.989223,0.039462,-0.988433,-0.138415,-0.061979,-0.055848,-0.047745,0.997297,0,0.12227,0.13622,7.336,0.272,775.000,375.000,850.000,375.000,650.000,325.000,300.000,325.000,300.000,-1,350.000,375.000,-1,600.000,500.000,825.000,575.000,0,0,1,0,1,0,0,0,0,2,0,0,2,0,1,0,1
222,9512.431,4917.982,-42.386,-97.788,-0.137904,0.989649,0.039704,-0.988918,-0.135356,-0.060987,-0.054981,-0.047674,0.997349,0,0.20227,0.08859,12.136,0.177,775.000,375.000,850.000,375.000,625.000,325.000,300.000,325.000,300.000,-1,350.000,375.000,-1,600.000,500.000,825.000,550.000,0,0,1,0,1,0,0,0,0,2,0,0,2,0,1,0,1
223,9510.186,4901.195,-43.359,-97.616,-0.134889,0.990051,0.040044,-0.989404,-0.132390,-0.059600,-0.053705,-0.047659,0.997419,0,0.28227,0.08584,16.936,0.172,775.000,375.000,825.000,375.000,600.000,325.000,300.000,325.000,300.000,-1,325.000,375.000,-1,600.000,475.000,825.000,550.000,0,0,1,0,1,0,0,0,0,2,0,0,2,0,1,0,1
224,9507.367,4879.643,-44.611,-97.452,-0.131982,0.990425,0.040479,-0.989886,-0.129547,-0.057821,-0.052023,-0.047701,0.997506,0,0.36227,0.08224,21.736,0.164,775.000,375.000,825.000,375.000,575.000,325.000,325.000,325.000,300.000,-1,325.000,375.000,-1,600.000,475.000,825.000,525.000,0,0,1,1,1,1,0,0,0,2,0,0,2,0,1,0,1
225,9503.997,4853.322,-46.143,-97.296,-0.129216,0.990768,0.041008,-0.990358,-0.126858,-0.055656,-0.049940,-0.047804,0.997608,0,0.44227,0.07773,26.536,0.155,775.000,375.000,825.000,375.000,550.000,325.000,325.000,300.000,300.000,-1,300.000,350.000,-1,600.000,450.000,825.000,500.000,0,0,1,1,1,1,1,0,0,2,0,0,2,0,1,0,1
226,9500.095,4822.230,-47.954,-97.152,-0.126623,0.991077,0.041631,-0.990815,-0.124359,-0.053111,-0.047460,-0.047973,0.997720,0,0.52227,0.07223,31.336,0.144,750.000,375.000,800.000,350.000,500.000,325.000,300.000,300.000,300.000,-1,300.000,325.000,-1,600.000,425.000,800.000,450.000,0,0,1,1,1,1,1,0,0,2,0,0,2,0,1,0,1
227,9495.678,4786.365,-50.046,-97.021,-0.124243,0.991348,0.042347,-0.991249,-0.122086,-0.050194,-0.044589,-0.048213,0.997841,0,0.60227,0.06565,36.136,0.131,750.000,375.000,775.000,325.000,475.000,300.000,300.000,300.000,300.000,-1,275.000,325.000,-1,600.000,400.000,800.000,425.000,0,0,1,1,1,1,1,0,0,2,0,0,2,0,1,0,1
228,9490.756,4745.726,-52.418,-96.905,-0.122115,0.991577,0.043161,-0.991655,-0.120083,-0.046913,-0.041335,-0.048529,0.997966,0,0.68227,0.05784,40.936,0.116,750.000,350.000,750.000,300.000,425.000,300.000,275.000,300.000,300.000,-1,275.000,300.000,-1,600.000,375.000,800.000,400.000,0,0,1,1,1,1,1,0,0,2,0,0,2,0,1,0,1
229,9485.335,4700.312,-55.070,-96.808,-0.120287,0.991760,0.044076,-0.992023,-0.118396,-0.043280,-0.037705,-0.048930,0.998090,0,0.76227,0.04866,45.736,0.097,725.000,350.000,725.000,275.000,375.000,300.000,275.000,300.000,300.000,-1,250.000,275.000,-1,600.000,350.000,800.000,350.000,0,0,1,1,1,1,1,0,0,2,0,0,2,0,1,0,1
230,9479.411,4650.125,-58.002,-96.732,-0.118813,0.991892,0.045100,-0.992344,-0.117080,-0.039307,-0.033708,-0.049425,0.998209,0,0.84227,0.03792,50.536,0.076,700.000,350.000,675.000,250.000,325.000,300.000,250.000,275.000,300.000,-1,250.000,275.000,-1,600.000,325.000,775.000,300.000,0,0,1,1,1,1,1,0,0,2,0,0,2,0,1,1,1
231,9472.970,4595.165,-60.311,-96.681,-0.117694,0.992141,0.042484,-0.992583,-0.116219,-0.035664,-0.030446,-0.046367,0.998460,0,0.92227,0.02535,55.336,0.051,725.000,350.000,625.000,225.000,250.000,275.000,225.000,300.000,300.000,-1,250.000,275.000,-1,600.000,300.000,725.000,250.000,0,0,1,1,1,1,1,0,0,2,0,0,2,0,1,1,1
232,9466.014,4535.570,-59.136,-96.660,-0.116973,0.991954,0.048431,-0.992932,-0.115823,-0.025909,-0.020091,-0.051120,0.998490,0,1.00000,0.01066,60.000,0.021,725.000,375.000,625.000,225.000,200.000,275.000,225.000,300.000,300.000,-1,275.000,275.000,-1,625.000,275.000,700.000,200.000,1,0,1,1,1,1,1,0,0,2,0,0,2,1,1,1,1
233,9459.056,4475.976,-53.338,-96.673,-0.116008,0.990564,0.072977,-0.993245,-0.115889,-0.005871,0.002642,-0.073165,0.997316,0,1.00000,-0.00651,60.000,-0.013,700.000,400.000,625.000,225.000,200.000,300.000,225.000,275.000,375.000,850.000,225.000,250.000,-1,625.000,275.000,675.000,175.000,1,0,1,1,1,1,1,0,0,0,0,0,2,1,1,1,1
234,9452.050,4416.385,-47.310,-96.723,-0.114536,0.988517,0.098564,-0.993079,-0.116529,0.014685,0.026002,-0.096200,0.995022,0,1.00000,-0.02515,60.000,-0.050,650.000,450.000,625.000,225.000,175.000,325.000,225.000,275.000,450.000,675.000,200.000,250.000,-1,600.000,275.000,625.000,175.000,1,0,1,1,1,1,1,0,0,0,0,0,2,1,1,1,1
235,9444.955,4356.804,-41.038,-96.814,-0.112486,0.985723,0.125290,-0.992397,-0.117784,0.035695,0.049943,-0.120322,0.991478,0,1.00000,-0.04541,60.000,-0.091,600.000,475.000,625.000,225.000,175.000,350.000,225.000,250.000,525.000,525.000,125.000,225.000,-1,575.000,275.000,600.000,150.000,1,1,1,1,1,1,1,0,0,0,0,0,2,1,1,1,1
236,9437.725,4297.237,-34.503,-96.949,-0.109769,0.982069,0.153266,-0.991168,-0.119695,0.057085,0.074407,-0.145646,0.986535,0,1.00000,-0.06749,60.000,-0.135,575.000,475.000,650.000,225.000,150.000,350.000,250.000,250.000,650.000,375.000,75.000,200.000,-1,550.000,275.000,575.000,150.000,1,1,1,1,1,1,1,0,0,0,0,0,2,1,1,1,1
237,9430.312,4237.690,-27.681,-97.132,-0.106288,0.977421,0.182621,-0.989363,-0.122303,0.078762,0.099318,-0.172307,0.980024,0,1.00000,-0.09163,60.000,-0.183,525.000,450.000,650.000,225.000,125.000,375.000,250.000,225.000,775.000,275.000,50.000,175.000,-1,550.000,300.000,550.000,150.000,1,1,1,1,1,1,1,0,0,0,0,0,2,1,1,1,1
238,-3607.630,-4919.498,295.784,171.174,-0.987746,-0.153305,0.029233,0.151909,-0.987363,-0.045150,0.035785,-0.040156,0.998552,1,0.00000,0.00000,60.000,-0.236,-1,400.000,-1,375.000,-1,325.000,325.000,300.000,275.000,-1,750.000,1000.000,-1,800.000,700.000,-1,-1,2,0,2,0,2,0,0,0,0,2,0,0,2,0,0,2,2
239,-3612.376,-4918.781,295.950,171.414,-0.988380,-0.149166,0.029226,0.147767,-0.987984,-0.045295,0.035631,-0.040450,0.998546,0,0.08000,0.12000,4.800,0.240,-1,400.000,-1,375.000,-1,325.000,325.000,300.000,275.000,-1,775.000,-1,-1,800.000,725.000,-1,-1,2,0,2,0,2,0,0,0,0,2,0,2,2,0,0,2,2
240,-3621.880,-4917.428,296.280,171.892,-0.989589,-0.140925,0.029208,0.139520,-0.989170,-0.045582,0.035316,-0.041032,0.998534,0,0.16000,0.23871,9.600,0.477,-1,400.000,-1,375.000,-1,325.000,325.000,300.000,275.000,-1,800.000,-1,-1,800.000,725.000,-1,-1,2,0,2,0,2,0,0,0,0,2,0,2,2,0,0,2,2
241,-3636.152,-4915.516,296.774,172.370,-0.990732,-0.132657,0.029178,0.131240,-0.990281,-0.046039,0.035002,-0.041783,0.998513,0,0.24000,0.23922,14.400,0.478,-1,400.000,-1,375.000,-1,325.000,325.000,300.000,275.000,-1,825.000,-1,-1,800.000,725.000,-1,-1,2,0,2,0,2,0,0,0,0,2,0,2,2,0,0,2,2
242,-3655.203,-4913.127,297.433,172.851,-0.991811,-0.124345,0.029131,0.122912,-0.991320,-0.046665,0.034681,-0.042702,0.998486,0,0.32000,0.24019,19.200,0.480,-1,400.000,-1,375.000,-1,325.000,325.000,300.000,275.000,-1,850.000,-1,-1,800.000,725.000,-1,-1,2,0,2,0,2,0,0,0,0,2,0,2,2,0,0,2,2
243,-3679.041,-4910.341,298.255,173.334,-0.992827,-0.115974,0.029064,0.114522,-0.992286,-0.047458,0.034344,-0.043789,0.998450,0,0.40000,0.24161,24.000,0.483,-1,400.000,-1,375.000,-1,325.000,325.000,300.000,275.000,-1,875.000,-1,-1,800.000,725.000,-1,-1,2,0,2,0,2,0,0,0,0,2,0,2,2,0,0,2,2
244,-3707.673,-4907.242,299.238,173.821,-0.993780,-0.107531,0.028973,0.106054,-0.993181,-0.048418,0.033982,-0.045044,0.998407,0,0.48000,0.24349,28.800,0.487,-1,400.000,-1,375.000,-1,325.000,325.000,300.000,275.000,-1,925.000,-1,-1,800.000,725.000,-1,-1,2,0,2,0,2,0,0,0,0,2,0,2,2,0,0,2,2
245,-3741.108,-4903.913,300.381,174.312,-0.994669,-0.098997,0.028854,0.097494,-0.994002,-0.049544,0.033586,-0.046467,0.998355,0,0.56000,0.24584,33.600,0.492,-1,400.000,-1,375.000,-1,325.000,325.000,300.000,275.000,-1,975.000,-1,-1,800.000,725.000,-1,-1,2,0,2,0,2,0,0,0,0,2,0,2,2,0,0,2,2
246,-3779.350,-4900.440,301.683,174.810,-0.995496,-0.090358,0.028702,0.088825,-0.994749,-0.050836,0.033145,-0.048057,0.998295,0,0.64000,0.24868,38.400,0.497,-1,400.000,-1,400.000,-1,325.000,325.000,300.000,275.000,-1,-1,-1,-1,800.000,750.000,-1,-1,2,0,2,0,2,0,0,0,0,2,2,2,2,0,0,2,2
247,-3822.406,-4896.912,303.141,175.314,-0.996257,-0.081597,0.028514,0.080032,-0.995420,-0.052291,0.032651,-0.049814,0.998225,0,0.72000,0.25202,43.200,0.504,-1,400.000,-1,400.000,-1,325.000,325.000,300.000,300.000,-1,-1,-1,-1,800.000,750.000,-1,-1,2,0,2,0,2,0,0,0,0,2,2,2,2,0,0,2,2
248,-3870.279,-4893.419,304.754,175.826,-0.996953,-0.072695,0.028287,0.071097,-0.996012,-0.053909,0.032094,-0.051734,0.998145,0,0.80000,0.25589,48.000,0.512,-1,400.000,-1,400.000,-1,325.000,325.000,300.000,300.000,-1,-1,-1,-1,775.000,750.000,-1,-1,2,0,2,0,2,0,0,0,0,2,2,2,2,0,0,2,2
249,-3920.942,-4890.185,306.457,176.346,-0.997580,-0.063636,0.028009,0.062008,-0.996526,-0.055590,0.031449,-0.053718,0.998061,0,0.84611,0.26030,50.767,0.521,-1,400.000,-1,400.000,-1,325.000,325.000,300.000,300.000,-1,-1,-1,-1,775.000,750.000,-1,-1,2,0,2,0,2,0,0,0,0,2,2,2,2,0,0,2,2
250,-3971.702,-4887.415,308.054,176.876,-0.998132,-0.054409,0.027792,0.052771,-0.997000,-0.056624,0.030789,-0.055051,0.998009,0,0.84725,0.26506,50.835,0.530,-1,400.000,-1,400.000,-1,325.000,325.000,300.000,300.000,-1,-1,-1,-1,775.000,750.000,-1,-1,2,0,2,0,2,0,0,0,0,2,2,2,2,0,0,2,2
251,-4022.542,-4885.122,309.481,177.416,-0.998609,-0.045012,0.027463,0.043390,-0.997427,-0.057062,0.029960,-0.055791,0.997993,0,0.84821,0.26990,50.893,0.540,-1,400.000,-1,400.000,-1,325.000,325.000,300.000,300.000,-1,-1,-1,-1,775.000,775.000,-1,-1,2,0,2,0,2,0,0,0,0,2,2,2,2,0,0,2,2
252,-4073.448,-4883.314,310.887,177.966,-0.999004,-0.035441,0.027122,0.033837,-0.997774,-0.057469,0.029099,-0.056494,0.997979,0,0.84897,0.27481,50.938,0.550,-1,400.000,-1,400.000,-1,325.000,325.000,300.000,275.000,-1,-1,-1,-1,775.000,775.000,-1,-1,2,0,2,0,2,0,0,0,0,2,2,2,2,0,0,2,2
253,-4124.403,-4882.003,312.270,178.525,-0.999311,-0.025694,0.026773,0.024111,-0.998034,-0.057844,0.028206,-0.057159,0.997967,0,0.84953,0.27978,50.972,0.560,-1,400.000,-1,400.000,-1,325.000,325.000,300.000,275.000,-1,-1,-1,-1,750.000,775.000,-1,-1,2,0,2,0,2,0,0,0,0,2,2,2,2,0,0,2,2
254,-4175.389,-4881.198,313.629,179.095,-0.999527,-0.015769,0.026416,0.014211,-0.998205,-0.058186,0.027286,-0.057783,0.997956,0,0.84988,0.28482,50.993,0.570,1000.000,400.000,-1,400.000,-1,325.000,325.000,300.000,275.000,-1,-1,-1,-1,750.000,775.000,-1,-1,1,0,2,0,2,0,0,0,0,2,2,2,2,0,0,2,2
255,-4226.388,-4880.909,314.963,179.675,-0.999644,-0.005667,0.026053,0.004135,-0.998279,-0.058493,0.026340,-0.058365,0.997948,0,0.85001,0.28992,51.001,0.580,975.000,400.000,-1,400.000,-1,325.000,325.000,300.000,275.000,-1,-1,-1,-1,750.000,775.000,-1,-1,1,0,2,0,2,0,0,0,0,2,2,2,2,0,0,2,2
256,-4277.383,-4881.145,316.270,180.265,-0.999659,0.004615,0.025687,-0.006118,-0.998253,-0.058764,0.025371,-0.058901,0.997941,0,0.84993,0.29506,50.996,0.590,950.000,400.000,-1,400.000,-1,325.000,325.000,300.000,275.000,-1,-1,-1,-1,750.000,775.000,-1,-1,1,0,2,0,2,0,0,0,0,2,2,2,2,0,0,2,2
257,-4328.354,-4881.916,317.549,180.865,-0.999566,0.015077,0.025319,-0.016549,-0.998121,-0.058997,0.024382,-0.059390,0.997937,0,0.84962,0.30025,50.977,0.601,925.000,400.000,-1,400.000,-1,325.000,325.000,300.000,275.000,-1,-1,-1,-1,725.000,800.000,-1,-1,1,0,2,0,2,0,0,0,0,2,2,2,2,0,0,2,2
258,-4379.282,-4883.229,318.798,181.476,-0.999358,0.025718,0.024952,-0.027157,-0.997877,-0.059189,0.023376,-0.059829,0.997935,0,0.84909,0.30547,50.945,0.611,900.000,400.000,-1,400.000,-1,325.000,325.000,300.000,275.000,-1,-1,-1,-1,725.000,800.000,-1,-1,1,0,2,0,2,0,0,0,0,2,2,2,2,0,0,2,2
259,-4430.148,-4885.092,320.017,182.098,-0.999030,0.036538,0.024585,-0.037943,-0.997516,-0.059340,0.022356,-0.060216,0.997935,0,0.84834,0.31072,50.900,0.621,875.000,400.000,-1,400.000,-1,325.000,325.000,300.000,275.000,-1,-1,-1,-1,725.000,800.000,-1,-1,1,0,2,0,2,0,0,0,0,2,2,2,2,0,0,2,2
260,-4480.932,-4887.514,321.203,182.730,-0.998576,0.047537,0.024223,-0.048906,-0.997033,-0.059448,0.021325,-0.060548,0.997937,0,0.84736,0.31598,50.842,0.632,850.000,400.000,-1,400.000,-1,325.000,325.000,300.000,300.000,-1,-1,-1,-1,725.000,800.000,-1,-1,1,0,2,0,2,0,0,0,0,2,2,2,2,0,0,2,2
261,-4531.613,-4890.501,322.355,183.372,-0.997990,0.058713,0.023865,-0.060044,-0.996420,-0.059510,0.020286,-0.060823,0.997942,0,0.84616,0.32124,50.770,0.642,825.000,400.000,-1,400.000,-1,325.000,325.000,300.000,300.000,-1,-1,-1,-1,700.000,800.000,-1,-1,1,0,2,0,2,0,0,0,0,2,2,2,2,0,0,2,2
262,-4582.173,-4894.057,323.414,184.023,-0.997265,0.070033,0.023613,-0.071327,-0.995688,-0.059305,0.019358,-0.060827,0.997961,0,0.84474,0.32557,50.685,0.651,800.000,400.000,-1,400.000,-1,325.000,350.000,275.000,300.000,-1,-1,-1,-1,700.000,800.000,-1,-1,1,0,2,0,2,0,0,0,0,2,2,2,2,0,0,2,2
263,-4632.590,-4898.184,324.251,184.680,-0.996405,0.081442,0.023317,-0.082677,-0.994881,-0.058114,0.018465,-0.059833,0.998038,0,0.84311,0.32826,50.587,0.657,775.000,375.000,-1,400.000,-1,325.000,350.000,300.000,300.000,-1,-1,-1,-1,700.000,800.000,-1,-1,1,0,2,0,2,0,0,0,0,2,2,2,2,0,0,2,2
264,-4682.847,-4902.882,325.114,185.341,-0.995404,0.092930,0.023135,-0.094111,-0.993950,-0.056624,0.017733,-0.058541,0.998127,0,0.84127,0.33076,50.476,0.662,750.000,375.000,-1,400.000,-1,325.000,350.000,300.000,275.000,-1,-1,-1,-1,675.000,800.000,-1,-1,1,0,2,0,2,0,0,0,0,2,2,2,2,0,0,2,2
265,-4728.292,-4907.467,325.888,185.763,-0.994697,0.100248,0.022987,-0.101384,-0.993314,-0.055221,0.017298,-0.057259,0.998209,0,0.76127,0.21076,45.676,0.422,725.000,375.000,-1,400.000,-1,325.000,350.000,300.000,275.000,-1,-1,-1,-1,675.000,800.000,-1,-1,1,0,2,0,2,0,0,0,0,2,2,2,2,0,0,2,2
266,-4768.949,-4911.700,326.585,185.944,-0.994377,0.103402,0.022877,-0.104506,-0.993061,-0.053935,0.017142,-0.056023,0.998282,0,0.68127,0.09076,40.876,0.182,725.000,375.000,-1,425.000,-1,325.000,350.000,300.000,275.000,-1,-1,-1,-1,675.000,800.000,-1,-1,1,0,2,0,2,0,0,0,0,2,2,2,2,0,0,2,2
267,-4804.835,-4915.399,327.210,185.886,-0.994482,0.102395,0.022809,-0.103477,-0.993230,-0.052793,0.017249,-0.054862,0.998345,0,0.60127,-0.02924,36.076,-0.058,700.000,375.000,-1,425.000,-1,325.000,350.000,300.000,275.000,-1,-1,-1,-1,675.000,800.000,-1,-1,1,0,2,0,2,0,0,0,0,2,2,2,2,0,0,2,2
268,-4835.963,-4918.443,327.768,185.588,-0.995002,0.097225,0.022783,-0.098295,-0.993807,-0.051817,0.017604,-0.053798,0.998397,0,0.52127,-0.14924,31.276,-0.298,700.000,375.000,-1,425.000,-1,325.000,350.000,300.000,275.000,-1,-1,-1,-1,675.000,800.000,-1,-1,1,0,2,0,2,0,0,0,0,2,2,2,2,0,0,2,2
269,-4862.331,-4920.833,328.254,185.180,-0.995667,0.090157,0.022785,-0.091221,-0.994523,-0.051012,0.018061,-0.052869,0.998438,0,0.44127,-0.20379,26.476,-0.408,725.000,375.000,-1,425.000,-1,325.000,350.000,300.000,275.000,-1,-1,-1,-1,675.000,800.000,-1,-1,1,0,2,0,2,0,0,0,0,2,2,2,2,0,0,2,2
270,-4883.932,-4922.636,328.661,184.774,-0.996280,0.083105,0.022799,-0.084166,-0.995178,-0.050370,0.018503,-0.052101,0.998470,0,0.36127,-0.20318,21.676,-0.406,725.000,375.000,-1,425.000,-1,325.000,350.000,300.000,275.000,-1,-1,-1,-1,675.000,800.000,-1,-1,1,0,2,0,2,0,0,0,0,2,2,2,2,0,0,2,2
271,-4900.759,-4923.921,328.985,184.368,-0.996842,0.076062,0.022823,-0.077122,-0.995773,-0.049887,0.018932,-0.051490,0.998494,0,0.28127,-0.20276,16.876,-0.406,725.000,375.000,-1,425.000,-1,325.000,350.000,300.000,275.000,-1,-1,-1,-1,675.000,775.000,-1,-1,1,0,2,0,2,0,0,0,0,2,2,2,2,0,0,2,2
272,-4912.807,-4924.756,329.221,183.963,-0.997353,0.069023,0.022854,-0.070086,-0.996309,-0.049560,0.019349,-0.051031,0.998510,0,0.20127,-0.20250,12.076,-0.405,725.000,375.000,-1,425.000,-1,325.000,350.000,300.000,275.000,-1,-1,-1,-1,675.000,775.000,-1,-1,1,0,2,0,2,0,0,0,0,2,2,2,2,0,0,2,2
273,-4920.069,-4925.207,329.366,183.558,-0.997815,0.061985,0.022891,-0.063054,-0.996788,-0.049382,0.019756,-0.050717,0.998518,0,0.12127,-0.20235,7.276,-0.405,725.000,375.000,-1,400.000,-1,325.000,350.000,300.000,275.000,-1,-1,-1,-1,675.000,775.000,-1,-1,1,0,2,0,2,0,0,0,0,2,2,2,2,0,0,2,2
274,-4922.542,-4925.343,329.415,183.154,-0.998226,0.054946,0.022932,-0.056024,-0.997209,-0.049345,0.020156,-0.050542,0.998519,0,0.04127,-0.20227,2.476,-0.405,750.000,375.000,-1,400.000,-1,325.000,350.000,300.000,275.000,-1,-1,-1,-1,675.000,775.000,-1,-1,1,0,2,0,2,0,0,0,0,2,2,2,2,0,0,2,2
275,-4920.221,-4925.231,329.365,182.749,-0.998588,0.047905,0.022977,-0.048994,-0.997575,-0.049442,0.020553,-0.050498,0.998513,0,-0.03873,-0.20225,-2.324,-0.404,750.000,375.000,-1,400.000,-1,325.000,350.000,300.000,275.000,-1,-1,-1,-1,675.000,775.000,-1,-1,1,0,2,0,2,0,0,0,0,2,2,2,2,0,0,2,2
276,-4913.103,-4924.940,329.214,182.345,-0.998900,0.040860,0.023027,-0.041963,-0.997884,-0.049665,0.020949,-0.050576,0.998500,0,-0.11873,-0.20227,-7.124,-0.405,775.000,375.000,-1,400.000,-1,325.000,350.000,300.000,275.000,-1,-1,-1,-1,675.000,775.000,-1,-1,1,0,2,0,2,0,0,0,0,2,2,2,2,0,0,2,2
277,-4901.186,-4924.536,328.957,181.940,-0.999162,0.033811,0.023083,-0.034932,-0.998138,-0.050004,0.021349,-0.050769,0.998482,0,-0.19873,-0.20232,-11.924,-0.405,775.000,400.000,-1,400.000,-1,325.000,350.000,300.000,275.000,-1,-1,-1,-1,675.000,775.000,-1,-1,1,0,2,0,2,0,0,0,0,2,2,2,2,0,0,2,2
278,-4884.468,-4924.088,328.593,181.535,-0.999374,0.026758,0.023145,-0.027899,-0.998337,-0.050452,0.021756,-0.051066,0.998458,0,-0.27873,-0.20240,-16.724,-0.405,775.000,400.000,-1,400.000,-1,325.000,350.000,300.000,275.000,-1,-1,-1,-1,675.000,775.000,-1,-1,1,0,2,0,2,0,0,0,0,2,2,2,2,0,0,2,2
279,-4862.949,-4923.664,328.117,181.130,-0.999536,0.019699,0.023215,-0.020863,-0.998481,-0.051000,0.022175,-0.051461,0.998429,0,-0.35873,-0.20253,-21.524,-0.405,800.000,400.000,-1,400.000,-1,325.000,350.000,300.000,275.000,-1,-1,-1,-1,700.000,775.000,-1,-1,1,0,2,0,2,0,0,0,0,2,2,2,2,0,0,2,2
280,-4836.627,-4923.331,327.527,180.725,-0.999649,0.012633,0.023294,-0.013823,-0.998570,-0.051639,0.022609,-0.051943,0.998394,0,-0.43873,-0.20272,-26.324,-0.405,825.000,400.000,-1,400.000,-1,325.000,350.000,300.000,275.000,-1,-1,-1,-1,700.000,775.000,-1,-1,1,0,2,0,2,0,0,0,0,2,2,2,2,0,0,2,2
281,-4805.504,-4923.158,326.819,180.319,-0.999711,0.005557,0.023384,-0.006776,-0.998605,-0.052362,0.023060,-0.052505,0.998354,0,-0.51873,-0.20300,-31.124,-0.406,825.000,400.000,-1,400.000,-1,325.000,350.000,300.000,275.000,-1,-1,-1,-1,700.000,775.000,-1,-1,1,0,2,0,2,0,0,0,0,2,2,2,2,0,0,2,2
282,-4773.833,-4923.207,326.088,179.912,-0.999723,-0.001533,0.023476,0.000285,-0.998591,-0.053071,0.023525,-0.053049,0.998315,0,-0.52785,-0.20340,-31.671,-0.407,850.000,400.000,-1,400.000,-1,325.000,350.000,300.000,275.000,-1,-1,-1,-1,700.000,800.000,-1,-1,1,0,2,0,2,0,0,0,0,2,2,2,2,0,0,2,2
283,-4742.278,-4923.480,325.349,179.504,-0.999685,-0.008640,0.023570,0.007363,-0.998527,-0.053752,0.024000,-0.053562,0.998276,0,-0.52593,-0.20390,-31.556,-0.408,850.000,400.000,-1,400.000,-1,325.000,350.000,300.000,275.000,-1,-1,-1,-1,700.000,800.000,-1,-1,1,0,2,0,2,0,0,0,0,2,2,2,2,0,0,2,2
284,-4710.838,-4923.977,324.600,179.095,-0.999596,-0.015767,0.023666,0.014460,-0.998414,-0.054408,0.024486,-0.054044,0.998238,0,-0.52407,-0.20448,-31.444,-0.409,875.000,400.000,-1,400.000,-1,325.000,350.000,300.000,275.000,-1,-1,-1,-1,700.000,800.000,-1,-1,1,0,2,0,2,0,0,0,0,2,2,2,2,0,0,2,2
285,-4679.511,-4924.697,323.843,178.685,-0.999455,-0.022915,0.023762,0.021579,-0.998251,-0.055039,0.024982,-0.054496,0.998201,0,-0.52227,-0.20514,-31.336,-0.410,875.000,400.000,-1,400.000,-1,325.000,350.000,300.000,275.000,-1,-1,-1,-1,725.000,800.000,-1,-1,1,0,2,0,2,0,0,0,0,2,2,2,2,0,0,2,2
286,-4648.294,-4925.638,323.075,178.273,-0.999262,-0.030088,0.023859,0.028723,-0.998037,-0.055646,0.025487,-0.054920,0.998165,0,-0.52052,-0.20589,-31.231,-0.412,900.000,400.000,-1,400.000,-1,325.000,325.000,300.000,275.000,-1,-1,-1,-1,725.000,800.000,-1,-1,1,0,2,0,2,0,0,0,0,2,2,2,2,0,0,2,2
287,-4617.186,-4926.801,322.298,177.860,-0.999017,-0.037288,0.023956,0.035893,-0.997772,-0.056231,0.026000,-0.055316,0.998130,0,-0.51883,-0.20671,-31.130,-0.413,925.000,400.000,-1,400.000,-1,325.000,325.000,300.000,275.000,-1,-1,-1,-1,725.000,800.000,-1,-1,1,0,2,0,2,0,0,0,0,2,2,2,2,0,0,2,2
288,-4590.878,-4927.864,321.597,177.686,-0.998900,-0.040307,0.023954,0.038900,-0.997641,-0.056568,0.026178,-0.055574,0.998111,0,-0.43883,-0.08671,-26.330,-0.173,925.000,400.000,-1,400.000,-1,325.000,325.000,300.000,275.000,-1,-1,-1,-1,725.000,800.000,-1,-1,1,0,2,0,2,0,0,0,0,2,2,2,2,0,0,2,2
289,-4569.364,-4928.708,320.974,177.753,-0.998943,-0.039148,0.024084,0.037737,-0.997690,-0.056481,0.026240,-0.055512,0.998113,0,-0.35883,0.03329,-21.530,0.067,925.000,400.000,-1,400.000,-1,325.000,325.000,300.000,275.000,-1,-1,-1,-1,725.000,800.000,-1,-1,1,0,2,0,2,0,0,0,0,2,2,2,2,0,0,2,2
290,-4552.644,-4929.274,320.520,178.060,-0.999136,-0.033808,0.024155,0.032404,-0.997886,-0.056336,0.026008,-0.055505,0.998120,0,-0.27883,0.15329,-16.730,0.307,925.000,400.000,-1,400.000,-1,325.000,325.000,300.000,275.000,-1,-1,-1,-1,725.000,800.000,-1,-1,1,0,2,0,2,0,0,0,0,2,2,2,2,0,0,2,2
291,-4540.718,-4929.565,320.208,178.606,-0.999413,-0.024287,0.024179,0.022896,-0.998155,-0.056235,0.025500,-0.055649,0.998125,0,-0.19883,0.27329,-11.930,0.547,900.000,400.000,-1,400.000,-1,325.000,325.000,300.000,275.000,-1,-1,-1,-1,725.000,800.000,-1,-1,1,0,2,0,2,0,0,0,0,2,2,2,2,0,0,2,2
292,-4533.588,-4929.640,320.034,179.393,-0.999652,-0.010582,0.024157,0.009211,-0.998378,-0.056175,0.024713,-0.055933,0.998129,0,-0.11883,0.39329,-7.130,0.787,875.000,400.000,-1,400.000,-1,325.000,325.000,300.000,275.000,-1,-1,-1,-1,725.000,800.000,-1,-1,1,0,2,0,2,0,0,0,0,2,2,2,2,0,0,2,2
293,-4531.258,-4929.624,319.990,180.419,-0.999683,0.007307,0.024090,-0.008650,-0.998385,-0.056150,0.023641,-0.056340,0.998132,0,-0.03883,0.51329,-2.330,1.027,850.000,400.000,-1,400.000,-1,325.000,325.000,300.000,275.000,-1,-1,-1,-1,725.000,800.000,-1,-1,1,0,2,0,2,0,0,0,0,2,2,2,2,0,0,2,2
294,-4533.726,-4929.697,320.066,181.686,-0.999281,0.029373,0.023977,-0.030681,-0.997951,-0.056148,0.022279,-0.056843,0.998135,0,0.04117,0.63329,2.470,1.267,800.000,400.000,-1,400.000,-1,325.000,325.000,300.000,275.000,-1,-1,-1,-1,700.000,800.000,-1,-1,1,0,2,0,2,0,0,0,0,2,2,2,2,0,0,2,2
295,-4540.985,-4930.102,320.246,183.193,-0.998169,0.055599,0.023817,-0.056863,-0.996801,-0.056156,0.020618,-0.057407,0.998138,0,0.12117,0.75329,7.270,1.507,775.000,400.000,-1,400.000,-1,325.000,350.000,300.000,275.000,-1,-1,-1,-1,700.000,800.000,-1,-1,1,0,2,0,2,0,0,0,0,2,2,2,2,0,0,2,2
296,-4553.009,-4931.142,320.511,184.939,-0.996020,0.085952,0.023606,-0.087161,-0.994610,-0.056156,0.018652,-0.057990,0.998143,0,0.20117,0.87329,12.070,1.747,725.000,375.000,-1,400.000,-1,325.000,350.000,300.000,275.000,-1,-1,-1,-1,700.000,800.000,-1,-1,1,0,2,0,2,0,0,0,0,2,2,2,2,0,0,2,2
297,-4569.759,-4933.153,320.786,186.844,-0.992622,0.118956,0.023453,-0.120105,-0.991185,-0.055913,0.016595,-0.058317,0.998160,0,0.28117,0.95223,16.870,1.904,675.000,375.000,-1,400.000,-1,325.000,350.000,300.000,275.000,-1,-1,-1,-1,675.000,800.000,-1,-1,1,0,2,0,2,0,0,0,0,2,2,2,2,0,0,2,2
298,-4591.176,-4936.448,321.012,188.745,-0.988143,0.151783,0.023141,-0.152856,-0.986702,-0.055270,0.014445,-0.058152,0.998203,0,0.36117,0.95081,21.670,1.902,650.000,375.000,-1,425.000,-1,325.000,325.000,300.000,275.000,-1,-1,-1,-1,675.000,800.000,925.000,-1,1,0,2,0,2,0,0,0,0,2,2,2,2,0,0,1,2
299,-4617.190,-4941.338,321.238,190.645,-0.982584,0.184420,0.022752,-0.185412,-0.981151,-0.054456,0.012281,-0.057726,0.998257,0,0.44117,0.95006,26.470,1.900,600.000,375.000,-1,425.000,-1,325.000,325.000,300.000,275.000,-1,-1,-1,-1,675.000,800.000,850.000,-1,1,0,2,0,2,0,0,0,0,2,2,2,2,0,0,1,2
