timestep,x_cm,y_cm,z_cm,yaw_deg,basis_xx,basis_xy,basis_xz,basis_yx,basis_yy,basis_yz,basis_zx,basis_zy,basis_zz,teleport_flag,throttle_cmd,steering_cmd,cmd_move_cm,cmd_turn_deg,lidar_cm_0,lidar_cm_1,lidar_cm_2,lidar_cm_3,lidar_cm_4,lidar_cm_5,lidar_cm_6,lidar_cm_7,lidar_cm_8,lidar_cm_9,lidar_cm_10,lidar_cm_11,lidar_cm_12,lidar_cm_13,lidar_cm_14,lidar_cm_15,lidar_cm_16,lidar_class_0,lidar_class_1,lidar_class_2,lidar_class_3,lidar_class_4,lidar_class_5,lidar_class_6,lidar_class_7,lidar_class_8,lidar_class_9,lidar_class_10,lidar_class_11,lidar_class_12,lidar_class_13,lidar_class_14,lidar_class_15,lidar_class_16
0,-17861.694,13590.695,173.724,54.443,0.581382,-0.813517,-0.013576,0.813009,0.581509,-0.029383,0.031798,0.006045,0.999476,0,0.08000,0.12000,4.800,0.240,-1,375.000,-1,300.000,-1,250.000,250.000,325.000,350.000,-1,225.000,275.000,-1,-1,500.000,-1,-1,2,1,2,1,2,1,1,0,1,2,0,0,2,2,1,2,2
1,-17856.167,13598.545,174.186,54.851,0.575529,-0.817642,-0.015083,0.817093,0.575703,-0.030412,0.033549,0.005179,0.999424,0,0.16000,0.20403,9.600,0.408,-1,375.000,-1,300.000,-1,250.000,250.000,325.000,350.000,-1,225.000,275.000,-1,-1,500.000,-1,-1,2,1,2,1,2,1,1,0,1,2,0,0,2,2,1,2,2
2,-17847.960,13610.378,174.899,55.255,0.569680,-0.821686,-0.017194,0.821070,0.569925,-0.032093,0.036170,0.004165,0.999337,0,0.24000,0.20206,14.400,0.404,-1,375.000,-1,300.000,-1,250.000,250.000,325.000,350.000,-1,225.000,250.000,-1,-1,575.000,-1,-1,2,1,2,1,2,1,1,0,1,2,0,0,2,2,1,2,2
3,-17837.127,13626.230,175.881,55.654,0.563840,-0.825644,-0.019938,0.824929,0.564184,-0.034475,0.039713,0.002991,0.999207,0,0.32000,0.19974,19.200,0.399,-1,400.000,-1,300.000,-1,275.000,250.000,325.000,350.000,-1,200.000,250.000,-1,-1,650.000,-1,-1,2,1,2,1,2,1,1,0,1,2,0,0,2,2,1,2,2
4,-17823.723,13646.139,177.155,56.048,0.558009,-0.829506,-0.023349,0.828654,0.558495,-0.037622,0.044248,0.001645,0.999019,0,0.40000,0.19700,24.000,0.394,-1,425.000,-1,300.000,-1,275.000,250.000,325.000,350.000,-1,200.000,225.000,-1,-1,750.000,-1,-1,2,1,2,1,2,1,1,0,1,2,0,0,2,2,1,2,2
5,-17807.800,13670.137,178.750,56.436,0.552190,-0.833266,-0.027471,0.832226,0.552873,-0.041618,0.049867,0.000119,0.998756,0,0.48000,0.19375,28.800,0.387,-1,450.000,-1,300.000,-1,300.000,250.000,325.000,350.000,-1,175.000,225.000,-1,-1,850.000,-1,-1,2,1,2,1,2,1,1,0,1,2,0,0,2,2,1,2,2
6,-17789.408,13698.258,180.358,56.815,0.546354,-0.836907,-0.032919,0.835710,0.547336,-0.044853,0.055556,-0.003005,0.998451,0,0.56000,0.18984,33.600,0.380,-1,500.000,-1,300.000,-1,325.000,250.000,325.000,375.000,-1,175.000,200.000,-1,-1,950.000,-1,-1,2,1,2,1,2,1,1,0,1,2,0,0,2,2,1,2,2
7,-327.958,-6231.335,-130.838,-14.472,0.966853,0.249570,0.053948,-0.251782,0.967000,0.038952,-0.042446,-0.051244,0.997784,1,0.00000,0.00000,38.400,0.370,-1,425.000,-1,450.000,-1,350.000,375.000,275.000,200.000,-1,450.000,550.000,-1,700.000,850.000,-1,-1,2,0,2,1,2,1,1,0,1,2,0,0,2,0,0,2,2
8,-323.316,-6232.554,-131.106,-14.712,0.965794,0.253613,0.054066,-0.255839,0.965927,0.039141,-0.042297,-0.051634,0.997770,0,0.08000,-0.12000,4.800,-0.240,-1,425.000,-1,475.000,-1,350.000,375.000,275.000,200.000,-1,450.000,550.000,-1,700.000,850.000,-1,-1,2,0,2,0,2,1,1,0,1,2,0,0,2,0,0,2,2
9,-314.051,-6235.069,-131.644,-15.192,0.963624,0.261686,0.054316,-0.263942,0.963728,0.039525,-0.042003,-0.052423,0.997741,0,0.16000,-0.24000,9.600,-0.480,-1,425.000,-1,475.000,-1,350.000,375.000,275.000,200.000,-1,450.000,550.000,-1,700.000,850.000,-1,-1,2,0,2,0,2,1,1,0,1,2,0,0,2,0,0,2,2
10,-300.202,-6239.016,-132.450,-15.912,0.960241,0.273758,0.054724,-0.276061,0.960303,0.040108,-0.041572,-0.053621,0.997696,0,0.24000,-0.36000,14.400,-0.720,-1,425.000,-1,475.000,-1,350.000,375.000,275.000,200.000,-1,450.000,575.000,-1,700.000,850.000,-1,-1,2,0,2,0,2,0,1,0,1,2,0,0,2,0,1,2,2
11,-281.821,-6244.566,-133.528,-16.805,0.955825,0.288679,0.055348,-0.291048,0.955836,0.040849,-0.041111,-0.055154,0.997631,0,0.32000,-0.44686,19.200,-0.894,1000.000,425.000,-1,475.000,-1,350.000,375.000,250.000,200.000,-1,475.000,575.000,-1,700.000,850.000,-1,-1,0,0,2,0,2,0,0,0,1,2,0,0,2,0,1,2,2
12,-258.957,-6251.863,-134.882,-17.703,0.951140,0.303588,0.056277,-0.306040,0.951108,0.041622,-0.040890,-0.056811,0.997547,0,0.40000,-0.44877,24.000,-0.898,975.000,400.000,-1,450.000,-1,350.000,375.000,250.000,200.000,-1,475.000,600.000,-1,700.000,825.000,-1,-1,0,0,2,0,2,0,0,0,1,2,0,0,2,0,1,2,2
13,-231.661,-6261.050,-136.511,-18.605,0.946176,0.318489,0.057584,-0.321049,0.946113,0.042408,-0.040974,-0.058613,0.997440,0,0.48000,-0.45098,28.800,-0.902,950.000,400.000,-1,450.000,-1,350.000,375.000,250.000,200.000,-1,500.000,625.000,-1,700.000,800.000,-1,-1,0,0,2,0,2,0,0,0,1,2,0,0,2,0,1,2,2
14,-199.990,-6272.271,-138.416,-19.511,0.940922,0.333381,0.059361,-0.336078,0.940844,0.043183,-0.041453,-0.060582,0.997302,0,0.56000,-0.45334,33.600,-0.907,900.000,400.000,-1,450.000,-1,350.000,350.000,250.000,200.000,-1,525.000,650.000,-1,675.000,800.000,-1,-1,0,0,2,0,2,0,0,0,1,2,0,0,2,0,1,2,2
15,-164.002,-6285.669,-140.597,-20.423,0.935365,0.348255,0.061724,-0.351127,0.935298,0.043907,-0.042439,-0.062742,0.997127,0,0.64000,-0.45563,38.400,-0.911,850.000,400.000,-1,450.000,-1,325.000,350.000,250.000,200.000,-1,575.000,725.000,-1,650.000,775.000,-1,-1,0,0,2,0,2,0,0,0,1,2,0,0,2,0,1,2,2
16,-129.076,-6299.310,-142.739,-21.338,0.929526,0.363099,0.064343,-0.366164,0.929485,0.044513,-0.043644,-0.064936,0.996935,0,0.62493,-0.45760,37.496,-0.915,800.000,375.000,-1,425.000,-1,325.000,350.000,250.000,200.000,-1,650.000,775.000,-1,650.000,750.000,-1,-1,0,0,2,0,2,0,0,0,1,2,0,0,2,0,1,2,2
17,-95.538,-6313.033,-144.497,-22.255,0.923366,0.377915,0.067644,-0.381147,0.923495,0.043403,-0.046066,-0.065860,0.996765,0,0.60393,-0.45881,36.236,-0.918,750.000,375.000,-1,425.000,-1,325.000,350.000,250.000,200.000,-1,750.000,900.000,-1,625.000,725.000,950.000,-1,0,0,2,0,2,0,0,0,1,2,0,0,2,0,1,0,2
18,-63.343,-6326.814,-146.068,-23.174,0.916976,0.392661,0.070513,-0.396013,0.917291,0.041837,-0.048253,-0.066288,0.996633,0,0.58365,-0.45932,35.019,-0.919,700.000,375.000,-1,425.000,-1,325.000,325.000,250.000,200.000,-1,875.000,-1,-1,600.000,700.000,875.000,-1,0,0,2,0,2,0,0,0,1,2,0,2,2,0,1,0,2
19,-32.436,-6340.635,-147.407,-24.093,0.910391,0.407320,0.072658,-0.410719,0.910895,0.039752,-0.049992,-0.066032,0.996564,0,0.56427,-0.45920,33.856,-0.918,675.000,350.000,-1,400.000,950.000,300.000,325.000,250.000,200.000,-1,-1,-1,-1,600.000,675.000,825.000,-1,0,0,2,0,1,0,0,0,1,2,2,2,2,0,1,0,2
20,-2.752,-6354.483,-148.520,-25.010,0.903624,0.421872,0.074080,-0.425244,0.904314,0.037204,-0.051296,-0.065121,0.996558,0,0.54591,-0.45851,32.755,-0.917,675.000,350.000,-1,400.000,850.000,300.000,325.000,250.000,200.000,-1,-1,-1,-1,575.000,650.000,775.000,-1,0,0,2,0,1,0,0,0,1,2,2,2,2,0,1,0,2
21,25.777,-6368.352,-149.542,-25.924,0.896648,0.436282,0.075368,-0.439611,0.897524,0.034530,-0.052580,-0.064094,0.996558,0,0.52867,-0.45732,31.720,-0.915,650.000,350.000,-1,400.000,775.000,300.000,325.000,250.000,200.000,-1,-1,-1,-1,575.000,650.000,750.000,-1,0,0,2,0,1,0,0,0,1,2,2,2,2,0,1,0,2
22,53.220,-6382.236,-150.525,-26.836,0.889456,0.450531,0.076749,-0.453820,0.890524,0.031847,-0.053999,-0.063157,0.996542,0,0.51258,-0.45570,30.755,-0.911,650.000,350.000,-1,400.000,700.000,300.000,325.000,250.000,225.000,-1,-1,-1,-1,575.000,625.000,725.000,-1,0,0,2,0,1,0,0,0,1,2,2,2,2,0,1,0,2
23,79.646,-6396.137,-151.679,-27.743,0.882126,0.464624,0.077320,-0.467799,0.883367,0.028762,-0.054939,-0.061542,0.996591,0,0.49764,-0.45370,29.858,-0.907,650.000,350.000,-1,375.000,650.000,300.000,300.000,275.000,225.000,-1,-1,-1,-1,550.000,600.000,700.000,-1,0,0,2,0,1,0,0,0,1,2,2,2,2,0,1,0,2
24,105.122,-6410.057,-153.120,-28.646,0.874709,0.478562,0.076569,-0.481510,0.876081,0.025107,-0.055065,-0.058830,0.996748,0,0.48384,-0.45136,29.031,-0.903,625.000,325.000,-1,375.000,600.000,300.000,300.000,275.000,225.000,-1,-1,-1,-1,550.000,600.000,675.000,-1,0,0,2,1,1,0,0,0,1,2,2,2,2,0,1,0,2
25,129.714,-6423.998,-154.558,-29.543,0.867124,0.492303,0.075718,-0.495023,0.868615,0.021449,-0.055210,-0.056081,0.996899,0,0.47114,-0.44874,28.268,-0.897,625.000,325.000,-1,375.000,550.000,275.000,300.000,275.000,200.000,-1,-1,-1,-1,550.000,575.000,675.000,775.000,0,0,2,1,1,0,0,0,1,2,2,2,2,0,1,0,1
26,153.484,-6437.965,-155.995,-30.435,0.859382,0.505839,0.074765,-0.508328,0.860980,0.017793,-0.055370,-0.053296,0.997042,0,0.45948,-0.44586,27.569,-0.892,625.000,325.000,-1,350.000,500.000,275.000,300.000,275.000,200.000,-1,-1,-1,-1,550.000,550.000,675.000,675.000,0,0,2,1,1,0,0,0,1,2,2,2,2,0,1,0,1
27,176.488,-6451.966,-157.432,-31.320,0.851492,0.519161,0.073708,-0.521417,0.853185,0.014143,-0.055544,-0.050475,0.997180,0,0.44881,-0.44275,26.929,-0.886,625.000,325.000,-1,350.000,475.000,275.000,300.000,275.000,200.000,-1,-1,-1,-1,550.000,550.000,650.000,600.000,0,0,2,1,1,0,0,0,1,2,2,2,2,0,1,0,1
28,198.780,-6466.004,-158.080,-32.199,0.843551,0.532185,0.072113,-0.534391,0.845118,0.014238,-0.053367,-0.050547,0.997295,0,0.43906,-0.43946,26.344,-0.879,625.000,325.000,-1,350.000,450.000,275.000,300.000,275.000,225.000,-1,-1,-1,-1,550.000,550.000,675.000,600.000,0,0,2,1,1,0,0,0,1,2,2,2,2,0,1,0,1
29,220.409,-6480.088,-158.667,-33.071,0.835482,0.544977,0.070496,-0.547145,0.836909,0.014659,-0.051010,-0.050819,0.997404,0,0.43017,-0.43599,25.810,-0.872,650.000,325.000,-1,350.000,450.000,275.000,300.000,275.000,225.000,-1,-1,-1,-1,550.000,550.000,700.000,575.000,0,0,2,1,1,0,0,0,1,2,2,2,2,0,1,0,1
30,241.419,-6494.226,-159.254,-33.936,0.827287,0.557539,0.068892,-0.559668,0.828579,0.015116,-0.048654,-0.051062,0.997510,0,0.42208,-0.43237,25.325,-0.865,650.000,325.000,-1,325.000,450.000,275.000,300.000,275.000,225.000,-1,-1,-1,-1,550.000,550.000,700.000,575.000,0,0,2,1,1,0,1,0,1,2,2,2,2,0,1,0,1
31,261.854,-6508.424,-159.460,-34.793,0.819017,0.569824,0.067170,-0.571990,0.820075,0.017432,-0.045151,-0.052698,0.997589,0,0.41472,-0.42861,24.883,-0.857,675.000,325.000,-1,325.000,450.000,275.000,300.000,275.000,225.000,-1,-1,-1,-1,550.000,550.000,750.000,625.000,0,0,2,1,1,0,1,0,1,2,2,2,2,0,1,0,1
32,281.750,-6522.689,-159.283,-35.643,0.810680,0.581824,0.065409,-0.584087,0.811403,0.021616,-0.040497,-0.055728,0.997624,0,0.40803,-0.42474,24.482,-0.849,700.000,350.000,-1,350.000,475.000,300.000,300.000,275.000,225.000,-1,-1,-1,-1,575.000,575.000,800.000,-1,0,0,2,1,1,0,1,0,1,2,2,2,2,0,1,0,2
33,301.143,-6537.028,-159.141,-36.484,0.802245,0.593579,0.063768,-0.595912,0.802638,0.025691,-0.035933,-0.058611,0.997634,0,0.40197,-0.42075,24.118,-0.842,750.000,350.000,-1,350.000,500.000,300.000,300.000,275.000,225.000,-1,-1,-1,-1,575.000,575.000,850.000,-1,0,0,2,1,1,0,1,0,1,2,2,2,2,0,1,0,2
34,320.062,-6551.448,-159.033,-37.318,0.793721,0.605090,0.062237,-0.607469,0.793790,0.029664,-0.031453,-0.061351,0.997621,0,0.39648,-0.41667,23.789,-0.833,775.000,350.000,-1,350.000,525.000,300.000,300.000,275.000,250.000,-1,-1,-1,-1,600.000,600.000,900.000,-1,0,0,2,1,1,0,1,0,1,2,2,2,2,0,1,0,2
35,338.538,-6565.955,-158.957,-38.143,0.785117,0.616356,0.060804,-0.618757,0.784866,0.033542,-0.027049,-0.063957,0.997586,0,0.39151,-0.41249,23.491,-0.825,800.000,350.000,-1,350.000,575.000,300.000,300.000,275.000,250.000,-1,950.000,-1,-1,600.000,625.000,975.000,-1,0,0,2,1,1,0,1,0,1,2,0,2,2,0,1,0,2
36,356.596,-6580.555,-158.913,-38.959,0.776444,0.627375,0.059462,-0.629777,0.775878,0.037331,-0.022715,-0.066433,0.997532,0,0.38703,-0.40823,23.222,-0.816,850.000,350.000,-1,350.000,600.000,300.000,300.000,275.000,250.000,-1,875.000,1000.000,-1,625.000,650.000,-1,-1,0,0,2,1,1,1,1,0,1,2,0,0,2,0,1,2,2
37,378.178,-6598.428,-158.876,-39.634,0.769219,0.636347,0.058001,-0.638734,0.768285,0.041910,-0.017892,-0.069285,0.997436,0,0.46703,-0.33745,28.022,-0.675,900.000,375.000,-1,375.000,-1,325.000,300.000,275.000,250.000,-1,800.000,925.000,-1,625.000,700.000,-1,-1,0,0,2,1,2,1,1,0,1,2,0,0,2,0,1,2,2
38,403.212,-6619.655,-158.851,-40.298,0.762042,0.645078,0.056274,-0.647406,0.760705,0.046836,-0.012595,-0.072123,0.997316,0,0.54703,-0.33202,32.822,-0.664,1000.000,375.000,-1,375.000,-1,325.000,325.000,250.000,250.000,975.000,750.000,850.000,-1,650.000,750.000,-1,-1,0,0,2,1,2,1,1,0,1,0,0,0,2,0,1,2,2
39,431.628,-6644.311,-158.686,-40.949,0.754912,0.653589,0.054127,-0.655784,0.753230,0.050919,-0.007490,-0.073935,0.997235,0,0.62703,-0.32537,37.622,-0.651,-1,375.000,-1,375.000,-1,325.000,325.000,250.000,275.000,950.000,675.000,800.000,-1,650.000,800.000,-1,-1,2,0,2,1,2,1,1,0,1,0,0,0,2,0,0,2,2
40,463.359,-6672.467,-158.359,-41.583,0.747846,0.661883,0.051356,-0.663866,0.745931,0.053557,-0.002860,-0.074146,0.997243,0,0.70703,-0.31736,42.422,-0.635,-1,375.000,-1,375.000,-1,325.000,325.000,250.000,275.000,925.000,650.000,800.000,-1,675.000,825.000,-1,-1,2,0,2,1,2,1,1,0,1,0,0,0,2,0,0,2,2
41,494.766,-6700.946,-158.209,-42.199,0.740899,0.669884,0.048218,-0.671615,0.738803,0.055708,0.001694,-0.073658,0.997282,0,0.70660,-0.30783,42.396,-0.616,-1,400.000,-1,400.000,-1,325.000,325.000,250.000,275.000,900.000,600.000,775.000,-1,700.000,825.000,-1,-1,2,0,2,1,2,0,1,0,1,0,0,0,2,0,0,2,2
42,525.574,-6729.472,-158.245,-42.795,0.734083,0.677585,0.044720,-0.679031,0.731862,0.057402,0.006166,-0.072504,0.997349,0,0.69977,-0.29781,41.986,-0.596,-1,400.000,-1,400.000,-1,325.000,350.000,250.000,275.000,900.000,575.000,725.000,-1,700.000,850.000,-1,-1,2,0,2,1,2,0,1,0,1,0,0,0,2,0,0,2,2
43,559.610,-6761.575,-158.518,-43.322,0.727998,0.684395,0.040278,-0.685491,0.725706,0.058764,0.010988,-0.070391,0.997459,0,0.77977,-0.26362,46.786,-0.527,-1,400.000,-1,425.000,-1,350.000,350.000,275.000,250.000,900.000,550.000,675.000,-1,725.000,875.000,-1,-1,2,0,2,1,2,0,1,0,1,0,0,0,2,0,0,2,2
44,596.806,-6797.319,-159.085,-43.855,0.721753,0.691287,0.034569,-0.691959,0.719475,0.059574,0.016311,-0.066918,0.997625,0,0.85977,-0.26671,51.586,-0.533,-1,400.000,-1,450.000,-1,350.000,350.000,275.000,250.000,900.000,525.000,625.000,575.000,750.000,875.000,-1,-1,2,0,2,1,2,0,0,0,1,0,0,0,1,0,0,2,2
45,634.061,-6833.802,-159.962,-44.396,0.715297,0.698258,0.028019,-0.698483,0.713133,0.059685,0.021694,-0.062263,0.997824,0,0.86905,-0.27042,52.143,-0.541,-1,425.000,-1,450.000,-1,350.000,350.000,275.000,250.000,900.000,475.000,350.000,550.000,775.000,900.000,-1,-1,2,0,2,0,2,0,0,0,1,0,0,1,1,0,0,2,2
46,670.575,-6870.253,-160.997,-44.945,0.708608,0.705317,0.020059,-0.705067,0.706678,0.059048,0.027472,-0.055985,0.998054,0,0.85989,-0.27429,51.593,-0.549,-1,425.000,-1,450.000,-1,350.000,350.000,275.000,225.000,900.000,375.000,300.000,525.000,825.000,900.000,-1,-1,2,0,2,0,2,0,0,0,1,0,1,1,1,0,0,2,2
47,703.234,-6903.766,-162.012,-45.733,0.698783,0.715237,0.011770,-0.714554,0.697159,0.058163,0.033395,-0.049054,0.998238,0,0.77989,-0.39429,46.793,-0.789,-1,425.000,-1,450.000,-1,350.000,375.000,275.000,200.000,900.000,325.000,275.000,500.000,875.000,925.000,-1,-1,2,0,2,0,2,0,0,0,1,0,1,1,1,0,0,2,2
48,731.998,-6934.361,-162.676,-46.762,0.685745,0.727820,0.005634,-0.726845,0.684380,0.057616,0.038079,-0.043605,0.998323,0,0.69989,-0.51429,41.993,-1.029,-1,450.000,-1,450.000,-1,350.000,375.000,275.000,200.000,925.000,275.000,275.000,475.000,900.000,925.000,-1,-1,2,0,2,0,2,0,0,0,1,0,0,1,1,0,0,2,2
49,756.871,-6962.015,-162.078,-48.030,0.669473,0.742814,0.005724,-0.741805,0.668118,0.057830,0.039133,-0.042961,0.998310,0,0.61989,-0.63429,37.193,-1.269,-1,450.000,-1,450.000,-1,350.000,375.000,275.000,200.000,950.000,250.000,325.000,500.000,900.000,925.000,-1,-1,2,0,2,0,2,0,0,0,1,0,0,1,1,0,0,2,2
50,779.190,-6988.182,-160.685,-49.539,0.649772,0.760068,0.009641,-0.759170,0.648264,0.058434,0.038164,-0.045288,0.998245,0,0.57320,-0.75429,34.392,-1.509,-1,425.000,-1,450.000,-1,350.000,375.000,275.000,200.000,950.000,325.000,375.000,550.000,900.000,925.000,-1,-1,2,0,2,0,2,0,0,0,1,0,0,1,1,0,0,2,2
51,800.693,-7015.008,-159.315,-51.288,0.626362,0.779418,0.013344,-0.778619,0.624708,0.059101,0.037729,-0.047408,0.998163,0,0.57301,-0.87429,34.381,-1.749,-1,425.000,-1,450.000,-1,350.000,375.000,275.000,200.000,975.000,350.000,425.000,575.000,875.000,925.000,-1,-1,2,0,2,0,2,0,0,0,1,0,0,1,1,0,0,2,2
52,821.287,-7042.612,-157.938,-53.276,0.599030,0.800548,0.016934,-0.799832,0.597227,0.059899,0.037839,-0.049426,0.998061,0,0.57399,-0.99429,34.439,-1.989,-1,425.000,-1,450.000,-1,350.000,375.000,275.000,200.000,975.000,400.000,500.000,625.000,875.000,925.000,-1,-1,2,0,2,0,2,0,0,0,1,0,0,1,1,0,0,2,2
53,840.977,-7071.021,-156.537,-55.276,0.570819,0.820817,0.020596,-0.820194,0.568866,0.060608,0.038032,-0.051489,0.997949,0,0.57609,-1.00000,34.565,-2.000,-1,425.000,-1,450.000,-1,350.000,350.000,275.000,200.000,1000.000,425.000,550.000,700.000,850.000,925.000,-1,-1,2,0,2,0,2,0,0,0,1,0,0,1,1,0,0,2,2
54,859.726,-7100.197,-155.114,-57.276,0.541922,0.840077,0.024323,-0.839555,0.539813,0.061237,0.038314,-0.053606,0.997827,0,0.57801,-1.00000,34.680,-2.000,-1,425.000,-1,450.000,-1,350.000,350.000,275.000,200.000,1000.000,450.000,625.000,750.000,850.000,925.000,-1,-1,2,0,2,0,2,0,0,0,1,0,0,1,1,0,0,2,2
55,877.497,-7130.096,-153.665,-59.276,0.512375,0.858302,0.028108,-0.857889,0.510105,0.061808,0.038712,-0.055782,0.997692,0,0.57969,-1.00000,34.781,-2.000,-1,425.000,-1,450.000,-1,350.000,350.000,275.000,200.000,-1,475.000,700.000,825.000,850.000,925.000,-1,-1,2,0,2,0,2,0,0,0,1,2,0,1,1,0,0,2,2
56,896.521,-7164.807,-152.426,-61.276,0.482123,0.875529,0.031712,-0.875298,0.479811,0.060294,0.037573,-0.056827,0.997677,0,0.65969,-1.00000,39.581,-2.000,-1,425.000,-1,450.000,-1,350.000,350.000,275.000,200.000,-1,550.000,775.000,900.000,825.000,900.000,-1,-1,2,0,2,0,2,0,0,0,1,2,0,0,1,0,0,2,2
57,916.479,-7204.448,-151.160,-63.276,0.451236,0.891708,0.035254,-0.891693,0.448947,0.057709,0.035633,-0.057476,0.997711,0,0.73969,-1.00000,44.381,-2.000,-1,425.000,-1,450.000,-1,350.000,350.000,275.000,200.000,-1,650.000,850.000,-1,800.000,875.000,-1,-1,2,0,2,0,2,0,0,0,1,2,0,0,2,0,0,2,2
58,937.050,-7249.121,-149.732,-65.276,0.419788,0.906788,0.038904,-0.907003,0.417532,0.054885,0.033526,-0.058326,0.997734,0,0.81969,-1.00000,49.181,-2.000,-1,400.000,-1,425.000,-1,350.000,350.000,275.000,200.000,-1,775.000,925.000,-1,775.000,850.000,-1,-1,2,0,2,0,2,0,0,0,1,2,0,0,2,0,0,2,2
59,956.813,-7296.308,-148.163,-67.276,0.387815,0.920769,0.042240,-0.921199,0.385615,0.051900,0.031499,-0.059039,0.997759,0,0.85264,-1.00000,51.158,-2.000,-1,400.000,-1,425.000,-1,325.000,350.000,275.000,200.000,-1,850.000,1000.000,-1,750.000,850.000,-1,-1,2,0,2,0,2,0,0,0,1,2,0,0,2,0,0,2,2
60,974.832,-7343.937,-146.304,-69.276,0.355315,0.933689,0.044458,-0.934291,0.353255,0.048084,0.029191,-0.058622,0.997853,0,0.84871,-1.00000,50.923,-2.000,-1,400.000,-1,425.000,-1,325.000,350.000,275.000,200.000,-1,950.000,-1,-1,750.000,825.000,-1,-1,2,0,2,0,2,0,0,0,1,2,0,2,2,0,0,2,2
61,991.105,-7391.946,-144.352,-71.276,0.322401,0.945494,0.045815,-0.946198,0.320470,0.044808,0.027683,-0.057797,0.997944,0,0.84487,-1.00000,50.692,-2.000,-1,400.000,-1,425.000,-1,325.000,325.000,275.000,200.000,-1,-1,-1,-1,725.000,800.000,-1,-1,2,0,2,0,2,0,0,0,1,2,2,2,2,0,0,2,2
62,1005.628,-7440.285,-142.414,-73.276,0.289109,0.956149,0.046846,-0.956927,0.287292,0.041886,0.026591,-0.056938,0.998024,0,0.84121,-1.00000,50.473,-2.000,-1,375.000,-1,425.000,-1,325.000,325.000,275.000,200.000,-1,-1,-1,-1,725.000,775.000,-1,-1,2,0,2,0,2,0,0,0,1,2,2,2,2,0,0,2,2
63,1018.404,-7488.904,-140.495,-75.276,0.255478,0.965644,0.047575,-0.966469,0.253761,0.039279,0.025856,-0.056015,0.998095,0,0.83782,-1.00000,50.269,-2.000,-1,375.000,-1,400.000,-1,325.000,325.000,275.000,225.000,-1,-1,-1,-1,700.000,775.000,-1,-1,2,0,2,0,2,0,0,0,1,2,2,2,2,0,0,2,2
64,1029.436,-7537.761,-138.599,-77.276,0.221546,0.973967,0.048021,-0.974819,0.219918,0.036942,0.025420,-0.054997,0.998163,0,0.83477,-1.00000,50.086,-2.000,-1,375.000,-1,400.000,-1,325.000,325.000,275.000,225.000,-1,-1,-1,-1,700.000,750.000,-1,-1,2,0,2,0,2,0,0,0,1,2,2,2,2,0,0,2,2
65,1038.725,-7586.817,-136.729,-79.276,0.187352,0.981109,0.048202,-0.981969,0.185805,0.034835,0.025221,-0.053859,0.998230,0,0.83212,-1.00000,49.927,-2.000,-1,375.000,-1,400.000,-1,325.000,325.000,275.000,225.000,-1,-1,-1,-1,700.000,750.000,-1,-1,2,0,2,0,2,0,0,0,1,2,2,2,2,0,0,2,2
66,1046.277,-7636.036,-134.886,-81.276,0.152935,0.987064,0.048127,-0.987915,0.151462,0.032913,0.025198,-0.052579,0.998299,0,0.82992,-1.00000,49.795,-2.000,-1,375.000,-1,400.000,-1,325.000,325.000,275.000,250.000,-1,-1,-1,-1,700.000,750.000,-1,-1,2,0,2,0,2,0,0,0,1,2,2,2,2,0,0,2,2
67,1052.094,-7685.386,-133.070,-83.276,0.118332,0.991823,0.047804,-0.992652,0.116930,0.031134,0.025290,-0.051137,0.998371,0,0.82817,-1.00000,49.690,-2.000,-1,375.000,975.000,400.000,-1,300.000,325.000,275.000,250.000,-1,-1,-1,-1,675.000,725.000,-1,975.000,2,0,1,0,2,0,0,0,1,2,2,2,2,0,0,2,1
68,1056.179,-7734.832,-131.283,-85.276,0.083583,0.995381,0.047238,-0.996176,0.082252,0.029454,0.025433,-0.049519,0.998449,0,0.82691,-1.00000,49.614,-2.000,-1,375.000,925.000,400.000,-1,300.000,325.000,275.000,250.000,-1,-1,-1,-1,675.000,725.000,1000.000,950.000,2,0,1,0,2,0,0,0,1,2,2,2,2,0,0,1,1
69,1058.534,-7784.344,-129.522,-87.276,0.048726,0.997733,0.046426,-0.998485,0.047467,0.027831,0.025565,-0.047712,0.998534,0,0.82612,-1.00000,49.567,-2.000,-1,375.000,875.000,375.000,-1,300.000,325.000,275.000,250.000,-1,-1,-1,-1,675.000,700.000,925.000,925.000,2,0,1,0,2,0,0,0,1,2,2,2,2,0,0,1,1
70,1059.158,-7833.887,-127.785,-89.276,0.013800,0.998875,0.045364,-0.999576,0.012619,0.026223,0.025621,-0.045707,0.998626,0,0.82579,-1.00000,49.547,-2.000,950.000,375.000,825.000,375.000,-1,300.000,300.000,275.000,275.000,-1,-1,-1,-1,675.000,700.000,850.000,900.000,1,0,1,0,2,0,0,0,1,2,2,2,2,0,0,1,1
71,1058.053,-7883.430,-126.246,-91.276,-0.021146,0.998855,0.042918,-0.999428,-0.022252,0.025468,0.026393,-0.042355,0.998754,0,0.82591,-1.00000,49.555,-2.000,875.000,375.000,775.000,375.000,-1,300.000,300.000,275.000,275.000,-1,-1,-1,-1,675.000,700.000,775.000,875.000,1,0,1,0,2,0,0,0,1,2,2,2,2,0,0,1,1
72,1055.217,-7932.937,-124.576,-93.276,-0.055980,0.997622,0.040217,-0.997991,-0.057107,0.027435,0.029667,-0.038600,0.998814,0,0.82645,-1.00000,49.587,-2.000,775.000,375.000,725.000,375.000,-1,300.000,300.000,275.000,275.000,-1,-1,-1,-1,650.000,675.000,725.000,850.000,1,0,1,0,2,0,0,0,1,2,2,2,2,1,1,1,1
73,1050.650,-7982.370,-122.773,-95.276,-0.090762,0.995146,0.038028,-0.995336,-0.091900,0.029329,0.032682,-0.035188,0.998846,0,0.82738,-1.00000,49.643,-2.000,725.000,375.000,675.000,375.000,-1,300.000,300.000,300.000,275.000,-1,-1,-1,-1,600.000,650.000,650.000,850.000,1,0,1,0,2,0,0,0,1,2,2,2,2,1,1,1,1
74,1044.352,-8031.690,-120.845,-97.276,-0.125444,0.991437,0.036289,-0.991467,-0.126587,0.031140,0.035467,-0.032073,0.998856,0,0.82868,-1.00000,49.721,-2.000,650.000,375.000,650.000,375.000,-1,300.000,300.000,300.000,275.000,-1,-1,-1,-1,550.000,625.000,600.000,875.000,1,0,1,0,2,0,0,0,1,2,2,2,2,1,1,1,1
75,1036.320,-8080.856,-118.799,-99.276,-0.159980,0.986502,0.034938,-0.986387,-0.161125,0.032868,0.038054,-0.029205,0.998849,0,0.83030,-1.00000,49.818,-2.000,575.000,375.000,600.000,375.000,-1,300.000,300.000,300.000,275.000,-1,-1,-1,-1,500.000,600.000,550.000,-1,1,0,1,0,2,0,0,0,1,2,2,2,2,1,1,1,2
76,1026.556,-8129.825,-116.647,-101.276,-0.194325,0.980351,0.033918,-0.980102,-0.195470,0.034522,0.040474,-0.026534,0.998828,0,0.83221,-1.00000,49.933,-2.000,500.000,375.000,575.000,375.000,-1,300.000,300.000,300.000,300.000,-1,-1,-1,-1,450.000,575.000,475.000,-1,1,0,1,0,2,0,0,0,1,2,2,2,2,1,1,1,2
77,1015.058,-8178.551,-114.396,-103.276,-0.228436,0.972994,0.033170,-0.972620,-0.229579,0.036117,0.042757,-0.024011,0.998797,0,0.83440,-1.00000,50.064,-2.000,450.000,375.000,550.000,375.000,-1,300.000,300.000,300.000,300.000,-1,-1,-1,-1,425.000,550.000,425.000,-1,1,1,1,0,2,0,0,0,1,2,2,2,2,1,1,1,2
78,1001.829,-8226.986,-112.059,-105.276,-0.262270,0.964442,0.032642,-0.963948,-0.263411,0.037678,0.044936,-0.021583,0.998757,0,0.83681,-1.00000,50.209,-2.000,375.000,350.000,500.000,375.000,-1,300.000,300.000,300.000,300.000,-1,-1,-1,-1,375.000,550.000,375.000,-1,1,1,1,0,2,0,0,0,1,2,2,2,2,1,1,1,2
79,988.426,-8270.722,-109.867,-107.036,-0.291782,0.955938,0.032333,-0.955338,-0.292920,0.039081,0.046830,-0.019486,0.998713,0,0.76239,-0.88000,45.743,-1.760,325.000,300.000,500.000,375.000,-1,300.000,300.000,300.000,325.000,-1,-1,-1,-1,325.000,525.000,325.000,-1,1,1,1,0,2,1,0,0,1,2,2,2,2,1,1,1,2
80,973.824,-8314.223,-107.605,-108.556,-0.317043,0.947864,0.032215,-0.947165,-0.318185,0.040457,0.048598,-0.017686,0.998662,0,0.76476,-0.76000,45.886,-1.520,275.000,275.000,450.000,375.000,-1,275.000,300.000,300.000,325.000,-1,-1,-1,-1,300.000,525.000,275.000,-1,1,1,1,1,2,1,1,0,1,2,2,2,2,1,1,1,2
81,958.215,-8357.490,-105.299,-109.836,-0.338140,0.940545,0.032206,-0.939750,-0.339288,0.041873,0.050310,-0.016107,0.998604,0,0.76660,-0.64000,45.996,-1.280,225.000,250.000,425.000,350.000,-1,250.000,300.000,300.000,325.000,-1,-1,-1,-1,275.000,525.000,225.000,-1,1,1,1,1,2,1,1,0,0,2,2,2,2,1,1,1,2
82,941.795,-8400.545,-102.972,-110.876,-0.355154,0.934252,0.032236,-0.933359,-0.356311,0.043403,0.052035,-0.014673,0.998537,0,0.76800,-0.52000,46.080,-1.040,200.000,225.000,400.000,325.000,-1,225.000,275.000,300.000,325.000,-1,-1,-1,-1,250.000,725.000,175.000,-1,1,1,1,1,2,1,1,0,0,2,2,2,2,1,0,1,2
83,924.750,-8443.426,-100.612,-111.676,-0.368170,0.929206,0.032058,-0.928205,-0.369329,0.045069,0.053718,-0.013164,0.998469,0,0.76907,-0.40000,46.144,-0.800,150.000,175.000,375.000,300.000,-1,200.000,250.000,300.000,325.000,-1,-1,-1,-1,200.000,725.000,150.000,-1,1,1,1,1,2,1,1,0,0,2,2,2,2,1,0,1,2
84,905.481,-8490.592,-88.303,-112.236,-0.379285,0.925255,0.006810,-0.921134,-0.378272,0.091772,0.087488,0.028534,0.995757,0,0.84907,-0.28000,50.944,-0.560,125.000,175.000,475.000,350.000,-1,200.000,250.000,425.000,300.000,-1,375.000,300.000,525.000,200.000,900.000,125.000,-1,1,1,1,1,2,1,1,0,0,2,0,0,1,1,0,1,2
85,884.151,-8542.107,-72.336,-112.556,-0.390643,0.920145,-0.027057,-0.910983,-0.382194,0.155038,0.132317,0.085213,0.987538,0,0.92907,-0.16000,55.744,-0.320,125.000,200.000,-1,450.000,-1,200.000,275.000,525.000,250.000,-1,225.000,100.000,325.000,225.000,-1,125.000,-1,1,1,2,1,2,1,1,1,0,2,0,0,1,1,2,1,2
86,861.185,-8597.508,-55.264,-112.636,-0.402896,0.913052,-0.063330,-0.897703,-0.380744,0.221729,0.178338,0.146185,0.973050,0,0.99922,-0.04000,59.953,-0.080,125.000,225.000,-1,675.000,-1,225.000,325.000,525.000,225.000,-1,175.000,25.000,200.000,275.000,-1,125.000,-1,1,1,2,0,2,1,1,1,0,2,0,0,1,1,2,1,2
87,-4919.366,-4263.475,142.617,-52.748,0.593822,0.788257,0.161326,-0.800247,0.599437,0.016698,-0.083542,-0.139016,0.986760,1,0.00000,0.00000,60.000,0.160,275.000,300.000,-1,375.000,-1,275.000,300.000,225.000,200.000,-1,-1,-1,-1,450.000,650.000,325.000,-1,0,0,2,0,2,0,0,0,1,2,2,2,2,0,0,0,2
88,4924.263,-1639.271,-263.238,6.685,0.991307,-0.116374,0.061380,0.117517,0.992953,-0.015332,-0.059163,0.022412,0.997997,1,0.08000,-0.12000,4.800,-0.240,-1,400.000,-1,400.000,-1,325.000,325.000,300.000,300.000,-1,-1,-1,-1,775.000,725.000,-1,-1,2,0,2,0,2,0,0,0,0,2,2,2,2,0,0,2,2
89,4933.807,-1638.234,-263.804,6.205,0.992238,-0.108053,0.061554,0.109176,0.993907,-0.015168,-0.059540,0.021770,0.997989,0,0.16000,-0.24000,9.600,-0.480,-1,400.000,-1,400.000,-1,325.000,325.000,300.000,300.000,-1,-1,-1,-1,775.000,725.000,-1,-1,2,0,2,0,2,0,0,0,0,2,2,2,2,0,0,2,2
90,4948.141,-1636.858,-264.657,5.485,0.993503,-0.095557,0.061815,0.096650,0.995206,-0.014927,-0.060093,0.020805,0.997976,0,0.24000,-0.36000,14.400,-0.720,-1,400.000,-1,400.000,-1,325.000,325.000,300.000,300.000,-1,-1,-1,-1,775.000,725.000,-1,-1,2,0,2,0,2,0,0,0,0,2,2,2,2,0,0,2,2
91,4967.282,-1635.343,-265.801,4.525,0.994945,-0.078872,0.062163,0.079924,0.996694,-0.014619,-0.060805,0.019514,0.997959,0,0.32000,-0.48000,19.200,-0.960,-1,400.000,-1,400.000,-1,325.000,325.000,300.000,300.000,-1,-1,-1,-1,775.000,725.000,-1,-1,2,0,2,0,2,0,0,0,0,2,2,2,2,0,0,2,2
92,4991.241,-1633.952,-267.239,3.325,0.996353,-0.057983,0.062597,0.058984,0.998157,-0.014254,-0.061656,0.017895,0.997937,0,0.40000,-0.60000,24.000,-1.200,-1,400.000,-1,400.000,-1,325.000,325.000,300.000,300.000,-1,-1,-1,-1,775.000,725.000,-1,-1,2,0,2,0,2,0,0,0,0,2,2,2,2,0,0,2,2
93,5020.026,-1633.005,-268.977,1.885,0.997464,-0.032882,0.063115,0.033820,0.999332,-0.013845,-0.062618,0.015944,0.997910,0,0.48000,-0.72000,28.800,-1.440,-1,400.000,-1,400.000,-1,325.000,325.000,300.000,300.000,-1,-1,-1,-1,750.000,725.000,-1,-1,2,0,2,0,2,0,0,0,0,2,2,2,2,0,0,2,2
94,5053.626,-1632.885,-271.018,0.205,0.997962,-0.003570,0.063713,0.004433,0.999900,-0.013405,-0.063659,0.013660,0.997878,0,0.56000,-0.84000,33.600,-1.680,-1,400.000,-1,375.000,-1,325.000,325.000,300.000,300.000,-1,-1,-1,-1,750.000,700.000,-1,-1,2,0,2,0,2,0,0,0,0,2,2,2,2,0,0,2,2
95,5092.009,-1634.035,-273.364,-1.715,0.997476,0.029933,0.064384,-0.029158,0.999491,-0.012951,-0.064739,0.011041,0.997841,0,0.64000,-0.96000,38.400,-1.920,-1,400.000,-1,375.000,-1,325.000,325.000,300.000,300.000,-1,-1,-1,-1,750.000,700.000,-1,-1,2,0,2,0,2,0,0,0,0,2,2,2,2,0,0,2,2
96,5135.118,-1636.835,-276.016,-3.715,0.995771,0.064799,0.065120,-0.064118,0.997864,-0.012495,-0.065790,0.008267,0.997799,0,0.72000,-1.00000,43.200,-2.000,-1,400.000,-1,375.000,-1,325.000,325.000,300.000,300.000,-1,-1,-1,-1,750.000,700.000,-1,-1,2,0,2,0,2,0,0,0,0,2,2,2,2,0,0,2,2
97,5182.339,-1641.561,-278.936,-5.715,0.992844,0.099586,0.065902,-0.099004,0.995014,-0.012047,-0.066773,0.005436,0.997753,0,0.79095,-1.00000,47.457,-2.000,-1,375.000,-1,375.000,-1,325.000,300.000,300.000,300.000,-1,-1,-1,-1,725.000,700.000,-1,-1,2,0,2,0,2,0,0,0,0,2,2,2,2,0,0,2,2
98,5229.366,-1647.932,-281.895,-7.715,0.988728,0.134252,0.066284,-0.133786,0.990944,-0.011448,-0.067220,0.002451,0.997735,0,0.79095,-1.00000,47.457,-2.000,-1,375.000,-1,375.000,-1,325.000,300.000,300.000,300.000,-1,-1,-1,-1,725.000,675.000,-1,-1,2,0,2,0,2,0,0,0,0,2,2,2,2,0,0,2,2
99,5276.142,-1655.940,-284.783,-9.715,0.983454,0.168755,0.065886,-0.168395,0.985658,-0.011017,-0.066800,-0.000260,0.997766,0,0.79095,-1.00000,47.457,-2.000,-1,375.000,-1,375.000,-1,325.000,300.000,300.000,300.000,-1,-1,-1,-1,700.000,675.000,-1,-1,2,0,2,0,2,0,0,0,0,2,2,2,2,0,0,2,2
100,5322.610,-1665.576,-287.721,-11.715,0.977014,0.203050,0.064923,-0.202789,0.979164,-0.010648,-0.065732,-0.002763,0.997833,0,0.79095,-1.00000,47.457,-2.000,-1,375.000,-1,375.000,-1,300.000,300.000,300.000,300.000,-1,-1,-1,-1,700.000,675.000,-1,-1,2,0,2,0,2,0,0,0,0,2,2,2,2,0,0,2,2
101,5368.714,-1676.827,-290.572,-13.715,0.969389,0.237096,0.063795,-0.236955,0.971470,-0.009880,-0.064318,-0.005539,0.997914,0,0.79095,-1.00000,47.457,-2.000,-1,375.000,-1,375.000,-1,300.000,300.000,300.000,300.000,-1,-1,-1,-1,700.000,675.000,-1,-1,2,0,2,0,2,0,0,0,0,2,2,2,2,0,0,2,2
102,5414.397,-1689.681,-293.404,-15.715,0.960578,0.270850,0.062687,-0.270827,0.962586,-0.009028,-0.062786,-0.008305,0.997992,0,0.79095,-1.00000,47.457,-2.000,-1,375.000,-1,375.000,-1,300.000,300.000,300.000,300.000,-1,-1,-1,-1,675.000,675.000,-1,-1,2,0,2,0,2,0,0,0,0,2,2,2,2,0,0,2,2
103,5459.603,-1704.121,-296.212,-17.715,0.950591,0.304271,0.061605,-0.304364,0.952521,-0.008093,-0.061142,-0.011057,0.998068,0,0.79095,-1.00000,47.457,-2.000,-1,375.000,-1,375.000,-1,300.000,300.000,300.000,300.000,-1,-1,-1,-1,675.000,675.000,-1,-1,2,0,2,0,2,0,0,0,0,2,2,2,2,0,0,2,2
104,5504.278,-1720.130,-298.990,-19.715,0.939441,0.337316,0.060559,-0.337524,0.941290,-0.007076,-0.059390,-0.013793,0.998140,0,0.79095,-1.00000,47.457,-2.000,-1,375.000,-1,375.000,-1,300.000,300.000,300.000,300.000,-1,-1,-1,-1,650.000,675.000,-1,-1,2,0,2,0,2,0,0,0,0,2,2,2,2,0,0,2,2
105,5548.367,-1737.688,-301.734,-21.715,0.927142,0.369946,0.059556,-0.370266,0.928906,-0.005979,-0.057534,-0.016509,0.998207,0,0.79095,-1.00000,47.457,-2.000,-1,375.000,-1,375.000,-1,300.000,300.000,300.000,300.000,-1,-1,-1,-1,650.000,675.000,-1,-1,2,0,2,0,2,0,0,0,0,2,2,2,2,0,0,2,2
106,5591.816,-1756.774,-304.437,-23.715,0.913710,0.402120,0.058603,-0.402549,0.915386,-0.004808,-0.055577,-0.019198,0.998270,0,0.79095,-1.00000,47.457,-2.000,-1,375.000,-1,375.000,-1,300.000,300.000,300.000,325.000,-1,-1,-1,-1,625.000,675.000,-1,-1,2,0,2,0,2,0,0,0,0,2,2,2,2,0,0,2,2
107,5634.573,-1777.365,-307.025,-25.715,0.899180,0.433801,0.057375,-0.434320,0.900751,-0.003725,-0.053297,-0.021570,0.998346,0,0.79095,-1.00000,47.457,-2.000,-1,375.000,-1,375.000,-1,300.000,300.000,300.000,325.000,-1,875.000,-1,-1,625.000,675.000,-1,-1,2,0,2,0,2,0,0,0,0,2,0,2,2,0,0,2,2
108,5676.585,-1799.435,-309.550,-27.715,0.883556,0.464948,0.056149,-0.465553,0.885016,-0.002576,-0.050891,-0.023864,0.998419,0,0.79095,-1.00000,47.457,-2.000,-1,375.000,-1,375.000,-1,300.000,300.000,300.000,325.000,-1,650.000,800.000,-1,625.000,650.000,975.000,-1,2,0,2,0,2,0,0,0,0,2,0,0,2,0,0,0,2
109,5717.802,-1822.959,-312.009,-29.715,0.866856,0.495524,0.054931,-0.496208,0.868203,-0.001361,-0.048365,-0.026078,0.998489,0,0.79095,-1.00000,47.457,-2.000,975.000,375.000,-1,375.000,-1,300.000,300.000,300.000,325.000,-1,575.000,600.000,-1,600.000,650.000,950.000,-1,0,0,2,0,2,0,0,0,0,2,0,0,2,0,0,0,2
110,5758.172,-1847.907,-314.214,-31.715,0.849087,0.525502,0.053840,-0.526219,0.850349,-0.001018,-0.046318,-0.027467,0.998549,0,0.79095,-1.00000,47.457,-2.000,925.000,350.000,-1,375.000,-1,300.000,300.000,300.000,325.000,-1,575.000,575.000,-1,600.000,650.000,925.000,-1,0,0,2,0,2,0,0,0,0,2,0,0,2,0,0,0,2
111,5800.412,-1875.839,-316.492,-33.475,0.832610,0.551354,0.052628,-0.552094,0.833782,-0.000576,-0.044198,-0.028576,0.998614,0,0.84401,-0.88000,50.640,-1.760,875.000,350.000,-1,375.000,-1,300.000,300.000,300.000,325.000,-1,575.000,575.000,-1,600.000,650.000,875.000,-1,0,0,2,0,2,0,0,0,0,2,0,0,2,0,0,0,2
112,5841.897,-1904.882,-318.308,-34.995,0.817863,0.573288,0.049404,-0.573964,0.818880,-0.000624,-0.040813,-0.027846,0.998779,0,0.84401,-0.76000,50.640,-1.520,875.000,350.000,-1,375.000,-1,300.000,300.000,300.000,325.000,-1,550.000,525.000,-1,600.000,650.000,875.000,-1,0,0,2,0,2,0,0,0,0,2,0,0,2,0,0,0,2
113,5882.721,-1934.845,-319.926,-36.275,0.805048,0.591460,0.045515,-0.592051,0.805900,-0.000621,-0.037048,-0.026447,0.998963,0,0.84401,-0.64000,50.640,-1.280,875.000,350.000,-1,375.000,-1,300.000,300.000,325.000,325.000,-1,525.000,475.000,-1,600.000,650.000,875.000,-1,0,0,2,0,2,0,0,0,0,2,0,0,2,0,0,0,2
114,5922.996,-1965.544,-321.492,-37.315,0.794363,0.606014,0.041655,-0.606526,0.795063,-0.000429,-0.033378,-0.024924,0.999132,0,0.84401,-0.52000,50.640,-1.040,875.000,350.000,-1,375.000,-1,300.000,300.000,325.000,300.000,-1,500.000,450.000,-1,600.000,650.000,875.000,-1,0,0,2,0,2,0,0,0,0,2,0,0,2,0,0,0,2
115,5962.837,-1996.802,-323.007,-38.115,0.785991,0.617080,0.037826,-0.617519,0.786556,-0.000099,-0.029813,-0.023280,0.999284,0,0.84401,-0.40000,50.640,-0.800,875.000,350.000,-1,375.000,-1,300.000,300.000,325.000,300.000,-1,475.000,425.000,-1,600.000,650.000,875.000,-1,0,0,2,0,2,0,0,0,0,2,0,0,2,0,0,0,2
116,6002.372,-2028.448,-324.382,-38.675,0.780058,0.624758,0.034444,-0.625140,0.780512,0.000415,-0.026625,-0.021857,0.999407,0,0.84401,-0.28000,50.640,-0.560,875.000,350.000,-1,375.000,-1,300.000,300.000,325.000,300.000,-1,450.000,400.000,-1,625.000,650.000,875.000,-1,0,0,2,0,2,0,0,0,0,2,0,0,2,0,0,0,2
117,6041.729,-2060.314,-325.638,-38.995,0.776670,0.629126,0.031358,-0.629459,0.777034,0.000940,-0.023775,-0.020468,0.999508,0,0.84401,-0.16000,50.640,-0.320,875.000,350.000,-1,375.000,-1,300.000,300.000,325.000,300.000,-1,450.000,400.000,-1,600.000,650.000,875.000,-1,0,0,2,0,2,0,0,0,0,2,0,0,2,0,0,0,2
118,6081.041,-2092.236,-326.808,-39.075,0.775892,0.630231,0.028289,-0.630510,0.776180,0.001224,-0.021186,-0.018786,0.999599,0,0.84401,-0.04000,50.640,-0.080,875.000,350.000,-1,375.000,-1,300.000,300.000,300.000,300.000,-1,450.000,400.000,-1,600.000,650.000,875.000,-1,0,0,2,0,2,0,0,0,0,2,0,0,2,0,0,0,2
119,6120.443,-2124.047,-327.934,-38.915,0.777738,0.628082,0.025238,-0.628310,0.777962,0.001439,-0.018730,-0.016976,0.999680,0,0.84401,0.08000,50.640,0.160,875.000,350.000,-1,375.000,-1,300.000,300.000,300.000,300.000,-1,450.000,375.000,-1,600.000,650.000,850.000,-1,0,0,2,0,2,0,0,0,0,2,0,0,2,0,0,0,2
120,6160.066,-2155.582,-328.618,-38.515,0.782194,0.622640,0.022202,-0.622850,0.782333,0.003496,-0.015193,-0.016563,0.999747,0,0.84401,0.20000,50.640,0.400,875.000,350.000,-1,375.000,-1,300.000,300.000,300.000,300.000,-1,425.000,350.000,-1,600.000,650.000,875.000,-1,0,0,2,0,2,0,0,0,0,2,0,0,2,0,0,0,2
121,6200.039,-2186.673,-329.084,-37.875,0.789182,0.613861,0.019135,-0.614056,0.789237,0.006305,-0.011231,-0.016726,0.999797,0,0.84401,0.32000,50.640,0.640,875.000,350.000,-1,375.000,-1,300.000,300.000,300.000,300.000,-1,375.000,325.000,-1,600.000,675.000,875.000,-1,0,0,2,0,2,0,0,0,0,2,0,0,2,0,0,0,2
122,6240.484,-2217.146,-329.500,-36.995,0.798588,0.601665,0.016003,-0.601834,0.798570,0.009080,-0.007316,-0.016882,0.999831,0,0.84401,0.44000,50.640,0.880,900.000,350.000,-1,375.000,-1,300.000,300.000,300.000,300.000,-1,350.000,300.000,-1,600.000,675.000,900.000,-1,0,0,2,0,2,0,0,0,0,2,0,0,2,0,0,0,2
123,6281.518,-2246.822,-329.869,-35.875,0.810254,0.585940,0.012776,-0.586069,0.810176,0.011792,-0.003441,-0.017042,0.999849,0,0.84401,0.56000,50.640,1.120,900.000,350.000,-1,375.000,-1,300.000,300.000,300.000,325.000,-1,300.000,275.000,-1,600.000,675.000,900.000,-1,0,0,2,0,2,0,0,0,0,2,0,0,2,0,0,0,2
124,6323.244,-2275.517,-330.198,-34.515,0.823978,0.566544,0.009428,-0.566622,0.823852,0.014409,0.000396,-0.017214,0.999852,0,0.84401,0.68000,50.640,1.360,925.000,350.000,-1,375.000,-1,300.000,300.000,300.000,325.000,-1,275.000,250.000,-1,600.000,675.000,925.000,-1,0,0,2,0,2,0,0,0,0,2,0,0,2,0,0,0,2
125,6369.531,-2306.032,-330.301,-33.395,0.834921,0.550339,0.005852,-0.550356,0.834778,0.015966,0.003901,-0.016551,0.999855,0,0.92401,0.56000,55.440,1.120,925.000,350.000,-1,375.000,-1,300.000,300.000,300.000,325.000,-1,275.000,250.000,-1,600.000,675.000,925.000,-1,0,0,2,0,2,0,0,0,0,2,0,0,2,0,0,0,2
126,6418.307,-2337.125,-330.114,-32.515,0.843281,0.537467,0.002266,-0.537430,0.843154,0.016132,0.006760,-0.014821,0.999867,0,0.96407,0.44000,57.844,0.880,925.000,350.000,-1,375.000,-1,300.000,300.000,300.000,325.000,-1,300.000,250.000,-1,600.000,675.000,925.000,-1,0,0,2,0,2,0,0,0,0,2,0,0,2,0,0,0,2
127,6467.511,-2367.723,-329.868,-31.875,0.849225,0.528029,-0.001322,-0.527943,0.849126,0.016158,0.009654,-0.013024,0.999869,0,0.96570,0.32000,57.942,0.640,925.000,350.000,-1,375.000,-1,300.000,300.000,300.000,325.000,-1,300.000,275.000,-1,600.000,675.000,925.000,-1,0,0,2,0,2,0,0,0,0,2,0,0,2,0,0,0,2
128,6517.316,-2398.215,-329.073,-31.475,0.852846,0.522111,-0.007337,-0.521969,0.852829,0.015213,0.014200,-0.009145,0.999857,0,0.97328,0.20000,58.397,0.400,1000.000,350.000,-1,375.000,-1,300.000,300.000,300.000,325.000,-1,300.000,275.000,-1,600.000,675.000,950.000,-1,0,0,2,0,2,0,0,0,0,2,0,0,2,0,0,0,2
129,6567.596,-2428.804,-328.198,-31.315,0.854218,0.519742,-0.013429,-0.519574,0.854308,0.014173,0.018838,-0.005129,0.999809,0,0.98090,0.08000,58.854,0.160,-1,350.000,-1,375.000,-1,300.000,300.000,325.000,325.000,-1,325.000,275.000,-1,625.000,675.000,1000.000,-1,2,0,2,0,2,0,0,0,0,2,0,0,2,0,0,0,2
130,6618.226,-2459.704,-327.254,-31.395,0.853369,0.520941,-0.019550,-0.520776,0.853592,0.013132,0.023529,-0.001025,0.999723,0,0.98857,-0.04000,59.314,-0.080,-1,350.000,-1,375.000,-1,300.000,300.000,325.000,300.000,-1,325.000,275.000,-1,625.000,675.000,-1,-1,2,0,2,0,2,0,0,0,0,2,0,0,2,0,0,2,2
131,6669.078,-2491.129,-325.738,-31.715,0.850345,0.525700,-0.023511,-0.525542,0.850669,0.012955,0.026810,0.001340,0.999640,0,0.99631,-0.16000,59.778,-0.320,-1,350.000,-1,375.000,-1,300.000,300.000,325.000,300.000,-1,350.000,300.000,-1,625.000,675.000,-1,-1,2,0,2,0,2,0,0,0,0,2,0,0,2,0,0,2,2
132,6719.894,-2523.032,-323.970,-32.121,0.846505,0.531712,-0.026652,-0.531559,0.846919,0.013139,0.029558,0.003045,0.999558,0,1.00000,-0.20299,60.000,-0.406,-1,350.000,-1,375.000,-1,300.000,300.000,325.000,300.000,-1,400.000,325.000,-1,625.000,675.000,-1,-1,2,0,2,0,2,0,0,0,0,2,0,0,2,0,0,2,2
133,6770.481,-2555.295,-321.874,-32.528,0.842599,0.537710,-0.029924,-0.537523,0.843122,0.014664,0.033114,0.003729,0.999445,0,1.00000,-0.20337,60.000,-0.407,-1,350.000,-1,375.000,-1,300.000,300.000,325.000,300.000,-1,425.000,350.000,-1,625.000,675.000,-1,-1,2,0,2,0,2,0,0,0,0,2,0,0,2,0,0,2,2
134,6820.839,-2587.917,-319.546,-32.935,0.838627,0.543690,-0.033251,-0.543435,0.839278,0.017063,0.037184,0.003760,0.999301,0,1.00000,-0.20366,60.000,-0.407,-1,350.000,-1,375.000,-1,300.000,300.000,300.000,300.000,-1,450.000,375.000,-1,625.000,700.000,-1,-1,2,0,2,0,2,0,0,0,0,2,0,0,2,0,0,2,2
135,6870.963,-2620.896,-317.221,-33.343,0.834598,0.549649,-0.036513,-0.549327,0.835386,0.019228,0.041071,0.004011,0.999148,0,1.00000,-0.20387,60.000,-0.408,-1,375.000,-1,375.000,-1,300.000,300.000,300.000,325.000,-1,400.000,375.000,-1,625.000,700.000,-1,-1,2,0,2,0,2,0,0,0,0,2,0,0,2,0,0,2,2
136,6918.874,-2652.621,-314.935,-33.511,0.832842,0.552092,-0.039603,-0.551696,0.833773,0.021303,0.044781,0.004107,0.998988,0,0.95770,-0.08387,57.462,-0.168,-1,375.000,-1,375.000,-1,300.000,300.000,300.000,325.000,-1,375.000,350.000,-1,625.000,700.000,-1,-1,2,0,2,0,2,0,0,0,0,2,0,0,2,0,1,2,2
137,6967.202,-2684.534,-312.568,-33.439,0.833386,0.551040,-0.042701,-0.550559,0.834469,0.023373,0.048512,0.004031,0.998814,0,0.96523,0.03613,57.914,0.072,-1,375.000,-1,375.000,-1,300.000,300.000,300.000,325.000,-1,350.000,325.000,-1,650.000,675.000,-1,-1,2,0,2,0,2,0,0,0,0,2,0,0,2,0,1,2,2
138,7016.083,-2716.431,-310.019,-33.126,0.836217,0.546484,-0.045780,-0.545932,0.837459,0.024907,0.051950,0.004165,0.998641,0,0.97279,0.15613,58.367,0.312,-1,375.000,975.000,400.000,-1,300.000,325.000,300.000,325.000,-1,325.000,300.000,-1,625.000,650.000,-1,950.000,2,0,1,0,2,1,0,0,0,2,0,0,2,1,1,2,1
139,7065.653,-2748.101,-306.994,-32.574,0.841293,0.538383,-0.048684,-0.537860,0.842681,0.024377,0.054150,0.005677,0.998517,0,0.98038,0.27613,58.823,0.552,-1,375.000,925.000,400.000,-1,300.000,325.000,300.000,325.000,-1,350.000,300.000,-1,625.000,600.000,-1,875.000,2,0,1,0,2,1,1,0,0,2,0,0,2,1,1,2,1
140,7116.043,-2779.321,-303.893,-31.782,0.848500,0.526675,-0.051589,-0.526182,0.850038,0.023828,0.056402,0.006927,0.998384,0,0.98796,0.39613,59.278,0.792,-1,375.000,875.000,375.000,-1,300.000,300.000,300.000,325.000,-1,375.000,325.000,-1,600.000,575.000,-1,775.000,2,1,1,1,2,1,1,0,0,2,0,0,2,1,1,2,1
141,7167.350,-2809.904,-300.514,-30.799,0.857191,0.512003,-0.055463,-0.511568,0.858939,0.022852,0.059339,0.008784,0.998199,0,0.99551,0.49164,59.731,0.983,-1,350.000,850.000,350.000,-1,300.000,300.000,300.000,325.000,-1,375.000,325.000,-1,600.000,525.000,-1,675.000,2,1,1,1,2,1,1,0,0,2,0,0,2,1,1,2,1
142,7219.405,-2839.743,-297.027,-29.822,0.865547,0.497282,-0.059492,-0.496927,0.867522,0.021668,0.062386,0.010809,0.997994,0,1.00000,0.48821,60.000,0.976,-1,350.000,800.000,350.000,875.000,275.000,275.000,325.000,325.000,-1,375.000,325.000,-1,575.000,500.000,-1,600.000,2,1,1,1,1,1,1,0,0,2,0,0,2,1,1,2,1
143,7271.957,-2868.697,-293.490,-28.854,0.873576,0.482535,-0.063444,-0.482276,0.875783,0.020359,0.065387,0.012813,0.997778,0,1.00000,0.48427,60.000,0.969,-1,350.000,750.000,325.000,725.000,275.000,275.000,325.000,325.000,-1,400.000,325.000,-1,575.000,450.000,-1,525.000,2,1,1,1,1,1,1,0,0,2,0,0,2,1,1,2,1
144,7324.987,-2896.767,-289.510,-27.894,0.881396,0.467798,-0.065619,-0.467574,0.883735,0.019673,0.067193,0.013342,0.997651,0,1.00000,0.47978,60.000,0.960,-1,325.000,725.000,300.000,575.000,275.000,250.000,325.000,325.000,-1,425.000,350.000,-1,550.000,425.000,-1,450.000,2,1,1,1,1,1,1,0,0,2,0,0,2,1,1,2,1
145,7378.473,-2923.955,-284.824,-26.945,0.888864,0.453102,-0.067964,-0.452721,0.891386,0.021800,0.070460,0.011391,0.997450,0,1.00000,0.47469,60.000,0.949,-1,325.000,725.000,275.000,475.000,250.000,250.000,325.000,325.000,-1,450.000,375.000,-1,525.000,375.000,-1,375.000,2,1,1,1,1,1,1,0,0,2,0,0,2,1,1,2,1
146,7432.398,-2950.267,-277.984,-26.007,0.895812,0.438480,-0.072507,-0.437188,0.898740,0.033658,0.079923,0.001547,0.996800,0,1.00000,0.46892,60.000,0.938,-1,325.000,800.000,275.000,425.000,250.000,225.000,300.000,350.000,-1,400.000,375.000,-1,550.000,375.000,-1,350.000,2,1,1,1,1,1,1,0,0,2,0,0,2,1,1,2,1
147,7486.742,-2975.705,-270.799,-25.082,0.902369,0.423899,-0.077720,-0.421417,0.905660,0.046767,0.090212,-0.009449,0.995878,0,1.00000,0.46238,60.000,0.925,-1,325.000,900.000,275.000,375.000,250.000,225.000,300.000,375.000,-1,325.000,350.000,-1,575.000,375.000,-1,325.000,2,1,1,1,1,1,1,0,0,2,0,0,2,1,1,2,1
148,7541.483,-3000.275,-263.287,-24.172,0.908520,0.409385,-0.083632,-0.405385,0.912107,0.061019,0.101262,-0.021533,0.994627,0,1.00000,0.45499,60.000,0.910,-1,325.000,-1,250.000,350.000,250.000,225.000,300.000,400.000,-1,200.000,300.000,-1,600.000,350.000,-1,325.000,2,1,2,1,1,1,1,0,0,2,0,0,2,1,1,2,1
149,7596.602,-3023.989,-255.470,-23.279,0.914249,0.394971,-0.090260,-0.389075,0.918040,0.076306,0.113001,-0.034645,0.992991,0,1.00000,0.44662,60.000,0.893,-1,350.000,-1,250.000,325.000,250.000,225.000,275.000,450.000,-1,150.000,250.000,-1,625.000,350.000,-1,300.000,2,1,2,1,1,1,1,0,0,2,0,0,2,1,1,2,1
150,7652.077,-3046.857,-247.365,-22.405,0.919535,0.380694,-0.097609,-0.372479,0.923416,0.092528,0.125359,-0.048725,0.990914,0,1.00000,0.43711,60.000,0.874,-1,350.000,-1,250.000,300.000,250.000,225.000,275.000,500.000,825.000,100.000,200.000,-1,675.000,350.000,-1,275.000,2,1,2,1,1,1,1,0,0,0,0,0,2,1,1,2,1
151,7707.887,-3068.896,-238.991,-21.552,0.924357,0.366602,-0.105674,-0.355596,0.928194,0.109583,0.138259,-0.063717,0.988344,0,1.00000,0.42629,60.000,0.853,-1,375.000,-1,250.000,275.000,275.000,225.000,275.000,550.000,650.000,75.000,175.000,-1,750.000,350.000,-1,250.000,2,1,2,1,1,1,1,0,0,0,0,0,2,1,1,2,1
152,-341.984,-6408.805,-116.224,-78.399,0.206666,0.976060,0.067795,-0.975645,0.200379,0.089247,0.073526,-0.084588,0.993700,1,0.00000,0.00000,60.000,0.828,-1,400.000,-1,300.000,-1,275.000,225.000,325.000,400.000,625.000,125.000,150.000,-1,725.000,725.000,-1,-1,2,1,2,1,2,1,1,1,1,0,0,0,2,1,1,2,2
153,-8858.882,-6234.294,201.363,-142.271,-0.790438,0.611891,0.028240,-0.611965,-0.790854,0.006948,0.026585,-0.011790,0.999577,1,0.08000,-0.12000,4.800,-0.240,-1,400.000,-1,400.000,-1,325.000,325.000,300.000,300.000,-1,-1,-1,-1,775.000,800.000,-1,-1,2,0,2,0,2,0,0,0,0,2,2,2,2,0,0,2,2
154,-8866.502,-6240.132,201.635,-142.541,-0.793326,0.608147,0.028117,-0.608219,-0.793739,0.006898,0.026513,-0.011629,0.999581,0,0.16000,-0.13541,9.600,-0.271,-1,400.000,-1,400.000,-1,325.000,325.000,300.000,300.000,-1,-1,-1,-1,775.000,800.000,-1,-1,2,0,2,0,2,0,0,0,0,2,2,2,2,0,0,2,2
155,-8877.974,-6248.836,202.041,-142.812,-0.796198,0.604390,0.027949,-0.604460,-0.796606,0.006819,0.026385,-0.011465,0.999586,0,0.24000,-0.13541,14.400,-0.271,-1,400.000,-1,400.000,-1,325.000,325.000,300.000,300.000,-1,-1,-1,-1,775.000,800.000,-1,-1,2,0,2,0,2,0,0,0,0,2,2,2,2,0,0,2,2
156,-8893.325,-6260.369,202.577,-143.083,-0.799054,0.600619,0.027736,-0.600688,-0.799456,0.006709,0.026203,-0.011300,0.999593,0,0.32000,-0.13541,19.200,-0.271,-1,400.000,-1,400.000,-1,325.000,325.000,300.000,300.000,-1,-1,-1,-1,775.000,800.000,-1,-1,2,0,2,0,2,0,0,0,0,2,2,2,2,0,0,2,2
157,-8912.581,-6274.694,203.238,-143.354,-0.801894,0.596834,0.027483,-0.596902,-0.802287,0.006567,0.025969,-0.011138,0.999601,0,0.40000,-0.13541,24.000,-0.271,-1,400.000,-1,400.000,-1,325.000,325.000,300.000,300.000,-1,-1,-1,-1,775.000,800.000,-1,-1,2,0,2,0,2,0,0,0,0,2,2,2,2,0,0,2,2
158,-8935.769,-6291.774,204.020,-143.625,-0.804716,0.593036,0.027190,-0.593104,-0.805101,0.006393,0.025682,-0.010982,0.999610,0,0.48000,-0.13541,28.800,-0.271,-1,400.000,-1,400.000,-1,325.000,325.000,300.000,300.000,-1,-1,-1,-1,775.000,800.000,-1,-1,2,0,2,0,2,0,0,0,0,2,2,2,2,0,0,2,2
159,-8962.916,-6311.573,204.915,-143.896,-0.807522,0.589225,0.026862,-0.589292,-0.807896,0.006186,0.025347,-0.010834,0.999620,0,0.56000,-0.13541,33.600,-0.271,-1,400.000,-1,400.000,-1,325.000,325.000,300.000,300.000,-1,-1,-1,-1,775.000,800.000,-1,-1,2,0,2,0,2,0,0,0,0,2,2,2,2,0,0,2,2
160,-8994.047,-6334.054,205.910,-144.166,-0.810311,0.585401,0.026503,-0.585468,-0.810674,0.005971,0.024981,-0.010678,0.999631,0,0.64000,-0.13541,38.400,-0.271,-1,400.000,-1,400.000,-1,325.000,325.000,300.000,300.000,-1,-1,-1,-1,775.000,800.000,-1,-1,2,0,2,0,2,0,0,0,0,2,2,2,2,0,0,2,2
161,-9029.190,-6359.179,207.000,-144.437,-0.813084,0.581560,0.026114,-0.581627,-0.813435,0.005720,0.024569,-0.010538,0.999643,0,0.72000,-0.13552,43.200,-0.271,-1,400.000,-1,400.000,-1,325.000,325.000,300.000,300.000,-1,-1,-1,-1,775.000,800.000,-1,-1,2,0,2,0,2,0,0,0,0,2,2,2,2,0,0,2,2
162,-9068.369,-6386.909,208.180,-144.710,-0.815851,0.577690,0.025699,-0.577759,-0.816189,0.005417,0.024105,-0.010428,0.999655,0,0.80000,-0.13607,48.000,-0.272,-1,400.000,-1,400.000,-1,325.000,325.000,300.000,300.000,-1,-1,-1,-1,775.000,800.000,-1,-1,2,0,2,0,2,0,0,0,0,2,2,2,2,0,0,2,2
163,-9108.781,-6415.224,209.345,-144.983,-0.818611,0.573794,0.025232,-0.573864,-0.818935,0.005099,0.023589,-0.010306,0.999669,0,0.82241,-0.13655,49.344,-0.273,-1,400.000,-1,400.000,-1,325.000,325.000,300.000,300.000,-1,-1,-1,-1,775.000,800.000,-1,-1,2,0,2,0,2,0,0,0,0,2,2,2,2,0,0,2,2
164,-9150.065,-6443.857,210.401,-145.256,-0.821370,0.569876,0.024344,-0.569941,-0.821671,0.004878,0.022783,-0.009868,0.999692,0,0.83735,-0.13691,50.241,-0.274,-1,400.000,-1,400.000,-1,325.000,325.000,300.000,300.000,-1,-1,-1,-1,775.000,800.000,-1,-1,2,0,2,0,2,0,0,0,0,2,2,2,2,0,0,2,2
165,-9192.238,-6472.808,211.450,-145.531,-0.824112,0.565939,0.023515,-0.566000,-0.824393,0.004614,0.021997,-0.009507,0.999713,0,0.85257,-0.13713,51.154,-0.274,-1,400.000,-1,400.000,-1,325.000,325.000,300.000,300.000,-1,-1,-1,-1,775.000,800.000,-1,-1,2,0,2,0,2,0,0,0,0,2,2,2,2,0,0,2,2
166,-9235.318,-6502.080,212.533,-145.805,-0.826833,0.561986,0.022762,-0.562041,-0.827097,0.004520,0.021367,-0.009056,0.999731,0,0.86807,-0.13721,52.084,-0.274,-1,400.000,-1,400.000,-1,325.000,325.000,300.000,300.000,-1,-1,-1,-1,775.000,800.000,-1,-1,2,0,2,0,2,0,0,0,0,2,2,2,2,0,0,2,2
167,-9279.324,-6531.674,213.627,-146.079,-0.829532,0.558023,0.022059,-0.558071,-0.829781,0.004463,0.020794,-0.008608,0.999747,0,0.88386,-0.13713,53.031,-0.274,-1,400.000,-1,400.000,-1,325.000,325.000,300.000,300.000,-1,-1,-1,-1,775.000,800.000,-1,-1,2,0,2,0,2,0,0,0,0,2,2,2,2,0,0,2,2
168,-9327.601,-6563.514,214.810,-146.594,-0.834528,0.550555,0.021260,-0.550597,-0.834760,0.004379,0.020158,-0.008051,0.999764,0,0.96386,-0.25713,57.831,-0.514,-1,400.000,975.000,400.000,-1,325.000,325.000,300.000,300.000,-1,-1,-1,-1,775.000,775.000,-1,-1,2,0,1,0,2,0,0,0,0,2,2,2,2,0,0,2,2
169,-9378.119,-6595.887,216.002,-147.348,-0.841722,0.539521,0.020513,-0.539557,-0.841939,0.004230,0.019553,-0.007507,0.999781,0,1.00000,-0.37713,60.000,-0.754,-1,400.000,925.000,400.000,-1,325.000,325.000,300.000,300.000,-1,-1,-1,-1,775.000,775.000,-1,-1,2,0,1,0,2,0,0,0,0,2,2,2,2,0,0,2,2
170,-9429.191,-6627.377,217.220,-148.342,-0.850974,0.524832,0.019843,-0.524865,-0.851177,0.003959,0.018968,-0.007045,0.999795,0,1.00000,-0.49713,60.000,-0.994,-1,400.000,850.000,400.000,-1,325.000,325.000,300.000,300.000,-1,-1,-1,-1,775.000,775.000,-1,-1,2,0,1,0,2,0,0,0,0,2,2,2,2,0,1,2,2
171,-9480.852,-6657.891,218.440,-149.432,-0.860814,0.508556,0.019246,-0.508588,-0.861003,0.003575,0.018389,-0.006711,0.999808,0,1.00000,-0.54468,60.000,-1.089,-1,400.000,800.000,400.000,-1,325.000,325.000,300.000,300.000,-1,-1,-1,-1,725.000,750.000,975.000,-1,2,0,1,0,2,0,0,0,0,2,2,2,2,1,1,1,2
172,-9533.079,-6687.427,219.634,-150.511,-0.870255,0.492244,0.018735,-0.492276,-0.870433,0.003194,0.017879,-0.006443,0.999819,0,1.00000,-0.53980,60.000,-1.080,-1,400.000,725.000,400.000,-1,325.000,325.000,300.000,300.000,-1,-1,-1,-1,650.000,725.000,875.000,-1,2,0,1,0,2,0,0,0,0,2,2,2,2,1,1,1,2
173,-9585.848,-6715.983,220.801,-151.579,-0.879288,0.475938,0.018307,-0.475971,-0.879456,0.002812,0.017438,-0.006241,0.999828,0,1.00000,-0.53390,60.000,-1.068,-1,400.000,675.000,400.000,-1,325.000,325.000,300.000,300.000,-1,-1,-1,-1,575.000,700.000,775.000,1000.000,2,0,1,0,2,0,0,0,0,2,2,2,2,1,1,1,1
174,-9639.132,-6743.565,221.943,-152.633,-0.887901,0.459683,0.017959,-0.459717,-0.888062,0.002425,0.017064,-0.006103,0.999836,0,1.00000,-0.52692,60.000,-1.054,-1,400.000,625.000,400.000,1000.000,325.000,325.000,300.000,300.000,-1,-1,-1,-1,525.000,675.000,675.000,950.000,2,0,1,0,1,0,1,0,0,2,2,2,2,1,1,1,1
175,-9692.908,-6770.177,223.049,-153.670,-0.896087,0.443526,0.017700,-0.443562,-0.896241,0.002078,0.016785,-0.005989,0.999841,0,1.00000,-0.51881,60.000,-1.038,825.000,375.000,575.000,400.000,925.000,300.000,300.000,300.000,300.000,-1,-1,-1,-1,450.000,650.000,575.000,900.000,1,1,1,1,1,1,1,0,0,2,2,2,2,1,1,1,1
176,-9747.148,-6795.829,224.051,-154.689,-0.903837,0.427519,0.017489,-0.427547,-0.903990,0.002306,0.016796,-0.005393,0.999844,0,1.00000,-0.50948,60.000,-1.019,675.000,325.000,525.000,375.000,875.000,275.000,275.000,300.000,300.000,-1,-1,-1,-1,400.000,625.000,500.000,850.000,1,1,1,1,1,1,1,0,0,2,2,2,2,1,1,1,1
177,-9801.827,-6820.532,225.028,-155.687,-0.911154,0.411715,0.017025,-0.411733,-0.911301,0.002628,0.016597,-0.004616,0.999852,0,1.00000,-0.49887,60.000,-0.998,525.000,275.000,475.000,375.000,825.000,250.000,275.000,300.000,300.000,-1,-1,-1,-1,350.000,575.000,425.000,775.000,1,1,1,1,1,1,1,0,0,2,2,2,2,1,1,1,1
178,-9856.917,-6844.302,225.965,-156.661,-0.918028,0.396170,0.016551,-0.396178,-0.918169,0.002929,0.016358,-0.003868,0.999859,0,1.00000,-0.48687,60.000,-0.974,425.000,250.000,425.000,350.000,775.000,225.000,250.000,300.000,300.000,-1,-1,-1,-1,300.000,550.000,325.000,725.000,1,1,1,1,1,1,1,0,0,2,2,2,2,1,1,1,1
179,-9912.393,-6867.159,226.895,-157.608,-0.924456,0.380946,0.016186,-0.380947,-0.924592,0.003148,0.016164,-0.003256,0.999864,0,1.00000,-0.47337,60.000,-0.947,325.000,200.000,350.000,325.000,700.000,175.000,225.000,300.000,300.000,-1,-1,-1,-1,250.000,500.000,250.000,675.000,1,1,1,1,1,1,1,0,0,2,2,2,2,1,1,1,1
180,-9968.227,-6889.126,228.482,-158.524,-0.930420,0.366110,0.016816,-0.366051,-0.930572,0.006571,0.018054,-0.000042,0.999837,0,1.00000,-0.45826,60.000,-0.917,225.000,175.000,325.000,300.000,650.000,150.000,200.000,300.000,300.000,-1,-1,-1,-1,200.000,475.000,200.000,625.000,1,1,1,1,1,1,1,0,0,2,2,2,2,1,1,1,1
181,-10024.391,-6910.242,238.023,-159.407,-0.935689,0.351504,0.030521,-0.349812,-0.935500,0.049712,0.046026,0.035838,0.998297,0,1.00000,-0.44136,60.000,-0.883,200.000,175.000,325.000,325.000,625.000,150.000,200.000,400.000,275.000,-1,500.000,275.000,-1,200.000,500.000,175.000,600.000,1,1,1,1,1,1,1,0,0,2,0,0,2,1,1,1,1
182,-7543.216,327.966,93.690,-17.334,0.953019,0.297935,-0.054672,-0.297849,0.954562,0.009903,0.055138,0.006846,0.998455,1,0.00000,0.00000,60.000,-0.845,-1,400.000,-1,400.000,-1,325.000,325.000,300.000,300.000,-1,-1,-1,-1,850.000,800.000,-1,-1,2,0,2,0,2,0,0,0,0,2,2,2,2,0,0,2,2
183,-7538.640,326.517,93.959,-17.574,0.951759,0.301930,-0.054699,-0.301850,0.953304,0.009921,0.055141,0.007069,0.998454,0,0.08000,-0.12000,4.800,-0.240,-1,400.000,-1,400.000,-1,325.000,325.000,300.000,300.000,-1,-1,-1,-1,850.000,800.000,-1,-1,2,0,2,0,2,0,0,0,0,2,2,2,2,0,0,2,2
184,-7529.513,323.542,94.496,-18.054,0.949189,0.309905,-0.054756,-0.309836,0.950738,0.009956,0.055144,0.007515,0.998450,0,0.16000,-0.24000,9.600,-0.480,-1,400.000,-1,400.000,-1,325.000,325.000,300.000,300.000,-1,-1,-1,-1,850.000,800.000,-1,-1,2,0,2,0,2,0,0,0,0,2,2,2,2,0,0,2,2
185,-7515.879,318.907,95.303,-18.774,0.945209,0.321826,-0.054848,-0.321775,0.946763,0.010006,0.055148,0.008191,0.998445,0,0.24000,-0.36000,14.400,-0.720,-1,400.000,-1,400.000,-1,325.000,325.000,300.000,300.000,-1,-1,-1,-1,850.000,800.000,-1,-1,2,0,2,0,2,0,0,0,0,2,2,2,2,0,0,2,2
186,-7497.807,312.425,96.379,-19.734,0.939668,0.337640,-0.054981,-0.337613,0.941231,0.010066,0.055148,0.009103,0.998437,0,0.32000,-0.48000,19.200,-0.960,-1,400.000,-1,400.000,-1,325.000,325.000,300.000,300.000,-1,-1,-1,-1,875.000,825.000,-1,-1,2,0,2,0,2,0,0,0,0,2,2,2,2,0,0,2,2
187,-7475.391,303.850,97.726,-20.934,0.932369,0.357274,-0.055166,-0.357278,0.933943,0.010133,0.055142,0.010262,0.998426,0,0.40000,-0.60000,24.000,-1.200,-1,400.000,-1,400.000,-1,325.000,325.000,300.000,300.000,-1,-1,-1,-1,875.000,825.000,-1,-1,2,0,2,0,2,0,0,0,0,2,2,2,2,0,0,2,2
188,-7448.759,292.887,99.343,-22.374,0.923067,0.380625,-0.055417,-0.380668,0.924656,0.010199,0.055124,0.011681,0.998411,0,0.48000,-0.72000,28.800,-1.440,-1,400.000,-1,400.000,-1,325.000,325.000,325.000,300.000,-1,-1,-1,-1,875.000,825.000,-1,-1,2,0,2,0,2,0,0,0,0,2,2,2,2,0,0,2,2
189,-7418.076,279.192,101.229,-24.054,0.911474,0.407561,-0.055755,-0.407652,0.913080,0.010258,0.055089,0.013378,0.998392,0,0.56000,-0.84000,33.600,-1.680,-1,400.000,-1,400.000,-1,325.000,325.000,325.000,300.000,-1,-1,-1,-1,900.000,850.000,-1,-1,2,0,2,0,2,0,0,0,0,2,2,2,2,0,0,2,2
190,-7383.555,262.375,103.384,-25.974,0.897259,0.437912,-0.056202,-0.438061,0.898886,0.010302,0.055031,0.015376,0.998366,0,0.64000,-0.96000,38.400,-1.920,-1,425.000,-1,400.000,-1,325.000,325.000,325.000,300.000,-1,-1,-1,-1,925.000,850.000,-1,-1,2,0,2,0,2,0,0,0,0,2,2,2,2,0,0,2,2
191,-7345.402,242.111,105.777,-27.974,0.881370,0.469000,-0.056793,-0.469207,0.883026,0.010469,0.055060,0.017421,0.998331,0,0.72000,-1.00000,43.200,-2.000,-1,425.000,-1,400.000,-1,325.000,325.000,325.000,300.000,-1,-1,-1,-1,975.000,875.000,-1,-1,2,0,2,0,2,0,0,0,0,2,2,2,2,0,0,2,2
192,-7303.821,218.131,108.300,-29.974,0.864434,0.499517,-0.056888,-0.499761,0.866095,0.010875,0.054703,0.019030,0.998321,0,0.80000,-1.00000,48.000,-2.000,-1,425.000,-1,400.000,-1,325.000,325.000,325.000,300.000,-1,-1,-1,-1,1000.000,875.000,-1,-1,2,0,2,0,2,0,0,0,0,2,2,2,2,0,0,2,2
193,-7259.032,190.171,110.640,-31.974,0.846569,0.529440,-0.054905,-0.529644,0.848136,0.011953,0.052895,0.018961,0.998420,0,0.88000,-1.00000,52.800,-2.000,-1,425.000,-1,400.000,-1,325.000,325.000,300.000,300.000,-1,-1,-1,-1,-1,900.000,-1,-1,2,0,2,0,2,0,0,0,0,2,2,2,2,2,0,2,2
194,-7212.087,158.537,113.136,-33.974,0.827678,0.558717,-0.052766,-0.558889,0.829143,0.012820,0.050913,0.018880,0.998525,0,0.94348,-1.00000,56.609,-2.000,-1,425.000,-1,400.000,-1,325.000,325.000,300.000,300.000,-1,-1,-1,-1,-1,900.000,-1,-1,2,0,2,0,2,0,0,0,0,2,2,2,2,2,0,2,2
195,-7166.297,125.300,115.614,-35.974,0.807774,0.587313,-0.050642,-0.587466,0.809138,0.013388,0.048839,0.018936,0.998627,0,0.94302,-1.00000,56.581,-2.000,-1,425.000,-1,400.000,-1,325.000,325.000,300.000,300.000,-1,-1,-1,-1,-1,900.000,-1,-1,2,0,2,0,2,0,0,0,0,2,2,2,2,2,0,2,2
196,-7121.725,90.509,118.082,-37.974,0.786883,0.615192,-0.048515,-0.615337,0.788146,0.013665,0.046643,0.019100,0.998729,0,0.94238,-1.00000,56.543,-2.000,-1,425.000,-1,400.000,-1,325.000,325.000,300.000,300.000,-1,-1,-1,-1,-1,900.000,-1,-1,2,0,2,0,2,0,0,0,1,2,2,2,2,2,0,2,2
197,-7078.432,54.215,120.618,-39.974,0.765029,0.642323,-0.046379,-0.642454,0.766196,0.014007,0.044532,0.019081,0.998826,0,0.94156,-1.00000,56.494,-2.000,-1,425.000,-1,425.000,975.000,325.000,325.000,300.000,300.000,-1,-1,-1,-1,-1,900.000,-1,-1,2,0,2,0,1,0,0,0,1,2,2,2,2,2,0,2,2
198,-7036.477,16.473,123.133,-41.974,0.742238,0.668670,-0.044305,-0.668799,0.743311,0.014048,0.042326,0.019204,0.998919,0,0.94055,-1.00000,56.433,-2.000,-1,425.000,-1,425.000,900.000,325.000,325.000,300.000,300.000,-1,-1,-1,-1,-1,875.000,-1,-1,2,0,2,0,1,0,0,0,1,2,2,2,2,2,1,2,2
199,-6995.917,-22.660,125.436,-43.974,0.718541,0.694191,-0.042404,-0.694364,0.719508,0.012893,0.039460,0.020180,0.999017,0,0.93935,-1.00000,56.361,-2.000,-1,425.000,-1,425.000,850.000,325.000,325.000,300.000,275.000,-1,-1,-1,-1,-1,850.000,-1,-1,2,0,2,0,1,0,0,0,1,2,2,2,2,2,1,2,2
200,-6956.805,-63.124,127.534,-45.974,0.693966,0.718851,-0.040790,-0.719109,0.694817,0.010606,0.035965,0.021972,0.999111,0,0.93795,-1.00000,56.277,-2.000,-1,425.000,-1,425.000,775.000,325.000,325.000,300.000,275.000,-1,-1,-1,-1,-1,800.000,-1,-1,2,0,2,0,1,0,0,0,1,2,2,2,2,2,1,2,2
201,-6919.193,-104.858,129.418,-47.974,0.668543,0.742623,-0.039512,-0.742980,0.669270,0.007610,0.032096,0.024269,0.999190,0,0.93636,-1.00000,56.182,-2.000,-1,425.000,-1,400.000,700.000,325.000,325.000,325.000,275.000,-1,-1,-1,-1,-1,750.000,-1,-1,2,0,2,0,1,0,0,0,1,2,2,2,2,2,1,2,2
202,-6883.129,-147.797,131.179,-49.974,0.642297,0.765497,-0.038340,-0.765915,0.642919,0.005434,0.028809,0.025875,0.999250,0,0.93458,-1.00000,56.075,-2.000,-1,425.000,-1,400.000,650.000,325.000,325.000,325.000,250.000,-1,-1,-1,-1,-1,725.000,-1,900.000,2,0,2,0,1,0,0,0,1,2,2,2,2,2,1,2,1
203,-6848.659,-191.875,132.490,-51.974,0.615249,0.787468,-0.036920,-0.787876,0.615812,0.005192,0.026824,0.025894,0.999305,0,0.93260,-1.00000,55.956,-2.000,-1,425.000,-1,400.000,600.000,325.000,325.000,325.000,250.000,-1,-1,-1,-1,-1,675.000,-1,775.000,2,0,2,0,1,0,0,0,1,2,2,2,2,2,1,2,1
204,-6815.825,-237.026,133.695,-53.974,0.587461,0.808483,-0.035280,-0.808878,0.587957,0.004807,0.024630,0.025714,0.999366,0,0.93045,-1.00000,55.827,-2.000,-1,425.000,-1,400.000,550.000,350.000,325.000,325.000,250.000,-1,-1,-1,-1,-1,650.000,-1,675.000,2,0,2,0,1,0,0,0,1,2,2,2,2,2,1,2,1
205,-6784.664,-283.179,134.625,-55.974,0.558994,0.828532,-0.032548,-0.828888,0.559399,0.004187,0.021676,0.024638,0.999461,0,0.92812,-1.00000,55.687,-2.000,-1,425.000,-1,400.000,500.000,325.000,325.000,325.000,250.000,-1,-1,-1,-1,1000.000,600.000,-1,600.000,2,0,2,0,1,0,0,0,1,2,2,2,2,0,1,2,1
206,-6755.213,-330.264,135.495,-57.974,0.529838,0.847573,-0.029877,-0.847893,0.530156,0.003353,0.018681,0.023556,0.999548,0,0.92563,-1.00000,55.538,-2.000,-1,425.000,-1,400.000,450.000,325.000,325.000,300.000,250.000,-1,-1,-1,-1,975.000,575.000,-1,525.000,2,0,2,1,1,0,0,0,1,2,2,2,2,0,1,2,1
207,-6727.502,-378.212,136.308,-59.974,0.500026,0.865580,-0.027289,-0.865869,0.500266,0.002313,0.015654,0.022472,0.999625,0,0.92299,-1.00000,55.379,-2.000,-1,425.000,-1,375.000,400.000,325.000,325.000,300.000,250.000,-1,-1,-1,-1,950.000,525.000,-1,475.000,2,0,2,1,1,0,0,0,1,2,2,2,2,0,1,2,1
208,-6701.560,-426.950,137.064,-61.974,0.469596,0.882533,-0.024804,-0.882791,0.469764,0.001081,0.012606,0.021389,0.999692,0,0.92022,-1.00000,55.213,-2.000,-1,425.000,-1,350.000,350.000,325.000,325.000,300.000,250.000,-1,-1,-1,-1,950.000,500.000,-1,400.000,2,0,2,1,1,0,1,0,1,2,2,2,2,0,1,2,1
209,-6678.707,-473.691,137.728,-63.945,0.439038,0.898185,-0.022554,-0.898416,0.439145,-0.000244,0.009685,0.020370,0.999746,0,0.86713,-0.98540,52.028,-1.971,-1,425.000,-1,325.000,325.000,325.000,300.000,300.000,250.000,-1,-1,-1,-1,925.000,475.000,-1,350.000,2,0,2,1,1,1,1,0,1,2,2,2,2,0,1,2,1
210,-6657.541,-521.049,138.351,-65.917,0.407925,0.912787,-0.020399,-0.912990,0.407977,-0.001730,0.006743,0.019330,0.999790,0,0.86454,-0.98628,51.872,-1.973,-1,425.000,-1,300.000,275.000,325.000,300.000,300.000,250.000,-1,-1,-1,-1,900.000,425.000,-1,300.000,2,0,2,1,1,1,1,0,1,2,2,2,2,0,1,2,1
211,-6638.079,-568.959,139.104,-67.891,0.376307,0.926328,-0.017590,-0.926489,0.376305,-0.003592,0.003292,0.017649,0.999839,0,0.86188,-0.98701,51.713,-1.974,-1,400.000,1000.000,275.000,225.000,300.000,275.000,325.000,250.000,-1,-1,-1,-1,875.000,400.000,-1,250.000,2,0,1,1,1,1,1,0,1,2,2,2,2,0,1,2,1
212,-6620.336,-617.361,141.676,-69.867,0.344147,0.938855,-0.010647,-0.938894,0.344193,0.002856,0.006346,0.009014,0.999939,0,0.85919,-0.98759,51.551,-1.975,-1,425.000,925.000,275.000,200.000,300.000,250.000,300.000,250.000,-1,-1,-1,-1,900.000,375.000,-1,225.000,2,0,1,1,1,1,1,0,1,2,2,2,2,0,1,2,1
213,-6604.323,-666.190,145.929,-71.843,0.311680,0.950187,0.000936,-0.950062,0.311622,0.016567,0.015450,-0.006053,0.999862,0,0.85646,-0.98803,51.388,-1.976,-1,450.000,875.000,275.000,200.000,325.000,275.000,300.000,275.000,-1,-1,-1,-1,900.000,375.000,-1,225.000,2,0,1,1,1,1,1,0,1,2,2,2,2,1,1,2,1
214,-6590.047,-715.385,149.958,-73.819,0.279077,0.960183,0.012835,-0.959943,0.278609,0.029785,0.025023,-0.020633,0.999474,0,0.85372,-0.98832,51.223,-1.977,-1,475.000,825.000,275.000,200.000,325.000,275.000,300.000,300.000,-1,675.000,-1,-1,850.000,375.000,-1,200.000,2,0,1,1,1,1,1,0,1,2,0,2,2,1,1,2,1
215,-6576.109,-769.647,153.957,-75.598,0.249889,0.967902,0.026852,-0.967565,0.248548,0.045177,0.037053,-0.037271,0.998618,0,0.93372,-0.88944,56.023,-1.779,-1,500.000,775.000,275.000,200.000,350.000,275.000,300.000,325.000,-1,200.000,525.000,-1,775.000,375.000,925.000,200.000,2,0,1,1,1,1,1,0,1,2,0,0,2,1,1,1,1
216,-6563.115,-827.672,158.140,-77.385,0.220824,0.974361,0.043108,-0.974044,0.218066,0.060704,0.049747,-0.055394,0.997225,0,0.99100,-0.89334,59.460,-1.787,-1,550.000,725.000,275.000,175.000,350.000,275.000,275.000,350.000,925.000,100.000,325.000,-1,700.000,375.000,850.000,200.000,2,0,1,1,1,1,1,0,1,0,0,0,2,1,1,1,1
217,-6551.889,-886.364,162.407,-79.181,0.191899,0.979530,0.060788,-0.979415,0.187189,0.075534,0.062609,-0.074031,0.995289,0,0.99590,-0.89815,59.754,-1.796,900.000,575.000,675.000,275.000,175.000,375.000,275.000,275.000,375.000,600.000,75.000,250.000,-1,650.000,375.000,775.000,175.000,1,1,1,1,1,1,1,0,1,0,0,0,2,1,1,1,1
218,-6542.476,-945.624,166.765,-80.988,0.163196,0.983360,0.079818,-0.983672,0.155957,0.089814,0.075871,-0.093172,0.992755,0,1.00000,-0.90350,60.000,-1.807,775.000,525.000,625.000,275.000,150.000,375.000,275.000,250.000,400.000,425.000,50.000,225.000,-1,575.000,375.000,675.000,175.000,1,1,1,1,1,1,1,0,1,0,0,0,2,1,1,1,1
219,-4263.556,-6887.288,153.734,-85.412,0.080315,0.996487,0.023740,-0.996681,0.079968,0.015214,0.013262,-0.024883,0.999602,1,0.00000,0.00000,60.000,-1.819,-1,400.000,-1,400.000,-1,325.000,325.000,300.000,300.000,-1,-1,-1,-1,825.000,775.000,-1,-1,2,0,2,0,2,0,0,0,0,2,2,2,2,0,0,2,2
220,-4263.960,-6882.505,153.672,-85.172,0.084489,0.996143,0.023696,-0.996337,0.084141,0.015284,0.013231,-0.024901,0.999602,0,-0.08000,0.12000,-4.800,0.240,-1,400.000,-1,400.000,-1,325.000,325.000,300.000,300.000,-1,-1,-1,-1,825.000,775.000,-1,-1,2,0,2,0,2,0,0,0,0,2,2,2,2,0,0,2,2
221,-4264.820,-6872.944,153.547,-84.861,0.089893,0.995672,0.023609,-0.995863,0.089545,0.015420,0.013239,-0.024898,0.999602,0,-0.16000,0.15543,-9.600,0.311,-1,400.000,-1,400.000,-1,325.000,325.000,300.000,300.000,-1,-1,-1,-1,825.000,775.000,-1,-1,2,0,2,0,2,0,0,0,0,2,2,2,2,0,0,2,2
222,-4265.958,-6861.022,153.394,-84.550,0.095296,0.995172,0.023500,-0.995360,0.094946,0.015587,0.013280,-0.024876,0.999602,0,-0.19960,0.15543,-11.976,0.311,-1,400.000,-1,400.000,-1,325.000,325.000,300.000,300.000,-1,-1,-1,-1,825.000,775.000,-1,-1,2,0,2,0,2,0,0,0,0,2,2,2,2,0,0,2,2
223,-4267.160,-6849.107,153.243,-84.239,0.100696,0.994642,0.023388,-0.994828,0.100344,0.015753,0.013322,-0.024853,0.999602,0,-0.19960,0.15543,-11.976,0.311,-1,400.000,-1,400.000,-1,325.000,325.000,300.000,300.000,-1,-1,-1,-1,825.000,775.000,-1,-1,2,0,2,0,2,0,0,0,0,2,2,2,2,0,0,2,2
224,-4268.426,-6837.198,153.093,-83.928,0.106092,0.994084,0.023273,-0.994266,0.105739,0.015918,0.013363,-0.024828,0.999602,0,-0.19960,0.15543,-11.976,0.311,-1,400.000,-1,400.000,-1,325.000,325.000,300.000,300.000,-1,-1,-1,-1,825.000,775.000,-1,-1,2,0,2,0,2,0,0,0,0,2,2,2,2,0,0,2,2
225,-4269.758,-6825.296,152.945,-83.617,0.111486,0.993496,0.023155,-0.993676,0.111131,0.016082,0.013405,-0.024801,0.999603,0,-0.19960,0.15543,-11.976,0.311,-1,400.000,-1,400.000,-1,325.000,325.000,300.000,300.000,-1,-1,-1,-1,825.000,775.000,-1,-1,2,0,2,0,2,0,0,0,0,2,2,2,2,0,0,2,2
226,-4271.154,-6813.402,152.799,-83.307,0.116876,0.992879,0.023034,-0.993055,0.116520,0.016246,0.013446,-0.024772,0.999603,0,-0.19960,0.15543,-11.976,0.311,-1,400.000,-1,400.000,-1,325.000,325.000,300.000,300.000,-1,-1,-1,-1,825.000,775.000,-1,-1,2,0,2,0,2,0,0,0,0,2,2,2,2,0,0,2,2
227,-4272.614,-6801.516,152.654,-82.996,0.122263,0.992233,0.022910,-0.992406,0.121905,0.016408,0.013487,-0.024742,0.999603,0,-0.19960,0.15543,-11.976,0.311,-1,400.000,-1,400.000,-1,325.000,325.000,300.000,300.000,-1,-1,-1,-1,825.000,775.000,-1,-1,2,0,2,0,2,0,0,0,0,2,2,2,2,0,0,2,2
228,-4274.139,-6789.637,152.512,-82.685,0.127646,0.991558,0.022783,-0.991727,0.127287,0.016569,0.013529,-0.024709,0.999603,0,-0.19960,0.15543,-11.976,0.311,-1,400.000,-1,400.000,-1,325.000,325.000,300.000,300.000,-1,-1,-1,-1,825.000,800.000,-1,-1,2,0,2,0,2,0,0,0,0,2,2,2,2,0,0,2,2
229,-4275.728,-6777.767,152.370,-82.374,0.133026,0.990854,0.022653,-0.991020,0.132665,0.016728,0.013570,-0.024675,0.999603,0,-0.19960,0.15543,-11.976,0.311,-1,400.000,-1,400.000,-1,325.000,325.000,300.000,300.000,-1,-1,-1,-1,825.000,800.000,-1,-1,2,0,2,0,2,0,0,0,0,2,2,2,2,0,0,2,2
230,-4277.382,-6765.906,152.231,-82.063,0.138401,0.990120,0.022521,-0.990283,0.138040,0.016887,0.013611,-0.024639,0.999604,0,-0.19960,0.15543,-11.976,0.311,-1,400.000,-1,400.000,-1,325.000,325.000,300.000,300.000,-1,-1,-1,-1,825.000,800.000,-1,-1,2,0,2,0,2,0,0,0,0,2,2,2,2,0,0,2,2
231,-4279.100,-6754.054,152.093,-81.752,0.143772,0.989358,0.022386,-0.989517,0.143410,0.017043,0.013652,-0.024601,0.999604,0,-0.19960,0.15543,-11.976,0.311,-1,400.000,-1,400.000,-1,325.000,325.000,300.000,300.000,-1,-1,-1,-1,825.000,800.000,-1,-1,2,0,2,0,2,0,0,0,0,2,2,2,2,0,0,2,2
232,-4280.882,-6742.212,151.957,-81.441,0.149139,0.988566,0.022248,-0.988721,0.148776,0.017199,0.013692,-0.024562,0.999605,0,-0.19960,0.15543,-11.976,0.311,-1,400.000,-1,400.000,-1,325.000,325.000,300.000,300.000,-1,-1,-1,-1,825.000,800.000,-1,-1,2,0,2,0,2,0,0,0,0,2,2,2,2,0,0,2,2
233,-4282.728,-6730.379,151.823,-81.131,0.154502,0.987745,0.022107,-0.987897,0.154137,0.017352,0.013732,-0.024520,0.999605,0,-0.19960,0.15543,-11.976,0.311,-1,400.000,-1,400.000,-1,325.000,325.000,300.000,300.000,-1,-1,-1,-1,825.000,800.000,-1,-1,2,0,2,0,2,0,0,0,0,2,2,2,2,0,0,2,2
234,-4283.844,-6723.291,151.741,-81.060,0.155725,0.987555,0.022029,-0.987704,0.155359,0.017443,0.013803,-0.024475,0.999605,0,-0.11960,0.03543,-7.176,0.071,-1,400.000,-1,400.000,-1,325.000,325.000,300.000,300.000,-1,-1,-1,-1,825.000,800.000,-1,-1,2,0,2,0,2,0,0,0,0,2,2,2,2,0,0,2,2
235,-4284.206,-6720.943,151.713,-81.229,0.152810,0.988010,0.022016,-0.988158,0.152443,0.017471,0.013906,-0.024425,0.999605,0,-0.03960,-0.08457,-2.376,-0.169,-1,400.000,-1,400.000,-1,325.000,325.000,300.000,300.000,-1,-1,-1,-1,825.000,800.000,-1,-1,2,0,2,0,2,0,0,0,0,2,2,2,2,0,0,2,2
236,-4283.853,-6723.341,151.738,-81.638,0.145752,0.989075,0.022066,-0.989222,0.145385,0.017438,0.014039,-0.024370,0.999604,0,0.04040,-0.20457,2.424,-0.409,-1,400.000,-1,400.000,-1,325.000,325.000,300.000,300.000,-1,-1,-1,-1,825.000,800.000,-1,-1,2,0,2,0,2,0,0,0,0,2,2,2,2,0,0,2,2
237,-4282.884,-6730.500,151.820,-82.287,0.134538,0.990660,0.022176,-0.990807,0.134170,0.017341,0.014203,-0.024305,0.999604,0,0.12040,-0.32457,7.224,-0.649,-1,400.000,-1,400.000,-1,325.000,325.000,300.000,300.000,-1,-1,-1,-1,825.000,800.000,-1,-1,2,0,2,0,2,0,0,0,0,2,2,2,2,0,0,2,2
238,-4281.455,-6742.439,151.962,-83.176,0.119150,0.992625,0.022339,-0.992772,0.118782,0.017177,0.014397,-0.024225,0.999603,0,0.20040,-0.44457,12.024,-0.889,-1,400.000,-1,400.000,-1,325.000,325.000,300.000,300.000,-1,-1,-1,-1,825.000,800.000,-1,-1,2,0,2,0,2,0,0,0,0,2,2,2,2,0,0,2,2
239,-4279.786,-6759.180,152.173,-84.305,0.099568,0.994775,0.022547,-0.994923,0.099198,0.016946,0.014621,-0.024120,0.999602,0,0.28040,-0.56457,16.824,-1.129,-1,400.000,-1,400.000,-1,325.000,325.000,300.000,300.000,-1,-1,-1,-1,825.000,775.000,-1,-1,2,0,2,0,2,0,0,0,0,2,2,2,2,0,0,2,2
240,-4278.155,-6780.743,152.458,-85.674,0.075771,0.996865,0.022785,-0.997014,0.075401,0.016643,0.014873,-0.023978,0.999602,0,0.36040,-0.68457,21.624,-1.369,-1,400.000,-1,400.000,-1,325.000,325.000,300.000,300.000,-1,-1,-1,-1,825.000,775.000,-1,-1,2,0,2,0,2,0,0,0,0,2,2,2,2,0,0,2,2
241,-4276.903,-6807.138,152.828,-87.284,0.047747,0.998594,0.023039,-0.998744,0.047379,0.016269,0.015155,-0.023787,0.999602,0,0.44040,-0.80457,26.424,-1.609,-1,400.000,-1,400.000,-1,325.000,325.000,300.000,300.000,-1,-1,-1,-1,825.000,775.000,-1,-1,2,0,2,0,2,0,0,0,0,2,2,2,2,0,0,2,2
242,-4276.353,-6838.357,153.293,-88.991,0.017979,0.999567,0.023287,-0.999720,0.017613,0.015828,0.015411,-0.023565,0.999604,0,0.52040,-0.85346,31.224,-1.707,-1,400.000,-1,400.000,-1,325.000,325.000,300.000,300.000,-1,-1,-1,-1,825.000,775.000,-1,-1,2,0,2,0,2,0,0,0,0,2,2,2,2,0,0,2,2
243,-4276.791,-6874.379,153.860,-90.697,-0.011806,0.999654,0.023514,-0.999808,-0.012169,0.015327,0.015608,-0.023328,0.999606,0,0.60040,-0.85346,36.024,-1.707,-1,400.000,-1,400.000,-1,325.000,325.000,300.000,300.000,-1,-1,-1,-1,825.000,775.000,-1,-1,2,0,2,0,2,0,0,0,0,2,2,2,2,0,0,2,2
244,-4278.504,-6915.167,154.536,-92.404,-0.041583,0.998854,0.023710,-0.999011,-0.041940,0.014774,0.015751,-0.023072,0.999610,0,0.68040,-0.85346,40.824,-1.707,-1,400.000,-1,400.000,-1,325.000,325.000,300.000,300.000,-1,-1,-1,-1,825.000,775.000,-1,-1,2,0,2,0,2,0,0,0,0,2,2,2,2,0,0,2,2
245,-4281.775,-6960.674,155.330,-94.111,-0.071324,0.997168,0.023867,-0.997327,-0.071675,0.014179,0.015850,-0.022792,0.999615,0,0.76040,-0.85346,45.624,-1.707,-1,400.000,-1,400.000,-1,325.000,325.000,300.000,300.000,-1,-1,-1,-1,825.000,775.000,-1,-1,2,0,2,0,2,0,0,0,0,2,2,2,2,0,0,2,2
246,-4286.887,-7010.838,156.249,-95.818,-0.101003,0.994597,0.023976,-0.994759,-0.101346,0.013555,0.015912,-0.022481,0.999621,0,0.84040,-0.85346,50.424,-1.707,-1,400.000,-1,400.000,-1,325.000,325.000,300.000,300.000,-1,-1,-1,-1,825.000,775.000,-1,-1,2,0,2,0,2,0,0,0,0,2,2,2,2,0,0,2,2
247,-4293.750,-7062.796,157.249,-97.525,-0.130593,0.991145,0.024025,-0.991307,-0.130928,0.012947,0.015978,-0.022126,0.999628,0,0.87348,-0.85346,52.409,-1.707,-1,400.000,-1,400.000,-1,325.000,325.000,300.000,300.000,-1,-1,-1,-1,825.000,775.000,-1,-1,2,0,2,0,2,0,0,0,0,2,2,2,2,0,0,2,2
248,-4302.158,-7114.526,158.295,-99.232,-0.160067,0.986814,0.024012,-0.986975,-0.160395,0.012388,0.016076,-0.021716,0.999635,0,0.87348,-0.85346,52.409,-1.707,-1,400.000,-1,400.000,-1,325.000,325.000,300.000,300.000,-1,-1,-1,-1,825.000,750.000,-1,-1,2,0,2,0,2,0,0,0,0,2,2,2,2,0,0,2,2
249,-4312.104,-7165.982,159.343,-100.939,-0.189393,0.981605,0.024138,-0.981765,-0.189719,0.011990,0.016349,-0.021427,0.999637,0,0.87348,-0.85346,52.409,-1.707,-1,400.000,-1,400.000,-1,325.000,325.000,300.000,300.000,-1,-1,-1,-1,825.000,750.000,-1,-1,2,0,2,0,2,0,0,0,0,2,2,2,2,0,0,2,2
250,-4323.577,-7217.120,160.198,-102.646,-0.218534,0.975505,0.025175,-0.975687,-0.218870,0.011447,0.016676,-0.022062,0.999618,0,0.87348,-0.85346,52.409,-1.707,-1,400.000,-1,400.000,-1,325.000,325.000,300.000,300.000,-1,-1,-1,-1,825.000,750.000,-1,-1,2,0,2,0,2,0,0,0,0,2,2,2,2,0,0,2,2
251,-4336.569,-7267.893,161.075,-104.353,-0.247481,0.968540,0.026142,-0.968743,-0.247827,0.010907,0.017043,-0.022626,0.999599,0,0.87348,-0.85346,52.409,-1.707,-1,400.000,-1,400.000,-1,325.000,325.000,300.000,300.000,-1,-1,-1,-1,800.000,750.000,-1,-1,2,0,2,0,2,0,0,0,0,2,2,2,2,0,0,2,2
252,-4351.067,-7318.257,161.913,-106.060,-0.276213,0.960725,0.026709,-0.960937,-0.276566,0.010526,0.017499,-0.022758,0.999588,0,0.87348,-0.85346,52.409,-1.707,-1,400.000,-1,400.000,-1,325.000,325.000,300.000,300.000,-1,-1,-1,-1,800.000,750.000,-1,-1,2,0,2,0,2,0,0,0,0,2,2,2,2,0,0,2,2
253,-4367.059,-7368.166,162.767,-107.767,-0.304705,0.952063,0.027027,-0.952279,-0.305061,0.010123,0.017882,-0.022653,0.999583,0,0.87348,-0.85346,52.409,-1.707,-1,400.000,-1,400.000,-1,325.000,325.000,300.000,300.000,-1,-1,-1,-1,800.000,750.000,-1,-1,2,0,2,0,2,0,0,0,0,2,2,2,2,0,0,2,2
254,-4384.531,-7417.577,163.684,-109.473,-0.332926,0.942558,0.027289,-0.942775,-0.333286,0.009786,0.018319,-0.022469,0.999580,0,0.87348,-0.85346,52.409,-1.707,-1,400.000,-1,400.000,-1,325.000,325.000,300.000,300.000,-1,-1,-1,-1,800.000,750.000,-1,-1,2,0,2,0,2,0,0,0,0,2,2,2,2,0,0,2,2
255,-4403.467,-7466.446,164.655,-111.180,-0.360852,0.932217,0.027521,-0.932434,-0.361216,0.009479,0.018778,-0.022241,0.999576,0,0.87348,-0.85346,52.409,-1.707,-1,400.000,-1,400.000,-1,325.000,325.000,300.000,300.000,-1,-1,-1,-1,800.000,750.000,-1,-1,2,0,2,0,2,0,0,0,0,2,2,2,2,0,0,2,2
256,-4423.849,-7514.729,165.647,-112.887,-0.388459,0.921046,0.027811,-0.921267,-0.388825,0.009043,0.019143,-0.022109,0.999572,0,0.87348,-0.85346,52.409,-1.707,-1,400.000,-1,400.000,-1,325.000,325.000,325.000,300.000,-1,-1,-1,-1,800.000,750.000,-1,-1,2,0,2,0,2,0,0,0,0,2,2,2,2,0,0,2,2
257,-4445.662,-7562.383,166.704,-114.594,-0.415720,0.909060,0.028047,-0.909282,-0.416089,0.008668,0.019550,-0.021899,0.999569,0,0.87348,-0.85346,52.409,-1.707,-1,400.000,-1,375.000,-1,325.000,325.000,325.000,300.000,-1,-1,-1,-1,800.000,750.000,-1,-1,2,0,2,0,2,0,0,0,0,2,2,2,2,0,0,2,2
258,-4468.884,-7609.366,167.825,-116.301,-0.442613,0.896268,0.028232,-0.896490,-0.442985,0.008358,0.019997,-0.021610,0.999566,0,0.87348,-0.85346,52.409,-1.707,-1,400.000,-1,375.000,-1,325.000,325.000,325.000,300.000,-1,-1,-1,-1,800.000,750.000,-1,-1,2,0,2,0,2,0,0,0,0,2,2,2,2,0,0,2,2
259,-4493.495,-7655.637,169.013,-118.008,-0.469113,0.882682,0.028368,-0.882901,-0.469490,0.008115,0.020482,-0.021239,0.999565,0,0.87348,-0.85346,52.409,-1.707,-1,400.000,-1,375.000,-1,325.000,325.000,325.000,300.000,-1,-1,-1,-1,800.000,750.000,-1,-1,2,0,2,0,2,0,0,0,0,2,2,2,2,0,0,2,2
260,-4516.920,-7697.084,170.126,-119.475,-0.491552,0.870380,0.028556,-0.870595,-0.491935,0.007968,0.020983,-0.020944,0.999560,0,0.79348,-0.73346,47.609,-1.467,-1,400.000,-1,375.000,-1,325.000,325.000,325.000,300.000,-1,-1,-1,-1,775.000,750.000,-1,-1,2,0,2,0,2,0,0,0,0,2,2,2,2,0,0,2,2
261,-4538.777,-7733.893,171.080,-120.702,-0.510058,0.859646,0.029157,-0.859866,-0.510458,0.007941,0.021710,-0.021021,0.999543,0,0.71348,-0.61346,42.809,-1.227,-1,400.000,-1,375.000,-1,325.000,325.000,325.000,300.000,-1,-1,-1,-1,775.000,750.000,-1,-1,2,0,2,0,2,0,0,0,0,2,2,2,2,0,0,2,2
262,-4560.499,-7769.079,172.005,-121.689,-0.524778,0.850727,0.029530,-0.850949,-0.525190,0.007906,0.022234,-0.020979,0.999533,0,0.68919,-0.49346,41.351,-0.987,-1,400.000,-1,400.000,-1,325.000,325.000,325.000,300.000,-1,-1,-1,-1,775.000,750.000,-1,-1,2,0,2,0,2,0,0,0,0,2,2,2,2,0,0,2,2
263,-4582.678,-7803.979,172.896,-122.436,-0.535816,0.843804,0.029924,-0.844036,-0.536232,0.007585,0.022447,-0.021192,0.999523,0,0.68919,-0.37346,41.351,-0.747,-1,400.000,-1,400.000,-1,325.000,325.000,325.000,300.000,-1,-1,-1,-1,775.000,750.000,-1,-1,2,0,2,0,2,0,0,0,0,2,2,2,2,0,0,2,2
264,-4605.165,-7838.682,173.788,-122.943,-0.543255,0.839020,0.030319,-0.839267,-0.543672,0.007138,0.022473,-0.021568,0.999515,0,0.68919,-0.25346,41.351,-0.507,-1,400.000,-1,400.000,-1,325.000,325.000,325.000,300.000,-1,-1,-1,-1,775.000,775.000,-1,-1,2,0,2,0,2,0,0,0,0,2,2,2,2,0,0,2,2
265,-4627.813,-7873.279,174.707,-123.210,-0.547152,0.836471,0.030679,-0.836733,-0.547570,0.006705,0.022408,-0.022001,0.999507,0,0.68919,-0.13346,41.351,-0.267,-1,400.000,-1,400.000,-1,325.000,325.000,300.000,300.000,-1,-1,-1,-1,775.000,775.000,-1,-1,2,0,2,0,2,0,0,0,0,2,2,2,2,0,0,2,2
266,-4650.477,-7907.866,175.648,-123.236,-0.547541,0.836204,0.031016,-0.836483,-0.547957,0.006280,0.022247,-0.022506,0.999499,0,0.68919,-0.01346,41.351,-0.027,-1,400.000,-1,400.000,-1,325.000,325.000,300.000,300.000,-1,-1,-1,-1,775.000,775.000,-1,-1,2,0,2,0,2,0,0,0,0,2,2,2,2,0,0,2,2
267,-4673.013,-7942.537,176.593,-123.023,-0.544421,0.838224,0.031421,-0.838523,-0.544835,0.005864,0.022034,-0.023154,0.999489,0,0.68919,0.10654,41.351,0.213,-1,400.000,-1,400.000,-1,325.000,325.000,300.000,325.000,-1,-1,-1,-1,775.000,775.000,-1,-1,2,0,2,0,2,0,0,0,0,2,2,2,2,0,0,2,2
268,-4695.274,-7977.385,177.462,-122.570,-0.537763,0.842494,0.031857,-0.842809,-0.538182,0.005745,0.021985,-0.023760,0.999476,0,0.68919,0.22654,41.351,0.453,-1,400.000,-1,400.000,-1,325.000,325.000,300.000,325.000,-1,-1,-1,-1,775.000,775.000,-1,-1,2,0,2,0,2,0,0,0,0,2,2,2,2,0,0,2,2
269,-4717.111,-8012.500,178.336,-121.877,-0.527521,0.848928,0.032300,-0.849262,-0.527942,0.005635,0.021836,-0.024458,0.999462,0,0.68919,0.34654,41.351,0.693,-1,400.000,-1,400.000,-1,325.000,325.000,300.000,325.000,-1,-1,-1,-1,775.000,775.000,-1,-1,2,0,2,0,2,0,0,0,0,2,2,2,2,0,0,2,2
270,-4738.374,-8047.966,179.212,-120.944,-0.513615,0.857396,0.032746,-0.857750,-0.514037,0.005505,0.021553,-0.025260,0.999449,0,0.68919,0.46654,41.351,0.933,-1,400.000,-1,400.000,-1,325.000,325.000,300.000,325.000,-1,-1,-1,-1,775.000,775.000,-1,-1,2,0,2,0,2,0,0,0,0,2,2,2,2,0,0,2,2
271,-4756.522,-8079.693,179.886,-119.771,-0.495961,0.867729,0.032712,-0.868095,-0.496370,0.005297,0.020834,-0.025770,0.999451,0,0.60919,0.58654,36.551,1.173,-1,400.000,-1,400.000,-1,325.000,325.000,325.000,325.000,-1,-1,-1,-1,750.000,775.000,-1,-1,2,0,2,0,2,0,0,0,0,2,2,2,2,0,0,2,2
272,-4773.492,-8111.134,180.533,-118.358,-0.474420,0.879691,0.032701,-0.880072,-0.474813,0.005045,0.019965,-0.026386,0.999452,0,0.59548,0.70654,35.729,1.413,-1,400.000,-1,400.000,-1,325.000,325.000,325.000,300.000,-1,-1,-1,-1,750.000,775.000,-1,-1,2,0,2,0,2,0,0,0,0,2,2,2,2,0,0,2,2
273,-4789.548,-8143.052,181.165,-116.705,-0.448855,0.893005,0.032728,-0.893404,-0.449229,0.004738,0.018933,-0.027112,0.999453,0,0.59548,0.82654,35.729,1.653,-1,400.000,-1,400.000,-1,325.000,325.000,325.000,300.000,-1,-1,-1,-1,750.000,775.000,-1,-1,2,0,2,0,2,0,0,0,0,2,2,2,2,0,0,2,2
274,-4804.541,-8175.482,181.776,-114.812,-0.419122,0.907337,0.032805,-0.907757,-0.419474,0.004369,0.017726,-0.027948,0.999452,0,0.59548,0.94654,35.729,1.893,-1,400.000,-1,400.000,-1,325.000,325.000,325.000,300.000,-1,-1,-1,-1,750.000,750.000,-1,-1,2,0,2,0,2,0,0,0,0,2,2,2,2,0,0,2,2
275,-4818.393,-8208.416,182.365,-112.812,-0.387216,0.921400,0.032940,-0.921843,-0.387543,0.003949,0.016404,-0.028837,0.999450,0,0.59548,1.00000,35.729,2.000,-1,400.000,-1,400.000,-1,325.000,325.000,325.000,300.000,-1,-1,-1,-1,750.000,750.000,-1,-1,2,0,2,0,2,0,0,0,0,2,2,2,2,0,0,2,2
276,-4831.087,-8241.813,182.889,-110.812,-0.354839,0.934344,0.033034,-0.934805,-0.355143,0.003653,0.015145,-0.029584,0.999448,0,0.59548,1.00000,35.729,2.000,-1,400.000,-1,400.000,-1,325.000,325.000,325.000,300.000,-1,-1,-1,-1,750.000,750.000,-1,-1,2,0,2,0,2,0,0,0,0,2,2,2,2,0,0,2,2
277,-4842.607,-8275.633,183.388,-108.812,-0.322032,0.946147,0.033175,-0.946628,-0.322311,0.003316,0.013830,-0.030336,0.999444,0,0.59548,1.00000,35.729,2.000,-1,400.000,-1,400.000,-1,325.000,325.000,325.000,300.000,-1,-1,-1,-1,750.000,750.000,-1,-1,2,0,2,0,2,0,0,0,0,2,2,2,2,0,0,2,2
278,-4852.940,-8309.835,183.859,-106.812,-0.288835,0.956797,0.033366,-0.957298,-0.289088,0.002941,0.012459,-0.031092,0.999439,0,0.59548,1.00000,35.729,2.000,-1,400.000,-1,400.000,-1,325.000,325.000,325.000,300.000,-1,-1,-1,-1,750.000,750.000,-1,-1,2,0,2,0,2,0,0,0,0,2,2,2,2,0,0,2,2
279,-4862.074,-8344.376,184.301,-104.812,-0.255289,0.966281,0.033611,-0.966802,-0.255514,0.002530,0.011033,-0.031849,0.999432,0,0.59548,1.00000,35.729,2.000,-1,400.000,-1,400.000,-1,325.000,325.000,325.000,300.000,-1,-1,-1,-1,750.000,750.000,-1,-1,2,0,2,0,2,0,0,0,0,2,2,2,2,0,0,2,2
280,-4869.996,-8379.215,184.713,-102.812,-0.221435,0.974585,0.033914,-0.975128,-0.221631,0.002088,0.009552,-0.032608,0.999423,0,0.59548,1.00000,35.729,2.000,-1,400.000,-1,400.000,-1,325.000,325.000,325.000,300.000,-1,-1,-1,-1,750.000,750.000,-1,-1,2,0,2,0,2,0,0,0,0,2,2,2,2,0,0,2,2
281,-4876.698,-8414.309,185.093,-100.812,-0.187314,0.981702,0.034277,-0.982267,-0.187478,0.001619,0.008016,-0.033366,0.999411,0,0.59548,1.00000,35.729,2.000,-1,400.000,-1,375.000,-1,325.000,325.000,325.000,300.000,-1,-1,-1,-1,750.000,750.000,-1,-1,2,0,2,0,2,0,0,0,0,2,2,2,2,0,0,2,2
282,-4882.170,-8449.615,185.440,-98.812,-0.152969,0.987622,0.034703,-0.988210,-0.153099,0.001127,0.006426,-0.034122,0.999397,0,0.59548,1.00000,35.729,2.000,-1,400.000,-1,375.000,-1,325.000,325.000,325.000,300.000,-1,-1,-1,-1,750.000,750.000,-1,-1,2,0,2,0,2,0,0,0,0,2,2,2,2,0,0,2,2
283,-4886.408,-8485.092,185.751,-96.812,-0.118440,0.992337,0.035198,-0.992950,-0.118536,0.000618,0.004785,-0.034877,0.999380,0,0.59548,1.00000,35.729,2.000,-1,400.000,-1,375.000,-1,325.000,325.000,325.000,300.000,-1,-1,-1,-1,750.000,725.000,-1,-1,2,0,2,0,2,0,0,0,0,2,2,2,2,0,0,2,2
284,-4889.404,-8520.694,185.972,-94.812,-0.083763,0.995835,0.035994,-0.996480,-0.083828,0.000309,0.003325,-0.035841,0.999352,0,0.59548,1.00000,35.729,2.000,-1,400.000,-1,375.000,-1,325.000,325.000,300.000,300.000,-1,-1,-1,-1,750.000,725.000,-1,-1,2,0,2,0,2,0,0,0,0,2,2,2,2,0,0,2,2
285,-4891.156,-8556.379,186.109,-92.812,-0.048978,0.998129,0.036604,-0.998798,-0.049022,0.000293,0.002087,-0.036546,0.999330,0,0.59548,1.00000,35.729,2.000,-1,400.000,-1,375.000,-1,325.000,300.000,300.000,300.000,-1,-1,-1,-1,750.000,725.000,-1,-1,2,0,2,0,2,0,0,0,0,2,2,2,2,0,0,2,2
286,-4891.662,-8592.104,186.180,-90.812,-0.014129,0.999209,0.037166,-0.999900,-0.014158,0.000491,0.001017,-0.037156,0.999309,0,0.59548,1.00000,35.729,2.000,-1,400.000,-1,375.000,-1,325.000,300.000,300.000,300.000,-1,-1,-1,-1,775.000,725.000,-1,-1,2,0,2,0,2,0,0,0,0,2,2,2,2,0,0,2,2
287,-4890.921,-8627.824,186.208,-88.812,0.020734,0.999072,0.037749,-0.999785,0.020723,0.000688,-0.000094,-0.037755,0.999287,0,0.59548,1.00000,35.729,2.000,-1,400.000,-1,375.000,-1,325.000,300.000,300.000,300.000,-1,-1,-1,-1,775.000,725.000,-1,-1,2,0,2,0,2,0,0,0,0,2,2,2,2,0,0,2,2
288,-4888.933,-8663.497,186.192,-86.812,0.055569,0.997718,0.038353,-0.998454,0.055576,0.000888,-0.001245,-0.038343,0.999264,0,0.59548,1.00000,35.729,2.000,-1,400.000,-1,375.000,-1,325.000,300.000,300.000,300.000,-1,-1,-1,-1,775.000,725.000,-1,-1,2,0,2,0,2,0,0,0,0,2,2,2,2,0,0,2,2
289,-4885.702,-8699.079,186.130,-84.812,0.090334,0.995148,0.038979,-0.995909,0.090360,0.001094,-0.002434,-0.038918,0.999239,0,0.59548,1.00000,35.729,2.000,-1,400.000,-1,375.000,-1,325.000,300.000,300.000,300.000,-1,-1,-1,-1,775.000,725.000,-1,-1,2,0,2,0,2,0,0,0,0,2,2,2,2,0,0,2,2
290,-4881.231,-8734.526,186.022,-82.812,0.124985,0.991367,0.039627,-0.992152,0.125032,0.001308,-0.003658,-0.039480,0.999214,0,0.59548,1.00000,35.729,2.000,-1,400.000,-1,375.000,-1,325.000,325.000,300.000,300.000,-1,-1,-1,-1,775.000,700.000,-1,-1,2,0,2,0,2,0,0,0,0,2,2,2,2,0,0,2,2
291,-4875.525,-8769.796,185.867,-80.812,0.159482,0.986378,0.040298,-0.987189,0.159551,0.001535,-0.004915,-0.040027,0.999187,0,0.59548,1.00000,35.729,2.000,-1,400.000,-1,375.000,-1,325.000,325.000,300.000,300.000,-1,-1,-1,-1,775.000,700.000,-1,-1,2,0,2,0,2,0,0,0,0,2,2,2,2,0,0,2,2
292,-4868.593,-8804.845,185.664,-78.812,0.193782,0.980188,0.040991,-0.981025,0.193873,0.001778,-0.006204,-0.040558,0.999158,0,0.59548,1.00000,35.729,2.000,-1,400.000,-1,375.000,-1,325.000,325.000,300.000,300.000,-1,-1,-1,-1,775.000,700.000,-1,-1,2,0,2,0,2,0,0,0,0,2,2,2,2,0,0,2,2
293,-4860.441,-8839.631,185.411,-76.812,0.227844,0.972804,0.041706,-0.973669,0.227959,0.002041,-0.007521,-0.041073,0.999128,0,0.59548,1.00000,35.729,2.000,-1,400.000,-1,375.000,-1,325.000,325.000,300.000,300.000,-1,-1,-1,-1,775.000,700.000,-1,-1,2,0,2,0,2,0,0,0,0,2,2,2,2,0,0,2,2
294,-4849.986,-8878.788,185.073,-75.052,0.257585,0.965319,0.042529,-0.966216,0.257722,0.002330,-0.008712,-0.041692,0.999093,0,0.67548,0.88000,40.529,1.760,-1,400.000,-1,375.000,-1,325.000,325.000,300.000,300.000,-1,-1,-1,-1,775.000,700.000,-1,-1,2,0,2,0,2,0,0,0,0,2,2,2,2,0,0,2,2
295,-4838.305,-8918.302,184.681,-73.532,0.283073,0.958117,0.043386,-0.959049,0.283230,0.002628,-0.009770,-0.042353,0.999055,0,0.68675,0.76000,41.205,1.520,-1,400.000,-1,375.000,-1,325.000,325.000,300.000,300.000,-1,-1,-1,-1,775.000,700.000,-1,-1,2,0,2,0,2,0,0,0,0,2,2,2,2,0,0,2,2
296,-4825.744,-8957.546,184.245,-72.252,0.304379,0.951522,0.044266,-0.952491,0.304552,0.002931,-0.010692,-0.043055,0.999016,0,0.68675,0.64000,41.205,1.280,-1,400.000,-1,375.000,-1,325.000,325.000,300.000,300.000,-1,-1,-1,-1,800.000,700.000,-1,-1,2,0,2,0,2,0,0,0,0,2,2,2,2,0,0,2,2
297,-4812.472,-8996.555,183.769,-71.212,0.321574,0.945806,0.045170,-0.946815,0.321762,0.003235,-0.011474,-0.043808,0.998974,0,0.68675,0.52000,41.205,1.040,-1,400.000,-1,375.000,-1,325.000,325.000,300.000,325.000,-1,-1,-1,-1,800.000,700.000,-1,-1,2,0,2,0,2,0,0,0,0,2,2,2,2,0,0,2,2
298,-4798.657,-9035.375,183.260,-70.412,0.334724,0.941188,0.046100,-0.942238,0.334924,0.003537,-0.012111,-0.044621,0.998931,0,0.68675,0.40000,41.205,0.800,-1,400.000,-1,375.000,-1,325.000,325.000,300.000,325.000,-1,-1,-1,-1,800.000,700.000,-1,-1,2,0,2,0,2,0,0,0,0,2,2,2,2,0,0,2,2
299,-4784.464,-9074.059,182.623,-69.852,0.343874,0.937848,0.046817,-0.938927,0.344099,0.003412,-0.012910,-0.045131,0.998898,0,0.68675,0.28000,41.205,0.560,-1,400.000,-1,375.000,-1,325.000,325.000,300.000,325.000,-1,-1,-1,-1,775.000,700.000,-1,-1,2,0,2,0,2,0,0,0,0,2,2,2,2,0,0,2,2
