timestep,x_cm,y_cm,z_cm,yaw_deg,basis_xx,basis_xy,basis_xz,basis_yx,basis_yy,basis_yz,basis_zx,basis_zy,basis_zz,teleport_flag,throttle_cmd,steering_cmd,cmd_move_cm,cmd_turn_deg,lidar_cm_0,lidar_cm_1,lidar_cm_2,lidar_cm_3,lidar_cm_4,lidar_cm_5,lidar_cm_6,lidar_cm_7,lidar_cm_8,lidar_cm_9,lidar_cm_10,lidar_cm_11,lidar_cm_12,lidar_cm_13,lidar_cm_14,lidar_cm_15,lidar_cm_16,lidar_class_0,lidar_class_1,lidar_class_2,lidar_class_3,lidar_class_4,lidar_class_5,lidar_class_6,lidar_class_7,lidar_class_8,lidar_class_9,lidar_class_10,lidar_class_11,lidar_class_12,lidar_class_13,lidar_class_14,lidar_class_15,lidar_class_16
0,12580.129,-4822.276,335.746,131.565,-0.662586,-0.748199,0.034321,0.746985,-0.663469,-0.042681,0.054705,-0.002642,0.998499,0,0.08000,-0.12000,4.800,-0.240,-1,325.000,-1,350.000,-1,275.000,275.000,300.000,325.000,-1,475.000,350.000,-1,525.000,850.000,700.000,-1,2,1,2,1,2,1,1,0,0,2,0,0,2,1,1,1,2
1,12573.819,-4815.040,336.371,131.085,-0.656215,-0.753733,0.035628,0.752510,-0.657180,-0.042931,0.055772,-0.001362,0.998443,0,0.16000,-0.24000,9.600,-0.480,-1,325.000,-1,350.000,-1,275.000,275.000,300.000,325.000,-1,475.000,350.000,-1,525.000,875.000,700.000,-1,2,1,2,1,2,1,1,0,0,2,0,0,2,1,1,1,2
2,12564.462,-4804.095,337.310,130.528,-0.648730,-0.760093,0.037523,0.758850,-0.649814,-0.043450,0.057409,0.000287,0.998351,0,0.24000,-0.27880,14.400,-0.558,-1,325.000,-1,350.000,-1,275.000,275.000,300.000,325.000,-1,450.000,350.000,-1,525.000,900.000,700.000,-1,2,1,2,1,2,1,1,0,0,2,0,0,2,1,1,1,2
3,12552.127,-4789.381,338.573,129.973,-0.641189,-0.766341,0.039976,0.765061,-0.642431,-0.044328,0.059652,0.002161,0.998217,0,0.32000,-0.27709,19.200,-0.554,-1,325.000,-1,375.000,-1,275.000,275.000,300.000,325.000,-1,450.000,350.000,-1,525.000,925.000,700.000,-1,2,1,2,1,2,1,1,0,0,2,0,0,2,1,1,1,2
4,12536.885,-4770.841,340.204,129.423,-0.633576,-0.772475,0.043175,0.771139,-0.635030,-0.045615,0.062654,0.004393,0.998026,0,0.40000,-0.27537,24.000,-0.551,-1,325.000,-1,375.000,-1,275.000,275.000,325.000,325.000,-1,425.000,325.000,1000.000,525.000,950.000,700.000,-1,2,1,2,1,2,1,1,0,0,2,0,0,0,1,1,1,2
5,12518.809,-4748.420,342.194,128.875,-0.625889,-0.778494,0.047010,0.777081,-0.627615,-0.047380,0.066389,0.006876,0.997770,0,0.48000,-0.27361,28.800,-0.547,-1,325.000,-1,400.000,-1,275.000,275.000,325.000,325.000,-1,425.000,325.000,950.000,525.000,1000.000,700.000,-1,2,1,2,1,2,1,1,0,0,2,0,0,0,1,1,1,2
6,12497.968,-4722.063,344.557,128.332,-0.618123,-0.784395,0.051467,0.782878,-0.620188,-0.049696,0.070900,0.009574,0.997437,0,0.56000,-0.27176,33.600,-0.544,-1,325.000,-1,400.000,-1,275.000,300.000,325.000,325.000,-1,400.000,300.000,925.000,550.000,-1,725.000,-1,2,1,2,1,2,1,1,0,0,2,0,0,0,1,2,1,2
7,12474.435,-4691.718,347.312,127.792,-0.610267,-0.790175,0.056554,0.788518,-0.612755,-0.052647,0.076254,0.012465,0.997011,0,0.64000,-0.26976,38.400,-0.540,-1,325.000,-1,425.000,-1,275.000,300.000,325.000,325.000,-1,375.000,275.000,900.000,575.000,-1,-1,-1,2,1,2,1,2,1,1,0,0,2,0,0,0,1,2,2,2
8,12448.280,-4657.334,350.214,127.257,-0.602295,-0.795816,0.062592,0.794078,-0.605313,-0.055101,0.081738,0.016516,0.996517,0,0.72000,-0.26754,43.200,-0.535,-1,325.000,-1,450.000,-1,275.000,325.000,350.000,325.000,-1,375.000,275.000,850.000,600.000,-1,-1,-1,2,1,2,1,2,1,1,0,0,2,0,0,0,1,2,2,2
9,12419.573,-4618.863,352.971,126.727,-0.594179,-0.801280,0.070013,0.799669,-0.597851,-0.055707,0.086494,0.022888,0.995989,0,0.80000,-0.26498,48.000,-0.530,-1,350.000,-1,475.000,-1,300.000,350.000,350.000,325.000,-1,300.000,250.000,800.000,625.000,-1,-1,-1,2,1,2,1,2,1,1,0,0,2,0,0,0,1,2,2,2
10,12388.383,-4576.259,356.285,126.203,-0.586085,-0.806584,0.076982,0.805148,-0.590405,-0.056201,0.090781,0.029043,0.995447,0,0.88000,-0.26194,52.800,-0.524,-1,350.000,-1,500.000,-1,300.000,350.000,375.000,325.000,-1,250.000,225.000,775.000,650.000,-1,-1,-1,2,1,2,1,2,1,1,1,0,2,0,0,0,1,2,2,2
11,327.968,5575.424,-286.512,-59.290,0.510339,0.859703,-0.021581,-0.859666,0.510667,0.013938,0.023003,0.011439,0.999670,1,0.00000,0.00000,57.600,-0.516,-1,425.000,-1,400.000,-1,325.000,325.000,300.000,300.000,500.000,450.000,550.000,-1,900.000,900.000,-1,-1,2,0,2,0,2,0,0,0,0,1,1,1,2,0,0,2,2
12,330.417,5571.296,-286.413,-59.323,0.509845,0.859997,-0.021496,-0.859961,0.510171,0.013882,0.022905,0.011408,0.999673,0,0.08000,-0.01653,4.800,-0.033,-1,425.000,-1,400.000,-1,325.000,325.000,300.000,300.000,525.000,450.000,575.000,-1,900.000,900.000,-1,-1,2,0,2,0,2,0,0,0,0,1,1,1,2,0,0,2,2
13,335.309,5563.036,-286.217,-59.359,0.509302,0.860324,-0.021327,-0.860288,0.509622,0.013770,0.022716,0.011334,0.999678,0,0.16000,-0.01828,9.600,-0.037,-1,425.000,-1,400.000,-1,325.000,325.000,300.000,300.000,525.000,450.000,575.000,-1,900.000,900.000,-1,-1,2,0,2,0,2,0,0,0,0,1,1,1,2,0,0,2,2
14,342.639,5550.641,-285.925,-59.403,0.508656,0.860712,-0.021067,-0.860678,0.508968,0.013602,0.022430,0.011214,0.999686,0,0.24000,-0.02180,14.400,-0.044,-1,425.000,-1,400.000,-1,325.000,325.000,300.000,300.000,550.000,475.000,600.000,-1,900.000,900.000,-1,-1,2,0,2,0,2,0,0,0,0,1,1,1,2,0,0,2,2
15,352.396,5534.105,-285.543,-59.457,0.507853,0.861195,-0.020709,-0.861162,0.508155,0.013374,0.022041,0.011042,0.999696,0,0.32000,-0.02708,19.200,-0.054,-1,425.000,-1,400.000,-1,325.000,325.000,300.000,300.000,575.000,500.000,625.000,-1,900.000,925.000,-1,-1,2,0,2,0,2,0,0,0,0,1,1,1,2,0,0,2,2
16,364.568,5513.421,-285.074,-59.525,0.506841,0.861802,-0.020241,-0.861771,0.507129,0.013083,0.021540,0.010812,0.999710,0,0.40000,-0.03416,24.000,-0.068,-1,425.000,-1,400.000,-1,325.000,325.000,300.000,300.000,600.000,525.000,650.000,-1,900.000,925.000,-1,-1,2,0,2,0,2,0,0,0,0,1,1,1,2,0,0,2,2
17,379.137,5488.577,-284.532,-59.611,0.505563,0.862566,-0.019661,-0.862537,0.505835,0.012693,0.020894,0.010542,0.999726,0,0.48000,-0.04304,28.800,-0.086,-1,425.000,-1,425.000,-1,325.000,325.000,300.000,300.000,625.000,550.000,675.000,-1,900.000,925.000,-1,-1,2,0,2,0,2,0,0,0,0,1,1,1,2,0,0,2,2
18,394.225,5462.737,-284.005,-59.719,0.503962,0.863516,-0.019056,-0.863491,0.504217,0.012191,0.020135,0.010311,0.999744,0,0.49871,-0.05377,29.923,-0.108,-1,425.000,-1,425.000,-1,325.000,325.000,300.000,300.000,675.000,575.000,700.000,-1,900.000,925.000,-1,-1,2,0,2,0,2,0,0,0,0,1,1,1,2,0,0,2,2
19,409.428,5436.564,-283.490,-59.849,0.502021,0.864659,-0.018412,-0.864639,0.502258,0.011660,0.019329,0.010066,0.999763,0,0.50447,-0.06499,30.268,-0.130,-1,425.000,-1,425.000,-1,325.000,325.000,300.000,300.000,700.000,600.000,750.000,-1,900.000,925.000,-1,-1,2,0,2,0,2,0,0,0,0,1,1,1,2,0,0,2,2
20,424.741,5410.039,-282.972,-60.002,0.499735,0.865999,-0.017649,-0.865983,0.499951,0.011087,0.018425,0.009743,0.999783,0,0.51046,-0.07641,30.628,-0.153,-1,425.000,-1,425.000,-1,325.000,325.000,300.000,300.000,750.000,650.000,775.000,-1,900.000,925.000,-1,-1,2,0,2,0,2,0,0,0,0,1,1,1,2,0,0,2,2
21,440.158,5383.143,-282.448,-60.178,0.497095,0.867535,-0.016752,-0.867522,0.497289,0.010470,0.017414,0.009329,0.999805,0,0.51670,-0.08804,31.002,-0.176,-1,425.000,-1,425.000,-1,350.000,350.000,300.000,300.000,800.000,675.000,800.000,-1,900.000,925.000,-1,-1,2,0,2,0,2,0,0,0,0,1,1,1,2,0,0,2,2
22,455.674,5355.855,-281.943,-60.377,0.494090,0.869266,-0.015834,-0.869257,0.494264,0.009823,0.016365,0.008911,0.999826,0,0.52317,-0.09988,31.390,-0.200,-1,425.000,-1,425.000,-1,350.000,350.000,300.000,300.000,850.000,700.000,850.000,-1,900.000,925.000,-1,-1,2,0,2,0,2,0,0,0,0,1,1,1,2,0,0,2,2
23,471.281,5328.155,-281.458,-60.601,0.490713,0.871194,-0.014895,-0.871188,0.490865,0.009146,0.015279,0.008488,0.999847,0,0.52990,-0.11194,31.794,-0.224,-1,425.000,-1,425.000,-1,350.000,350.000,300.000,300.000,925.000,750.000,875.000,-1,900.000,925.000,-1,-1,2,0,2,0,2,0,0,0,0,1,1,1,2,0,0,2,2
24,486.972,5300.023,-281.171,-60.850,0.486951,0.873313,-0.014256,-0.873323,0.487082,0.007648,0.013623,0.008726,0.999869,0,0.53687,-0.12422,32.212,-0.248,-1,425.000,-1,425.000,-1,350.000,350.000,300.000,300.000,-1,775.000,925.000,-1,900.000,925.000,-1,-1,2,0,2,0,2,0,0,0,0,2,1,1,2,0,0,2,2
25,502.738,5271.436,-280.946,-61.123,0.482799,0.875625,-0.013676,-0.875652,0.482906,0.005941,0.011807,0.009107,0.999889,0,0.54411,-0.13674,32.646,-0.273,-1,425.000,-1,425.000,-1,350.000,350.000,300.000,300.000,-1,800.000,975.000,-1,875.000,925.000,-1,-1,2,0,2,0,2,0,0,0,0,2,1,1,2,0,0,2,2
26,518.569,5242.372,-280.741,-61.422,0.478244,0.878130,-0.013083,-0.878171,0.478329,0.004211,0.009956,0.009475,0.999906,0,0.55160,-0.14950,33.096,-0.299,-1,425.000,-1,425.000,-1,350.000,350.000,300.000,300.000,-1,850.000,1000.000,-1,875.000,900.000,-1,-1,2,0,2,0,2,0,0,0,0,2,1,1,2,0,0,2,2
27,534.456,5212.808,-280.556,-61.747,0.473276,0.880826,-0.012476,-0.880877,0.473339,0.002457,0.008070,0.009827,0.999919,0,0.55937,-0.16250,33.562,-0.325,-1,425.000,-1,425.000,-1,350.000,350.000,300.000,275.000,-1,875.000,-1,-1,875.000,900.000,-1,-1,2,0,2,0,2,0,0,0,0,2,1,2,2,0,0,2,2
28,550.387,5182.722,-280.394,-62.099,0.467885,0.883710,-0.011858,-0.883768,0.467924,0.000678,0.006147,0.010163,0.999929,0,0.56740,-0.17575,34.044,-0.352,-1,425.000,-1,425.000,-1,350.000,350.000,300.000,275.000,-1,925.000,-1,-1,850.000,900.000,-1,-1,2,0,2,0,2,0,0,0,0,2,1,2,2,0,0,2,2
29,568.209,5148.207,-280.269,-62.690,0.458759,0.888491,-0.011090,-0.888551,0.458775,-0.001183,0.004037,0.010397,0.999938,0,0.64740,-0.29575,38.844,-0.592,-1,425.000,-1,425.000,-1,350.000,350.000,300.000,275.000,-1,950.000,-1,-1,850.000,875.000,-1,-1,2,0,2,0,2,0,0,0,0,2,1,2,2,0,0,2,2
30,587.668,5109.141,-280.207,-63.522,0.445840,0.895055,-0.010157,-0.895111,0.445833,-0.003067,0.001783,0.010459,0.999944,0,0.72740,-0.41575,43.644,-0.832,-1,425.000,-1,425.000,-1,350.000,350.000,300.000,275.000,-1,1000.000,-1,-1,850.000,875.000,-1,-1,2,0,2,0,2,0,0,0,0,2,1,2,2,0,0,2,2
31,608.452,5065.382,-280.320,-64.593,0.429050,0.903241,-0.008491,-0.903280,0.429020,-0.005236,-0.001086,0.009916,0.999950,0,0.80740,-0.53575,48.444,-1.072,-1,425.000,-1,425.000,-1,350.000,350.000,300.000,300.000,-1,-1,-1,-1,825.000,850.000,-1,-1,2,0,2,0,2,0,0,0,0,2,2,2,2,0,0,2,2
32,629.100,5019.212,-280.559,-65.905,0.408285,0.912831,-0.006476,-0.912845,0.408238,-0.007521,-0.004222,0.008982,0.999951,0,0.84294,-0.65575,50.577,-1.312,-1,425.000,-1,425.000,-1,350.000,325.000,300.000,300.000,-1,-1,-1,-1,800.000,850.000,-1,-1,2,0,2,0,2,0,0,0,0,2,2,2,2,0,0,2,2
33,648.799,4971.757,-280.850,-67.456,0.383432,0.923558,-0.004560,-0.923541,0.383376,-0.009775,-0.007280,0.007959,0.999942,0,0.85636,-0.77575,51.381,-1.552,-1,400.000,-1,400.000,-1,325.000,325.000,300.000,300.000,-1,-1,-1,-1,775.000,825.000,-1,-1,2,0,2,0,2,0,0,0,0,2,2,2,2,0,0,2,2
34,667.311,4922.926,-281.196,-69.238,0.354541,0.935037,-0.002740,-0.934984,0.354486,-0.011999,-0.010249,0.006816,0.999924,0,0.87038,-0.89064,52.223,-1.781,-1,400.000,-1,400.000,-1,325.000,325.000,300.000,300.000,-1,-1,-1,-1,775.000,800.000,-1,-1,2,0,2,0,2,0,0,0,0,2,2,2,2,0,0,2,2
35,684.545,4872.698,-281.633,-71.062,0.324582,0.945857,-0.001168,-0.945768,0.324534,-0.014136,-0.012992,0.005693,0.999899,0,0.88503,-0.91238,53.102,-1.825,-1,400.000,-1,400.000,-1,325.000,325.000,300.000,300.000,-1,-1,-1,-1,750.000,800.000,-1,-1,2,0,2,0,2,0,0,0,0,2,2,2,2,0,0,2,2
36,701.276,4817.995,-282.168,-72.993,0.292514,0.956261,0.000372,-0.956132,0.292481,-0.016334,-0.015729,0.004422,0.999867,0,0.95341,-0.96548,57.205,-1.931,-1,400.000,-1,400.000,-1,325.000,325.000,300.000,300.000,-1,-1,-1,-1,725.000,800.000,-1,-1,2,0,2,0,2,0,0,0,0,2,2,2,2,0,0,2,2
37,716.392,4761.763,-282.773,-74.954,0.259600,0.965715,0.001828,-0.965543,0.259588,-0.018477,-0.018318,0.003032,0.999828,0,0.97047,-0.98050,58.228,-1.961,-1,400.000,-1,400.000,-1,325.000,325.000,300.000,300.000,-1,-1,-1,-1,725.000,775.000,-1,-1,2,0,2,0,2,0,0,0,0,2,2,2,2,0,0,2,2
38,729.783,4704.011,-283.448,-76.945,0.225868,0.974153,0.003224,-0.973936,0.225886,-0.020573,-0.020770,0.001507,0.999783,0,0.98805,-0.99536,59.283,-1.991,-1,400.000,975.000,400.000,-1,325.000,325.000,300.000,300.000,-1,-1,-1,-1,700.000,775.000,-1,-1,2,0,1,0,2,0,0,0,0,2,2,2,2,0,0,2,2
39,741.288,4645.125,-284.244,-78.945,0.191702,0.981444,0.004335,-0.981186,0.191751,-0.022498,-0.022912,0.000060,0.999737,0,1.00000,-1.00000,60.000,-2.000,-1,400.000,900.000,400.000,-1,325.000,325.000,300.000,300.000,-1,-1,-1,-1,700.000,750.000,-1,1000.000,2,0,1,0,2,0,0,0,0,2,2,2,2,0,1,2,1
40,750.731,4585.872,-285.428,-80.945,0.157330,0.987538,0.004059,-0.987255,0.157382,-0.023638,-0.023983,-0.000289,0.999712,0,1.00000,-1.00000,60.000,-2.000,-1,400.000,850.000,400.000,-1,325.000,325.000,300.000,300.000,-1,-1,-1,-1,700.000,700.000,975.000,1000.000,2,0,1,0,2,0,0,0,0,2,2,2,2,0,1,1,1
41,758.100,4526.327,-286.752,-82.945,0.122759,0.992428,0.004083,-0.992143,0.122822,-0.023799,-0.024120,-0.001129,0.999708,0,1.00000,-1.00000,60.000,-2.000,-1,375.000,800.000,400.000,-1,325.000,325.000,300.000,300.000,-1,-1,-1,-1,700.000,675.000,850.000,-1,2,0,1,0,2,0,0,0,0,2,2,2,2,1,1,1,2
42,763.390,4466.560,-288.046,-84.942,0.088099,0.996104,0.003864,-0.995834,0.088166,-0.023275,-0.023525,-0.001797,0.999722,0,1.00000,-0.99845,60.000,-1.997,-1,400.000,750.000,400.000,-1,325.000,325.000,300.000,300.000,-1,-1,-1,-1,650.000,650.000,775.000,-1,2,0,1,0,2,0,0,0,0,2,2,2,2,1,1,1,2
43,766.602,4406.646,-289.358,-86.932,0.053451,0.998564,0.003722,-0.998306,0.053522,-0.022824,-0.022990,-0.002495,0.999733,0,1.00000,-0.99502,60.000,-1.990,825.000,400.000,700.000,400.000,-1,325.000,325.000,300.000,300.000,-1,-1,-1,-1,575.000,600.000,675.000,-1,1,0,1,0,2,0,0,0,0,2,2,2,2,1,1,1,2
44,767.739,4346.657,-290.693,-88.914,0.018881,0.999815,0.003677,-0.999568,0.018959,-0.022462,-0.022527,-0.003251,0.999741,0,1.00000,-0.99087,60.000,-1.982,700.000,400.000,650.000,400.000,-1,325.000,325.000,300.000,300.000,-1,-1,-1,-1,525.000,575.000,600.000,-1,1,0,1,0,2,0,0,0,0,2,2,2,2,1,1,1,2
45,766.812,4286.664,-292.056,-90.886,-0.015542,0.999872,0.003747,-0.999634,-0.015455,-0.022205,-0.022145,-0.004091,0.999746,0,1.00000,-0.98594,60.000,-1.972,600.000,400.000,600.000,400.000,-1,325.000,325.000,300.000,300.000,-1,-1,-1,-1,450.000,575.000,525.000,-1,1,1,1,0,2,0,0,0,0,2,2,2,2,1,1,1,2
46,764.090,4227.124,-293.435,-92.617,-0.045763,0.998945,0.003910,-0.998714,-0.045667,-0.022035,-0.021833,-0.004913,0.999750,0,0.99338,-0.86594,59.603,-1.732,500.000,350.000,550.000,375.000,-1,325.000,325.000,300.000,300.000,-1,-1,-1,-1,400.000,550.000,450.000,-1,1,1,1,1,2,1,0,0,0,2,2,2,2,1,1,1,2
47,759.791,4167.279,-294.848,-94.109,-0.071766,0.997413,0.004161,-0.997188,-0.071659,-0.021937,-0.021582,-0.005723,0.999751,0,0.99999,-0.74594,59.999,-1.492,400.000,300.000,525.000,350.000,-1,300.000,300.000,275.000,300.000,-1,-1,-1,-1,350.000,550.000,375.000,-1,1,1,1,1,2,1,1,0,0,2,2,2,2,1,1,1,2
48,754.185,4107.541,-296.284,-95.361,-0.093552,0.995604,0.004496,-0.995385,-0.093433,-0.021904,-0.021388,-0.006524,0.999750,0,1.00000,-0.62594,60.000,-1.252,325.000,275.000,475.000,325.000,-1,250.000,275.000,275.000,300.000,-1,-1,-1,-1,300.000,525.000,300.000,-1,1,1,1,1,2,1,1,0,0,2,2,2,2,1,1,1,2
49,747.525,4047.912,-297.698,-96.373,-0.111128,0.993795,0.004754,-0.993582,-0.111000,-0.021771,-0.021109,-0.007142,0.999752,0,1.00000,-0.50594,60.000,-1.012,250.000,225.000,425.000,300.000,-1,225.000,250.000,275.000,300.000,-1,-1,-1,-1,250.000,550.000,225.000,1000.000,1,1,1,1,2,1,1,0,0,2,2,2,2,1,1,1,1
50,740.062,3988.378,-299.042,-97.145,-0.124505,0.992207,0.004769,-0.992005,-0.124377,-0.021347,-0.020587,-0.007388,0.999761,0,1.00000,-0.38594,60.000,-0.772,175.000,200.000,375.000,275.000,-1,175.000,225.000,275.000,300.000,-1,-1,-1,-1,225.000,700.000,175.000,950.000,1,1,1,1,2,1,1,0,0,2,2,2,2,1,0,1,1
51,732.049,3928.916,-293.344,-97.677,-0.133628,0.990810,-0.020979,-0.991030,-0.133556,0.004806,0.001960,0.021433,0.999768,0,1.00000,-0.26594,60.000,-0.532,150.000,175.000,400.000,300.000,-1,175.000,225.000,350.000,275.000,-1,500.000,350.000,-1,200.000,775.000,150.000,900.000,1,1,1,1,2,1,1,0,0,2,0,0,2,1,1,1,1
52,723.759,3869.489,-282.464,-97.969,-0.141118,0.988332,-0.057324,-0.989136,-0.138352,0.049680,0.041169,0.063712,0.997119,0,1.00000,-0.14594,60.000,-0.292,150.000,175.000,550.000,350.000,-1,175.000,250.000,450.000,275.000,-1,275.000,125.000,625.000,225.000,775.000,125.000,900.000,1,1,1,1,2,1,1,0,0,2,0,0,0,1,1,1,1
53,-6231.386,-2951.719,-222.749,128.889,-0.627287,-0.776086,0.064813,0.778742,-0.625981,0.041340,0.008488,0.076405,0.997041,1,0.00000,0.00000,60.000,-0.052,275.000,150.000,225.000,175.000,-1,125.000,150.000,400.000,275.000,-1,700.000,300.000,950.000,175.000,225.000,200.000,350.000,1,1,1,1,2,1,1,0,0,2,0,0,0,1,1,1,1
54,-6234.386,-2947.972,-221.983,128.649,-0.623828,-0.778566,0.068356,0.781483,-0.622617,0.040409,0.011099,0.078627,0.996842,0,0.08000,-0.12000,4.800,-0.240,250.000,150.000,225.000,175.000,-1,125.000,150.000,425.000,275.000,-1,575.000,275.000,900.000,175.000,225.000,200.000,350.000,1,1,1,1,2,1,1,0,0,2,0,0,0,1,1,1,1
55,-7544.301,328.133,-267.307,84.431,0.175884,-0.924563,0.338007,0.962873,0.090145,-0.254460,0.204794,0.370213,0.906091,1,0.00000,0.00000,9.600,-0.480,575.000,250.000,-1,350.000,-1,225.000,250.000,175.000,275.000,-1,500.000,325.000,225.000,325.000,-1,350.000,-1,1,1,2,1,2,1,1,1,0,2,0,1,0,1,2,1,2
56,7062.458,2459.402,70.669,-90.911,-0.016944,0.999152,-0.037530,-0.999477,-0.015892,0.028177,0.027557,0.037988,0.998898,1,0.08000,0.12000,4.800,0.240,-1,475.000,-1,450.000,-1,375.000,375.000,225.000,275.000,-1,-1,-1,-1,-1,900.000,-1,-1,2,1,2,0,2,1,1,1,0,2,2,2,2,2,0,2,2
57,7062.386,2449.802,70.777,-90.431,-0.008547,0.999242,-0.037973,-0.999604,-0.007521,0.027099,0.026793,0.038189,0.998911,0,0.16000,0.24000,9.600,0.480,-1,475.000,-1,450.000,-1,375.000,375.000,225.000,275.000,-1,-1,-1,-1,-1,900.000,-1,-1,2,1,2,0,2,1,1,1,0,2,2,2,2,2,0,2,2
58,7062.459,2435.403,70.939,-89.711,0.004050,0.999247,-0.038601,-0.999663,0.005036,0.025479,0.025654,0.038484,0.998930,0,0.24000,0.36000,14.400,0.720,-1,475.000,-1,450.000,-1,375.000,375.000,225.000,275.000,-1,-1,-1,-1,-1,900.000,-1,-1,2,1,2,0,2,1,1,1,0,2,2,2,2,2,0,2,2
59,7062.877,2416.207,71.154,-88.751,0.020848,0.999007,-0.039368,-0.999491,0.021777,0.023313,0.024148,0.038862,0.998953,0,0.32000,0.48000,19.200,0.960,-1,475.000,-1,450.000,-1,375.000,350.000,225.000,275.000,-1,-1,-1,-1,-1,875.000,-1,-1,2,1,2,0,2,1,1,1,0,2,2,2,2,2,0,2,2
60,7063.903,2392.230,71.419,-87.551,0.041840,0.998315,-0.040215,-0.998876,0.042693,0.020598,0.022280,0.039308,0.998979,0,0.40000,0.60000,24.000,1.200,-1,475.000,-1,425.000,-1,375.000,350.000,225.000,275.000,-1,-1,-1,-1,-1,875.000,-1,-1,2,1,2,0,2,1,1,1,0,2,2,2,2,2,0,2,2
61,7065.856,2363.496,71.733,-86.111,0.067009,0.996907,-0.041068,-0.997551,0.067766,0.017324,0.020054,0.039806,0.999006,0,0.48000,0.72000,28.800,1.440,-1,475.000,-1,425.000,-1,375.000,350.000,225.000,275.000,-1,-1,-1,-1,-1,850.000,-1,-1,2,0,2,1,2,1,1,1,0,2,2,2,2,2,0,2,2
62,7069.117,2330.055,72.095,-84.431,0.096324,0.994470,-0.041836,-0.995197,0.096962,0.013485,0.017467,0.040336,0.999033,0,0.56000,0.84000,33.600,1.680,-1,475.000,-1,425.000,-1,375.000,350.000,225.000,275.000,-1,-1,-1,-1,-1,825.000,-1,-1,2,0,2,0,2,1,1,1,0,2,2,2,2,2,0,2,2
63,7074.121,2291.984,72.501,-82.511,0.129730,0.990642,-0.042417,-0.991443,0.130223,0.009072,0.014511,0.040877,0.999059,0,0.64000,0.96000,38.400,1.920,-1,475.000,-1,425.000,-1,375.000,350.000,200.000,275.000,-1,-1,-1,-1,1000.000,825.000,-1,-1,2,0,2,0,2,1,1,1,0,2,2,2,2,0,0,2,2
64,7081.243,2249.375,72.988,-80.511,0.164391,0.985479,-0.042498,-0.986332,0.164714,0.004192,0.011132,0.041228,0.999088,0,0.72000,1.00000,43.200,2.000,-1,475.000,-1,425.000,-1,375.000,350.000,200.000,275.000,-1,-1,-1,-1,975.000,800.000,-1,-1,2,0,2,0,2,0,0,1,0,2,2,2,2,0,0,2,2
65,7090.803,2202.337,73.571,-78.511,0.198877,0.979128,-0.041913,-0.979998,0.199006,-0.001102,0.007262,0.041294,0.999121,0,0.80000,1.00000,48.000,2.000,-1,475.000,-1,400.000,-1,350.000,350.000,200.000,275.000,-1,-1,-1,-1,950.000,775.000,-1,-1,2,0,2,0,2,0,0,1,0,2,2,2,2,0,0,2,2
66,7102.212,2154.774,74.067,-76.511,0.233137,0.971573,-0.041138,-0.972440,0.233053,-0.006886,0.002897,0.041609,0.999130,0,0.81522,1.00000,48.913,2.000,-1,450.000,-1,400.000,-1,350.000,350.000,225.000,275.000,-1,-1,-1,-1,925.000,750.000,-1,-1,2,0,2,0,2,0,0,1,0,2,2,2,2,0,0,2,2
67,7114.676,2109.792,74.448,-74.511,0.267114,0.962825,-0.040224,-0.963664,0.266812,-0.012787,-0.001579,0.042178,0.999109,0,0.77795,1.00000,46.677,2.000,-1,450.000,-1,400.000,-1,350.000,325.000,225.000,275.000,-1,-1,-1,-1,875.000,725.000,-1,-1,2,0,2,0,2,0,0,1,0,2,2,2,2,0,0,2,2
68,7128.092,2067.213,74.722,-72.511,0.300768,0.952893,-0.039169,-0.953677,0.300241,-0.018838,-0.006190,0.043020,0.999055,0,0.74406,1.00000,44.643,2.000,-1,450.000,-1,400.000,-1,350.000,325.000,225.000,275.000,-1,-1,-1,-1,850.000,725.000,-1,-1,2,0,2,0,2,0,0,1,0,2,2,2,2,0,0,2,2
69,7142.384,2026.830,74.790,-70.511,0.334049,0.941771,-0.038444,-0.942496,0.333291,-0.024870,-0.010609,0.044541,0.998951,0,0.71396,1.00000,42.838,2.000,-1,425.000,-1,375.000,-1,350.000,325.000,250.000,275.000,-1,-1,-1,-1,825.000,700.000,-1,-1,2,0,2,0,2,0,0,1,0,2,2,2,2,0,0,2,2
70,7157.499,1988.436,75.021,-68.511,0.366891,0.929529,-0.036966,-0.930152,0.365941,-0.030067,-0.014421,0.045416,0.998864,0,0.68771,1.00000,41.263,2.000,-1,425.000,-1,375.000,-1,325.000,325.000,250.000,275.000,-1,-1,-1,-1,800.000,675.000,-1,-1,2,0,2,0,2,0,0,1,0,2,2,2,2,0,0,2,2
71,7173.406,1951.834,75.240,-66.511,0.399277,0.916158,-0.035114,-0.916649,0.398143,-0.035157,-0.018229,0.046225,0.998765,0,0.66515,1.00000,39.909,2.000,-1,425.000,-1,375.000,-1,325.000,325.000,250.000,275.000,-1,-1,-1,-1,775.000,650.000,-1,-1,2,0,2,0,2,0,0,1,0,2,2,2,2,0,0,2,2
72,7190.085,1916.848,75.449,-64.511,0.431166,0.901673,-0.032889,-0.902003,0.429859,-0.040149,-0.022064,0.046977,0.998652,0,0.64597,1.00000,38.758,2.000,-1,400.000,-1,350.000,975.000,325.000,300.000,250.000,275.000,-1,-1,-1,-1,750.000,625.000,-1,-1,2,0,2,0,0,0,0,1,0,2,2,2,2,0,0,2,2
73,7207.527,1883.325,75.551,-62.511,0.462492,0.886109,-0.030199,-0.886260,0.461059,-0.044358,-0.025382,0.047279,0.998559,0,0.62983,1.00000,37.790,2.000,-1,400.000,-1,350.000,900.000,325.000,300.000,275.000,275.000,-1,-1,-1,-1,750.000,625.000,-1,-1,2,0,2,0,0,0,0,1,0,2,2,2,2,0,0,2,2
74,7225.730,1851.134,74.791,-60.511,0.493079,0.869606,-0.025651,-0.869603,0.491775,-0.044136,-0.025766,0.044068,0.998696,0,0.61636,1.00000,36.982,2.000,-1,400.000,-1,350.000,900.000,325.000,300.000,275.000,275.000,-1,-1,-1,-1,725.000,625.000,-1,-1,2,0,2,0,0,0,0,1,0,2,2,2,2,0,0,2,2
75,7244.696,1820.167,74.073,-58.511,0.523068,0.852025,-0.021293,-0.851890,0.521892,-0.043719,-0.026137,0.041007,0.998817,0,0.60523,1.00000,36.314,2.000,-1,400.000,-1,350.000,925.000,325.000,300.000,250.000,275.000,-1,-1,-1,-1,725.000,625.000,-1,-1,2,0,2,0,0,0,0,1,0,2,2,2,2,0,0,2,2
76,7264.431,1790.336,73.392,-56.511,0.552422,0.833389,-0.017119,-0.833144,0.551374,-0.043112,-0.026490,0.038079,0.998924,0,0.59614,1.00000,35.768,2.000,-1,375.000,-1,350.000,925.000,300.000,300.000,250.000,275.000,-1,-1,-1,-1,700.000,625.000,-1,-1,2,0,2,0,0,0,0,1,0,2,2,2,2,0,0,2,2
77,7284.940,1761.570,72.836,-54.511,0.581101,0.813732,-0.012698,-0.813380,0.580189,-0.042344,-0.027089,0.034935,0.999022,0,0.58881,1.00000,35.328,2.000,-1,375.000,-1,350.000,925.000,300.000,300.000,250.000,275.000,-1,-1,-1,-1,700.000,600.000,-1,1000.000,2,0,2,0,0,0,0,1,0,2,2,2,2,0,0,2,0
78,7306.228,1733.813,72.299,-52.511,0.609074,0.793068,-0.008515,-0.792632,0.608295,-0.041364,-0.027625,0.031943,0.999108,0,0.58301,1.00000,34.980,2.000,-1,375.000,-1,350.000,925.000,300.000,300.000,250.000,275.000,-1,-1,-1,-1,675.000,600.000,-1,975.000,2,0,2,0,0,0,0,1,0,2,2,2,2,0,0,2,0
79,7328.302,1707.024,72.070,-50.511,0.636332,0.771388,-0.006490,-0.770946,0.635629,-0.040212,-0.026894,0.030591,0.999170,0,0.57853,1.00000,34.712,2.000,-1,375.000,-1,350.000,950.000,300.000,300.000,250.000,275.000,-1,-1,-1,-1,675.000,600.000,-1,975.000,2,0,2,0,0,0,0,1,0,2,2,2,2,0,0,2,0
80,7351.165,1681.171,71.808,-48.511,0.662824,0.748759,-0.004883,-0.748324,0.662185,-0.039014,-0.025979,0.029513,0.999227,0,0.57521,1.00000,34.513,2.000,-1,375.000,-1,350.000,950.000,300.000,300.000,250.000,275.000,-1,-1,-1,-1,675.000,600.000,-1,975.000,2,0,2,0,0,0,0,1,0,2,2,2,2,0,0,2,0
81,7374.821,1656.233,71.494,-46.511,0.688517,0.725211,-0.003647,-0.724793,0.687930,-0.037796,-0.024901,0.028667,0.999279,0,0.57289,1.00000,34.373,2.000,-1,375.000,-1,350.000,950.000,300.000,300.000,250.000,275.000,-1,-1,-1,-1,675.000,600.000,-1,975.000,2,0,2,0,0,0,0,1,0,2,2,2,2,0,0,2,0
82,7399.272,1632.197,71.124,-44.511,0.713379,0.700773,-0.002796,-0.700379,0.712832,-0.036585,-0.023645,0.028058,0.999327,0,0.57145,1.00000,34.287,2.000,-1,375.000,-1,350.000,950.000,300.000,300.000,250.000,275.000,-1,-1,-1,-1,675.000,600.000,-1,950.000,2,0,2,0,0,0,0,1,0,2,2,2,2,0,0,2,0
83,7424.516,1609.055,70.691,-42.511,0.737379,0.675475,-0.002340,-0.675115,0.736862,-0.035412,-0.022195,0.027692,0.999370,0,0.57077,1.00000,34.246,2.000,-1,375.000,-1,350.000,925.000,300.000,300.000,250.000,275.000,-1,-1,-1,-1,675.000,600.000,-1,950.000,2,0,2,0,0,0,0,1,0,2,2,2,2,0,0,2,0
84,7446.903,1589.927,70.391,-40.511,0.760478,0.649363,-0.001332,-0.649019,0.760005,-0.034162,-0.021171,0.026844,0.999415,0,0.49077,1.00000,29.446,2.000,-1,375.000,-1,350.000,925.000,300.000,300.000,250.000,275.000,-1,-1,-1,-1,675.000,600.000,-1,950.000,2,0,2,0,0,0,0,1,0,2,2,2,2,0,0,2,0
85,7466.188,1574.581,70.201,-38.511,0.782649,0.622464,-0.000249,-0.622141,0.782230,-0.032515,-0.020045,0.025603,0.999471,0,0.41077,1.00000,24.646,2.000,-1,375.000,-1,350.000,925.000,300.000,300.000,250.000,275.000,-1,-1,-1,-1,675.000,600.000,-1,975.000,2,0,2,0,0,0,0,1,0,2,2,2,2,0,0,2,0
86,7485.365,1560.384,70.045,-36.511,0.803870,0.594805,0.000726,-0.594507,0.803504,-0.030718,-0.018855,0.024262,0.999528,0,0.39767,1.00000,23.860,2.000,-1,375.000,-1,350.000,950.000,300.000,300.000,250.000,275.000,-1,-1,-1,-1,675.000,600.000,-1,975.000,2,0,2,0,0,0,0,1,0,2,2,2,2,0,0,2,0
87,7505.255,1546.708,69.897,-34.511,0.824116,0.566419,0.001580,-0.566146,0.823799,-0.028885,-0.017663,0.022910,0.999581,0,0.40231,1.00000,24.138,2.000,-1,375.000,-1,350.000,950.000,300.000,300.000,250.000,275.000,-1,-1,-1,-1,675.000,600.000,-1,1000.000,2,0,2,0,0,0,0,1,0,2,2,2,2,0,0,2,0
88,7525.844,1533.586,69.755,-32.511,0.843363,0.537340,0.002312,-0.537093,0.843090,-0.027021,-0.016469,0.021547,0.999632,0,0.40692,1.00000,24.415,2.000,-1,375.000,-1,350.000,975.000,300.000,300.000,250.000,300.000,-1,-1,-1,-1,675.000,600.000,-1,1000.000,2,0,2,0,0,0,0,1,0,2,2,2,2,0,0,2,0
89,7547.115,1521.050,69.617,-30.511,0.861586,0.507604,0.002921,-0.507382,0.861354,-0.025131,-0.015272,0.020170,0.999680,0,0.41151,1.00000,24.690,2.000,-1,375.000,-1,350.000,975.000,300.000,300.000,250.000,300.000,-1,-1,-1,-1,675.000,600.000,-1,-1,2,0,2,0,0,0,0,1,0,2,2,2,2,0,0,2,2
90,7569.052,1509.134,69.483,-28.511,0.878763,0.477247,0.003407,-0.477051,0.878569,-0.023219,-0.014074,0.018779,0.999725,0,0.41607,1.00000,24.964,2.000,-1,375.000,-1,350.000,1000.000,300.000,300.000,250.000,300.000,-1,-1,-1,-1,675.000,625.000,-1,-1,2,0,2,0,0,0,0,1,0,2,2,2,2,0,0,2,2
91,7591.634,1497.869,69.349,-26.511,0.894873,0.446306,0.003770,-0.446136,0.894712,-0.021292,-0.012876,0.017372,0.999766,0,0.42060,1.00000,25.236,2.000,-1,375.000,-1,350.000,-1,300.000,300.000,250.000,300.000,-1,-1,-1,-1,675.000,625.000,-1,-1,2,0,2,0,2,0,0,1,0,2,2,2,2,0,0,2,2
92,7614.841,1487.287,69.215,-24.511,0.909895,0.414819,0.004010,-0.414674,0.909764,-0.019355,-0.011677,0.015948,0.999805,0,0.42510,1.00000,25.506,2.000,-1,375.000,-1,350.000,-1,300.000,300.000,250.000,300.000,-1,-1,-1,-1,675.000,625.000,-1,-1,2,0,2,0,2,0,0,1,0,2,2,2,2,0,0,2,2
93,7638.652,1477.419,69.079,-22.511,0.923812,0.382824,0.004129,-0.382703,0.923707,-0.017415,-0.010481,0.014509,0.999840,0,0.42958,1.00000,25.775,2.000,-1,375.000,-1,350.000,-1,300.000,300.000,250.000,300.000,-1,-1,-1,-1,675.000,625.000,-1,-1,2,0,2,0,2,0,0,1,0,2,2,2,2,0,0,2,2
94,7663.042,1468.294,68.939,-20.511,0.936606,0.350361,0.004127,-0.350262,0.936524,-0.015480,-0.009288,0.013053,0.999872,0,0.43401,1.00000,26.041,2.000,-1,375.000,-1,350.000,-1,300.000,300.000,250.000,300.000,-1,-1,-1,-1,675.000,625.000,-1,-1,2,0,2,0,2,0,0,1,0,2,2,2,2,0,0,2,2
95,7687.986,1459.942,68.794,-18.511,0.948260,0.317469,0.004006,-0.317391,0.948198,-0.013556,-0.008102,0.011583,0.999900,0,0.43842,1.00000,26.305,2.000,-1,375.000,-1,350.000,-1,300.000,300.000,250.000,300.000,-1,-1,-1,-1,675.000,625.000,-1,-1,2,0,2,0,2,0,0,1,0,2,2,2,2,0,0,2,2
96,7713.457,1452.392,68.643,-16.511,0.958761,0.284189,0.003770,-0.284129,0.958715,-0.011652,-0.006926,0.010100,0.999925,0,0.44279,1.00000,26.567,2.000,-1,375.000,-1,350.000,-1,300.000,300.000,250.000,300.000,-1,-1,-1,-1,675.000,625.000,-1,-1,2,0,2,0,2,0,0,1,0,2,2,2,2,0,0,2,2
97,7739.428,1445.670,68.483,-14.511,0.968095,0.250560,0.003422,-0.250517,0.968063,-0.009776,-0.005763,0.008606,0.999946,0,0.44712,1.00000,26.827,2.000,-1,375.000,-1,350.000,-1,300.000,300.000,225.000,300.000,-1,-1,-1,-1,675.000,625.000,-1,-1,2,0,2,0,2,0,0,1,0,2,2,2,2,0,0,2,2
98,7765.870,1439.802,68.315,-12.511,0.976250,0.216625,0.002968,-0.216596,0.976229,-0.007937,-0.004617,0.007105,0.999964,0,0.45141,1.00000,27.085,2.000,-1,375.000,-1,350.000,-1,300.000,300.000,225.000,300.000,-1,-1,-1,-1,675.000,625.000,-1,-1,2,0,2,0,2,0,0,1,0,2,2,2,2,0,0,2,2
99,7792.751,1434.815,68.180,-10.511,0.983217,0.182425,0.002244,-0.182408,0.983203,-0.006290,-0.003354,0.005775,0.999978,0,0.45566,1.00000,27.340,2.000,-1,375.000,-1,350.000,-1,300.000,300.000,225.000,300.000,-1,-1,-1,-1,675.000,625.000,-1,-1,2,0,2,0,2,0,0,1,0,2,2,2,2,0,0,2,2
100,7820.039,1430.731,68.310,-8.511,0.988987,0.148001,0.000367,-0.147996,0.988971,-0.005701,-0.001206,0.005584,0.999984,0,0.45988,1.00000,27.593,2.000,-1,375.000,-1,350.000,-1,300.000,300.000,225.000,300.000,-1,-1,-1,-1,700.000,625.000,-1,-1,2,0,2,0,2,0,0,1,0,2,2,2,2,0,0,2,2
101,7847.702,1427.574,68.447,-6.511,0.993548,0.113396,-0.001730,-0.113404,0.993535,-0.005314,0.001117,0.005476,0.999984,0,0.46405,1.00000,27.843,2.000,-1,375.000,-1,350.000,-1,300.000,300.000,225.000,300.000,-1,-1,-1,-1,700.000,650.000,-1,-1,2,0,2,0,2,0,0,1,0,2,2,2,2,0,0,2,2
102,7875.706,1425.364,68.675,-4.511,0.996893,0.078653,-0.004134,-0.078675,0.996885,-0.005498,0.003688,0.005807,0.999976,0,0.46817,1.00000,28.090,2.000,-1,375.000,-1,375.000,-1,300.000,300.000,225.000,300.000,-1,-1,-1,-1,725.000,650.000,-1,-1,2,0,2,0,2,0,0,1,0,2,2,2,2,0,0,2,2
103,7908.558,1423.786,69.125,-2.751,0.998828,0.047999,-0.006270,-0.048031,0.998833,-0.005045,0.006020,0.005340,0.999968,0,0.54817,0.88000,32.890,1.760,-1,400.000,-1,375.000,-1,325.000,300.000,225.000,300.000,-1,-1,-1,-1,750.000,650.000,-1,-1,2,0,2,0,2,0,0,1,0,2,2,2,2,0,0,2,2
104,7944.755,1423.008,69.713,-1.231,0.999734,0.021487,-0.008385,-0.021523,0.999759,-0.004225,0.008292,0.004404,0.999956,0,0.60341,0.76000,36.205,1.520,-1,400.000,-1,375.000,-1,325.000,300.000,225.000,300.000,-1,-1,-1,-1,775.000,675.000,-1,-1,2,0,2,0,2,0,0,1,0,2,2,2,2,0,0,2,2
105,7980.844,1423.150,70.295,0.226,0.999938,-0.003941,-0.010383,0.003904,0.999986,-0.003527,0.010397,0.003487,0.999940,0,0.60149,0.72850,36.090,1.457,-1,400.000,-1,375.000,-1,325.000,325.000,225.000,300.000,-1,-1,-1,-1,775.000,700.000,-1,-1,2,0,2,0,2,0,0,1,0,2,2,2,2,0,0,2,2
106,8016.785,1424.202,70.871,1.678,0.999496,-0.029277,-0.012297,0.029243,0.999568,-0.002941,0.012378,0.002580,0.999920,0,0.59928,0.72597,35.957,1.452,-1,400.000,-1,375.000,-1,325.000,325.000,225.000,300.000,-1,-1,-1,-1,800.000,700.000,-1,-1,2,1,2,0,2,0,0,1,0,2,2,2,2,0,0,2,2
107,8052.559,1426.155,71.436,3.124,0.998414,-0.054503,-0.014110,0.054474,0.998512,-0.002451,0.014223,0.001678,0.999897,0,0.59711,0.72331,35.827,1.447,-1,400.000,-1,375.000,-1,325.000,325.000,225.000,300.000,-1,925.000,900.000,-1,825.000,725.000,-1,-1,2,1,2,0,2,0,0,1,0,2,0,0,2,0,0,2,2
108,8088.145,1428.997,71.987,4.565,0.996702,-0.079597,-0.015806,0.079574,0.996827,-0.002039,0.015918,0.000774,0.999873,0,0.59499,0.72052,35.699,1.441,-1,400.000,-1,375.000,-1,325.000,325.000,225.000,300.000,-1,825.000,825.000,-1,850.000,750.000,-1,-1,2,1,2,0,2,0,0,1,0,2,0,0,2,0,0,2,2
109,8123.524,1432.715,72.521,6.001,0.994369,-0.104539,-0.017371,0.104526,0.994521,-0.001688,0.017452,-0.000137,0.999848,0,0.59290,0.71761,35.574,1.435,-1,400.000,-1,375.000,-1,325.000,325.000,225.000,300.000,-1,750.000,750.000,-1,850.000,750.000,-1,-1,2,1,2,0,2,0,0,1,0,2,0,0,2,0,0,2,2
110,8158.677,1437.299,73.033,7.430,0.991426,-0.129311,-0.018793,0.129308,0.991604,-0.001382,0.018814,-0.001060,0.999822,0,0.59083,0.71457,35.450,1.429,-1,425.000,-1,400.000,-1,325.000,325.000,225.000,300.000,-1,700.000,725.000,-1,875.000,775.000,-1,-1,2,1,2,0,2,0,0,1,0,2,0,0,2,0,0,2,2
111,8193.582,1442.736,73.522,8.853,0.987884,-0.153893,-0.020062,0.153902,0.988086,-0.001103,0.019993,-0.001998,0.999798,0,0.58877,0.71142,35.326,1.423,-1,425.000,-1,400.000,-1,325.000,325.000,225.000,300.000,-1,675.000,700.000,-1,875.000,800.000,-1,-1,2,1,2,0,2,0,0,1,0,2,0,0,2,0,0,2,2
112,8228.222,1449.012,73.984,10.269,0.983754,-0.178267,-0.021171,0.178290,0.983978,-0.000834,0.020981,-0.002954,0.999776,0,0.58672,0.70814,35.203,1.416,-1,425.000,-1,400.000,-1,325.000,325.000,225.000,300.000,-1,650.000,675.000,-1,900.000,800.000,-1,-1,2,0,2,0,2,0,0,1,0,2,0,0,2,0,0,2,2
113,8262.577,1456.113,74.417,11.678,0.979050,-0.202417,-0.022114,0.202454,0.979292,-0.000558,0.021769,-0.003931,0.999755,0,0.58468,0.70476,35.081,1.410,-1,425.000,-1,400.000,-1,325.000,325.000,225.000,300.000,-1,625.000,650.000,-1,900.000,825.000,-1,-1,2,0,2,0,2,1,0,1,0,2,0,0,2,0,0,2,2
114,8296.628,1464.025,74.819,13.081,0.973783,-0.226324,-0.022885,0.226378,0.974040,-0.000259,0.022349,-0.004929,0.999738,0,0.58264,0.70126,34.958,1.403,-1,425.000,-1,400.000,-1,350.000,325.000,225.000,300.000,-1,625.000,650.000,-1,925.000,825.000,-1,-1,2,0,2,0,2,0,0,1,0,2,0,0,2,0,0,2,2
115,8330.358,1472.733,75.187,14.476,0.967968,-0.249974,-0.023482,0.250045,0.968234,0.000080,0.022716,-0.005949,0.999724,0,0.58060,0.69765,34.836,1.395,-1,425.000,-1,400.000,-1,350.000,325.000,225.000,300.000,-1,625.000,650.000,-1,925.000,850.000,-1,-1,2,0,2,0,2,0,0,1,0,2,0,0,2,0,0,2,2
116,8363.749,1482.222,75.521,15.864,0.961618,-0.273350,-0.023903,0.273439,0.961889,0.000475,0.022862,-0.006992,0.999714,0,0.57856,0.69394,34.714,1.388,-1,450.000,-1,425.000,-1,350.000,325.000,225.000,300.000,-1,625.000,675.000,-1,925.000,850.000,-1,-1,2,0,2,0,2,0,0,1,0,2,0,0,2,0,0,2,2
117,8396.786,1492.477,75.819,17.244,0.954747,-0.296438,-0.024148,0.296546,0.955018,0.000939,0.022783,-0.008057,0.999708,0,0.57653,0.69012,34.592,1.380,-1,450.000,-1,425.000,-1,350.000,350.000,225.000,300.000,-1,650.000,700.000,-1,925.000,875.000,-1,-1,2,0,2,0,2,0,0,1,0,2,0,0,2,0,0,2,2
118,8429.453,1503.481,76.103,18.617,0.947371,-0.319223,-0.024179,0.319352,0.947635,0.001596,0.022403,-0.009234,0.999706,0,0.57451,0.68620,34.470,1.372,-1,450.000,-1,425.000,-1,350.000,350.000,225.000,300.000,-1,675.000,725.000,-1,925.000,875.000,-1,-1,2,0,2,0,2,0,0,1,0,2,0,0,2,0,0,2,2
119,8461.735,1515.219,76.515,19.981,0.939512,-0.341689,-0.023795,0.341854,0.939748,0.003090,0.021305,-0.011038,0.999712,0,0.57249,0.68218,34.350,1.364,-1,450.000,-1,425.000,-1,350.000,350.000,225.000,300.000,-1,725.000,800.000,-1,925.000,875.000,-1,-1,2,0,2,0,2,0,0,1,0,2,0,0,2,0,0,2,2
120,8493.618,1527.674,76.688,21.337,0.931195,-0.363830,-0.022452,0.364007,0.931387,0.004233,0.019371,-0.012114,0.999739,0,0.57050,0.67807,34.230,1.356,-1,450.000,-1,425.000,-1,350.000,350.000,225.000,300.000,-1,825.000,925.000,-1,900.000,875.000,-1,-1,2,0,2,0,2,0,0,1,0,2,0,0,2,1,0,2,2
121,8525.091,1540.830,76.798,22.685,0.922417,-0.385630,-0.020860,0.385814,0.922560,0.005500,0.017124,-0.013122,0.999767,0,0.56853,0.67385,34.112,1.348,-1,425.000,-1,425.000,-1,350.000,350.000,225.000,300.000,-1,975.000,-1,-1,900.000,875.000,-1,-1,2,0,2,0,2,0,0,1,0,2,0,2,2,1,0,2,2
122,8556.141,1554.670,76.874,24.024,0.913192,-0.407079,-0.019140,0.407266,0.913283,0.006970,0.014643,-0.014161,0.999793,0,0.56659,0.66955,33.995,1.339,-1,425.000,-1,425.000,-1,350.000,350.000,225.000,300.000,-1,-1,-1,-1,875.000,850.000,-1,-1,2,0,2,0,2,0,0,1,0,2,2,2,2,1,0,2,2
123,8586.759,1569.179,76.916,25.354,0.903535,-0.428166,-0.017301,0.428349,0.903572,0.008653,0.011927,-0.015229,0.999813,0,0.56469,0.66516,33.881,1.330,-1,425.000,-1,400.000,-1,350.000,325.000,225.000,300.000,-1,-1,-1,-1,850.000,850.000,-1,-1,2,0,2,0,2,0,0,1,0,2,2,2,2,1,0,2,2
124,8616.934,1584.340,76.952,26.676,0.893462,-0.448882,-0.015211,0.449051,0.893444,0.010494,0.008880,-0.016206,0.999829,0,0.56283,0.66068,33.770,1.321,-1,425.000,-1,400.000,-1,325.000,325.000,225.000,300.000,-1,-1,-1,-1,825.000,825.000,-1,-1,2,0,2,0,2,0,0,1,0,2,2,2,2,1,0,2,2
125,8651.066,1602.303,77.024,27.757,0.884883,-0.465657,-0.012078,0.465790,0.884802,0.012866,0.004695,-0.017010,0.999844,0,0.64283,0.54068,38.570,1.081,-1,400.000,-1,400.000,-1,325.000,325.000,225.000,300.000,-1,-1,-1,-1,800.000,800.000,-1,-1,2,0,2,0,2,0,0,1,0,2,2,2,2,1,0,2,2
126,8689.144,1623.063,77.003,28.598,0.878000,-0.478589,-0.008303,0.478661,0.877851,0.016142,-0.000436,-0.018147,0.999835,0,0.72283,0.42068,43.370,0.841,-1,400.000,-1,400.000,-1,325.000,325.000,225.000,300.000,-1,-1,-1,-1,775.000,775.000,-1,-1,2,0,2,0,2,0,0,1,0,2,2,2,2,1,0,2,2
127,8731.192,1646.563,77.419,29.200,0.872953,-0.487783,-0.004596,0.487784,0.872791,0.017399,-0.004476,-0.017430,0.999838,0,0.80283,0.30068,48.170,0.601,-1,400.000,-1,400.000,-1,325.000,325.000,225.000,300.000,-1,-1,-1,-1,750.000,750.000,-1,-1,2,0,2,0,2,0,0,1,0,2,2,2,2,1,0,2,2
128,8773.366,1670.483,77.983,29.561,0.869864,-0.493290,-0.001288,0.493233,0.869718,0.017633,-0.007578,-0.015974,0.999844,0,0.80808,0.18068,48.485,0.361,-1,400.000,-1,375.000,-1,325.000,325.000,225.000,300.000,-1,-1,-1,-1,750.000,750.000,-1,-1,2,0,2,0,2,0,0,1,0,2,2,2,2,1,0,2,2
129,8815.027,1694.229,78.468,29.683,0.868811,-0.495141,0.001649,0.495037,0.868689,0.017857,-0.010274,-0.014698,0.999839,0,0.79921,0.06068,47.953,0.121,-1,400.000,-1,375.000,-1,325.000,325.000,250.000,300.000,-1,-1,-1,-1,750.000,725.000,-1,-1,2,0,2,0,2,0,0,1,0,2,2,2,2,0,0,2,2
130,8856.241,1717.674,78.846,29.634,0.869215,-0.494417,0.004129,0.494275,0.869117,0.018098,-0.012537,-0.013690,0.999828,0,0.79027,-0.02410,47.416,-0.048,-1,375.000,-1,375.000,-1,325.000,300.000,250.000,300.000,-1,-1,-1,-1,750.000,725.000,-1,-1,2,0,2,0,2,0,0,1,0,2,2,2,2,0,0,2,2
131,8897.039,1740.819,79.119,29.567,0.869784,-0.493397,0.005922,0.493226,0.869704,0.018510,-0.014283,-0.013179,0.999811,0,0.78176,-0.03370,46.906,-0.067,-1,375.000,-1,375.000,-1,325.000,300.000,275.000,300.000,-1,-1,-1,-1,750.000,700.000,-1,-1,2,0,2,0,2,0,0,1,0,2,2,2,2,0,0,2,2
132,8937.492,1763.687,79.289,29.479,0.870529,-0.492066,0.007045,0.491871,0.870459,0.019089,-0.015526,-0.013152,0.999793,0,0.77449,-0.04384,46.469,-0.088,-1,375.000,-1,375.000,-1,300.000,300.000,275.000,300.000,-1,-1,-1,-1,725.000,700.000,-1,-1,2,0,2,0,2,0,0,1,0,2,2,2,2,0,0,2,2
133,8973.712,1784.290,79.334,29.632,0.869217,-0.494375,0.007408,0.494162,0.869142,0.019922,-0.016287,-0.013656,0.999774,0,0.69449,0.07616,41.669,0.152,-1,375.000,-1,375.000,-1,300.000,300.000,300.000,300.000,-1,-1,-1,-1,725.000,700.000,-1,-1,2,0,2,0,2,0,0,1,0,2,2,2,2,0,0,2,2
134,9008.927,1804.589,79.293,29.960,0.866373,-0.499345,0.007234,0.499117,0.866281,0.020976,-0.016741,-0.014562,0.999754,0,0.67744,0.16430,40.647,0.329,-1,375.000,-1,375.000,-1,300.000,300.000,300.000,300.000,-1,-1,-1,-1,725.000,700.000,-1,-1,2,1,2,0,2,0,0,1,0,2,2,2,2,0,0,2,2
135,9043.936,1825.021,78.946,30.269,0.863680,-0.504000,0.006463,0.503782,0.863576,0.021000,-0.016165,-0.014881,0.999759,0,0.67559,0.15425,40.535,0.309,-1,375.000,-1,375.000,-1,300.000,300.000,300.000,300.000,-1,-1,-1,-1,725.000,700.000,-1,-1,2,0,2,0,2,0,0,1,0,2,2,2,2,0,0,2,2
136,9078.780,1845.592,78.526,30.557,0.861148,-0.508327,0.005258,0.508126,0.861025,0.021084,-0.015245,-0.015485,0.999764,0,0.67438,0.14393,40.463,0.288,-1,375.000,-1,375.000,-1,300.000,300.000,300.000,300.000,-1,-1,-1,-1,725.000,700.000,-1,-1,2,0,2,0,2,0,0,1,0,2,2,2,2,0,0,2,2
137,9113.497,1866.307,78.036,30.823,0.858786,-0.512322,0.003634,0.512143,0.858637,0.021251,-0.014008,-0.016389,0.999768,0,0.67379,0.13334,40.428,0.267,-1,375.000,-1,375.000,-1,300.000,300.000,300.000,300.000,-1,-1,-1,-1,750.000,700.000,-1,-1,2,0,2,0,2,0,0,1,0,2,2,2,2,0,0,2,2
138,9148.126,1887.170,77.458,31.068,0.856600,-0.515978,0.001646,0.515830,0.856422,0.021475,-0.012491,-0.017547,0.999768,0,0.67381,0.12249,40.428,0.245,-1,375.000,-1,375.000,-1,300.000,300.000,300.000,300.000,-1,-1,-1,-1,750.000,700.000,-1,-1,2,0,2,0,2,0,0,1,0,2,2,2,2,0,0,2,2
139,9182.704,1908.187,76.917,31.291,0.854595,-0.519294,-0.000865,0.519193,0.854394,0.021207,-0.010274,-0.018572,0.999775,0,0.67440,0.11137,40.464,0.223,-1,375.000,-1,375.000,-1,300.000,300.000,300.000,300.000,-1,-1,-1,-1,750.000,725.000,-1,-1,2,0,2,0,2,0,0,1,0,2,2,2,2,0,0,2,2
140,9217.267,1929.360,76.308,31.491,0.852778,-0.522260,-0.003840,0.522218,0.852554,0.020975,-0.007681,-0.019892,0.999773,0,0.67555,0.09999,40.533,0.200,-1,400.000,-1,375.000,-1,325.000,325.000,275.000,300.000,-1,-1,-1,-1,775.000,725.000,-1,-1,2,0,2,0,2,0,0,1,0,2,2,2,2,0,0,2,2
141,9251.852,1950.693,75.516,31.668,0.851155,-0.524864,-0.007222,0.524889,0.850902,0.021374,-0.005073,-0.021983,0.999745,0,0.67725,0.08836,40.635,0.177,-1,400.000,-1,400.000,-1,325.000,325.000,275.000,300.000,700.000,-1,-1,-1,775.000,750.000,-1,-1,2,0,2,0,2,0,0,1,0,1,2,2,2,0,0,2,2
142,9290.454,1974.656,74.873,31.831,0.849651,-0.527265,-0.009250,0.527334,0.849379,0.021782,-0.003628,-0.023384,0.999720,0,0.75725,0.08147,45.435,0.163,-1,400.000,-1,400.000,-1,325.000,325.000,275.000,300.000,700.000,-1,-1,-1,775.000,750.000,-1,-1,2,0,2,0,2,0,0,1,0,1,2,2,2,0,0,2,2
143,9330.948,1999.939,74.447,31.978,0.848290,-0.529447,-0.009498,0.529519,0.848007,0.022229,-0.003715,-0.023886,0.999708,0,0.79565,0.07386,47.739,0.148,-1,400.000,-1,400.000,-1,325.000,325.000,275.000,325.000,700.000,-1,-1,-1,775.000,750.000,-1,-1,2,0,2,0,2,0,0,1,0,1,2,2,2,0,0,2,2
144,9371.270,2025.242,73.898,32.109,0.847085,-0.531369,-0.009662,0.531440,0.846775,0.023325,-0.004212,-0.024893,0.999681,0,0.79339,0.06542,47.603,0.131,-1,400.000,-1,375.000,-1,325.000,325.000,250.000,325.000,725.000,-1,-1,-1,775.000,750.000,-1,-1,2,0,2,0,2,0,0,1,0,1,2,2,2,0,0,2,2
145,9411.427,2050.553,73.519,32.222,0.846035,-0.533036,-0.009913,0.533111,0.845717,0.023562,-0.004176,-0.025219,0.999673,0,0.79115,0.05656,47.469,0.113,-1,400.000,-1,375.000,-1,325.000,325.000,250.000,325.000,725.000,-1,-1,-1,775.000,750.000,-1,-1,2,0,2,0,2,0,0,1,0,1,2,2,2,0,0,2,2
146,9451.434,2075.860,73.239,32.317,0.845152,-0.534429,-0.010179,0.534511,0.844834,0.023526,-0.003973,-0.025323,0.999671,0,0.78898,0.04728,47.339,0.095,-1,400.000,-1,375.000,-1,325.000,325.000,250.000,325.000,750.000,-1,-1,-1,775.000,750.000,-1,-1,2,0,2,0,2,0,0,1,0,1,2,2,2,0,0,2,2
147,9491.303,2101.154,72.996,32.392,0.844449,-0.535535,-0.010424,0.535623,0.844129,0.023526,-0.003800,-0.025450,0.999669,0,0.78694,0.03758,47.217,0.075,-1,400.000,-1,375.000,-1,325.000,325.000,250.000,325.000,775.000,-1,-1,-1,775.000,750.000,-1,-1,2,0,2,0,2,0,0,1,0,1,2,2,2,0,0,2,2
148,9531.055,2126.427,72.793,32.447,0.843934,-0.536342,-0.010648,0.536435,0.843612,0.023564,-0.003656,-0.025598,0.999666,0,0.78510,0.02746,47.106,0.055,-1,400.000,-1,375.000,-1,325.000,325.000,275.000,325.000,800.000,-1,-1,-1,775.000,750.000,-1,-1,2,0,2,0,2,0,0,1,0,1,2,2,2,0,0,2,2
149,9570.712,2151.673,72.628,32.481,0.843615,-0.536838,-0.010848,0.536936,0.843292,0.023638,-0.003541,-0.025766,0.999662,0,0.78351,0.01693,47.010,0.034,-1,400.000,-1,375.000,-1,325.000,325.000,275.000,325.000,825.000,-1,-1,-1,800.000,750.000,-1,-1,2,0,2,0,2,0,0,1,0,1,2,2,2,0,0,2,2
150,9610.298,2176.885,72.501,32.493,0.843502,-0.537012,-0.011025,0.537114,0.843175,0.023747,-0.003456,-0.025952,0.999657,0,0.78222,0.00600,46.933,0.012,-1,400.000,-1,375.000,-1,325.000,325.000,275.000,325.000,875.000,-1,-1,-1,825.000,775.000,-1,-1,2,0,2,0,2,0,0,1,0,1,2,2,2,0,0,2,2
151,9649.843,2202.061,72.413,32.482,0.843602,-0.536852,-0.011176,0.536958,0.843271,0.023888,-0.003400,-0.026153,0.999652,0,0.78131,-0.00534,46.879,-0.011,-1,400.000,-1,400.000,-1,325.000,325.000,275.000,325.000,900.000,-1,-1,-1,825.000,775.000,-1,-1,2,0,2,0,2,0,0,1,0,1,2,2,2,0,0,2,2
152,9690.050,2227.576,72.338,32.400,0.844370,-0.535641,-0.011308,0.535751,0.844037,0.023936,-0.003277,-0.026269,0.999650,0,0.79365,-0.04106,47.619,-0.082,-1,400.000,-1,400.000,-1,325.000,325.000,300.000,325.000,925.000,-1,-1,-1,850.000,775.000,-1,-1,2,0,2,0,2,0,0,1,0,1,2,2,2,0,0,2,2
153,9730.011,2252.852,72.439,32.314,0.845178,-0.534377,-0.010734,0.534472,0.844852,0.023762,-0.003629,-0.025820,0.999660,0,0.78808,-0.04311,47.285,-0.086,-1,400.000,-1,400.000,-1,325.000,325.000,300.000,325.000,950.000,-1,-1,-1,850.000,775.000,-1,-1,2,0,2,0,2,0,0,1,0,1,2,2,2,0,0,2,2
154,9769.754,2277.901,72.568,32.223,0.846028,-0.533042,-0.010137,0.533123,0.845709,0.023599,-0.004006,-0.025369,0.999670,0,0.78296,-0.04546,46.978,-0.091,-1,400.000,-1,400.000,-1,325.000,325.000,325.000,325.000,975.000,-1,-1,-1,875.000,775.000,-1,-1,2,0,2,0,2,0,0,1,0,1,2,2,2,0,0,2,2
155,9809.302,2302.736,72.553,32.127,0.846922,-0.531620,-0.010120,0.531702,0.846601,0.023655,-0.004008,-0.025415,0.999669,0,0.77833,-0.04809,46.700,-0.096,-1,400.000,-1,400.000,-1,325.000,325.000,325.000,325.000,1000.000,-1,-1,-1,875.000,775.000,-1,-1,2,0,2,0,2,0,0,0,0,1,2,2,2,0,0,2,2
156,9848.685,2327.369,72.407,32.025,0.847864,-0.530105,-0.010712,0.530201,0.847534,0.023946,-0.003615,-0.025983,0.999656,0,0.77420,-0.05099,46.452,-0.102,-1,400.000,-1,400.000,-1,325.000,325.000,325.000,325.000,1000.000,-1,-1,-1,900.000,775.000,-1,-1,2,0,2,0,2,0,0,0,0,1,2,2,2,0,0,2,2
157,9887.930,2351.812,72.009,31.916,0.848861,-0.528494,-0.011354,0.528606,0.848520,0.024275,-0.003195,-0.026608,0.999641,0,0.77057,-0.05414,46.234,-0.108,-1,400.000,-1,400.000,-1,325.000,325.000,325.000,325.000,1000.000,-1,-1,-1,900.000,775.000,-1,-1,2,0,2,0,2,0,0,0,0,1,2,2,2,0,0,2,2
158,9927.064,2376.078,71.482,31.801,0.849914,-0.526774,-0.012443,0.526915,0.849556,0.024786,-0.002486,-0.027622,0.999615,0,0.76745,-0.05753,46.047,-0.115,-1,400.000,-1,400.000,-1,325.000,325.000,325.000,325.000,975.000,-1,-1,-1,900.000,800.000,-1,-1,2,0,2,0,2,0,0,0,0,1,2,2,2,0,0,2,2
159,9966.116,2400.177,71.219,31.679,0.851038,-0.524960,-0.012283,0.525097,0.850679,0.024873,-0.002608,-0.027618,0.999615,0,0.76482,-0.06114,45.889,-0.122,-1,400.000,-1,400.000,-1,325.000,325.000,325.000,325.000,975.000,-1,-1,-1,925.000,800.000,-1,-1,2,0,2,0,2,0,0,0,0,1,2,2,2,0,0,2,2
160,10005.112,2424.120,70.973,31.549,0.852229,-0.523030,-0.012084,0.523162,0.851867,0.024964,-0.002763,-0.027597,0.999615,0,0.76268,-0.06496,45.761,-0.130,-1,400.000,-1,400.000,-1,325.000,325.000,325.000,325.000,950.000,-1,-1,-1,925.000,800.000,-1,-1,2,0,2,0,2,0,0,0,0,1,2,2,2,0,0,2,2
161,10044.082,2447.918,70.698,31.411,0.853490,-0.520975,-0.011815,0.521100,0.853121,0.025291,-0.003096,-0.027743,0.999610,0,0.76101,-0.06898,45.661,-0.138,-1,400.000,-1,400.000,-1,325.000,325.000,325.000,300.000,900.000,-1,-1,-1,925.000,800.000,-1,-1,2,0,2,0,2,0,0,0,0,1,2,2,2,0,0,2,2
162,10083.049,2471.578,70.350,31.265,0.854827,-0.518787,-0.011446,0.518900,0.854437,0.026091,-0.003756,-0.028243,0.999594,0,0.75980,-0.07319,45.588,-0.146,-1,400.000,-1,400.000,-1,325.000,325.000,325.000,300.000,900.000,-1,-1,-1,925.000,800.000,-1,-1,2,0,2,0,2,0,0,0,0,1,2,2,2,0,0,2,2
163,10122.041,2495.109,70.009,31.110,0.856238,-0.516464,-0.011028,0.516562,0.855826,0.026934,-0.004472,-0.028758,0.999576,0,0.75903,-0.07758,45.542,-0.155,-1,425.000,-1,400.000,-1,325.000,325.000,325.000,300.000,900.000,-1,-1,-1,900.000,775.000,-1,-1,2,0,2,0,2,0,0,0,0,1,2,2,2,0,0,2,2
164,10161.082,2518.517,69.678,30.945,0.857725,-0.514000,-0.010561,0.514081,0.857290,0.027818,-0.005245,-0.029289,0.999557,0,0.75868,-0.08214,45.521,-0.164,-1,425.000,-1,400.000,-1,325.000,325.000,325.000,300.000,900.000,-1,-1,-1,900.000,775.000,-1,-1,2,0,2,0,2,0,0,0,0,1,2,2,2,0,0,2,2
165,10199.106,2541.383,69.355,31.021,0.857056,-0.515125,-0.010039,0.515186,0.856598,0.028683,-0.006175,-0.029755,0.999538,0,0.73950,0.03786,44.370,0.076,-1,425.000,-1,400.000,-1,325.000,325.000,325.000,300.000,925.000,-1,-1,-1,900.000,775.000,-1,-1,2,0,2,0,2,0,0,0,0,1,2,2,2,0,0,2,2
166,10237.123,2564.346,68.885,31.132,0.856072,-0.516772,-0.009372,0.516800,0.855568,0.030369,-0.007675,-0.030842,0.999495,0,0.74023,0.05567,44.414,0.111,-1,425.000,-1,400.000,-1,325.000,325.000,325.000,300.000,950.000,-1,-1,-1,875.000,775.000,-1,-1,2,0,2,0,2,0,0,0,0,1,2,2,2,0,0,2,2
167,10275.154,2587.411,68.281,31.234,0.855179,-0.518261,-0.008577,0.518242,0.854605,0.032808,-0.009673,-0.032502,0.999425,0,0.74131,0.05081,44.479,0.102,-1,425.000,-1,400.000,-1,325.000,325.000,325.000,300.000,950.000,-1,-1,-1,875.000,775.000,-1,-1,2,0,2,0,2,0,0,0,0,1,2,2,2,0,0,2,2
168,10313.218,2610.578,67.694,31.326,0.854374,-0.519600,-0.007756,0.519527,0.853728,0.035222,-0.011679,-0.034122,0.999349,0,0.74266,0.04584,44.560,0.092,-1,425.000,-1,400.000,-1,325.000,325.000,325.000,300.000,975.000,-1,-1,-1,850.000,750.000,-1,-1,2,0,2,0,2,0,0,0,0,1,2,2,2,0,0,2,2
169,10351.330,2633.850,67.095,31.407,0.853658,-0.520787,-0.006924,0.520655,0.852944,0.037485,-0.013616,-0.035604,0.999273,0,0.74426,0.04076,44.656,0.082,-1,400.000,-1,400.000,-1,325.000,325.000,325.000,300.000,1000.000,-1,-1,-1,825.000,750.000,-1,-1,2,0,2,0,2,0,0,0,0,1,2,2,2,0,0,2,2
170,10389.508,2657.226,66.495,31.478,0.853034,-0.521820,-0.006071,0.521625,0.852254,0.039635,-0.015508,-0.036977,0.999196,0,0.74611,0.03557,44.766,0.071,-1,400.000,-1,375.000,-1,325.000,325.000,325.000,300.000,-1,-1,-1,-1,825.000,750.000,-1,-1,2,0,2,0,2,0,0,0,0,2,2,2,2,0,0,2,2
171,10427.768,2680.708,65.857,31.539,0.852502,-0.522698,-0.005313,0.522444,0.851666,0.041447,-0.017139,-0.038109,0.999127,0,0.74818,0.03027,44.891,0.061,-1,400.000,-1,375.000,-1,325.000,325.000,325.000,300.000,-1,-1,-1,-1,800.000,725.000,-1,-1,2,0,2,0,2,0,0,0,0,2,2,2,2,0,0,2,2
172,10466.125,2704.296,65.181,31.589,0.852062,-0.523419,-0.004812,0.523120,0.851183,0.042815,-0.018314,-0.038999,0.999071,0,0.75048,0.02486,45.029,0.050,-1,400.000,-1,375.000,-1,325.000,300.000,325.000,300.000,-1,-1,-1,-1,800.000,725.000,-1,-1,2,0,2,0,2,0,0,0,0,2,2,2,2,0,0,2,2
173,10504.593,2727.988,64.508,31.627,0.851722,-0.523977,-0.004279,0.523633,0.850802,0.044090,-0.019462,-0.039793,0.999018,0,0.75299,0.01936,45.179,0.039,-1,400.000,-1,375.000,-1,325.000,300.000,325.000,300.000,-1,-1,-1,-1,775.000,725.000,-1,-1,2,0,2,0,2,0,0,0,0,2,2,2,2,0,0,2,2
174,10543.189,2751.784,63.839,31.655,0.851482,-0.524371,-0.003712,0.523980,0.850527,0.045270,-0.020581,-0.040492,0.998968,0,0.75570,0.01375,45.342,0.028,-1,400.000,-1,375.000,-1,325.000,300.000,325.000,300.000,-1,-1,-1,-1,775.000,700.000,-1,-1,2,0,2,0,2,0,0,0,0,2,2,2,2,0,0,2,2
175,10581.927,2775.682,63.171,31.671,0.851345,-0.524597,-0.003124,0.524159,0.850358,0.046359,-0.021663,-0.041105,0.998920,0,0.75861,0.00805,45.516,0.016,-1,400.000,-1,375.000,-1,325.000,300.000,325.000,300.000,-1,-1,-1,-1,750.000,700.000,-1,-1,2,0,2,0,2,0,0,0,0,2,2,2,2,0,0,2,2
176,10620.821,2799.681,62.380,31.675,0.851318,-0.524641,-0.003122,0.524176,0.850280,0.047570,-0.022303,-0.042134,0.998863,0,0.76170,0.00225,45.702,0.004,-1,400.000,-1,375.000,-1,325.000,300.000,325.000,300.000,-1,-1,-1,-1,750.000,700.000,-1,-1,2,0,2,0,2,0,0,0,0,2,2,2,2,0,0,2,2
177,10663.691,2826.376,61.487,31.909,0.849190,-0.528079,-0.003173,0.527582,0.848098,0.048859,-0.023110,-0.043164,0.998801,0,0.84170,0.11675,50.502,0.234,-1,400.000,-1,375.000,-1,325.000,300.000,325.000,300.000,-1,-1,-1,-1,725.000,675.000,-1,-1,2,0,2,0,2,0,0,0,0,2,2,2,2,0,0,2,2
178,10707.490,2853.882,60.605,32.129,0.847166,-0.531318,-0.003255,0.530798,0.846031,0.049853,-0.023734,-0.043962,0.998751,0,0.86200,0.11018,51.720,0.220,-1,400.000,-1,375.000,-1,325.000,300.000,325.000,300.000,-1,-1,-1,-1,725.000,675.000,-1,-1,2,0,2,0,2,0,0,0,0,2,2,2,2,0,0,2,2
179,10751.399,2881.680,59.783,32.336,0.845252,-0.534358,-0.003384,0.533827,0.844093,0.050361,-0.024054,-0.044375,0.998725,0,0.86614,0.10338,51.968,0.207,-1,375.000,-1,375.000,-1,325.000,300.000,325.000,300.000,-1,-1,-1,-1,725.000,650.000,-1,-1,2,0,2,0,2,0,0,0,0,2,2,2,2,0,0,2,2
180,10795.431,2909.764,58.782,32.529,0.843460,-0.537174,-0.004375,0.536668,0.842250,0.051007,-0.023715,-0.045370,0.998689,0,0.87044,0.09649,52.226,0.193,-1,375.000,-1,375.000,-1,325.000,300.000,325.000,300.000,-1,-1,-1,-1,725.000,650.000,-1,-1,2,0,2,0,2,0,0,0,0,2,2,2,2,0,0,2,2
181,10839.600,2938.130,57.622,32.708,0.841793,-0.539765,-0.006139,0.539320,0.840510,0.051747,-0.022771,-0.046871,0.998641,0,0.87489,0.08951,52.493,0.179,-1,375.000,-1,375.000,-1,300.000,300.000,325.000,300.000,-1,-1,-1,-1,725.000,650.000,-1,-1,2,0,2,0,2,0,0,0,0,2,2,2,2,0,0,2,2
182,10883.919,2966.772,56.475,32.873,0.840246,-0.542148,-0.007826,0.541767,0.838901,0.052289,-0.021783,-0.048176,0.998601,0,0.87948,0.08244,52.769,0.165,-1,375.000,-1,375.000,-1,300.000,300.000,325.000,300.000,-1,-1,-1,-1,700.000,650.000,-1,-1,2,0,2,0,2,0,0,0,0,2,2,2,2,0,0,2,2
183,10928.401,2995.685,55.307,33.024,0.838823,-0.544325,-0.009262,0.544004,0.837434,0.052573,-0.020861,-0.049138,0.998574,0,0.88422,0.07528,53.053,0.151,-1,375.000,-1,375.000,-1,300.000,300.000,325.000,300.000,-1,-1,-1,-1,700.000,625.000,-1,-1,2,0,2,0,2,0,0,0,0,2,2,2,2,0,0,2,2
184,10973.059,3024.864,54.179,33.160,0.837530,-0.546289,-0.010570,0.546025,0.836104,0.052787,-0.019999,-0.049983,0.998550,0,0.88910,0.06802,53.346,0.136,-1,375.000,-1,375.000,-1,300.000,300.000,325.000,300.000,-1,-1,-1,-1,700.000,625.000,-1,-1,2,0,2,0,2,0,0,0,0,2,2,2,2,0,0,2,2
185,11017.907,3054.303,53.161,33.281,0.836372,-0.548032,-0.011939,0.547828,0.834904,0.053101,-0.019134,-0.050953,0.998518,0,0.89411,0.06067,53.647,0.121,-1,375.000,-1,350.000,-1,300.000,300.000,325.000,300.000,-1,-1,-1,-1,675.000,625.000,-1,-1,2,0,2,0,2,0,0,0,0,2,2,2,2,0,0,2,2
186,11062.957,3083.995,52.199,33.387,0.835349,-0.549557,-0.013391,0.549422,0.833846,0.053256,-0.018102,-0.051845,0.998491,0,0.89925,0.05324,53.955,0.106,-1,375.000,-1,350.000,-1,300.000,300.000,325.000,300.000,-1,-1,-1,-1,675.000,625.000,-1,-1,2,0,2,0,2,0,0,0,0,2,2,2,2,0,0,2,2
187,11108.155,3113.892,51.655,33.483,0.834420,-0.550880,-0.016546,0.550901,0.832837,0.053771,-0.015841,-0.053982,0.998416,0,0.90318,0.04762,54.191,0.095,-1,375.000,-1,350.000,-1,300.000,300.000,325.000,325.000,-1,-1,-1,-1,675.000,625.000,-1,-1,2,0,2,0,2,0,0,0,0,2,2,2,2,0,0,2,2
188,11153.302,3143.864,51.262,33.578,0.833473,-0.552191,-0.020168,0.552402,0.831811,0.054241,-0.013176,-0.056349,0.998324,0,0.90318,0.04762,54.191,0.095,-1,375.000,-1,350.000,-1,300.000,300.000,325.000,325.000,-1,-1,-1,-1,675.000,625.000,-1,-1,2,0,2,0,2,0,0,0,0,2,2,2,2,0,0,2,2
189,11198.400,3173.912,50.923,33.673,0.832507,-0.553502,-0.023810,0.553917,0.830785,0.054524,-0.010398,-0.058581,0.998229,0,0.90318,0.04762,54.191,0.095,-1,375.000,-1,350.000,-1,300.000,300.000,325.000,325.000,-1,575.000,-1,-1,675.000,625.000,-1,-1,2,0,2,0,2,0,0,0,0,2,0,2,2,0,0,2,2
190,11243.447,3204.034,50.641,33.768,0.831523,-0.554814,-0.027412,0.555439,0.829760,0.054640,-0.007570,-0.060660,0.998130,0,0.90318,0.04762,54.191,0.095,-1,375.000,-1,350.000,-1,300.000,300.000,325.000,325.000,-1,350.000,825.000,-1,675.000,625.000,-1,-1,2,0,2,0,2,0,0,0,0,2,0,0,2,0,0,2,2
191,11288.445,3234.231,50.380,33.864,0.830545,-0.556120,-0.030429,0.556926,0.828730,0.055142,-0.005448,-0.062744,0.998015,0,0.90318,0.04762,54.191,0.095,-1,375.000,-1,350.000,-1,300.000,300.000,325.000,325.000,-1,300.000,625.000,-1,650.000,625.000,-1,-1,2,0,2,0,2,0,0,0,0,2,0,0,2,0,0,2,2
192,11333.392,3264.503,50.193,33.959,0.829550,-0.557431,-0.033425,0.558423,0.827706,0.055386,-0.003208,-0.064611,0.997905,0,0.90318,0.04762,54.191,0.095,-1,375.000,-1,350.000,-1,300.000,300.000,325.000,325.000,-1,325.000,525.000,-1,650.000,625.000,-1,-1,2,0,2,0,2,0,0,0,0,2,0,0,2,0,0,2,2
193,11378.289,3294.849,50.200,34.054,0.828526,-0.558764,-0.036452,0.559951,0.826715,0.054743,-0.000453,-0.065767,0.997835,0,0.90318,0.04762,54.191,0.095,-1,375.000,-1,350.000,-1,300.000,300.000,325.000,325.000,-1,325.000,450.000,-1,650.000,625.000,-1,-1,2,0,2,0,2,0,0,0,0,2,0,0,2,0,0,2,2
194,11423.136,3325.269,50.454,34.149,0.827462,-0.560129,-0.039525,0.561513,0.825773,0.052935,0.002988,-0.065996,0.997815,0,0.90318,0.04762,54.191,0.095,-1,375.000,-1,350.000,-1,300.000,300.000,325.000,325.000,-1,325.000,350.000,-1,650.000,650.000,-1,-1,2,0,2,0,2,0,0,0,0,2,0,0,2,0,0,2,2
195,11467.933,3355.763,50.718,34.245,0.826377,-0.561505,-0.042582,0.563078,0.824847,0.050706,0.006652,-0.065879,0.997805,0,0.90318,0.04762,54.191,0.095,-1,375.000,-1,350.000,-1,300.000,300.000,325.000,325.000,-1,300.000,300.000,-1,675.000,650.000,-1,-1,2,0,2,0,2,0,0,0,0,2,0,0,2,0,0,2,2
196,11512.679,3386.331,51.055,34.340,0.825277,-0.562884,-0.045598,0.564633,0.823925,0.048349,0.010355,-0.065648,0.997789,0,0.90318,0.04762,54.191,0.095,-1,375.000,-1,350.000,-1,300.000,300.000,325.000,325.000,-1,275.000,300.000,-1,675.000,650.000,-1,-1,2,0,2,0,2,0,0,0,0,2,0,0,2,0,0,2,2
197,11557.375,3416.974,51.492,34.435,0.824166,-0.564262,-0.048563,0.566175,0.823001,0.045988,0.014018,-0.065397,0.997761,0,0.90318,0.04762,54.191,0.095,-1,375.000,-1,375.000,-1,300.000,300.000,325.000,325.000,-1,275.000,300.000,-1,675.000,675.000,-1,-1,2,0,2,0,2,0,0,0,0,2,0,0,2,0,0,2,2
198,11602.019,3447.691,52.028,34.530,0.823044,-0.565640,-0.051476,0.567703,0.822077,0.043623,0.017642,-0.065127,0.997721,0,0.90318,0.04762,54.191,0.095,-1,375.000,-1,375.000,-1,300.000,300.000,350.000,325.000,-1,250.000,275.000,-1,700.000,675.000,-1,-1,2,0,2,0,2,0,0,0,0,2,0,0,2,0,0,2,2
199,11646.611,3478.484,53.110,34.626,0.821964,-0.566955,-0.054187,0.569190,0.821063,0.043335,0.019922,-0.066463,0.997590,0,0.90318,0.04762,54.191,0.095,-1,375.000,-1,375.000,-1,300.000,300.000,350.000,325.000,-1,275.000,300.000,-1,700.000,675.000,-1,-1,2,0,2,0,2,0,0,0,0,2,0,0,2,0,0,2,2
200,11691.153,3509.350,54.297,34.721,0.820877,-0.568268,-0.056851,0.570676,0.820046,0.043066,0.022147,-0.067795,0.997453,0,0.90318,0.04762,54.191,0.095,-1,375.000,-1,375.000,-1,300.000,300.000,350.000,325.000,-1,300.000,325.000,-1,700.000,700.000,-1,-1,2,0,2,0,2,0,0,0,0,2,0,0,2,0,0,2,2
201,11735.642,3540.291,55.565,34.816,0.819782,-0.569582,-0.059437,0.572157,0.819030,0.042731,0.024342,-0.069037,0.997317,0,0.90318,0.04762,54.191,0.095,-1,375.000,-1,375.000,-1,300.000,300.000,350.000,325.000,-1,300.000,350.000,-1,700.000,700.000,-1,-1,2,0,2,0,2,0,0,0,0,2,0,0,2,0,0,2,2
202,11780.081,3571.305,56.871,34.911,0.818687,-0.570900,-0.061841,0.573631,0.818021,0.042300,0.026438,-0.070104,0.997189,0,0.90318,0.04762,54.191,0.095,-1,375.000,-1,375.000,-1,300.000,300.000,350.000,325.000,-1,325.000,375.000,-1,725.000,700.000,-1,-1,2,0,2,0,2,0,0,0,0,2,0,0,2,0,0,2,2
203,11824.467,3602.393,58.118,35.007,0.817547,-0.572196,-0.064880,0.575134,0.816980,0.042014,0.028966,-0.071663,0.997008,0,0.90318,0.04762,54.191,0.095,-1,375.000,-1,375.000,-1,300.000,300.000,325.000,325.000,-1,325.000,375.000,-1,725.000,725.000,-1,-1,2,0,2,0,2,0,0,0,0,2,0,0,2,0,0,2,2
204,11868.802,3633.555,59.428,35.102,0.816409,-0.573499,-0.067650,0.576624,0.815950,0.041605,0.031338,-0.072976,0.996841,0,0.90318,0.04762,54.191,0.095,-1,375.000,-1,375.000,-1,300.000,300.000,325.000,325.000,-1,325.000,400.000,-1,725.000,750.000,-1,-1,2,0,2,0,2,0,0,0,0,2,0,0,2,0,0,2,2
205,11913.086,3664.791,60.909,35.197,0.815315,-0.574831,-0.069505,0.578069,0.814963,0.040891,0.033139,-0.073518,0.996743,0,0.90318,0.04762,54.191,0.095,-1,375.000,-1,375.000,-1,300.000,300.000,325.000,325.000,-1,350.000,400.000,-1,725.000,775.000,-1,-1,2,0,2,0,2,0,0,0,0,2,0,0,2,0,0,2,2
206,11956.986,3695.589,62.672,35.052,0.816674,-0.572787,-0.070418,0.576058,0.816436,0.039863,0.034659,-0.073120,0.996721,0,0.89376,-0.07238,53.626,-0.145,-1,375.000,-1,375.000,-1,300.000,300.000,325.000,325.000,-1,375.000,450.000,-1,750.000,800.000,-1,-1,2,0,2,0,2,0,0,0,0,2,0,0,2,0,0,2,2
207,12001.092,3726.091,64.559,34.668,0.820404,-0.567317,-0.071333,0.570617,0.820300,0.038779,0.036515,-0.072518,0.996698,0,0.89376,-0.19238,53.626,-0.385,-1,375.000,-1,375.000,-1,300.000,325.000,325.000,325.000,-1,425.000,475.000,-1,750.000,825.000,-1,-1,2,0,2,0,2,0,0,0,0,2,0,0,2,0,0,2,2
208,12045.528,3756.111,66.541,34.043,0.826446,-0.558366,-0.072217,0.561695,0.826478,0.037857,0.038548,-0.071851,0.996670,0,0.89376,-0.31238,53.626,-0.625,-1,375.000,-1,375.000,-1,300.000,325.000,325.000,325.000,-1,450.000,500.000,-1,750.000,850.000,-1,-1,2,0,2,0,2,0,0,0,0,2,0,0,2,0,0,2,2
209,12090.318,3785.600,68.632,33.361,0.832945,-0.548514,-0.073044,0.551869,0.833108,0.037040,0.040536,-0.071163,0.996641,0,0.89376,-0.34107,53.626,-0.682,-1,375.000,-1,375.000,-1,300.000,300.000,325.000,325.000,-1,475.000,525.000,-1,750.000,875.000,-1,-1,2,0,2,0,2,0,0,0,0,2,0,0,2,0,0,2,2
210,12135.457,3814.553,70.862,32.679,0.839330,-0.538587,-0.073821,0.541959,0.839626,0.036170,0.042501,-0.070366,0.996615,0,0.89376,-0.34107,53.626,-0.682,-1,375.000,-1,375.000,-1,300.000,300.000,325.000,325.000,-1,500.000,550.000,-1,750.000,900.000,-1,-1,2,0,2,0,2,0,0,0,0,2,0,0,2,0,0,2,2
211,12180.937,3842.967,73.229,31.996,0.845600,-0.528586,-0.074548,0.531964,0.846033,0.035246,0.044440,-0.069461,0.996594,0,0.89376,-0.34107,53.626,-0.682,-1,375.000,-1,400.000,-1,300.000,300.000,325.000,325.000,-1,525.000,575.000,-1,800.000,925.000,-1,-1,2,0,2,0,2,0,0,0,0,2,0,0,2,0,0,2,2
212,12226.751,3870.838,75.671,31.314,0.851763,-0.518504,-0.075188,0.521890,0.852312,0.034572,0.046158,-0.068687,0.996570,0,0.89376,-0.34107,53.626,-0.682,-1,375.000,-1,400.000,-1,300.000,300.000,325.000,325.000,-1,575.000,600.000,-1,825.000,950.000,-1,-1,2,0,2,0,2,0,0,0,0,2,0,0,2,0,0,2,2
213,12272.895,3898.161,78.082,30.632,0.857834,-0.508328,-0.075652,0.511745,0.858437,0.034694,0.047307,-0.068476,0.996531,0,0.89376,-0.34107,53.626,-0.682,-1,375.000,-1,425.000,-1,300.000,325.000,325.000,325.000,-1,600.000,650.000,-1,825.000,1000.000,-1,-1,2,0,2,0,2,0,0,0,0,2,0,0,2,0,0,2,2
214,12319.360,3924.933,80.592,29.950,0.863784,-0.498087,-0.076070,0.501520,0.864454,0.034594,0.048528,-0.068032,0.996502,0,0.89376,-0.34107,53.626,-0.682,-1,375.000,-1,425.000,-1,300.000,325.000,325.000,325.000,-1,650.000,700.000,-1,850.000,-1,-1,-1,2,0,2,0,2,0,0,0,0,2,0,0,2,0,2,2,2
215,12366.141,3951.150,83.213,29.268,0.869613,-0.487781,-0.076435,0.491218,0.870359,0.034343,0.049774,-0.067412,0.996483,0,0.89376,-0.34107,53.626,-0.682,-1,400.000,-1,425.000,-1,325.000,325.000,325.000,325.000,-1,700.000,725.000,-1,875.000,-1,-1,-1,2,0,2,0,2,0,0,0,0,2,0,0,2,0,2,2,2
216,12413.230,3976.807,85.557,28.586,0.875448,-0.477455,-0.075014,0.480735,0.876235,0.033262,0.049849,-0.065181,0.996628,0,0.89376,-0.34107,53.626,-0.682,-1,400.000,-1,450.000,-1,325.000,325.000,325.000,325.000,-1,750.000,775.000,-1,900.000,-1,-1,-1,2,0,2,0,2,0,0,0,0,2,0,0,2,0,2,2,2
217,12460.623,4001.901,87.605,27.904,0.881257,-0.467105,-0.072108,0.470082,0.882076,0.031075,0.049089,-0.061282,0.996913,0,0.89376,-0.34107,53.626,-0.682,-1,400.000,-1,450.000,-1,325.000,325.000,325.000,325.000,-1,850.000,850.000,-1,900.000,-1,-1,-1,2,0,2,0,2,0,0,0,0,2,0,0,2,0,2,2,2
218,12508.310,4026.429,89.768,27.221,0.886942,-0.456680,-0.069119,0.459355,0.887787,0.028741,0.048237,-0.057242,0.997194,0,0.89376,-0.34107,53.626,-0.682,-1,425.000,-1,450.000,-1,325.000,325.000,350.000,300.000,-1,925.000,925.000,-1,900.000,-1,-1,-1,2,0,2,0,2,0,0,0,0,2,0,0,2,0,2,2,2
219,12556.286,4050.387,92.021,26.539,0.892495,-0.446179,-0.066156,0.448564,0.893364,0.026307,0.047364,-0.053154,0.997462,0,0.89376,-0.34107,53.626,-0.682,-1,425.000,-1,450.000,-1,325.000,350.000,350.000,300.000,-1,-1,-1,-1,900.000,-1,-1,-1,2,0,2,0,2,0,0,0,0,2,2,2,2,0,2,2,2
220,12604.544,4073.773,94.330,25.857,0.897906,-0.435601,-0.063374,0.437717,0.898797,0.023846,0.046573,-0.049151,0.997705,0,0.89376,-0.34107,53.626,-0.682,-1,425.000,-1,450.000,-1,350.000,350.000,350.000,300.000,-1,-1,-1,-1,925.000,-1,-1,-1,2,0,2,0,2,0,0,0,0,2,2,2,2,0,2,2,2
221,12653.076,4096.584,96.076,25.175,0.903269,-0.424899,-0.059713,0.426863,0.903980,0.024663,0.043500,-0.047767,0.997911,0,0.89376,-0.34107,53.626,-0.682,-1,425.000,-1,425.000,-1,350.000,350.000,350.000,300.000,-1,-1,-1,-1,900.000,-1,-1,-1,2,0,2,0,2,0,0,0,0,2,2,2,2,0,2,2,2
222,12701.876,4118.816,97.738,24.493,0.908518,-0.414121,-0.055676,0.415954,0.909006,0.026275,0.039729,-0.047030,0.998103,0,0.89376,-0.34107,53.626,-0.682,-1,425.000,-1,425.000,-1,325.000,325.000,350.000,300.000,-1,-1,-1,-1,875.000,975.000,-1,-1,2,0,2,0,2,0,0,0,0,2,2,2,2,0,0,2,2
223,12750.937,4140.466,99.499,23.811,0.913625,-0.403285,-0.051484,0.404973,0.913908,0.027739,0.035864,-0.046193,0.998289,0,0.89376,-0.34107,53.626,-0.682,-1,425.000,-1,425.000,-1,325.000,325.000,325.000,325.000,-1,-1,-1,-1,850.000,950.000,-1,-1,2,0,2,0,2,0,0,0,0,2,2,2,2,0,0,2,2
224,12800.252,4161.530,101.174,23.129,0.918552,-0.392380,-0.047961,0.393963,0.918653,0.029493,0.032487,-0.045986,0.998414,0,0.89376,-0.34107,53.626,-0.682,-1,400.000,-1,425.000,-1,325.000,325.000,325.000,325.000,-1,-1,-1,-1,850.000,925.000,-1,-1,2,0,2,0,2,0,0,0,0,2,2,2,2,0,0,2,2
225,12853.905,4183.433,103.034,22.206,0.924935,-0.377549,-0.044185,0.379015,0.924860,0.031332,0.029036,-0.045727,0.998532,0,0.96586,-0.46107,57.952,-0.922,-1,400.000,-1,425.000,-1,325.000,325.000,325.000,325.000,-1,-1,-1,-1,825.000,925.000,-1,-1,2,0,2,0,2,0,0,0,0,2,2,2,2,0,0,2,2
226,12907.992,4204.242,104.999,21.044,0.932579,-0.358723,-0.040168,0.360053,0.932351,0.032920,0.025642,-0.045164,0.998650,0,0.96586,-0.58107,57.952,-1.162,-1,400.000,-1,425.000,-1,325.000,325.000,300.000,325.000,-1,-1,-1,-1,800.000,900.000,-1,-1,2,0,2,0,2,0,0,0,0,2,2,2,2,0,0,2,2
227,12962.571,4223.722,107.081,19.642,0.941245,-0.335815,-0.035867,0.336990,0.940888,0.034180,0.022269,-0.044258,0.998772,0,0.96586,-0.70107,57.952,-1.402,-1,400.000,-1,400.000,-1,325.000,325.000,300.000,325.000,-1,-1,-1,-1,775.000,875.000,-1,-1,2,0,2,0,2,0,0,0,0,2,2,2,2,0,0,2,2
228,13017.686,4241.630,109.289,18.000,0.950636,-0.308731,-0.031249,0.309734,0.950178,0.035024,0.018879,-0.042974,0.998898,0,0.96586,-0.82107,57.952,-1.642,-1,400.000,-1,400.000,-1,325.000,325.000,300.000,325.000,-1,-1,-1,-1,775.000,850.000,-1,-1,2,0,2,0,2,0,0,0,0,2,2,2,2,0,0,2,2
229,13073.318,4257.863,110.900,16.268,0.959629,-0.279922,-0.027499,0.280734,0.959243,0.032273,0.017344,-0.038689,0.999101,0,0.96586,-0.86597,57.952,-1.732,-1,400.000,-1,400.000,-1,325.000,325.000,300.000,325.000,-1,-1,-1,-1,775.000,850.000,-1,-1,2,0,2,0,2,0,0,0,0,2,2,2,2,0,0,2,2
230,13129.416,4272.406,112.449,14.536,0.967748,-0.250850,-0.023187,0.251456,0.967448,0.028527,0.015277,-0.033437,0.999324,0,0.96586,-0.86597,57.952,-1.732,-1,400.000,-1,400.000,-1,325.000,325.000,325.000,325.000,-1,-1,-1,-1,775.000,825.000,-1,-1,2,0,2,0,2,0,0,0,0,2,2,2,2,0,0,2,2
231,13185.927,4285.248,113.724,12.804,0.974941,-0.221524,-0.020446,0.222007,0.974711,0.025532,0.014273,-0.029432,0.999465,0,0.96586,-0.86597,57.952,-1.732,-1,400.000,-1,400.000,-1,325.000,325.000,325.000,325.000,-1,-1,-1,-1,750.000,800.000,-1,-1,2,0,2,0,2,0,0,0,0,2,2,2,2,0,0,2,2
232,13242.800,4296.377,114.238,11.072,0.981203,-0.191968,-0.019708,0.192433,0.980983,0.025325,0.014472,-0.028641,0.999485,0,0.96586,-0.86597,57.952,-1.732,-1,400.000,-1,400.000,-1,325.000,325.000,325.000,325.000,-1,-1,-1,-1,750.000,800.000,-1,-1,2,0,2,0,2,0,0,0,0,2,2,2,2,0,0,2,2
233,13299.983,4305.782,114.818,9.340,0.986573,-0.162236,-0.018800,0.162677,0.986363,0.024967,0.014493,-0.027690,0.999511,0,0.96586,-0.86597,57.952,-1.732,-1,400.000,-1,400.000,-1,325.000,325.000,325.000,325.000,-1,-1,-1,-1,750.000,800.000,-1,-1,2,0,2,0,2,0,0,0,0,2,2,2,2,0,0,2,2
234,13357.424,4313.455,115.471,7.608,0.991043,-0.132355,-0.017768,0.132766,0.990847,0.024400,0.014376,-0.026541,0.999544,0,0.96586,-0.86597,57.952,-1.732,-1,400.000,-1,400.000,-1,325.000,325.000,300.000,325.000,-1,-1,-1,-1,750.000,800.000,-1,-1,2,0,2,0,2,0,0,0,0,2,2,2,2,0,0,2,2
235,13415.072,4319.388,116.187,5.876,0.994609,-0.102351,-0.016631,0.102727,0.994429,0.023629,0.014120,-0.025210,0.999582,0,0.96586,-0.86597,57.952,-1.732,-1,400.000,-1,400.000,-1,325.000,325.000,300.000,325.000,-1,-1,-1,-1,725.000,800.000,-1,-1,2,0,2,0,2,0,0,0,0,2,2,2,2,0,0,2,2
236,13472.872,4323.575,116.960,4.144,0.997267,-0.072252,-0.015405,0.072590,0.997105,0.022656,0.013724,-0.023713,0.999625,0,0.96586,-0.86597,57.952,-1.732,-1,400.000,-1,400.000,-1,325.000,325.000,300.000,325.000,-1,-1,-1,-1,725.000,800.000,-1,-1,2,0,2,0,2,0,0,0,0,2,2,2,2,0,0,2,2
237,13530.772,4326.015,117.782,2.413,0.999014,-0.042084,-0.014108,0.042382,0.998870,0.021488,0.013188,-0.022064,0.999670,0,0.96586,-0.86597,57.952,-1.732,-1,375.000,-1,400.000,-1,325.000,325.000,300.000,325.000,-1,-1,-1,-1,725.000,775.000,-1,-1,2,0,2,0,2,0,0,0,0,2,2,2,2,0,0,2,2
238,13588.720,4326.703,118.645,0.681,0.999848,-0.011876,-0.012756,0.012132,0.999724,0.020129,0.012513,-0.020281,0.999716,0,0.96586,-0.86597,57.952,-1.732,-1,375.000,-1,400.000,-1,325.000,325.000,300.000,325.000,-1,-1,-1,-1,725.000,775.000,-1,-1,2,0,2,0,2,0,0,0,0,2,2,2,2,0,0,2,2
239,13646.661,4325.639,119.540,-1.051,0.999767,0.018345,-0.011363,-0.018131,0.999663,0.018590,0.011701,-0.018380,0.999763,0,0.96586,-0.86597,57.952,-1.732,-1,375.000,-1,400.000,-1,300.000,325.000,300.000,325.000,-1,-1,-1,-1,700.000,775.000,-1,-1,2,0,2,0,2,0,0,0,0,2,2,2,2,0,0,2,2
240,13704.545,4322.825,120.459,-2.783,0.998771,0.048551,-0.009946,-0.048379,0.998686,0.016878,0.010752,-0.016376,0.999808,0,0.96586,-0.86597,57.952,-1.732,-1,375.000,-1,400.000,-1,300.000,325.000,300.000,325.000,-1,-1,-1,-1,700.000,775.000,-1,-1,2,0,2,0,2,0,0,0,0,2,2,2,2,0,0,2,2
241,13762.316,4318.262,121.344,-4.515,0.996859,0.078715,-0.008733,-0.078576,0.996792,0.015230,0.009904,-0.014496,0.999846,0,0.96586,-0.86597,57.952,-1.732,-1,375.000,-1,400.000,-1,300.000,300.000,300.000,325.000,-1,-1,-1,-1,700.000,750.000,-1,-1,2,0,2,0,2,0,0,0,0,2,2,2,2,0,0,2,2
242,13819.924,4311.956,122.154,-6.247,0.994023,0.108808,-0.008920,-0.108682,0.993983,0.013614,0.010348,-0.012563,0.999868,0,0.96586,-0.86597,57.952,-1.732,-1,375.000,-1,400.000,-1,300.000,300.000,300.000,325.000,-1,-1,-1,-1,700.000,750.000,-1,-1,2,0,2,0,2,0,0,0,0,2,2,2,2,0,0,2,2
243,13877.314,4303.911,123.047,-7.979,0.990272,0.138803,-0.009763,-0.138680,0.990261,0.012292,0.011374,-0.010819,0.999877,0,0.96586,-0.86597,57.952,-1.732,-1,375.000,-1,400.000,-1,300.000,325.000,300.000,325.000,-1,-1,-1,-1,700.000,775.000,-1,-1,2,0,2,0,2,0,0,0,0,2,2,2,2,0,0,2,2
244,13934.435,4294.136,123.945,-9.711,0.985615,0.168672,-0.010622,-0.168556,0.985631,0.010956,0.012318,-0.009008,0.999884,0,0.96586,-0.86597,57.952,-1.732,-1,375.000,-1,400.000,-1,300.000,325.000,300.000,325.000,-1,-1,-1,-1,725.000,775.000,-1,-1,2,0,2,0,2,0,0,0,0,2,2,2,2,0,0,2,2
245,13991.235,4282.639,124.843,-11.443,0.980056,0.198387,-0.011507,-0.198282,0.980098,0.009614,0.013186,-0.007141,0.999888,0,0.96586,-0.86597,57.952,-1.732,-1,375.000,-1,400.000,-1,300.000,325.000,300.000,325.000,-1,-1,-1,-1,725.000,775.000,-1,-1,2,0,2,0,2,0,0,0,0,2,2,2,2,0,0,2,2
246,14047.661,4269.430,125.736,-13.175,0.973600,0.227921,-0.012427,-0.227830,0.973666,0.008276,0.013986,-0.005226,0.999889,0,0.96586,-0.86597,57.952,-1.732,-1,375.000,-1,400.000,-1,300.000,325.000,300.000,325.000,-1,-1,-1,-1,725.000,775.000,-1,-1,2,0,2,0,2,0,0,0,0,2,2,2,2,0,0,2,2
247,14103.663,4254.522,126.618,-14.907,0.966253,0.257246,-0.013388,-0.257173,0.966340,0.006952,0.014726,-0.003274,0.999886,0,0.96586,-0.86597,57.952,-1.732,-1,375.000,-1,400.000,-1,325.000,325.000,300.000,325.000,-1,-1,-1,-1,725.000,775.000,-1,-1,2,0,2,0,2,0,0,0,0,2,2,2,2,0,0,2,2
248,14159.188,4237.928,127.485,-16.639,0.958021,0.286336,-0.014397,-0.286283,0.958128,0.005654,0.015414,-0.001295,0.999880,0,0.96586,-0.86597,57.952,-1.732,-1,375.000,-1,400.000,-1,325.000,325.000,300.000,325.000,-1,-1,-1,-1,750.000,775.000,-1,-1,2,0,2,0,2,0,0,0,0,2,2,2,2,0,0,2,2
249,14214.186,4219.664,128.330,-18.371,0.948912,0.315163,-0.015460,-0.315133,0.949037,0.004393,0.016057,0.000703,0.999871,0,0.96586,-0.86597,57.952,-1.732,-1,375.000,-1,400.000,-1,325.000,325.000,300.000,325.000,-1,-1,-1,-1,750.000,775.000,-1,-1,2,0,2,0,2,0,0,0,0,2,2,2,2,0,0,2,2
250,14268.607,4199.746,129.149,-20.103,0.938933,0.343701,-0.016579,-0.343697,0.939075,0.003182,0.016663,0.002710,0.999857,0,0.96586,-0.86597,57.952,-1.732,-1,400.000,-1,400.000,-1,325.000,325.000,300.000,325.000,-1,-1,-1,-1,750.000,775.000,-1,-1,2,0,2,0,2,0,0,0,0,2,2,2,2,0,0,2,2
251,14322.401,4178.193,129.986,-21.835,0.928095,0.371923,-0.017684,-0.371951,0.928251,0.001788,0.017080,0.004918,0.999842,0,0.96586,-0.86597,57.952,-1.732,-1,400.000,-1,400.000,-1,325.000,325.000,300.000,325.000,-1,-1,-1,-1,775.000,775.000,-1,-1,2,0,2,0,2,0,0,0,0,2,2,2,2,0,0,2,2
252,14375.520,4155.023,130.840,-23.566,0.916414,0.399802,-0.018546,-0.399869,0.916572,0.000099,0.017038,0.007325,0.999828,0,0.96586,-0.86597,57.952,-1.732,-1,400.000,-1,400.000,-1,325.000,325.000,300.000,300.000,-1,-1,-1,-1,775.000,775.000,-1,-1,2,0,2,0,2,0,0,0,0,2,2,2,2,0,0,2,2
253,14427.914,4130.259,131.488,-25.298,0.903910,0.427315,-0.018668,-0.427409,0.904058,-0.001165,0.016379,0.009032,0.999825,0,0.96586,-0.86597,57.952,-1.732,-1,400.000,-1,400.000,-1,325.000,325.000,300.000,300.000,-1,-1,-1,-1,775.000,775.000,-1,-1,2,0,2,0,2,0,0,0,0,2,2,2,2,0,0,2,2
254,14475.360,4106.302,132.036,-26.790,0.892477,0.450702,-0.018767,-0.450819,0.892612,-0.002310,0.015710,0.010522,0.999821,0,0.88586,-0.74597,53.152,-1.492,-1,400.000,-1,400.000,-1,325.000,325.000,300.000,300.000,-1,-1,-1,-1,775.000,775.000,-1,-1,2,0,2,0,2,0,0,0,0,2,2,2,2,0,0,2,2
255,14519.291,4082.902,132.625,-28.042,0.882421,0.470091,-0.018654,-0.470224,0.882541,-0.003288,0.014917,0.011673,0.999821,0,0.82957,-0.62597,49.774,-1.252,-1,400.000,-1,400.000,-1,325.000,325.000,300.000,300.000,-1,-1,-1,-1,775.000,750.000,-1,-1,2,0,2,0,2,0,0,0,0,2,2,2,2,0,0,2,2
256,14562.802,4058.730,133.311,-29.054,0.873991,0.485599,-0.018236,-0.485742,0.874092,-0.004146,0.013926,0.012481,0.999825,0,0.82957,-0.50597,49.774,-1.012,-1,400.000,-1,400.000,-1,325.000,325.000,300.000,300.000,-1,-1,-1,-1,775.000,750.000,-1,-1,2,0,2,0,2,0,0,0,0,2,2,2,2,0,0,2,2
257,14605.983,4033.974,134.009,-29.826,0.867378,0.497326,-0.017941,-0.497478,0.867462,-0.004986,0.013083,0.013250,0.999827,0,0.82957,-0.38597,49.774,-0.772,-1,400.000,-1,400.000,-1,325.000,325.000,300.000,300.000,-1,-1,-1,-1,775.000,750.000,-1,-1,2,0,2,0,2,0,0,0,0,2,2,2,2,0,0,2,2
258,14648.932,4008.818,134.778,-30.358,0.862728,0.505355,-0.017795,-0.505512,0.862802,-0.005514,0.012568,0.013752,0.999826,0,0.82957,-0.26597,49.774,-0.532,-1,400.000,-1,400.000,-1,325.000,325.000,300.000,300.000,-1,-1,-1,-1,775.000,750.000,-1,-1,2,0,2,0,2,0,0,0,0,2,2,2,2,0,0,2,2
259,14691.753,3983.443,135.563,-30.650,0.860145,0.509741,-0.017743,-0.509904,0.860211,-0.005982,0.012213,0.014193,0.999825,0,0.82957,-0.14597,49.774,-0.292,-1,375.000,-1,375.000,-1,325.000,325.000,300.000,300.000,-1,-1,-1,-1,775.000,750.000,-1,-1,2,0,2,0,2,0,0,0,0,2,2,2,2,0,0,2,2
260,14734.551,3958.030,136.410,-30.702,0.859682,0.510519,-0.017803,-0.510685,0.859746,-0.006170,0.012156,0.014396,0.999822,0,0.82957,-0.02597,49.774,-0.052,-1,375.000,-1,375.000,-1,325.000,325.000,300.000,300.000,-1,-1,-1,-1,775.000,750.000,-1,-1,2,0,2,0,2,0,0,0,0,2,2,2,2,0,0,2,2
261,14777.410,3932.721,137.250,-30.563,0.860914,0.508434,-0.017922,-0.508604,0.860977,-0.006398,0.012178,0.014623,0.999819,0,0.82957,0.06937,49.774,0.139,-1,400.000,-1,375.000,-1,325.000,325.000,325.000,300.000,-1,-1,-1,-1,800.000,775.000,-1,-1,2,0,2,0,2,0,0,0,0,2,2,2,2,0,0,2,2
262,14820.330,3907.515,138.083,-30.424,0.862141,0.506346,-0.018101,-0.506522,0.862202,-0.006668,0.012230,0.014917,0.999814,0,0.82957,0.06937,49.774,0.139,-1,400.000,-1,375.000,-1,325.000,325.000,325.000,300.000,-1,-1,-1,-1,800.000,775.000,-1,-1,2,0,2,0,2,0,0,0,0,2,2,2,2,0,0,2,2
263,14863.311,3882.413,138.908,-30.286,0.863361,0.504254,-0.018337,-0.504437,0.863420,-0.006982,0.012312,0.015278,0.999807,0,0.82957,0.06937,49.774,0.139,-1,400.000,-1,375.000,-1,325.000,325.000,325.000,300.000,-1,-1,-1,-1,800.000,800.000,-1,-1,2,0,2,0,2,0,0,0,0,2,2,2,2,0,0,2,2
264,14906.353,3857.416,139.656,-30.147,0.864573,0.502160,-0.018685,-0.502349,0.864637,-0.006984,0.012649,0.015424,0.999801,0,0.82957,0.06937,49.774,0.139,-1,400.000,-1,400.000,-1,325.000,325.000,325.000,300.000,-1,-1,-1,-1,825.000,825.000,-1,-1,2,0,2,0,2,0,0,0,0,2,2,2,2,0,0,2,2
265,14949.455,3832.522,140.280,-30.008,0.865774,0.500067,-0.019182,-0.500256,0.865854,-0.006433,0.013392,0.015165,0.999795,0,0.82957,0.06937,49.774,0.139,-1,400.000,-1,400.000,-1,325.000,325.000,325.000,300.000,-1,-1,-1,-1,825.000,850.000,-1,-1,2,0,2,0,2,0,0,0,0,2,2,2,2,0,0,2,2
266,14992.617,3807.733,140.912,-29.870,0.866970,0.497970,-0.019728,-0.498161,0.867064,-0.006004,0.014116,0.015033,0.999787,0,0.82957,0.06937,49.774,0.139,-1,400.000,-1,400.000,-1,325.000,325.000,325.000,300.000,-1,-1,-1,-1,850.000,875.000,-1,-1,2,0,2,0,2,0,0,0,0,2,2,2,2,0,0,2,2
267,15035.840,3783.049,141.366,-29.731,0.868177,0.495874,-0.019420,-0.496051,0.868277,-0.005339,0.014215,0.014269,0.999797,0,0.82957,0.06937,49.774,0.139,-1,400.000,-1,400.000,-1,325.000,325.000,300.000,300.000,-1,-1,-1,-1,875.000,900.000,-1,-1,2,0,2,0,2,0,0,0,0,2,2,2,2,0,0,2,2
268,15079.121,3758.469,141.793,-29.592,0.869382,0.493776,-0.018988,-0.493937,0.869485,-0.004723,0.014178,0.013485,0.999809,0,0.82957,0.06937,49.774,0.139,-1,400.000,-1,400.000,-1,325.000,325.000,300.000,300.000,-1,-1,-1,-1,900.000,925.000,-1,-1,2,0,2,0,2,0,0,0,0,2,2,2,2,0,0,2,2
269,15122.463,3733.994,142.219,-29.453,0.870582,0.491673,-0.018561,-0.491822,0.870686,-0.004206,0.014093,0.012790,0.999819,0,0.82957,0.06937,49.774,0.139,-1,400.000,-1,400.000,-1,325.000,325.000,300.000,300.000,-1,-1,-1,-1,925.000,950.000,-1,-1,2,0,2,0,2,0,0,0,0,2,2,2,2,0,0,2,2
270,15165.863,3709.625,142.662,-29.315,0.871778,0.489568,-0.018059,-0.489703,0.871881,-0.003755,0.013907,0.012117,0.999830,0,0.82957,0.06937,49.774,0.139,-1,400.000,-1,425.000,-1,325.000,325.000,300.000,300.000,-1,-1,-1,-1,950.000,1000.000,-1,-1,2,0,2,0,2,0,0,0,0,2,2,2,2,0,0,2,2
271,15209.322,3685.360,143.189,-29.176,0.872976,0.487460,-0.017187,-0.487578,0.873073,-0.003249,0.013422,0.011217,0.999847,0,0.82957,0.06937,49.774,0.139,-1,425.000,-1,425.000,-1,325.000,325.000,300.000,300.000,-1,-1,-1,-1,975.000,-1,-1,-1,2,0,2,0,2,0,0,0,0,2,2,2,2,0,2,2,2
272,15252.840,3661.201,143.711,-29.037,0.874171,0.485349,-0.016177,-0.485452,0.874259,-0.002937,0.012717,0.010421,0.999865,0,0.82957,0.06937,49.774,0.139,-1,425.000,-1,425.000,-1,350.000,350.000,300.000,300.000,-1,-1,-1,-1,1000.000,-1,-1,-1,2,0,2,0,2,0,0,0,0,2,2,2,2,0,2,2,2
273,15296.416,3637.147,143.928,-28.898,0.875371,0.483228,-0.014684,-0.483331,0.875427,-0.004288,0.010783,0.010850,0.999883,0,0.82957,0.06937,49.774,0.139,-1,425.000,-1,425.000,-1,350.000,350.000,300.000,300.000,-1,-1,-1,-1,1000.000,-1,-1,-1,2,0,2,0,2,0,0,0,0,2,2,2,2,0,2,2,2
274,15335.933,3615.674,144.096,-28.520,0.878570,0.477428,-0.013310,-0.477529,0.878598,-0.005682,0.008981,0.011348,0.999895,0,0.74957,0.18937,44.974,0.379,-1,425.000,-1,425.000,-1,350.000,350.000,300.000,300.000,-1,-1,-1,-1,1000.000,-1,-1,-1,2,0,2,0,2,0,0,0,0,2,2,2,2,0,2,2,2
275,15373.721,3595.665,144.231,-27.901,0.883696,0.467909,-0.011957,-0.468006,0.883696,-0.007146,0.007223,0.011911,0.999903,0,0.71263,0.30937,42.758,0.619,-1,425.000,-1,425.000,-1,350.000,350.000,300.000,300.000,-1,-1,-1,-1,1000.000,-1,-1,-1,2,0,2,0,2,0,0,0,0,2,2,2,2,0,2,2,2
276,15411.804,3576.226,144.343,-27.042,0.890629,0.454609,-0.010539,-0.454699,0.890603,-0.008719,0.005422,0.012558,0.999906,0,0.71263,0.42937,42.758,0.859,-1,425.000,-1,425.000,-1,325.000,350.000,325.000,300.000,-1,-1,-1,-1,1000.000,-1,-1,-1,2,0,2,0,2,0,0,0,0,2,2,2,2,0,2,2,2
277,15450.253,3557.520,144.435,-25.943,0.899201,0.437443,-0.009031,-0.437522,0.899148,-0.010375,0.003582,0.013281,0.999905,0,0.71263,0.54937,42.758,1.099,-1,425.000,-1,425.000,-1,325.000,350.000,325.000,300.000,-1,-1,-1,-1,1000.000,-1,-1,-1,2,0,2,0,2,0,0,0,0,2,2,2,2,0,2,2,2
278,15489.128,3539.718,144.509,-24.605,0.909191,0.416312,-0.007411,-0.416375,0.909113,-0.012079,0.001709,0.014068,0.999900,0,0.71263,0.66937,42.758,1.339,-1,425.000,-1,425.000,-1,325.000,350.000,325.000,300.000,-1,-1,-1,-1,1000.000,-1,-1,-1,2,0,2,0,2,0,0,0,0,2,2,2,2,0,2,2,2
279,15528.463,3522.954,144.572,-23.084,0.919934,0.392033,-0.005669,-0.392074,0.919830,-0.013793,-0.000193,0.014912,0.999889,0,0.71263,0.76040,42.758,1.521,-1,425.000,-1,425.000,-1,350.000,350.000,325.000,275.000,-1,-1,-1,-1,1000.000,-1,-1,-1,2,0,2,0,2,0,0,0,0,2,2,2,2,0,2,2,2
280,15568.228,3507.239,144.633,-21.563,0.930024,0.367478,-0.003840,-0.367492,0.929898,-0.015494,-0.002123,0.015821,0.999873,0,0.71263,0.76040,42.758,1.521,-1,425.000,-1,425.000,-1,350.000,350.000,325.000,275.000,-1,-1,-1,-1,1000.000,-1,-1,-1,2,0,2,0,2,0,0,0,0,2,2,2,2,0,2,2,2
281,15608.397,3492.586,144.696,-20.042,0.939456,0.342664,-0.001922,-0.342645,0.939308,-0.017167,-0.004077,0.016786,0.999851,0,0.71263,0.76040,42.758,1.521,-1,425.000,-1,425.000,-1,350.000,350.000,325.000,275.000,-1,-1,-1,-1,975.000,-1,-1,-1,2,0,2,0,2,0,0,0,0,2,2,2,2,0,2,2,2
282,15648.940,3479.003,144.675,-18.521,0.948221,0.317611,-0.000071,-0.317558,0.948061,-0.018379,-0.005770,0.017450,0.999831,0,0.71263,0.76040,42.758,1.521,-1,425.000,-1,450.000,-1,350.000,350.000,325.000,300.000,-1,-1,-1,-1,975.000,-1,-1,-1,2,0,2,0,2,0,0,0,0,2,2,2,2,0,2,2,2
283,15689.829,3466.502,144.497,-17.001,0.956313,0.292337,0.002062,-0.292249,0.956155,-0.018913,-0.007500,0.017484,0.999819,0,0.71263,0.76040,42.758,1.521,-1,425.000,-1,450.000,-1,350.000,350.000,325.000,300.000,-1,-1,-1,-1,975.000,-1,-1,-1,2,0,2,0,2,0,0,0,0,2,2,2,2,0,2,2,2
284,15731.036,3455.089,144.066,-15.480,0.963720,0.266863,0.005281,-0.266726,0.963594,-0.018556,-0.010040,0.016474,0.999814,0,0.71263,0.76040,42.758,1.521,-1,425.000,-1,450.000,-1,350.000,350.000,325.000,300.000,-1,-1,-1,-1,950.000,-1,-1,-1,2,0,2,0,2,0,0,0,0,2,2,2,2,0,2,2,2
285,15772.531,3444.775,143.637,-13.959,0.970439,0.241199,0.008461,-0.241021,0.970353,-0.018019,-0.012557,0.015447,0.999802,0,0.71263,0.76040,42.758,1.521,-1,425.000,-1,450.000,-1,350.000,350.000,325.000,300.000,-1,-1,-1,-1,925.000,1000.000,-1,-1,2,0,2,0,2,0,0,0,0,2,2,2,2,0,0,2,2
286,15814.285,3435.565,142.852,-12.438,0.976477,0.215361,0.010614,-0.215145,0.976408,-0.018452,-0.014337,0.015735,0.999773,0,0.71263,0.76040,42.758,1.521,-1,425.000,-1,450.000,-1,350.000,350.000,300.000,300.000,-1,-1,-1,-1,925.000,1000.000,-1,-1,2,0,2,0,2,0,0,0,0,2,2,2,2,0,0,2,2
287,15856.269,3427.467,141.666,-10.917,0.981820,0.189366,0.013013,-0.189082,0.981750,-0.020352,-0.016630,0.017521,0.999708,0,0.71263,0.76040,42.758,1.521,-1,425.000,-1,450.000,-1,350.000,350.000,300.000,300.000,-1,-1,-1,-1,900.000,975.000,-1,-1,2,0,2,0,2,0,0,0,0,2,2,2,2,0,0,2,2
288,15898.454,3420.486,140.480,-9.397,0.986466,0.163238,0.015430,-0.162880,0.986397,-0.022136,-0.018834,0.019323,0.999636,0,0.71263,0.76040,42.758,1.521,-1,425.000,-1,425.000,-1,350.000,350.000,300.000,300.000,-1,-1,-1,-1,875.000,950.000,-1,-1,2,0,2,0,2,0,0,0,0,2,2,2,2,0,0,2,2
289,15940.808,3414.628,139.299,-7.876,0.990410,0.136997,0.017859,-0.136559,0.990346,-0.023801,-0.020948,0.021134,0.999557,0,0.71263,0.76040,42.758,1.521,-1,400.000,-1,425.000,-1,325.000,350.000,300.000,300.000,-1,-1,-1,-1,875.000,925.000,-1,-1,2,0,2,0,2,0,0,0,0,2,2,2,2,0,0,2,2
290,15983.303,3409.895,138.127,-6.355,0.993651,0.110661,0.020295,-0.110137,0.993593,-0.025343,-0.022969,0.022947,0.999473,0,0.71263,0.76040,42.758,1.521,-1,400.000,-1,425.000,-1,325.000,350.000,300.000,300.000,-1,-1,-1,-1,850.000,925.000,-1,-1,2,0,2,0,2,0,0,0,0,2,2,2,2,0,0,2,2
291,16025.909,3406.292,136.968,-4.834,0.996185,0.084248,0.022731,-0.083634,0.996137,-0.026758,-0.024897,0.024755,0.999383,0,0.71263,0.76040,42.758,1.521,-1,400.000,-1,425.000,-1,325.000,325.000,300.000,300.000,-1,-1,-1,-1,850.000,900.000,-1,-1,2,0,2,0,2,0,0,0,0,2,2,2,2,0,0,2,2
292,16068.596,3403.821,135.826,-3.313,0.998012,0.057779,0.025160,-0.057070,0.997976,-0.028043,-0.026730,0.026551,0.999290,0,0.71263,0.76040,42.758,1.521,-1,400.000,-1,425.000,-1,325.000,325.000,325.000,300.000,-1,-1,-1,-1,825.000,875.000,-1,-1,2,0,2,0,2,0,0,0,0,2,2,2,2,0,0,2,2
293,16111.333,3402.484,134.705,-1.793,0.999130,0.031271,0.027578,-0.030464,0.999109,-0.029193,-0.028467,0.028328,0.999193,0,0.71263,0.76040,42.758,1.521,-1,400.000,-1,425.000,-1,325.000,325.000,325.000,300.000,-1,-1,-1,-1,825.000,875.000,-1,-1,2,0,2,0,2,0,0,0,0,2,2,2,2,0,0,2,2
294,16154.090,3402.281,133.610,-0.272,0.999539,0.004744,0.029978,-0.003838,0.999536,-0.030207,-0.030107,0.030078,0.999094,0,0.71263,0.76040,42.758,1.521,-1,400.000,-1,425.000,-1,325.000,325.000,325.000,300.000,-1,-1,-1,-1,825.000,850.000,-1,-1,2,0,2,0,2,0,0,0,0,2,2,2,2,0,0,2,2
295,16196.838,3403.214,132.544,1.249,0.999239,-0.021784,0.032352,0.022791,0.999257,-0.031080,-0.031651,0.031794,0.998993,0,0.71263,0.76040,42.758,1.521,-1,400.000,-1,400.000,-1,325.000,325.000,325.000,300.000,-1,-1,-1,-1,800.000,825.000,-1,-1,2,0,2,0,2,0,0,0,0,2,2,2,2,0,0,2,2
296,16239.546,3405.280,131.513,2.770,0.998230,-0.048294,0.034694,0.049402,0.998272,-0.031809,-0.033097,0.033467,0.998892,0,0.71263,0.76040,42.758,1.521,-1,400.000,-1,400.000,-1,325.000,325.000,325.000,300.000,-1,-1,-1,-1,800.000,825.000,-1,-1,2,0,2,0,2,0,0,0,0,2,2,2,2,0,0,2,2
297,16277.409,3407.962,130.625,4.050,0.996829,-0.070592,0.036733,0.071789,0.996895,-0.032351,-0.034335,0.034886,0.998801,0,0.63263,0.64040,37.958,1.281,-1,400.000,-1,400.000,-1,325.000,325.000,325.000,300.000,-1,-1,-1,-1,775.000,825.000,-1,-1,2,0,2,0,2,0,0,0,0,2,2,2,2,0,0,2,2
298,16310.436,3410.905,129.870,5.091,0.995316,-0.088685,0.038479,0.089959,0.995407,-0.032754,-0.035397,0.036062,0.998722,0,0.55263,0.52040,33.158,1.041,-1,400.000,-1,400.000,-1,325.000,325.000,325.000,325.000,-1,-1,-1,-1,775.000,800.000,-1,-1,2,0,2,0,2,0,0,0,0,2,2,2,2,0,0,2,2
299,16338.644,3413.816,129.239,5.892,0.993922,-0.102584,0.039942,0.103924,0.994036,-0.033057,-0.036312,0.037007,0.998655,0,0.47263,0.40040,28.358,0.801,-1,400.000,-1,400.000,-1,325.000,325.000,325.000,325.000,-1,-1,-1,-1,775.000,800.000,-1,-1,2,0,2,0,2,0,0,0,0,2,2,2,2,0,0,2,2
