timestep,x_cm,y_cm,z_cm,yaw_deg,basis_xx,basis_xy,basis_xz,basis_yx,basis_yy,basis_yz,basis_zx,basis_zy,basis_zz,teleport_flag,throttle_cmd,steering_cmd,cmd_move_cm,cmd_turn_deg,lidar_cm_0,lidar_cm_1,lidar_cm_2,lidar_cm_3,lidar_cm_4,lidar_cm_5,lidar_cm_6,lidar_cm_7,lidar_cm_8,lidar_cm_9,lidar_cm_10,lidar_cm_11,lidar_cm_12,lidar_cm_13,lidar_cm_14,lidar_cm_15,lidar_cm_16,lidar_class_0,lidar_class_1,lidar_class_2,lidar_class_3,lidar_class_4,lidar_class_5,lidar_class_6,lidar_class_7,lidar_class_8,lidar_class_9,lidar_class_10,lidar_class_11,lidar_class_12,lidar_class_13,lidar_class_14,lidar_class_15,lidar_class_16
0,-6882.524,2296.364,490.309,6.591,0.992175,-0.114228,-0.050403,0.118515,0.988644,0.092393,0.039277,-0.097643,0.994446,1,0.08000,0.01128,4.800,0.023,-1,375.000,-1,375.000,-1,300.000,300.000,300.000,300.000,-1,425.000,400.000,725.000,675.000,650.000,-1,-1,2,0,2,0,2,0,0,0,0,2,1,1,1,0,0,2,2
1,-6872.988,2297.469,490.684,6.614,0.992093,-0.114631,-0.051104,0.118983,0.988595,0.092321,0.039938,-0.097671,0.994417,0,0.16000,0.01171,9.600,0.023,-1,375.000,-1,375.000,-1,300.000,300.000,300.000,300.000,-1,450.000,400.000,725.000,675.000,650.000,-1,-1,2,0,2,0,2,0,0,0,0,2,1,1,1,0,0,2,2
2,-6858.684,2299.134,491.248,6.639,0.991988,-0.115064,-0.052156,0.119513,0.988541,0.092212,0.040948,-0.097707,0.994372,0,0.24000,0.01256,14.400,0.025,-1,375.000,-1,375.000,-1,300.000,300.000,300.000,300.000,-1,450.000,425.000,750.000,675.000,650.000,-1,-1,2,0,2,0,2,0,0,0,0,2,1,1,1,0,0,2,2
3,-6839.614,2301.363,491.997,6.667,0.991858,-0.115542,-0.053559,0.120120,0.988481,0.092069,0.042304,-0.097752,0.994311,0,0.32000,0.01386,19.200,0.028,-1,375.000,-1,375.000,-1,300.000,300.000,300.000,300.000,-1,450.000,425.000,750.000,675.000,650.000,-1,-1,2,0,2,0,2,0,0,0,0,2,1,1,1,0,0,2,2
4,-6815.777,2304.162,492.932,6.698,0.991698,-0.116080,-0.055313,0.120821,0.988412,0.091891,0.044006,-0.097811,0.994232,0,0.40000,0.01562,24.000,0.031,-1,375.000,-1,375.000,-1,300.000,300.000,300.000,300.000,-1,450.000,450.000,750.000,675.000,650.000,-1,-1,2,0,2,0,2,0,0,0,0,2,1,1,1,0,0,2,2
5,-6787.176,2307.538,494.051,6.734,0.991507,-0.116695,-0.057420,0.121631,0.988332,0.091681,0.046052,-0.097886,0.994132,0,0.48000,0.01785,28.800,0.036,-1,375.000,-1,375.000,-1,300.000,300.000,300.000,300.000,-1,475.000,450.000,775.000,700.000,650.000,-1,-1,2,0,2,0,2,0,0,0,0,2,1,1,1,0,0,2,2
6,-6753.810,2311.502,495.352,6.775,0.991277,-0.117404,-0.059880,0.122568,0.988239,0.091440,0.048441,-0.097982,0.994009,0,0.56000,0.02059,33.600,0.041,-1,375.000,-1,375.000,-1,325.000,300.000,300.000,300.000,-1,475.000,425.000,775.000,700.000,675.000,-1,-1,2,0,2,0,2,0,0,0,0,2,1,0,1,0,0,2,2
7,-6716.090,2316.014,496.818,6.823,0.991008,-0.118226,-0.062664,0.123648,0.988129,0.091174,0.051141,-0.098102,0.993861,0,0.63314,0.02386,37.989,0.048,-1,375.000,-1,375.000,-1,325.000,300.000,300.000,300.000,-1,450.000,400.000,775.000,700.000,675.000,-1,-1,2,0,2,0,2,0,0,0,0,2,0,0,1,0,0,2,2
8,-6678.341,2320.567,498.278,6.878,0.990713,-0.119178,-0.065452,0.124858,0.988001,0.090913,0.053832,-0.098241,0.993706,0,0.63371,0.02765,38.023,0.055,-1,375.000,-1,375.000,-1,325.000,300.000,300.000,300.000,-1,400.000,375.000,800.000,725.000,675.000,-1,-1,2,0,2,0,2,0,0,0,0,2,0,0,1,0,0,2,2
9,-6640.551,2325.167,499.734,6.941,0.990394,-0.120263,-0.068245,0.126202,0.987854,0.090655,0.056514,-0.098397,0.993541,0,0.63447,0.03154,38.068,0.063,-1,375.000,-1,375.000,-1,325.000,300.000,300.000,300.000,-1,375.000,350.000,800.000,725.000,675.000,-1,-1,2,0,2,0,2,0,0,0,0,2,0,0,1,0,0,2,2
10,-6602.711,2329.821,501.183,7.012,0.990047,-0.121486,-0.071044,0.127683,0.987687,0.090400,0.059187,-0.098572,0.993368,0,0.63542,0.03552,38.125,0.071,-1,375.000,-1,375.000,-1,325.000,300.000,300.000,300.000,-1,350.000,325.000,800.000,725.000,700.000,-1,-1,2,0,2,0,2,0,0,0,0,2,0,0,1,0,0,2,2
11,-6564.809,2334.538,503.137,7.091,0.989741,-0.122826,-0.072989,0.129318,0.987315,0.092121,0.060748,-0.100615,0.993069,0,0.63656,0.03960,38.194,0.079,-1,375.000,-1,375.000,-1,325.000,300.000,300.000,300.000,-1,350.000,350.000,825.000,725.000,700.000,-1,-1,2,0,2,0,2,0,0,0,0,2,0,0,1,0,0,2,2
12,-6526.837,2339.323,505.308,7.179,0.989431,-0.124309,-0.074658,0.131074,0.986922,0.093837,0.062017,-0.102631,0.992784,0,0.63788,0.04377,38.273,0.088,-1,375.000,-1,375.000,-1,325.000,300.000,300.000,300.000,-1,350.000,350.000,850.000,725.000,700.000,-1,-1,2,0,2,0,2,0,0,0,0,2,0,0,1,0,0,2,2
13,-6488.783,2344.181,507.920,7.275,0.989170,-0.125959,-0.075348,0.132797,0.986683,0.093924,0.062514,-0.102913,0.992724,0,0.63937,0.04804,38.362,0.096,-1,375.000,-1,375.000,-1,325.000,300.000,300.000,300.000,-1,400.000,400.000,875.000,750.000,700.000,-1,-1,2,0,2,0,2,0,0,0,0,2,0,0,1,0,0,2,2
14,-6450.640,2349.122,510.553,7.380,0.988881,-0.127760,-0.076103,0.134673,0.986427,0.093946,0.063067,-0.103150,0.992664,0,0.64104,0.05239,38.462,0.105,-1,375.000,-1,375.000,-1,325.000,300.000,300.000,300.000,-1,425.000,425.000,900.000,750.000,725.000,-1,-1,2,0,2,0,2,0,0,0,0,2,0,0,1,0,0,2,2
15,-6412.397,2354.152,513.185,7.493,0.988568,-0.129713,-0.076865,0.136704,0.986142,0.093997,0.063607,-0.103430,0.992601,0,0.64287,0.05683,38.572,0.114,-1,375.000,-1,375.000,-1,325.000,300.000,300.000,300.000,-1,450.000,450.000,925.000,750.000,725.000,-1,-1,2,0,2,0,2,0,0,0,0,2,0,0,1,0,0,2,2
16,-6374.046,2359.281,515.816,7.616,0.988229,-0.131821,-0.077633,0.138891,0.985829,0.094080,0.064132,-0.103755,0.992533,0,0.64487,0.06136,38.692,0.123,-1,400.000,-1,375.000,-1,325.000,300.000,300.000,300.000,-1,475.000,475.000,950.000,775.000,725.000,-1,-1,2,0,2,0,2,0,0,0,0,2,0,0,1,0,0,2,2
17,-6335.578,2364.515,518.445,7.748,0.987863,-0.134085,-0.078410,0.141239,0.985484,0.094193,0.064642,-0.104124,0.992461,0,0.64703,0.06598,38.822,0.132,-1,400.000,-1,375.000,-1,325.000,325.000,300.000,300.000,-1,525.000,500.000,975.000,775.000,725.000,-1,-1,2,0,2,0,2,0,0,0,0,2,0,0,1,0,0,2,2
18,-6296.986,2369.863,521.072,7.889,0.987468,-0.136510,-0.079194,0.143750,0.985107,0.094338,0.065137,-0.104540,0.992385,0,0.64935,0.07068,38.961,0.141,-1,400.000,-1,375.000,-1,325.000,325.000,300.000,300.000,-1,550.000,550.000,1000.000,775.000,725.000,-1,-1,2,0,2,0,2,0,0,0,0,2,0,0,1,0,0,2,2
19,-6258.262,2375.334,523.698,8.040,0.987043,-0.139098,-0.079988,0.146427,0.984696,0.094516,0.065616,-0.105004,0.992305,0,0.65181,0.07546,39.109,0.151,-1,400.000,-1,375.000,-1,325.000,325.000,300.000,300.000,-1,575.000,575.000,-1,800.000,750.000,-1,-1,2,0,2,0,2,0,0,0,0,2,0,0,2,0,0,2,2
20,-6219.398,2380.935,526.322,8.201,0.986586,-0.141851,-0.080790,0.149272,0.984248,0.094728,0.066081,-0.105517,0.992220,0,0.65443,0.08033,39.266,0.161,-1,400.000,-1,375.000,-1,325.000,325.000,300.000,300.000,-1,600.000,600.000,-1,800.000,750.000,-1,-1,2,0,2,0,2,0,0,0,0,2,0,0,2,0,0,2,2
21,-6180.387,2386.677,528.943,8.372,0.986094,-0.144771,-0.081603,0.152288,0.983762,0.094974,0.066529,-0.106080,0.992129,0,0.65719,0.08528,39.431,0.171,-1,400.000,-1,375.000,-1,325.000,325.000,300.000,300.000,-1,625.000,625.000,-1,825.000,750.000,-1,-1,2,0,2,0,2,0,0,0,0,2,0,0,2,0,0,2,2
22,-6141.222,2392.567,531.562,8.552,0.985567,-0.147862,-0.082427,0.155479,0.983236,0.095255,0.066961,-0.106696,0.992034,0,0.66009,0.09032,39.606,0.181,-1,400.000,-1,375.000,-1,325.000,325.000,300.000,300.000,-1,650.000,650.000,-1,825.000,750.000,-1,-1,2,0,2,0,2,0,0,0,0,2,0,0,2,0,0,2,2
23,-6101.896,2398.616,534.179,8.743,0.985002,-0.151126,-0.083263,0.158847,0.982666,0.095573,0.067376,-0.107366,0.991934,0,0.66314,0.09543,39.788,0.191,-1,400.000,-1,375.000,-1,325.000,325.000,300.000,300.000,-1,675.000,675.000,-1,825.000,750.000,-1,-1,2,0,2,0,2,0,0,0,0,2,0,0,2,0,0,2,2
24,-6062.404,2404.832,536.792,8.944,0.984396,-0.154565,-0.084112,0.162393,0.982052,0.095930,0.067775,-0.108092,0.991828,0,0.66632,0.10063,39.979,0.201,-1,400.000,-1,400.000,-1,325.000,325.000,300.000,300.000,-1,700.000,700.000,-1,850.000,775.000,-1,-1,2,0,2,0,2,0,0,0,0,2,0,0,2,0,0,2,2
25,-6022.738,2411.226,539.401,9.156,0.983747,-0.158181,-0.084975,0.166122,0.981389,0.096326,0.068157,-0.108876,0.991716,0,0.66964,0.10591,40.178,0.212,-1,400.000,-1,400.000,-1,325.000,325.000,300.000,300.000,-1,725.000,725.000,-1,850.000,775.000,-1,-1,2,0,2,0,2,0,0,0,0,2,0,0,2,0,0,2,2
26,-5978.391,2418.735,542.284,9.608,0.982390,-0.165893,-0.085967,0.173959,0.979981,0.096827,0.068183,-0.110076,0.991582,0,0.74964,0.22591,44.978,0.452,-1,400.000,-1,400.000,-1,325.000,325.000,300.000,300.000,-1,750.000,750.000,-1,875.000,775.000,-1,-1,2,0,2,0,2,0,0,0,0,2,0,0,2,0,0,2,2
27,-5929.416,2427.638,545.484,10.300,0.980260,-0.177676,-0.086727,0.185862,0.977699,0.097774,0.067420,-0.111963,0.991423,0,0.82964,0.34591,49.778,0.692,-1,425.000,-1,400.000,-1,325.000,325.000,300.000,300.000,-1,800.000,775.000,-1,900.000,800.000,-1,-1,2,0,2,0,2,0,0,0,0,2,0,0,2,0,0,2,2
28,-5880.214,2437.299,548.550,11.106,0.977672,-0.191376,-0.086794,0.199591,0.974902,0.098637,0.065739,-0.113758,0.991331,0,0.83572,0.40313,50.143,0.806,-1,425.000,-1,400.000,-1,325.000,325.000,300.000,300.000,-1,850.000,825.000,-1,925.000,825.000,-1,-1,2,0,2,0,2,0,0,0,0,2,0,0,2,0,0,2,2
29,-5830.926,2447.710,551.635,11.924,0.974888,-0.205229,-0.086455,0.213410,0.971897,0.099355,0.063635,-0.115310,0.991289,0,0.83960,0.40873,50.376,0.817,-1,425.000,-1,400.000,-1,325.000,325.000,300.000,300.000,-1,900.000,875.000,-1,950.000,850.000,-1,-1,2,0,2,0,2,0,0,0,0,2,0,0,2,0,0,2,2
30,-5781.792,2458.823,554.581,12.741,0.971947,-0.219026,-0.085716,0.227150,0.968656,0.100536,0.061009,-0.117186,0.991234,0,0.83960,0.40873,50.376,0.817,-1,425.000,-1,400.000,-1,325.000,325.000,300.000,300.000,-1,950.000,950.000,-1,975.000,850.000,-1,-1,2,0,2,0,2,0,0,0,0,2,0,0,2,0,0,2,2
31,-5732.822,2470.636,557.363,13.559,0.968833,-0.232778,-0.084720,0.240799,0.965243,0.101592,0.058127,-0.118826,0.991212,0,0.83960,0.40873,50.376,0.817,-1,425.000,-1,400.000,-1,325.000,325.000,300.000,300.000,-1,-1,-1,-1,1000.000,875.000,-1,-1,2,0,2,0,2,0,0,0,0,2,2,2,2,0,0,2,2
32,-5684.026,2483.146,560.015,14.376,0.965536,-0.246479,-0.083591,0.254371,0.961645,0.102637,0.055087,-0.120363,0.991200,0,0.83960,0.40873,50.376,0.817,-1,425.000,-1,400.000,-1,325.000,325.000,300.000,300.000,-1,-1,-1,-1,1000.000,875.000,-1,-1,2,0,2,0,2,0,0,0,0,2,2,2,2,0,0,2,2
33,-5635.413,2496.351,562.561,15.193,0.962051,-0.260125,-0.082423,0.267878,0.957850,0.103755,0.051960,-0.121897,0.991182,0,0.83960,0.40873,50.376,0.817,-1,425.000,-1,400.000,-1,325.000,325.000,300.000,300.000,-1,-1,-1,-1,-1,900.000,-1,-1,2,0,2,0,2,0,0,0,0,2,2,2,2,2,0,2,2
34,-5586.993,2510.249,565.000,16.011,0.958376,-0.273712,-0.081219,0.281316,0.953859,0.104952,0.048745,-0.123432,0.991155,0,0.83960,0.40873,50.376,0.817,-1,425.000,-1,400.000,-1,325.000,325.000,300.000,300.000,-1,-1,-1,-1,-1,900.000,-1,-1,2,0,2,0,2,0,0,0,0,2,2,2,2,2,0,2,2
35,-5538.777,2524.835,567.331,16.828,0.954515,-0.287237,-0.079979,0.294681,0.949672,0.106237,0.045438,-0.124973,0.991119,0,0.83960,0.40873,50.376,0.817,-1,425.000,-1,400.000,-1,325.000,325.000,300.000,325.000,-1,-1,-1,-1,-1,925.000,-1,-1,2,0,2,0,2,0,0,0,0,2,2,2,2,2,0,2,2
36,-5490.773,2540.109,569.552,17.646,0.950467,-0.300697,-0.078704,0.307970,0.945290,0.107616,0.042038,-0.126524,0.991072,0,0.83960,0.40873,50.376,0.817,-1,425.000,-1,425.000,-1,325.000,325.000,300.000,325.000,-1,-1,-1,-1,-1,925.000,-1,-1,2,0,2,0,2,0,0,0,0,2,2,2,2,2,0,2,2
37,-5442.993,2556.066,571.662,18.463,0.946233,-0.314089,-0.077397,0.321180,0.940713,0.109095,0.038543,-0.128088,0.991014,0,0.83960,0.40873,50.376,0.817,-1,425.000,-1,425.000,-1,325.000,325.000,300.000,325.000,-1,-1,-1,-1,-1,950.000,-1,-1,2,0,2,0,2,0,0,0,0,2,2,2,2,2,0,2,2
38,-5395.445,2572.703,573.661,19.281,0.941816,-0.327411,-0.076061,0.334307,0.935942,0.110682,0.034950,-0.129670,0.990941,0,0.83960,0.40873,50.376,0.817,-1,425.000,-1,425.000,-1,325.000,325.000,300.000,325.000,-1,-1,-1,-1,-1,975.000,-1,-1,2,0,2,0,2,0,0,0,0,2,2,2,2,2,0,2,2
39,-5348.139,2590.016,575.486,20.098,0.937211,-0.340662,-0.074733,0.347353,0.930988,0.112282,0.031325,-0.131191,0.990862,0,0.83960,0.40873,50.376,0.817,-1,425.000,-1,425.000,-1,350.000,350.000,300.000,325.000,-1,-1,-1,-1,-1,975.000,-1,-1,2,0,2,0,2,0,0,0,0,2,2,2,2,2,0,2,2
40,-5301.085,2608.003,576.850,20.916,0.932439,-0.353862,-0.073070,0.360281,0.925909,0.113535,0.027481,-0.132190,0.990843,0,0.83960,0.40873,50.376,0.817,-1,425.000,-1,425.000,-1,350.000,350.000,300.000,325.000,-1,-1,-1,-1,-1,1000.000,-1,-1,2,0,2,0,2,0,0,0,0,2,2,2,2,2,0,2,2
41,-5254.292,2626.657,577.696,21.733,0.927580,-0.367052,-0.069768,0.372954,0.920807,0.114104,0.022361,-0.131861,0.991016,0,0.83960,0.40873,50.376,0.817,-1,425.000,-1,425.000,-1,350.000,350.000,300.000,300.000,-1,-1,-1,-1,-1,975.000,-1,-1,2,0,2,0,2,0,0,0,0,2,2,2,2,2,0,2,2
42,-5207.769,2645.977,578.417,22.551,0.922529,-0.380163,-0.066454,0.385546,0.915503,0.114927,0.017148,-0.131644,0.991149,0,0.83960,0.40873,50.376,0.817,-1,425.000,-1,425.000,-1,350.000,350.000,300.000,300.000,-1,-1,-1,-1,-1,950.000,-1,-1,2,0,2,0,2,0,0,0,0,2,2,2,2,2,0,2,2
43,-5161.527,2665.958,578.870,23.368,0.917261,-0.393203,-0.063440,0.398099,0.910025,0.115640,0.012262,-0.131328,0.991263,0,0.83960,0.40873,50.376,0.817,-1,425.000,-1,425.000,-1,350.000,350.000,300.000,300.000,-1,-1,-1,-1,-1,950.000,-1,-1,2,0,2,0,2,0,0,0,0,2,2,2,2,2,0,2,2
44,-5115.575,2686.598,579.087,24.186,0.911782,-0.406141,-0.060856,0.410604,0.904311,0.116733,0.007623,-0.131423,0.991297,0,0.83960,0.40873,50.376,0.817,-1,425.000,-1,425.000,-1,350.000,325.000,300.000,300.000,-1,-1,-1,-1,-1,950.000,-1,-1,2,0,2,0,2,0,0,0,0,2,2,2,2,2,0,2,2
45,-5069.923,2707.892,578.965,25.003,0.906152,-0.418949,-0.058053,0.422946,0.898313,0.118954,0.002314,-0.132344,0.991201,0,0.83960,0.40873,50.376,0.817,-1,425.000,-1,425.000,-1,350.000,325.000,300.000,300.000,-1,-1,-1,-1,-1,925.000,-1,-1,2,0,2,0,2,0,0,0,0,2,2,2,2,2,0,2,2
46,-5024.579,2729.837,578.644,25.821,0.900345,-0.431654,-0.055250,0.435164,0.892103,0.121592,-0.003198,-0.133518,0.991041,0,0.83960,0.40873,50.376,0.817,-1,425.000,-1,425.000,-1,350.000,325.000,300.000,300.000,-1,-1,-1,-1,-1,925.000,-1,-1,2,0,2,0,2,0,0,0,0,2,2,2,2,2,0,2,2
47,-4979.553,2752.426,578.192,26.638,0.894352,-0.444268,-0.052541,0.447280,0.885714,0.124305,-0.008689,-0.134673,0.990852,0,0.83960,0.40873,50.376,0.817,-1,425.000,-1,400.000,-1,325.000,325.000,300.000,300.000,-1,-1,-1,-1,1000.000,900.000,-1,-1,2,0,2,0,2,0,0,0,0,2,2,2,2,0,0,2,2
48,-4934.854,2775.655,577.606,27.456,0.888173,-0.456788,-0.049930,0.459291,0.879148,0.127089,-0.014157,-0.135810,0.990634,0,0.83960,0.40873,50.376,0.817,-1,425.000,-1,400.000,-1,325.000,325.000,300.000,300.000,-1,-1,-1,-1,975.000,900.000,-1,-1,2,0,2,0,2,0,0,0,0,2,2,2,2,0,0,2,2
49,-4894.722,2797.252,576.958,28.283,0.881716,-0.469366,-0.047671,0.471386,0.872341,0.129680,-0.019282,-0.136813,0.990409,0,0.75960,0.41355,45.576,0.827,-1,425.000,-1,400.000,-1,325.000,325.000,300.000,300.000,-1,-1,-1,-1,950.000,875.000,-1,-1,2,0,2,0,2,0,0,0,0,2,2,2,2,0,0,2,2
50,-4859.099,2817.091,576.276,29.110,0.875058,-0.481851,-0.045747,0.483420,0.865370,0.132063,-0.024047,-0.137678,0.990185,0,0.67960,0.41355,40.776,0.827,-1,425.000,-1,400.000,-1,325.000,325.000,300.000,300.000,-1,-1,-1,-1,950.000,875.000,-1,-1,2,0,2,0,2,0,0,0,0,2,2,2,2,0,0,2,2
51,-4827.926,2835.047,575.586,29.937,0.868203,-0.494242,-0.044141,0.495393,0.858236,0.134224,-0.028456,-0.138401,0.989967,0,0.59960,0.41355,35.976,0.827,-1,425.000,-1,400.000,-1,325.000,325.000,300.000,300.000,-1,-1,-1,-1,925.000,875.000,-1,-1,2,0,2,0,2,0,0,0,0,2,2,2,2,0,0,2,2
52,-4801.139,2850.995,574.915,30.764,0.861153,-0.506538,-0.042839,0.507305,0.850943,0.136153,-0.032513,-0.138981,0.989761,0,0.51960,0.41355,31.176,0.827,-1,425.000,-1,400.000,-1,325.000,325.000,300.000,325.000,-1,-1,-1,-1,925.000,875.000,-1,-1,2,0,2,0,2,0,0,0,0,2,2,2,2,0,0,2,2
53,-4778.674,2864.813,574.290,31.591,0.853910,-0.518737,-0.041823,0.519158,0.843490,0.137837,-0.036224,-0.139413,0.989572,0,0.43960,0.41355,26.376,0.827,-1,425.000,-1,400.000,-1,325.000,325.000,300.000,325.000,-1,-1,-1,-1,925.000,875.000,-1,-1,2,0,2,0,2,0,0,0,0,2,2,2,2,0,0,2,2
54,-4760.462,2876.379,573.527,32.418,0.846437,-0.530894,-0.041188,0.531059,0.835969,0.138319,-0.039001,-0.138952,0.989531,0,0.35960,0.41355,21.576,0.827,-1,425.000,-1,400.000,-1,325.000,325.000,300.000,325.000,-1,-1,-1,-1,925.000,875.000,-1,-1,2,0,2,0,2,0,0,0,0,2,2,2,2,0,0,2,2
55,-4746.433,2885.575,572.868,33.245,0.838774,-0.542950,-0.040778,0.542898,0.828286,0.138580,-0.041466,-0.138375,0.989511,0,0.27960,0.41355,16.776,0.827,-1,425.000,-1,400.000,-1,325.000,325.000,300.000,325.000,-1,-1,-1,-1,925.000,875.000,-1,-1,2,0,2,0,2,0,0,0,0,2,2,2,2,0,0,2,2
56,-4736.514,2892.283,572.368,34.072,0.830931,-0.554895,-0.040567,0.554656,0.820428,0.138760,-0.043715,-0.137800,0.989495,0,0.19960,0.41355,11.976,0.827,-1,425.000,-1,425.000,-1,325.000,325.000,300.000,325.000,-1,-1,-1,-1,925.000,875.000,-1,-1,2,0,2,0,2,0,0,0,0,2,2,2,2,0,0,2,2
57,-4722.715,2901.823,571.658,34.659,0.825273,-0.563309,-0.040090,0.562884,0.814753,0.139068,-0.045675,-0.137335,0.989471,0,0.27960,0.29355,16.776,0.587,-1,425.000,-1,425.000,-1,325.000,325.000,300.000,325.000,-1,-1,-1,-1,925.000,900.000,-1,-1,2,0,2,0,2,0,0,0,0,2,2,2,2,0,0,2,2
58,-4705.043,2914.200,570.731,35.007,0.821907,-0.568261,-0.039354,0.567650,0.811362,0.139513,-0.047350,-0.137006,0.989438,0,0.35960,0.17355,21.576,0.347,-1,425.000,-1,425.000,-1,325.000,325.000,300.000,325.000,-1,-1,-1,-1,900.000,900.000,-1,-1,2,0,2,0,2,0,0,0,0,2,2,2,2,0,0,2,2
59,-4683.468,2929.373,569.514,35.114,0.820893,-0.569767,-0.038731,0.569019,0.810285,0.140200,-0.048498,-0.137128,0.989365,0,0.43960,0.05355,26.376,0.107,-1,425.000,-1,425.000,-1,325.000,325.000,300.000,325.000,-1,-1,-1,-1,900.000,900.000,-1,-1,2,0,2,0,2,0,0,0,0,2,2,2,2,0,0,2,2
60,-4657.924,2947.247,568.007,34.981,0.822252,-0.567870,-0.037745,0.566972,0.811582,0.140989,-0.049430,-0.137329,0.989291,0,0.51960,-0.06645,31.176,-0.133,-1,425.000,-1,425.000,-1,325.000,325.000,300.000,325.000,-1,-1,-1,-1,900.000,875.000,-1,-1,2,0,2,0,2,0,0,0,0,2,2,2,2,0,0,2,2
61,-4628.313,2967.681,566.204,34.608,0.825960,-0.562558,-0.036323,0.561491,0.815234,0.141850,-0.050187,-0.137557,0.989222,0,0.59960,-0.18645,35.976,-0.373,-1,425.000,-1,425.000,-1,325.000,325.000,300.000,325.000,-1,-1,-1,-1,900.000,875.000,-1,-1,2,0,2,0,2,0,0,0,0,2,2,2,2,0,0,2,2
62,-4594.505,2990.480,564.032,33.995,0.831946,-0.553810,-0.034067,0.552507,0.821212,0.142642,-0.051020,-0.137493,0.989188,0,0.67960,-0.30645,40.776,-0.613,-1,425.000,-1,425.000,-1,325.000,325.000,300.000,300.000,-1,-1,-1,-1,900.000,875.000,-1,-1,2,0,2,0,2,0,0,0,0,2,2,2,2,0,0,2,2
63,-4558.402,3014.054,561.788,33.142,0.840094,-0.541511,-0.031749,0.540004,0.829344,0.143476,-0.051363,-0.137678,0.989144,0,0.71858,-0.42645,43.115,-0.853,-1,425.000,-1,400.000,-1,325.000,325.000,300.000,300.000,-1,-1,-1,-1,875.000,850.000,-1,-1,2,0,2,0,2,0,0,0,0,2,2,2,2,0,0,2,2
64,-4521.886,3036.980,559.623,32.121,0.849593,-0.526610,-0.029542,0.524947,0.838814,0.144297,-0.051208,-0.138102,0.989093,0,0.71858,-0.51068,43.115,-1.021,-1,425.000,-1,400.000,-1,325.000,325.000,300.000,300.000,-1,-1,-1,-1,875.000,850.000,-1,-1,2,0,2,0,2,0,0,0,0,2,2,2,2,0,0,2,2
65,-4484.966,3059.252,557.397,31.099,0.858824,-0.511502,-0.028062,0.509773,0.847948,0.145315,-0.050534,-0.139105,0.988987,0,0.71858,-0.51068,43.115,-1.021,-1,425.000,-1,400.000,-1,325.000,325.000,300.000,300.000,-1,-1,-1,-1,875.000,825.000,-1,-1,2,0,2,0,2,0,0,0,0,2,2,2,2,0,0,2,2
66,-4447.656,3080.864,555.151,30.078,0.867782,-0.496204,-0.027121,0.494478,0.856755,0.146501,-0.049459,-0.140542,0.988839,0,0.71858,-0.51068,43.115,-1.021,-1,425.000,-1,400.000,-1,325.000,325.000,300.000,300.000,-1,-1,-1,-1,875.000,825.000,-1,-1,2,0,2,0,2,0,0,0,0,2,2,2,2,0,0,2,2
67,-4409.967,3101.807,552.981,29.057,0.876466,-0.480751,-0.026176,0.479027,0.865279,0.147737,-0.048375,-0.142026,0.988680,0,0.71858,-0.51068,43.115,-1.021,-1,425.000,-1,400.000,-1,325.000,325.000,300.000,300.000,-1,-1,-1,-1,850.000,825.000,-1,-1,2,0,2,0,2,0,0,0,0,2,2,2,2,0,0,2,2
68,-4371.911,3122.075,550.834,28.035,0.884884,-0.465132,-0.025169,0.463388,0.873487,0.149305,-0.047462,-0.143780,0.988471,0,0.71858,-0.51068,43.115,-1.021,-1,400.000,-1,400.000,-1,325.000,325.000,300.000,300.000,-1,-1,-1,-1,850.000,825.000,-1,-1,2,0,2,0,2,0,0,0,0,2,2,2,2,0,0,2,2
69,-4333.499,3141.662,548.785,27.014,0.893017,-0.449373,-0.024159,0.447615,0.881415,0.150828,-0.046484,-0.145506,0.988265,0,0.71858,-0.51068,43.115,-1.021,-1,400.000,-1,400.000,-1,325.000,325.000,300.000,300.000,-1,-1,-1,-1,850.000,825.000,-1,-1,2,0,2,0,2,0,0,0,0,2,2,2,2,0,0,2,2
70,-4294.744,3160.561,546.835,25.993,0.900866,-0.433480,-0.023148,0.431713,0.889059,0.152307,-0.045442,-0.147202,0.988062,0,0.71858,-0.51068,43.115,-1.021,-1,400.000,-1,400.000,-1,325.000,325.000,300.000,325.000,-1,-1,-1,-1,825.000,800.000,-1,-1,2,0,2,0,2,0,0,0,0,2,2,2,2,0,0,2,2
71,-4255.659,3178.766,544.985,24.971,0.908426,-0.417459,-0.022136,0.415687,0.896419,0.153742,-0.044338,-0.148865,0.987863,0,0.71858,-0.51068,43.115,-1.021,-1,400.000,-1,400.000,-1,325.000,325.000,300.000,325.000,-1,-1,-1,-1,825.000,800.000,-1,-1,2,0,2,0,2,0,0,0,0,2,2,2,2,0,0,2,2
72,-4216.255,3196.271,543.236,23.950,0.915697,-0.401313,-0.021124,0.399543,0.903492,0.155135,-0.043172,-0.150496,0.987667,0,0.71858,-0.51068,43.115,-1.021,-1,400.000,-1,400.000,-1,325.000,325.000,300.000,325.000,-1,-1,-1,-1,800.000,800.000,-1,-1,2,0,2,0,2,0,0,0,0,2,2,2,2,0,0,2,2
73,-4176.545,3213.072,541.590,22.928,0.922677,-0.385049,-0.020113,0.383286,0.910277,0.156484,-0.041945,-0.152093,0.987476,0,0.71858,-0.51068,43.115,-1.021,-1,400.000,-1,400.000,-1,325.000,325.000,300.000,325.000,-1,-1,-1,-1,800.000,800.000,-1,-1,2,0,2,0,2,0,0,0,0,2,2,2,2,0,0,2,2
74,-4136.542,3229.162,540.046,21.907,0.929363,-0.368672,-0.019103,0.366921,0.916772,0.157791,-0.040660,-0.153655,0.987288,0,0.71858,-0.51068,43.115,-1.021,-1,400.000,-1,400.000,-1,325.000,325.000,300.000,325.000,-1,-1,-1,-1,800.000,800.000,-1,-1,2,0,2,0,2,0,0,0,0,2,2,2,2,0,0,2,2
75,-4096.259,3244.536,538.603,20.886,0.935755,-0.352186,-0.018088,0.350450,0.922973,0.159077,-0.039330,-0.155196,0.987101,0,0.71858,-0.51068,43.115,-1.021,-1,400.000,-1,400.000,-1,325.000,325.000,300.000,325.000,-1,-1,-1,-1,800.000,800.000,-1,-1,2,0,2,0,2,0,0,0,0,2,2,2,2,0,0,2,2
76,-4055.707,3259.189,537.259,19.864,0.941851,-0.335596,-0.017065,0.333879,0.928878,0.160345,-0.037960,-0.156718,0.986914,0,0.71858,-0.51068,43.115,-1.021,-1,400.000,-1,400.000,-1,325.000,325.000,300.000,325.000,-1,-1,-1,-1,775.000,800.000,-1,-1,2,0,2,0,2,0,0,0,0,2,2,2,2,0,0,2,2
77,-4014.901,3273.117,535.910,18.843,0.947639,-0.318930,-0.016224,0.317283,0.934550,0.161083,-0.036212,-0.157796,0.986807,0,0.71858,-0.51068,43.115,-1.021,-1,400.000,-1,400.000,-1,325.000,325.000,300.000,325.000,-1,-1,-1,-1,775.000,775.000,-1,-1,2,0,2,0,2,0,0,0,0,2,2,2,2,0,0,2,2
78,-3973.853,3286.314,534.571,17.822,0.953124,-0.302187,-0.015425,0.300633,0.939982,0.161411,-0.034277,-0.158482,0.986767,0,0.71858,-0.51068,43.115,-1.021,-1,400.000,-1,400.000,-1,325.000,325.000,300.000,325.000,-1,-1,-1,-1,775.000,775.000,-1,-1,2,0,2,0,2,0,0,0,0,2,2,2,2,0,0,2,2
79,-3932.575,3298.776,533.195,16.800,0.958301,-0.285378,-0.014756,0.283958,0.945200,0.161134,-0.032037,-0.158605,0.986822,0,0.71858,-0.51068,43.115,-1.021,-1,400.000,-1,400.000,-1,325.000,325.000,300.000,325.000,-1,-1,-1,-1,775.000,775.000,-1,-1,2,0,2,0,2,0,0,0,0,2,2,2,2,0,0,2,2
80,-3891.082,3310.500,531.936,15.779,0.963181,-0.268480,-0.014132,0.267200,0.950122,0.160850,-0.029758,-0.158704,0.986878,0,0.71858,-0.51068,43.115,-1.021,-1,400.000,-1,400.000,-1,325.000,325.000,300.000,325.000,-1,-1,-1,-1,775.000,775.000,-1,-1,2,0,2,0,2,0,0,0,0,2,2,2,2,0,0,2,2
81,-3849.387,3321.483,530.724,14.758,0.967762,-0.251487,-0.013827,0.250391,0.954702,0.160772,-0.027231,-0.159051,0.986895,0,0.71858,-0.51068,43.115,-1.021,-1,400.000,-1,400.000,-1,325.000,325.000,300.000,325.000,-1,-1,-1,-1,775.000,800.000,-1,-1,2,0,2,0,2,0,0,0,0,2,2,2,2,0,0,2,2
82,-3807.503,3331.721,529.596,13.736,0.972043,-0.234412,-0.013556,0.233501,0.958963,0.160833,-0.024701,-0.159502,0.986889,0,0.71858,-0.51068,43.115,-1.021,-1,400.000,-1,400.000,-1,325.000,325.000,300.000,325.000,-1,-1,-1,-1,775.000,800.000,-1,-1,2,0,2,0,2,0,0,0,0,2,2,2,2,0,0,2,2
83,-3765.442,3341.211,528.593,12.715,0.976022,-0.217267,-0.013292,0.216543,0.962926,0.160879,-0.022154,-0.159900,0.986885,0,0.71858,-0.51068,43.115,-1.021,-1,400.000,-1,400.000,-1,325.000,325.000,300.000,325.000,-1,-1,-1,-1,775.000,800.000,-1,-1,2,0,2,0,2,0,0,0,0,2,2,2,2,0,0,2,2
84,-3723.219,3349.950,527.714,11.694,0.979698,-0.200057,-0.013034,0.199522,0.966591,0.160911,-0.019592,-0.160245,0.986883,0,0.71858,-0.51068,43.115,-1.021,-1,400.000,-1,400.000,-1,325.000,325.000,300.000,325.000,-1,-1,-1,-1,775.000,800.000,-1,-1,2,0,2,0,2,0,0,0,0,2,2,2,2,0,0,2,2
85,-3680.847,3357.934,526.960,10.672,0.983069,-0.182787,-0.012783,0.182441,0.969957,0.160931,-0.017017,-0.160538,0.986883,0,0.71858,-0.51068,43.115,-1.021,-1,400.000,-1,400.000,-1,325.000,325.000,300.000,300.000,-1,-1,-1,-1,775.000,800.000,-1,-1,2,0,2,0,2,0,0,0,0,2,2,2,2,0,0,2,2
86,-3638.340,3365.162,526.331,9.651,0.986137,-0.165462,-0.012537,0.165307,0.973022,0.160937,-0.014430,-0.160779,0.986885,0,0.71858,-0.51068,43.115,-1.021,-1,400.000,-1,400.000,-1,325.000,325.000,300.000,300.000,-1,-1,-1,-1,775.000,800.000,-1,-1,2,0,2,0,2,0,0,0,0,2,2,2,2,0,0,2,2
87,-3595.710,3371.631,525.827,8.629,0.988898,-0.148086,-0.012296,0.148124,0.975787,0.160933,-0.011834,-0.160967,0.986889,0,0.71858,-0.51068,43.115,-1.021,-1,400.000,-1,400.000,-1,325.000,325.000,300.000,300.000,-1,-1,-1,-1,775.000,800.000,-1,-1,2,0,2,0,2,0,0,0,0,2,2,2,2,0,0,2,2
88,-3552.972,3377.339,525.449,7.608,0.991353,-0.130666,-0.012059,0.130897,0.978249,0.160917,-0.009229,-0.161104,0.986894,0,0.71858,-0.51068,43.115,-1.021,-1,400.000,-1,400.000,-1,325.000,325.000,300.000,300.000,-1,-1,-1,-1,775.000,800.000,-1,-1,2,0,2,0,2,0,0,0,0,2,2,2,2,0,0,2,2
89,-3505.395,3383.034,525.129,6.827,0.993025,-0.117312,-0.011813,0.117679,0.979927,0.160917,-0.007301,-0.161185,0.986897,0,0.79858,-0.39068,47.915,-0.781,-1,400.000,-1,400.000,-1,325.000,325.000,300.000,300.000,-1,-1,-1,-1,775.000,800.000,-1,-1,2,0,2,0,2,0,0,0,0,2,2,2,2,0,0,2,2
90,-3457.557,3388.302,524.879,6.285,0.994078,-0.108047,-0.011577,0.108498,0.980985,0.160927,-0.006031,-0.161230,0.986898,0,0.80209,-0.27068,48.125,-0.541,-1,400.000,-1,400.000,-1,325.000,325.000,300.000,300.000,-1,-1,-1,-1,775.000,800.000,-1,-1,2,0,2,0,2,0,0,0,0,2,2,2,2,0,0,2,2
91,-3409.693,3393.319,524.673,5.984,0.994629,-0.102886,-0.011336,0.103366,0.981537,0.160935,-0.005431,-0.161242,0.986900,0,0.80209,-0.15068,48.125,-0.301,-1,400.000,-1,400.000,-1,325.000,325.000,300.000,300.000,-1,-1,-1,-1,775.000,800.000,-1,-1,2,0,2,0,2,0,0,0,0,2,2,2,2,0,0,2,2
92,-3361.824,3398.285,524.476,5.923,0.994739,-0.101835,-0.011092,0.102289,0.981648,0.160945,-0.005502,-0.161233,0.986901,0,0.80209,-0.03068,48.125,-0.061,-1,400.000,-1,400.000,-1,325.000,325.000,300.000,300.000,-1,-1,-1,-1,775.000,825.000,-1,-1,2,0,2,0,2,0,0,0,0,2,2,2,2,0,0,2,2
93,-3313.972,3403.400,524.256,6.101,0.994424,-0.104896,-0.010852,0.105271,0.981332,0.160953,-0.006234,-0.161198,0.986902,0,0.80209,0.08932,48.125,0.179,-1,400.000,-1,400.000,-1,325.000,325.000,300.000,300.000,-1,-1,-1,-1,750.000,825.000,-1,-1,2,0,2,0,2,0,0,0,0,2,2,2,2,0,0,2,2
94,-3266.159,3408.864,523.804,6.520,0.993645,-0.112076,-0.010425,0.112293,0.980651,0.160357,-0.007749,-0.160509,0.987004,0,0.80209,0.20932,48.125,0.419,-1,400.000,-1,400.000,-1,325.000,325.000,300.000,300.000,-1,-1,-1,-1,750.000,825.000,-1,-1,2,0,2,0,2,0,0,0,0,2,2,2,2,0,0,2,2
95,-3218.413,3414.877,523.185,7.179,0.992313,-0.123355,-0.009880,0.123343,0.979411,0.159817,-0.010038,-0.159807,0.987097,0,0.80209,0.32932,48.125,0.659,-1,400.000,-1,400.000,-1,325.000,325.000,300.000,300.000,-1,-1,-1,-1,750.000,825.000,-1,-1,2,0,2,0,2,0,0,0,0,2,2,2,2,0,0,2,2
96,-3170.767,3421.639,522.426,8.077,0.990289,-0.138716,-0.009298,0.138416,0.977463,0.159398,-0.013023,-0.159137,0.987171,0,0.80209,0.44932,48.125,0.899,-1,400.000,-1,400.000,-1,325.000,325.000,300.000,300.000,-1,-1,-1,-1,750.000,825.000,-1,-1,2,0,2,0,2,0,0,0,0,2,2,2,2,0,0,2,2
97,-3123.266,3429.345,521.526,9.216,0.987379,-0.158132,-0.008734,0.157498,0.974635,0.158998,-0.016630,-0.158367,0.987240,0,0.80209,0.56932,48.125,1.139,-1,400.000,-1,400.000,-1,325.000,325.000,300.000,300.000,-1,-1,-1,-1,750.000,825.000,-1,-1,2,0,2,0,2,0,0,0,0,2,2,2,2,0,0,2,2
98,-3075.941,3438.065,520.475,10.440,0.983825,-0.178943,-0.008200,0.177963,0.971168,0.158627,-0.020421,-0.157521,0.987304,0,0.80209,0.61209,48.125,1.224,-1,400.000,-1,400.000,-1,325.000,325.000,300.000,300.000,-1,-1,-1,-1,750.000,825.000,-1,-1,2,0,2,0,2,0,0,0,0,2,2,2,2,0,0,2,2
99,-3028.813,3447.794,519.273,11.664,0.979831,-0.199679,-0.007704,0.198363,0.967263,0.158285,-0.024154,-0.156621,0.987363,0,0.80209,0.61209,48.125,1.224,-1,400.000,-1,400.000,-1,325.000,325.000,300.000,300.000,-1,-1,-1,-1,750.000,825.000,-1,-1,2,0,2,0,2,0,0,0,0,2,2,2,2,0,0,2,2
100,-2981.903,3458.527,517.924,12.888,0.975398,-0.220332,-0.007250,0.218689,0.962923,0.157969,-0.027824,-0.155668,0.987417,0,0.80209,0.61209,48.125,1.224,-1,400.000,-1,400.000,-1,325.000,325.000,300.000,300.000,-1,-1,-1,-1,725.000,825.000,-1,-1,2,0,2,0,2,0,0,0,0,2,2,2,2,0,0,2,2
101,-2934.435,3470.465,516.404,14.118,0.970507,-0.240977,-0.006835,0.239014,0.958129,0.157671,-0.031446,-0.154655,0.987468,0,0.81582,0.61461,48.949,1.229,-1,375.000,-1,400.000,-1,325.000,325.000,300.000,300.000,-1,-1,-1,-1,725.000,825.000,-1,-1,2,0,2,0,2,0,0,0,0,2,2,2,2,0,0,2,2
102,-2886.391,3483.654,514.705,15.351,0.965158,-0.261589,-0.006464,0.259316,0.952882,0.157389,-0.035012,-0.153581,0.987516,0,0.83041,0.61667,49.824,1.233,-1,375.000,-1,400.000,-1,325.000,325.000,300.000,300.000,-1,-1,-1,-1,725.000,825.000,-1,-1,2,0,2,0,2,0,0,0,0,2,2,2,2,0,0,2,2
103,-2837.783,3498.131,512.826,16.587,0.959355,-0.282137,-0.006142,0.279564,0.947184,0.157118,-0.038511,-0.152449,0.987561,0,0.84536,0.61814,50.721,1.236,-1,375.000,-1,400.000,-1,325.000,325.000,300.000,300.000,-1,-1,-1,-1,725.000,825.000,-1,-1,2,0,2,0,2,0,0,0,0,2,2,2,2,0,0,2,2
104,-2788.625,3513.937,510.762,17.825,0.953103,-0.302591,-0.005874,0.299728,0.941042,0.156856,-0.041935,-0.151260,0.987604,0,0.86066,0.61898,51.640,1.238,-1,375.000,-1,400.000,-1,325.000,325.000,300.000,300.000,-1,-1,-1,-1,725.000,800.000,-1,-1,2,0,2,0,2,0,0,0,0,2,2,2,2,0,0,2,2
105,-2738.933,3531.108,508.510,19.063,0.946410,-0.322918,-0.005667,0.319779,0.934462,0.156597,-0.045272,-0.150018,0.987646,0,0.87631,0.61914,52.579,1.238,-1,375.000,-1,400.000,-1,325.000,325.000,300.000,300.000,-1,-1,-1,-1,700.000,800.000,-1,-1,2,0,2,0,2,0,0,0,0,2,2,2,2,0,0,2,2
106,-2688.723,3549.679,505.922,20.301,0.939277,-0.343113,-0.005735,0.339772,0.927527,0.155721,-0.048110,-0.148213,0.987784,0,0.89229,0.61858,53.537,1.237,-1,375.000,-1,400.000,-1,325.000,325.000,300.000,300.000,-1,-1,-1,-1,700.000,800.000,-1,-1,2,0,2,0,2,0,0,0,0,2,2,2,2,0,0,2,2
107,-2638.015,3569.685,502.947,21.535,0.931714,-0.363156,-0.005194,0.359556,0.920271,0.154340,-0.051270,-0.145668,0.988004,0,0.90858,0.61726,54.515,1.235,-1,375.000,975.000,400.000,-1,325.000,325.000,300.000,300.000,-1,-1,-1,-1,700.000,775.000,-1,-1,2,0,1,0,2,0,0,0,0,2,2,2,2,0,1,2,2
108,-2586.831,3591.160,499.789,22.765,0.923747,-0.382974,-0.004702,0.379133,0.912604,0.153009,-0.054308,-0.143124,0.988214,0,0.92516,0.61511,55.510,1.230,-1,375.000,925.000,400.000,-1,325.000,325.000,300.000,300.000,-1,-1,-1,-1,700.000,725.000,-1,-1,2,0,1,0,2,0,0,0,0,2,2,2,2,0,1,2,2
109,-2535.194,3614.136,496.443,23.989,0.915399,-0.402525,-0.004382,0.398473,0.904533,0.151786,-0.057134,-0.140690,0.988404,0,0.94201,0.61208,56.521,1.224,-1,375.000,875.000,400.000,-1,325.000,325.000,325.000,300.000,-1,-1,-1,-1,675.000,700.000,-1,-1,2,0,1,0,2,0,0,0,0,2,2,2,2,0,1,2,2
110,-2483.128,3638.638,492.896,25.206,0.906694,-0.421768,-0.004328,0.417546,0.896071,0.150703,-0.059684,-0.138449,0.988570,0,0.95910,0.60810,57.546,1.216,-1,375.000,800.000,400.000,-1,300.000,325.000,325.000,300.000,-1,-1,-1,-1,675.000,650.000,-1,1000.000,2,0,1,0,2,0,0,0,0,2,2,2,2,0,1,2,1
111,-2430.661,3664.693,489.193,26.412,0.897657,-0.440674,-0.004403,0.436308,0.887269,0.149632,-0.062032,-0.136239,0.988732,0,0.97638,0.60311,58.583,1.206,-1,375.000,750.000,400.000,-1,300.000,325.000,325.000,325.000,-1,-1,-1,-1,675.000,600.000,975.000,850.000,2,0,1,0,2,0,0,0,0,2,2,2,2,0,1,1,1
112,-2377.821,3692.321,485.343,27.606,0.888318,-0.459206,-0.004616,0.454727,0.878159,0.148528,-0.064151,-0.134039,0.988897,0,0.99382,0.59702,59.629,1.194,-1,375.000,700.000,400.000,-1,300.000,325.000,325.000,325.000,-1,-1,-1,-1,650.000,550.000,950.000,725.000,2,0,1,0,2,0,0,0,0,2,2,2,2,0,1,1,1
113,-2325.236,3721.208,481.399,28.785,0.878713,-0.477325,-0.004974,0.472761,0.868775,0.147399,-0.066036,-0.131873,0.989065,0,1.00000,0.58974,60.000,1.179,-1,375.000,650.000,375.000,-1,300.000,300.000,325.000,325.000,-1,-1,-1,-1,650.000,500.000,900.000,625.000,2,0,1,0,2,0,0,0,0,2,2,2,2,0,1,1,1
114,-2273.248,3751.157,477.392,29.948,0.868881,-0.494990,-0.005486,0.490372,0.859154,0.146249,-0.067679,-0.129763,0.989233,0,1.00000,0.58121,60.000,1.162,-1,375.000,600.000,375.000,975.000,300.000,300.000,325.000,325.000,-1,-1,-1,-1,625.000,450.000,875.000,525.000,2,0,1,1,1,0,0,0,0,2,2,2,2,1,1,1,1
115,-2221.867,3782.137,473.330,31.091,0.858866,-0.512163,-0.006149,0.507521,0.849340,0.145067,-0.069075,-0.127714,0.989403,0,1.00000,0.57136,60.000,1.143,-1,375.000,525.000,350.000,650.000,300.000,300.000,325.000,325.000,-1,-1,-1,-1,600.000,400.000,825.000,450.000,2,0,1,1,1,0,0,0,0,2,2,2,2,1,1,1,1
116,-2171.102,3814.115,469.220,32.211,0.848714,-0.528806,-0.006963,0.524169,0.839378,0.143843,-0.070220,-0.125731,0.989576,0,1.00000,0.56013,60.000,1.120,1000.000,375.000,475.000,300.000,475.000,300.000,300.000,325.000,325.000,-1,-1,-1,-1,550.000,375.000,800.000,375.000,0,0,1,1,1,0,1,0,0,2,2,2,2,1,1,1,1
117,-2120.956,3847.057,464.929,33.306,0.838454,-0.544914,-0.007986,0.540365,0.829375,0.141926,-0.070714,-0.123313,0.989845,0,1.00000,0.54740,60.000,1.095,1000.000,375.000,425.000,275.000,350.000,300.000,275.000,325.000,325.000,-1,-1,825.000,-1,500.000,325.000,775.000,300.000,0,0,1,1,1,0,1,0,0,2,2,0,2,1,1,1,1
118,-2071.432,3880.925,460.714,34.372,0.828130,-0.560460,-0.009193,0.556094,0.819398,0.139091,-0.070422,-0.120298,0.990237,0,1.00000,0.53307,60.000,1.066,975.000,350.000,375.000,250.000,275.000,300.000,225.000,325.000,325.000,-1,800.000,675.000,-1,475.000,275.000,1000.000,250.000,0,0,1,1,1,1,1,0,0,2,0,0,2,1,1,0,1
119,-2026.330,3912.746,458.962,35.198,0.820102,-0.571880,-0.019667,0.568691,0.810755,0.138804,-0.063435,-0.125018,0.990125,0,0.92000,0.41307,55.200,0.826,-1,350.000,350.000,200.000,225.000,275.000,200.000,300.000,350.000,-1,475.000,450.000,-1,450.000,250.000,-1,200.000,2,1,1,1,1,1,1,0,0,2,0,0,2,1,1,2,1
120,-1985.460,3942.233,460.355,35.784,0.814249,-0.578935,-0.042811,0.578539,0.803186,0.142077,-0.047868,-0.140454,0.988929,0,0.84000,0.29307,50.400,0.586,-1,325.000,350.000,200.000,200.000,250.000,200.000,300.000,400.000,-1,250.000,300.000,-1,450.000,225.000,-1,175.000,2,1,1,1,1,1,1,0,0,2,0,0,2,1,1,2,1
121,-1948.648,3969.140,462.416,36.130,0.810211,-0.582262,-0.067293,0.585307,0.797599,0.145779,-0.031209,-0.157499,0.987026,0,0.76000,0.17307,45.600,0.346,-1,325.000,350.000,175.000,200.000,250.000,175.000,275.000,450.000,-1,125.000,225.000,-1,450.000,200.000,-1,175.000,2,1,1,1,1,1,1,0,0,2,0,0,2,1,1,2,1
122,-1915.759,3993.282,464.872,36.236,0.808008,-0.581983,-0.091754,0.588997,0.794123,0.149836,-0.014338,-0.175111,0.984444,0,0.68000,0.05307,40.800,0.106,-1,300.000,350.000,175.000,175.000,225.000,175.000,275.000,525.000,825.000,75.000,175.000,-1,475.000,200.000,-1,150.000,2,1,1,1,1,1,1,0,0,0,0,0,2,1,1,2,1
123,-1886.691,4014.521,467.470,36.102,0.807735,-0.578227,-0.114969,0.589543,0.792878,0.154221,0.001981,-0.192349,0.981325,0,0.60000,-0.06693,36.000,-0.134,-1,300.000,375.000,150.000,175.000,225.000,150.000,275.000,625.000,600.000,50.000,175.000,-1,525.000,175.000,-1,150.000,2,1,1,1,1,1,1,0,0,0,0,0,2,1,1,2,1
124,-1861.381,4032.768,469.992,35.729,0.809545,-0.571128,-0.135828,0.586810,0.793975,0.158931,0.017074,-0.208367,0.977902,0,0.52000,-0.18693,31.200,-0.374,-1,300.000,400.000,150.000,175.000,225.000,150.000,250.000,700.000,475.000,50.000,150.000,-1,975.000,175.000,-1,150.000,2,1,1,1,1,1,1,0,0,0,0,0,2,0,1,2,1
125,-1839.800,4047.981,472.240,35.115,0.813613,-0.560804,-0.153404,0.580611,0.797509,0.163919,0.030415,-0.222435,0.974473,0,0.44000,-0.30693,26.400,-0.614,-1,300.000,450.000,150.000,150.000,200.000,125.000,250.000,800.000,400.000,25.000,150.000,-1,-1,150.000,-1,150.000,2,1,1,1,1,1,1,0,0,0,0,0,2,2,1,2,1
126,8199.226,-984.082,370.470,-63.028,0.464316,0.883164,-0.066569,-0.797086,0.449459,0.403286,0.386088,-0.134191,0.912649,1,0.00000,0.00000,21.600,-0.854,-1,-1,-1,275.000,175.000,425.000,275.000,250.000,325.000,200.000,50.000,100.000,500.000,-1,375.000,-1,175.000,2,2,2,1,1,1,1,1,1,1,0,0,1,2,1,2,1
127,5576.063,-6892.067,135.360,-82.344,0.137491,0.990233,-0.023139,-0.981682,0.133119,-0.136309,-0.131897,0.041457,0.990396,1,0.08000,-0.12000,4.800,-0.240,1000.000,375.000,-1,325.000,750.000,300.000,275.000,400.000,275.000,325.000,-1,-1,-1,650.000,550.000,-1,775.000,1,0,2,0,0,0,0,1,0,1,2,2,2,0,0,2,0
128,5577.266,-6901.591,134.259,-82.802,0.129442,0.991318,-0.023100,-0.982896,0.125195,-0.135061,-0.130996,0.040187,0.990568,0,0.16000,-0.22930,9.600,-0.459,1000.000,375.000,-1,325.000,775.000,300.000,275.000,400.000,275.000,325.000,-1,-1,-1,650.000,550.000,-1,775.000,1,0,2,0,0,0,0,1,0,1,2,2,2,0,0,2,0
129,5578.955,-6915.892,132.543,-83.263,0.121267,0.992363,-0.022594,-0.984143,0.117232,-0.133115,-0.129450,0.038379,0.990843,0,0.24000,-0.23026,14.400,-0.461,975.000,375.000,-1,325.000,800.000,300.000,275.000,425.000,275.000,325.000,-1,-1,-1,650.000,550.000,-1,800.000,1,0,2,0,0,0,0,1,0,1,2,2,2,0,0,2,0
130,5581.053,-6934.976,130.196,-83.726,0.112943,0.993368,-0.021545,-0.985425,0.109211,-0.130425,-0.127207,0.035962,0.991224,0,0.32000,-0.23173,19.200,-0.463,975.000,375.000,-1,325.000,850.000,300.000,275.000,425.000,275.000,350.000,-1,-1,-1,650.000,575.000,-1,850.000,1,0,2,0,0,0,0,0,0,1,2,2,2,0,0,2,0
131,5583.480,-6958.852,127.203,-84.194,0.104447,0.994332,-0.019869,-0.986743,0.101113,-0.126943,-0.124214,0.032864,0.991711,0,0.40000,-0.23375,24.000,-0.467,975.000,375.000,-1,350.000,900.000,300.000,300.000,425.000,275.000,350.000,-1,-1,-1,650.000,575.000,-1,900.000,1,0,2,0,0,0,0,0,0,1,2,2,2,0,0,2,0
132,5586.157,-6987.526,123.546,-84.666,0.095759,0.995251,-0.017476,-0.988095,0.092917,-0.122618,-0.120412,0.029009,0.992300,0,0.48000,-0.23634,28.800,-0.473,950.000,375.000,-1,350.000,1000.000,300.000,300.000,400.000,275.000,350.000,-1,-1,-1,650.000,600.000,-1,1000.000,1,0,2,0,0,0,0,0,0,1,2,2,2,0,0,2,0
133,5589.000,-7021.004,119.210,-85.145,0.086865,0.996118,-0.014274,-0.989474,0.084603,-0.117407,-0.115744,0.024322,0.992981,0,0.56000,-0.23955,33.600,-0.479,950.000,375.000,-1,350.000,-1,300.000,300.000,400.000,300.000,375.000,-1,-1,-1,650.000,600.000,-1,-1,1,0,2,0,2,0,0,0,0,1,2,2,2,0,0,2,2
134,5591.925,-7059.291,114.179,-85.632,0.077752,0.996921,-0.010171,-0.990869,0.076145,-0.111269,-0.110152,0.018730,0.993738,0,0.64000,-0.24341,38.400,-0.487,950.000,375.000,-1,350.000,-1,300.000,300.000,375.000,300.000,375.000,-1,-1,-1,675.000,625.000,-1,-1,1,0,2,0,2,0,0,0,0,1,2,2,2,0,0,2,2
135,5594.843,-7102.390,108.437,-86.128,0.068419,0.997644,-0.005075,-0.992265,0.067520,-0.104170,-0.103582,0.012163,0.994547,0,0.72000,-0.24797,43.200,-0.496,925.000,375.000,-1,350.000,-1,300.000,300.000,350.000,300.000,400.000,-1,-1,-1,675.000,650.000,-1,-1,1,0,2,0,2,0,0,0,0,1,2,2,2,0,0,2,2
136,5597.447,-7146.668,102.462,-86.635,0.058917,0.998263,0.000630,-0.993582,0.058702,-0.096686,-0.096555,0.005070,0.995315,0,0.73927,-0.25326,44.356,-0.507,925.000,375.000,-1,375.000,-1,300.000,300.000,350.000,300.000,400.000,350.000,-1,-1,675.000,675.000,-1,-1,1,0,2,0,2,0,0,0,0,1,1,2,2,0,0,2,2
137,5599.654,-7190.992,96.407,-87.152,0.049270,0.998762,0.006800,-0.994789,0.049680,-0.089031,-0.089258,-0.002378,0.996006,0,0.73967,-0.25884,44.380,-0.518,900.000,375.000,-1,375.000,-1,300.000,300.000,325.000,300.000,425.000,200.000,800.000,-1,700.000,700.000,-1,-1,1,0,2,0,2,0,0,0,0,1,1,0,2,0,0,2,2
138,5601.453,-7235.392,91.375,-87.682,0.039646,0.999150,0.011252,-0.995644,0.040453,-0.083998,-0.084382,-0.007873,0.996402,0,0.74063,-0.26458,44.438,-0.529,925.000,375.000,-1,375.000,-1,300.000,300.000,300.000,325.000,450.000,175.000,500.000,-1,700.000,725.000,-1,-1,1,0,2,0,2,0,0,0,0,1,1,0,2,0,0,2,2
139,5602.834,-7279.896,87.836,-88.222,0.030246,0.999487,0.010538,-0.996054,0.031018,-0.083152,-0.083436,-0.007982,0.996481,0,0.74209,-0.27046,44.525,-0.541,1000.000,375.000,-1,375.000,-1,300.000,300.000,300.000,325.000,500.000,225.000,525.000,-1,700.000,725.000,-1,-1,1,0,2,0,2,0,0,0,0,1,1,0,2,0,0,2,2
140,5603.788,-7324.526,84.295,-88.775,0.020632,0.999739,0.009824,-0.996377,0.021371,-0.082317,-0.082505,-0.008090,0.996558,0,0.74401,-0.27648,44.640,-0.553,-1,375.000,-1,375.000,-1,300.000,325.000,300.000,325.000,550.000,250.000,550.000,-1,700.000,750.000,-1,-1,2,0,2,0,2,0,0,0,0,1,1,0,2,0,0,2,2
141,5604.303,-7369.304,80.749,-89.341,0.010801,0.999900,0.009110,-0.996608,0.011508,-0.081491,-0.081588,-0.008199,0.996632,0,0.74635,-0.28262,44.781,-0.565,-1,375.000,-1,400.000,-1,300.000,325.000,300.000,325.000,600.000,300.000,575.000,-1,700.000,750.000,-1,-1,2,0,2,0,2,0,0,0,0,1,1,0,2,0,0,2,2
142,5604.367,-7414.248,77.197,-89.918,0.000749,0.999964,0.008396,-0.996740,0.001424,-0.080672,-0.080682,-0.008308,0.996705,0,0.74908,-0.28889,44.945,-0.578,-1,375.000,-1,400.000,-1,300.000,325.000,300.000,325.000,675.000,325.000,575.000,-1,700.000,750.000,-1,-1,2,0,2,0,2,0,0,0,0,1,1,0,2,0,0,2,2
143,5603.966,-7459.376,73.636,-90.509,-0.009526,0.999925,0.007682,-0.996767,-0.008882,-0.079859,-0.079785,-0.008418,0.996777,0,0.75216,-0.29527,45.130,-0.591,-1,375.000,-1,400.000,-1,300.000,325.000,300.000,325.000,750.000,375.000,600.000,-1,725.000,750.000,-1,-1,2,0,2,0,2,0,0,0,0,1,1,0,2,0,0,2,2
144,5603.313,-7499.700,70.459,-90.928,-0.016802,0.999834,0.007051,-0.996733,-0.016192,-0.079130,-0.079003,-0.008357,0.996839,0,0.67216,-0.20943,40.330,-0.419,-1,375.000,-1,400.000,-1,325.000,325.000,300.000,325.000,800.000,400.000,600.000,-1,725.000,750.000,-1,-1,2,0,2,0,2,0,0,0,0,1,1,0,2,0,0,2,2
145,5602.471,-7535.219,67.663,-91.358,-0.024290,0.999684,0.006496,-0.996633,-0.023705,-0.078493,-0.078314,-0.008381,0.996893,0,0.59216,-0.21530,35.530,-0.431,-1,375.000,-1,400.000,-1,325.000,325.000,300.000,325.000,850.000,425.000,625.000,-1,725.000,750.000,-1,-1,2,0,2,0,2,0,0,0,0,1,1,1,2,0,0,2,2
146,5601.495,-7565.933,65.245,-91.820,-0.032321,0.999459,0.006018,-0.996452,-0.031754,-0.077948,-0.077715,-0.008516,0.996939,0,0.51216,-0.23068,30.730,-0.461,-1,375.000,-1,400.000,-1,325.000,325.000,300.000,325.000,900.000,450.000,600.000,-1,725.000,750.000,-1,-1,2,0,2,0,2,0,0,0,0,1,1,1,2,0,0,2,2
147,5600.467,-7591.842,63.207,-92.272,-0.040192,0.999176,0.005617,-0.996205,-0.039637,-0.077493,-0.077206,-0.008711,0.996977,0,0.43216,-0.22599,25.930,-0.452,-1,375.000,-1,400.000,-1,325.000,325.000,300.000,325.000,950.000,475.000,575.000,-1,725.000,750.000,-1,-1,2,0,2,0,2,0,0,0,0,1,1,1,2,0,0,2,2
148,5599.466,-7612.948,61.547,-92.716,-0.047925,0.998837,0.005293,-0.995895,-0.047375,-0.077126,-0.076785,-0.008968,0.997007,0,0.35216,-0.22190,21.130,-0.444,-1,375.000,-1,400.000,-1,325.000,325.000,300.000,325.000,975.000,500.000,575.000,-1,725.000,750.000,-1,-1,2,0,2,0,2,0,0,0,0,1,1,1,2,0,0,2,2
149,5598.568,-7629.253,60.265,-93.152,-0.055540,0.998444,0.005045,-0.995525,-0.054989,-0.076847,-0.076450,-0.009290,0.997030,0,0.27216,-0.21843,16.330,-0.437,-1,375.000,-1,400.000,-1,325.000,325.000,300.000,325.000,1000.000,500.000,575.000,-1,725.000,750.000,-1,-1,2,0,2,0,2,0,0,0,0,1,1,1,2,0,0,2,2
150,5597.847,-7640.760,59.361,-93.584,-0.063058,0.997998,0.004872,-0.995097,-0.062501,-0.076656,-0.076198,-0.009682,0.997046,0,0.19216,-0.21558,11.530,-0.431,-1,375.000,-1,400.000,1000.000,325.000,325.000,300.000,325.000,-1,525.000,575.000,-1,725.000,750.000,-1,-1,2,0,2,0,1,0,0,0,0,2,1,1,2,0,0,2,2
151,5597.377,-7647.473,58.832,-94.011,-0.070512,0.997499,0.004774,-0.994609,-0.069942,-0.076553,-0.076028,-0.010147,0.997054,0,0.11216,-0.21365,6.730,-0.427,-1,375.000,-1,400.000,1000.000,325.000,325.000,300.000,325.000,-1,525.000,575.000,-1,725.000,750.000,-1,-1,2,0,2,0,1,0,0,0,0,2,1,1,2,0,0,2,2
152,5597.228,-7649.396,58.680,-94.437,-0.077956,0.996945,0.004751,-0.994061,-0.077366,-0.076537,-0.075936,-0.010690,0.997055,0,0.03216,-0.21330,1.930,-0.427,-1,375.000,-1,400.000,1000.000,325.000,325.000,300.000,325.000,-1,525.000,575.000,-1,725.000,750.000,-1,-1,2,0,2,0,1,0,0,0,0,2,1,1,2,0,0,2,2
153,5597.471,-7646.536,58.902,-94.864,-0.085399,0.996335,0.004803,-0.993450,-0.084783,-0.076609,-0.075921,-0.011313,0.997050,0,-0.04784,-0.21320,-2.870,-0.426,-1,375.000,-1,400.000,975.000,325.000,325.000,300.000,325.000,-1,525.000,550.000,-1,725.000,750.000,-1,-1,2,0,2,0,1,0,0,0,0,2,1,1,2,0,0,2,2
154,5598.178,-7638.898,59.498,-95.291,-0.092849,0.995668,0.004927,-0.992777,-0.092199,-0.076766,-0.075980,-0.012019,0.997037,0,-0.12784,-0.21334,-7.670,-0.427,-1,375.000,-1,400.000,975.000,325.000,325.000,300.000,325.000,-1,525.000,550.000,-1,725.000,750.000,-1,-1,2,0,2,0,1,0,0,0,0,2,1,1,2,0,0,2,2
155,5599.421,-7626.490,60.465,-95.718,-0.100313,0.994943,0.005126,-0.992041,-0.099624,-0.077009,-0.076109,-0.012810,0.997017,0,-0.20784,-0.21373,-12.470,-0.427,-1,375.000,-1,400.000,975.000,325.000,325.000,300.000,325.000,-1,500.000,525.000,-1,725.000,750.000,-1,-1,2,0,2,0,1,0,0,0,0,2,1,1,2,0,0,2,2
156,5601.271,-7609.319,61.803,-96.147,-0.107800,0.994158,0.005397,-0.991240,-0.107064,-0.077334,-0.076304,-0.013687,0.996991,0,-0.28784,-0.21435,-17.270,-0.429,-1,375.000,-1,400.000,975.000,325.000,325.000,300.000,325.000,-1,500.000,525.000,-1,725.000,750.000,-1,-1,2,0,2,0,1,0,0,0,0,2,1,1,2,0,0,2,2
157,5603.799,-7587.394,63.510,-96.577,-0.115318,0.993312,0.005742,-0.990374,-0.114528,-0.077739,-0.076562,-0.014651,0.996957,0,-0.36784,-0.21522,-22.070,-0.430,-1,375.000,-1,400.000,1000.000,325.000,325.000,300.000,325.000,-1,475.000,500.000,-1,725.000,750.000,-1,-1,2,0,2,0,1,0,0,0,0,2,1,1,2,0,0,2,2
158,5607.078,-7560.724,65.581,-97.010,-0.122876,0.992403,0.006160,-0.989440,-0.122024,-0.078222,-0.076876,-0.015707,0.996917,0,-0.44784,-0.21635,-26.870,-0.433,-1,375.000,-1,400.000,1000.000,325.000,325.000,300.000,325.000,1000.000,450.000,475.000,-1,725.000,750.000,-1,-1,2,0,2,0,1,0,0,0,0,1,1,1,2,0,0,2,2
159,5610.630,-7533.547,67.687,-97.445,-0.130478,0.991429,0.006584,-0.988443,-0.129562,-0.078707,-0.077179,-0.016778,0.996876,0,-0.45681,-0.21776,-27.408,-0.436,-1,375.000,-1,400.000,-1,325.000,325.000,300.000,325.000,975.000,425.000,450.000,-1,725.000,750.000,-1,-1,2,0,2,0,2,0,0,0,0,1,1,1,2,0,0,2,2
160,5614.386,-7506.432,69.783,-97.884,-0.138128,0.990390,0.007006,-0.987381,-0.137148,-0.079183,-0.077461,-0.017855,0.996836,0,-0.45623,-0.21941,-27.374,-0.439,-1,375.000,-1,400.000,-1,325.000,325.000,300.000,325.000,950.000,400.000,425.000,-1,725.000,750.000,-1,-1,2,0,2,0,2,0,0,0,0,1,1,1,2,0,0,2,2
161,5619.039,-7474.596,72.238,-98.315,-0.145642,0.989309,0.007503,-0.986274,-0.144591,-0.079727,-0.077790,-0.019012,0.996788,0,-0.53623,-0.21549,-32.174,-0.431,-1,375.000,-1,400.000,-1,300.000,325.000,300.000,325.000,925.000,375.000,400.000,-1,700.000,750.000,-1,-1,2,0,2,0,2,0,0,0,0,1,1,1,2,0,0,2,2
162,5624.437,-7439.473,74.938,-98.736,-0.152982,0.988196,0.008054,-0.985135,-0.151854,-0.080313,-0.078142,-0.020221,0.996737,0,-0.59226,-0.21053,-35.535,-0.421,-1,375.000,-1,400.000,-1,300.000,325.000,300.000,325.000,875.000,325.000,350.000,-1,700.000,750.000,-1,-1,2,0,2,0,2,0,0,0,0,1,1,1,2,0,0,2,2
163,5630.126,-7404.141,77.646,-99.146,-0.160126,0.987059,0.008609,-0.983972,-0.158920,-0.080887,-0.078472,-0.021423,0.996686,0,-0.59647,-0.20506,-35.788,-0.410,-1,375.000,-1,400.000,-1,300.000,325.000,300.000,325.000,825.000,300.000,325.000,-1,700.000,750.000,-1,-1,2,0,2,0,2,0,0,0,0,1,1,1,2,0,0,2,2
164,5636.103,-7368.598,80.360,-99.545,-0.167071,0.985902,0.009169,-0.982792,-0.165787,-0.081450,-0.078782,-0.022619,0.996635,0,-0.60069,-0.19955,-36.041,-0.399,-1,375.000,-1,400.000,-1,300.000,325.000,300.000,300.000,775.000,275.000,275.000,-1,700.000,750.000,-1,-1,2,0,2,0,2,0,0,0,0,1,1,1,2,0,0,2,2
165,5642.365,-7332.848,83.080,-99.933,-0.173818,0.984730,0.009736,-0.981598,-0.172455,-0.082000,-0.079069,-0.023810,0.996585,0,-0.60492,-0.19401,-36.295,-0.388,-1,375.000,-1,400.000,-1,300.000,325.000,300.000,300.000,750.000,225.000,250.000,-1,700.000,750.000,-1,-1,2,0,2,0,2,0,0,0,0,1,1,1,2,0,0,2,2
166,5648.907,-7296.889,85.806,-100.310,-0.180366,0.983546,0.010309,-0.980395,-0.178923,-0.082536,-0.079334,-0.024993,0.996535,0,-0.60915,-0.18843,-36.549,-0.377,-1,375.000,-1,400.000,-1,300.000,325.000,300.000,300.000,700.000,200.000,200.000,-1,700.000,750.000,-1,-1,2,0,2,0,2,0,0,0,0,1,1,1,2,0,0,2,2
167,5655.725,-7260.724,88.576,-100.676,-0.186723,0.982350,0.011052,-0.979194,-0.185189,-0.082973,-0.079462,-0.026315,0.996491,0,-0.61337,-0.18281,-36.802,-0.366,-1,375.000,-1,400.000,-1,300.000,325.000,300.000,300.000,650.000,150.000,175.000,-1,700.000,750.000,-1,-1,2,0,2,0,2,0,0,0,0,1,1,1,2,0,0,2,2
168,5662.816,-7224.353,91.573,-101.030,-0.192942,0.981129,0.012640,-0.977990,-0.191250,-0.083418,-0.079426,-0.028456,0.996434,0,-0.61759,-0.17717,-37.056,-0.354,-1,375.000,-1,400.000,-1,300.000,325.000,300.000,300.000,600.000,125.000,125.000,-1,700.000,775.000,-1,-1,2,0,2,0,2,0,0,0,0,1,1,1,2,0,0,2,2
169,5670.174,-7187.778,94.623,-101.373,-0.198974,0.979899,0.014382,-0.976774,-0.197106,-0.084037,-0.079513,-0.030769,0.996359,0,-0.62179,-0.17149,-37.308,-0.343,-1,375.000,-1,400.000,-1,300.000,325.000,300.000,300.000,525.000,75.000,100.000,-1,700.000,775.000,-1,-1,2,0,2,0,2,0,0,0,0,1,1,1,2,0,0,2,2
170,5677.795,-7151.001,97.706,-101.705,-0.204791,0.978675,0.016015,-0.975574,-0.202759,-0.084519,-0.079469,-0.032933,0.996293,0,-0.62597,-0.16577,-37.558,-0.332,-1,375.000,-1,400.000,-1,300.000,325.000,300.000,300.000,475.000,50.000,50.000,-1,700.000,775.000,-1,-1,2,0,2,0,2,0,0,0,0,1,1,1,2,0,0,2,2
171,5685.668,-7114.025,102.937,-102.025,-0.209785,0.977717,0.007762,-0.973946,-0.208263,-0.089753,-0.086137,-0.026389,0.995934,0,-0.63012,-0.16004,-37.807,-0.320,-1,375.000,-1,400.000,-1,300.000,325.000,325.000,300.000,475.000,50.000,75.000,-1,700.000,725.000,-1,-1,2,0,2,0,2,0,0,0,0,1,1,1,2,0,0,2,2
172,5692.586,-7081.753,107.954,-102.105,-0.210475,0.977598,-0.001602,-0.973115,-0.209666,-0.095331,-0.093531,-0.018506,0.995444,0,-0.55012,-0.04004,-33.007,-0.080,-1,375.000,-1,375.000,-1,300.000,300.000,350.000,300.000,450.000,25.000,75.000,-1,675.000,700.000,-1,-1,2,0,2,0,2,0,0,0,0,1,1,1,2,0,0,2,2
173,5698.421,-7054.157,112.373,-101.945,-0.206996,0.978289,-0.010181,-0.973177,-0.206960,-0.100470,-0.100396,-0.010889,0.994888,0,-0.47012,0.07996,-28.207,0.160,-1,375.000,-1,375.000,-1,300.000,300.000,350.000,300.000,450.000,25.000,75.000,-1,675.000,675.000,-1,-1,2,0,2,0,2,0,0,0,0,1,1,1,2,0,0,2,2
174,5703.103,-7031.225,116.163,-101.545,-0.199383,0.979761,-0.017746,-0.974104,-0.200137,-0.105198,-0.106621,-0.003688,0.994293,0,-0.39012,0.19996,-23.407,0.400,-1,375.000,-1,350.000,-1,300.000,300.000,375.000,275.000,425.000,25.000,100.000,-1,675.000,650.000,-1,-1,2,0,2,0,2,0,0,0,0,1,1,1,2,0,0,2,2
175,5706.621,-7012.955,119.296,-100.905,-0.187665,0.981937,-0.024100,-0.975815,-0.189182,-0.109521,-0.112103,0.002964,0.993692,0,-0.31012,0.31996,-18.607,0.640,-1,375.000,-1,350.000,-1,300.000,300.000,400.000,275.000,425.000,50.000,100.000,-1,650.000,625.000,-1,-1,2,0,2,0,2,0,0,0,0,1,1,1,2,0,0,2,2
176,5709.023,-6999.360,121.745,-100.025,-0.171861,0.984692,-0.029087,-0.978179,-0.174074,-0.113419,-0.116746,0.008960,0.993121,0,-0.23012,0.43996,-13.807,0.880,-1,375.000,-1,350.000,-1,300.000,300.000,425.000,275.000,400.000,50.000,125.000,-1,650.000,600.000,-1,-1,2,0,2,0,2,0,0,0,0,1,1,1,2,0,0,2,2
177,5710.417,-6990.463,123.489,-98.907,-0.152014,0.987841,-0.032597,-0.981010,-0.154818,-0.116839,-0.120465,0.014216,0.992616,0,-0.15012,0.55903,-9.007,1.118,-1,375.000,-1,350.000,1000.000,300.000,300.000,425.000,275.000,400.000,50.000,150.000,-1,650.000,575.000,-1,950.000,2,0,2,0,0,0,0,0,0,1,1,1,2,0,0,2,0
178,5710.987,-6986.296,124.449,-97.786,-0.132248,0.990617,-0.034460,-0.983567,-0.135459,-0.119359,-0.122907,0.018109,0.992253,0,-0.07012,0.56034,-4.207,1.121,-1,375.000,-1,350.000,900.000,300.000,275.000,425.000,275.000,375.000,50.000,175.000,-1,650.000,575.000,-1,900.000,2,0,2,0,0,0,0,0,0,1,1,1,2,0,0,2,0
179,5710.918,-6986.885,124.629,-96.665,-0.112611,0.993030,-0.034778,-0.985860,-0.116032,-0.120899,-0.124092,0.020672,0.992055,0,0.00988,0.56095,0.593,1.122,-1,375.000,-1,325.000,850.000,300.000,275.000,425.000,275.000,375.000,75.000,225.000,-1,650.000,575.000,-1,875.000,2,0,2,0,0,0,0,0,0,1,1,1,2,0,0,2,0
180,5710.397,-6992.253,124.039,-95.543,-0.093131,0.995084,-0.033673,-0.987895,-0.096567,-0.121399,-0.124054,0.021959,0.992032,0,0.08988,0.56086,5.393,1.122,1000.000,375.000,-1,325.000,850.000,300.000,275.000,425.000,275.000,350.000,75.000,250.000,-1,650.000,575.000,-1,875.000,1,0,2,0,0,0,0,0,0,1,1,1,2,0,0,2,0
181,5709.612,-7002.415,122.690,-94.423,-0.073829,0.996780,-0.031281,-0.989677,-0.077094,-0.120815,-0.122837,0.022039,0.992182,0,0.16988,0.56010,10.193,1.120,975.000,375.000,-1,350.000,875.000,300.000,275.000,425.000,275.000,350.000,75.000,300.000,-1,650.000,575.000,-1,900.000,1,0,2,0,0,0,0,0,0,1,1,1,2,0,0,2,0
182,5708.748,-7017.383,120.598,-93.305,-0.054711,0.998117,-0.027747,-0.991206,-0.057644,-0.119115,-0.120490,0.020986,0.992493,0,0.24988,0.55867,14.993,1.117,950.000,375.000,-1,350.000,950.000,300.000,300.000,425.000,275.000,350.000,100.000,325.000,-1,650.000,575.000,-1,950.000,1,0,2,0,0,0,0,0,0,1,1,1,2,0,0,2,0
183,5707.910,-7037.157,117.730,-92.428,-0.039932,0.998934,-0.023143,-0.992347,-0.042356,-0.115989,-0.116846,0.018334,0.992981,0,0.32988,0.43867,19.793,0.877,925.000,375.000,-1,350.000,-1,300.000,300.000,400.000,275.000,350.000,100.000,350.000,-1,650.000,600.000,-1,-1,1,0,2,0,2,0,0,0,0,1,1,1,2,0,0,2,2
184,5707.142,-7061.737,114.101,-91.791,-0.029469,0.999412,-0.017531,-0.993276,-0.031244,-0.111474,-0.111956,0.014128,0.993613,0,0.40988,0.31867,24.593,0.637,900.000,375.000,-1,350.000,-1,300.000,300.000,400.000,275.000,350.000,100.000,325.000,-1,650.000,600.000,-1,-1,1,0,2,0,2,0,0,0,0,1,1,1,2,0,0,2,2
185,5706.429,-7091.120,109.711,-91.393,-0.023292,0.999669,-0.010899,-0.994111,-0.024314,-0.105606,-0.105836,0.008375,0.994348,0,0.48988,0.19867,29.393,0.397,900.000,375.000,-1,350.000,-1,300.000,300.000,375.000,300.000,375.000,100.000,300.000,-1,675.000,625.000,-1,-1,1,0,2,0,2,0,0,0,0,1,1,1,2,0,0,2,2
186,5705.693,-7125.303,104.556,-91.236,-0.021362,0.999767,-0.003161,-0.994911,-0.021569,-0.098426,-0.098471,0.001042,0.995139,0,0.56988,0.07867,34.193,0.157,875.000,375.000,-1,375.000,-1,300.000,300.000,350.000,300.000,375.000,100.000,250.000,-1,675.000,675.000,-1,-1,1,0,2,0,2,0,0,0,0,1,1,1,2,0,0,2,2
187,5704.798,-7164.284,98.620,-91.319,-0.023631,0.999704,0.005830,-0.995678,-0.023011,-0.089980,-0.089819,-0.007931,0.995926,0,0.64988,-0.04133,38.993,-0.083,850.000,375.000,-1,375.000,-1,300.000,300.000,325.000,300.000,400.000,75.000,175.000,-1,700.000,700.000,-1,-1,1,0,2,0,2,0,0,0,0,1,1,1,2,0,0,2,2
188,5703.598,-7206.267,92.608,-91.641,-0.029885,0.999455,0.014009,-0.996212,-0.028637,-0.082104,-0.081658,-0.016410,0.996525,0,0.70003,-0.16133,42.002,-0.323,850.000,375.000,-1,400.000,-1,300.000,325.000,300.000,325.000,425.000,75.000,125.000,-1,700.000,750.000,-1,-1,1,0,2,0,2,0,0,0,0,1,1,1,2,0,0,2,2
189,5701.976,-7248.405,89.242,-92.204,-0.039632,0.999131,0.012890,-0.995917,-0.038451,-0.081677,-0.081110,-0.016074,0.996576,0,0.70282,-0.28133,42.169,-0.563,950.000,375.000,-1,400.000,-1,300.000,325.000,300.000,325.000,475.000,125.000,175.000,-1,700.000,750.000,-1,-1,1,0,2,0,2,0,0,0,0,1,1,1,2,0,0,2,2
190,5699.755,-7290.688,85.982,-93.007,-0.053599,0.998489,0.012140,-0.995324,-0.052443,-0.081120,-0.080360,-0.016432,0.996630,0,0.70569,-0.40133,42.341,-0.803,-1,375.000,-1,400.000,-1,300.000,325.000,300.000,325.000,550.000,175.000,200.000,-1,700.000,750.000,-1,-1,2,0,2,0,2,0,0,0,0,1,1,1,2,0,0,2,2
191,5696.753,-7333.102,82.714,-94.049,-0.071746,0.997358,0.011370,-0.994244,-0.070603,-0.080588,-0.079572,-0.017086,0.996683,0,0.70869,-0.52133,42.521,-1.043,-1,375.000,-1,400.000,-1,300.000,325.000,300.000,325.000,625.000,200.000,250.000,-1,700.000,750.000,-1,-1,2,0,2,0,2,0,0,0,0,1,1,1,2,0,0,2,2
192,5692.784,-7375.629,79.441,-95.332,-0.094050,0.995511,0.010579,-0.992449,-0.092909,-0.080080,-0.078738,-0.018031,0.996732,0,0.71186,-0.64133,42.712,-1.283,-1,375.000,-1,400.000,-1,325.000,325.000,300.000,325.000,700.000,250.000,275.000,-1,700.000,750.000,-1,-1,2,0,2,0,2,0,0,0,0,1,1,1,2,0,0,2,2
193,5687.725,-7418.245,76.168,-96.770,-0.119008,0.992845,0.009774,-0.989835,-0.117864,-0.079585,-0.077864,-0.019146,0.996780,0,0.71525,-0.71911,42.915,-1.438,-1,375.000,-1,400.000,-1,325.000,325.000,300.000,325.000,800.000,300.000,300.000,-1,725.000,750.000,-1,-1,2,0,2,0,2,0,0,0,0,1,1,1,2,0,0,2,2
194,5681.557,-7460.938,72.896,-98.221,-0.144118,0.989520,0.008966,-0.986562,-0.142971,-0.079086,-0.076975,-0.020243,0.996827,0,0.71894,-0.72570,43.136,-1.451,-1,375.000,-1,400.000,-1,325.000,325.000,300.000,325.000,875.000,350.000,350.000,-1,725.000,750.000,-1,-1,2,0,2,0,2,0,0,0,0,1,1,1,2,0,0,2,2
195,5674.258,-7503.700,69.623,-99.686,-0.169365,0.985520,0.008158,-0.982614,-0.168215,-0.078577,-0.076067,-0.021325,0.996875,0,0.72300,-0.73239,43.380,-1.465,-1,375.000,-1,400.000,-1,325.000,325.000,300.000,325.000,975.000,400.000,375.000,-1,725.000,750.000,-1,-1,2,0,2,0,2,0,0,0,0,1,1,1,2,0,0,2,2
196,5665.808,-7546.518,66.349,-101.165,-0.194732,0.980829,0.007355,-0.977975,-0.193580,-0.078053,-0.075133,-0.022392,0.996922,0,0.72740,-0.73919,43.644,-1.478,-1,375.000,-1,400.000,-1,325.000,325.000,300.000,325.000,-1,450.000,425.000,-1,725.000,750.000,-1,-1,2,0,2,0,2,0,0,0,0,2,1,1,2,0,0,2,2
197,5655.206,-7593.787,62.735,-102.642,-0.219940,0.975492,0.006486,-0.972693,-0.218794,-0.077441,-0.074124,-0.023342,0.996976,0,0.80740,-0.73854,48.444,-1.477,-1,375.000,-1,400.000,1000.000,325.000,325.000,300.000,325.000,-1,500.000,475.000,-1,725.000,775.000,-1,-1,2,0,2,0,1,0,0,0,0,2,1,1,2,0,0,2,2
198,5642.679,-7643.606,58.922,-104.115,-0.244930,0.969525,0.005595,-0.966784,-0.243795,-0.076759,-0.073055,-0.024209,0.997034,0,0.85616,-0.73658,51.370,-1.473,-1,375.000,-1,400.000,950.000,325.000,325.000,300.000,325.000,-1,550.000,525.000,-1,725.000,775.000,-1,-1,2,0,2,0,1,0,0,0,0,2,1,1,2,0,0,2,2
199,5628.981,-7692.715,55.156,-105.585,-0.269706,0.962931,0.004741,-0.960250,-0.268581,-0.076049,-0.071956,-0.025064,0.997093,0,0.84973,-0.73499,50.984,-1.470,-1,375.000,-1,400.000,925.000,325.000,325.000,300.000,325.000,-1,600.000,575.000,-1,725.000,775.000,-1,-1,2,0,2,0,1,0,0,0,0,2,1,1,2,0,0,2,2
200,5614.149,-7741.071,51.437,-107.053,-0.294269,0.955714,0.003933,-0.953095,-0.293153,-0.075308,-0.070820,-0.025910,0.997153,0,0.84299,-0.73393,50.579,-1.468,-1,375.000,-1,400.000,875.000,325.000,325.000,300.000,325.000,-1,650.000,625.000,-1,725.000,775.000,-1,975.000,2,0,2,0,1,0,0,0,0,2,1,1,2,0,0,2,1
201,5598.216,-7788.637,47.799,-108.519,-0.318614,0.947880,0.003012,-0.945315,-0.317515,-0.074596,-0.069751,-0.026615,0.997209,0,0.83606,-0.73339,50.164,-1.467,-1,375.000,-1,400.000,825.000,325.000,325.000,300.000,300.000,-1,725.000,675.000,-1,725.000,775.000,-1,925.000,2,0,2,0,1,0,0,0,0,2,1,1,2,0,0,2,1
202,5581.213,-7835.387,44.285,-109.986,-0.342730,0.939432,0.001846,-0.936923,-0.341669,-0.073740,-0.068643,-0.027003,0.997276,0,0.82910,-0.73336,49.746,-1.467,-1,375.000,1000.000,400.000,800.000,325.000,325.000,300.000,300.000,-1,775.000,725.000,-1,725.000,775.000,-1,850.000,2,0,1,0,1,0,0,0,0,2,1,1,2,1,1,2,1
203,5563.169,-7881.301,40.848,-111.454,-0.366631,0.930366,0.000655,-0.927919,-0.365616,-0.072739,-0.067435,-0.027277,0.997351,0,0.82221,-0.73383,49.332,-1.468,-1,375.000,950.000,400.000,750.000,325.000,325.000,300.000,300.000,-1,850.000,775.000,-1,700.000,725.000,-1,800.000,2,0,1,0,1,0,0,0,0,2,1,1,2,1,1,2,1
204,5544.111,-7926.368,37.468,-112.923,-0.390324,0.920677,-0.000508,-0.918296,-0.389354,-0.071669,-0.066182,-0.027508,0.997428,0,0.81552,-0.73479,48.931,-1.470,-1,375.000,900.000,400.000,700.000,325.000,325.000,300.000,300.000,-1,900.000,850.000,-1,675.000,700.000,-1,750.000,2,0,1,0,1,0,0,0,0,2,1,1,2,1,1,2,1
205,5524.058,-7970.582,34.296,-114.396,-0.413838,0.910350,-0.001321,-0.908004,-0.412875,-0.071151,-0.065318,-0.028245,0.997465,0,0.80915,-0.73623,48.549,-1.472,-1,375.000,850.000,400.000,675.000,325.000,325.000,300.000,300.000,-1,975.000,900.000,-1,650.000,675.000,1000.000,700.000,2,0,1,0,1,0,0,0,0,2,1,1,2,1,1,1,1
206,5503.029,-8013.943,31.213,-115.872,-0.437142,0.899390,-0.002068,-0.897077,-0.436180,-0.070704,-0.064492,-0.029053,0.997495,0,0.80318,-0.73811,48.191,-1.476,-1,400.000,825.000,400.000,625.000,325.000,325.000,300.000,300.000,-1,-1,975.000,-1,625.000,625.000,875.000,650.000,2,0,1,0,1,0,0,0,0,2,2,1,2,1,1,1,1
207,5481.038,-8056.455,28.239,-117.353,-0.460242,0.887790,-0.002492,-0.885522,-0.459263,-0.070196,-0.063464,-0.030101,0.997530,0,0.79771,-0.74043,47.863,-1.481,-1,400.000,775.000,400.000,575.000,325.000,325.000,300.000,300.000,-1,-1,-1,-1,600.000,600.000,750.000,600.000,2,0,1,0,1,0,0,0,0,2,2,2,2,1,1,1,1
208,5458.094,-8098.124,25.233,-118.839,-0.483134,0.875542,-0.002735,-0.873301,-0.482116,-0.070076,-0.062673,-0.031468,0.997538,0,0.79280,-0.74315,47.568,-1.486,-1,400.000,725.000,400.000,550.000,325.000,325.000,300.000,300.000,-1,-1,-1,-1,550.000,550.000,675.000,550.000,2,0,1,0,1,0,0,0,0,2,2,2,2,1,1,1,1
209,5431.464,-8143.216,21.963,-120.566,-0.509311,0.860577,-0.003006,-0.858366,-0.508247,-0.069954,-0.061728,-0.033048,0.997546,0,0.87280,-0.86315,52.368,-1.726,1000.000,400.000,675.000,400.000,500.000,325.000,325.000,300.000,300.000,-1,-1,-1,-1,525.000,525.000,575.000,500.000,1,0,1,1,1,0,0,0,0,2,2,2,2,1,1,1,1
210,5401.466,-8191.127,18.479,-122.052,-0.531473,0.847069,-0.003310,-0.844884,-0.530375,-0.069809,-0.060889,-0.034305,0.997555,0,0.94212,-0.74315,56.527,-1.486,650.000,400.000,625.000,375.000,450.000,325.000,325.000,300.000,300.000,-1,-1,-1,-1,475.000,475.000,500.000,450.000,1,1,1,1,1,0,0,0,0,2,2,2,2,1,1,1,1
211,5370.229,-8238.685,15.007,-123.298,-0.549776,0.835304,-0.003624,-0.833142,-0.548655,-0.069651,-0.060168,-0.035273,0.997565,0,0.94832,-0.62315,56.899,-1.246,525.000,375.000,575.000,350.000,400.000,325.000,325.000,300.000,300.000,-1,-1,-1,-1,425.000,450.000,450.000,400.000,1,1,1,1,1,0,0,0,0,2,2,2,2,1,1,1,1
212,5337.958,-8285.984,11.540,-124.305,-0.564360,0.825519,-0.003946,-0.823376,-0.563227,-0.069478,-0.059578,-0.035961,0.997576,0,0.95431,-0.50315,57.259,-1.006,425.000,325.000,525.000,325.000,350.000,325.000,325.000,300.000,300.000,-1,-1,-1,-1,400.000,400.000,375.000,350.000,1,1,1,1,1,0,0,0,0,2,2,2,2,1,1,1,1
213,5304.861,-8333.128,8.199,-125.071,-0.575356,0.817894,-0.003982,-0.815777,-0.574204,-0.069267,-0.058940,-0.036605,0.997590,0,0.96003,-0.38315,57.602,-0.766,350.000,300.000,475.000,300.000,300.000,300.000,300.000,300.000,300.000,1000.000,-1,-1,-1,350.000,375.000,325.000,300.000,1,1,1,1,1,1,1,0,0,1,2,2,2,1,1,1,1
214,5271.150,-8380.228,6.902,-125.597,-0.583174,0.812329,0.005424,-0.810647,-0.581509,-0.068548,-0.052530,-0.044372,0.997633,0,0.96537,-0.26315,57.922,-0.526,275.000,275.000,425.000,275.000,275.000,275.000,275.000,300.000,325.000,925.000,-1,-1,-1,325.000,350.000,275.000,275.000,1,1,1,1,1,1,1,0,0,1,2,2,2,1,1,1,1
215,5237.034,-8427.396,6.277,-125.883,-0.587516,0.809011,0.018070,-0.808003,-0.585270,-0.067752,-0.044236,-0.054406,0.997539,0,0.97023,-0.14315,58.214,-0.286,225.000,250.000,375.000,275.000,250.000,250.000,275.000,300.000,375.000,900.000,800.000,850.000,-1,275.000,325.000,225.000,250.000,1,1,1,1,1,1,1,0,0,1,0,0,2,1,1,1,1
216,5202.722,-8474.733,10.704,-125.930,-0.587461,0.808769,0.027958,-0.809011,-0.586092,-0.044697,-0.019763,-0.048876,0.998609,0,0.97444,-0.02315,58.466,-0.046,200.000,225.000,325.000,250.000,225.000,225.000,250.000,325.000,375.000,900.000,250.000,275.000,-1,250.000,325.000,200.000,225.000,1,1,1,1,1,1,1,0,0,1,0,0,2,1,1,1,1
217,5168.449,-8522.350,17.368,-125.736,-0.583632,0.811085,0.038910,-0.811932,-0.583599,-0.013398,0.011840,-0.039412,0.999153,0,0.97782,0.09685,58.669,0.194,200.000,225.000,300.000,250.000,225.000,225.000,225.000,375.000,400.000,900.000,150.000,150.000,-1,250.000,275.000,200.000,225.000,1,1,1,1,1,1,1,0,0,1,0,0,2,1,1,1,1
218,327.990,8855.066,135.863,-95.522,-0.100689,0.994340,-0.033914,-0.988522,-0.096125,0.116550,0.112630,0.045260,0.992606,1,0.00000,0.00000,58.807,0.434,-1,400.000,-1,375.000,-1,325.000,325.000,300.000,300.000,-1,850.000,1000.000,-1,800.000,725.000,-1,-1,2,0,2,0,2,0,0,0,0,2,0,0,2,0,0,2,2
219,327.508,8850.291,136.411,-95.762,-0.104869,0.993911,-0.033829,-0.988103,-0.100287,0.116601,0.112498,0.045654,0.992603,0,0.08000,-0.12000,4.800,-0.240,-1,400.000,-1,375.000,-1,325.000,325.000,300.000,300.000,-1,825.000,975.000,-1,800.000,725.000,-1,-1,2,0,2,0,2,0,0,0,0,2,0,0,2,0,0,2,2
220,326.465,8840.747,137.505,-96.242,-0.113222,0.992999,-0.033657,-0.987211,-0.108606,0.116704,0.112232,0.046440,0.992596,0,0.16000,-0.24000,9.600,-0.480,-1,400.000,-1,375.000,-1,325.000,325.000,300.000,300.000,-1,825.000,975.000,-1,800.000,725.000,-1,-1,2,0,2,0,2,0,0,0,0,2,0,0,2,0,0,2,2
221,324.720,8826.453,139.137,-96.962,-0.125736,0.991501,-0.033397,-0.985741,-0.121069,0.116866,0.111829,0.047615,0.992586,0,0.24000,-0.36000,14.400,-0.720,-1,400.000,-1,375.000,-1,325.000,325.000,300.000,300.000,-1,825.000,950.000,-1,800.000,725.000,-1,-1,2,0,2,0,2,0,0,0,0,2,0,0,2,0,0,2,2
222,322.126,8807.429,141.302,-97.770,-0.139749,0.989636,-0.033035,-0.983899,-0.135031,0.117084,0.111410,0.048865,0.992572,0,0.32000,-0.40400,19.200,-0.808,-1,400.000,-1,375.000,-1,325.000,325.000,300.000,300.000,-1,800.000,950.000,-1,800.000,725.000,-1,-1,2,0,2,0,2,0,0,0,0,2,0,0,2,0,0,2,2
223,318.546,8783.697,143.994,-98.579,-0.153755,0.987572,-0.032563,-0.981849,-0.148994,0.117360,0.111050,0.050017,0.992555,0,0.40000,-0.40487,24.000,-0.810,-1,400.000,-1,375.000,-1,325.000,325.000,300.000,300.000,-1,800.000,925.000,-1,800.000,725.000,-1,-1,2,0,2,0,2,0,0,0,0,2,0,0,2,0,0,2,2
224,313.847,8755.283,147.208,-99.391,-0.167759,0.985309,-0.031986,-0.979587,-0.162964,0.117698,0.110756,0.051078,0.992534,0,0.48000,-0.40592,28.800,-0.812,-1,400.000,-1,375.000,-1,325.000,325.000,300.000,300.000,-1,775.000,925.000,-1,800.000,725.000,-1,-1,2,0,2,0,2,0,0,0,0,2,0,0,2,0,0,2,2
225,307.894,8722.214,150.941,-100.206,-0.181763,0.982844,-0.031309,-0.977110,-0.176940,0.118103,0.110537,0.052059,0.992508,0,0.56000,-0.40712,33.600,-0.814,-1,400.000,-1,375.000,-1,325.000,325.000,300.000,300.000,-1,775.000,900.000,-1,800.000,725.000,-1,-1,2,0,2,0,2,0,0,0,0,2,0,0,2,0,0,2,2
226,300.553,8684.522,155.190,-101.022,-0.195768,0.980175,-0.030541,-0.974416,-0.190923,0.118581,0.110399,0.052974,0.992475,0,0.64000,-0.40838,38.400,-0.817,-1,400.000,-1,375.000,-1,325.000,325.000,300.000,300.000,-1,775.000,900.000,-1,800.000,750.000,-1,-1,2,0,2,0,2,0,0,0,0,2,0,0,2,0,0,2,2
227,291.689,8642.240,159.952,-101.842,-0.209772,0.977300,-0.029690,-0.971503,-0.204908,0.119141,0.110353,0.053836,0.992433,0,0.72000,-0.40960,43.200,-0.819,-1,400.000,-1,375.000,-1,325.000,325.000,300.000,300.000,-1,775.000,875.000,-1,800.000,750.000,-1,-1,2,0,2,0,2,0,0,0,0,2,0,0,2,0,0,2,2
228,281.167,8595.407,165.230,-102.663,-0.223769,0.974217,-0.028791,-0.968370,-0.218886,0.119783,0.110392,0.054684,0.992383,0,0.80000,-0.41067,48.000,-0.821,-1,400.000,-1,400.000,-1,325.000,325.000,325.000,300.000,-1,750.000,875.000,-1,800.000,750.000,-1,-1,2,0,2,0,2,0,0,0,0,2,0,0,2,0,0,2,2
229,268.854,8544.063,170.977,-103.486,-0.237718,0.970938,-0.027753,-0.965064,-0.232846,0.120145,0.110191,0.055344,0.992368,0,0.88000,-0.41142,52.800,-0.823,-1,400.000,-1,400.000,-1,325.000,325.000,325.000,300.000,-1,775.000,900.000,-1,825.000,750.000,-1,-1,2,0,2,0,2,0,0,0,0,2,0,0,2,0,0,2,2
230,255.449,8491.507,176.821,-104.309,-0.251610,0.967463,-0.026610,-0.961571,-0.246767,0.120364,0.109881,0.055872,0.992373,0,0.90396,-0.41170,54.238,-0.823,-1,400.000,-1,400.000,-1,325.000,325.000,325.000,300.000,-1,775.000,900.000,-1,825.000,750.000,-1,-1,2,0,2,0,2,0,0,0,0,2,0,0,2,0,0,2,2
231,241.410,8439.590,182.654,-105.132,-0.265424,0.963796,-0.025462,-0.957917,-0.260627,0.120284,0.109293,0.056316,0.992413,0,0.89636,-0.41137,53.782,-0.823,-1,400.000,-1,400.000,-1,325.000,325.000,325.000,300.000,-1,800.000,925.000,-1,850.000,750.000,-1,-1,2,0,2,0,2,0,0,0,0,2,0,0,2,0,0,2,2
232,226.752,8388.308,188.335,-105.953,-0.279190,0.959914,-0.024849,-0.954101,-0.274393,0.119995,0.108366,0.057210,0.992464,0,0.88892,-0.41041,53.335,-0.821,-1,400.000,-1,400.000,-1,325.000,325.000,325.000,300.000,-1,825.000,975.000,-1,850.000,775.000,-1,-1,2,0,2,0,2,0,0,0,0,2,0,0,2,0,0,2,2
233,211.488,8337.656,193.962,-106.770,-0.292858,0.955846,-0.024340,-0.950098,-0.288048,0.119757,0.107458,0.058197,0.992505,0,0.88170,-0.40885,52.902,-0.818,-1,400.000,-1,400.000,-1,325.000,325.000,325.000,300.000,-1,850.000,1000.000,-1,850.000,800.000,-1,-1,2,0,2,0,2,0,0,0,0,2,0,0,2,0,0,2,2
234,195.633,8287.623,199.538,-107.584,-0.306407,0.951600,-0.023937,-0.945917,-0.301569,0.119573,0.106567,0.059280,0.992537,0,0.87474,-0.40671,52.484,-0.813,-1,400.000,-1,400.000,-1,325.000,325.000,325.000,300.000,-1,900.000,-1,-1,875.000,800.000,-1,-1,2,0,2,0,2,0,0,0,0,2,0,2,2,0,0,2,2
235,179.201,8238.198,205.065,-108.392,-0.319814,0.947185,-0.023641,-0.941567,-0.314936,0.119447,0.105693,0.060460,0.992559,0,0.86808,-0.40401,52.085,-0.808,-1,400.000,-1,400.000,-1,325.000,325.000,325.000,300.000,-1,925.000,-1,-1,875.000,825.000,-1,-1,2,0,2,0,2,0,0,0,1,2,0,2,2,0,0,2,2
236,163.838,8193.479,210.019,-108.960,-0.329172,0.943983,-0.023278,-0.938430,-0.324299,0.119077,0.104857,0.061042,0.992612,0,0.78808,-0.28401,47.285,-0.568,-1,400.000,-1,400.000,-1,325.000,325.000,325.000,300.000,-1,950.000,-1,-1,900.000,850.000,-1,-1,2,0,2,0,2,0,0,0,1,2,0,2,2,0,0,2,2
237,149.805,8153.379,214.453,-109.288,-0.334539,0.942102,-0.022959,-0.936602,-0.329695,0.118650,0.104210,0.061197,0.992671,0,0.70808,-0.16401,42.485,-0.328,-1,400.000,-1,400.000,-1,325.000,325.000,325.000,300.000,-1,1000.000,-1,-1,900.000,850.000,-1,-1,2,0,2,0,2,0,0,0,1,2,0,2,2,0,0,2,2
238,137.302,8117.829,218.396,-109.376,-0.335949,0.941606,-0.022723,-0.936140,-0.331145,0.118257,0.103827,0.061000,0.992723,0,0.62808,-0.04401,37.685,-0.088,-1,400.000,-1,400.000,-1,325.000,325.000,325.000,300.000,-1,-1,-1,-1,900.000,875.000,-1,-1,2,0,2,0,2,0,0,0,1,2,2,2,2,0,0,2,2
239,126.474,8086.778,221.852,-109.224,-0.333407,0.942513,-0.022552,-0.937061,-0.328658,0.117901,0.103711,0.060441,0.992769,0,0.54808,0.07599,32.885,0.152,-1,400.000,-1,400.000,-1,325.000,325.000,325.000,300.000,-1,-1,-1,-1,900.000,875.000,-1,-1,2,0,2,0,2,0,0,0,1,2,2,2,2,0,0,2,2
240,117.264,8059.856,224.861,-108.885,-0.327774,0.944490,-0.022426,-0.939036,-0.323089,0.117581,0.103808,0.059598,0.992810,0,0.47424,0.16958,28.454,0.339,-1,425.000,-1,400.000,-1,325.000,325.000,325.000,300.000,-1,-1,-1,-1,925.000,900.000,-1,-1,2,0,2,0,2,0,0,0,0,2,2,2,2,0,0,2,2
241,108.326,8033.205,227.851,-108.539,-0.322016,0.946471,-0.022313,-0.941016,-0.317396,0.117254,0.103896,0.058754,0.992851,0,0.46850,0.17299,28.110,0.346,-1,425.000,-1,400.000,-1,325.000,325.000,325.000,300.000,-1,-1,-1,-1,925.000,900.000,-1,-1,2,0,2,0,2,0,0,0,0,2,2,2,2,0,0,2,2
242,99.653,8006.808,230.824,-108.185,-0.316125,0.948457,-0.022211,-0.943003,-0.311569,0.116922,0.103975,0.057907,0.992893,0,0.46309,0.17664,27.785,0.353,-1,425.000,-1,400.000,-1,325.000,325.000,325.000,300.000,-1,-1,-1,-1,950.000,900.000,-1,-1,2,0,2,0,2,0,0,0,0,2,2,2,2,0,0,2,2
243,91.241,7980.648,233.781,-107.824,-0.310093,0.950449,-0.022120,-0.944996,-0.305601,0.116583,0.104046,0.057055,0.992935,0,0.45800,0.18055,27.480,0.361,-1,425.000,-1,400.000,-1,325.000,325.000,325.000,300.000,-1,-1,-1,-1,950.000,925.000,-1,-1,2,0,2,0,2,0,0,0,0,2,2,2,2,0,0,2,2
244,83.083,7954.705,236.677,-107.455,-0.303895,0.952456,-0.021814,-0.946983,-0.299485,0.116323,0.104260,0.056007,0.992972,0,0.45325,0.18468,27.195,0.369,-1,425.000,-1,400.000,-1,325.000,325.000,325.000,300.000,-1,-1,-1,-1,975.000,925.000,-1,-1,2,0,2,0,2,0,0,0,0,2,2,2,2,0,0,2,2
245,75.174,7928.963,239.520,-107.077,-0.297521,0.954476,-0.021383,-0.948991,-0.293214,0.115937,0.104389,0.054786,0.993026,0,0.44884,0.18904,26.930,0.378,-1,425.000,-1,400.000,-1,350.000,325.000,325.000,300.000,-1,-1,-1,-1,975.000,925.000,-1,-1,2,0,2,0,2,0,0,0,0,2,2,2,2,0,0,2,2
246,67.508,7903.402,242.196,-106.690,-0.290905,0.956532,-0.020494,-0.951081,-0.286786,0.114885,0.104014,0.052912,0.993167,0,0.44476,0.19361,26.685,0.387,-1,425.000,-1,400.000,-1,350.000,325.000,325.000,300.000,-1,-1,-1,-1,975.000,925.000,-1,-1,2,0,2,0,2,0,0,0,0,2,2,2,2,0,0,2,2
247,60.083,7878.005,244.864,-106.293,-0.284116,0.958589,-0.019605,-0.953172,-0.280182,0.113843,0.103636,0.051031,0.993305,0,0.44101,0.19839,26.461,0.397,-1,425.000,-1,425.000,-1,350.000,325.000,325.000,300.000,-1,-1,-1,-1,1000.000,950.000,-1,-1,2,0,2,0,2,0,0,0,0,2,2,2,2,0,0,2,2
248,52.895,7852.752,247.527,-105.886,-0.277146,0.960645,-0.018713,-0.955264,-0.273396,0.112810,0.103254,0.049141,0.993440,0,0.43760,0.20337,26.256,0.407,-1,425.000,-1,425.000,-1,350.000,325.000,325.000,325.000,-1,-1,-1,-1,1000.000,975.000,-1,-1,2,0,2,0,2,0,0,0,0,2,2,2,2,0,0,2,2
249,45.940,7827.626,250.185,-105.469,-0.269989,0.962699,-0.017819,-0.957353,-0.266421,0.111786,0.102869,0.047240,0.993573,0,0.43452,0.20854,26.071,0.417,-1,425.000,-1,425.000,-1,350.000,350.000,325.000,325.000,-1,-1,-1,-1,1000.000,975.000,-1,-1,2,0,2,0,2,0,0,0,0,2,2,2,2,0,0,2,2
250,39.215,7802.608,252.771,-105.041,-0.262665,0.964735,-0.017112,-0.959408,-0.259245,0.111030,0.102678,0.045581,0.993670,0,0.43178,0.21391,25.907,0.428,-1,425.000,-1,425.000,-1,350.000,350.000,300.000,325.000,-1,-1,-1,-1,1000.000,1000.000,-1,-1,2,0,2,0,2,0,0,0,0,2,2,2,2,0,0,2,2
251,32.720,7777.679,255.178,-104.602,-0.255196,0.966737,-0.017170,-0.961495,-0.251859,0.109975,0.101992,0.044574,0.993786,0,0.42936,0.21946,25.761,0.439,-1,425.000,-1,425.000,-1,350.000,350.000,300.000,325.000,-1,-1,-1,-1,1000.000,1000.000,-1,-1,2,0,2,0,2,0,0,0,0,2,2,2,2,0,0,2,2
252,26.452,7752.822,257.500,-104.152,-0.247544,0.968717,-0.017593,-0.963593,-0.244259,0.108746,0.101047,0.043872,0.993914,0,0.42726,0.22519,25.636,0.450,-1,425.000,-1,425.000,-1,350.000,350.000,300.000,325.000,-1,-1,-1,-1,1000.000,1000.000,-1,-1,2,0,2,0,2,0,0,0,0,2,2,2,2,0,0,2,2
253,20.409,7728.018,259.825,-103.690,-0.239675,0.970686,-0.018006,-0.965679,-0.236444,0.107505,0.100096,0.043154,0.994041,0,0.42549,0.23110,25.530,0.462,-1,425.000,-1,425.000,-1,350.000,325.000,300.000,325.000,-1,-1,-1,-1,975.000,1000.000,-1,-1,2,0,2,0,2,0,0,0,0,2,2,2,2,0,0,2,2
254,13.346,7698.523,262.600,-103.468,-0.235868,0.971611,-0.018406,-0.966758,-0.232682,0.106008,0.098716,0.042798,0.994195,0,0.50549,0.11110,30.330,0.222,-1,425.000,-1,425.000,-1,350.000,325.000,300.000,325.000,-1,-1,-1,-1,975.000,1000.000,-1,-1,2,0,2,0,2,0,0,0,0,2,2,2,2,0,0,2,2
255,5.153,7664.363,265.822,-103.485,-0.236136,0.971538,-0.018815,-0.966876,-0.232983,0.104258,0.096907,0.042811,0.994372,0,0.58549,-0.00890,35.130,-0.018,-1,425.000,-1,425.000,-1,325.000,325.000,300.000,300.000,-1,-1,-1,-1,975.000,1000.000,-1,-1,2,0,2,0,2,0,0,0,0,2,2,2,2,0,0,2,2
256,-4.333,7625.577,269.487,-103.743,-0.240478,0.970464,-0.019265,-0.966027,-0.237348,0.102259,0.094666,0.043201,0.994571,0,0.66549,-0.12890,39.930,-0.258,-1,425.000,-1,425.000,-1,325.000,325.000,300.000,300.000,-1,-1,-1,-1,975.000,1000.000,-1,-1,2,0,2,0,2,0,0,0,0,2,2,2,2,0,0,2,2
257,-14.216,7586.475,273.151,-104.186,-0.247949,0.968571,-0.019804,-0.964375,-0.244826,0.100206,0.092208,0.043944,0.994770,0,0.67219,-0.22118,40.332,-0.442,-1,425.000,-1,400.000,-1,325.000,325.000,300.000,300.000,-1,-1,-1,-1,975.000,975.000,-1,-1,2,0,2,0,2,0,0,0,0,2,2,2,2,0,0,2,2
258,-24.429,7547.285,276.731,-104.607,-0.255057,0.966708,-0.020536,-0.962762,-0.251933,0.098081,0.089642,0.044787,0.994967,0,0.67500,-0.21068,40.500,-0.421,-1,425.000,-1,400.000,-1,325.000,325.000,325.000,300.000,-1,-1,-1,-1,950.000,975.000,-1,-1,2,0,2,0,2,0,0,0,0,2,2,2,2,0,0,2,2
259,-34.963,7507.988,280.314,-105.007,-0.261788,0.964890,-0.021319,-0.961190,-0.258664,0.095948,0.087065,0.045610,0.995158,0,0.67807,-0.19997,40.684,-0.400,-1,425.000,-1,400.000,-1,325.000,325.000,325.000,300.000,-1,-1,-1,-1,950.000,975.000,-1,-1,2,0,2,0,2,0,0,0,0,2,2,2,2,0,0,2,2
260,-45.810,7468.569,283.902,-105.385,-0.268136,0.963126,-0.022153,-0.959670,-0.265016,0.093805,0.084475,0.046412,0.995344,0,0.68141,-0.18904,40.885,-0.378,-1,425.000,-1,400.000,-1,325.000,325.000,325.000,300.000,-1,-1,-1,-1,950.000,975.000,-1,-1,2,0,2,0,2,0,0,0,0,2,2,2,2,0,0,2,2
261,-56.959,7429.010,287.496,-105.741,-0.274094,0.961427,-0.023035,-0.958212,-0.270982,0.091650,0.081872,0.047193,0.995525,0,0.68502,-0.17789,41.101,-0.356,-1,425.000,-1,400.000,-1,325.000,325.000,325.000,300.000,-1,-1,-1,-1,950.000,975.000,-1,-1,2,0,2,0,2,0,0,0,0,2,2,2,2,0,0,2,2
262,-68.403,7389.292,291.098,-106.074,-0.279657,0.959801,-0.023963,-0.956823,-0.276555,0.089481,0.079257,0.047952,0.995700,0,0.68890,-0.16652,41.334,-0.333,-1,425.000,-1,400.000,-1,325.000,325.000,325.000,300.000,-1,-1,-1,-1,950.000,950.000,-1,-1,2,0,2,0,2,0,0,0,0,2,2,2,2,0,0,2,2
263,-80.132,7349.398,294.712,-106.384,-0.284818,0.958257,-0.024935,-0.955514,-0.281731,0.087296,0.076627,0.048689,0.995870,0,0.69305,-0.15492,41.583,-0.310,-1,425.000,-1,425.000,-1,325.000,325.000,325.000,300.000,-1,-1,-1,-1,925.000,950.000,-1,-1,2,0,2,0,2,0,0,0,0,2,2,2,2,0,0,2,2
264,-92.136,7309.309,298.300,-106.670,-0.289564,0.956812,-0.025770,-0.954286,-0.286506,0.085166,0.074104,0.049253,0.996033,0,0.69747,-0.14308,41.848,-0.286,-1,425.000,-1,425.000,-1,325.000,325.000,325.000,300.000,-1,-1,-1,-1,925.000,950.000,-1,-1,2,0,2,0,2,0,0,0,0,2,2,2,2,0,0,2,2
265,-105.928,7264.746,301.851,-107.196,-0.298208,0.954174,-0.024967,-0.951793,-0.295291,0.083028,0.071851,0.048523,0.996234,0,0.77747,-0.26308,46.648,-0.526,-1,425.000,-1,425.000,-1,325.000,325.000,325.000,325.000,-1,-1,-1,-1,925.000,950.000,-1,-1,2,0,2,0,2,0,0,0,0,2,2,2,2,0,0,2,2
266,-121.796,7215.806,305.452,-107.962,-0.310717,0.950214,-0.023431,-0.948044,-0.308047,0.079492,0.068317,0.046913,0.996560,0,0.85747,-0.38308,51.448,-0.766,-1,425.000,-1,425.000,-1,325.000,325.000,300.000,325.000,-1,-1,-1,-1,900.000,950.000,-1,-1,2,0,2,0,2,0,0,0,0,2,2,2,2,0,0,2,2
267,-138.703,7166.619,309.024,-108.968,-0.327151,0.944714,-0.022076,-0.942769,-0.324705,0.075855,0.064493,0.045628,0.996874,0,0.86686,-0.50308,52.012,-1.006,-1,425.000,-1,425.000,-1,325.000,325.000,300.000,325.000,-1,-1,-1,-1,900.000,950.000,-1,-1,2,0,2,0,2,0,0,0,0,2,2,2,2,0,0,2,2
268,-156.830,7117.391,312.156,-110.214,-0.347541,0.937409,-0.021912,-0.935646,-0.345166,0.073675,0.061500,0.046107,0.997042,0,0.87432,-0.62308,52.459,-1.246,-1,425.000,-1,425.000,-1,325.000,325.000,300.000,325.000,-1,-1,-1,-1,875.000,950.000,-1,-1,2,0,2,0,2,0,0,0,0,2,2,2,2,0,0,2,2
269,-176.399,7068.213,314.922,-111.701,-0.371713,0.928057,-0.023239,-0.926559,-0.369328,0.071307,0.057594,0.048038,0.997184,0,0.88214,-0.74308,52.928,-1.486,-1,400.000,-1,425.000,-1,325.000,325.000,300.000,325.000,-1,-1,-1,-1,875.000,950.000,-1,-1,2,0,2,0,2,0,0,0,0,2,2,2,2,0,0,2,2
270,-197.632,7019.206,317.552,-113.427,-0.399478,0.916398,-0.025123,-0.915200,-0.397067,0.068892,0.053157,0.050514,0.997308,0,0.89016,-0.86308,53.409,-1.726,-1,400.000,-1,425.000,-1,325.000,325.000,300.000,325.000,-1,-1,-1,-1,875.000,925.000,-1,-1,2,0,2,0,2,0,0,0,0,2,2,2,2,0,0,2,2
271,-220.743,6970.517,320.113,-115.393,-0.430649,0.902109,-0.027226,-0.901220,-0.428214,0.066592,0.048415,0.053214,0.997409,0,0.89826,-0.98308,53.895,-1.966,-1,400.000,-1,425.000,-1,325.000,325.000,300.000,325.000,-1,-1,-1,-1,850.000,925.000,-1,-1,2,0,2,0,2,0,0,0,0,2,2,2,2,0,0,2,2
272,-245.760,6922.235,322.598,-117.393,-0.461816,0.886484,-0.029538,-0.885906,-0.459369,0.064422,0.043540,0.055919,0.997486,0,0.90630,-1.00000,54.378,-2.000,-1,400.000,-1,425.000,-1,325.000,325.000,300.000,325.000,-1,-1,-1,-1,850.000,900.000,-1,-1,2,0,2,0,2,0,0,0,0,2,2,2,2,0,0,2,2
273,-273.699,6872.635,325.074,-119.393,-0.492401,0.869774,-0.032164,-0.869517,-0.489949,0.062376,0.038494,0.058681,0.997534,0,0.94878,-1.00000,56.927,-2.000,-1,400.000,-1,425.000,-1,325.000,325.000,300.000,325.000,-1,-1,-1,-1,850.000,900.000,-1,-1,2,0,2,0,2,0,0,0,0,2,2,2,2,0,0,2,2
274,-303.654,6823.543,327.358,-121.393,-0.522385,0.851985,-0.035155,-0.852046,-0.519907,0.060949,0.033650,0.061792,0.997522,0,0.95848,-1.00000,57.509,-2.000,-1,400.000,-1,425.000,-1,325.000,325.000,325.000,300.000,-1,-1,-1,-1,850.000,875.000,-1,-1,2,0,2,0,2,0,0,0,0,2,2,2,2,0,0,2,2
275,-335.593,6775.067,329.530,-123.381,-0.551542,0.833266,-0.038324,-0.833651,-0.549046,0.059793,0.028782,0.064927,0.997475,0,0.96752,-0.99419,58.051,-1.988,950.000,400.000,-1,400.000,-1,325.000,325.000,325.000,300.000,-1,-1,-1,-1,850.000,875.000,-1,-1,1,0,2,0,2,0,0,0,0,2,2,2,2,0,0,2,2
276,-369.459,6727.305,331.108,-125.339,-0.579584,0.813957,-0.039456,-0.814528,-0.577145,0.058715,0.025019,0.066168,0.997495,0,0.97583,-0.97887,58.550,-1.958,900.000,400.000,-1,400.000,-1,325.000,325.000,325.000,300.000,-1,-1,-1,-1,850.000,875.000,-1,-1,1,0,2,0,2,0,0,0,0,2,2,2,2,0,0,2,2
277,-405.133,6680.430,332.223,-127.273,-0.606560,0.794025,-0.040126,-0.794774,-0.604286,0.056328,0.020479,0.066057,0.997606,0,0.98175,-0.96685,58.905,-1.934,875.000,400.000,-1,400.000,-1,325.000,325.000,325.000,300.000,-1,-1,-1,-1,850.000,875.000,-1,-1,1,0,2,0,2,0,0,0,0,2,2,2,2,0,0,2,2
278,-442.467,6634.644,333.153,-129.192,-0.632652,0.773352,-0.040964,-0.774275,-0.630558,0.053807,0.015782,0.065758,0.997711,0,0.98462,-0.95983,59.077,-1.920,825.000,400.000,-1,400.000,-1,325.000,325.000,300.000,300.000,-1,-1,-1,-1,825.000,850.000,-1,-1,1,0,2,0,2,0,0,0,0,2,2,2,2,1,0,2,2
279,-481.383,6590.031,333.883,-131.097,-0.657831,0.751996,-0.041970,-0.753087,-0.655933,0.051107,0.010903,0.065227,0.997811,0,0.98667,-0.95223,59.200,-1.904,800.000,400.000,-1,400.000,-1,325.000,325.000,300.000,300.000,-1,-1,-1,-1,825.000,850.000,-1,-1,1,0,2,0,2,0,0,0,0,2,2,2,2,1,0,2,2
280,-521.795,6546.673,334.474,-132.985,-0.682081,0.729999,-0.043205,-0.731251,-0.680377,0.048562,0.006055,0.064717,0.997885,0,0.98784,-0.94410,59.270,-1.888,800.000,400.000,-1,400.000,-1,325.000,325.000,300.000,300.000,-1,-1,-1,-1,800.000,850.000,-1,-1,1,0,2,0,2,0,0,0,0,2,2,2,2,0,0,2,2
281,-563.612,6504.647,334.925,-134.856,-0.705383,0.707418,-0.044649,-0.708825,-0.703870,0.046192,0.001250,0.064231,0.997934,0,0.98808,-0.93549,59.285,-1.871,800.000,400.000,-1,400.000,-1,325.000,325.000,300.000,300.000,-1,-1,-1,-1,800.000,825.000,-1,-1,1,0,2,0,2,0,0,0,0,2,2,2,2,0,0,2,2
282,-606.733,6464.025,334.949,-136.709,-0.727738,0.684263,-0.046708,-0.685848,-0.726349,0.045052,-0.003098,0.064820,0.997892,0,0.98735,-0.92647,59.241,-1.853,-1,400.000,-1,400.000,-1,325.000,325.000,300.000,300.000,-1,-1,-1,-1,800.000,825.000,-1,-1,2,0,2,0,2,0,0,0,0,2,2,2,2,0,0,2,2
283,-651.055,6424.871,334.657,-138.543,-0.749122,0.660609,-0.049120,-0.662394,-0.747816,0.044787,-0.007146,0.066088,0.997788,0,0.98565,-0.91711,59.139,-1.834,-1,400.000,-1,400.000,-1,325.000,325.000,300.000,300.000,-1,-1,-1,-1,800.000,825.000,-1,-1,2,0,2,0,2,0,0,0,0,2,2,2,2,0,0,2,2
284,-696.472,6387.242,334.239,-140.358,-0.769519,0.636538,-0.051573,-0.638526,-0.768300,0.044710,-0.011164,0.067336,0.997668,0,0.98298,-0.90753,58.979,-1.815,-1,400.000,-1,400.000,-1,325.000,325.000,300.000,300.000,-1,-1,-1,-1,775.000,800.000,-1,-1,2,0,2,0,2,0,0,0,0,2,2,2,2,0,0,2,2
285,-742.875,6351.188,333.698,-142.154,-0.788931,0.612100,-0.054051,-0.614295,-0.787802,0.044821,-0.015147,0.068565,0.997532,0,0.97937,-0.89782,58.762,-1.796,-1,400.000,-1,400.000,-1,325.000,325.000,300.000,300.000,-1,-1,-1,-1,775.000,800.000,-1,-1,2,0,2,0,2,0,0,0,0,2,2,2,2,0,0,2,2
286,-790.157,6316.748,332.715,-143.930,-0.807437,0.587391,-0.054932,-0.589678,-0.806402,0.044682,-0.018052,0.068471,0.997490,0,0.97490,-0.88811,58.494,-1.776,-1,400.000,-1,400.000,-1,325.000,325.000,300.000,300.000,-1,-1,-1,-1,775.000,800.000,-1,-1,2,0,2,0,2,0,0,0,0,2,2,2,2,0,0,2,2
287,-838.217,6283.958,331.585,-145.695,-0.825063,0.562290,-0.055686,-0.564657,-0.824121,0.044584,-0.020823,0.068229,0.997452,0,0.96967,-0.88230,58.180,-1.765,-1,400.000,-1,400.000,-1,325.000,325.000,300.000,300.000,-1,-1,-1,-1,775.000,800.000,-1,-1,2,0,2,0,2,0,0,0,0,2,2,2,2,0,0,2,2
288,-883.097,6255.057,330.323,-147.219,-0.839672,0.540191,-0.056070,-0.542598,-0.838832,0.044142,-0.023188,0.067489,0.997451,0,0.88967,-0.76230,53.380,-1.525,-1,400.000,-1,400.000,-1,325.000,325.000,300.000,300.000,-1,-1,-1,-1,775.000,775.000,-1,-1,2,0,2,0,2,0,0,0,0,2,2,2,2,0,0,2,2
289,-924.915,6229.436,329.015,-148.504,-0.851518,0.521284,-0.056398,-0.523713,-0.850786,0.043442,-0.025337,0.066528,0.997463,0,0.81736,-0.64230,49.042,-1.285,-1,400.000,-1,400.000,-1,325.000,325.000,300.000,300.000,-1,-1,-1,-1,775.000,775.000,-1,-1,2,0,2,0,2,0,0,0,0,2,2,2,2,0,0,2,2
290,-966.915,6204.745,327.663,-149.548,-0.860831,0.505715,-0.056768,-0.508164,-0.860197,0.042784,-0.027195,0.065677,0.997470,0,0.81199,-0.52230,48.719,-1.045,-1,400.000,-1,400.000,-1,325.000,325.000,300.000,300.000,-1,-1,-1,-1,775.000,775.000,-1,-1,2,0,2,0,2,0,0,0,0,2,2,2,2,0,0,2,2
291,-1008.989,6180.799,326.279,-150.353,-0.867803,0.493610,-0.057167,-0.496076,-0.867255,0.042163,-0.028766,0.064949,0.997474,0,0.80686,-0.40230,48.411,-0.805,-1,400.000,-1,400.000,-1,325.000,325.000,300.000,300.000,-1,-1,-1,-1,750.000,775.000,-1,-1,2,0,2,0,2,0,0,0,0,2,2,2,2,0,0,2,2
292,-1051.123,6157.545,324.839,-151.105,-0.874154,0.482209,-0.057695,-0.484700,-0.873690,0.041620,-0.030338,0.064347,0.997466,0,0.80207,-0.37581,48.124,-0.752,-1,400.000,-1,400.000,-1,325.000,325.000,300.000,300.000,-1,-1,-1,-1,750.000,775.000,-1,-1,2,0,2,0,2,0,0,0,0,2,2,2,2,0,0,2,2
293,-1093.310,6134.979,323.366,-151.856,-0.880357,0.470723,-0.058242,-0.473239,-0.879974,0.041114,-0.031898,0.063757,0.997456,0,0.79737,-0.37587,47.842,-0.752,-1,400.000,-1,400.000,-1,325.000,325.000,300.000,300.000,-1,-1,-1,-1,750.000,775.000,-1,-1,2,0,2,0,2,0,0,0,0,2,2,2,2,0,0,2,2
294,-1135.542,6113.097,321.864,-152.609,-0.886415,0.459142,-0.058796,-0.461681,-0.886114,0.040639,-0.033441,0.063168,0.997443,0,0.79273,-0.37629,47.564,-0.753,-1,400.000,-1,400.000,-1,325.000,325.000,300.000,300.000,-1,-1,-1,-1,750.000,775.000,-1,-1,2,0,2,0,2,0,0,0,0,2,2,2,2,0,0,2,2
295,-1177.816,6091.895,320.283,-153.363,-0.892340,0.447451,-0.059308,-0.450019,-0.892104,0.040416,-0.034825,0.062755,0.997421,0,0.78821,-0.37706,47.293,-0.754,-1,400.000,-1,400.000,-1,325.000,325.000,300.000,300.000,-1,-1,-1,-1,725.000,775.000,-1,-1,2,0,2,0,2,0,0,0,0,2,2,2,2,0,0,2,2
296,-1220.131,6071.366,318.620,-154.119,-0.898134,0.435642,-0.059766,-0.438243,-0.897945,0.040468,-0.036037,0.062538,0.997392,0,0.78386,-0.37817,47.032,-0.756,-1,400.000,-1,400.000,-1,325.000,325.000,300.000,300.000,-1,-1,-1,-1,725.000,775.000,-1,-1,2,0,2,0,2,0,0,0,0,2,2,2,2,0,0,2,2
297,-1262.491,6051.504,316.928,-154.879,-0.903794,0.423711,-0.060217,-0.426346,-0.903651,0.040546,-0.037236,0.062319,0.997361,0,0.77974,-0.37962,46.784,-0.759,-1,400.000,-1,400.000,-1,325.000,325.000,300.000,300.000,-1,-1,-1,-1,725.000,750.000,-1,-1,2,0,2,0,2,0,0,0,0,2,2,2,2,0,0,2,2
298,-1306.646,6031.287,315.145,-155.398,-0.907565,0.415506,-0.060672,-0.418174,-0.907457,0.040659,-0.038163,0.062272,0.997329,0,0.80939,-0.25962,48.563,-0.519,-1,400.000,-1,400.000,-1,325.000,325.000,300.000,300.000,-1,-1,-1,-1,725.000,750.000,-1,-1,2,0,2,0,2,0,0,0,0,2,2,2,2,0,0,2,2
299,-1350.720,6011.365,313.356,-155.677,-0.909551,0.411075,-0.061105,-0.413776,-0.909464,0.040789,-0.038805,0.062384,0.997298,0,0.80612,-0.13962,48.367,-0.279,-1,400.000,-1,400.000,-1,325.000,325.000,300.000,300.000,-1,-1,-1,-1,725.000,750.000,-1,-1,2,0,2,0,2,0,0,0,0,2,2,2,2,0,0,2,2
