timestep,x_cm,y_cm,z_cm,yaw_deg,teleport_flag,throttle_cmd,steering_cmd,cmd_move_cm,cmd_turn_deg,lidar_cm_0,lidar_cm_1,lidar_cm_2,lidar_cm_3,lidar_cm_4,lidar_cm_5,lidar_cm_6,lidar_cm_7,lidar_cm_8,lidar_cm_9,lidar_cm_10,lidar_cm_11,lidar_cm_12,lidar_cm_13,lidar_cm_14,lidar_cm_15,lidar_cm_16,lidar_class_0,lidar_class_1,lidar_class_2,lidar_class_3,lidar_class_4,lidar_class_5,lidar_class_6,lidar_class_7,lidar_class_8,lidar_class_9,lidar_class_10,lidar_class_11,lidar_class_12,lidar_class_13,lidar_class_14,lidar_class_15,lidar_class_16
0,17825.250,3738.051,283.656,95.970,1,0.08000,-0.02152,9.600,-0.194,-1,375.000,-1,425.000,-1,325.000,325.000,300.000,325.000,825.000,0.000,0.000,-1,750.000,900.000,-1,-1,2,0,2,0,2,0,0,0,0,0,0,0,2,0,0,2,2
2,17820.543,3785.819,288.874,95.537,0,0.24000,-0.02538,28.800,-0.228,-1,400.000,-1,425.000,-1,325.000,325.000,300.000,325.000,900.000,0.000,0.000,-1,775.000,-1,-1,-1,2,0,2,0,2,0,0,0,0,0,0,0,2,0,2,2,2
4,17812.869,3871.877,298.369,94.954,0,0.40000,-0.03524,48.000,-0.317,-1,400.000,-1,425.000,-1,325.000,325.000,300.000,325.000,-1,50.000,50.000,-1,775.000,-1,-1,-1,2,0,2,0,2,0,0,0,0,2,0,0,2,0,2,2,2
6,17803.487,3996.323,312.291,94.092,0,0.56000,-0.05290,67.200,-0.476,-1,400.000,-1,425.000,-1,325.000,350.000,300.000,325.000,-1,175.000,175.000,-1,-1,-1,-1,-1,2,0,2,0,2,0,0,0,0,2,0,0,2,2,2,2,2
8,17795.998,4132.587,327.799,92.790,0,0.57010,-0.07919,68.412,-0.713,-1,425.000,-1,450.000,-1,350.000,350.000,300.000,325.000,-1,325.000,300.000,-1,-1,-1,-1,-1,2,0,2,0,2,0,0,0,0,2,0,0,2,2,2,2,2
10,17792.505,4270.954,343.670,90.953,0,0.57935,-0.11006,69.522,-0.991,-1,375.000,-1,425.000,-1,325.000,325.000,300.000,325.000,-1,725.000,675.000,-1,-1,-1,-1,-1,2,0,2,0,2,0,0,0,0,2,0,0,2,2,2,2,2
12,17794.543,4412.210,356.872,88.545,0,0.59142,-0.14028,70.971,-1.262,-1,575.000,-1,575.000,-1,400.000,400.000,300.000,300.000,-1,900.000,825.000,-1,-1,-1,-1,-1,2,0,2,0,2,0,0,0,0,2,0,0,2,2,2,2,2
14,17805.014,4563.357,371.407,84.940,0,0.67142,-0.26028,80.571,-2.342,-1,800.000,-1,700.000,-1,525.000,525.000,300.000,300.000,-1,-1,-1,-1,-1,-1,-1,-1,2,0,2,0,2,0,0,0,0,2,2,2,2,2,2,2,2
16,17839.415,4744.043,389.693,77.015,0,0.78252,-0.50028,93.903,-4.502,-1,-1,-1,800.000,-1,650.000,625.000,300.000,300.000,-1,-1,-1,-1,-1,-1,-1,-1,2,2,2,0,2,0,0,0,0,2,2,2,2,2,2,2,2
18,17905.300,4919.717,408.483,66.917,0,0.78252,-0.56098,93.903,-5.049,-1,400.000,-1,375.000,-1,325.000,300.000,300.000,425.000,-1,-1,-1,-1,750.000,675.000,-1,-1,2,0,2,0,2,0,0,0,0,2,2,2,2,0,0,2,2
20,18000.966,5081.119,396.281,56.820,0,0.78252,-0.56098,93.903,-5.049,-1,375.000,-1,375.000,-1,300.000,300.000,325.000,375.000,-1,-1,-1,-1,725.000,675.000,-1,-1,2,0,2,0,2,0,0,0,0,2,2,2,2,0,0,2,2
22,18123.447,5223.248,388.533,46.722,0,0.78252,-0.56098,93.903,-5.049,-1,375.000,-1,375.000,-1,300.000,300.000,300.000,350.000,-1,-1,-1,-1,725.000,700.000,-1,-1,2,0,2,0,2,0,0,0,0,2,2,2,2,0,0,2,2
24,18268.950,5341.701,385.567,36.624,0,0.78252,-0.56098,93.903,-5.049,-1,375.000,-1,375.000,-1,300.000,300.000,325.000,325.000,-1,475.000,-1,-1,700.000,700.000,-1,-1,2,0,2,0,2,0,0,0,0,2,0,2,2,0,0,2,2
26,18432.968,5432.809,387.150,26.527,0,0.78252,-0.56098,93.903,-5.049,-1,375.000,-1,375.000,-1,300.000,325.000,325.000,325.000,-1,550.000,500.000,-1,700.000,-1,-1,-1,2,0,2,0,2,0,0,0,0,2,0,0,2,0,2,2,2
28,18610.419,5493.748,392.959,16.429,0,0.78252,-0.56098,93.903,-5.049,-1,375.000,-1,400.000,-1,325.000,325.000,325.000,300.000,-1,750.000,625.000,-1,-1,-1,-1,-1,2,0,2,0,2,0,0,0,0,2,0,0,2,2,2,2,2
30,18795.805,5522.633,402.570,6.331,0,0.78252,-0.56098,93.903,-5.049,-1,-1,-1,-1,-1,-1,-1,325.000,300.000,-1,-1,800.000,-1,-1,-1,-1,-1,2,2,2,2,2,2,2,0,0,2,2,0,2,2,2,2,2
32,18898.500,5518.566,409.611,-3.766,0,0.78252,-0.56098,93.903,-5.049,-1,-1,-1,-1,-1,-1,-1,300.000,300.000,-1,-1,-1,-1,-1,-1,-1,-1,2,2,2,2,2,2,2,0,0,2,2,2,2,2,2,2,2
34,18898.500,5488.615,411.859,-10.624,0,0.78252,-0.32098,93.903,-2.889,-1,-1,-1,-1,-1,-1,-1,300.000,300.000,-1,-1,-1,-1,-1,-1,-1,-1,2,2,2,2,2,2,2,0,0,2,2,2,2,2,2,2,2
36,18898.500,5442.041,415.355,-14.753,0,0.86252,-0.25780,103.503,-2.320,-1,-1,-1,-1,-1,-1,-1,300.000,300.000,-1,-1,-1,-1,-1,-1,-1,-1,2,2,2,2,2,2,2,0,0,2,2,2,2,2,2,2,2
38,18898.500,5369.956,420.765,-22.634,0,0.86260,-0.49780,103.512,-4.480,-1,-1,-1,-1,-1,-1,-1,300.000,325.000,-1,-1,-1,-1,-1,-1,-1,-1,2,2,2,2,2,2,2,0,0,2,2,2,2,2,2,2,2
40,18898.500,5261.355,428.916,-32.674,0,0.92148,-0.49780,110.578,-4.480,-1,-1,-1,-1,-1,-1,-1,300.000,375.000,-1,-1,-1,-1,-1,-1,-1,-1,2,2,2,2,2,2,2,0,0,2,2,2,2,2,2,2,2
42,18898.500,5127.566,438.957,-38.394,0,0.92148,-0.25780,110.578,-2.320,-1,-1,-1,-1,-1,-1,-1,300.000,450.000,-1,-1,-1,-1,-1,-1,-1,-1,2,2,2,2,2,2,2,0,0,2,2,2,2,2,2,2,2
44,18898.500,4983.686,449.756,-44.061,0,0.84148,-0.25481,100.978,-2.293,-1,-1,-1,-1,-1,-1,-1,300.000,525.000,-1,-1,-1,-1,-1,-1,-1,-1,2,2,2,2,2,2,2,0,0,2,2,2,2,2,2,2,2
46,18898.500,4860.528,449.450,-45.408,0,0.68148,-0.01481,81.778,-0.133,-1,-1,-1,400.000,-1,-1,325.000,-1,300.000,-1,-1,-1,-1,-1,-1,-1,-1,2,2,2,0,2,2,0,2,0,2,2,2,2,2,2,2,2
48,18898.500,4754.794,440.251,-42.434,0,0.68148,0.22519,81.778,2.027,-1,-1,-1,400.000,-1,-1,325.000,-1,300.000,-1,-1,-1,-1,-1,-1,-1,-1,2,2,2,0,2,2,0,2,0,2,2,2,2,2,2,2,2
50,18898.500,4635.917,429.910,-37.045,0,0.84148,0.26553,100.978,2.390,-1,-1,-1,400.000,-1,-1,325.000,375.000,300.000,-1,-1,-1,-1,-1,-1,-1,-1,2,2,2,0,2,2,0,0,0,2,2,2,2,2,2,2,2
52,18898.500,4514.414,419.339,-33.345,0,0.93401,0.26553,112.081,2.390,-1,-1,-1,-1,-1,-1,-1,325.000,325.000,-1,-1,-1,-1,-1,-1,-1,-1,2,2,2,2,2,2,2,0,0,2,2,2,2,2,2,2,2
54,18898.500,4410.641,410.312,-25.326,0,0.93401,0.50553,112.081,4.550,-1,-1,-1,-1,-1,-1,-1,300.000,325.000,-1,-1,-1,-1,-1,-1,-1,-1,2,2,2,2,2,2,2,0,0,2,2,2,2,2,2,2,2
56,18898.500,4346.090,404.696,-15.146,0,0.85401,0.50553,102.481,4.550,-1,-1,-1,-1,-1,-1,-1,300.000,325.000,-1,-1,-1,-1,-1,-1,-1,-1,2,2,2,2,2,2,2,0,0,2,2,2,2,2,2,2,2
58,18898.500,4313.853,401.891,-9.287,0,0.69401,0.26553,83.281,2.390,-1,-1,-1,-1,-1,-1,-1,300.000,325.000,-1,-1,-1,-1,-1,-1,-1,-1,2,2,2,2,2,2,2,0,0,2,2,2,2,2,2,2,2
60,18898.500,4292.402,400.025,-7.747,0,0.69401,0.02553,83.281,0.230,-1,-1,-1,-1,-1,-1,-1,300.000,325.000,-1,-1,-1,-1,-1,-1,-1,-1,2,2,2,2,2,2,2,0,0,2,2,2,2,2,2,2,2
62,18898.500,4275.697,398.571,-4.047,0,0.76193,0.26553,91.431,2.390,-1,-1,-1,-1,-1,-1,-1,300.000,350.000,-1,-1,-1,-1,-1,-1,-1,-1,2,2,2,2,2,2,2,0,0,2,2,2,2,2,2,2,2
64,18898.500,4266.909,397.807,-2.508,0,0.84193,0.02553,101.031,0.230,-1,-1,-1,-1,-1,-1,-1,300.000,350.000,-1,-1,-1,-1,-1,-1,-1,-1,2,2,2,2,2,2,2,0,0,2,2,2,2,2,2,2,2
66,18898.500,4251.622,396.477,-4.569,0,0.92151,-0.13460,110.581,-1.211,-1,-1,-1,-1,-1,-1,-1,300.000,350.000,-1,-1,-1,-1,-1,-1,-1,-1,2,2,2,2,2,2,2,0,0,2,2,2,2,2,2,2,2
68,18898.500,4232.158,394.124,-5.912,0,0.84151,-0.13460,100.981,-1.211,-1,-1,-1,-1,-1,-1,-1,325.000,300.000,-1,-1,-1,-1,-1,-1,-1,-1,2,2,2,2,2,2,2,0,0,2,2,2,2,2,2,2,2
70,18898.500,4197.727,390.402,-11.575,0,0.83568,-0.37460,100.282,-3.371,-1,-1,-1,-1,-1,-1,-1,325.000,300.000,-1,-1,-1,-1,-1,-1,-1,-1,2,2,2,2,2,2,2,0,0,2,2,2,2,2,2,2,2
72,18898.500,4136.275,383.756,-19.398,0,0.84724,-0.37460,101.669,-3.371,-1,-1,-1,-1,-1,-1,-1,325.000,300.000,-1,-1,-1,-1,-1,-1,-1,-1,2,2,2,2,2,2,2,0,0,2,2,2,2,2,2,2,2
74,18898.500,4059.138,375.415,-22.900,0,0.84724,-0.13460,101.669,-1.211,-1,-1,-1,-1,-1,-1,-1,325.000,300.000,-1,-1,-1,-1,-1,-1,-1,-1,2,2,2,2,2,2,2,0,0,2,2,2,2,2,2,2,2
76,18898.500,3981.556,367.026,-24.243,0,0.76724,-0.13460,92.069,-1.211,-1,-1,-1,-1,-1,-1,-1,325.000,275.000,-1,-1,-1,-1,-1,-1,-1,-1,2,2,2,2,2,2,2,0,0,2,2,2,2,2,2,2,2
78,18898.500,3907.749,359.045,-29.906,0,0.61785,-0.37460,74.142,-3.371,-1,-1,-1,-1,-1,-1,-1,300.000,275.000,-1,-1,-1,-1,-1,-1,-1,-1,2,2,2,2,2,2,2,0,0,2,2,2,2,2,2,2,2
80,18898.500,3814.664,348.978,-37.729,0,0.69785,-0.37460,83.742,-3.371,-1,-1,-1,350.000,-1,-1,300.000,300.000,250.000,-1,-1,-1,-1,-1,-1,-1,-1,2,2,2,0,2,2,0,0,0,2,2,2,2,2,2,2,2
82,18898.500,3686.791,335.150,-41.231,0,0.85785,-0.13460,102.942,-1.211,-1,-1,-1,325.000,775.000,-1,275.000,300.000,250.000,-1,-1,-1,-1,-1,-1,-1,-1,2,2,2,0,0,2,0,0,0,2,2,2,2,2,2,2,2
84,18898.500,3543.217,323.643,-41.594,0,0.85785,0.03983,102.942,0.358,-1,-1,-1,425.000,-1,-1,350.000,250.000,300.000,-1,0.000,150.000,-1,-1,-1,-1,-1,2,2,2,0,2,2,0,0,0,2,0,0,2,2,2,2,2
86,18898.500,3431.886,318.565,-37.637,0,0.69785,0.27983,83.742,2.518,-1,-1,-1,425.000,-1,-1,-1,250.000,300.000,-1,275.000,550.000,-1,-1,-1,-1,-1,2,2,2,0,2,2,2,0,0,2,0,0,2,2,2,2,2
88,18898.500,3348.953,314.783,-31.521,0,0.66041,0.27983,79.249,2.518,-1,-1,-1,-1,-1,-1,-1,275.000,300.000,-1,-1,-1,-1,-1,-1,-1,-1,2,2,2,2,2,2,2,0,0,2,2,2,2,2,2,2,2
90,18898.500,3269.938,311.180,-29.724,0,0.66041,0.03983,79.249,0.358,-1,-1,-1,-1,-1,-1,-1,275.000,275.000,-1,-1,-1,-1,-1,-1,-1,-1,2,2,2,2,2,2,2,0,0,2,2,2,2,2,2,2,2
92,18898.500,3194.838,307.755,-30.087,0,0.58086,0.03983,69.703,0.358,-1,-1,-1,-1,-1,-1,-1,275.000,275.000,-1,-1,-1,-1,-1,-1,-1,-1,2,2,2,2,2,2,2,0,0,2,2,2,2,2,2,2,2
94,18898.500,3130.723,304.831,-26.130,0,0.58086,0.27983,69.703,2.518,-1,-1,-1,-1,-1,-1,-1,275.000,275.000,-1,-1,-1,-1,-1,-1,-1,-1,2,2,2,2,2,2,2,0,0,2,2,2,2,2,2,2,2
96,18898.500,3071.677,302.138,-22.173,0,0.66086,0.27983,79.303,2.518,-1,-1,-1,-1,-1,-1,-1,300.000,275.000,-1,-1,-1,-1,-1,-1,-1,-1,2,2,2,2,2,2,2,0,0,2,2,2,2,2,2,2,2
98,18898.500,3016.114,299.605,-16.056,0,0.82086,0.27983,98.503,2.518,-1,-1,-1,-1,-1,-1,-1,300.000,300.000,-1,-1,-1,-1,-1,-1,-1,-1,2,2,2,2,2,2,2,0,0,2,2,2,2,2,2,2,2
100,18898.500,2963.826,297.221,-14.259,0,0.84608,0.03983,101.529,0.358,-1,-1,-1,-1,-1,-1,-1,300.000,300.000,-1,-1,-1,-1,-1,-1,-1,-1,2,2,2,2,2,2,2,0,0,2,2,2,2,2,2,2,2
102,18898.500,2919.156,295.433,-11.833,0,0.84608,0.19474,101.529,1.753,-1,-1,-1,-1,-1,-1,-1,275.000,300.000,-1,-1,-1,-1,-1,-1,-1,-1,2,2,2,2,2,2,2,0,0,2,2,2,2,2,2,2,2
104,18898.500,2895.119,294.521,-5.088,0,0.76608,0.43474,91.929,3.913,-1,-1,-1,-1,-1,-1,-1,300.000,300.000,-1,-1,-1,-1,-1,-1,-1,-1,2,2,2,2,2,2,2,0,0,2,2,2,2,2,2,2,2
106,18898.500,2895.473,294.536,2.213,0,0.71689,0.46564,86.026,4.191,-1,-1,-1,-1,-1,-1,-1,300.000,300.000,-1,-1,-1,-1,-1,-1,-1,-1,2,2,2,2,2,2,2,0,0,2,2,2,2,2,2,2,2
108,18898.500,2925.112,295.662,13.835,0,0.64240,0.70564,77.088,6.351,-1,-1,-1,-1,-1,-1,-1,300.000,325.000,-1,-1,-1,-1,-1,-1,-1,-1,2,2,2,2,2,2,2,0,0,2,2,2,2,2,2,2,2
110,18898.500,2980.831,298.001,23.296,0,0.64240,0.46564,77.088,4.191,-1,-1,-1,-1,-1,-1,-1,325.000,300.000,-1,-1,-1,-1,-1,-1,-1,-1,2,2,2,2,2,2,2,0,0,2,2,2,2,2,2,2,2
112,18898.500,3059.241,301.578,30.598,0,0.72240,0.46564,86.688,4.191,-1,350.000,-1,-1,-1,-1,-1,325.000,325.000,-1,-1,525.000,-1,-1,-1,-1,-1,2,0,2,2,2,2,2,0,0,2,2,0,2,2,2,2,2
114,18898.500,3172.135,306.727,42.220,0,0.74790,0.70564,89.747,6.351,825.000,350.000,-1,-1,-1,300.000,-1,325.000,325.000,-1,500.000,400.000,-1,-1,-1,825.000,-1,0,0,2,2,2,0,2,0,0,2,0,0,2,2,2,0,2
116,18898.500,3312.973,313.150,53.841,0,0.77080,0.70564,92.496,6.351,800.000,325.000,-1,-1,-1,275.000,275.000,325.000,-1,-1,400.000,375.000,-1,550.000,-1,775.000,-1,0,0,2,2,2,0,0,0,2,2,0,0,2,0,2,0,2
118,18898.500,3475.499,320.562,64.019,0,0.77080,0.54530,92.496,4.908,700.000,300.000,-1,325.000,-1,250.000,275.000,300.000,-1,-1,400.000,450.000,-1,500.000,-1,675.000,-1,0,0,2,0,2,0,0,0,2,2,0,0,2,0,2,0,2
120,18898.500,3652.231,331.408,73.204,0,0.78597,0.45024,94.317,4.052,-1,400.000,-1,400.000,-1,325.000,325.000,300.000,-1,-1,0.000,0.000,-1,825.000,-1,-1,-1,2,0,2,0,2,0,0,0,2,2,0,0,2,0,2,2,2
122,18898.500,3836.095,351.290,78.068,0,0.78597,0.21024,94.317,1.892,-1,400.000,-1,400.000,-1,325.000,325.000,300.000,-1,-1,100.000,75.000,-1,-1,-1,-1,-1,2,0,2,0,2,0,0,0,2,2,0,0,2,2,2,2,2
124,18898.500,4026.510,371.880,78.612,0,0.83195,-0.02976,99.834,-0.268,-1,425.000,-1,425.000,-1,350.000,325.000,300.000,-1,-1,275.000,275.000,-1,-1,-1,-1,-1,2,0,2,0,2,0,0,0,2,2,0,0,2,2,2,2,2
126,18898.500,4223.338,393.163,81.317,0,0.83195,0.21024,99.834,1.892,-1,450.000,-1,425.000,-1,350.000,350.000,300.000,-1,-1,475.000,475.000,-1,-1,-1,-1,-1,2,0,2,0,2,0,0,0,2,2,0,0,2,2,2,2,2
128,18898.500,4414.437,410.637,86.181,0,0.76637,0.21024,91.964,1.892,-1,550.000,-1,500.000,-1,375.000,375.000,300.000,-1,-1,975.000,-1,-1,-1,-1,-1,-1,2,0,2,0,2,0,0,0,2,2,0,2,2,2,2,2,2
130,18898.500,4598.088,426.615,86.725,0,0.76637,-0.02976,91.964,-0.268,-1,700.000,-1,625.000,-1,500.000,475.000,300.000,-1,-1,-1,-1,-1,-1,-1,-1,-1,2,0,2,0,2,0,0,0,2,2,2,2,2,2,2,2,2
132,18898.500,4790.947,443.393,85.109,0,0.84637,-0.02976,101.564,-0.268,-1,900.000,-1,750.000,-1,600.000,575.000,300.000,-1,-1,-1,-1,-1,-1,-1,-1,-1,2,0,2,0,2,0,0,0,2,2,2,2,2,2,2,2,2
134,18898.500,5019.508,447.068,85.654,0,0.98348,-0.02976,118.018,-0.268,-1,400.000,-1,375.000,-1,325.000,325.000,300.000,-1,-1,-1,-1,-1,825.000,725.000,-1,-1,2,0,2,0,2,0,0,0,2,2,2,2,2,0,0,2,2
136,18898.500,5245.435,430.111,86.756,0,0.90348,0.12004,108.418,1.080,-1,400.000,-1,375.000,-1,325.000,325.000,300.000,-1,-1,-1,-1,-1,850.000,725.000,-1,-1,2,0,2,0,2,0,0,0,2,2,2,2,2,0,0,2,2
138,18894.660,5449.401,414.559,92.157,0,0.85024,0.36004,102.029,3.240,-1,425.000,-1,400.000,-1,325.000,325.000,300.000,-1,-1,-1,-1,-1,875.000,775.000,-1,-1,2,0,2,0,2,0,0,0,2,2,2,2,2,0,0,2,2
140,18860.173,5660.017,395.724,101.878,0,0.93024,0.60004,111.629,5.400,-1,400.000,-1,400.000,-1,325.000,325.000,300.000,-1,-1,-1,-1,-1,850.000,800.000,-1,-1,2,0,2,0,2,0,0,0,2,2,2,2,2,0,0,2,2
142,18782.276,5873.440,372.132,112.776,0,0.94771,0.60545,113.726,5.449,-1,400.000,-1,400.000,-1,325.000,325.000,300.000,300.000,-1,-1,-1,-1,850.000,800.000,-1,-1,2,0,2,0,2,0,0,0,0,2,2,2,2,0,0,2,2
144,18665.434,6068.287,346.317,123.674,0,0.94771,0.60545,113.726,5.449,-1,425.000,-1,425.000,-1,325.000,350.000,300.000,300.000,-1,-1,-1,-1,775.000,775.000,-1,-1,2,0,2,0,2,0,0,0,0,2,2,2,2,0,0,2,2
146,18513.861,6237.528,319.285,134.572,0,0.94771,0.60545,113.726,5.449,-1,400.000,-1,425.000,-1,325.000,350.000,300.000,325.000,-1,-1,-1,-1,700.000,750.000,-1,-1,2,0,2,0,2,0,0,0,0,2,2,2,2,0,0,2,2
148,18333.024,6375.061,290.213,145.470,0,0.94771,0.60545,113.726,5.449,-1,350.000,-1,375.000,-1,300.000,300.000,300.000,300.000,-1,-1,-1,-1,625.000,625.000,-1,-1,2,0,2,0,2,0,0,0,0,2,2,2,2,0,0,2,2
150,18129.446,6475.923,263.018,156.368,0,0.94771,0.60545,113.726,5.449,-1,350.000,-1,325.000,900.000,275.000,275.000,300.000,300.000,-1,-1,-1,-1,600.000,575.000,-1,925.000,2,0,2,0,0,0,0,0,0,2,2,2,2,0,0,2,0
152,17910.470,6536.478,243.160,167.267,0,0.94771,0.60545,113.726,5.449,-1,400.000,-1,375.000,-1,325.000,300.000,300.000,275.000,-1,125.000,100.000,-1,800.000,675.000,-1,-1,2,0,2,0,2,0,0,0,0,2,0,0,2,0,0,2,2
154,17683.995,6554.540,230.929,178.165,0,0.94771,0.60545,113.726,5.449,-1,400.000,-1,375.000,-1,325.000,325.000,300.000,300.000,-1,300.000,350.000,-1,850.000,700.000,-1,-1,2,0,2,0,2,0,0,0,0,2,0,0,2,0,0,2,2
156,17458.189,6529.459,222.679,189.063,0,0.94771,0.60545,113.726,5.449,-1,425.000,-1,400.000,-1,325.000,325.000,300.000,300.000,-1,625.000,725.000,-1,800.000,775.000,-1,-1,2,0,2,0,2,0,0,0,0,2,0,0,2,0,0,2,2
158,17240.436,6462.258,217.151,199.820,0,0.95148,0.59377,114.177,5.344,-1,400.000,-1,400.000,-1,325.000,325.000,275.000,300.000,-1,-1,-1,-1,725.000,775.000,-1,-1,2,0,2,0,2,0,0,0,0,2,2,2,2,0,0,2,2
160,17038.830,6356.188,214.064,210.390,0,0.94929,0.58602,113.915,5.274,-1,350.000,-1,400.000,-1,300.000,325.000,275.000,300.000,-1,-1,-1,-1,650.000,750.000,-1,-1,2,0,2,0,2,0,0,0,0,2,2,2,2,0,0,2,2
162,16860.866,6215.557,213.921,220.971,0,0.94522,0.58940,113.427,5.305,-1,400.000,-1,400.000,-1,325.000,325.000,300.000,250.000,-1,-1,150.000,-1,725.000,750.000,-1,-1,2,0,2,0,2,0,0,0,0,2,2,0,2,0,0,2,2
164,16712.231,6044.314,223.296,231.754,0,0.94681,0.60302,113.617,5.427,-1,375.000,-1,400.000,-1,325.000,325.000,300.000,300.000,-1,450.000,250.000,-1,700.000,750.000,-1,-1,2,0,2,0,2,0,0,0,0,2,0,0,2,0,0,2,2
166,16598.384,5847.703,237.308,242.652,0,0.94771,0.60545,113.726,5.449,-1,375.000,-1,375.000,-1,300.000,300.000,300.000,300.000,-1,500.000,375.000,-1,-1,700.000,-1,-1,2,0,2,0,2,0,0,0,0,2,0,0,2,2,0,2,2
168,16523.761,5633.113,255.595,253.550,0,0.94771,0.60545,113.726,5.449,-1,350.000,-1,375.000,-1,300.000,300.000,300.000,300.000,-1,600.000,525.000,-1,-1,925.000,-1,-1,2,0,2,0,2,0,0,0,0,2,0,0,2,2,0,2,2
170,16487.520,5437.879,276.769,261.208,0,0.78771,0.36545,94.526,3.289,-1,650.000,-1,475.000,-1,400.000,375.000,300.000,300.000,-1,375.000,375.000,-1,-1,-1,-1,-1,2,0,2,0,2,0,0,0,0,2,0,0,2,2,2,2,2
172,16471.157,5272.259,296.553,265.337,0,0.67936,0.21339,81.524,1.921,-1,975.000,-1,650.000,-1,550.000,500.000,300.000,300.000,-1,525.000,525.000,-1,-1,-1,-1,-1,2,0,2,0,2,0,0,0,0,2,0,0,2,2,2,2,2
174,16466.087,5109.314,316.689,269.178,0,0.67936,0.21339,81.524,1.921,-1,-1,-1,850.000,-1,700.000,650.000,325.000,300.000,-1,700.000,700.000,-1,-1,-1,-1,-1,2,2,2,0,2,0,0,0,0,2,0,0,2,2,2,2,2
176,16472.019,4943.090,337.883,272.960,0,0.70499,0.20714,84.599,1.864,-1,-1,-1,-1,-1,925.000,875.000,325.000,325.000,-1,850.000,875.000,-1,-1,-1,-1,-1,2,2,2,2,2,0,0,0,0,2,0,0,2,2,2,2,2
178,16489.382,4766.195,329.796,276.437,0,0.75254,0.18759,90.305,1.688,-1,450.000,-1,375.000,1000.000,350.000,325.000,300.000,300.000,-1,-1,-1,-1,1000.000,725.000,-1,950.000,2,0,2,0,1,0,0,0,0,2,2,2,2,0,0,2,1
180,16518.002,4579.462,315.980,279.408,0,0.79852,0.15660,95.823,1.409,-1,450.000,-1,400.000,775.000,350.000,350.000,300.000,300.000,-1,-1,-1,-1,925.000,700.000,-1,775.000,2,0,2,0,1,0,0,0,0,2,2,2,2,0,1,2,1
182,16556.546,4383.958,300.700,281.656,0,0.84046,0.11323,100.855,1.019,-1,450.000,-1,425.000,600.000,375.000,350.000,275.000,300.000,-1,-1,-1,-1,825.000,600.000,-1,600.000,2,0,2,0,1,0,0,0,0,2,2,2,2,0,1,2,1
184,16602.286,4180.906,281.143,282.948,0,0.87549,0.05690,105.058,0.512,850.000,375.000,-1,350.000,375.000,325.000,325.000,250.000,275.000,-1,-1,-1,-1,625.000,450.000,875.000,375.000,0,0,2,1,1,0,1,0,0,2,2,2,2,0,1,0,1
186,16650.986,3971.726,255.728,283.049,0,0.90037,-0.01258,108.045,-0.113,525.000,325.000,-1,275.000,200.000,275.000,275.000,225.000,275.000,-1,-1,-1,-1,500.000,375.000,525.000,200.000,0,0,2,1,1,0,1,0,0,2,2,2,2,0,1,0,1
188,16696.945,3758.282,228.083,281.725,0,0.91160,-0.09495,109.392,-0.855,225.000,250.000,-1,225.000,25.000,225.000,250.000,200.000,275.000,-1,-1,-1,-1,400.000,325.000,225.000,25.000,0,0,2,1,1,0,0,0,0,2,2,2,2,0,1,0,1
190,16733.337,3543.352,204.403,278.757,0,0.90577,-0.18909,108.693,-1.702,-1,375.000,-1,250.000,0.000,300.000,325.000,300.000,75.000,-1,0.000,0.000,600.000,650.000,350.000,-1,0.000,2,0,2,1,1,0,0,0,1,2,0,0,0,0,1,2,1
192,11254.944,18892.423,-168.295,-140.724,1,0.08000,0.12000,9.600,1.080,-1,375.000,-1,375.000,-1,300.000,300.000,325.000,325.000,-1,-1,-1,-1,700.000,675.000,-1,-1,2,0,2,0,2,0,0,0,0,2,2,2,2,0,0,2,2
194,11220.070,18859.467,-171.089,-135.324,0,0.24000,0.36000,28.800,3.240,-1,375.000,-1,375.000,-1,300.000,300.000,325.000,325.000,-1,-1,-1,-1,725.000,675.000,-1,-1,2,0,2,0,2,0,0,0,0,2,2,2,2,0,0,2,2
196,11164.872,18793.053,-175.471,-128.133,0,0.40000,0.39955,48.000,3.596,-1,375.000,-1,375.000,-1,325.000,300.000,325.000,325.000,-1,-1,-1,-1,750.000,675.000,-1,-1,2,0,2,0,2,0,0,0,0,2,2,2,2,0,0,2,2
198,11097.685,18687.955,-180.669,-120.924,0,0.56000,0.40093,67.200,3.608,-1,375.000,-1,375.000,-1,300.000,300.000,325.000,300.000,-1,-1,-1,-1,750.000,650.000,-1,-1,2,0,2,0,2,0,0,0,0,2,2,2,2,0,0,2,2
200,11027.780,18540.575,-186.241,-113.663,0,0.72000,0.40438,86.400,3.639,-1,400.000,-1,375.000,-1,325.000,300.000,325.000,300.000,-1,-1,-1,-1,800.000,700.000,-1,-1,2,0,2,0,2,0,0,0,0,2,2,2,2,0,0,2,2
202,10970.768,18366.690,-190.589,-106.325,0,0.76697,0.40841,92.036,3.676,-1,400.000,-1,375.000,-1,325.000,325.000,300.000,300.000,-1,-1,-1,-1,825.000,775.000,-1,-1,2,0,2,0,2,0,0,0,0,2,2,2,2,0,0,2,2
204,10932.946,18175.668,-193.397,-99.937,0,0.85107,0.29486,102.129,2.654,-1,425.000,-1,400.000,-1,350.000,325.000,300.000,300.000,-1,-1,-1,-1,850.000,825.000,-1,-1,2,0,2,0,2,0,0,0,0,2,2,2,2,0,0,2,2
206,10905.618,17971.206,-196.451,-96.867,0,0.86215,0.16632,103.458,1.497,-1,400.000,-1,400.000,-1,325.000,325.000,300.000,300.000,-1,-1,-1,-1,750.000,750.000,-1,-1,2,0,2,0,2,0,0,0,0,2,2,2,2,0,0,2,2
208,10889.404,17763.307,-201.060,-93.632,0,0.87110,0.18422,104.532,1.658,-1,400.000,-1,400.000,-1,325.000,325.000,300.000,300.000,-1,-1,-1,-1,750.000,750.000,-1,-1,2,0,2,0,2,0,0,0,0,2,2,2,2,0,0,2,2
210,10885.830,17552.999,-205.033,-90.061,0,0.87815,0.20327,105.378,1.829,950.000,375.000,-1,375.000,-1,300.000,300.000,300.000,325.000,-1,-1,-1,-1,700.000,725.000,-1,-1,1,0,2,0,2,0,0,0,0,2,2,2,2,0,0,2,2
212,10896.410,17341.656,-208.073,-86.129,0,0.88284,0.22357,105.941,2.012,875.000,400.000,-1,400.000,-1,325.000,325.000,300.000,350.000,-1,-1,-1,-1,675.000,750.000,-1,-1,1,0,2,0,2,0,0,0,0,2,2,2,2,0,0,2,2
214,10922.575,17131.060,-208.655,-81.815,0,0.88465,0.24516,106.158,2.206,725.000,375.000,-1,375.000,-1,300.000,300.000,300.000,350.000,-1,-1,-1,-1,625.000,700.000,-1,-1,1,0,2,0,2,0,0,0,0,2,2,2,2,0,0,2,2
216,10965.567,16923.423,-208.782,-77.096,0,0.88308,0.26795,105.970,2.412,575.000,350.000,-1,350.000,-1,275.000,300.000,300.000,350.000,-1,-1,-1,-1,575.000,650.000,825.000,-1,1,0,2,0,2,0,0,1,0,2,2,2,2,0,0,0,2
218,11026.309,16721.361,-208.281,-71.954,0,0.87783,0.29159,105.339,2.624,-1,350.000,-1,400.000,-1,300.000,300.000,275.000,350.000,-1,0.000,25.000,-1,625.000,750.000,-1,-1,2,0,2,0,2,0,0,1,0,2,0,0,2,0,0,2,2
220,11104.920,16527.653,-199.824,-66.544,0,0.86879,0.30318,104.255,2.729,925.000,350.000,-1,375.000,-1,300.000,300.000,250.000,350.000,-1,125.000,125.000,-1,625.000,725.000,-1,-1,1,0,2,0,2,0,0,1,0,2,0,0,2,0,0,2,2
222,11200.517,16344.949,-189.153,-60.974,0,0.85604,0.31125,102.725,2.801,825.000,375.000,-1,375.000,-1,300.000,300.000,225.000,325.000,-1,225.000,225.000,-1,650.000,725.000,-1,-1,1,0,2,0,2,0,0,1,0,2,0,0,2,0,0,2,2
224,11311.679,16175.512,-176.096,-55.304,0,0.84067,0.31598,100.880,2.844,700.000,375.000,-1,375.000,-1,300.000,300.000,225.000,325.000,-1,325.000,275.000,-1,675.000,750.000,-1,-1,1,0,2,0,2,0,0,1,0,2,0,0,2,0,0,2,2
226,11457.253,16008.805,-159.061,-46.376,0,0.92543,0.55598,111.051,5.004,525.000,375.000,-1,375.000,-1,300.000,300.000,225.000,325.000,-1,400.000,375.000,-1,625.000,725.000,725.000,-1,1,0,2,0,2,0,0,1,0,2,0,0,2,1,0,1,2
228,11634.091,15876.936,-140.230,-33.128,0,0.92047,0.79598,110.456,7.164,350.000,325.000,-1,375.000,-1,300.000,300.000,225.000,325.000,-1,450.000,500.000,-1,500.000,750.000,400.000,-1,1,1,2,0,2,1,0,1,0,2,0,0,2,1,0,1,2
230,11841.570,15799.889,-120.809,-15.885,0,0.92752,1.00000,111.303,9.000,150.000,250.000,-1,350.000,-1,225.000,275.000,200.000,325.000,-1,675.000,-1,-1,325.000,700.000,175.000,-1,1,1,2,1,2,1,1,1,0,2,0,2,2,1,0,1,2
232,6392.948,2158.703,-38.064,144.568,1,0.00000,0.00000,120.000,9.000,-1,425.000,-1,325.000,600.000,325.000,300.000,350.000,250.000,-1,200.000,225.000,-1,850.000,600.000,-1,850.000,2,0,2,0,0,0,0,0,0,2,0,0,2,0,0,2,0
234,6368.774,2174.349,-36.541,147.808,0,0.16000,0.24000,19.200,2.160,-1,425.000,-1,350.000,700.000,325.000,300.000,350.000,250.000,-1,200.000,250.000,-1,900.000,600.000,-1,-1,2,0,2,0,0,0,0,0,0,2,0,0,2,0,0,2,2
236,6309.494,2205.963,-32.703,153.058,0,0.32000,0.29272,38.400,2.634,-1,450.000,-1,375.000,950.000,350.000,325.000,350.000,225.000,-1,200.000,300.000,-1,1000.000,675.000,-1,-1,2,0,2,0,0,0,0,0,0,2,0,0,2,0,0,2,2
238,6212.163,2246.849,-26.869,158.453,0,0.48000,0.30283,57.600,2.725,-1,400.000,-1,325.000,725.000,300.000,275.000,325.000,250.000,-1,950.000,-1,-1,775.000,575.000,-1,925.000,2,0,2,0,0,0,0,0,0,2,0,2,2,0,0,2,0
240,6074.633,2289.371,-22.969,164.183,0,0.64000,0.32472,76.800,2.923,-1,400.000,-1,350.000,825.000,300.000,300.000,300.000,225.000,-1,-1,-1,-1,825.000,625.000,-1,-1,2,0,2,0,0,0,0,0,0,2,2,2,2,0,0,2,2
242,5895.670,2324.224,-16.819,170.529,0,0.80000,0.36338,96.000,3.270,-1,400.000,-1,400.000,-1,325.000,325.000,250.000,300.000,925.000,-1,-1,-1,775.000,775.000,-1,-1,2,0,2,0,2,0,0,0,0,0,2,2,2,0,0,2,2
244,5689.920,2338.761,-11.529,177.842,0,0.86722,0.42221,104.066,3.800,-1,400.000,-1,400.000,-1,350.000,325.000,250.000,300.000,-1,-1,-1,-1,750.000,750.000,-1,-1,2,0,2,0,2,0,0,0,0,2,2,2,2,0,0,2,2
246,5480.381,2325.019,-10.142,185.722,0,0.87547,0.43777,105.057,3.940,-1,375.000,-1,375.000,-1,300.000,325.000,250.000,300.000,-1,-1,-1,-1,625.000,650.000,-1,-1,2,0,2,0,2,0,0,0,0,2,2,2,2,0,0,2,2
248,5274.705,2282.680,-12.810,193.602,0,0.87547,0.43777,105.057,3.940,-1,375.000,-1,350.000,850.000,300.000,300.000,300.000,250.000,-1,-1,-1,-1,675.000,625.000,-1,-1,2,0,2,0,0,0,0,0,0,2,2,2,2,0,0,2,2
250,5076.775,2212.544,-15.812,201.482,0,0.87547,0.43777,105.057,3.940,-1,350.000,-1,350.000,875.000,300.000,275.000,300.000,250.000,-1,-1,-1,-1,650.000,600.000,-1,-1,2,0,2,0,0,0,0,0,0,2,2,2,2,0,0,2,2
252,4890.330,2115.934,-19.301,209.361,0,0.87547,0.43777,105.057,3.940,-1,400.000,-1,400.000,-1,325.000,325.000,275.000,275.000,-1,0.000,25.000,-1,750.000,750.000,-1,-1,2,0,2,0,2,0,0,0,0,2,0,0,2,0,0,2,2
254,4709.910,1998.270,-18.222,214.001,0,0.89760,0.19777,107.712,1.780,-1,400.000,-1,400.000,-1,325.000,325.000,300.000,300.000,-1,225.000,225.000,-1,775.000,725.000,-1,-1,2,0,2,0,2,0,0,0,0,2,0,0,2,0,0,2,2
256,4532.399,1876.219,-17.425,214.321,0,0.89760,-0.04223,107.712,-0.380,-1,400.000,-1,375.000,-1,325.000,325.000,300.000,300.000,-1,425.000,450.000,-1,775.000,725.000,-1,-1,2,0,2,0,2,0,0,0,0,2,0,0,2,0,0,2,2
258,4348.555,1763.170,-15.860,210.321,0,0.90135,-0.28223,108.162,-2.540,-1,400.000,-1,375.000,-1,325.000,325.000,300.000,300.000,-1,600.000,675.000,-1,775.000,675.000,-1,-1,2,0,2,0,2,0,0,0,0,2,0,0,2,0,0,2,2
260,4150.625,1673.599,-11.684,202.001,0,0.90679,-0.52223,108.815,-4.700,-1,400.000,-1,375.000,-1,325.000,325.000,300.000,300.000,-1,600.000,650.000,-1,725.000,675.000,-1,-1,2,0,2,0,2,0,0,0,0,2,0,0,2,0,0,2,2
262,3939.391,1625.620,-4.209,189.360,0,0.90251,-0.76223,108.301,-6.860,-1,375.000,-1,350.000,-1,300.000,300.000,300.000,325.000,-1,800.000,825.000,-1,625.000,650.000,-1,-1,2,0,2,0,2,0,0,0,0,2,0,0,2,0,0,2,2
264,3724.259,1635.849,6.523,173.155,0,0.90190,-0.91832,108.228,-8.265,-1,325.000,-1,350.000,-1,275.000,275.000,300.000,325.000,-1,975.000,975.000,-1,600.000,675.000,-1,-1,2,0,2,0,2,0,0,0,0,2,0,0,2,0,0,2,2
266,3522.415,1706.358,22.542,156.580,0,0.89064,-0.92286,106.877,-8.306,-1,400.000,-1,400.000,-1,325.000,325.000,300.000,300.000,-1,200.000,75.000,-1,875.000,925.000,-1,-1,2,0,2,0,2,0,0,0,0,2,0,0,2,0,0,2,2
268,3356.531,1823.651,41.453,140.919,0,0.80822,-0.81001,96.987,-7.290,-1,425.000,-1,400.000,-1,325.000,325.000,300.000,300.000,-1,725.000,525.000,-1,-1,950.000,-1,-1,2,0,2,0,2,0,0,0,0,2,0,0,2,2,0,2,2
270,3234.424,1966.566,57.332,127.034,0,0.78627,-0.77414,94.352,-6.967,-1,450.000,-1,400.000,-1,350.000,325.000,325.000,300.000,-1,-1,-1,-1,-1,875.000,-1,-1,2,0,2,0,2,0,0,0,0,2,2,2,2,2,0,2,2
272,3150.136,2135.010,70.786,113.099,0,0.78627,-0.77414,94.352,-6.967,-1,450.000,-1,375.000,975.000,350.000,325.000,325.000,300.000,-1,-1,-1,-1,-1,750.000,-1,-1,2,0,2,0,0,0,0,0,0,2,2,2,2,2,0,2,2
274,3108.892,2318.795,81.475,99.165,0,0.78627,-0.77414,94.352,-6.967,-1,475.000,-1,375.000,700.000,350.000,325.000,325.000,275.000,-1,-1,-1,-1,-1,650.000,-1,-1,2,0,2,0,0,0,0,0,0,2,2,2,2,2,0,2,2
276,3113.120,2507.103,90.663,85.230,0,0.78627,-0.77414,94.352,-6.967,-1,425.000,-1,350.000,725.000,325.000,300.000,350.000,300.000,-1,500.000,-1,-1,950.000,575.000,-1,675.000,2,0,2,0,0,0,0,0,0,2,0,2,2,0,0,2,0
278,3162.570,2688.852,98.317,71.296,0,0.78627,-0.77414,94.352,-6.967,-1,375.000,-1,325.000,-1,300.000,275.000,350.000,325.000,-1,200.000,325.000,-1,750.000,550.000,-1,-1,2,0,2,0,2,0,0,0,0,2,0,0,2,0,0,2,2
280,3254.333,2853.343,106.314,57.361,0,0.78627,-0.77414,94.352,-6.967,-1,350.000,-1,350.000,-1,275.000,275.000,350.000,350.000,-1,125.000,175.000,-1,650.000,650.000,-1,-1,2,0,2,0,2,0,0,0,0,2,0,0,2,0,0,2,2
282,3383.007,2990.896,115.917,43.427,0,0.78627,-0.77414,94.352,-6.967,-1,350.000,-1,425.000,-1,300.000,325.000,375.000,350.000,-1,100.000,75.000,-1,800.000,925.000,-1,-1,2,0,2,0,2,0,0,0,0,2,0,0,2,0,0,2,2
284,3541.019,3093.415,127.414,29.492,0,0.78627,-0.77414,94.352,-6.967,-1,450.000,-1,525.000,-1,375.000,400.000,350.000,350.000,-1,175.000,75.000,950.000,-1,-1,-1,-1,2,0,2,0,2,0,0,0,0,2,0,0,0,2,2,2,2
286,3719.069,3154.865,130.793,15.557,0,0.78627,-0.77414,94.352,-6.967,-1,400.000,-1,400.000,-1,325.000,325.000,325.000,300.000,-1,-1,-1,-1,750.000,750.000,-1,-1,2,0,2,0,2,0,0,0,0,2,2,2,2,0,0,2,2
288,3906.677,3171.630,124.618,1.623,0,0.78627,-0.77414,94.352,-6.967,-1,400.000,-1,400.000,-1,325.000,325.000,325.000,300.000,-1,-1,-1,-1,775.000,750.000,-1,-1,2,0,2,0,2,0,0,0,0,2,2,2,2,0,0,2,2
290,4092.801,3142.722,113.169,-12.312,0,0.78627,-0.77414,94.352,-6.967,-1,400.000,-1,375.000,-1,325.000,325.000,300.000,300.000,-1,-1,-1,-1,750.000,725.000,-1,-1,2,0,2,0,2,0,0,0,0,2,2,2,2,0,0,2,2
292,4266.487,3069.845,97.076,-26.246,0,0.78627,-0.77414,94.352,-6.967,-1,400.000,-1,375.000,-1,325.000,300.000,300.000,300.000,-1,-1,-1,-1,700.000,700.000,-1,-1,2,0,2,0,2,0,0,0,0,2,2,2,2,0,0,2,2
294,4417.511,2957.286,77.540,-40.181,0,0.78627,-0.77414,94.352,-6.967,-1,375.000,-1,375.000,-1,300.000,300.000,300.000,300.000,-1,-1,-1,-1,650.000,650.000,-1,-1,2,0,2,0,2,0,0,0,0,2,2,2,2,0,0,2,2
296,4536.985,2811.671,57.356,-54.116,0,0.78627,-0.77414,94.352,-6.967,-1,375.000,-1,375.000,-1,325.000,325.000,300.000,300.000,-1,-1,-1,-1,650.000,650.000,-1,-1,2,0,2,0,2,0,0,0,0,2,2,2,2,0,0,2,2
298,4617.877,2641.570,36.414,-68.050,0,0.78627,-0.77414,94.352,-6.967,950.000,350.000,-1,350.000,-1,300.000,300.000,300.000,300.000,-1,-1,-1,-1,600.000,600.000,900.000,1000.000,0,0,2,0,2,0,0,0,0,2,2,2,2,0,0,0,0
299,4642.269,2550.425,25.999,-75.017,0,0.78627,-0.77414,94.352,-6.967,800.000,350.000,-1,325.000,975.000,275.000,275.000,275.000,300.000,-1,-1,-1,-1,575.000,575.000,800.000,925.000,0,0,2,0,0,0,0,0,0,2,2,2,2,0,0,0,0
