timestep,x_cm,y_cm,z_cm,yaw_deg,basis_xx,basis_xy,basis_xz,basis_yx,basis_yy,basis_yz,basis_zx,basis_zy,basis_zz,teleport_flag,throttle_cmd,steering_cmd,cmd_move_cm,cmd_turn_deg,lidar_cm_0,lidar_cm_1,lidar_cm_2,lidar_cm_3,lidar_cm_4,lidar_cm_5,lidar_cm_6,lidar_cm_7,lidar_cm_8,lidar_cm_9,lidar_cm_10,lidar_cm_11,lidar_cm_12,lidar_cm_13,lidar_cm_14,lidar_cm_15,lidar_cm_16,lidar_class_0,lidar_class_1,lidar_class_2,lidar_class_3,lidar_class_4,lidar_class_5,lidar_class_6,lidar_class_7,lidar_class_8,lidar_class_9,lidar_class_10,lidar_class_11,lidar_class_12,lidar_class_13,lidar_class_14,lidar_class_15,lidar_class_16
0,5580.191,7542.658,-287.214,-6.742,0.993084,0.117383,-0.002314,-0.117405,0.992971,-0.014971,0.000540,0.015139,0.999885,1,0.08000,-0.12000,4.800,-0.240,-1,400.000,-1,375.000,-1,325.000,300.000,325.000,325.000,-1,550.000,625.000,-1,750.000,700.000,-1,-1,2,0,2,0,2,0,0,0,0,2,0,0,2,0,0,2,2
1,5589.715,7541.451,-287.208,-7.222,0.992065,0.125698,-0.002594,-0.125723,0.991956,-0.014730,0.000722,0.014940,0.999888,0,0.16000,-0.24000,9.600,-0.480,-1,400.000,-1,375.000,-1,325.000,300.000,325.000,325.000,-1,550.000,625.000,-1,750.000,700.000,-1,-1,2,0,2,0,2,0,0,0,0,2,0,0,2,0,0,2,2
2,5603.976,7539.462,-287.202,-7.942,0.990406,0.138154,-0.003016,-0.138183,0.990303,-0.014361,0.001003,0.014640,0.999892,0,0.24000,-0.36000,14.400,-0.720,-1,400.000,-1,375.000,-1,325.000,300.000,325.000,325.000,-1,525.000,600.000,-1,750.000,700.000,-1,-1,2,0,2,0,2,0,0,0,0,2,0,0,2,0,0,2,2
3,5622.953,7536.540,-287.197,-8.754,0.988347,0.152174,-0.003580,-0.152209,0.988251,-0.013863,0.001428,0.014246,0.999897,0,0.32000,-0.40597,19.200,-0.812,-1,400.000,-1,375.000,-1,325.000,300.000,325.000,325.000,-1,525.000,600.000,-1,750.000,725.000,-1,-1,2,0,2,0,2,0,0,0,0,2,0,0,2,0,0,2,2
4,5646.619,7532.552,-287.195,-9.563,0.986096,0.166122,-0.004284,-0.166165,0.986009,-0.013234,0.002026,0.013761,0.999903,0,0.40000,-0.40475,24.000,-0.809,-1,400.000,-1,375.000,-1,325.000,300.000,325.000,325.000,-1,525.000,575.000,-1,750.000,725.000,-1,-1,2,0,2,0,2,0,0,0,0,2,0,0,2,0,0,2,2
5,5674.949,7527.368,-287.195,-10.370,0.983655,0.179993,-0.005130,-0.180044,0.983580,-0.012468,0.002802,0.013188,0.999909,0,0.48000,-0.40347,28.800,-0.807,-1,400.000,-1,375.000,-1,325.000,325.000,300.000,325.000,-1,525.000,575.000,-1,750.000,725.000,-1,-1,2,0,2,0,2,0,0,0,0,2,0,0,2,0,0,2,2
6,5707.912,7520.856,-287.196,-11.175,0.981025,0.193787,-0.006117,-0.193847,0.980964,-0.011561,0.003760,0.012527,0.999914,0,0.56000,-0.40225,33.600,-0.805,-1,400.000,-1,375.000,-1,325.000,325.000,300.000,325.000,-1,525.000,575.000,-1,750.000,725.000,-1,-1,2,0,2,0,2,0,0,0,0,2,0,0,2,0,0,2,2
7,5745.461,7512.890,-287.194,-11.977,0.978206,0.207509,-0.007241,-0.207578,0.978162,-0.010506,0.004903,0.011780,0.999919,0,0.63974,-0.40125,38.385,-0.803,-1,400.000,-1,375.000,-1,325.000,325.000,300.000,325.000,-1,500.000,550.000,-1,750.000,725.000,-1,-1,2,0,2,0,2,0,0,0,0,2,0,0,2,0,0,2,2
8,5782.813,7504.419,-287.188,-12.779,0.975200,0.221169,-0.008357,-0.221244,0.975173,-0.009425,0.006065,0.011040,0.999921,0,0.63835,-0.40062,38.301,-0.801,-1,400.000,-1,375.000,-1,325.000,325.000,300.000,325.000,-1,475.000,525.000,-1,750.000,750.000,-1,-1,2,0,2,0,2,0,0,0,0,2,0,0,2,0,0,2,2
9,5819.961,7495.446,-287.176,-13.580,0.972002,0.234783,-0.009464,-0.234862,0.971993,-0.008318,0.007246,0.010308,0.999921,0,0.63693,-0.40052,38.216,-0.801,-1,400.000,-1,375.000,-1,325.000,325.000,300.000,325.000,-1,450.000,500.000,-1,750.000,750.000,-1,-1,2,0,2,0,2,0,0,0,0,2,0,0,2,0,0,2,2
10,5861.585,7484.593,-286.949,-14.614,0.967597,0.252288,-0.010316,-0.252373,0.967597,-0.007982,0.007968,0.010326,0.999915,0,0.71693,-0.51709,43.016,-1.034,-1,400.000,-1,400.000,-1,325.000,325.000,300.000,300.000,-1,450.000,500.000,-1,775.000,750.000,-1,-1,2,0,2,0,2,0,0,0,0,2,0,0,2,0,0,2,2
11,5907.629,7471.694,-286.659,-15.650,0.962864,0.269750,-0.011332,-0.269843,0.962874,-0.007695,0.008835,0.010467,0.999906,0,0.79693,-0.51826,47.816,-1.037,-1,400.000,-1,400.000,-1,325.000,325.000,300.000,300.000,-1,450.000,500.000,-1,775.000,750.000,-1,-1,2,0,2,0,2,0,0,0,0,2,0,0,2,0,0,2,2
12,5958.028,7456.582,-286.319,-16.691,0.957793,0.287194,-0.012319,-0.287294,0.957815,-0.007220,0.009725,0.010455,0.999898,0,0.87693,-0.52037,52.616,-1.041,-1,400.000,-1,400.000,-1,325.000,325.000,300.000,300.000,-1,475.000,500.000,-1,775.000,775.000,-1,-1,2,0,2,0,2,0,0,0,0,2,0,0,2,0,0,2,2
13,6009.017,7440.271,-285.833,-17.738,0.952381,0.304654,-0.012476,-0.304747,0.952412,-0.006358,0.009946,0.009857,0.999902,0,0.89225,-0.52363,53.535,-1.047,-1,400.000,-1,400.000,-1,325.000,325.000,300.000,300.000,-1,500.000,550.000,-1,800.000,775.000,-1,-1,2,0,2,0,2,0,0,0,0,2,0,0,2,0,0,2,2
14,6059.639,7423.044,-285.467,-18.794,0.946607,0.322153,-0.012366,-0.322242,0.946639,-0.005963,0.009785,0.009629,0.999906,0,0.89121,-0.52792,53.473,-1.056,-1,400.000,-1,400.000,-1,325.000,325.000,300.000,300.000,-1,550.000,575.000,-1,800.000,775.000,-1,-1,2,0,2,0,2,0,0,0,0,2,0,0,2,0,0,2,2
15,6110.557,7404.658,-285.107,-19.854,0.940486,0.339615,-0.012169,-0.339699,0.940518,-0.005567,0.009555,0.009370,0.999910,0,0.90227,-0.53013,54.136,-1.060,-1,400.000,-1,400.000,-1,325.000,325.000,300.000,300.000,-1,600.000,625.000,-1,800.000,775.000,-1,-1,2,0,2,0,2,0,0,0,0,2,0,0,2,0,0,2,2
16,6161.158,7385.321,-284.734,-20.914,0.934047,0.356948,-0.011988,-0.357028,0.934079,-0.005244,0.009326,0.009178,0.999914,0,0.90283,-0.52974,54.170,-1.059,-1,400.000,-1,400.000,-1,325.000,325.000,300.000,300.000,-1,650.000,675.000,-1,800.000,775.000,-1,-1,2,0,2,0,2,0,0,0,0,2,0,0,2,0,0,2,2
17,6211.423,7365.040,-284.360,-21.974,0.927287,0.374167,-0.011765,-0.374243,0.927318,-0.004961,0.009054,0.009003,0.999918,0,0.90337,-0.52998,54.202,-1.060,-1,400.000,-1,400.000,-1,325.000,325.000,300.000,300.000,-1,700.000,725.000,-1,800.000,775.000,-1,-1,2,0,2,0,2,0,0,0,0,2,0,0,2,0,0,2,2
18,6261.335,7343.816,-283.988,-23.036,0.920196,0.391290,-0.011475,-0.391361,0.920225,-0.004709,0.008717,0.008824,0.999923,0,0.90395,-0.53097,54.237,-1.062,-1,400.000,-1,400.000,-1,325.000,325.000,300.000,300.000,-1,750.000,775.000,-1,800.000,775.000,-1,-1,2,0,2,0,2,0,0,0,0,2,0,0,2,0,0,2,2
19,6310.880,7321.650,-283.617,-24.103,0.912749,0.408370,-0.011115,-0.408437,0.912775,-0.004495,0.008310,0.008643,0.999928,0,0.90461,-0.53387,54.277,-1.068,-1,400.000,-1,400.000,-1,325.000,325.000,300.000,300.000,-1,800.000,825.000,-1,800.000,775.000,-1,-1,2,0,2,0,2,0,0,0,0,2,0,0,2,0,0,2,2
20,6360.043,7298.538,-283.247,-25.179,0.904929,0.425429,-0.010682,-0.425492,0.904952,-0.004323,0.007828,0.008457,0.999934,0,0.90542,-0.53768,54.325,-1.075,-1,400.000,-1,400.000,-1,325.000,325.000,300.000,300.000,-1,875.000,900.000,-1,800.000,775.000,-1,-1,2,0,2,0,2,0,0,0,0,2,0,0,2,0,0,2,2
21,6408.745,7274.515,-282.871,-26.255,0.896783,0.442353,-0.010168,-0.442411,0.896803,-0.004232,0.007247,0.008294,0.999939,0,0.90508,-0.53814,54.305,-1.076,-1,400.000,-1,400.000,-1,325.000,325.000,300.000,300.000,-1,950.000,950.000,-1,825.000,775.000,-1,-1,2,0,2,0,2,0,0,0,0,2,0,0,2,0,0,2,2
22,6456.923,7249.619,-282.464,-27.328,0.888347,0.459073,-0.009571,-0.459125,0.888361,-0.004243,0.006554,0.008164,0.999945,0,0.90383,-0.53658,54.230,-1.073,-1,400.000,-1,400.000,-1,325.000,325.000,300.000,300.000,-1,-1,-1,-1,825.000,775.000,-1,-1,2,0,2,0,2,0,0,0,0,2,2,2,2,0,0,2,2
23,6504.551,7223.867,-282.067,-28.399,0.879620,0.475597,-0.008698,-0.475641,0.879631,-0.003802,0.005843,0.007482,0.999955,0,0.90241,-0.53543,54.144,-1.071,-1,400.000,-1,400.000,-1,325.000,325.000,300.000,300.000,-1,-1,-1,-1,825.000,775.000,-1,-1,2,0,2,0,2,0,0,0,0,2,2,2,2,0,0,2,2
24,6551.610,7197.277,-281.720,-29.469,0.870599,0.491935,-0.007566,-0.491967,0.870608,-0.003225,0.005001,0.006530,0.999966,0,0.90086,-0.53469,54.051,-1.069,-1,400.000,-1,400.000,-1,325.000,325.000,300.000,300.000,-1,-1,-1,-1,825.000,775.000,-1,-1,2,0,2,0,2,0,0,0,0,2,2,2,2,0,0,2,2
25,6593.924,7172.074,-281.423,-30.778,0.859138,0.511703,-0.006414,-0.511727,0.859144,-0.002630,0.004164,0.005542,0.999976,0,0.82086,-0.65469,49.251,-1.309,-1,400.000,-1,400.000,-1,325.000,325.000,300.000,300.000,-1,-1,-1,-1,825.000,775.000,-1,-1,2,0,2,0,2,0,0,0,0,2,2,2,2,0,0,2,2
26,6631.486,7148.304,-281.174,-32.327,0.844995,0.534749,-0.005254,-0.534764,0.844999,-0.002053,0.003342,0.004545,0.999984,0,0.74086,-0.77469,44.451,-1.549,-1,400.000,-1,400.000,-1,325.000,325.000,300.000,300.000,-1,-1,-1,-1,825.000,775.000,-1,-1,2,0,2,0,2,0,0,0,0,2,2,2,2,0,0,2,2
27,6664.313,7126.064,-281.066,-34.117,0.827888,0.560875,-0.004582,-0.560886,0.827891,-0.001759,0.002807,0.004026,0.999988,0,0.66086,-0.89469,39.651,-1.789,-1,400.000,-1,400.000,-1,325.000,325.000,300.000,300.000,-1,-1,-1,-1,800.000,775.000,-1,-1,2,0,2,0,2,0,0,0,0,2,2,2,2,0,0,2,2
28,6692.497,7105.563,-280.990,-36.032,0.808677,0.588240,-0.003923,-0.588248,0.808679,-0.001529,0.002273,0.003545,0.999991,0,0.58086,-0.95791,34.851,-1.916,-1,400.000,-1,400.000,-1,325.000,325.000,300.000,300.000,-1,-1,-1,-1,800.000,775.000,-1,-1,2,0,2,0,2,0,0,0,0,2,2,2,2,0,0,2,2
29,6716.194,7087.082,-280.939,-37.950,0.788541,0.614973,-0.003286,-0.614979,0.788542,-0.001348,0.001762,0.003083,0.999994,0,0.50086,-0.95885,30.051,-1.918,-1,400.000,-1,400.000,-1,325.000,325.000,300.000,300.000,-1,-1,-1,-1,800.000,750.000,-1,-1,2,0,2,0,2,0,0,0,0,2,2,2,2,0,0,2,2
30,6735.574,7070.894,-280.910,-39.870,0.767499,0.641045,-0.002686,-0.641049,0.767499,-0.001221,0.001278,0.002659,0.999996,0,0.42086,-0.95990,25.251,-1.920,-1,400.000,-1,400.000,-1,325.000,325.000,300.000,300.000,-1,-1,-1,-1,800.000,750.000,-1,-1,2,0,2,0,2,0,0,0,0,2,2,2,2,0,0,2,2
31,6750.822,7057.265,-280.896,-41.792,0.745569,0.666425,-0.002140,-0.666428,0.745568,-0.001157,0.000824,0.002288,0.999997,0,0.34086,-0.96097,20.451,-1.922,-1,400.000,-1,400.000,-1,325.000,325.000,300.000,300.000,-1,-1,-1,-1,800.000,750.000,-1,-1,2,0,2,0,2,0,0,0,0,2,2,2,2,0,0,2,2
32,6762.135,7046.449,-280.894,-43.716,0.722776,0.691081,-0.001664,-0.691083,0.722775,-0.001156,0.000403,0.001985,0.999998,0,0.26086,-0.96197,15.651,-1.924,-1,400.000,-1,400.000,-1,325.000,325.000,300.000,300.000,-1,-1,-1,-1,775.000,725.000,-1,-1,2,0,2,0,2,0,0,0,0,2,2,2,2,0,0,2,2
33,6769.722,7038.690,-280.899,-45.642,0.699145,0.714978,-0.001272,-0.714979,0.699144,-0.001220,0.000017,0.001762,0.999998,0,0.18086,-0.96284,10.851,-1.926,-1,400.000,-1,400.000,-1,325.000,325.000,300.000,300.000,-1,-1,-1,-1,775.000,725.000,-1,-1,2,0,2,0,2,0,0,0,0,2,2,2,2,0,0,2,2
34,6773.805,7034.224,-280.908,-47.569,0.674708,0.738084,-0.000978,-0.738085,0.674707,-0.001345,-0.000333,0.001630,0.999999,0,0.10086,-0.96351,6.051,-1.927,-1,400.000,-1,400.000,-1,325.000,325.000,300.000,300.000,-1,-1,-1,-1,775.000,725.000,-1,-1,2,0,2,0,2,0,0,0,0,2,2,2,2,0,0,2,2
35,6774.617,7033.272,-280.919,-49.496,0.649497,0.760364,-0.000793,-0.760364,0.649495,-0.001528,-0.000647,0.001596,0.999999,0,0.02086,-0.96392,1.251,-1.928,-1,400.000,-1,375.000,-1,325.000,325.000,300.000,300.000,-1,-1,-1,-1,775.000,725.000,-1,-1,2,0,2,0,2,0,0,0,0,2,2,2,2,0,0,2,2
36,6772.405,7036.046,-280.928,-51.424,0.623548,0.781785,-0.000725,-0.781785,0.623546,-0.001763,-0.000926,0.001666,0.999998,0,-0.05914,-0.96401,-3.549,-1.928,-1,400.000,-1,375.000,-1,325.000,325.000,300.000,300.000,-1,-1,-1,-1,775.000,725.000,-1,-1,2,0,2,0,2,0,0,0,0,2,2,2,2,0,0,2,2
37,6767.421,7042.745,-280.933,-53.352,0.596900,0.802315,-0.000779,-0.802314,0.596898,-0.002041,-0.001172,0.001843,0.999998,0,-0.13914,-0.96374,-8.349,-1.927,-1,400.000,-1,375.000,-1,325.000,325.000,300.000,300.000,-1,-1,-1,-1,775.000,700.000,-1,-1,2,0,2,0,2,0,0,0,0,2,2,2,2,0,0,2,2
38,6759.932,7053.552,-280.934,-55.278,0.569597,0.821923,-0.000960,-0.821923,0.569594,-0.002354,-0.001388,0.002129,0.999997,0,-0.21914,-0.96306,-13.149,-1.926,-1,400.000,-1,375.000,-1,325.000,325.000,300.000,300.000,-1,-1,-1,-1,775.000,700.000,-1,-1,2,0,2,0,2,0,0,0,0,2,2,2,2,0,0,2,2
39,6750.258,7068.564,-280.930,-57.202,0.541684,0.840581,-0.001265,-0.840581,0.541679,-0.002692,-0.001577,0.002521,0.999996,0,-0.29765,-0.96193,-17.859,-1.924,-1,400.000,-1,375.000,-1,325.000,325.000,300.000,300.000,-1,-1,-1,-1,775.000,700.000,-1,-1,2,0,2,0,2,0,0,0,0,2,2,2,2,0,0,2,2
40,6741.050,7083.963,-280.922,-59.123,0.513208,0.858263,-0.001595,-0.858263,0.513202,-0.003016,-0.001770,0.002917,0.999994,0,-0.29903,-0.96034,-17.942,-1.921,-1,400.000,-1,375.000,-1,325.000,325.000,300.000,300.000,-1,-1,-1,-1,775.000,700.000,-1,-1,2,0,2,0,2,0,0,0,0,2,2,2,2,0,0,2,2
41,6732.320,7099.738,-280.911,-61.040,0.484206,0.874952,-0.001949,-0.874952,0.484198,-0.003327,-0.001967,0.003316,0.999993,0,-0.30050,-0.95868,-18.030,-1.917,-1,400.000,-1,375.000,-1,325.000,325.000,300.000,300.000,-1,-1,-1,-1,775.000,700.000,-1,-1,2,0,2,0,2,0,0,0,0,2,2,2,2,0,0,2,2
42,6724.080,7115.879,-280.896,-62.954,0.454715,0.890634,-0.002325,-0.890634,0.454706,-0.003621,-0.002168,0.003717,0.999991,0,-0.30204,-0.95695,-18.122,-1.914,-1,400.000,-1,375.000,-1,325.000,300.000,300.000,300.000,-1,-1,-1,-1,775.000,700.000,-1,-1,2,0,2,0,2,0,0,0,0,2,2,2,2,0,0,2,2
43,6718.418,7127.938,-280.882,-64.849,0.425005,0.905187,-0.002621,-0.905188,0.424995,-0.003872,-0.002391,0.004018,0.999989,0,-0.22204,-0.94785,-13.322,-1.896,-1,400.000,-1,375.000,-1,325.000,300.000,300.000,300.000,-1,-1,-1,-1,775.000,700.000,-1,-1,2,0,2,0,2,0,0,0,0,2,2,2,2,0,0,2,2
44,6715.053,7135.768,-280.870,-66.742,0.394874,0.918731,-0.002837,-0.918731,0.394862,-0.004084,-0.002632,0.004220,0.999988,0,-0.14204,-0.94648,-8.522,-1.893,-1,400.000,-1,375.000,-1,325.000,300.000,300.000,300.000,-1,-1,-1,-1,775.000,700.000,-1,-1,2,0,2,0,2,0,0,0,0,2,2,2,2,0,0,2,2
45,6713.696,7139.234,-280.860,-68.634,0.364341,0.931261,-0.002976,-0.931261,0.364328,-0.004263,-0.002886,0.004324,0.999986,0,-0.06204,-0.94558,-3.722,-1.891,-1,400.000,-1,375.000,-1,325.000,300.000,300.000,300.000,-1,-1,-1,-1,750.000,700.000,-1,-1,2,0,2,0,2,0,0,0,0,2,2,2,2,0,0,2,2
46,6714.056,7138.218,-280.856,-70.524,0.333425,0.942772,-0.003036,-0.942772,0.333410,-0.004410,-0.003146,0.004333,0.999986,0,0.01796,-0.94517,1.078,-1.890,-1,400.000,-1,375.000,-1,325.000,300.000,300.000,300.000,-1,-1,-1,-1,750.000,700.000,-1,-1,2,0,2,0,2,0,0,0,0,2,2,2,2,0,0,2,2
47,6715.832,7132.616,-280.857,-72.414,0.302141,0.953259,-0.003019,-0.953257,0.302126,-0.004530,-0.003406,0.004247,0.999985,0,0.09796,-0.94529,5.878,-1.891,-1,400.000,-1,375.000,-1,325.000,300.000,300.000,300.000,-1,-1,-1,-1,750.000,700.000,-1,-1,2,0,2,0,2,0,0,0,0,2,2,2,2,0,0,2,2
48,6718.720,7122.336,-280.856,-74.306,0.270504,0.962714,-0.002990,-0.962712,0.270490,-0.004563,-0.003584,0.004113,0.999985,0,0.17796,-0.94598,10.678,-1.892,-1,375.000,-1,375.000,-1,325.000,300.000,300.000,300.000,-1,-1,-1,-1,750.000,700.000,-1,-1,2,0,2,0,2,0,0,0,0,2,2,2,2,0,0,2,2
49,6722.411,7107.305,-280.805,-76.201,0.238529,0.971130,-0.003193,-0.971129,0.238514,-0.004339,-0.003452,0.004136,0.999985,0,0.25796,-0.94728,15.478,-1.895,-1,375.000,-1,375.000,-1,300.000,300.000,300.000,300.000,-1,-1,-1,-1,750.000,700.000,-1,-1,2,0,2,0,2,0,0,0,0,2,2,2,2,0,0,2,2
50,6726.593,7087.463,-280.755,-78.099,0.206225,0.978499,-0.003363,-0.978499,0.206212,-0.004018,-0.003239,0.004119,0.999986,0,0.33796,-0.94922,20.278,-1.898,-1,375.000,-1,375.000,-1,300.000,300.000,300.000,300.000,-1,-1,-1,-1,750.000,700.000,-1,-1,2,0,2,0,2,0,0,0,0,2,2,2,2,0,0,2,2
51,6730.946,7062.766,-280.707,-80.003,0.173605,0.984809,-0.003495,-0.984811,0.173593,-0.003595,-0.002934,0.004066,0.999987,0,0.41796,-0.95184,25.078,-1.904,-1,375.000,-1,375.000,-1,300.000,300.000,300.000,300.000,-1,-1,-1,-1,725.000,700.000,-1,-1,2,0,2,0,2,0,0,0,0,2,2,2,2,0,0,2,2
52,6735.149,7033.186,-280.665,-81.913,0.140678,0.990049,-0.003583,-0.990052,0.140667,-0.003063,-0.002529,0.003978,0.999989,0,0.49796,-0.95518,29.878,-1.910,-1,375.000,-1,375.000,-1,300.000,300.000,325.000,300.000,-1,-1,-1,-1,725.000,700.000,-1,-1,2,0,2,0,2,0,0,0,0,2,2,2,2,0,0,2,2
53,6738.875,6998.709,-280.630,-83.832,0.107451,0.994204,-0.003622,-0.994208,0.107443,-0.002419,-0.002016,0.003861,0.999991,0,0.57796,-0.95926,34.678,-1.919,-1,375.000,-1,375.000,-1,300.000,300.000,325.000,300.000,-1,-1,-1,-1,725.000,700.000,-1,-1,2,0,2,0,2,0,0,0,0,2,2,2,2,0,0,2,2
54,6741.793,6959.340,-280.603,-85.760,0.073935,0.997257,-0.003606,-0.997262,0.073929,-0.001661,-0.001390,0.003719,0.999992,0,0.65796,-0.96412,39.478,-1.928,-1,375.000,-1,375.000,-1,325.000,325.000,325.000,300.000,-1,-1,-1,-1,700.000,700.000,-1,-1,2,0,2,0,2,0,0,0,0,2,2,2,2,0,0,2,2
55,6743.571,6915.098,-280.586,-87.700,0.040137,0.999188,-0.003532,-0.999194,0.040134,-0.000787,-0.000645,0.003561,0.999993,0,0.73796,-0.96979,44.278,-1.940,-1,375.000,-1,375.000,-1,325.000,325.000,325.000,300.000,-1,-1,-1,-1,700.000,700.000,-1,-1,2,0,2,0,2,0,0,0,0,2,2,2,2,0,0,2,2
56,6743.868,6866.021,-280.579,-89.652,0.006066,0.999976,-0.003396,-0.999982,0.006067,0.000199,0.000220,0.003395,0.999994,0,0.81796,-0.97628,49.078,-1.953,-1,375.000,-1,375.000,-1,325.000,325.000,325.000,300.000,-1,950.000,-1,-1,700.000,700.000,-1,-1,2,0,2,0,2,0,0,0,0,2,0,2,2,0,0,2,2
57,6742.355,6812.165,-280.582,-91.609,-0.028085,0.999600,-0.003199,-0.999605,-0.028081,0.001295,0.001205,0.003234,0.999994,0,0.89796,-0.97838,53.878,-1.957,-1,375.000,-1,375.000,-1,325.000,325.000,325.000,300.000,-1,875.000,1000.000,-1,700.000,700.000,-1,-1,2,0,2,0,2,0,0,0,0,2,0,0,2,0,0,2,2
58,6738.845,6755.856,-280.591,-93.567,-0.062219,0.998058,-0.002953,-0.998060,-0.062212,0.002453,0.002265,0.003100,0.999993,0,0.94031,-0.97882,56.418,-1.958,-1,375.000,-1,375.000,-1,300.000,325.000,325.000,300.000,-1,800.000,900.000,-1,675.000,700.000,-1,-1,2,0,2,0,2,0,0,0,0,2,0,0,2,0,0,2,2
59,6733.415,6699.734,-280.606,-95.526,-0.096315,0.995347,-0.002673,-0.995345,-0.096305,0.003621,0.003346,0.003010,0.999990,0,0.93973,-0.97983,56.384,-1.960,-1,375.000,-1,375.000,-1,300.000,300.000,325.000,300.000,-1,750.000,825.000,-1,675.000,700.000,-1,-1,2,0,2,0,2,0,0,0,0,2,0,0,2,0,0,2,2
60,6726.070,6643.855,-280.622,-97.489,-0.130351,0.991465,-0.002368,-0.991458,-0.130339,0.004791,0.004441,0.002972,0.999986,0,0.93933,-0.98138,56.360,-1.963,-1,375.000,-1,375.000,-1,300.000,300.000,325.000,300.000,-1,725.000,775.000,-1,675.000,700.000,-1,-1,2,0,2,0,2,0,0,0,0,2,0,0,2,0,0,2,2
61,6716.811,6588.268,-280.497,-99.456,-0.164309,0.986405,-0.002632,-0.986394,-0.164292,0.005894,0.005381,0.003564,0.999979,0,0.93921,-0.98348,56.352,-1.967,-1,375.000,-1,375.000,-1,300.000,300.000,325.000,300.000,-1,725.000,750.000,-1,675.000,700.000,-1,-1,2,0,2,0,2,0,0,0,0,2,0,0,2,0,0,2,2
62,6705.643,6533.021,-279.939,-101.428,-0.198178,0.980156,-0.004505,-0.980142,-0.198139,0.007920,0.006870,0.005985,0.999958,0,0.93941,-0.98609,56.365,-1.972,-1,375.000,-1,375.000,-1,300.000,300.000,325.000,300.000,-1,725.000,725.000,-1,675.000,700.000,-1,-1,2,0,2,0,2,0,0,0,0,2,0,0,2,0,0,2,2
63,6692.558,6478.111,-279.240,-103.404,-0.231873,0.972730,-0.005545,-0.972712,-0.231813,0.009745,0.008194,0.007653,0.999937,0,0.94079,-0.98794,56.447,-1.976,-1,375.000,-1,375.000,-1,300.000,300.000,325.000,300.000,-1,725.000,675.000,-1,675.000,700.000,-1,-1,2,0,2,0,2,0,0,0,0,2,0,0,2,0,0,2,2
64,6677.587,6423.693,-278.393,-105.382,-0.265320,0.964146,-0.005346,-0.964111,-0.265245,0.011652,0.009816,0.008246,0.999918,0,0.94065,-0.98892,56.439,-1.978,-1,375.000,-1,375.000,-1,300.000,300.000,325.000,300.000,-1,700.000,650.000,-1,675.000,700.000,-1,-1,2,0,2,0,2,0,0,0,0,2,0,0,2,0,0,2,2
65,6660.744,6369.823,-277.558,-107.363,-0.298501,0.954396,-0.005064,-0.954342,-0.298412,0.013508,0.011381,0.008865,0.999896,0,0.94069,-0.99044,56.442,-1.981,-1,375.000,-1,375.000,-1,300.000,300.000,325.000,300.000,-1,700.000,625.000,-1,675.000,700.000,-1,-1,2,0,2,0,2,0,0,0,0,2,0,0,2,0,0,2,2
66,6642.039,6316.553,-276.738,-109.348,-0.331392,0.943481,-0.004704,-0.943405,-0.331289,0.015311,0.012887,0.009512,0.999872,0,0.94098,-0.99250,56.459,-1.985,-1,375.000,-1,375.000,-1,300.000,300.000,325.000,325.000,-1,700.000,600.000,-1,675.000,700.000,-1,-1,2,0,2,0,2,0,0,0,0,2,0,0,2,0,0,2,2
67,6621.498,6263.960,-275.932,-111.333,-0.363892,0.931431,-0.004272,-0.931331,-0.363775,0.017057,0.014334,0.010186,0.999845,0,0.94102,-0.99271,56.461,-1.985,-1,375.000,-1,375.000,-1,300.000,325.000,325.000,325.000,-1,700.000,600.000,-1,675.000,700.000,-1,-1,2,0,2,0,2,0,0,0,0,2,0,0,2,0,0,2,2
68,6601.247,6216.433,-275.204,-113.079,-0.392104,0.919913,-0.003822,-0.919788,-0.391973,0.018607,0.015619,0.010811,0.999820,0,0.86102,-0.87271,51.661,-1.745,-1,375.000,-1,375.000,-1,325.000,325.000,300.000,325.000,-1,700.000,600.000,-1,675.000,700.000,-1,-1,2,0,2,0,2,0,0,0,0,2,0,0,2,0,0,2,2
69,6580.576,6171.249,-274.521,-114.584,-0.416146,0.909291,-0.003416,-0.909143,-0.416003,0.020044,0.016804,0.011447,0.999793,0,0.82813,-0.75271,49.688,-1.505,-1,375.000,-1,375.000,-1,325.000,325.000,300.000,325.000,-1,700.000,600.000,-1,675.000,700.000,-1,-1,2,0,2,0,2,0,0,0,0,2,0,0,2,0,0,2,2
70,6558.912,6126.533,-273.850,-115.850,-0.436136,0.899876,-0.003059,-0.899702,-0.435978,0.021440,0.017960,0.012103,0.999765,0,0.82813,-0.63271,49.688,-1.265,-1,375.000,-1,375.000,-1,325.000,325.000,300.000,325.000,-1,700.000,600.000,-1,675.000,700.000,-1,-1,2,0,2,0,2,0,0,0,0,2,0,0,2,0,0,2,2
71,6536.450,6082.211,-273.156,-116.875,-0.452179,0.891923,-0.002610,-0.891721,-0.452010,0.022842,0.019193,0.012656,0.999736,0,0.82813,-0.51271,49.688,-1.025,-1,375.000,-1,375.000,-1,300.000,325.000,300.000,325.000,-1,700.000,575.000,-1,675.000,700.000,-1,-1,2,0,2,0,2,0,0,0,0,2,0,0,2,0,0,2,2
72,6513.384,6038.202,-272.241,-117.660,-0.464383,0.885629,-0.003074,-0.885411,-0.464186,0.024061,0.019882,0.013895,0.999706,0,0.82813,-0.39271,49.688,-0.785,-1,375.000,-1,375.000,-1,300.000,325.000,300.000,325.000,-1,750.000,575.000,-1,675.000,675.000,-1,-1,2,0,2,0,2,0,0,0,0,2,0,0,2,0,0,2,2
73,6489.900,5994.414,-271.262,-118.206,-0.472815,0.881154,-0.003641,-0.880922,-0.472586,0.025285,0.020559,0.015163,0.999674,0,0.82813,-0.27271,49.688,-0.545,-1,375.000,-1,375.000,-1,300.000,300.000,300.000,325.000,-1,775.000,600.000,-1,675.000,675.000,-1,-1,2,0,2,0,2,0,0,0,0,2,0,0,2,0,0,2,2
74,6466.182,5950.752,-270.129,-118.511,-0.477542,0.878599,-0.004204,-0.878330,-0.477264,0.027504,0.022158,0.016826,0.999613,0,0.82813,-0.15271,49.688,-0.305,-1,375.000,-1,375.000,-1,300.000,300.000,300.000,325.000,-1,725.000,550.000,-1,675.000,675.000,-1,-1,2,0,2,0,2,0,0,0,0,2,0,0,2,0,0,2,2
75,6442.415,5907.116,-268.947,-118.577,-0.478585,0.878029,-0.004703,-0.877713,-0.478253,0.029899,0.024003,0.018437,0.999542,0,0.82813,-0.03271,49.688,-0.065,-1,375.000,-1,375.000,-1,300.000,300.000,300.000,325.000,-1,650.000,525.000,-1,675.000,675.000,-1,-1,2,0,2,0,2,0,0,0,0,2,0,0,2,0,0,2,2
76,6418.781,5863.409,-267.735,-118.402,-0.475951,0.879457,-0.005119,-0.879087,-0.475562,0.032353,0.026018,0.019898,0.999463,0,0.82813,0.08729,49.688,0.175,-1,375.000,-1,375.000,-1,300.000,300.000,300.000,325.000,-1,600.000,500.000,-1,675.000,675.000,-1,-1,2,0,2,0,2,0,0,0,0,2,0,0,2,0,0,2,2
77,6395.402,5819.565,-266.397,-118.069,-0.470867,0.882188,-0.005304,-0.881763,-0.470433,0.034452,0.027898,0.020899,0.999392,0,0.82813,0.16650,49.688,0.333,-1,375.000,-1,375.000,-1,300.000,300.000,300.000,325.000,-1,550.000,500.000,-1,675.000,650.000,-1,-1,2,0,2,0,2,0,0,0,0,2,0,0,2,0,0,2,2
78,6372.277,5775.586,-264.823,-117.736,-0.465747,0.884904,-0.005054,-0.884434,-0.465296,0.035729,0.029266,0.021110,0.999349,0,0.82813,0.16650,49.688,0.333,-1,375.000,-1,375.000,-1,300.000,300.000,300.000,325.000,-1,575.000,500.000,-1,675.000,650.000,-1,-1,2,0,2,0,2,0,0,0,0,2,0,0,2,0,0,2,2
79,6349.408,5731.473,-263.109,-117.403,-0.460601,0.887597,-0.004250,-0.887065,-0.460147,0.037149,0.031018,0.020881,0.999301,0,0.82813,0.16650,49.688,0.333,-1,375.000,-1,375.000,-1,300.000,300.000,300.000,325.000,-1,575.000,525.000,-1,700.000,650.000,-1,-1,2,0,2,0,2,0,0,0,0,2,0,0,2,0,0,2,2
80,6326.796,5687.229,-261.225,-117.070,-0.455423,0.890271,-0.002753,-0.889654,-0.454988,0.038751,0.033246,0.020097,0.999245,0,0.82813,0.16650,49.688,0.333,-1,375.000,-1,375.000,-1,300.000,300.000,300.000,325.000,-1,575.000,525.000,-1,700.000,650.000,-1,-1,2,0,2,0,2,0,0,0,0,2,0,0,2,0,0,2,2
81,6304.442,5642.853,-259.318,-116.737,-0.450225,0.892914,-0.001238,-0.892208,-0.449813,0.040422,0.035536,0.019304,0.999182,0,0.82813,0.16650,49.688,0.333,-1,375.000,-1,375.000,-1,300.000,300.000,300.000,325.000,-1,550.000,525.000,-1,700.000,650.000,-1,-1,2,0,2,0,2,0,0,0,0,2,0,0,2,0,0,2,2
82,6282.345,5598.349,-257.420,-116.404,-0.445011,0.895525,0.000227,-0.894719,-0.444621,0.042302,0.037983,0.018622,0.999105,0,0.82813,0.16650,49.688,0.333,-1,375.000,-1,375.000,-1,300.000,300.000,300.000,325.000,-1,550.000,500.000,-1,700.000,675.000,-1,-1,2,0,2,0,2,0,0,0,0,2,0,0,2,0,0,2,2
83,6260.508,5553.716,-255.474,-116.071,-0.439773,0.898107,0.001756,-0.897199,-0.439415,0.044140,0.040414,0.017836,0.999024,0,0.82813,0.16650,49.688,0.333,-1,375.000,-1,375.000,-1,300.000,300.000,300.000,325.000,-1,550.000,500.000,-1,700.000,675.000,-1,-1,2,0,2,0,2,0,0,0,0,2,0,0,2,0,0,2,2
84,6238.930,5508.958,-253.481,-115.738,-0.434512,0.900660,0.003349,-0.899647,-0.434194,0.045939,0.042830,0.016948,0.998939,0,0.82813,0.16650,49.688,0.333,-1,375.000,-1,375.000,-1,300.000,300.000,300.000,325.000,-1,525.000,500.000,-1,725.000,675.000,-1,-1,2,0,2,0,2,0,0,0,0,2,0,0,2,0,0,2,2
85,6217.613,5464.075,-251.440,-115.405,-0.429227,0.903183,0.005006,-0.902064,-0.428959,0.047700,0.045229,0.015959,0.998849,0,0.82813,0.16650,49.688,0.333,-1,375.000,-1,375.000,-1,300.000,300.000,300.000,325.000,-1,475.000,500.000,-1,725.000,700.000,-1,-1,2,0,2,0,2,0,0,0,0,2,0,0,2,0,0,2,2
86,6196.557,5419.068,-249.352,-115.072,-0.423917,0.905676,0.006725,-0.904449,-0.423710,0.049424,0.047612,0.014869,0.998755,0,0.82813,0.16650,49.688,0.333,-1,375.000,-1,375.000,-1,300.000,300.000,300.000,325.000,-1,450.000,450.000,-1,725.000,700.000,-1,-1,2,0,2,0,2,0,0,0,0,2,0,0,2,0,0,2,2
87,6175.764,5373.940,-247.104,-114.739,-0.418607,0.908133,0.007931,-0.906811,-0.418443,0.050973,0.049609,0.014145,0.998669,0,0.82813,0.16650,49.688,0.333,-1,375.000,-1,375.000,-1,325.000,300.000,300.000,325.000,-1,425.000,450.000,-1,725.000,700.000,-1,-1,2,0,2,0,2,0,0,0,0,2,0,0,2,0,0,2,2
88,6155.232,5328.692,-244.714,-114.406,-0.413296,0.910555,0.008716,-0.909152,-0.413161,0.052359,0.051277,0.013716,0.998590,0,0.82813,0.16650,49.688,0.333,-1,375.000,-1,375.000,-1,325.000,300.000,300.000,325.000,-1,425.000,450.000,-1,750.000,700.000,-1,-1,2,0,2,0,2,0,0,0,0,2,0,0,2,0,0,2,2
89,6134.965,5283.326,-242.257,-114.073,-0.407970,0.912946,0.009495,-0.911458,-0.407864,0.053773,0.052965,0.013284,0.998508,0,0.82813,0.16650,49.688,0.333,-1,400.000,-1,375.000,-1,325.000,300.000,300.000,325.000,-1,425.000,450.000,-1,750.000,725.000,-1,-1,2,0,2,0,2,0,0,0,0,2,0,0,2,0,0,2,2
90,6114.961,5237.842,-239.751,-113.740,-0.402624,0.915307,0.010311,-0.913735,-0.402553,0.055129,0.054611,0.012775,0.998426,0,0.82813,0.16650,49.688,0.333,-1,400.000,-1,375.000,-1,325.000,325.000,300.000,300.000,-1,425.000,450.000,-1,750.000,725.000,-1,-1,2,0,2,0,2,0,0,0,0,2,0,0,2,0,0,2,2
91,6095.222,5192.243,-237.137,-113.407,-0.397271,0.917635,0.011013,-0.915966,-0.397228,0.056713,0.056416,0.012443,0.998330,0,0.82813,0.16650,49.688,0.333,-1,400.000,-1,375.000,-1,325.000,325.000,300.000,300.000,-1,425.000,450.000,-1,775.000,725.000,-1,-1,2,0,2,0,2,0,0,0,0,2,0,0,2,0,0,2,2
92,6075.748,5146.530,-234.274,-113.074,-0.391866,0.919941,0.012215,-0.918219,-0.391894,0.057379,0.057572,0.011269,0.998278,0,0.82813,0.16650,49.688,0.333,-1,400.000,-1,375.000,-1,325.000,325.000,300.000,300.000,-1,450.000,475.000,-1,775.000,750.000,-1,-1,2,0,2,0,2,0,0,0,0,2,0,0,2,0,0,2,2
93,6056.540,5100.705,-231.390,-112.741,-0.386449,0.922215,0.013285,-0.920460,-0.386545,0.057763,0.058405,0.010094,0.998242,0,0.82813,0.16650,49.688,0.333,-1,400.000,-1,375.000,-1,325.000,325.000,300.000,300.000,-1,475.000,500.000,-1,775.000,750.000,-1,-1,2,0,2,0,2,0,0,0,0,2,0,0,2,0,0,2,2
94,6037.599,5054.769,-228.536,-112.408,-0.381030,0.924455,0.014098,-0.922677,-0.381182,0.058027,0.059017,0.009102,0.998215,0,0.82813,0.16650,49.688,0.333,-1,400.000,-1,375.000,-1,325.000,325.000,300.000,300.000,-1,525.000,550.000,-1,775.000,750.000,-1,-1,2,0,2,0,2,0,0,0,0,2,0,0,2,0,0,2,2
95,6018.925,5008.723,-225.657,-112.075,-0.375598,0.926663,0.014907,-0.924866,-0.375806,0.058242,0.059573,0.008088,0.998191,0,0.82813,0.16650,49.688,0.333,-1,400.000,-1,375.000,-1,325.000,325.000,300.000,300.000,-1,550.000,575.000,-1,775.000,750.000,-1,-1,2,0,2,0,2,0,0,0,0,2,0,0,2,0,0,2,2
96,6000.519,4962.570,-222.753,-111.742,-0.370151,0.928839,0.015715,-0.927027,-0.370417,0.058408,0.060073,0.007052,0.998169,0,0.82813,0.16650,49.688,0.333,-1,400.000,-1,375.000,-1,325.000,325.000,300.000,300.000,-1,575.000,625.000,-1,775.000,775.000,-1,-1,2,0,2,0,2,0,0,0,0,2,0,0,2,0,0,2,2
97,5982.381,4916.311,-219.825,-111.409,-0.364690,0.930982,0.016522,-0.929160,-0.365015,0.058528,0.060519,0.005993,0.998149,0,0.82813,0.16650,49.688,0.333,-1,400.000,-1,400.000,-1,325.000,325.000,300.000,300.000,-1,625.000,650.000,-1,800.000,775.000,-1,-1,2,0,2,0,2,0,0,0,0,2,0,0,2,0,0,2,2
98,5964.513,4869.947,-216.873,-111.076,-0.359216,0.933094,0.017328,-0.931265,-0.359600,0.058600,0.060911,0.004913,0.998131,0,0.82813,0.16650,49.688,0.333,-1,400.000,-1,400.000,-1,325.000,325.000,300.000,300.000,-1,650.000,700.000,-1,800.000,775.000,-1,-1,2,0,2,0,2,0,0,0,0,2,0,0,2,0,0,2,2
99,5946.871,4823.366,-213.891,-110.743,-0.353737,0.935169,0.018137,-0.933337,-0.354181,0.058627,0.061250,0.003811,0.998115,0,0.83016,0.16623,49.809,0.332,-1,400.000,-1,400.000,-1,325.000,325.000,300.000,300.000,-1,700.000,750.000,-1,800.000,800.000,-1,-1,2,0,2,0,2,0,0,0,0,2,0,0,2,0,0,2,2
100,5928.872,4774.369,-210.744,-110.171,-0.344306,0.938665,0.018987,-0.936837,-0.344821,0.058602,0.061555,0.002390,0.998101,0,0.86998,0.28623,52.199,0.572,-1,400.000,-1,400.000,-1,325.000,325.000,300.000,300.000,-1,750.000,800.000,-1,800.000,800.000,-1,-1,2,0,2,0,2,0,0,0,0,2,0,0,2,0,0,2,2
101,5911.382,4724.763,-207.562,-109.421,-0.331925,0.943098,0.019793,-0.941282,-0.332514,0.058503,0.061756,0.000788,0.998091,0,0.87666,0.37475,52.599,0.749,-1,400.000,-1,400.000,-1,325.000,325.000,300.000,300.000,-1,775.000,850.000,-1,800.000,800.000,-1,-1,2,0,2,0,2,0,0,0,0,2,0,0,2,0,0,2,2
102,5894.411,4674.554,-204.359,-108.675,-0.319549,0.947351,0.020368,-0.945558,-0.320197,0.058263,0.061718,-0.000641,0.998093,0,0.88332,0.37331,52.999,0.747,-1,400.000,-1,400.000,-1,325.000,325.000,300.000,300.000,-1,850.000,900.000,-1,800.000,800.000,-1,-1,2,0,2,0,2,0,0,0,0,2,0,0,2,0,0,2,2
103,5877.971,4623.750,-201.154,-107.932,-0.307165,0.951422,0.021110,-0.949672,-0.307881,0.057723,0.061418,-0.002317,0.998109,0,0.88997,0.37161,53.398,0.743,-1,400.000,-1,400.000,-1,325.000,325.000,300.000,325.000,-1,900.000,975.000,-1,800.000,825.000,-1,-1,2,0,2,0,2,0,0,0,0,2,0,0,2,0,0,2,2
104,5862.070,4572.359,-197.871,-107.192,-0.294807,0.955310,0.021705,-0.953623,-0.295579,0.056882,0.060756,-0.003929,0.998145,0,0.89658,0.36963,53.795,0.739,-1,400.000,-1,400.000,-1,325.000,325.000,300.000,325.000,-1,1000.000,-1,-1,800.000,825.000,-1,-1,2,0,2,0,2,0,0,0,0,2,0,2,2,0,0,2,2
105,5846.718,4520.390,-194.597,-106.458,-0.282482,0.959016,0.022203,-0.957384,-0.283302,0.056181,0.060168,-0.005386,0.998174,0,0.90314,0.36736,54.189,0.735,-1,400.000,-1,400.000,-1,325.000,325.000,300.000,325.000,-1,-1,-1,-1,800.000,800.000,-1,-1,2,0,2,0,2,0,0,0,0,2,2,2,2,0,1,2,2
106,5831.923,4467.855,-191.535,-105.728,-0.270253,0.962542,0.021830,-0.960962,-0.271067,0.055443,0.059284,-0.005995,0.998223,0,0.90964,0.36479,54.579,0.730,-1,400.000,-1,400.000,-1,325.000,325.000,300.000,325.000,-1,-1,-1,-1,800.000,775.000,-1,-1,2,0,2,0,2,0,0,0,0,2,2,2,2,0,1,2,2
107,5817.694,4414.766,-188.507,-105.004,-0.258091,0.965887,0.021255,-0.964366,-0.258885,0.054564,0.058205,-0.006415,0.998284,0,0.91606,0.36190,54.963,0.724,-1,400.000,-1,400.000,-1,325.000,325.000,300.000,325.000,-1,-1,-1,-1,800.000,750.000,-1,1000.000,2,0,2,0,2,0,0,0,0,2,2,2,2,0,1,2,1
108,5804.037,4361.136,-185.456,-104.287,-0.245996,0.969049,0.020726,-0.967587,-0.246772,0.053648,0.057102,-0.006857,0.998345,0,0.92236,0.35866,55.342,0.717,-1,400.000,-1,400.000,-1,325.000,325.000,300.000,300.000,-1,-1,-1,-1,800.000,700.000,-1,925.000,2,0,2,0,2,0,0,0,0,2,2,2,2,0,1,2,1
109,5790.958,4306.980,-182.385,-103.577,-0.233982,0.972030,0.020244,-0.970628,-0.234742,0.052697,0.055976,-0.007319,0.998405,0,0.92854,0.35506,55.713,0.710,-1,400.000,-1,400.000,-1,325.000,325.000,300.000,300.000,-1,-1,-1,-1,800.000,675.000,-1,875.000,2,0,2,0,2,0,0,0,0,2,2,2,2,0,1,2,1
110,5778.464,4252.316,-179.294,-102.875,-0.222067,0.974830,0.019808,-0.973489,-0.222813,0.051716,0.054827,-0.007798,0.998465,0,0.93456,0.35107,56.074,0.702,-1,400.000,-1,400.000,875.000,325.000,325.000,300.000,300.000,-1,-1,-1,-1,800.000,650.000,-1,800.000,2,0,2,0,1,0,0,0,0,2,2,2,2,0,1,2,1
111,5766.559,4197.164,-176.185,-102.181,-0.210268,0.977451,0.019416,-0.976170,-0.210999,0.050705,0.053658,-0.008292,0.998525,0,0.94039,0.34666,56.423,0.693,-1,400.000,-1,400.000,800.000,325.000,325.000,300.000,300.000,-1,-1,-1,-1,800.000,625.000,-1,750.000,2,0,2,1,1,0,0,0,0,2,2,2,2,0,1,2,1
112,5756.065,4146.618,-173.342,-101.728,-0.202543,0.979087,0.019087,-0.977860,-0.203259,0.049764,0.052603,-0.008586,0.998579,0,0.86039,0.22666,51.623,0.453,-1,400.000,-1,375.000,725.000,325.000,325.000,300.000,300.000,-1,-1,-1,-1,800.000,600.000,-1,700.000,2,0,2,1,1,0,1,0,0,2,2,2,2,0,1,2,1
113,5746.678,4100.538,-170.774,-101.515,-0.198916,0.979837,0.018742,-0.978651,-0.199612,0.048966,0.051720,-0.008602,0.998625,0,0.78378,0.10666,47.027,0.213,-1,400.000,-1,375.000,675.000,325.000,325.000,300.000,300.000,-1,-1,-1,-1,800.000,575.000,-1,650.000,2,0,2,1,1,0,1,0,0,2,2,2,2,0,1,2,1
114,5737.215,4054.199,-168.210,-101.541,-0.199400,0.979746,0.018346,-0.978595,-0.200069,0.048216,0.050910,-0.008339,0.998668,0,0.78826,-0.01334,47.296,-0.027,-1,400.000,-1,375.000,625.000,325.000,325.000,300.000,300.000,-1,-1,-1,-1,800.000,550.000,-1,600.000,2,0,2,1,1,0,1,0,0,2,2,2,2,0,1,2,1
115,5727.481,4007.638,-165.627,-101.808,-0.203990,0.978808,0.017960,-0.977690,-0.204627,0.047435,0.050105,-0.007883,0.998713,0,0.79279,-0.13334,47.568,-0.267,-1,400.000,-1,350.000,575.000,325.000,325.000,300.000,300.000,-1,-1,-1,-1,800.000,525.000,-1,550.000,2,0,2,1,1,0,1,0,0,2,2,2,2,0,1,2,1
116,5717.302,3960.889,-163.146,-102.285,-0.212133,0.977074,0.018082,-0.975991,-0.212761,0.046636,0.049414,-0.007755,0.998748,0,0.79741,-0.23825,47.845,-0.477,-1,400.000,-1,350.000,525.000,325.000,300.000,300.000,300.000,-1,-1,-1,-1,800.000,500.000,-1,500.000,2,0,2,1,1,0,1,0,0,2,2,2,2,0,1,2,1
117,5706.665,3913.951,-160.706,-102.768,-0.220370,0.975243,0.018407,-0.974207,-0.220997,0.045622,0.048560,-0.007878,0.998789,0,0.80213,-0.24171,48.128,-0.483,-1,400.000,-1,325.000,475.000,325.000,300.000,300.000,300.000,-1,-1,-1,-1,800.000,475.000,-1,450.000,2,0,2,1,1,0,1,0,0,2,2,2,2,0,1,2,1
118,5695.563,3866.835,-158.344,-103.259,-0.228723,0.973316,0.018507,-0.972302,-0.229341,0.045069,0.048111,-0.007686,0.998812,0,0.80677,-0.24536,48.406,-0.491,-1,400.000,-1,325.000,425.000,325.000,300.000,300.000,300.000,-1,-1,-1,-1,800.000,450.000,-1,425.000,2,0,2,1,1,0,1,0,0,2,2,2,2,0,1,2,1
119,5683.987,3819.552,-154.889,-103.757,-0.236919,0.971248,0.023390,-0.970177,-0.237791,0.047039,0.051249,-0.011548,0.998619,0,0.81132,-0.24922,48.679,-0.498,-1,400.000,-1,325.000,400.000,325.000,300.000,300.000,325.000,-1,-1,-1,-1,825.000,450.000,-1,400.000,2,0,2,1,1,0,1,0,0,2,2,2,2,0,1,2,1
120,5671.927,3772.115,-151.247,-104.264,-0.245159,0.969046,0.029096,-0.967927,-0.246354,0.049257,0.054900,-0.016087,0.998362,0,0.81575,-0.25332,48.945,-0.507,-1,425.000,-1,300.000,375.000,350.000,300.000,300.000,325.000,-1,-1,-1,-1,850.000,425.000,-1,375.000,2,0,2,1,1,0,1,0,0,2,2,2,2,0,1,2,1
121,5659.376,3724.540,-147.410,-104.779,-0.253429,0.966696,0.035675,-0.965548,-0.255036,0.051714,0.059090,-0.021340,0.998025,0,0.82005,-0.25769,49.203,-0.515,-1,425.000,-1,300.000,350.000,350.000,275.000,300.000,350.000,-1,-1,-1,-1,875.000,425.000,-1,350.000,2,0,2,1,1,1,1,0,0,2,2,2,2,0,1,2,1
122,5646.325,3676.842,-143.368,-105.304,-0.261715,0.964179,0.043179,-0.963031,-0.263840,0.054400,0.063843,-0.027345,0.997585,0,0.82417,-0.26237,49.450,-0.525,-1,450.000,-1,300.000,325.000,350.000,275.000,275.000,375.000,-1,-1,-1,-1,900.000,400.000,-1,325.000,2,0,2,1,1,1,1,0,0,2,2,2,2,0,1,2,1
123,5632.765,3629.041,-139.114,-105.839,-0.270002,0.961473,0.051658,-0.960371,-0.272771,0.057301,0.069184,-0.034139,0.997020,0,0.82810,-0.26740,49.686,-0.535,-1,450.000,-1,300.000,300.000,350.000,275.000,275.000,375.000,-1,550.000,1000.000,-1,950.000,400.000,-1,300.000,2,0,2,1,1,1,1,0,0,2,0,0,2,0,1,2,1
124,5618.688,3581.160,-134.639,-106.384,-0.278268,0.958554,0.061165,-0.957560,-0.281834,0.060400,0.075135,-0.041762,0.996298,0,0.83177,-0.27283,49.906,-0.546,-1,475.000,-1,275.000,275.000,350.000,275.000,275.000,400.000,-1,325.000,575.000,-1,1000.000,375.000,-1,275.000,2,0,2,1,1,1,1,0,0,2,0,0,2,0,1,2,1
125,5604.088,3533.224,-129.936,-106.942,-0.286490,0.955393,0.071751,-0.954592,-0.291032,0.063675,0.081717,-0.050251,0.995388,0,0.83515,-0.27871,50.109,-0.557,-1,500.000,-1,275.000,275.000,350.000,275.000,275.000,425.000,-1,225.000,400.000,-1,-1,375.000,-1,275.000,2,0,2,1,1,1,1,0,0,2,0,0,2,2,1,2,1
126,5588.958,3485.261,-124.998,-107.512,-0.294640,0.951956,0.083468,-0.951460,-0.300369,0.067100,0.088947,-0.059646,0.994249,0,0.83818,-0.28509,50.291,-0.570,-1,500.000,-1,275.000,250.000,350.000,250.000,275.000,475.000,875.000,175.000,350.000,-1,-1,375.000,-1,250.000,2,0,2,1,1,1,1,0,0,0,0,0,2,2,1,2,1
127,5573.293,3437.307,-119.818,-108.096,-0.302687,0.948206,0.096365,-0.948158,-0.309850,0.070641,0.096841,-0.069987,0.992836,0,0.84077,-0.29207,50.446,-0.584,-1,525.000,-1,275.000,225.000,350.000,250.000,250.000,500.000,725.000,125.000,300.000,-1,-1,400.000,-1,225.000,2,1,2,1,1,1,1,0,0,0,0,0,2,2,1,2,1
128,5557.088,3389.401,-114.394,-108.696,-0.310594,0.944098,0.110504,-0.944679,-0.319477,0.074264,0.105416,-0.081325,0.991097,0,0.84284,-0.29971,50.571,-0.599,-1,525.000,-1,275.000,225.000,350.000,250.000,250.000,500.000,600.000,100.000,275.000,-1,-1,425.000,-1,225.000,2,1,2,1,1,1,1,0,1,0,0,0,2,2,1,2,1
129,5540.342,3341.588,-108.826,-109.312,-0.318244,0.939544,0.126402,-0.941017,-0.329240,0.078026,0.114925,-0.094115,0.988906,0,0.84429,-0.30810,50.657,-0.616,-1,525.000,-1,275.000,200.000,350.000,275.000,250.000,525.000,475.000,75.000,250.000,-1,-1,450.000,-1,200.000,2,1,2,1,1,1,1,0,1,0,0,0,2,2,1,2,1
130,-4919.493,-1639.829,43.704,51.785,0.618724,-0.785591,-0.005275,0.785511,0.618528,0.019901,-0.012371,-0.016456,0.999788,1,0.00000,0.00000,50.699,-0.635,-1,375.000,-1,400.000,-1,325.000,325.000,300.000,300.000,-1,-1,800.000,-1,750.000,800.000,-1,-1,2,0,2,0,2,0,0,0,0,2,2,0,2,0,0,2,2
131,-4916.514,-1636.065,43.633,51.641,0.620697,-0.784032,-0.005343,0.783956,0.620502,0.019776,-0.012190,-0.016463,0.999790,0,0.08000,-0.07206,4.800,-0.144,-1,375.000,-1,400.000,-1,325.000,325.000,300.000,300.000,-1,-1,800.000,-1,750.000,800.000,-1,-1,2,0,2,0,2,0,0,0,0,2,2,0,2,0,0,2,2
132,-4910.538,-1628.552,43.495,51.500,0.622621,-0.782504,-0.005469,0.782433,0.622428,0.019519,-0.011869,-0.016432,0.999795,0,0.16000,-0.07046,9.600,-0.141,-1,375.000,-1,400.000,-1,325.000,325.000,300.000,300.000,-1,-1,775.000,-1,750.000,800.000,-1,-1,2,0,2,0,2,0,0,0,0,2,2,0,2,0,0,2,2
133,-4901.548,-1617.304,43.268,51.366,0.624454,-0.781041,-0.005660,0.780978,0.624264,0.019166,-0.011436,-0.016389,0.999800,0,0.24000,-0.06727,14.400,-0.135,-1,375.000,-1,400.000,-1,325.000,325.000,300.000,300.000,-1,-1,775.000,-1,750.000,800.000,-1,-1,2,0,2,0,2,0,0,0,0,2,2,0,2,0,0,2,2
134,-4889.527,-1602.332,42.966,51.241,0.626152,-0.779679,-0.005912,0.779625,0.625967,0.018707,-0.010885,-0.016322,0.999808,0,0.32000,-0.06247,19.200,-0.125,-1,400.000,-1,400.000,-1,325.000,325.000,300.000,300.000,-1,-1,750.000,-1,750.000,800.000,-1,-1,2,0,2,0,2,0,0,0,0,2,2,0,2,0,0,2,2
135,-4874.466,-1583.647,42.587,51.129,0.627671,-0.778454,-0.006221,0.778411,0.627492,0.018156,-0.010230,-0.016239,0.999816,0,0.40000,-0.05606,24.000,-0.112,-1,400.000,-1,400.000,-1,325.000,325.000,300.000,300.000,-1,1000.000,750.000,-1,750.000,800.000,-1,-1,2,0,2,0,2,0,0,0,0,2,0,0,2,0,0,2,2
136,-4856.354,-1561.254,42.129,51.033,0.628969,-0.777402,-0.006587,0.777372,0.628797,0.017530,-0.009486,-0.016146,0.999825,0,0.48000,-0.04801,28.800,-0.096,-1,400.000,-1,400.000,-1,325.000,325.000,300.000,300.000,-1,925.000,725.000,-1,750.000,800.000,-1,-1,2,0,2,0,2,0,0,0,0,2,0,0,2,0,0,2,2
137,-4835.188,-1535.159,41.744,50.956,0.630001,-0.776569,-0.006203,0.776540,0.629843,0.016840,-0.009170,-0.015426,0.999839,0,0.56000,-0.03831,33.600,-0.077,-1,400.000,-1,400.000,-1,325.000,325.000,300.000,300.000,-1,925.000,750.000,-1,775.000,825.000,-1,-1,2,0,2,0,2,0,0,0,0,2,0,0,2,0,0,2,2
138,-4810.971,-1505.358,41.301,50.902,0.630723,-0.775987,-0.005728,0.775957,0.630580,0.016112,-0.008890,-0.014607,0.999854,0,0.64000,-0.02693,38.400,-0.054,-1,400.000,-1,400.000,-1,325.000,325.000,300.000,300.000,-1,950.000,775.000,-1,775.000,825.000,-1,-1,2,0,2,0,2,0,0,0,0,2,0,0,2,0,0,2,2
139,-4783.711,-1471.845,40.796,50.874,0.631090,-0.775692,-0.005165,0.775661,0.630963,0.015371,-0.008665,-0.013707,0.999869,0,0.72000,-0.01382,43.200,-0.028,-1,400.000,-1,400.000,-1,325.000,325.000,300.000,300.000,-1,950.000,800.000,-1,775.000,825.000,-1,-1,2,0,2,0,2,0,0,0,0,2,0,0,2,0,0,2,2
140,-4754.901,-1436.423,40.254,50.877,0.631055,-0.775724,-0.004533,0.775691,0.630942,0.014680,-0.008528,-0.012781,0.999882,0,0.76098,0.00104,45.659,0.002,-1,400.000,-1,400.000,-1,325.000,325.000,300.000,300.000,-1,975.000,825.000,-1,775.000,825.000,-1,-1,2,0,2,0,2,0,0,0,0,2,0,0,2,0,0,2,2
141,-4725.764,-1400.558,39.697,50.910,0.630592,-0.776105,-0.003854,0.776068,0.630492,0.014074,-0.008493,-0.011865,0.999894,0,0.77014,0.01688,46.209,0.034,-1,400.000,-1,400.000,-1,325.000,325.000,300.000,300.000,-1,-1,850.000,-1,775.000,825.000,-1,-1,2,0,2,0,2,0,0,0,0,2,2,0,2,0,0,2,2
142,-4696.449,-1364.405,39.131,50.963,0.629870,-0.776695,-0.003122,0.776654,0.629782,0.013539,-0.008550,-0.010953,0.999903,0,0.77576,0.02645,46.546,0.053,-1,400.000,-1,400.000,-1,325.000,325.000,300.000,300.000,-1,-1,900.000,-1,800.000,825.000,-1,-1,2,0,2,0,2,0,0,0,0,2,2,0,2,0,0,2,2
143,-4667.167,-1328.224,38.558,51.016,0.629147,-0.777283,-0.002347,0.777238,0.629070,0.013098,-0.008705,-0.010065,0.999911,0,0.77576,0.02645,46.546,0.053,-1,400.000,-1,400.000,-1,325.000,325.000,300.000,300.000,-1,-1,925.000,-1,800.000,825.000,-1,-1,2,0,2,0,2,0,0,0,0,2,2,0,2,0,0,2,2
144,-4637.918,-1292.016,37.946,51.069,0.628423,-0.777871,-0.001380,0.777819,0.628358,0.012751,-0.009051,-0.009086,0.999918,0,0.77576,0.02645,46.546,0.053,-1,400.000,-1,400.000,-1,325.000,325.000,300.000,300.000,-1,-1,1000.000,-1,800.000,825.000,-1,-1,2,0,2,0,2,0,0,0,0,2,2,0,2,0,0,2,2
145,-4608.703,-1255.781,37.318,51.122,0.627697,-0.778457,-0.000335,0.778399,0.627645,0.012498,-0.009519,-0.008106,0.999922,0,0.77576,0.02645,46.546,0.053,-1,400.000,-1,400.000,-1,325.000,325.000,300.000,300.000,-1,-1,-1,-1,800.000,825.000,-1,-1,2,0,2,0,2,0,0,0,0,2,2,2,2,0,0,2,2
146,-4579.521,-1219.519,36.760,51.175,0.626973,-0.779041,0.000649,0.778973,0.626929,0.012660,-0.010270,-0.007432,0.999920,0,0.77576,0.02645,46.546,0.053,-1,400.000,-1,400.000,-1,325.000,325.000,300.000,300.000,-1,-1,-1,-1,825.000,825.000,-1,-1,2,0,2,0,2,0,0,0,0,2,2,2,2,0,0,2,2
147,-4550.373,-1183.230,36.260,51.228,0.626249,-0.779621,0.001582,0.779542,0.626212,0.013190,-0.011274,-0.007027,0.999912,0,0.77576,0.02645,46.546,0.053,-1,400.000,-1,400.000,-1,325.000,325.000,300.000,300.000,-1,-1,-1,-1,825.000,825.000,-1,-1,2,0,2,0,2,0,0,0,0,2,2,2,2,0,0,2,2
148,-4521.258,-1146.914,35.737,51.281,0.625523,-0.780202,0.002546,0.780109,0.625493,0.013712,-0.012291,-0.006591,0.999903,0,0.77576,0.02645,46.546,0.053,-1,400.000,-1,400.000,-1,325.000,325.000,300.000,300.000,-1,-1,-1,-1,825.000,825.000,-1,-1,2,0,2,0,2,0,0,0,0,2,2,2,2,0,0,2,2
149,-4492.177,-1110.572,35.168,51.333,0.624796,-0.780781,0.003427,0.780676,0.624774,0.014227,-0.013249,-0.006214,0.999893,0,0.77576,0.02645,46.546,0.053,-1,400.000,-1,400.000,-1,325.000,325.000,300.000,300.000,-1,-1,-1,-1,825.000,825.000,-1,-1,2,0,2,0,2,0,0,0,0,2,2,2,2,0,0,2,2
150,-4463.130,-1074.202,34.550,51.386,0.624068,-0.781359,0.004205,0.781242,0.624054,0.014735,-0.014138,-0.005911,0.999883,0,0.77576,0.02645,46.546,0.053,-1,400.000,-1,400.000,-1,325.000,325.000,300.000,300.000,-1,-1,-1,-1,825.000,825.000,-1,-1,2,0,2,0,2,0,0,0,0,2,2,2,2,0,0,2,2
151,-4434.116,-1037.806,33.893,51.439,0.623339,-0.781936,0.004974,0.781808,0.623334,0.015235,-0.015014,-0.005608,0.999872,0,0.77576,0.02645,46.546,0.053,-1,400.000,-1,400.000,-1,325.000,325.000,300.000,300.000,-1,-1,-1,-1,825.000,825.000,-1,-1,2,0,2,0,2,0,0,0,0,2,2,2,2,0,0,2,2
152,-4402.316,-997.493,33.121,51.732,0.619324,-0.785114,0.005815,0.784973,0.619329,0.015780,-0.015991,-0.005208,0.999859,0,0.85576,0.14645,51.346,0.293,-1,400.000,-1,400.000,-1,325.000,325.000,300.000,300.000,-1,-1,-1,-1,825.000,800.000,-1,-1,2,0,2,0,2,0,0,0,0,2,2,2,2,0,0,2,2
153,-4368.634,-953.970,32.238,52.265,0.611983,-0.790842,0.006710,0.790687,0.612002,0.016353,-0.017039,-0.004702,0.999844,0,0.91724,0.26645,55.034,0.533,-1,400.000,-1,400.000,-1,325.000,325.000,300.000,300.000,-1,-1,-1,-1,850.000,800.000,-1,-1,2,0,2,0,2,0,0,0,0,2,2,2,2,0,0,2,2
154,-4335.540,-909.997,31.298,53.035,0.601291,-0.798994,0.007602,0.798826,0.601325,0.016911,-0.018083,-0.004096,0.999828,0,0.91724,0.38485,55.034,0.770,-1,400.000,-1,400.000,-1,325.000,325.000,300.000,300.000,-1,-1,-1,-1,850.000,800.000,-1,-1,2,0,2,0,2,0,0,0,0,2,2,2,2,0,0,2,2
155,-4303.040,-865.584,30.302,53.805,0.590487,-0.807002,0.008508,0.806821,0.590539,0.017450,-0.019106,-0.003439,0.999812,0,0.91724,0.38485,55.034,0.770,-1,400.000,-1,400.000,-1,325.000,325.000,300.000,300.000,-1,-1,-1,-1,850.000,800.000,-1,-1,2,0,2,0,2,0,0,0,0,2,2,2,2,0,0,2,2
156,-4271.140,-820.739,29.241,54.574,0.579575,-0.814864,0.009451,0.814671,0.579646,0.017921,-0.020081,-0.002687,0.999795,0,0.91724,0.38485,55.034,0.770,-1,400.000,-1,400.000,-1,325.000,325.000,300.000,300.000,-1,-1,-1,-1,850.000,800.000,-1,-1,2,0,2,0,2,0,0,0,0,2,2,2,2,0,0,2,2
157,-4239.845,-775.469,28.083,55.344,0.568555,-0.822579,0.010463,0.822380,0.568648,0.018180,-0.020904,-0.001731,0.999780,0,0.91724,0.38485,55.034,0.770,-1,400.000,-1,400.000,-1,325.000,325.000,300.000,300.000,-1,-1,-1,-1,850.000,800.000,-1,-1,2,0,2,0,2,0,0,0,0,2,2,2,2,0,0,2,2
158,-4209.160,-729.782,26.797,56.114,0.557433,-0.830144,0.011342,0.829930,0.557547,0.018904,-0.022016,-0.001125,0.999757,0,0.91724,0.38485,55.034,0.770,-1,400.000,-1,400.000,-1,325.000,325.000,300.000,300.000,-1,-1,-1,-1,850.000,800.000,-1,-1,2,0,2,0,2,0,0,0,0,2,2,2,2,0,0,2,2
159,-4179.093,-683.688,25.351,56.883,0.546214,-0.837559,0.012012,0.837315,0.546345,0.020251,-0.023525,-0.001004,0.999723,0,0.91724,0.38485,55.034,0.770,-1,400.000,-1,400.000,-1,325.000,325.000,300.000,300.000,-1,-1,-1,-1,850.000,800.000,-1,-1,2,0,2,0,2,0,0,0,0,2,2,2,2,0,0,2,2
160,-4149.647,-637.194,23.868,57.653,0.534896,-0.844823,0.012658,0.844547,0.535045,0.021609,-0.025028,-0.000868,0.999686,0,0.91724,0.38485,55.034,0.770,-1,400.000,-1,400.000,-1,325.000,325.000,300.000,300.000,-1,-1,-1,-1,850.000,800.000,-1,-1,2,0,2,0,2,0,0,0,0,2,2,2,2,0,0,2,2
161,-4120.828,-590.308,22.348,58.423,0.523480,-0.851935,0.013278,0.851625,0.523648,0.022974,-0.026525,-0.000719,0.999648,0,0.91724,0.38485,55.034,0.770,-1,400.000,-1,400.000,-1,325.000,325.000,300.000,300.000,-1,-1,-1,-1,850.000,800.000,-1,-1,2,0,2,0,2,0,0,0,0,2,2,2,2,0,0,2,2
162,-4092.642,-543.039,20.789,59.192,0.511968,-0.858892,0.013877,0.858548,0.512156,0.024331,-0.028005,-0.000543,0.999608,0,0.91724,0.38485,55.034,0.770,-1,400.000,-1,400.000,-1,325.000,325.000,300.000,300.000,-1,-1,-1,-1,850.000,800.000,-1,-1,2,0,2,0,2,0,0,0,0,2,2,2,2,0,0,2,2
163,-4065.094,-495.397,19.188,59.962,0.500363,-0.865695,0.014463,0.865314,0.500572,0.025657,-0.029451,-0.000323,0.999566,0,0.91724,0.38485,55.034,0.770,-1,400.000,-1,400.000,-1,325.000,325.000,300.000,300.000,-1,-1,-1,-1,850.000,775.000,-1,-1,2,0,2,0,2,0,0,0,0,2,2,2,2,0,0,2,2
164,-4040.718,-451.473,17.554,60.972,0.484988,-0.874381,0.015618,0.873966,0.485239,0.026933,-0.031128,0.000587,0.999515,0,0.83724,0.50485,50.234,1.010,-1,400.000,-1,400.000,-1,325.000,325.000,300.000,300.000,-1,-1,-1,-1,850.000,775.000,-1,-1,2,0,2,0,2,0,0,0,0,2,2,2,2,0,0,2,2
165,-4018.875,-410.127,15.977,62.153,0.466819,-0.884193,0.016791,0.883747,0.467118,0.028132,-0.032718,0.001706,0.999463,0,0.77934,0.59037,46.761,1.181,-1,400.000,-1,400.000,-1,325.000,325.000,300.000,300.000,-1,-1,-1,-1,850.000,775.000,-1,-1,2,0,2,0,2,0,0,0,0,2,2,2,2,0,0,2,2
166,-3997.889,-368.340,14.377,63.333,0.448448,-0.893629,0.017925,0.893152,0.448797,0.029332,-0.034256,0.002856,0.999409,0,0.77934,0.59037,46.761,1.181,-1,400.000,-1,400.000,-1,325.000,325.000,300.000,300.000,-1,-1,-1,-1,850.000,775.000,-1,-1,2,0,2,0,2,0,0,0,0,2,2,2,2,0,0,2,2
167,-3977.768,-326.130,12.755,64.514,0.429884,-0.902684,0.019021,0.902176,0.430286,0.030530,-0.035743,0.004036,0.999353,0,0.77934,0.59037,46.761,1.181,-1,400.000,-1,400.000,-1,325.000,325.000,300.000,300.000,-1,-1,-1,-1,850.000,775.000,-1,-1,2,0,2,0,2,0,0,0,0,2,2,2,2,0,0,2,2
168,-3958.521,-283.513,11.153,65.695,0.411142,-0.911354,0.019898,0.910818,0.411591,0.031680,-0.037061,0.005099,0.999300,0,0.77934,0.59037,46.761,1.181,-1,400.000,-1,400.000,-1,325.000,325.000,300.000,300.000,-1,-1,-1,-1,825.000,775.000,-1,-1,2,0,2,0,2,0,0,0,0,2,2,2,2,0,0,2,2
169,-3940.157,-240.510,9.586,66.876,0.392233,-0.919638,0.020495,0.919074,0.392722,0.032751,-0.038168,0.005990,0.999253,0,0.77934,0.59037,46.761,1.181,-1,400.000,-1,400.000,-1,325.000,325.000,300.000,300.000,-1,-1,-1,-1,825.000,775.000,-1,-1,2,0,2,0,2,0,0,0,0,2,2,2,2,0,0,2,2
170,-3922.683,-197.137,7.997,68.056,0.373155,-0.927529,0.021081,0.926939,0.373686,0.033808,-0.039235,0.006925,0.999206,0,0.77934,0.59037,46.761,1.181,-1,400.000,-1,400.000,-1,325.000,325.000,300.000,275.000,-1,-1,-1,-1,825.000,775.000,-1,-1,2,0,2,0,2,0,0,0,0,2,2,2,2,0,0,2,2
171,-3906.106,-153.413,6.390,69.237,0.353917,-0.935026,0.021657,0.934410,0.354491,0.034850,-0.040263,0.007902,0.999158,0,0.77934,0.59037,46.761,1.181,-1,400.000,-1,400.000,-1,325.000,325.000,300.000,275.000,-1,-1,-1,-1,825.000,775.000,-1,-1,2,0,2,0,2,0,0,0,0,2,2,2,2,0,0,2,2
172,-3888.622,-104.907,4.542,70.178,0.338486,-0.940716,0.021935,0.940070,0.339090,0.035858,-0.041170,0.008483,0.999116,0,0.85934,0.47037,51.561,0.941,-1,400.000,-1,400.000,-1,325.000,325.000,300.000,275.000,-1,-1,-1,-1,825.000,775.000,-1,-1,2,0,2,0,2,0,0,0,0,2,2,2,2,0,0,2,2
173,-3870.160,-51.656,2.313,70.879,0.326964,-0.944795,0.021361,0.944110,0.327560,0.036894,-0.041855,0.008104,0.999091,0,0.93934,0.35037,56.361,0.701,-1,400.000,-1,400.000,-1,325.000,325.000,300.000,300.000,-1,-1,-1,-1,825.000,775.000,-1,-1,2,0,2,0,2,0,0,0,0,2,2,2,2,0,0,2,2
174,-3851.736,2.897,-0.102,71.339,0.319381,-0.947407,0.020404,0.946654,0.319955,0.038417,-0.042925,0.007046,0.999053,0,0.95966,0.23037,57.580,0.461,-1,400.000,-1,400.000,-1,325.000,325.000,300.000,300.000,-1,-1,-1,-1,825.000,775.000,-1,-1,2,0,2,0,2,0,0,0,0,2,2,2,2,0,0,2,2
175,-3833.523,57.520,-2.548,71.560,0.315760,-0.948639,0.019457,0.947821,0.316305,0.039826,-0.043935,0.005866,0.999017,0,0.95966,0.11037,57.580,0.221,-1,400.000,-1,400.000,-1,325.000,325.000,300.000,300.000,-1,-1,-1,-1,800.000,775.000,-1,-1,2,0,2,0,2,0,0,0,0,2,2,2,2,0,0,2,2
176,-3815.292,112.137,-5.220,71.541,0.316092,-0.948536,0.019104,0.947682,0.316625,0.040586,-0.044546,0.005276,0.998993,0,0.95966,-0.00963,57.580,-0.019,-1,400.000,-1,400.000,-1,325.000,325.000,300.000,300.000,-1,-1,-1,-1,800.000,775.000,-1,-1,2,0,2,0,2,0,0,0,0,2,2,2,2,0,0,2,2
177,-3796.814,166.671,-8.003,71.282,0.320377,-0.947096,0.019175,0.946199,0.320914,0.041504,-0.045462,0.004847,0.998954,0,0.95966,-0.12963,57.580,-0.259,-1,400.000,-1,400.000,-1,325.000,325.000,300.000,300.000,-1,-1,-1,-1,800.000,775.000,-1,-1,2,0,2,0,2,0,0,0,0,2,2,2,2,0,0,2,2
178,-3777.861,221.043,-10.794,70.782,0.328621,-0.944267,0.019210,0.943323,0.329155,0.042411,-0.046370,0.004184,0.998916,0,0.95966,-0.24963,57.580,-0.499,-1,400.000,-1,400.000,-1,325.000,325.000,300.000,300.000,-1,-1,-1,-1,775.000,750.000,-1,-1,2,0,2,0,2,0,0,0,0,2,2,2,2,0,0,2,2
179,-3758.208,275.165,-13.591,70.043,0.340787,-0.939944,0.019212,0.938952,0.341312,0.043308,-0.047264,0.003280,0.998877,0,0.95966,-0.36963,57.580,-0.739,-1,400.000,-1,400.000,-1,325.000,325.000,300.000,300.000,-1,-1,-1,-1,775.000,750.000,-1,-1,2,0,2,0,2,0,0,0,0,2,2,2,2,0,0,2,2
180,-3737.633,328.943,-16.395,69.064,0.356818,-0.933977,0.019184,0.932933,0.357327,0.044196,-0.048133,0.002127,0.998839,0,0.95966,-0.48963,57.580,-0.979,-1,400.000,-1,400.000,-1,325.000,325.000,300.000,275.000,-1,-1,-1,-1,775.000,750.000,-1,-1,2,0,2,0,2,0,0,0,0,2,2,2,2,0,0,2,2
181,-3716.038,382.319,-19.210,67.973,0.374563,-0.927004,0.019146,0.925908,0.375051,0.045067,-0.048958,0.000847,0.998800,0,0.95966,-0.54566,57.580,-1.091,-1,400.000,-1,400.000,-1,325.000,325.000,300.000,275.000,-1,-1,-1,-1,775.000,725.000,-1,-1,2,0,2,0,2,0,0,0,0,2,2,2,2,0,0,2,2
182,-3693.430,435.275,-21.947,66.881,0.392184,-0.919692,0.018907,0.918527,0.392639,0.046293,-0.049998,-0.000789,0.998749,0,0.95966,-0.54566,57.580,-1.091,-1,400.000,-1,400.000,-1,325.000,325.000,300.000,275.000,-1,-1,-1,-1,750.000,725.000,-1,-1,2,0,2,0,2,0,0,0,0,2,2,2,2,0,0,2,2
183,-3669.818,487.791,-24.683,65.790,0.409666,-0.912045,0.018646,0.910807,0.410083,0.047571,-0.051033,-0.002505,0.998694,0,0.95966,-0.54566,57.580,-1.091,-1,400.000,-1,400.000,-1,325.000,325.000,300.000,275.000,-1,-1,-1,-1,750.000,725.000,-1,-1,2,0,2,0,2,0,0,0,0,2,2,2,2,0,0,2,2
184,-3645.209,539.847,-27.550,64.699,0.427034,-0.904062,0.017749,0.902761,0.427376,0.048716,-0.051628,-0.004780,0.998655,0,0.95966,-0.54566,57.580,-1.091,-1,400.000,-1,375.000,-1,325.000,325.000,300.000,300.000,-1,-1,-1,-1,725.000,700.000,-1,-1,2,0,2,0,2,0,0,0,0,2,2,2,2,0,0,2,2
185,-3619.614,591.425,-30.428,63.607,0.444256,-0.895745,0.016650,0.894402,0.444510,0.049555,-0.051790,-0.007123,0.998633,0,0.95966,-0.54566,57.580,-1.091,-1,400.000,-1,375.000,-1,325.000,325.000,300.000,300.000,-1,-1,-1,-1,725.000,700.000,-1,-1,2,0,2,0,2,0,0,0,0,2,2,2,2,0,0,2,2
186,-3593.042,642.507,-33.193,62.516,0.461301,-0.887103,0.015807,0.885743,0.461483,0.049921,-0.051580,-0.009027,0.998628,0,0.95966,-0.54566,57.580,-1.091,-1,375.000,-1,375.000,-1,325.000,325.000,300.000,300.000,-1,-1,-1,-1,725.000,675.000,-1,-1,2,0,2,0,2,0,0,0,0,2,2,2,2,0,0,2,2
187,-3565.501,693.073,-35.953,61.425,0.478176,-0.878136,0.014973,0.876761,0.478286,0.050322,-0.051351,-0.010935,0.998621,0,0.95966,-0.54566,57.580,-1.091,-1,375.000,-1,375.000,-1,325.000,300.000,300.000,300.000,-1,-1,-1,-1,700.000,675.000,-1,-1,2,0,2,0,2,0,0,0,0,2,2,2,2,0,0,2,2
188,-3537.002,743.105,-38.748,60.333,0.494872,-0.868850,0.014222,0.867469,0.494914,0.050573,-0.050979,-0.012690,0.998619,0,0.95966,-0.54566,57.580,-1.091,-1,375.000,-1,375.000,-1,300.000,300.000,300.000,300.000,-1,-1,-1,-1,700.000,675.000,-1,-1,2,0,2,0,2,0,0,0,0,2,2,2,2,0,0,2,2
189,-3507.555,792.585,-41.446,59.242,0.511352,-0.859258,0.013955,0.857930,0.511367,0.049591,-0.049748,-0.013387,0.998672,0,0.95966,-0.54566,57.580,-1.091,-1,375.000,-1,375.000,-1,300.000,300.000,300.000,300.000,-1,-1,-1,-1,675.000,650.000,-1,-1,2,0,2,0,2,0,0,0,0,2,2,2,2,0,0,2,2
190,-3477.171,841.495,-44.089,58.151,0.527648,-0.849355,0.013572,0.848086,0.527635,0.048492,-0.048348,-0.014076,0.998731,0,0.95966,-0.54566,57.580,-1.091,-1,375.000,-1,375.000,-1,300.000,300.000,300.000,300.000,-1,-1,-1,-1,675.000,650.000,-1,-1,2,0,2,0,2,0,0,0,0,2,2,2,2,0,0,2,2
191,-3445.862,889.818,-46.507,57.059,0.543789,-0.839134,0.012163,0.837945,0.543704,0.047272,-0.046281,-0.015514,0.998808,0,0.95966,-0.54566,57.580,-1.091,-1,375.000,-1,375.000,-1,300.000,300.000,300.000,300.000,-1,-1,-1,-1,675.000,650.000,-1,-1,2,0,2,0,2,0,0,0,0,2,2,2,2,0,0,2,2
192,-3413.637,937.536,-48.902,55.968,0.559729,-0.828607,0.010683,0.827499,0.559574,0.046066,-0.044149,-0.016944,0.998881,0,0.95966,-0.54566,57.580,-1.091,-1,375.000,-1,375.000,-1,300.000,300.000,300.000,300.000,-1,-1,-1,-1,675.000,650.000,-1,-1,2,0,2,0,2,0,0,0,0,2,2,2,2,0,0,2,2
193,-3380.510,984.631,-51.274,54.877,0.575461,-0.817778,0.009132,0.816753,0.575240,0.044874,-0.041950,-0.018365,0.998951,0,0.95966,-0.54566,57.580,-1.091,-1,375.000,-1,375.000,-1,300.000,300.000,300.000,300.000,-1,-1,-1,-1,650.000,650.000,-1,-1,2,0,2,0,2,0,0,0,0,2,2,2,2,0,0,2,2
194,-3346.492,1031.087,-53.621,53.785,0.590978,-0.806653,0.007510,0.805711,0.590695,0.043700,-0.039687,-0.019775,0.999016,0,0.95966,-0.54566,57.580,-1.091,-1,375.000,-1,375.000,-1,325.000,300.000,300.000,300.000,-1,975.000,-1,-1,650.000,650.000,-1,-1,2,0,2,0,2,0,0,0,0,2,0,2,2,0,0,2,2
195,-3311.595,1076.887,-55.596,52.694,0.606317,-0.795212,0.004226,0.794391,0.605918,0.042508,-0.036364,-0.022416,0.999087,0,0.95966,-0.54566,57.580,-1.091,-1,375.000,-1,375.000,-1,325.000,300.000,300.000,300.000,-1,625.000,825.000,-1,650.000,675.000,-1,-1,2,0,2,0,2,0,0,0,0,2,0,0,2,0,0,2,2
196,-3275.832,1122.014,-57.336,51.603,0.621405,-0.783488,0.001511,0.782778,0.620922,0.041401,-0.033375,-0.024544,0.999141,0,0.95966,-0.54566,57.580,-1.091,-1,375.000,-1,375.000,-1,325.000,300.000,300.000,300.000,-1,575.000,650.000,-1,650.000,675.000,-1,-1,2,0,2,0,2,0,0,0,0,2,0,0,2,0,0,2,2
197,-3239.217,1166.451,-59.059,50.512,0.636253,-0.771479,-0.001205,0.770882,0.635698,0.040352,-0.030365,-0.026603,0.999185,0,0.95966,-0.54566,57.580,-1.091,-1,375.000,-1,375.000,-1,325.000,325.000,300.000,300.000,-1,550.000,600.000,-1,650.000,675.000,-1,-1,2,0,2,0,2,0,0,0,0,2,0,0,2,0,0,2,2
198,-3201.761,1210.183,-60.765,49.420,0.650857,-0.759190,-0.003918,0.758708,0.650241,0.039361,-0.027335,-0.028591,0.999217,0,0.95966,-0.54566,57.580,-1.091,-1,375.000,-1,375.000,-1,325.000,325.000,300.000,300.000,-1,500.000,575.000,-1,650.000,675.000,-1,-1,2,0,2,0,2,0,0,0,0,2,0,0,2,0,0,2,2
199,-3163.479,1253.193,-62.000,48.329,0.665175,-0.746667,-0.005555,0.746307,0.664581,0.036853,-0.023825,-0.028660,0.999305,0,0.95966,-0.54566,57.580,-1.091,-1,375.000,-1,375.000,-1,300.000,325.000,300.000,300.000,-1,500.000,550.000,-1,650.000,675.000,-1,-1,2,0,2,0,2,0,0,0,0,2,0,0,2,0,0,2,2
200,-3124.385,1295.467,-63.111,47.238,0.679240,-0.733883,-0.006966,0.733637,0.678689,0.034032,-0.020248,-0.028227,0.999396,0,0.95966,-0.54566,57.580,-1.091,-1,375.000,-1,375.000,-1,300.000,325.000,300.000,300.000,-1,475.000,525.000,-1,650.000,675.000,-1,-1,2,0,2,0,2,0,0,0,0,2,0,0,2,0,0,2,2
201,-3084.492,1336.988,-64.195,46.146,0.693056,-0.720834,-0.008411,0.720691,0.692554,0.031209,-0.016672,-0.027691,0.999477,0,0.95966,-0.54566,57.580,-1.091,-1,375.000,-1,375.000,-1,300.000,325.000,300.000,300.000,-1,475.000,500.000,-1,650.000,675.000,-1,-1,2,0,2,0,2,0,0,0,0,2,0,0,2,0,0,2,2
202,-3043.816,1377.741,-65.251,45.055,0.706618,-0.707526,-0.009890,0.707473,0.706170,0.028384,-0.013098,-0.027054,0.999548,0,0.95966,-0.54566,57.580,-1.091,-1,375.000,-1,375.000,-1,300.000,325.000,300.000,300.000,-1,475.000,475.000,-1,675.000,675.000,-1,-1,2,0,2,0,2,0,0,0,0,2,0,0,2,0,0,2,2
203,-3005.980,1414.540,-66.019,44.204,0.717023,-0.696957,-0.011318,0.696971,0.716606,0.026608,-0.010434,-0.026967,0.999582,0,0.87966,-0.42566,52.780,-0.851,-1,375.000,-1,375.000,-1,300.000,300.000,300.000,300.000,-1,475.000,450.000,-1,675.000,675.000,-1,-1,2,0,2,0,2,0,0,0,0,2,0,0,2,0,0,2,2
204,-2971.230,1447.622,-66.518,43.592,0.724382,-0.689286,-0.012499,0.689356,0.724015,0.024283,-0.007688,-0.026206,0.999627,0,0.79966,-0.30566,47.980,-0.611,-1,375.000,-1,375.000,-1,300.000,325.000,300.000,275.000,-1,475.000,425.000,-1,675.000,700.000,-1,-1,2,0,2,0,2,0,0,0,0,2,0,0,2,0,0,2,2
205,-2936.720,1480.052,-66.977,43.221,0.728795,-0.684598,-0.013566,0.684714,0.728487,0.021774,-0.005024,-0.025158,0.999671,0,0.78926,-0.18566,47.356,-0.371,-1,375.000,-1,375.000,-1,300.000,325.000,300.000,275.000,-1,450.000,425.000,-1,675.000,700.000,-1,-1,2,0,2,0,2,0,0,0,0,2,0,0,2,0,0,2,2
206,-2902.137,1512.402,-67.458,43.090,0.730325,-0.682946,-0.014516,0.683095,0.730074,0.019299,-0.002583,-0.024011,0.999708,0,0.78926,-0.06566,47.356,-0.131,-1,375.000,-1,375.000,-1,300.000,325.000,300.000,275.000,-1,400.000,425.000,-1,700.000,700.000,-1,-1,2,0,2,0,2,0,0,0,0,2,0,0,2,0,0,2,2
207,-2867.615,1544.818,-67.763,43.198,0.729003,-0.684337,-0.015386,0.684510,0.728786,0.017804,-0.000971,-0.023512,0.999723,0,0.78926,0.05434,47.356,0.109,-1,375.000,-1,375.000,-1,300.000,325.000,300.000,275.000,-1,400.000,400.000,-1,700.000,700.000,-1,-1,2,0,2,0,2,0,0,0,0,2,0,0,2,0,0,2,2
208,-2833.291,1577.444,-67.913,43.547,0.724811,-0.688759,-0.016149,0.688948,0.724607,0.017201,-0.000146,-0.023593,0.999722,0,0.78926,0.17434,47.356,0.349,-1,375.000,-1,375.000,-1,300.000,325.000,300.000,275.000,-1,425.000,425.000,-1,700.000,700.000,-1,-1,2,0,2,0,2,0,0,0,0,2,0,0,2,0,0,2,2
209,-2799.305,1610.420,-67.888,44.136,0.717673,-0.696155,-0.017747,0.696380,0.717479,0.016707,0.001102,-0.024349,0.999703,0,0.78926,0.29434,47.356,0.589,-1,375.000,-1,375.000,-1,300.000,325.000,300.000,275.000,-1,425.000,425.000,-1,700.000,725.000,-1,-1,2,0,2,0,2,0,0,0,0,2,0,0,2,0,0,2,2
210,-2765.799,1643.885,-67.725,44.964,0.707494,-0.706435,-0.020041,0.706714,0.707312,0.016248,0.002697,-0.025659,0.999667,0,0.78926,0.41434,47.356,0.829,-1,375.000,-1,375.000,-1,325.000,325.000,300.000,275.000,-1,425.000,450.000,-1,700.000,725.000,-1,-1,2,0,2,0,2,0,0,0,0,2,0,0,2,0,0,2,2
211,-2732.923,1677.969,-67.597,46.033,0.694156,-0.719481,-0.022240,0.719813,0.693991,0.015674,0.004157,-0.026889,0.999630,0,0.78926,0.53434,47.356,1.069,-1,375.000,-1,375.000,-1,325.000,325.000,300.000,300.000,-1,425.000,450.000,-1,700.000,750.000,-1,-1,2,0,2,0,2,0,0,0,0,2,0,0,2,0,0,2,2
212,-2700.834,1712.795,-67.337,47.342,0.677516,-0.735135,-0.023427,0.735492,0.677370,0.014884,0.004927,-0.027314,0.999615,0,0.78926,0.65434,47.356,1.309,-1,375.000,-1,400.000,-1,325.000,325.000,300.000,300.000,-1,450.000,475.000,-1,725.000,775.000,-1,-1,2,0,2,0,2,0,0,0,0,2,0,0,2,0,0,2,2
213,-2669.641,1748.426,-67.000,48.799,0.658567,-0.752116,-0.024710,0.752500,0.658444,0.013960,0.005771,-0.027788,0.999597,0,0.78926,0.72873,47.356,1.457,-1,375.000,-1,400.000,-1,325.000,325.000,300.000,300.000,-1,450.000,500.000,-1,725.000,800.000,-1,-1,2,0,2,0,2,0,0,0,0,2,0,0,2,0,0,2,2
214,-2639.364,1784.838,-66.734,50.257,0.639193,-0.768615,-0.025746,0.769018,0.639097,0.012871,0.006561,-0.028026,0.999586,0,0.78926,0.72873,47.356,1.457,-1,375.000,-1,400.000,-1,325.000,325.000,300.000,300.000,-1,475.000,500.000,-1,725.000,800.000,-1,-1,2,0,2,0,2,0,0,0,0,2,0,0,2,0,0,2,2
215,-2610.023,1822.009,-66.557,51.714,0.619409,-0.784623,-0.026435,0.785035,0.619342,0.011632,0.007245,-0.027957,0.999583,0,0.78926,0.72873,47.356,1.457,-1,375.000,-1,400.000,-1,325.000,325.000,300.000,300.000,-1,500.000,525.000,-1,725.000,825.000,-1,-1,2,0,2,0,2,0,0,0,0,2,0,0,2,0,0,2,2
216,-2581.637,1859.914,-66.466,53.172,0.599228,-0.800130,-0.026776,0.800540,0.599192,0.010267,0.007829,-0.027587,0.999589,0,0.78926,0.72873,47.356,1.457,-1,375.000,-1,400.000,-1,325.000,325.000,300.000,300.000,-1,500.000,550.000,-1,725.000,825.000,-1,-1,2,0,2,0,2,0,0,0,0,2,0,0,2,0,0,2,2
217,-2554.224,1898.528,-66.382,54.629,0.578660,-0.815133,-0.026655,0.815524,0.578662,0.008403,0.008574,-0.026601,0.999609,0,0.78926,0.72873,47.356,1.457,-1,375.000,-1,400.000,-1,325.000,325.000,300.000,300.000,-1,525.000,550.000,-1,725.000,825.000,-1,-1,2,0,2,0,2,0,0,0,0,2,0,0,2,0,0,2,2
218,-2527.802,1937.827,-66.218,56.087,0.557733,-0.829629,-0.025484,0.829972,0.557770,0.006299,0.008989,-0.024664,0.999655,0,0.78926,0.72873,47.356,1.457,-1,375.000,-1,400.000,-1,325.000,325.000,300.000,300.000,-1,550.000,575.000,-1,750.000,825.000,-1,-1,2,0,2,0,2,0,0,0,0,2,0,0,2,0,0,2,2
219,-2502.388,1977.786,-66.106,57.544,0.536455,-0.843593,-0.023794,0.843879,0.536518,0.004203,0.009220,-0.022334,0.999708,0,0.78926,0.72873,47.356,1.457,-1,400.000,-1,400.000,-1,325.000,325.000,300.000,300.000,-1,575.000,600.000,-1,750.000,850.000,-1,-1,2,0,2,0,2,0,0,0,0,2,0,0,2,0,0,2,2
220,-2477.999,2018.378,-66.089,59.001,0.514833,-0.857012,-0.021831,0.857238,0.514915,0.002119,0.009425,-0.019805,0.999759,0,0.78926,0.72873,47.356,1.457,-1,400.000,-1,400.000,-1,325.000,325.000,300.000,275.000,-1,600.000,550.000,-1,775.000,850.000,-1,-1,2,0,2,0,2,0,0,0,0,2,0,0,2,0,0,2,2
221,-2452.643,2062.685,-65.915,60.219,0.496528,-0.867792,-0.019903,0.867974,0.496609,0.000987,0.009028,-0.017765,0.999801,0,0.85084,0.60873,51.050,1.217,-1,400.000,-1,400.000,-1,325.000,325.000,300.000,275.000,-1,650.000,550.000,-1,775.000,850.000,-1,-1,2,0,2,0,2,0,0,0,0,2,0,0,2,0,0,2,2
222,-2428.046,2107.419,-65.589,61.196,0.481679,-0.876158,-0.018237,0.876311,0.481744,0.000913,0.007986,-0.016421,0.999833,0,0.85084,0.48873,51.050,0.977,-1,400.000,-1,400.000,-1,325.000,325.000,300.000,275.000,-1,725.000,600.000,-1,800.000,850.000,-1,-1,2,0,2,0,2,0,0,0,0,2,0,0,2,0,0,2,2
223,-2404.170,2152.542,-65.199,62.116,0.467576,-0.883787,-0.017100,0.883923,0.467633,0.000771,0.007315,-0.015476,0.999853,0,0.85084,0.45963,51.050,0.919,-1,400.000,-1,400.000,-1,325.000,325.000,300.000,275.000,-1,800.000,650.000,-1,800.000,850.000,-1,-1,2,0,2,0,2,0,0,0,0,2,0,0,2,0,0,2,2
224,-2381.022,2198.042,-64.768,63.035,0.453345,-0.891185,-0.016384,0.891308,0.453398,0.000558,0.006931,-0.014856,0.999866,0,0.85084,0.45963,51.050,0.919,-1,400.000,-1,400.000,-1,325.000,325.000,300.000,300.000,-1,850.000,700.000,-1,800.000,850.000,-1,-1,2,0,2,0,2,0,0,0,0,2,0,0,2,0,0,2,2
225,-2358.606,2243.908,-64.330,63.954,0.438999,-0.898350,-0.015748,0.898465,0.439044,0.000606,0.006370,-0.014415,0.999876,0,0.85084,0.45963,51.050,0.919,-1,400.000,-1,400.000,-1,325.000,325.000,300.000,300.000,-1,925.000,750.000,-1,825.000,875.000,-1,-1,2,0,2,0,2,0,0,0,0,2,0,0,2,0,0,2,2
226,-2336.929,2290.127,-63.930,64.873,0.424539,-0.905283,-0.015116,0.905391,0.424578,0.000725,0.005762,-0.013994,0.999885,0,0.85084,0.45963,51.050,0.919,-1,400.000,-1,400.000,-1,325.000,325.000,300.000,300.000,-1,975.000,800.000,-1,825.000,900.000,-1,-1,2,0,2,0,2,0,0,0,0,2,0,0,2,0,0,2,2
227,-2315.997,2336.688,-63.613,65.793,0.409969,-0.911986,-0.014389,0.912084,0.410002,0.000709,0.005253,-0.013414,0.999896,0,0.85084,0.45963,51.050,0.919,-1,400.000,-1,400.000,-1,325.000,325.000,300.000,300.000,-1,-1,825.000,-1,850.000,900.000,-1,-1,2,0,2,0,2,0,0,0,0,2,2,0,2,0,0,2,2
228,-2295.814,2383.579,-63.377,66.712,0.395293,-0.918455,-0.013563,0.918542,0.395322,0.000564,0.004844,-0.012681,0.999908,0,0.85084,0.45963,51.050,0.919,-1,400.000,-1,400.000,-1,325.000,325.000,300.000,300.000,-1,-1,875.000,-1,850.000,925.000,-1,-1,2,0,2,0,2,0,0,0,0,2,2,0,2,0,0,2,2
229,-2276.386,2430.788,-63.220,67.631,0.380513,-0.924689,-0.012637,0.924764,0.380540,0.000297,0.004535,-0.011800,0.999920,0,0.85084,0.45963,51.050,0.919,-1,400.000,-1,425.000,-1,325.000,325.000,300.000,300.000,-1,-1,900.000,-1,850.000,925.000,-1,-1,2,0,2,0,2,0,0,0,0,2,2,0,2,0,0,2,2
230,-2257.717,2478.302,-63.137,68.551,0.365634,-0.930686,-0.011609,0.930749,0.365660,-0.000086,0.004326,-0.010774,0.999933,0,0.85084,0.45963,51.050,0.919,-1,400.000,-1,425.000,-1,325.000,325.000,300.000,300.000,-1,-1,925.000,-1,875.000,950.000,-1,-1,2,0,2,0,2,0,0,0,0,2,2,0,2,0,0,2,2
231,-2239.814,2526.110,-63.042,69.470,0.350665,-0.936447,-0.010060,0.936493,0.350687,-0.000442,0.003942,-0.009266,0.999949,0,0.85084,0.45963,51.050,0.919,-1,425.000,-1,425.000,-1,325.000,325.000,300.000,300.000,-1,-1,950.000,-1,900.000,950.000,-1,-1,2,0,2,0,2,0,0,0,0,2,2,0,2,0,0,2,2
232,-2222.680,2574.199,-63.098,70.389,0.335607,-0.941963,-0.008524,0.941997,0.335621,-0.000199,0.003049,-0.007963,0.999964,0,0.85084,0.45963,51.050,0.919,-1,425.000,-1,425.000,-1,325.000,350.000,300.000,300.000,-1,-1,1000.000,-1,925.000,975.000,-1,-1,2,0,2,0,2,0,0,0,0,2,2,0,2,0,0,2,2
233,-2206.319,2622.557,-63.408,71.308,0.320464,-0.947231,-0.007455,0.947259,0.320467,0.000770,0.001660,-0.007308,0.999972,0,0.85084,0.45963,51.050,0.919,-1,425.000,-1,425.000,-1,350.000,350.000,300.000,300.000,-1,-1,-1,-1,925.000,975.000,-1,-1,2,0,2,0,2,0,0,0,0,2,2,2,2,0,0,2,2
234,-2190.737,2671.171,-63.785,72.228,0.305235,-0.952256,-0.006352,0.952277,0.305231,0.001635,0.000382,-0.006548,0.999978,0,0.85084,0.45963,51.050,0.919,-1,425.000,-1,425.000,-1,350.000,350.000,300.000,300.000,-1,-1,-1,-1,925.000,975.000,-1,-1,2,0,2,0,2,0,0,0,0,2,2,2,2,0,0,2,2
235,-2175.936,2720.028,-64.052,73.147,0.289929,-0.957032,-0.005584,0.957047,0.289914,0.003369,-0.001606,-0.006321,0.999979,0,0.85084,0.45963,51.050,0.919,-1,425.000,-1,425.000,-1,350.000,350.000,300.000,300.000,-1,-1,-1,-1,925.000,1000.000,-1,-1,2,0,2,0,2,0,0,0,0,2,2,2,2,0,0,2,2
236,-2161.922,2769.117,-64.629,74.066,0.274547,-0.961567,-0.003645,0.961563,0.274525,0.005671,-0.004452,-0.005062,0.999977,0,0.85084,0.45963,51.050,0.919,-1,425.000,-1,425.000,-1,350.000,350.000,300.000,300.000,-1,-1,-1,-1,925.000,975.000,-1,-1,2,0,2,0,2,0,0,0,0,2,2,2,2,0,0,2,2
237,-2148.696,2818.424,-65.242,74.985,0.259085,-0.965853,-0.001781,0.965827,0.259064,0.007970,-0.007237,-0.003785,0.999967,0,0.85084,0.45963,51.050,0.919,-1,400.000,-1,425.000,-1,325.000,350.000,300.000,300.000,-1,-1,-1,-1,900.000,975.000,-1,-1,2,0,2,0,2,0,0,0,0,2,2,2,2,0,0,2,2
238,-2136.264,2867.937,-65.888,75.905,0.243548,-0.969889,0.000011,0.969838,0.243536,0.010267,-0.009960,-0.002490,0.999947,0,0.85084,0.45963,51.050,0.919,-1,400.000,-1,425.000,-1,325.000,325.000,300.000,300.000,-1,-1,-1,-1,900.000,975.000,-1,-1,2,0,2,0,2,0,0,0,0,2,2,2,2,0,0,2,2
239,-2124.627,2917.644,-66.565,76.824,0.227941,-0.973673,0.001729,0.973593,0.227944,0.012558,-0.012621,-0.001180,0.999920,0,0.85084,0.45963,51.050,0.919,-1,400.000,-1,425.000,-1,325.000,325.000,300.000,300.000,-1,-1,-1,-1,900.000,975.000,-1,-1,2,0,2,0,2,0,0,0,0,2,2,2,2,0,0,2,2
240,-2113.789,2967.530,-67.271,77.743,0.212267,-0.977206,0.003374,0.977093,0.212294,0.014843,-0.015220,0.000146,0.999884,0,0.85084,0.45963,51.050,0.919,-1,400.000,-1,425.000,-1,325.000,325.000,300.000,300.000,-1,-1,-1,-1,900.000,950.000,-1,-1,2,0,2,0,2,0,0,0,0,2,2,2,2,0,0,2,2
241,-2102.580,3022.244,-68.072,78.422,0.200635,-0.979653,0.005113,0.979501,0.200694,0.017334,-0.018008,0.001530,0.999837,0,0.93084,0.33963,55.850,0.679,-1,400.000,-1,425.000,-1,325.000,325.000,300.000,300.000,-1,-1,-1,-1,875.000,950.000,-1,-1,2,0,2,0,2,0,0,0,0,2,2,2,2,0,0,2,2
242,-2091.490,3078.572,-68.925,78.862,0.193077,-0.981160,0.006858,0.980962,0.193177,0.019888,-0.020839,0.002888,0.999779,0,0.95682,0.21963,57.409,0.439,-1,400.000,-1,425.000,-1,325.000,325.000,300.000,300.000,-1,-1,-1,-1,875.000,950.000,-1,-1,2,0,2,0,2,0,0,0,0,2,2,2,2,0,0,2,2
243,-2080.634,3134.946,-69.810,79.100,0.188949,-0.981949,0.008575,0.981702,0.189097,0.022443,-0.023660,0.004178,0.999711,0,0.95682,0.11904,57.409,0.238,-1,425.000,-1,425.000,-1,325.000,325.000,300.000,300.000,-1,-1,-1,-1,875.000,925.000,-1,-1,2,0,2,0,2,0,0,0,0,2,2,2,2,0,0,2,2
244,-2070.012,3191.364,-70.722,79.338,0.184810,-0.982721,0.010269,0.982418,0.185014,0.024978,-0.026446,0.005472,0.999635,0,0.95682,0.11904,57.409,0.238,-1,425.000,-1,425.000,-1,325.000,325.000,300.000,300.000,-1,-1,-1,-1,875.000,925.000,-1,-1,2,0,2,0,2,0,0,0,0,2,2,2,2,0,0,2,2
245,-2059.625,3247.825,-71.925,79.576,0.180697,-0.983480,0.010783,0.983121,0.180929,0.027176,-0.028678,0.005691,0.999573,0,0.95682,0.11904,57.409,0.238,-1,425.000,-1,425.000,-1,325.000,350.000,300.000,300.000,-1,-1,-1,-1,850.000,925.000,-1,-1,2,0,2,0,2,0,0,0,0,2,2,2,2,0,0,2,2
246,-2049.473,3304.330,-73.608,79.814,0.176632,-0.984231,0.009510,0.983781,0.176842,0.030022,-0.031230,0.004053,0.999504,0,0.95682,0.11904,57.409,0.238,-1,425.000,-1,425.000,-1,325.000,350.000,300.000,300.000,-1,-1,-1,-1,850.000,925.000,-1,-1,2,0,2,0,2,0,0,0,0,2,2,2,2,0,0,2,2
247,-2039.555,3360.876,-75.845,80.052,0.172511,-0.984956,0.010085,0.984442,0.172750,0.032118,-0.033377,0.004387,0.999433,0,0.95682,0.11904,57.409,0.238,-1,425.000,-1,425.000,-1,325.000,350.000,300.000,300.000,-1,-1,-1,-1,825.000,900.000,-1,-1,2,0,2,0,2,0,0,0,0,2,2,2,2,0,0,2,2
248,-2029.873,3417.462,-78.310,80.290,0.168354,-0.985660,0.011470,0.985072,0.168655,0.034472,-0.035913,0.005495,0.999340,0,0.95682,0.11904,57.409,0.238,-1,400.000,-1,425.000,-1,325.000,325.000,300.000,300.000,-1,-1,-1,-1,825.000,900.000,-1,-1,2,0,2,0,2,0,0,0,0,2,2,2,2,0,0,2,2
249,-2020.425,3474.089,-80.793,80.528,0.164189,-0.986346,0.012828,0.985680,0.164557,0.036821,-0.038429,0.006598,0.999240,0,0.95682,0.11904,57.409,0.238,-1,400.000,-1,425.000,-1,325.000,325.000,300.000,300.000,-1,-1,-1,-1,800.000,875.000,-1,-1,2,0,2,0,2,0,0,0,0,2,2,2,2,0,0,2,2
250,-2011.213,3530.754,-83.292,80.766,0.160015,-0.987013,0.014158,0.986266,0.160455,0.039163,-0.040926,0.007697,0.999133,0,0.95682,0.11904,57.409,0.238,-1,400.000,-1,425.000,-1,325.000,325.000,300.000,300.000,-1,-1,-1,-1,800.000,850.000,-1,-1,2,0,2,0,2,0,0,0,0,2,2,2,2,0,0,2,2
251,-2002.237,3587.458,-85.809,81.004,0.155833,-0.987662,0.015461,0.986829,0.156351,0.041500,-0.043405,0.008790,0.999019,0,0.95682,0.11904,57.409,0.238,-1,400.000,-1,425.000,-1,325.000,325.000,300.000,300.000,-1,-1,-1,-1,775.000,850.000,-1,-1,2,0,2,0,2,0,0,0,0,2,2,2,2,0,0,2,2
252,-1993.496,3644.197,-88.341,81.243,0.151643,-0.988294,0.016737,0.987371,0.152244,0.043830,-0.045865,0.009879,0.998899,0,0.95682,0.11904,57.409,0.238,-1,400.000,-1,400.000,-1,325.000,325.000,300.000,300.000,-1,-1,-1,-1,775.000,825.000,-1,-1,2,0,2,0,2,0,0,0,0,2,2,2,2,0,0,2,2
253,-1984.967,3701.126,-90.895,81.479,0.147478,-0.988902,0.017990,0.987885,0.148166,0.046160,-0.048313,0.010965,0.998772,0,0.95940,0.11814,57.564,0.236,-1,400.000,-1,400.000,-1,325.000,325.000,300.000,300.000,-1,-1,-1,-1,750.000,825.000,-1,-1,2,0,2,0,2,0,0,0,0,2,2,2,2,0,0,2,2
254,-1976.609,3758.488,-93.485,81.710,0.143391,-0.989480,0.019211,0.988364,0.144171,0.048491,-0.050750,0.012034,0.998639,0,0.96611,0.11565,57.967,0.231,-1,400.000,-1,400.000,-1,325.000,325.000,300.000,300.000,-1,-1,-1,-1,750.000,800.000,-1,-1,2,0,2,0,2,0,0,0,0,2,2,2,2,0,0,2,2
255,-1968.421,3816.277,-96.107,81.936,0.139390,-0.990027,0.020411,0.988808,0.140266,0.050829,-0.053185,0.013098,0.998499,0,0.97277,0.11295,58.366,0.226,-1,400.000,-1,400.000,-1,325.000,325.000,300.000,300.000,-1,-1,-1,-1,725.000,800.000,-1,-1,2,0,2,0,2,0,0,0,0,2,2,2,2,0,0,2,2
256,-1960.402,3874.489,-98.760,82.156,0.135482,-0.990544,0.021604,0.989217,0.136460,0.053181,-0.055626,0.014166,0.998351,0,0.97936,0.11005,58.762,0.220,-1,375.000,-1,400.000,-1,325.000,325.000,300.000,300.000,-1,-1,-1,-1,725.000,775.000,-1,-1,2,0,2,0,2,0,0,0,0,2,2,2,2,0,0,2,2
257,-1952.548,3933.118,-101.655,82.370,0.131747,-0.991044,0.021802,0.989641,0.132762,0.054630,-0.057036,0.014379,0.998269,0,0.98587,0.10691,59.152,0.214,-1,375.000,-1,400.000,-1,325.000,325.000,300.000,300.000,-1,-1,-1,-1,725.000,775.000,-1,-1,2,0,2,0,2,0,0,0,0,2,2,2,2,0,1,2,2
258,-1944.856,3992.157,-104.782,82.577,0.128122,-0.991505,0.022408,0.990110,0.129178,0.054723,-0.057152,0.015175,0.998250,0,0.99230,0.10353,59.538,0.207,-1,375.000,-1,400.000,-1,325.000,325.000,300.000,300.000,-1,-1,-1,-1,700.000,750.000,-1,-1,2,0,2,0,2,0,0,0,0,2,2,2,2,0,1,2,2
259,-1937.322,4051.597,-107.990,82.777,0.124629,-0.991935,0.023098,0.990595,0.125718,0.053999,-0.056467,0.016151,0.998274,0,0.99861,0.09990,59.916,0.200,-1,375.000,-1,400.000,-1,325.000,325.000,300.000,300.000,-1,-1,-1,-1,700.000,725.000,-1,950.000,2,0,2,0,2,0,0,0,0,2,2,2,2,0,1,2,1
260,-1929.978,4111.146,-111.211,82.969,0.121271,-0.992334,0.023795,0.991051,0.122392,0.053266,-0.055770,0.017123,0.998297,0,1.00000,0.09599,60.000,0.192,-1,375.000,-1,400.000,950.000,325.000,325.000,300.000,300.000,-1,-1,-1,-1,700.000,700.000,-1,900.000,2,0,2,0,1,0,0,0,0,2,2,2,2,0,1,2,1
261,-1922.824,4170.718,-114.441,83.152,0.118059,-0.992704,0.024497,0.991479,0.119209,0.052524,-0.055061,0.018088,0.998319,0,1.00000,0.09180,60.000,0.184,-1,375.000,-1,400.000,875.000,325.000,325.000,300.000,300.000,-1,-1,-1,-1,700.000,675.000,-1,850.000,2,0,2,0,1,0,0,0,0,2,2,2,2,0,1,2,1
262,-1915.852,4230.312,-117.683,83.327,0.115000,-0.993045,0.025222,0.991877,0.116180,0.051784,-0.054354,0.019062,0.998340,0,1.00000,0.08733,60.000,0.175,-1,375.000,-1,400.000,825.000,325.000,325.000,300.000,300.000,-1,-1,-1,-1,700.000,675.000,-1,800.000,2,0,2,0,1,0,0,0,0,2,2,2,2,0,1,2,1
263,-1909.052,4289.925,-120.936,83.492,0.112107,-0.993357,0.025961,0.992247,0.113316,0.051042,-0.053645,0.020037,0.998359,0,1.00000,0.08255,60.000,0.165,-1,375.000,-1,400.000,750.000,325.000,325.000,300.000,300.000,-1,-1,-1,-1,675.000,650.000,-1,750.000,2,0,2,1,1,0,0,0,0,2,2,2,2,0,1,2,1
264,-1902.413,4349.556,-124.199,83.647,0.109392,-0.993640,0.026711,0.992588,0.110628,0.050298,-0.052933,0.021010,0.998377,0,1.00000,0.07745,60.000,0.155,-1,375.000,-1,400.000,700.000,325.000,325.000,300.000,300.000,-1,-1,-1,-1,675.000,625.000,-1,700.000,2,0,2,1,1,0,0,0,0,2,2,2,2,0,1,2,1
265,-1895.924,4409.204,-127.471,83.791,0.106865,-0.993894,0.027470,0.992901,0.108128,0.049550,-0.052218,0.021980,0.998394,0,1.00000,0.07200,60.000,0.144,-1,375.000,-1,400.000,625.000,325.000,325.000,300.000,300.000,-1,-1,-1,-1,675.000,600.000,-1,650.000,2,0,2,1,1,0,0,0,0,2,2,2,2,0,1,2,1
266,-1889.573,4468.867,-130.753,83.923,0.104541,-0.994120,0.028240,0.993186,0.105829,0.048800,-0.051502,0.022946,0.998409,0,1.00000,0.06619,60.000,0.132,-1,375.000,-1,375.000,575.000,300.000,325.000,300.000,300.000,-1,-1,-1,-1,675.000,600.000,-1,600.000,2,0,2,1,1,0,0,0,0,2,2,2,2,0,1,2,1
267,-1883.347,4528.543,-134.043,84.043,0.102433,-0.994317,0.029018,0.993443,0.103745,0.048048,-0.050786,0.023906,0.998423,0,1.00000,0.05998,60.000,0.120,-1,375.000,1000.000,375.000,525.000,300.000,325.000,300.000,300.000,-1,-1,-1,-1,675.000,575.000,-1,550.000,2,0,1,1,1,0,0,0,0,2,2,2,2,0,1,2,1
268,-1877.232,4588.231,-137.170,84.150,0.100525,-0.994467,0.030497,0.993680,0.101889,0.047096,-0.049943,0.025570,0.998425,0,1.00000,0.05334,60.000,0.107,-1,375.000,925.000,375.000,475.000,300.000,325.000,300.000,300.000,-1,-1,-1,-1,675.000,550.000,-1,500.000,2,0,1,1,1,0,0,0,0,2,2,2,2,0,1,2,1
269,-1871.213,4647.928,-139.616,84.243,0.098925,-0.994600,0.031374,0.993938,0.100280,0.045068,-0.047971,0.026726,0.998491,0,1.00000,0.04626,60.000,0.093,-1,375.000,875.000,375.000,425.000,300.000,325.000,300.000,300.000,-1,-1,-1,-1,650.000,550.000,-1,475.000,2,0,1,1,1,0,0,0,0,2,2,2,2,1,1,2,1
270,-1865.275,4707.633,-141.558,84.320,0.097716,-0.994755,0.030227,0.994206,0.098939,0.042017,-0.044787,0.025946,0.998660,0,1.00000,0.03870,60.000,0.077,-1,375.000,825.000,375.000,375.000,325.000,325.000,300.000,325.000,-1,-1,-1,-1,625.000,550.000,-1,450.000,2,0,1,1,1,0,0,0,0,2,2,2,2,1,1,2,1
271,-1859.765,4766.331,-143.378,84.637,0.092350,-0.995311,0.028754,0.994870,0.093429,0.038781,-0.041285,0.025025,0.998834,0,0.98261,0.15870,58.956,0.317,-1,375.000,775.000,375.000,350.000,325.000,325.000,300.000,325.000,-1,775.000,675.000,-1,600.000,525.000,-1,425.000,2,0,1,1,1,0,0,0,0,2,0,0,2,1,1,2,1
272,-1854.820,4825.155,-145.164,85.195,0.082804,-0.996194,0.027222,0.995858,0.083744,0.035408,-0.037553,0.024177,0.999002,0,0.98387,0.27870,59.032,0.557,-1,400.000,750.000,375.000,325.000,325.000,325.000,300.000,325.000,-1,650.000,600.000,-1,575.000,525.000,-1,400.000,2,0,1,1,1,0,0,0,0,2,0,0,2,1,1,2,1
273,-1850.694,4884.042,-146.978,85.992,0.069054,-0.997274,0.025983,0.997041,0.069873,0.032042,-0.033770,0.023694,0.999149,0,0.98386,0.39870,59.032,0.797,-1,400.000,700.000,400.000,300.000,325.000,350.000,300.000,350.000,-1,550.000,525.000,-1,550.000,475.000,-1,375.000,2,0,1,1,1,0,0,0,0,2,0,0,2,1,1,2,1
274,-1847.640,4942.904,-148.890,87.030,0.051076,-0.998371,0.025416,0.998238,0.051805,0.028918,-0.030188,0.023895,0.999259,0,0.98236,0.51870,58.942,1.037,-1,375.000,650.000,375.000,275.000,325.000,350.000,300.000,325.000,-1,500.000,500.000,-1,525.000,450.000,-1,375.000,2,1,1,1,1,0,1,0,1,2,0,0,2,1,1,2,1
275,-1845.731,5001.619,-150.927,88.137,0.031825,-0.999165,0.025636,0.999129,0.032496,0.026184,-0.026995,0.024780,0.999328,0,0.97910,0.55382,58.746,1.108,-1,350.000,600.000,350.000,275.000,325.000,325.000,300.000,275.000,-1,475.000,475.000,-1,500.000,425.000,-1,350.000,2,1,1,1,1,1,1,0,1,2,0,0,2,1,1,2,1
276,-1844.933,5060.068,-153.095,89.217,0.013024,-0.999560,0.026644,0.999620,0.013663,0.023937,-0.024291,0.026323,0.999358,0,0.97424,0.53983,58.454,1.080,-1,325.000,575.000,325.000,250.000,300.000,275.000,300.000,250.000,-1,425.000,425.000,-1,475.000,375.000,-1,325.000,2,1,1,1,1,1,1,0,1,2,0,0,2,1,1,2,1
277,-1845.205,5118.142,-155.416,90.267,-0.005300,-0.999579,0.028515,0.999740,-0.004664,0.022312,-0.022170,0.028626,0.999344,0,0.96792,0.52523,58.075,1.050,-1,300.000,525.000,275.000,250.000,275.000,250.000,300.000,225.000,-1,400.000,400.000,-1,450.000,350.000,-1,275.000,2,1,1,1,1,1,1,0,1,2,0,0,2,1,1,2,1
278,-1846.500,5175.736,-157.911,91.288,-0.023125,-0.999242,0.031301,0.999518,-0.022460,0.021434,-0.020714,0.031781,0.999280,0,0.96015,0.51014,57.609,1.020,-1,300.000,475.000,250.000,200.000,250.000,225.000,300.000,200.000,-1,400.000,375.000,-1,425.000,300.000,-1,225.000,2,1,1,1,1,1,1,0,1,2,0,0,2,1,1,2,1
279,-1848.769,5232.751,-160.556,92.277,-0.040442,-0.998573,0.034879,0.998979,-0.039706,0.021526,-0.020110,0.035714,0.999160,0,0.95100,0.49472,57.060,0.989,-1,275.000,425.000,200.000,150.000,225.000,200.000,300.000,175.000,-1,400.000,375.000,-1,400.000,250.000,-1,175.000,2,1,1,1,1,1,1,0,1,2,0,0,2,1,1,2,1
280,-1851.953,5289.097,-154.703,93.239,-0.056501,-0.998276,0.015875,0.998402,-0.056499,0.000580,0.000318,0.015883,0.999874,0,0.94060,0.48112,56.436,0.962,-1,275.000,450.000,200.000,150.000,225.000,200.000,275.000,200.000,-1,250.000,300.000,-1,450.000,250.000,-1,150.000,2,1,1,1,1,1,1,0,1,2,0,0,2,1,1,2,1
281,-1856.031,5344.697,-146.781,94.196,-0.073259,-0.997310,-0.002281,0.996964,-0.073173,-0.026625,0.026387,-0.004224,0.999643,0,0.92914,0.47850,55.749,0.957,-1,300.000,525.000,200.000,150.000,225.000,200.000,275.000,225.000,900.000,175.000,250.000,-1,875.000,250.000,-1,150.000,2,1,1,1,1,1,1,0,1,0,0,0,2,0,1,2,1
282,-1860.970,5399.486,-138.683,95.149,-0.091022,-0.995614,-0.021608,0.994447,-0.089722,-0.054999,0.052819,-0.026494,0.998253,0,0.91681,0.47657,55.009,0.953,-1,350.000,-1,200.000,150.000,250.000,200.000,275.000,250.000,600.000,125.000,225.000,-1,1000.000,275.000,-1,150.000,2,1,2,1,1,1,1,0,1,0,0,0,2,0,1,2,1
283,9511.242,3607.944,22.225,64.959,0.310765,-0.901523,-0.301134,0.789899,0.421173,-0.445727,0.528663,-0.099349,0.842998,1,0.00000,0.00000,59.809,1.193,-1,250.000,-1,350.000,-1,250.000,275.000,825.000,250.000,300.000,100.000,125.000,525.000,300.000,-1,425.000,-1,2,1,2,1,2,1,1,0,1,0,0,0,0,1,2,1,2
284,-8199.153,5575.424,-45.835,103.273,-0.229551,-0.973288,0.004128,0.973133,-0.229588,-0.017340,0.017825,0.000037,0.999841,1,0.00000,0.00000,-4.800,0.240,-1,375.000,-1,400.000,-1,325.000,325.000,325.000,325.000,-1,675.000,625.000,-1,800.000,875.000,-1,-1,2,0,2,0,2,0,0,0,0,2,0,0,2,0,0,2,2
285,-8200.235,5580.100,-45.756,103.033,-0.225470,-0.974241,0.004172,0.974086,-0.225509,-0.017380,0.017873,0.000145,0.999840,0,0.08000,-0.12000,4.800,-0.240,-1,375.000,-1,400.000,-1,325.000,325.000,325.000,325.000,-1,700.000,650.000,-1,825.000,875.000,-1,-1,2,0,2,0,2,0,0,0,0,2,0,0,2,0,0,2,2
286,-8202.322,5589.471,-45.597,102.553,-0.217298,-0.976096,0.004262,0.975940,-0.217339,-0.017455,0.017965,0.000367,0.999839,0,0.16000,-0.24000,9.600,-0.480,-1,375.000,-1,400.000,-1,325.000,325.000,325.000,325.000,-1,700.000,650.000,-1,825.000,875.000,-1,-1,2,0,2,0,2,0,0,0,0,2,0,0,2,0,0,2,2
287,-8205.274,5603.565,-45.358,101.833,-0.205010,-0.978750,0.004404,0.978593,-0.205057,-0.017561,0.018091,0.000709,0.999836,0,0.24000,-0.36000,14.400,-0.720,-1,375.000,-1,400.000,-1,325.000,325.000,325.000,325.000,-1,725.000,650.000,-1,825.000,875.000,-1,-1,2,0,2,0,2,0,0,0,0,2,0,0,2,0,0,2,2
288,-8208.896,5622.420,-45.037,100.873,-0.188577,-0.982048,0.004604,0.981889,-0.188629,-0.017688,0.018239,0.001185,0.999833,0,0.32000,-0.48000,19.200,-0.960,-1,375.000,-1,400.000,-1,325.000,325.000,325.000,325.000,-1,750.000,675.000,-1,825.000,875.000,-1,-1,2,0,2,0,2,0,0,0,0,2,0,0,2,0,0,2,2
289,-8212.929,5646.079,-44.632,99.673,-0.167960,-0.985782,0.004872,0.985622,-0.168021,-0.017826,0.018391,0.001807,0.999829,0,0.40000,-0.60000,24.000,-1.200,-1,400.000,-1,400.000,-1,325.000,325.000,325.000,325.000,-1,775.000,700.000,-1,850.000,900.000,-1,-1,2,0,2,0,2,0,0,0,0,2,0,0,2,0,0,2,2
290,-8217.053,5674.582,-44.141,98.233,-0.143124,-0.989691,0.005219,0.989531,-0.143195,-0.017964,0.018526,0.002594,0.999825,0,0.48000,-0.72000,28.800,-1.440,-1,400.000,-1,400.000,-1,325.000,325.000,300.000,325.000,-1,825.000,725.000,-1,875.000,900.000,-1,-1,2,0,2,0,2,0,0,0,0,2,0,0,2,0,0,2,2
291,-8220.887,5707.963,-43.565,96.553,-0.114033,-0.993461,0.005661,0.993302,-0.114118,-0.018090,0.018617,0.003560,0.999820,0,0.56000,-0.84000,33.600,-1.680,-1,400.000,-1,400.000,-1,325.000,325.000,300.000,325.000,-1,875.000,775.000,-1,875.000,900.000,-1,-1,2,0,2,0,2,0,0,0,0,2,0,0,2,0,0,2,2
292,-8223.989,5746.237,-42.904,94.633,-0.080668,-0.996722,0.006212,0.996567,-0.080769,-0.018193,0.018635,0.004723,0.999815,0,0.64000,-0.96000,38.400,-1.920,-1,400.000,-1,425.000,-1,325.000,325.000,300.000,325.000,-1,950.000,825.000,-1,900.000,925.000,-1,-1,2,0,2,0,2,0,0,0,0,2,0,0,2,0,0,2,2
293,-8225.973,5789.392,-42.159,92.633,-0.045815,-0.998926,0.006890,0.998777,-0.045934,-0.018273,0.018570,0.006045,0.999809,0,0.72000,-1.00000,43.200,-2.000,-1,425.000,-1,425.000,-1,325.000,325.000,300.000,325.000,-1,-1,875.000,-1,925.000,925.000,-1,-1,2,0,2,0,2,0,0,0,0,2,2,0,2,0,0,2,2
294,-8226.504,5837.389,-41.336,90.633,-0.010904,-0.999911,0.007707,0.999771,-0.011044,-0.018333,0.018416,0.007505,0.999802,0,0.80000,-1.00000,48.000,-2.000,-1,425.000,-1,425.000,-1,325.000,350.000,300.000,325.000,-1,-1,950.000,-1,975.000,950.000,-1,-1,2,0,2,0,2,0,0,0,0,2,2,0,2,0,0,2,2
295,-8225.244,5890.174,-40.440,88.633,0.024021,-0.999674,0.008669,0.999546,0.023859,-0.018374,0.018161,0.009107,0.999794,0,0.88000,-1.00000,52.800,-2.000,-1,425.000,-1,425.000,-1,350.000,350.000,300.000,325.000,-1,-1,-1,-1,-1,950.000,-1,-1,2,0,2,0,2,0,0,0,0,2,2,2,2,2,0,2,2
296,-8221.986,5945.543,-40.246,86.633,0.058866,-0.998232,0.008165,0.998149,0.058732,-0.015800,0.015293,0.009080,0.999842,0,0.92441,-1.00000,55.465,-2.000,-1,425.000,-1,425.000,-1,350.000,350.000,300.000,325.000,-1,-1,-1,-1,-1,950.000,-1,-1,2,0,2,0,2,0,0,0,0,2,2,2,2,2,0,2,2
297,-8216.798,6000.764,-40.317,84.633,0.093639,-0.995573,0.008185,0.995539,0.093534,-0.012348,0.011528,0.009304,0.999890,0,0.92441,-1.00000,55.465,-2.000,-1,425.000,-1,425.000,-1,350.000,350.000,300.000,300.000,-1,-1,-1,-1,1000.000,925.000,-1,-1,2,0,2,0,2,0,0,0,0,2,2,2,2,0,0,2,2
298,-8209.686,6055.771,-40.386,82.633,0.128298,-0.991699,0.008492,0.991705,0.128222,-0.008937,0.007774,0.009569,0.999924,0,0.92441,-1.00000,55.465,-2.000,-1,425.000,-1,425.000,-1,325.000,325.000,300.000,300.000,-1,-1,-1,-1,1000.000,900.000,-1,-1,2,0,2,0,2,0,0,0,0,2,2,2,2,0,0,2,2
299,-8200.658,6110.496,-40.452,80.633,0.162799,-0.986617,0.009076,0.986651,0.162753,-0.005600,0.004048,0.009867,0.999943,0,0.92441,-1.00000,55.465,-2.000,-1,425.000,-1,425.000,-1,325.000,325.000,275.000,300.000,-1,-1,-1,-1,975.000,875.000,-1,-1,2,0,2,0,2,0,0,0,0,2,2,2,2,0,0,2,2
