timestep,x_cm,y_cm,z_cm,yaw_deg,teleport_flag,throttle_cmd,steering_cmd,cmd_move_cm,cmd_turn_deg,lidar_cm_0,lidar_cm_1,lidar_cm_2,lidar_cm_3,lidar_cm_4,lidar_cm_5,lidar_cm_6,lidar_cm_7,lidar_cm_8,lidar_cm_9,lidar_cm_10,lidar_cm_11,lidar_cm_12,lidar_cm_13,lidar_cm_14,lidar_cm_15,lidar_cm_16,lidar_class_0,lidar_class_1,lidar_class_2,lidar_class_3,lidar_class_4,lidar_class_5,lidar_class_6,lidar_class_7,lidar_class_8,lidar_class_9,lidar_class_10,lidar_class_11,lidar_class_12,lidar_class_13,lidar_class_14,lidar_class_15,lidar_class_16
0,8002.572,15471.904,173.598,-129.066,1,0.08000,0.01567,9.600,0.141,-1,375.000,-1,325.000,525.000,300.000,300.000,450.000,325.000,-1,-1,-1,-1,700.000,500.000,-1,525.000,2,0,2,0,0,0,0,0,0,2,2,2,2,0,0,2,0
2,7972.434,15434.545,168.982,-128.857,0,0.24000,0.00984,28.800,0.089,-1,375.000,-1,325.000,475.000,300.000,300.000,450.000,325.000,-1,-1,-1,-1,700.000,500.000,-1,500.000,2,0,2,0,0,0,0,0,0,2,2,2,2,0,0,2,0
4,7918.295,15367.211,160.053,-128.798,0,0.40000,0.00073,48.000,0.007,-1,325.000,-1,300.000,425.000,275.000,275.000,400.000,325.000,-1,-1,-1,-1,625.000,450.000,-1,425.000,2,0,2,0,0,0,0,0,0,2,2,2,2,0,0,2,0
6,7839.923,15270.088,148.277,-128.950,0,0.56000,-0.01165,67.200,-0.105,-1,350.000,-1,300.000,425.000,275.000,250.000,375.000,300.000,-1,-1,-1,-1,675.000,450.000,-1,425.000,2,0,2,0,0,0,0,0,0,2,2,2,2,0,0,2,0
8,7736.704,15143.676,136.122,-129.338,0,0.72000,-0.02480,86.400,-0.223,-1,375.000,-1,300.000,425.000,275.000,250.000,375.000,275.000,-1,75.000,125.000,-1,750.000,500.000,-1,450.000,2,0,2,0,0,0,0,0,0,2,0,0,2,0,0,2,0
10,7613.208,14995.306,126.518,-129.930,0,0.80868,-0.03517,97.041,-0.317,-1,425.000,-1,325.000,475.000,325.000,275.000,400.000,250.000,-1,75.000,75.000,-1,-1,575.000,-1,625.000,2,0,2,0,0,0,0,0,0,2,0,0,2,2,0,2,0
12,7488.860,14849.412,124.439,-130.615,0,0.79540,-0.03836,95.448,-0.345,-1,525.000,-1,450.000,-1,400.000,375.000,350.000,300.000,-1,0.000,25.000,-1,-1,850.000,-1,-1,2,0,2,0,2,0,0,0,0,2,0,0,2,2,0,2,2
14,7352.289,14680.416,121.283,-128.065,0,0.93551,0.20164,112.261,1.815,-1,400.000,-1,375.000,-1,325.000,325.000,300.000,350.000,-1,650.000,925.000,-1,-1,675.000,-1,-1,2,0,2,0,2,0,0,0,0,2,0,0,2,2,0,2,2
16,7231.490,14495.772,108.819,-121.196,0,0.91502,0.44164,109.803,3.975,900.000,450.000,-1,375.000,-1,350.000,325.000,300.000,275.000,-1,-1,-1,-1,800.000,775.000,850.000,-1,1,0,2,0,2,0,0,0,0,2,2,2,2,1,0,1,2
18,7138.403,14277.007,91.015,-110.006,0,0.99952,0.68164,119.942,6.135,975.000,500.000,725.000,450.000,-1,400.000,375.000,300.000,275.000,-1,-1,-1,-1,600.000,775.000,675.000,925.000,1,0,1,0,2,0,0,0,0,2,2,2,2,1,1,1,1
20,7102.426,14040.355,64.487,-94.497,0,1.00000,0.92164,120.000,8.295,825.000,350.000,425.000,350.000,500.000,325.000,325.000,300.000,275.000,-1,-1,-1,-1,400.000,375.000,500.000,450.000,0,1,1,1,1,1,1,0,0,2,2,2,2,1,1,1,1
22,7138.490,13803.766,24.072,-77.024,0,1.00000,0.95752,120.000,8.618,-1,250.000,275.000,150.000,125.000,200.000,150.000,300.000,275.000,-1,-1,-1,-1,450.000,150.000,800.000,125.000,2,1,1,1,1,1,1,0,0,2,2,2,2,1,1,0,1
24,7240.632,13587.222,-15.597,-60.781,0,1.00000,0.88137,120.000,7.932,-1,300.000,-1,75.000,0.000,225.000,75.000,325.000,100.000,-1,-1,-1,-1,550.000,100.000,-1,0.000,2,0,2,1,1,0,1,0,1,2,2,2,2,0,1,2,1
26,117.649,18174.408,333.418,92.677,1,-0.08000,0.12000,-9.600,1.080,-1,400.000,-1,425.000,-1,325.000,325.000,300.000,425.000,-1,700.000,-1,-1,750.000,-1,-1,-1,2,0,2,0,2,0,0,0,0,2,1,2,2,0,2,2,2
28,121.932,18126.604,327.642,95.737,0,-0.24000,0.17145,-28.800,1.543,-1,400.000,-1,425.000,-1,325.000,325.000,300.000,425.000,975.000,750.000,-1,-1,750.000,-1,-1,-1,2,0,2,0,2,0,0,0,0,1,1,2,2,0,2,2,2
30,130.796,18064.580,320.121,98.941,0,-0.26202,0.18028,-31.442,1.623,-1,400.000,-1,400.000,-1,325.000,325.000,300.000,425.000,850.000,-1,-1,-1,750.000,-1,-1,-1,2,0,2,0,2,0,0,0,0,1,2,2,2,0,2,2,2
32,143.384,18002.471,312.070,102.307,0,-0.26463,0.18922,-31.756,1.703,-1,425.000,-1,425.000,-1,350.000,350.000,300.000,450.000,675.000,-1,-1,-1,800.000,-1,-1,-1,2,0,2,0,2,0,0,0,0,1,2,2,2,0,2,2,2
34,159.798,17940.952,303.829,105.829,0,-0.26539,0.19779,-31.847,1.780,-1,400.000,-1,425.000,-1,325.000,325.000,300.000,450.000,600.000,975.000,925.000,-1,775.000,-1,-1,-1,2,0,2,0,2,0,0,0,0,1,1,0,2,0,2,2,2
36,180.005,17880.806,295.940,109.499,0,-0.26388,0.20582,-31.665,1.852,-1,400.000,-1,400.000,-1,325.000,325.000,325.000,450.000,550.000,925.000,750.000,-1,725.000,975.000,-1,-1,2,0,2,0,2,0,0,0,0,1,1,0,2,0,0,2,2
38,204.022,17827.049,289.096,115.744,0,-0.24335,0.36815,-29.201,3.313,-1,375.000,-1,400.000,-1,325.000,325.000,325.000,475.000,550.000,800.000,600.000,-1,675.000,875.000,-1,-1,2,0,2,0,2,0,0,0,0,1,0,0,2,0,0,2,2
40,232.734,17778.773,283.204,122.448,0,-0.23072,0.37373,-27.686,3.364,925.000,375.000,-1,400.000,-1,300.000,325.000,325.000,475.000,650.000,650.000,550.000,-1,650.000,775.000,-1,-1,0,0,2,0,2,0,0,0,0,1,0,0,2,0,0,2,2
42,264.647,17737.179,278.408,129.232,0,-0.21419,0.37784,-25.703,3.401,825.000,350.000,-1,375.000,-1,300.000,300.000,350.000,450.000,800.000,575.000,550.000,-1,625.000,725.000,950.000,-1,0,0,2,0,2,0,0,0,0,1,0,0,2,0,0,0,2
44,298.128,17702.889,274.736,136.070,0,-0.19478,0.38044,-23.374,3.424,900.000,350.000,-1,375.000,-1,300.000,300.000,300.000,450.000,875.000,550.000,575.000,-1,600.000,700.000,850.000,-1,0,0,2,0,2,0,0,1,0,1,0,0,2,0,0,0,2
46,331.600,17675.946,272.117,142.936,0,-0.17382,0.38167,-20.859,3.435,-1,350.000,-1,350.000,-1,300.000,300.000,275.000,450.000,825.000,550.000,600.000,-1,600.000,675.000,900.000,-1,2,0,2,0,2,0,0,1,0,1,0,0,2,0,0,0,2
48,363.739,17655.888,268.392,149.808,0,-0.15266,0.38175,-18.319,3.436,-1,475.000,-1,425.000,-1,375.000,350.000,300.000,350.000,750.000,50.000,125.000,-1,850.000,825.000,-1,-1,2,0,2,0,2,0,0,1,0,1,0,0,2,0,0,2,2
50,393.576,17641.907,265.805,156.670,0,-0.13236,0.38094,-15.884,3.428,-1,475.000,-1,425.000,-1,375.000,350.000,325.000,350.000,750.000,50.000,175.000,-1,900.000,800.000,-1,-1,2,0,2,0,2,0,0,1,0,1,0,0,2,0,0,2,2
52,420.511,17633.018,263.973,163.508,0,-0.11368,0.37954,-13.642,3.416,-1,500.000,-1,400.000,-1,375.000,350.000,325.000,325.000,750.000,100.000,275.000,-1,950.000,775.000,-1,-1,2,0,2,0,2,0,0,1,0,1,0,0,2,0,0,2,2
54,444.273,17628.146,262.719,170.105,0,-0.09714,0.36145,-11.656,3.253,-1,500.000,-1,425.000,-1,375.000,350.000,375.000,325.000,800.000,150.000,350.000,-1,1000.000,775.000,-1,-1,2,0,2,0,2,0,0,1,0,1,0,0,2,0,0,2,2
56,464.960,17626.247,261.886,176.355,0,-0.08329,0.34267,-9.995,3.084,675.000,525.000,-1,425.000,-1,400.000,375.000,375.000,300.000,750.000,250.000,450.000,-1,925.000,775.000,-1,-1,1,0,2,0,2,0,0,0,0,0,0,0,2,1,0,2,2
58,482.861,17626.488,261.354,182.290,0,-0.07193,0.32548,-8.631,2.929,575.000,525.000,-1,450.000,-1,400.000,375.000,350.000,300.000,725.000,325.000,700.000,-1,800.000,800.000,1000.000,-1,1,1,2,0,2,0,0,0,0,0,0,0,2,1,0,1,2
60,498.335,17628.250,261.037,187.934,0,-0.06274,0.30976,-7.528,2.788,575.000,475.000,-1,450.000,-1,400.000,375.000,350.000,275.000,700.000,500.000,925.000,-1,700.000,825.000,675.000,-1,1,1,2,0,2,0,0,0,0,0,0,0,2,1,0,1,2
62,511.750,17631.088,260.874,193.314,0,-0.05543,0.29533,-6.651,2.658,600.000,450.000,-1,475.000,-1,425.000,400.000,325.000,275.000,725.000,900.000,-1,-1,625.000,875.000,650.000,-1,1,1,2,0,2,0,0,0,0,0,0,2,2,1,0,1,2
64,514.662,17631.739,260.838,198.885,0,0.02760,0.33046,3.312,2.974,650.000,425.000,-1,500.000,-1,400.000,400.000,300.000,275.000,750.000,-1,-1,-1,600.000,925.000,625.000,-1,1,1,2,0,2,1,0,0,0,0,2,2,2,1,0,1,2
66,482.216,17617.545,260.510,204.674,0,0.18760,0.31899,22.512,2.871,650.000,400.000,-1,500.000,-1,350.000,425.000,300.000,275.000,825.000,-1,-1,-1,550.000,975.000,575.000,-1,1,1,2,0,2,1,0,0,0,0,2,2,2,1,0,1,2
68,417.720,17581.669,258.626,210.302,0,0.34760,0.31074,41.712,2.797,600.000,350.000,-1,525.000,-1,325.000,375.000,300.000,300.000,950.000,-1,-1,-1,475.000,900.000,500.000,-1,1,1,2,0,2,1,1,0,0,1,2,2,2,1,1,1,2
70,325.319,17518.035,253.205,215.806,0,0.50760,0.30426,60.912,2.738,475.000,275.000,725.000,400.000,-1,250.000,300.000,300.000,325.000,-1,-1,-1,-1,375.000,625.000,400.000,-1,1,1,1,1,2,1,1,0,0,2,2,2,2,1,1,1,2
72,209.874,17421.350,236.956,221.203,0,0.66760,0.29837,80.112,2.685,275.000,175.000,325.000,225.000,625.000,150.000,175.000,325.000,275.000,-1,-1,-1,-1,225.000,300.000,200.000,400.000,1,1,1,1,1,1,1,0,0,2,2,2,2,1,1,1,1
74,-14066.306,-16298.467,398.768,-122.331,1,0.08000,-0.12000,9.600,-1.080,-1,350.000,575.000,400.000,525.000,300.000,325.000,300.000,275.000,-1,325.000,250.000,-1,500.000,525.000,925.000,575.000,2,1,1,1,1,1,1,0,0,2,0,0,2,1,1,1,1
76,-14094.775,-16337.091,399.430,-127.661,0,0.24000,-0.35223,28.800,-3.170,-1,325.000,525.000,425.000,475.000,275.000,325.000,300.000,275.000,-1,425.000,325.000,-1,425.000,525.000,575.000,550.000,2,1,1,1,1,1,1,0,0,2,0,0,2,1,1,1,1
78,-14152.811,-16401.063,399.509,-133.462,0,0.40000,-0.31177,48.000,-2.806,475.000,250.000,450.000,400.000,375.000,250.000,300.000,325.000,250.000,-1,-1,-1,-1,325.000,450.000,350.000,425.000,1,1,1,1,1,1,1,0,0,2,2,2,2,1,1,1,1
80,-14244.553,-16485.632,397.376,-138.419,0,0.56000,-0.26225,67.200,-2.360,150.000,175.000,350.000,300.000,275.000,175.000,250.000,325.000,250.000,-1,-1,-1,-1,225.000,325.000,125.000,300.000,1,1,1,1,1,1,1,0,0,2,2,2,2,1,1,1,1
82,-14372.152,-16587.350,391.173,-142.269,0,0.72000,-0.19596,86.400,-1.764,0.000,75.000,175.000,175.000,125.000,75.000,150.000,325.000,250.000,-1,-1,-1,-1,100.000,175.000,0.000,125.000,1,1,1,1,1,1,1,0,0,2,2,2,2,1,1,1,1
84,114.815,-12165.892,117.787,-137.841,1,0.08000,-0.12000,9.600,-1.080,525.000,375.000,-1,350.000,-1,300.000,300.000,250.000,675.000,425.000,-1,-1,-1,650.000,575.000,-1,825.000,1,0,2,0,2,0,0,1,0,1,2,2,2,0,0,2,0
86,78.034,-12196.728,110.432,-140.572,0,0.24000,-0.15209,28.800,-1.369,600.000,375.000,-1,350.000,-1,300.000,300.000,275.000,675.000,375.000,-1,-1,-1,625.000,575.000,950.000,825.000,1,0,2,0,2,0,0,1,0,1,2,2,2,0,0,0,0
88,9.283,-12249.045,98.026,-143.352,0,0.40000,-0.15551,48.000,-1.400,1000.000,375.000,-1,350.000,1000.000,300.000,275.000,300.000,625.000,350.000,-1,-1,-1,575.000,550.000,825.000,775.000,0,0,2,0,0,0,0,0,0,1,2,2,2,0,0,0,0
90,-93.644,-12319.605,81.483,-146.244,0,0.56000,-0.16279,67.200,-1.465,800.000,325.000,-1,325.000,925.000,275.000,275.000,300.000,575.000,375.000,-1,-1,-1,525.000,525.000,675.000,700.000,0,0,2,0,0,0,0,1,0,1,2,2,2,0,0,0,0
92,-232.891,-12404.690,61.882,-149.296,0,0.72000,-0.17069,86.400,-1.536,575.000,300.000,-1,300.000,800.000,250.000,250.000,275.000,475.000,475.000,-1,-1,-1,450.000,450.000,500.000,575.000,0,0,2,0,0,0,0,1,0,1,2,2,2,0,0,0,0
94,-397.700,-12493.874,46.498,-152.352,0,0.77377,-0.16997,92.853,-1.530,725.000,325.000,-1,375.000,-1,275.000,300.000,250.000,525.000,500.000,0.000,0.000,-1,550.000,725.000,700.000,-1,0,0,2,0,2,0,0,1,0,1,0,0,2,0,0,0,2
96,-553.437,-12568.895,42.391,-154.704,0,0.68029,-0.08934,81.635,-0.804,775.000,350.000,-1,400.000,-1,275.000,300.000,300.000,425.000,575.000,25.000,25.000,-1,600.000,800.000,825.000,-1,0,0,2,0,2,0,0,0,0,1,0,0,2,0,0,0,2
98,-676.232,-12623.688,42.035,-156.425,0,0.52029,-0.09782,62.435,-0.880,825.000,350.000,-1,425.000,-1,300.000,325.000,325.000,350.000,525.000,100.000,100.000,-1,625.000,825.000,900.000,-1,0,0,2,0,2,0,0,0,0,1,0,0,2,0,0,0,2
100,-765.161,-12660.023,43.409,-158.302,0,0.36029,-0.10636,43.235,-0.957,875.000,375.000,-1,425.000,-1,325.000,325.000,325.000,350.000,550.000,175.000,125.000,-1,650.000,850.000,950.000,-1,0,0,2,0,2,0,0,0,0,1,0,0,2,0,0,0,2
102,-819.252,-12680.015,44.988,-160.310,0,0.20029,-0.11309,24.035,-1.018,900.000,375.000,-1,450.000,-1,325.000,350.000,325.000,350.000,575.000,225.000,125.000,-1,675.000,875.000,950.000,-1,0,0,2,0,2,0,0,0,0,1,0,0,2,0,0,0,2
104,-837.536,-12686.093,45.692,-162.400,0,0.04029,-0.11681,4.835,-1.051,900.000,400.000,-1,450.000,-1,325.000,350.000,325.000,350.000,575.000,250.000,150.000,-1,700.000,875.000,950.000,-1,0,0,2,0,2,0,0,0,0,1,0,0,2,0,0,0,2
106,-819.125,-12680.898,44.836,-164.507,0,-0.11971,-0.11681,-14.365,-1.051,900.000,400.000,-1,450.000,-1,325.000,350.000,325.000,350.000,550.000,225.000,150.000,-1,700.000,900.000,950.000,-1,0,0,2,0,2,0,0,0,0,1,0,0,2,0,0,0,2
108,-776.850,-12670.401,42.724,-166.561,0,-0.18238,-0.11296,-21.885,-1.017,900.000,400.000,-1,450.000,-1,325.000,350.000,325.000,325.000,525.000,225.000,175.000,-1,700.000,900.000,975.000,-1,0,0,2,0,2,0,0,0,0,1,0,0,2,0,0,0,2
110,-733.419,-12661.206,40.399,-168.530,0,-0.18584,-0.10821,-22.301,-0.974,900.000,375.000,-1,450.000,-1,325.000,350.000,300.000,325.000,475.000,200.000,150.000,-1,700.000,925.000,975.000,-1,0,0,2,0,2,0,0,0,0,1,0,0,2,0,0,0,2
112,-688.898,-12653.315,37.849,-170.412,0,-0.18924,-0.10332,-22.709,-0.930,900.000,375.000,-1,450.000,-1,325.000,350.000,300.000,325.000,450.000,150.000,125.000,-1,675.000,925.000,975.000,-1,0,0,2,0,2,0,0,0,0,1,0,0,2,0,0,0,2
114,-643.361,-12646.724,35.063,-172.204,0,-0.19254,-0.09830,-23.105,-0.885,900.000,375.000,-1,450.000,-1,325.000,350.000,300.000,325.000,400.000,125.000,75.000,-1,675.000,950.000,1000.000,-1,0,0,2,0,2,0,0,0,0,1,0,0,2,0,0,0,2
116,-596.885,-12641.417,32.030,-173.904,0,-0.19569,-0.09317,-23.483,-0.839,900.000,375.000,-1,450.000,-1,325.000,350.000,300.000,350.000,375.000,75.000,50.000,-1,675.000,975.000,-1,-1,0,0,2,0,2,0,0,0,0,1,0,0,2,0,0,2,2
118,-549.556,-12637.374,28.740,-175.511,0,-0.19866,-0.08795,-23.839,-0.792,875.000,375.000,-1,450.000,-1,325.000,325.000,275.000,350.000,325.000,50.000,0.000,-1,675.000,1000.000,-1,-1,0,0,2,0,2,0,0,0,0,1,0,0,2,0,0,2,2
120,-501.467,-12634.561,25.187,-177.023,0,-0.20139,-0.08265,-24.166,-0.744,875.000,375.000,-1,450.000,-1,325.000,325.000,275.000,350.000,275.000,0.000,0.000,-1,675.000,-1,-1,-1,0,0,2,0,2,0,0,0,0,1,0,0,2,0,2,2,2
122,-424.538,-12629.033,19.786,-175.270,0,-0.36139,0.15735,-43.366,1.416,800.000,350.000,-1,450.000,-1,300.000,325.000,275.000,350.000,225.000,0.000,0.000,-1,650.000,1000.000,-1,-1,0,0,2,0,2,0,0,0,0,1,0,0,2,0,0,2,2
124,-323.956,-12613.107,15.157,-169.198,0,-0.42078,0.39735,-50.493,3.576,225.000,250.000,-1,275.000,-1,200.000,225.000,250.000,300.000,300.000,375.000,400.000,-1,375.000,475.000,225.000,750.000,0,0,2,0,2,0,0,1,0,1,1,1,2,0,0,0,0
126,-232.708,-12582.987,21.718,-158.806,0,-0.39271,0.63735,-47.126,5.736,400.000,275.000,-1,275.000,950.000,225.000,225.000,200.000,300.000,375.000,300.000,350.000,-1,400.000,450.000,350.000,575.000,0,0,2,0,0,0,0,1,0,1,1,1,2,0,0,0,0
128,-159.568,-12537.598,31.879,-144.094,0,-0.34716,0.87735,-41.660,7.896,675.000,300.000,1000.000,275.000,575.000,250.000,250.000,200.000,300.000,375.000,300.000,-1,-1,475.000,450.000,550.000,450.000,0,0,0,0,0,0,0,1,0,1,1,2,2,0,0,0,0
130,-111.733,-12482.230,44.449,-126.118,0,-0.29175,1.00000,-35.010,9.000,200.000,350.000,-1,300.000,450.000,275.000,275.000,275.000,300.000,450.000,-1,-1,-1,575.000,450.000,300.000,450.000,1,0,2,0,0,0,0,1,0,1,2,2,2,0,0,1,0
132,-87.930,-12425.598,57.374,-108.118,0,-0.24649,1.00000,-29.579,9.000,225.000,275.000,-1,325.000,475.000,275.000,300.000,250.000,275.000,-1,-1,-1,-1,400.000,525.000,225.000,525.000,1,1,2,0,0,1,0,1,0,2,2,2,2,1,0,1,0
134,-83.785,-12395.573,64.228,-93.358,0,-0.08649,0.76000,-10.379,6.840,300.000,275.000,-1,350.000,550.000,250.000,275.000,250.000,275.000,-1,-1,-1,-1,350.000,600.000,275.000,700.000,1,1,2,1,0,1,1,1,0,2,2,2,2,1,0,1,0
136,-82.730,-12403.548,62.411,-82.918,0,0.07351,0.52000,8.821,4.680,300.000,275.000,550.000,300.000,675.000,250.000,250.000,250.000,250.000,-1,-1,-1,-1,325.000,500.000,325.000,925.000,1,1,1,1,0,1,1,1,0,2,2,2,2,1,1,1,0
138,-72.916,-12448.929,52.067,-76.798,0,0.23351,0.28000,28.021,2.520,275.000,250.000,450.000,275.000,775.000,225.000,225.000,250.000,250.000,-1,-1,-1,-1,300.000,375.000,275.000,675.000,1,1,1,1,0,1,1,1,0,2,2,2,2,1,1,1,1
140,-51.182,-12530.939,33.327,-74.998,0,0.39351,0.04000,47.221,0.360,200.000,200.000,350.000,225.000,800.000,175.000,175.000,225.000,250.000,-1,-1,-1,-1,250.000,300.000,200.000,400.000,1,1,1,1,0,1,1,1,0,2,2,2,2,1,1,1,1
142,-22.808,-12650.855,5.813,-77.518,0,0.55351,-0.20000,66.421,-1.800,75.000,125.000,225.000,175.000,700.000,100.000,125.000,200.000,250.000,-1,-1,-1,-1,150.000,225.000,75.000,300.000,1,1,1,1,0,1,1,1,0,2,2,2,2,1,1,1,1
144,-8410.256,-18522.241,520.738,-12.605,1,0.08000,-0.12000,9.600,-1.080,-1,575.000,-1,525.000,-1,400.000,400.000,325.000,375.000,-1,-1,-1,-1,-1,-1,-1,-1,2,0,2,0,2,0,0,0,0,2,2,2,2,2,2,2,2
146,-8364.300,-18536.036,515.020,-18.005,0,0.24000,-0.36000,28.800,-3.240,-1,575.000,-1,525.000,-1,400.000,400.000,325.000,375.000,-1,-1,-1,-1,-1,-1,-1,-1,2,0,2,0,2,0,0,0,0,2,2,2,2,2,2,2,2
148,-8286.179,-18572.741,503.578,-27.440,0,0.40000,-0.56834,48.000,-5.115,-1,550.000,-1,550.000,-1,425.000,425.000,400.000,375.000,-1,950.000,-1,-1,-1,-1,-1,-1,2,0,2,0,2,0,0,0,0,2,0,2,2,2,2,2,2
150,-8184.634,-18645.072,484.496,-37.869,0,0.56000,-0.57941,67.200,-5.215,-1,400.000,-1,475.000,-1,350.000,375.000,350.000,475.000,-1,-1,-1,-1,850.000,-1,-1,-1,2,0,2,0,2,0,0,0,0,2,2,2,2,0,2,2,2
152,-8071.065,-18762.039,446.853,-48.298,0,0.72000,-0.57941,86.400,-5.215,-1,375.000,-1,-1,-1,300.000,300.000,450.000,350.000,-1,-1,-1,-1,700.000,-1,-1,-1,2,0,2,2,2,0,0,0,0,2,2,2,2,0,2,2,2
154,-7962.629,-18898.500,403.819,-58.728,0,0.82433,-0.57941,98.920,-5.215,-1,375.000,-1,-1,-1,-1,-1,350.000,350.000,-1,-1,-1,-1,-1,-1,-1,-1,2,0,2,2,2,2,2,0,0,2,2,2,2,2,2,2,2
156,-7878.768,-18898.500,391.716,-66.608,0,0.82433,-0.37782,98.920,-3.400,-1,-1,-1,-1,-1,-1,-1,350.000,325.000,-1,-1,-1,-1,-1,-1,-1,-1,2,2,2,2,2,2,2,0,0,2,2,2,2,2,2,2,2
158,-7817.452,-18898.500,382.864,-74.400,0,0.90433,-0.37286,108.520,-3.356,-1,-1,-1,-1,-1,-1,-1,350.000,325.000,-1,-1,-1,-1,-1,-1,-1,-1,2,2,2,2,2,2,2,0,0,2,2,2,2,2,2,2,2
160,-7768.905,-18898.500,375.856,-77.871,0,0.91826,-0.13286,110.191,-1.196,-1,-1,-1,-1,-1,-1,-1,350.000,325.000,-1,-1,-1,-1,-1,-1,-1,-1,2,2,2,2,2,2,2,0,0,2,2,2,2,2,2,2,2
162,-7723.381,-18898.500,369.288,-77.023,0,0.83826,0.10714,100.591,0.964,-1,-1,-1,-1,-1,-1,-1,375.000,325.000,-1,-1,-1,-1,-1,-1,-1,-1,2,2,2,2,2,2,2,0,0,2,2,2,2,2,2,2,2
164,-7673.177,-18898.500,362.047,-71.854,0,0.71233,0.34714,85.480,3.124,-1,-1,-1,-1,-1,-1,-1,375.000,325.000,-1,-1,-1,-1,-1,-1,-1,-1,2,2,2,2,2,2,2,0,0,2,2,2,2,2,2,2,2
166,-7608.037,-18898.500,352.651,-64.526,0,0.63233,0.34714,75.880,3.124,-1,-1,-1,-1,-1,-1,-1,400.000,325.000,-1,-1,-1,-1,-1,-1,-1,-1,2,2,2,2,2,2,2,0,0,2,2,2,2,2,2,2,2
168,-7544.716,-18898.500,343.568,-61.517,0,0.56200,0.10714,67.440,0.964,-1,-1,-1,-1,-1,-1,-1,325.000,375.000,-1,-1,-1,-1,-1,-1,-1,-1,2,2,2,2,2,2,2,0,0,2,2,2,2,2,2,2,2
170,-7474.936,-18898.500,330.680,-60.669,0,0.64200,0.10714,77.040,0.964,-1,-1,-1,-1,-1,-1,-1,325.000,375.000,-1,-1,-1,-1,-1,-1,-1,-1,2,2,2,2,2,2,2,0,0,2,2,2,2,2,2,2,2
172,-7378.345,-18898.500,312.840,-57.660,0,0.80200,0.10714,96.240,0.964,750.000,350.000,-1,-1,-1,-1,-1,350.000,375.000,-1,-1,-1,-1,-1,-1,-1,-1,0,0,2,2,2,2,2,0,0,2,2,2,2,2,2,2,2
174,-7262.371,-18898.500,291.420,-54.652,0,0.81178,0.10714,97.414,0.964,750.000,350.000,-1,-1,-1,300.000,-1,325.000,350.000,-1,-1,-1,-1,-1,-1,-1,-1,0,0,2,2,2,0,2,0,0,2,2,2,2,2,2,2,2
176,-7151.649,-18898.500,270.968,-55.963,0,0.81178,-0.13286,97.414,-1.196,-1,325.000,-1,-1,-1,275.000,-1,325.000,350.000,-1,-1,-1,-1,-1,-1,-1,-1,2,0,2,2,2,0,2,0,0,2,2,2,2,2,2,2,2
178,-7048.252,-18898.500,251.865,-60.853,0,0.89178,-0.29042,107.014,-2.614,-1,325.000,-1,-1,-1,-1,-1,300.000,350.000,-1,-1,-1,-1,-1,-1,-1,-1,2,0,2,2,2,2,2,0,0,2,2,2,2,2,2,2,2
180,-6947.638,-18898.500,233.278,-62.841,0,0.91139,-0.05042,109.366,-0.454,-1,-1,-1,-1,-1,-1,-1,300.000,325.000,-1,-1,-1,-1,-1,-1,-1,-1,2,2,2,2,2,2,2,0,0,2,2,2,2,2,2,2,2
182,-6857.748,-18898.500,217.579,-65.524,0,0.83139,-0.20908,99.766,-1.882,-1,-1,-1,-1,-1,-1,-1,325.000,300.000,-1,-1,-1,-1,-1,-1,-1,-1,2,2,2,2,2,2,2,0,0,2,2,2,2,2,2,2,2
184,-6798.221,-18898.500,208.389,-72.527,0,0.73439,-0.44908,88.126,-4.042,-1,-1,-1,-1,-1,-1,-1,325.000,300.000,-1,-1,-1,-1,-1,-1,-1,-1,2,2,2,2,2,2,2,0,0,2,2,2,2,2,2,2,2
186,-6765.684,-18898.500,203.359,-81.691,0,0.78923,-0.44908,94.708,-4.042,-1,-1,-1,-1,-1,-1,-1,325.000,275.000,-1,-1,-1,-1,-1,-1,-1,-1,2,2,2,2,2,2,2,0,0,2,2,2,2,2,2,2,2
188,-6751.133,-18898.500,201.110,-86.534,0,0.78923,-0.20908,94.708,-1.882,-1,-1,-1,-1,-1,-1,-1,300.000,275.000,-1,-1,-1,-1,-1,-1,-1,-1,2,2,2,2,2,2,2,0,0,2,2,2,2,2,2,2,2
190,-6749.003,-18898.500,200.778,-89.931,0,0.70923,-0.12873,85.108,-1.159,-1,-1,-1,-1,-1,-1,-1,300.000,275.000,-1,-1,-1,-1,-1,-1,-1,-1,2,2,2,2,2,2,2,0,0,2,2,2,2,2,2,2,2
192,-6747.751,-18898.500,200.585,-89.009,0,0.60908,0.11127,73.089,1.001,-1,-1,-1,-1,-1,-1,-1,300.000,275.000,-1,-1,-1,-1,-1,-1,-1,-1,2,2,2,2,2,2,2,0,0,2,2,2,2,2,2,2,2
194,-6737.958,-18898.500,199.077,-85.926,0,0.68908,0.11127,82.689,1.001,-1,-1,-1,-1,-1,-1,-1,325.000,275.000,-1,-1,-1,-1,-1,-1,-1,-1,2,2,2,2,2,2,2,0,0,2,2,2,2,2,2,2,2
196,-6724.637,-18898.500,197.022,-86.122,0,0.84908,-0.01310,101.889,-0.118,-1,-1,-1,-1,-1,-1,-1,325.000,275.000,-1,-1,-1,-1,-1,-1,-1,-1,2,2,2,2,2,2,2,0,0,2,2,2,2,2,2,2,2
198,-6718.807,-18898.500,196.119,-89.598,0,0.83398,-0.25310,100.078,-2.278,-1,-1,-1,-1,-1,-1,-1,325.000,275.000,-1,-1,-1,-1,-1,-1,-1,-1,2,2,2,2,2,2,2,0,0,2,2,2,2,2,2,2,2
200,-6733.881,-18898.500,198.438,-97.394,0,0.67398,-0.49310,80.878,-4.438,-1,-1,-1,-1,-1,-1,-1,300.000,275.000,-1,-1,-1,-1,-1,-1,-1,-1,2,2,2,2,2,2,2,0,0,2,2,2,2,2,2,2,2
202,-6773.926,-18898.500,204.610,-107.350,0,0.67398,-0.49310,80.878,-4.438,-1,-1,-1,-1,-1,-1,-1,275.000,250.000,-1,-1,-1,-1,-1,-1,-1,-1,2,2,2,2,2,2,2,0,0,2,2,2,2,2,2,2,2
204,-6844.999,-18898.500,215.572,-112.986,0,0.83398,-0.25310,100.078,-2.278,-1,-1,-1,-1,-1,-1,-1,275.000,250.000,-1,-1,-1,-1,-1,-1,-1,-1,2,2,2,2,2,2,2,0,0,2,2,2,2,2,2,2,2
206,-6932.641,-18898.500,230.452,-114.301,0,0.92928,-0.01310,111.514,-0.118,-1,-1,-1,-1,-1,-1,-1,250.000,275.000,-1,-1,-1,-1,-1,-1,-1,-1,2,2,2,2,2,2,2,0,0,2,2,2,2,2,2,2,2
208,-7017.449,-18898.500,246.116,-111.297,0,0.93068,0.22690,111.681,2.042,-1,-1,-1,-1,-1,-1,-1,250.000,300.000,-1,-1,-1,-1,-1,-1,-1,-1,2,2,2,2,2,2,2,0,0,2,2,2,2,2,2,2,2
210,-7076.934,-18898.500,257.108,-103.973,0,0.85068,0.46690,102.081,4.202,-1,-1,-1,-1,-1,-1,-1,275.000,300.000,-1,-1,-1,-1,-1,-1,-1,-1,2,2,2,2,2,2,2,0,0,2,2,2,2,2,2,2,2
212,-7094.359,-18898.500,260.340,-92.329,0,0.70771,0.70690,84.925,6.362,-1,-1,-1,-1,-1,-1,-1,275.000,325.000,-1,-1,-1,-1,-1,-1,-1,-1,2,2,2,2,2,2,2,0,0,2,2,2,2,2,2,2,2
214,-7067.985,-18898.500,255.489,-78.525,0,0.78771,0.70690,94.525,6.362,-1,-1,-1,-1,-1,-1,-1,275.000,325.000,-1,-1,-1,-1,-1,-1,-1,-1,2,2,2,2,2,2,2,0,0,2,2,2,2,2,2,2,2
216,-6998.076,-18898.500,242.588,-69.040,0,0.92924,0.46690,111.509,4.202,-1,-1,-1,-1,-1,-1,-1,300.000,325.000,-1,-1,-1,-1,-1,-1,-1,-1,2,2,2,2,2,2,2,0,0,2,2,2,2,2,2,2,2
218,-6907.705,-18898.500,225.900,-63.876,0,0.84924,0.22690,101.909,2.042,-1,-1,-1,-1,-1,-1,-1,300.000,325.000,-1,-1,-1,-1,-1,-1,-1,-1,2,2,2,2,2,2,2,0,0,2,2,2,2,2,2,2,2
220,-6820.210,-18898.500,211.789,-63.032,0,0.80228,-0.01310,96.274,-0.118,-1,-1,-1,-1,-1,-1,-1,325.000,300.000,-1,-1,-1,-1,-1,-1,-1,-1,2,2,2,2,2,2,2,0,0,2,2,2,2,2,2,2,2
222,-6738.534,-18898.500,199.185,-64.348,0,0.76652,-0.01310,91.983,-0.118,-1,-1,-1,-1,-1,-1,-1,325.000,300.000,-1,-1,-1,-1,-1,-1,-1,-1,2,2,2,2,2,2,2,0,0,2,2,2,2,2,2,2,2
224,-6654.172,-18898.500,186.169,-62.019,0,0.76652,0.15186,91.983,1.367,-1,-1,-1,-1,-1,-1,-1,350.000,325.000,-1,-1,-1,-1,-1,-1,-1,-1,2,2,2,2,2,2,2,0,0,2,2,2,2,2,2,2,2
226,-6551.370,-18898.500,170.310,-56.046,0,0.83876,0.39186,100.651,3.527,-1,400.000,-1,-1,-1,300.000,-1,350.000,325.000,-1,375.000,300.000,-1,-1,-1,-1,-1,2,0,2,2,2,0,2,0,0,2,0,0,2,2,2,2,2
228,-6421.167,-18898.500,150.222,-47.912,0,0.83876,0.39186,100.651,3.527,-1,475.000,-1,-1,-1,350.000,-1,350.000,350.000,-1,175.000,200.000,-1,-1,-1,-1,-1,2,0,2,2,2,0,2,0,0,2,0,0,2,2,2,2,2
230,-6275.870,-18898.500,127.805,-37.688,0,0.75876,0.62413,91.051,5.617,-1,600.000,-1,-1,-1,425.000,-1,350.000,-1,-1,125.000,200.000,-1,-1,-1,-1,-1,2,0,2,2,2,0,2,0,2,2,0,0,2,2,2,2,2
232,-6145.261,-18898.500,101.184,-29.694,0,0.59876,0.38413,71.851,3.457,-1,425.000,-1,-1,-1,325.000,325.000,275.000,-1,-1,-1,-1,-1,-1,-1,-1,-1,2,0,2,2,2,0,0,0,2,2,2,2,2,2,2,2,2
234,-6042.637,-18898.500,77.666,-26.020,0,0.43876,0.14413,52.651,1.297,975.000,450.000,-1,-1,-1,350.000,325.000,275.000,-1,-1,-1,-1,-1,925.000,-1,-1,-1,0,0,2,2,2,0,0,0,2,2,2,2,2,0,2,2,2
236,-5973.985,-18898.500,61.931,-26.665,0,0.27876,-0.09587,33.451,-0.863,900.000,450.000,-1,-1,-1,350.000,350.000,275.000,-1,-1,-1,-1,-1,900.000,-1,-1,-1,0,0,2,2,2,0,0,0,2,2,2,2,2,0,2,2,2
238,-5913.931,-18898.500,48.166,-31.631,0,0.33000,-0.33587,39.600,-3.023,900.000,475.000,-1,-1,-1,375.000,375.000,275.000,-1,-1,-1,-1,-1,900.000,-1,-1,-1,0,0,2,2,2,0,0,0,2,2,2,2,2,0,2,2,2
240,-5824.443,-18898.500,27.656,-34.437,0,0.49000,-0.09587,58.800,-0.863,825.000,525.000,-1,-1,-1,400.000,400.000,275.000,-1,-1,-1,-1,-1,875.000,-1,-1,-1,0,0,2,2,2,0,0,0,2,2,2,2,2,0,2,2,2
242,-5702.410,-18898.500,-0.311,-32.922,0,0.65000,0.14413,78.000,1.297,675.000,550.000,-1,-1,-1,450.000,-1,275.000,-1,-1,-1,-1,-1,750.000,-1,825.000,-1,0,0,2,2,2,0,2,0,2,2,2,2,2,0,2,0,2
244,-5558.208,-18898.500,-34.069,-27.088,0,0.68607,0.38413,82.329,3.457,425.000,425.000,-1,-1,-1,400.000,425.000,250.000,-1,-1,-1,-1,-1,550.000,-1,475.000,-1,0,0,2,2,2,0,0,0,2,2,2,2,2,0,2,0,2
246,-5395.303,-18898.500,-77.891,-19.094,0,0.76607,0.38413,91.929,3.457,275.000,300.000,725.000,425.000,-1,300.000,325.000,275.000,-1,-1,-1,-1,-1,375.000,-1,275.000,-1,0,0,0,0,2,0,0,0,2,2,2,2,2,0,2,0,2
248,-5196.758,-18898.500,-131.303,-15.419,0,0.87574,0.14413,105.089,1.297,100.000,175.000,425.000,250.000,-1,175.000,200.000,325.000,-1,-1,-1,-1,-1,250.000,350.000,100.000,-1,0,0,0,0,2,0,0,0,2,2,2,2,2,0,0,0,2
250,-4994.062,-18898.500,-185.828,-13.905,0,0.86952,0.14413,104.342,1.297,0.000,75.000,175.000,100.000,100.000,75.000,100.000,300.000,-1,-1,-1,-1,-1,100.000,150.000,0.000,75.000,0,0,0,0,0,0,0,0,2,2,2,2,2,0,0,0,0
252,-4788.516,-18898.500,-196.364,-8.070,0,0.86952,0.38413,104.342,3.457,-1,375.000,-1,375.000,-1,300.000,300.000,500.000,-1,550.000,0.000,0.000,75.000,700.000,575.000,-1,-1,2,0,2,0,2,0,0,0,2,0,0,0,0,0,0,2,2
254,-4589.631,-18898.500,-182.082,-0.076,0,0.78952,0.38413,94.742,3.457,-1,375.000,-1,325.000,-1,300.000,275.000,525.000,-1,700.000,50.000,50.000,-1,-1,500.000,-1,525.000,2,0,2,0,2,0,0,0,2,0,0,0,2,2,0,2,0
256,-4411.274,-18889.310,-167.315,3.598,0,0.74419,0.14413,89.302,1.297,-1,375.000,-1,300.000,350.000,275.000,250.000,600.000,-1,900.000,225.000,225.000,-1,-1,450.000,-1,375.000,2,0,2,0,0,0,0,0,2,0,0,0,2,2,0,2,0
258,-4224.779,-18878.344,-149.584,2.953,0,0.81267,-0.09587,97.520,-0.863,-1,650.000,-1,350.000,-1,350.000,300.000,625.000,-1,950.000,0.000,0.000,-1,-1,-1,-1,-1,2,0,2,0,2,0,0,0,2,0,0,0,2,2,2,2,2
260,-4029.789,-18879.230,-125.685,-1.531,0,0.81267,-0.28232,97.520,-2.541,-1,875.000,-1,625.000,-1,525.000,475.000,475.000,-1,-1,75.000,175.000,-1,-1,-1,-1,-1,2,0,2,0,2,0,0,0,2,2,0,0,2,2,2,2,2
262,-3835.644,-18897.385,-104.197,-6.613,0,0.81267,-0.28232,97.520,-2.541,-1,1000.000,-1,-1,-1,700.000,675.000,375.000,-1,-1,150.000,300.000,-1,-1,-1,-1,-1,2,0,2,2,2,0,0,0,2,2,0,0,2,2,2,2,2
264,-3643.515,-18898.500,-79.961,-10.614,0,0.81267,-0.16232,97.520,-1.461,-1,-1,-1,-1,-1,775.000,775.000,400.000,-1,-1,100.000,375.000,-1,-1,-1,-1,-1,2,2,2,2,2,0,0,0,2,2,0,0,2,2,2,2,2
266,-3452.185,-18898.500,-91.678,-11.387,0,0.81267,-0.04351,97.520,-0.392,-1,350.000,-1,375.000,-1,300.000,325.000,300.000,-1,-1,-1,-1,-1,575.000,600.000,-1,-1,2,0,2,0,2,0,0,0,2,2,2,2,2,0,0,2,2
268,-3257.257,-18898.500,-112.047,-11.960,0,0.83062,0.02813,99.674,0.253,-1,325.000,-1,325.000,-1,275.000,275.000,325.000,-1,-1,-1,-1,-1,525.000,525.000,-1,-1,2,0,2,0,2,0,0,0,2,2,2,2,2,0,0,2,2
270,-3060.641,-18898.500,-132.591,-8.214,0,0.83062,0.26813,99.674,2.413,-1,275.000,-1,275.000,-1,225.000,225.000,325.000,-1,-1,-1,-1,-1,475.000,425.000,-1,400.000,2,0,2,0,2,0,0,0,2,2,2,2,2,0,0,2,0
272,-2878.773,-18898.500,-145.290,-2.308,0,0.75938,0.26813,91.126,2.413,-1,450.000,-1,400.000,-1,325.000,300.000,325.000,-1,-1,0.000,0.000,-1,-1,-1,-1,-1,2,0,2,0,2,0,0,0,2,2,0,0,2,2,2,2,2
274,-2696.542,-18897.279,-148.480,0.768,0,0.75938,0.19361,91.126,1.742,-1,525.000,-1,500.000,-1,400.000,400.000,325.000,-1,-1,50.000,75.000,-1,-1,-1,-1,-1,2,0,2,0,2,0,0,0,2,2,0,0,2,2,2,2,2
276,-2505.342,-18878.728,-150.298,7.493,0,0.80087,0.43361,96.105,3.902,-1,600.000,-1,625.000,-1,450.000,450.000,300.000,-1,-1,250.000,325.000,-1,-1,-1,-1,-1,2,0,2,0,2,0,0,0,2,2,0,0,2,2,2,2,2
278,-2320.388,-18827.413,-149.953,18.538,0,0.80087,0.67361,96.105,6.062,-1,625.000,-1,725.000,-1,500.000,500.000,275.000,-1,-1,575.000,675.000,-1,-1,-1,-1,-1,2,0,2,0,2,0,0,0,2,2,0,0,2,2,2,2,2
280,-2150.769,-18737.613,-162.612,31.018,0,0.80087,0.69334,96.105,6.240,-1,425.000,-1,400.000,-1,325.000,325.000,325.000,325.000,-1,-1,-1,-1,800.000,825.000,-1,-1,2,0,2,0,2,0,0,0,0,2,2,2,2,0,0,2,2
282,-2004.563,-18613.279,-171.723,43.498,0,0.80087,0.69334,96.105,6.240,-1,425.000,-1,400.000,-1,350.000,325.000,300.000,325.000,-1,-1,-1,-1,750.000,775.000,-1,-1,2,0,2,0,2,0,0,0,0,2,2,2,2,0,0,2,2
284,-1888.680,-18460.288,-176.130,55.978,0,0.80087,0.69334,96.105,6.240,-1,375.000,-1,400.000,-1,325.000,325.000,300.000,300.000,-1,-1,-1,-1,700.000,675.000,-1,-1,2,0,2,0,2,0,0,0,0,2,2,2,2,0,0,2,2
286,-1808.597,-18285.871,-175.444,68.458,0,0.80087,0.69334,96.105,6.240,-1,350.000,-1,350.000,950.000,300.000,300.000,300.000,300.000,-1,-1,-1,-1,650.000,600.000,-1,-1,2,0,2,0,0,0,0,0,0,2,2,2,2,0,0,2,2
288,-1768.098,-18098.268,-169.010,80.938,0,0.80087,0.69334,96.105,6.240,-1,325.000,-1,325.000,725.000,275.000,275.000,300.000,275.000,-1,-1,-1,-1,650.000,575.000,-1,-1,2,0,2,0,0,0,0,0,0,2,2,2,2,0,0,2,2
290,-1769.096,-17906.346,-151.620,93.418,0,0.80087,0.69334,96.105,6.240,-1,425.000,-1,425.000,-1,325.000,325.000,300.000,275.000,-1,150.000,100.000,-1,900.000,925.000,-1,-1,2,0,2,0,2,0,0,0,0,2,0,0,2,0,0,2,2
292,-1811.545,-17719.175,-126.125,105.898,0,0.80087,0.69334,96.105,6.240,-1,425.000,-1,450.000,-1,350.000,350.000,325.000,275.000,-1,300.000,300.000,-1,-1,-1,-1,-1,2,0,2,0,2,0,0,0,0,2,0,0,2,2,2,2,2
294,-1893.439,-17545.600,-95.871,118.378,0,0.80087,0.69334,96.105,6.240,-1,500.000,-1,475.000,-1,350.000,375.000,350.000,300.000,-1,475.000,450.000,-1,-1,-1,-1,-1,2,0,2,0,2,0,0,0,0,2,0,0,2,2,2,2,2
296,-2013.620,-17389.596,-61.489,130.586,0,0.83160,0.66958,99.792,6.026,-1,650.000,-1,475.000,-1,450.000,400.000,375.000,375.000,-1,675.000,650.000,-1,-1,-1,-1,-1,2,0,2,0,2,0,0,0,0,2,0,0,2,2,2,2,2
298,-2175.197,-17248.993,-27.778,141.262,0,0.93323,0.53306,111.987,4.798,-1,800.000,-1,550.000,-1,500.000,450.000,475.000,325.000,-1,-1,-1,-1,-1,-1,-1,-1,2,0,2,0,2,0,0,0,0,2,2,2,2,2,2,2,2
299,-2268.720,-17183.456,-8.684,144.979,0,0.95167,0.41306,114.200,3.718,-1,-1,-1,625.000,-1,575.000,525.000,500.000,325.000,-1,-1,-1,-1,-1,-1,-1,-1,2,2,2,0,2,0,0,0,0,2,2,2,2,2,2,2,2
