timestep,x_cm,y_cm,z_cm,yaw_deg,basis_xx,basis_xy,basis_xz,basis_yx,basis_yy,basis_yz,basis_zx,basis_zy,basis_zz,teleport_flag,throttle_cmd,steering_cmd,cmd_move_cm,cmd_turn_deg,lidar_cm_0,lidar_cm_1,lidar_cm_2,lidar_cm_3,lidar_cm_4,lidar_cm_5,lidar_cm_6,lidar_cm_7,lidar_cm_8,lidar_cm_9,lidar_cm_10,lidar_cm_11,lidar_cm_12,lidar_cm_13,lidar_cm_14,lidar_cm_15,lidar_cm_16,lidar_class_0,lidar_class_1,lidar_class_2,lidar_class_3,lidar_class_4,lidar_class_5,lidar_class_6,lidar_class_7,lidar_class_8,lidar_class_9,lidar_class_10,lidar_class_11,lidar_class_12,lidar_class_13,lidar_class_14,lidar_class_15,lidar_class_16
0,-7543.895,-2300.536,86.445,-100.022,-0.189465,0.974992,0.116167,-0.974557,-0.172300,-0.143356,-0.119755,-0.140372,0.982830,1,0.08000,-0.12000,4.800,-0.240,650.000,325.000,-1,400.000,-1,275.000,300.000,250.000,375.000,-1,-1,-1,225.000,575.000,750.000,850.000,-1,0,0,2,0,2,0,0,0,1,2,2,2,1,0,0,0,2
1,-7545.649,-2309.976,85.284,-100.502,-0.197238,0.973731,0.113772,-0.973219,-0.180502,-0.142351,-0.118075,-0.138803,0.983256,0,0.16000,-0.24000,9.600,-0.480,700.000,325.000,-1,400.000,-1,275.000,300.000,250.000,375.000,-1,-1,-1,225.000,575.000,750.000,900.000,-1,0,0,2,0,2,0,0,0,1,2,2,2,1,0,0,0,2
2,-7548.457,-2324.101,83.582,-101.222,-0.208907,0.971696,0.110295,-0.971078,-0.192785,-0.140860,-0.115610,-0.136532,0.983867,0,0.24000,-0.36000,14.400,-0.720,775.000,325.000,-1,400.000,-1,275.000,300.000,250.000,375.000,-1,-1,-1,225.000,575.000,750.000,1000.000,-1,0,0,2,0,2,0,0,0,1,2,2,2,1,0,0,0,2
3,-7552.516,-2342.868,81.382,-102.182,-0.224470,0.968714,0.105856,-0.967976,-0.209121,-0.138894,-0.112412,-0.133644,0.984633,0,0.32000,-0.48000,19.200,-0.960,900.000,325.000,-1,400.000,-1,275.000,300.000,250.000,375.000,-1,-1,-1,250.000,600.000,750.000,-1,-1,0,0,2,0,2,0,0,0,1,2,2,2,1,0,0,2,2
4,-7558.079,-2366.217,78.739,-103.382,-0.243917,0.964565,0.100596,-0.963703,-0.229468,-0.136459,-0.108540,-0.130230,0.985525,0,0.40000,-0.60000,24.000,-1.200,-1,325.000,-1,375.000,-1,300.000,300.000,250.000,400.000,-1,-1,-1,250.000,600.000,750.000,-1,-1,2,0,2,0,2,0,0,0,1,2,2,2,1,0,0,2,2
5,-7565.367,-2394.082,75.761,-104.640,-0.264212,0.959771,0.095038,-0.958792,-0.250709,-0.133651,-0.104447,-0.126434,0.986461,0,0.48000,-0.62887,28.800,-1.258,-1,350.000,-1,375.000,-1,300.000,300.000,275.000,400.000,-1,-1,-1,250.000,625.000,750.000,-1,-1,2,0,2,0,2,0,0,0,1,2,2,2,1,0,0,2,2
6,-7574.577,-2426.397,72.477,-105.892,-0.284297,0.954568,0.089308,-0.953482,-0.271771,-0.130428,-0.100231,-0.122234,0.987427,0,0.56000,-0.62622,33.600,-1.252,-1,350.000,-1,375.000,-1,300.000,300.000,275.000,425.000,-1,-1,-1,275.000,650.000,725.000,-1,-1,2,0,2,0,2,0,0,0,1,2,2,2,1,0,0,2,2
7,-7585.902,-2463.090,68.870,-107.138,-0.304132,0.948979,0.083327,-0.947803,-0.292637,-0.126621,-0.095776,-0.117487,0.988445,0,0.64000,-0.62312,38.400,-1.246,-1,350.000,-1,375.000,-1,300.000,300.000,275.000,425.000,675.000,-1,-1,275.000,675.000,725.000,-1,-1,2,0,2,0,2,0,0,0,1,1,2,2,1,0,0,2,2
8,-7598.616,-2501.328,65.154,-108.377,-0.323718,0.942992,0.077278,-0.941760,-0.313276,-0.122253,-0.091075,-0.112353,0.989486,0,0.67158,-0.61953,40.295,-1.239,-1,375.000,-1,375.000,-1,300.000,300.000,300.000,400.000,650.000,-1,-1,300.000,700.000,750.000,-1,-1,2,0,2,0,2,0,0,0,1,1,2,2,1,0,0,2,2
9,-7612.160,-2539.320,61.162,-109.609,-0.343088,0.936483,0.072736,-0.935434,-0.333627,-0.116859,-0.085169,-0.108133,0.990481,0,0.67221,-0.61572,40.333,-1.231,-1,375.000,-1,400.000,-1,300.000,325.000,300.000,375.000,625.000,-1,-1,300.000,725.000,750.000,-1,-1,2,0,2,0,2,0,0,0,0,1,2,2,1,0,0,2,2
10,-7626.528,-2577.059,56.922,-110.832,-0.362269,0.929506,0.069136,-0.928723,-0.353688,-0.111259,-0.078964,-0.104514,0.991384,0,0.67302,-0.61185,40.381,-1.224,-1,375.000,-1,400.000,-1,325.000,325.000,300.000,375.000,600.000,-1,-1,300.000,750.000,775.000,-1,-1,2,0,2,0,2,0,0,0,0,1,2,2,1,0,0,2,2
11,-7641.716,-2614.538,52.576,-112.048,-0.381202,0.922153,0.065724,-0.921635,-0.373478,-0.105375,-0.072626,-0.100742,0.992258,0,0.67399,-0.60793,40.439,-1.216,-1,400.000,-1,400.000,-1,325.000,325.000,300.000,350.000,600.000,-1,-1,325.000,775.000,775.000,-1,-1,2,0,2,0,2,0,0,0,0,1,2,2,1,0,0,2,2
12,-7657.717,-2651.751,48.176,-113.256,-0.399838,0.914468,0.062268,-0.914218,-0.393004,-0.098755,-0.065837,-0.096413,0.993162,0,0.67510,-0.60396,40.506,-1.208,-1,400.000,-1,400.000,-1,325.000,325.000,300.000,325.000,600.000,-1,-1,325.000,800.000,800.000,-1,-1,2,0,2,0,2,0,0,0,0,1,2,2,1,0,0,2,2
13,-7674.525,-2688.687,43.675,-114.456,-0.418189,0.906451,0.058857,-0.906464,-0.412255,-0.091484,-0.058661,-0.091610,0.994066,0,0.67634,-0.59995,40.581,-1.200,-1,400.000,-1,400.000,-1,325.000,325.000,300.000,325.000,600.000,-1,-1,325.000,825.000,825.000,-1,-1,2,0,2,0,2,0,0,0,0,1,2,2,1,0,0,2,2
14,-7692.123,-2725.345,41.231,-115.648,-0.436980,0.897488,0.059699,-0.897659,-0.430927,-0.092253,-0.057070,-0.093903,0.993944,0,0.67771,-0.59590,40.663,-1.192,-1,400.000,-1,400.000,-1,325.000,325.000,300.000,325.000,600.000,-1,-1,350.000,825.000,825.000,-1,-1,2,0,2,0,2,0,0,0,1,1,2,2,1,0,0,2,2
15,-7710.515,-2761.711,38.885,-116.832,-0.455443,0.888207,0.060493,-0.888538,-0.449279,-0.092996,-0.055421,-0.096105,0.993827,0,0.67919,-0.59180,40.751,-1.184,-1,400.000,-1,400.000,-1,325.000,325.000,300.000,325.000,625.000,-1,-1,400.000,825.000,825.000,-1,-1,2,0,2,0,2,0,0,0,1,1,2,2,1,0,0,2,2
16,-7727.268,-2793.522,36.800,-117.775,-0.470020,0.880565,0.060719,-0.880981,-0.463781,-0.093702,-0.054350,-0.097534,0.993747,0,0.59919,-0.47180,35.951,-0.944,-1,400.000,-1,400.000,-1,325.000,325.000,300.000,350.000,625.000,-1,-1,425.000,825.000,825.000,-1,-1,2,0,2,0,2,0,0,0,1,1,2,2,1,0,0,2,2
17,-7742.121,-2820.905,34.987,-118.479,-0.480808,0.874729,0.060611,-0.875177,-0.474518,-0.094325,-0.053748,-0.098398,0.993695,0,0.51919,-0.35180,31.151,-0.704,-1,400.000,-1,400.000,-1,325.000,325.000,300.000,350.000,650.000,-1,-1,425.000,800.000,825.000,-1,-1,2,0,2,0,2,0,0,0,1,1,2,2,1,0,0,2,2
18,-7754.873,-2843.966,33.481,-118.942,-0.487882,0.870811,0.060496,-0.871273,-0.481553,-0.094820,-0.053438,-0.098970,0.993655,0,0.43919,-0.23180,26.351,-0.464,-1,400.000,-1,400.000,-1,325.000,325.000,300.000,350.000,650.000,-1,-1,450.000,800.000,825.000,-1,-1,2,0,2,0,2,0,0,0,1,1,2,2,1,0,0,2,2
19,-7765.375,-2862.785,32.261,-119.166,-0.491292,0.868899,0.060385,-0.869354,-0.484933,-0.095204,-0.053440,-0.099269,0.993625,0,0.35919,-0.11180,21.551,-0.224,-1,400.000,-1,400.000,-1,325.000,325.000,300.000,375.000,675.000,-1,-1,475.000,800.000,825.000,-1,-1,2,0,2,0,2,0,0,0,1,1,2,2,1,0,0,2,2
20,-7773.535,-2877.415,31.311,-119.150,-0.491065,0.869035,0.060284,-0.869462,-0.484683,-0.095486,-0.053762,-0.099305,0.993604,0,0.27919,0.00820,16.751,0.016,-1,400.000,-1,400.000,-1,325.000,325.000,300.000,375.000,675.000,-1,-1,475.000,800.000,825.000,-1,-1,2,0,2,0,2,0,0,0,1,1,2,2,1,0,0,2,2
21,-7779.309,-2887.878,30.622,-118.893,-0.487198,0.871214,0.060197,-0.871595,-0.480800,-0.095673,-0.054410,-0.099079,0.993591,0,0.19919,0.12820,11.951,0.256,-1,400.000,-1,400.000,-1,325.000,325.000,300.000,375.000,675.000,-1,-1,475.000,800.000,825.000,-1,-1,2,0,2,0,2,0,0,0,1,1,2,2,1,0,0,2,2
22,-7782.710,-2894.168,30.192,-118.397,-0.479664,0.875390,0.060121,-0.875703,-0.473257,-0.095768,-0.055382,-0.098585,0.993586,0,0.11919,0.24820,7.151,0.496,-1,400.000,-1,400.000,-1,325.000,325.000,300.000,375.000,700.000,-1,-1,500.000,800.000,825.000,-1,-1,2,0,2,0,2,0,0,0,1,1,2,2,1,0,0,2,2
23,-7783.802,-2896.250,30.029,-117.660,-0.468409,0.881469,0.060053,-0.881692,-0.462003,-0.095768,-0.056672,-0.097807,0.993591,0,0.03919,0.36820,2.351,0.736,-1,400.000,-1,400.000,-1,325.000,325.000,300.000,375.000,700.000,-1,-1,500.000,800.000,825.000,-1,-1,2,0,2,0,2,0,0,0,1,1,2,2,1,0,0,2,2
24,-7782.697,-2894.063,30.148,-116.829,-0.455598,0.888162,0.059994,-0.888293,-0.449202,-0.095674,-0.058024,-0.096881,0.993603,0,-0.04081,0.41579,-2.449,0.832,-1,400.000,-1,400.000,-1,325.000,325.000,300.000,375.000,700.000,-1,-1,500.000,800.000,825.000,-1,-1,2,0,2,0,2,0,0,0,1,1,2,2,1,0,0,2,2
25,-7779.690,-2887.895,30.545,-115.997,-0.442683,0.894672,0.059945,-0.894717,-0.436307,-0.095490,-0.059278,-0.095905,0.993624,0,-0.11436,0.41578,-6.861,0.832,-1,400.000,-1,400.000,-1,325.000,325.000,300.000,375.000,700.000,-1,-1,475.000,800.000,825.000,-1,-1,2,0,2,0,2,0,0,0,1,1,2,2,1,0,0,2,2
26,-7776.744,-2881.621,30.956,-115.166,-0.429674,0.900996,0.059886,-0.900954,-0.423319,-0.095299,-0.060513,-0.094902,0.993646,0,-0.11550,0.41572,-6.930,0.831,-1,400.000,-1,400.000,-1,325.000,325.000,300.000,375.000,700.000,-1,-1,475.000,800.000,825.000,-1,-1,2,0,2,0,2,0,0,0,1,1,2,2,1,0,0,2,2
27,-7773.861,-2875.244,31.383,-114.334,-0.416573,0.907132,0.059817,-0.907004,-0.410243,-0.095101,-0.061730,-0.093871,0.993669,0,-0.11663,0.41565,-6.998,0.831,-1,400.000,-1,400.000,-1,325.000,325.000,300.000,375.000,700.000,-1,-1,475.000,800.000,825.000,-1,-1,2,0,2,0,2,0,0,0,1,1,2,2,1,0,0,2,2
28,-7771.043,-2868.763,31.826,-113.503,-0.403384,0.913079,0.059738,-0.912864,-0.397081,-0.094896,-0.062927,-0.092812,0.993693,0,-0.11776,0.41557,-7.066,0.831,-1,400.000,-1,400.000,-1,325.000,325.000,300.000,375.000,700.000,-1,-1,475.000,825.000,825.000,-1,-1,2,0,2,0,2,0,0,0,1,1,2,2,1,0,0,2,2
29,-7768.295,-2862.180,32.284,-112.672,-0.390110,0.918834,0.059649,-0.918534,-0.383836,-0.094684,-0.064104,-0.091727,0.993719,0,-0.11888,0.41548,-7.133,0.831,-1,400.000,-1,400.000,-1,325.000,325.000,300.000,375.000,725.000,-1,-1,450.000,825.000,825.000,-1,-1,2,0,2,0,2,0,0,0,1,1,2,2,1,0,0,2,2
30,-7765.617,-2855.496,32.758,-111.842,-0.376754,0.924397,0.059549,-0.924012,-0.370512,-0.094466,-0.065261,-0.090615,0.993745,0,-0.12000,0.41538,-7.200,0.831,-1,400.000,-1,400.000,-1,325.000,325.000,300.000,375.000,725.000,-1,-1,450.000,825.000,825.000,-1,-1,2,0,2,0,2,0,0,0,1,1,2,2,1,0,0,2,2
31,-7763.012,-2848.711,33.248,-111.011,-0.363319,0.929767,0.059438,-0.929296,-0.357110,-0.094242,-0.066397,-0.089476,0.993773,0,-0.12111,0.41527,-7.267,0.831,-1,400.000,-1,400.000,-1,325.000,325.000,300.000,375.000,725.000,-1,-1,450.000,825.000,800.000,-1,-1,2,0,2,0,2,0,0,0,1,1,2,2,1,0,0,2,2
32,-7762.152,-2846.399,33.409,-110.421,-0.353723,0.933465,0.059356,-0.932929,-0.347534,-0.094148,-0.067256,-0.088678,0.993787,0,-0.04111,0.29527,-2.467,0.591,-1,400.000,-1,400.000,-1,325.000,325.000,300.000,350.000,725.000,-1,-1,450.000,825.000,800.000,-1,-1,2,0,2,0,2,0,0,0,1,1,2,2,1,0,0,2,2
33,-7762.953,-2848.590,33.232,-110.070,-0.348016,0.935610,0.059312,-0.935030,-0.341830,-0.094189,-0.067849,-0.088238,0.993786,0,0.03889,0.17527,2.333,0.351,-1,400.000,-1,400.000,-1,325.000,325.000,300.000,350.000,725.000,-1,-1,450.000,825.000,800.000,-1,-1,2,0,2,0,2,0,0,0,1,1,2,2,1,0,0,2,2
34,-7765.388,-2855.294,32.715,-109.959,-0.346227,0.936274,0.059309,-0.935670,-0.340026,-0.094365,-0.068185,-0.088166,0.993769,0,0.11889,0.05527,7.133,0.111,-1,400.000,-1,400.000,-1,325.000,325.000,300.000,350.000,725.000,-1,-1,450.000,825.000,800.000,-1,-1,2,0,2,0,2,0,0,0,1,1,2,2,1,0,0,2,2
35,-7769.442,-2866.518,31.852,-109.863,-0.344673,0.936847,0.059320,-0.936212,-0.338445,-0.094665,-0.068610,-0.088165,0.993740,0,0.19889,0.04835,11.933,0.097,-1,400.000,-1,400.000,-1,325.000,325.000,300.000,350.000,750.000,-1,-1,475.000,825.000,800.000,-1,-1,2,0,2,0,2,0,0,0,1,1,2,2,1,0,0,2,2
36,-7775.101,-2882.265,30.644,-109.766,-0.343120,0.937415,0.059344,-0.936743,-0.336854,-0.095090,-0.069149,-0.088218,0.993698,0,0.27889,0.04861,16.733,0.097,-1,400.000,-1,400.000,-1,325.000,325.000,300.000,350.000,750.000,-1,-1,475.000,825.000,800.000,-1,-1,2,0,2,0,2,0,0,0,1,1,2,2,1,0,0,2,2
37,-7782.348,-2902.542,29.091,-109.668,-0.341563,0.937981,0.059387,-0.937263,-0.335247,-0.095640,-0.069799,-0.088328,0.993643,0,0.35889,0.04900,21.533,0.098,-1,400.000,-1,400.000,-1,325.000,325.000,300.000,350.000,750.000,-1,-1,500.000,825.000,800.000,-1,-1,2,0,2,0,2,0,0,0,1,1,2,2,1,0,0,2,2
38,-7791.167,-2927.355,27.197,-109.568,-0.339998,0.938545,0.059452,-0.937775,-0.333618,-0.096316,-0.070562,-0.088500,0.993574,0,0.43889,0.04956,26.333,0.099,-1,400.000,-1,400.000,-1,325.000,325.000,300.000,350.000,775.000,-1,-1,525.000,825.000,800.000,-1,-1,2,0,2,0,2,0,0,0,1,1,2,2,1,0,0,2,2
39,-7801.543,-2956.708,24.963,-109.468,-0.338418,0.939110,0.059545,-0.938280,-0.331962,-0.097118,-0.071438,-0.088736,0.993490,0,0.51889,0.05034,31.133,0.101,-1,400.000,-1,400.000,-1,325.000,325.000,300.000,350.000,775.000,-1,-1,550.000,800.000,800.000,-1,-1,2,0,2,0,2,0,0,0,1,1,2,2,1,0,0,2,2
40,-7813.457,-2990.609,22.394,-109.365,-0.336815,0.939678,0.059672,-0.938781,-0.330268,-0.098047,-0.072425,-0.089043,0.993391,0,0.59889,0.05138,35.933,0.103,-1,400.000,-1,400.000,-1,325.000,325.000,300.000,350.000,800.000,-1,-1,600.000,800.000,800.000,-1,-1,2,0,2,0,2,0,0,0,1,1,2,2,1,0,0,2,2
41,-7826.778,-3028.735,19.520,-109.260,-0.335179,0.940252,0.059839,-0.939282,-0.328526,-0.099095,-0.073516,-0.089420,0.993277,0,0.67310,0.05274,40.386,0.105,-1,400.000,-1,400.000,-1,325.000,325.000,325.000,325.000,825.000,-1,-1,625.000,800.000,800.000,-1,-1,2,0,2,0,2,0,0,0,1,1,2,2,1,0,0,2,2
42,-7839.956,-3066.685,16.672,-109.151,-0.333485,0.940842,0.060028,-0.939799,-0.326726,-0.100141,-0.074604,-0.089810,0.993161,0,0.66955,0.05447,40.173,0.109,-1,400.000,-1,400.000,-1,325.000,325.000,325.000,325.000,825.000,-1,-1,700.000,800.000,800.000,-1,-1,2,0,2,0,2,0,0,0,1,1,2,2,1,0,0,2,2
43,-7852.995,-3104.475,13.851,-109.038,-0.331730,0.941449,0.060241,-0.940333,-0.324862,-0.101186,-0.075691,-0.090213,0.993042,0,0.66626,0.05639,39.975,0.113,-1,400.000,-1,400.000,-1,325.000,325.000,325.000,325.000,850.000,-1,-1,775.000,800.000,800.000,-1,-1,2,0,2,0,2,0,0,0,0,1,2,2,1,0,0,2,2
44,-7865.897,-3142.118,11.015,-108.921,-0.329902,0.942087,0.060304,-0.940878,-0.322931,-0.102292,-0.076894,-0.090485,0.992925,0,0.66322,0.05849,39.793,0.117,-1,400.000,-1,400.000,-1,325.000,325.000,325.000,325.000,875.000,-1,-1,850.000,775.000,800.000,-1,-1,2,0,2,0,2,0,0,0,0,1,2,2,1,0,0,2,2
45,-7878.667,-3179.632,8.058,-108.799,-0.327998,0.942750,0.060325,-0.941441,-0.320925,-0.103420,-0.078140,-0.090714,0.992807,0,0.66046,0.06078,39.627,0.122,-1,400.000,-1,400.000,-1,325.000,325.000,325.000,325.000,875.000,-1,-1,950.000,775.000,775.000,-1,-1,2,0,2,0,2,0,0,0,0,1,2,2,1,0,0,2,2
46,-7891.305,-3217.032,4.996,-108.673,-0.326026,0.943391,0.060992,-0.942057,-0.318821,-0.104313,-0.078962,-0.091467,0.992673,0,0.65797,0.06323,39.478,0.126,-1,400.000,-1,400.000,-1,325.000,325.000,325.000,325.000,900.000,-1,-1,-1,775.000,775.000,-1,-1,2,0,2,0,2,0,0,0,0,1,2,2,2,0,0,2,2
47,-7903.816,-3254.337,1.961,-108.541,-0.323963,0.944057,0.061685,-0.942705,-0.316630,-0.105130,-0.079717,-0.092209,0.992544,0,0.65577,0.06586,39.346,0.132,-1,400.000,-1,400.000,-1,325.000,325.000,325.000,325.000,900.000,-1,-1,-1,750.000,775.000,-1,-1,2,0,2,0,2,0,0,0,0,1,2,2,2,0,0,2,2
48,-7916.200,-3291.561,-1.078,-108.404,-0.321813,0.944738,0.062507,-0.943382,-0.314342,-0.105924,-0.080422,-0.093055,0.992408,0,0.65384,0.06864,39.231,0.137,-1,400.000,-1,400.000,-1,325.000,325.000,325.000,325.000,925.000,-1,-1,-1,750.000,775.000,-1,-1,2,0,2,0,2,0,0,0,0,1,2,2,2,0,0,2,2
49,-7928.460,-3328.723,-4.099,-108.261,-0.319568,0.945443,0.063350,-0.944082,-0.311956,-0.106735,-0.081149,-0.093916,0.992267,0,0.65220,0.07157,39.132,0.143,-1,400.000,-1,400.000,-1,325.000,300.000,325.000,325.000,950.000,-1,-1,-1,725.000,775.000,-1,-1,2,0,2,0,2,0,0,0,0,1,2,2,2,0,0,2,2
50,-7940.600,-3365.839,-7.321,-108.111,-0.317123,0.946245,0.063671,-0.944894,-0.309489,-0.106736,-0.081293,-0.094011,0.992247,0,0.65084,0.07465,39.051,0.149,-1,400.000,-1,400.000,-1,325.000,300.000,325.000,325.000,950.000,-1,-1,-1,725.000,775.000,-1,-1,2,0,2,0,2,0,0,0,0,1,2,2,2,0,0,2,2
51,-7952.618,-3402.926,-10.599,-107.956,-0.314557,0.947096,0.063747,-0.945731,-0.306920,-0.106741,-0.081529,-0.093864,0.992241,0,0.64976,0.07787,38.986,0.156,-1,400.000,-1,400.000,-1,325.000,325.000,325.000,325.000,975.000,-1,-1,-1,725.000,775.000,-1,-1,2,0,2,0,2,0,0,0,0,1,2,2,2,0,0,2,2
52,-7964.517,-3440.000,-13.882,-107.793,-0.311879,0.947980,0.063767,-0.946591,-0.304239,-0.106790,-0.081834,-0.093667,0.992235,0,0.64895,0.08123,38.937,0.162,-1,400.000,-1,400.000,-1,325.000,325.000,325.000,325.000,975.000,-1,-1,-1,700.000,775.000,-1,-1,2,0,2,0,2,0,0,0,0,1,2,2,2,0,0,2,2
53,-7976.296,-3477.078,-17.159,-107.624,-0.309084,0.948893,0.063794,-0.947478,-0.301440,-0.106859,-0.082168,-0.093472,0.992225,0,0.64841,0.08472,38.905,0.169,-1,400.000,-1,400.000,-1,325.000,325.000,325.000,325.000,1000.000,-1,-1,-1,700.000,775.000,-1,-1,2,0,2,0,2,0,0,0,0,1,2,2,2,0,0,2,2
54,-7987.955,-3514.177,-20.432,-107.447,-0.306170,0.949835,0.063828,-0.948393,-0.298518,-0.106949,-0.082530,-0.093279,0.992214,0,0.64813,0.08833,38.888,0.177,-1,375.000,-1,400.000,-1,325.000,325.000,325.000,325.000,-1,-1,-1,-1,700.000,775.000,-1,-1,2,0,2,0,2,0,0,0,0,2,2,2,2,0,0,2,2
55,-7999.495,-3551.311,-23.701,-107.263,-0.303130,0.950806,0.063871,-0.949335,-0.295469,-0.107059,-0.082920,-0.093088,0.992199,0,0.64811,0.09207,38.886,0.184,-1,375.000,-1,400.000,-1,325.000,325.000,300.000,325.000,-1,-1,-1,-1,675.000,750.000,-1,-1,2,0,2,0,2,0,0,0,0,2,2,2,2,0,0,2,2
56,-8010.915,-3588.497,-26.970,-107.071,-0.299961,0.951807,0.063922,-0.950304,-0.292289,-0.107189,-0.083340,-0.092898,0.992182,0,0.64833,0.09593,38.900,0.192,-1,375.000,-1,400.000,-1,300.000,325.000,300.000,325.000,-1,-1,-1,-1,675.000,750.000,-1,-1,2,0,2,0,2,0,0,0,0,2,2,2,2,0,0,2,2
57,-8022.213,-3625.750,-30.240,-106.871,-0.296659,0.952838,0.063982,-0.951301,-0.288973,-0.107339,-0.083788,-0.092709,0.992162,0,0.64880,0.09991,38.928,0.200,-1,375.000,-1,400.000,-1,300.000,325.000,300.000,325.000,-1,-1,-1,-1,675.000,750.000,-1,-1,2,0,2,0,2,0,0,0,0,2,2,2,2,0,0,2,2
58,-8033.388,-3663.083,-33.512,-106.663,-0.293219,0.953897,0.064051,-0.952324,-0.285517,-0.107510,-0.084266,-0.092522,0.992139,0,0.64951,0.10399,38.971,0.208,-1,375.000,-1,400.000,-1,300.000,325.000,300.000,325.000,-1,-1,-1,-1,650.000,725.000,-1,-1,2,0,2,0,2,0,0,0,0,2,2,2,2,0,0,2,2
59,-8042.930,-3695.894,-36.385,-106.215,-0.285780,0.956144,0.064175,-0.954507,-0.278063,-0.107690,-0.085122,-0.092031,0.992111,0,0.56951,0.22399,34.171,0.448,-1,375.000,-1,400.000,-1,300.000,325.000,300.000,325.000,-1,-1,-1,-1,650.000,725.000,-1,-1,2,0,2,0,2,0,0,0,0,2,2,2,2,0,0,2,2
60,-8050.793,-3724.192,-38.887,-105.527,-0.274301,0.959492,0.064302,-0.957765,-0.266583,-0.107796,-0.086288,-0.091154,0.992091,0,0.48951,0.34399,29.371,0.688,-1,375.000,-1,400.000,-1,300.000,325.000,300.000,325.000,-1,-1,-1,-1,650.000,725.000,-1,-1,2,0,2,0,2,0,0,0,0,2,2,2,2,0,0,2,2
61,-8057.634,-3750.449,-41.328,-104.599,-0.258700,0.963822,0.064200,-0.961985,-0.251045,-0.107522,-0.087515,-0.089576,0.992128,0,0.45224,0.46399,27.134,0.928,-1,375.000,-1,375.000,-1,300.000,300.000,325.000,325.000,-1,-1,-1,-1,650.000,725.000,-1,-1,2,0,2,0,2,0,0,0,0,2,2,2,2,0,0,2,2
62,-8064.005,-3776.852,-43.803,-103.563,-0.241192,0.968356,0.064131,-0.966398,-0.233600,-0.107266,-0.088891,-0.087848,0.992160,0,0.45270,0.51840,27.162,1.037,-1,375.000,-1,375.000,-1,300.000,300.000,325.000,325.000,-1,-1,-1,-1,625.000,700.000,1000.000,-1,2,0,2,0,2,0,0,0,0,2,2,2,2,0,0,0,2
63,-8069.902,-3803.402,-46.311,-102.519,-0.223494,0.972596,0.064095,-0.970516,-0.215962,-0.107046,-0.090270,-0.086129,0.992186,0,0.45329,0.52166,27.197,1.043,1000.000,350.000,-1,375.000,-1,300.000,300.000,325.000,325.000,-1,-1,-1,-1,625.000,700.000,975.000,-1,0,0,2,0,2,0,0,0,0,2,2,2,2,0,0,0,2
64,-8075.321,-3830.102,-48.853,-101.469,-0.205608,0.976534,0.064091,-0.974333,-0.198131,-0.106857,-0.091651,-0.084417,0.992207,0,0.45410,0.52501,27.246,1.050,1000.000,350.000,-1,375.000,-1,300.000,300.000,325.000,325.000,-1,-1,-1,-1,625.000,700.000,950.000,-1,0,0,2,0,2,0,0,0,0,2,2,2,2,0,0,0,2
65,-8080.258,-3856.958,-51.430,-100.412,-0.187535,0.980163,0.064123,-0.977842,-0.180111,-0.106700,-0.093034,-0.082712,0.992221,0,0.45511,0.52845,27.307,1.057,975.000,350.000,-1,375.000,-1,300.000,300.000,325.000,325.000,-1,-1,-1,-1,625.000,675.000,925.000,-1,0,0,2,0,2,0,0,0,0,2,2,2,2,0,0,0,2
66,-8084.707,-3883.973,-54.041,-99.348,-0.169278,0.983476,0.064183,-0.981035,-0.161903,-0.106575,-0.094423,-0.081007,0.992231,0,0.45633,0.53197,27.380,1.064,950.000,350.000,-1,375.000,-1,300.000,300.000,325.000,325.000,-1,-1,-1,-1,625.000,675.000,900.000,-1,0,0,2,0,2,0,0,0,0,2,2,2,2,0,0,0,2
67,-8088.663,-3911.150,-56.596,-98.277,-0.150786,0.986496,0.063948,-0.983938,-0.143514,-0.106162,-0.095551,-0.078928,0.992290,0,0.45774,0.53557,27.465,1.071,925.000,350.000,-1,375.000,-1,300.000,300.000,325.000,325.000,-1,-1,-1,-1,625.000,675.000,900.000,-1,0,0,2,0,2,0,0,0,0,2,2,2,2,0,0,0,2
68,-8092.119,-3938.493,-59.027,-97.199,-0.132016,0.989234,0.063152,-0.986573,-0.124947,-0.105177,-0.096154,-0.076189,0.992446,0,0.45935,0.53926,27.561,1.079,925.000,350.000,-1,375.000,-1,300.000,300.000,325.000,325.000,-1,-1,-1,-1,625.000,675.000,875.000,-1,0,0,2,0,2,0,0,0,0,2,2,2,2,0,0,0,2
69,-8095.068,-3966.003,-61.520,-96.113,-0.113055,0.991635,0.062286,-0.988874,-0.106197,-0.104167,-0.096681,-0.073370,0.992608,0,0.46115,0.54302,27.669,1.086,925.000,350.000,-1,350.000,-1,300.000,300.000,325.000,325.000,-1,-1,-1,-1,625.000,650.000,875.000,-1,0,0,2,0,2,0,0,0,0,2,2,2,2,0,0,0,2
70,-8097.501,-3993.683,-63.787,-95.019,-0.093953,0.993613,0.062498,-0.990916,-0.087261,-0.102331,-0.096224,-0.071545,0.992785,0,0.46313,0.54686,27.788,1.094,925.000,350.000,-1,350.000,-1,300.000,300.000,325.000,325.000,-1,-1,-1,-1,625.000,675.000,875.000,-1,0,0,2,0,2,0,0,0,0,2,2,2,2,0,0,0,2
71,-8099.410,-4021.533,-66.090,-93.917,-0.074680,0.995234,0.062701,-0.992602,-0.068152,-0.100480,-0.095728,-0.069741,0.992961,0,0.46528,0.55078,27.917,1.102,925.000,350.000,-1,350.000,-1,300.000,300.000,325.000,325.000,-1,-1,-1,-1,625.000,675.000,875.000,-1,0,0,2,0,2,0,0,0,0,2,2,2,2,0,0,0,2
72,-8100.786,-4049.554,-68.435,-92.808,-0.055238,0.996492,0.062874,-0.993924,-0.048873,-0.098623,-0.095205,-0.067940,0.993137,0,0.46760,0.55477,28.056,1.110,900.000,350.000,-1,375.000,-1,300.000,300.000,325.000,325.000,-1,-1,-1,-1,625.000,650.000,850.000,-1,0,0,2,0,2,0,0,0,0,2,2,2,2,0,0,0,2
73,-8101.620,-4077.746,-70.822,-91.690,-0.035633,0.997376,0.063017,-0.994873,-0.029430,-0.096760,-0.094651,-0.066142,0.993311,0,0.47008,0.55884,28.205,1.118,900.000,350.000,-1,375.000,-1,300.000,300.000,325.000,325.000,-1,-1,-1,-1,625.000,650.000,850.000,-1,0,0,2,0,2,0,0,0,0,2,2,2,2,0,0,0,2
74,-8101.901,-4106.106,-73.251,-90.564,-0.015869,0.997879,0.063129,-0.995440,-0.009827,-0.094887,-0.094066,-0.064347,0.993484,0,0.47272,0.56297,28.363,1.126,900.000,350.000,-1,375.000,-1,300.000,300.000,325.000,325.000,-1,-1,-1,-1,625.000,650.000,850.000,-1,0,0,2,0,2,0,0,0,0,2,2,2,2,0,0,0,2
75,-8101.619,-4134.634,-75.724,-89.430,0.004050,0.997992,0.063210,-0.995616,0.009931,-0.093005,-0.093446,-0.062556,0.993657,0,0.47550,0.56718,28.530,1.134,900.000,375.000,-1,375.000,-1,300.000,300.000,325.000,325.000,-1,700.000,725.000,-1,600.000,625.000,850.000,-1,0,0,2,0,2,0,0,0,0,2,0,0,2,0,0,0,2
76,-8100.763,-4163.327,-78.239,-88.287,0.024118,0.997706,0.063257,-0.995394,0.029839,-0.091111,-0.092789,-0.060768,0.993830,0,0.47843,0.57146,28.706,1.143,900.000,375.000,-1,375.000,-1,300.000,300.000,325.000,350.000,-1,600.000,575.000,-1,600.000,625.000,850.000,-1,0,0,2,0,2,0,0,0,0,2,0,0,2,0,0,0,2
77,-8099.320,-4192.179,-80.798,-87.135,0.044330,0.997011,0.063270,-0.994763,0.049890,-0.089204,-0.092094,-0.058984,0.994002,0,0.48150,0.57581,28.890,1.152,900.000,375.000,-1,375.000,-1,300.000,300.000,325.000,350.000,-1,500.000,450.000,-1,600.000,625.000,825.000,-1,0,0,2,0,2,0,0,0,0,2,0,0,2,0,0,0,2
78,-8097.281,-4221.188,-83.400,-85.975,0.064678,0.995900,0.063247,-0.993716,0.070079,-0.087283,-0.091357,-0.057204,0.994174,0,0.48469,0.58023,29.081,1.160,875.000,375.000,-1,375.000,-1,300.000,300.000,325.000,350.000,-1,425.000,375.000,-1,600.000,600.000,825.000,1000.000,0,0,2,0,2,0,0,0,0,2,0,0,2,0,0,0,0
79,-8094.631,-4250.347,-86.047,-84.805,0.085157,0.994362,0.063186,-0.992242,0.090399,-0.085346,-0.090576,-0.055428,0.994346,0,0.48800,0.58471,29.280,1.169,875.000,375.000,-1,375.000,-1,300.000,300.000,325.000,325.000,-1,375.000,325.000,-1,600.000,600.000,825.000,975.000,0,0,2,0,2,0,0,0,0,2,0,0,2,0,0,0,0
80,-8091.128,-4281.527,-88.910,-83.587,0.106463,0.992314,0.063079,-0.990266,0.111536,-0.083269,-0.089664,-0.053600,0.994529,0,0.52295,0.60929,31.377,1.219,875.000,375.000,-1,375.000,-1,300.000,300.000,325.000,325.000,-1,325.000,300.000,-1,600.000,600.000,825.000,950.000,0,0,2,0,2,0,0,0,0,2,0,0,2,0,0,0,0
81,-8086.930,-4312.868,-91.823,-82.368,0.127732,0.989811,0.062926,-0.987835,0.132637,-0.081172,-0.088691,-0.051792,0.994712,0,0.52702,0.60959,31.621,1.219,875.000,375.000,-1,350.000,-1,300.000,300.000,325.000,325.000,-1,300.000,300.000,-1,600.000,575.000,800.000,925.000,0,0,2,0,2,0,0,0,0,2,0,0,2,0,0,0,0
82,-8081.185,-4348.832,-95.213,-80.922,0.152873,0.986255,0.062692,-0.984361,0.157585,-0.078747,-0.087544,-0.049674,0.994921,0,0.60702,0.72285,36.421,1.446,875.000,375.000,-1,350.000,-1,300.000,300.000,325.000,325.000,-1,275.000,275.000,-1,575.000,575.000,800.000,900.000,0,0,2,0,2,0,0,0,0,2,0,0,2,0,0,0,0
83,-8073.658,-4389.359,-99.085,-79.476,0.177931,0.982064,0.062371,-0.980276,0.182434,-0.076003,-0.086019,-0.047617,0.995155,0,0.68702,0.72280,41.221,1.446,850.000,375.000,-1,350.000,-1,300.000,300.000,325.000,325.000,-1,250.000,250.000,-1,575.000,575.000,775.000,850.000,0,0,2,0,2,0,0,0,0,2,0,0,2,0,0,0,0
84,-8064.116,-4434.380,-103.447,-78.031,0.202884,0.977242,0.061945,-0.975584,0.207163,-0.072934,-0.084107,-0.045635,0.995411,0,0.76702,0.72258,46.021,1.445,850.000,350.000,-1,350.000,975.000,300.000,300.000,325.000,325.000,-1,225.000,225.000,-1,575.000,550.000,775.000,825.000,0,0,2,0,0,0,0,0,0,2,0,0,2,0,0,0,0
85,-8052.329,-4483.814,-108.302,-76.587,0.227708,0.971792,0.061393,-0.970288,0.231748,-0.069530,-0.081797,-0.043737,0.995689,0,0.84702,0.72215,50.821,1.444,825.000,350.000,975.000,325.000,925.000,300.000,275.000,325.000,325.000,-1,200.000,225.000,-1,550.000,550.000,750.000,775.000,0,0,1,0,0,0,0,0,0,2,0,0,2,0,0,0,0
86,-8038.069,-4537.576,-113.448,-75.144,0.252265,0.965693,0.061646,-0.964348,0.256156,-0.066464,-0.079975,-0.042681,0.995883,0,0.92702,0.72144,55.621,1.443,800.000,350.000,925.000,325.000,850.000,275.000,275.000,325.000,325.000,-1,200.000,225.000,-1,550.000,525.000,725.000,725.000,0,0,1,0,0,0,0,0,0,2,0,0,2,0,0,0,0
87,-8021.283,-4594.982,-117.642,-73.703,0.276392,0.958765,0.066152,-0.958056,0.280304,-0.059653,-0.075736,-0.046889,0.996025,0,0.99687,0.72040,59.812,1.441,775.000,325.000,875.000,325.000,875.000,275.000,275.000,300.000,325.000,-1,200.000,225.000,-1,550.000,525.000,700.000,725.000,0,0,1,0,0,0,0,0,0,2,0,0,2,0,0,0,1
88,-8003.003,-4652.129,-121.746,-72.265,0.300342,0.951211,0.070651,-0.951179,0.304204,-0.052140,-0.071088,-0.051542,0.996137,0,1.00000,0.71895,60.000,1.438,725.000,325.000,825.000,325.000,875.000,275.000,275.000,300.000,350.000,-1,200.000,250.000,-1,525.000,550.000,675.000,700.000,0,0,1,0,0,0,0,0,0,2,0,0,2,0,0,0,1
89,-7983.302,-4708.800,-125.105,-70.831,0.324192,0.943214,0.072432,-0.943574,0.327885,-0.046475,-0.067586,-0.053279,0.996290,0,1.00000,0.71703,60.000,1.434,700.000,325.000,800.000,325.000,875.000,275.000,275.000,300.000,350.000,-1,225.000,275.000,-1,525.000,550.000,650.000,675.000,0,0,1,0,0,0,0,0,0,2,0,0,2,0,1,0,1
90,-7962.196,-4764.964,-127.545,-69.402,0.348217,0.934836,0.069472,-0.935429,0.351344,-0.039106,-0.060966,-0.051369,0.996817,0,1.00000,0.71463,60.000,1.429,750.000,325.000,750.000,325.000,875.000,275.000,275.000,300.000,350.000,-1,250.000,275.000,-1,525.000,525.000,700.000,625.000,0,0,1,0,0,0,0,0,0,2,0,0,2,0,1,0,1
91,-7939.701,-4820.586,-129.970,-67.979,0.371909,0.925904,0.066216,-0.926687,0.374492,-0.031722,-0.054169,-0.049563,0.997301,0,1.00000,0.71171,60.000,1.423,800.000,325.000,725.000,325.000,850.000,275.000,275.000,300.000,350.000,-1,250.000,275.000,-1,550.000,500.000,725.000,600.000,0,0,1,0,1,0,0,0,0,2,0,0,2,0,1,0,1
92,-7915.839,-4875.635,-132.351,-66.562,0.395244,0.916445,0.062540,-0.917367,0.397300,-0.024298,-0.047115,-0.047769,0.997747,0,1.00000,0.70823,60.000,1.416,875.000,350.000,700.000,350.000,700.000,275.000,275.000,325.000,325.000,-1,200.000,225.000,-1,550.000,475.000,775.000,550.000,0,0,1,0,1,0,0,0,0,2,0,0,2,0,1,1,1
93,-7890.630,-4930.081,-134.580,-65.154,0.418222,0.906496,0.057925,-0.907487,0.419747,-0.016721,-0.039471,-0.045573,0.998181,0,1.00000,0.70417,60.000,1.408,950.000,350.000,675.000,350.000,600.000,275.000,275.000,325.000,325.000,-1,175.000,200.000,-1,575.000,450.000,775.000,500.000,0,0,1,1,1,0,0,0,0,2,0,0,2,1,1,1,1
94,-7864.100,-4983.896,-136.794,-63.755,0.440750,0.896059,0.053090,-0.897070,0.441793,-0.009207,-0.031704,-0.043567,0.998547,0,1.00000,0.69946,60.000,1.399,-1,350.000,675.000,325.000,525.000,300.000,300.000,325.000,325.000,-1,175.000,175.000,-1,550.000,425.000,850.000,450.000,2,0,1,1,1,0,0,0,0,2,0,0,2,1,1,1,1
95,-7836.486,-5037.163,-138.958,-62.596,0.459253,0.887003,0.048093,-0.887991,0.459858,-0.001722,-0.023643,-0.041915,0.998841,0,1.00000,0.57946,60.000,1.159,-1,350.000,675.000,300.000,450.000,300.000,300.000,325.000,325.000,975.000,150.000,175.000,-1,550.000,400.000,1000.000,400.000,2,0,1,1,1,0,1,0,0,0,0,0,2,1,1,0,1
96,-7808.021,-5089.980,-141.122,-61.677,0.473849,0.879569,0.042717,-0.880476,0.474055,0.005828,-0.015124,-0.040373,0.999070,0,1.00000,0.45946,60.000,0.919,-1,350.000,675.000,275.000,375.000,300.000,275.000,350.000,300.000,950.000,125.000,150.000,-1,525.000,375.000,-1,350.000,2,0,1,1,1,1,1,0,0,0,0,0,2,1,1,2,1
97,-7778.930,-5142.456,-142.136,-60.998,0.484459,0.873791,0.042291,-0.874763,0.484388,0.012584,-0.009489,-0.043091,0.999026,0,1.00000,0.33946,60.000,0.679,-1,350.000,675.000,250.000,325.000,275.000,250.000,350.000,300.000,925.000,150.000,175.000,-1,525.000,325.000,-1,300.000,2,1,1,1,1,1,1,0,0,0,0,0,2,1,1,2,1
98,-7749.436,-5194.705,-141.621,-60.559,0.491558,0.869709,0.044466,-0.870844,0.490873,0.025961,0.000751,-0.051484,0.998674,0,1.00000,0.21946,60.000,0.439,-1,325.000,775.000,250.000,300.000,275.000,225.000,325.000,325.000,850.000,150.000,200.000,-1,525.000,300.000,-1,275.000,2,1,1,1,1,1,1,0,0,0,0,0,2,1,1,2,1
99,-7719.754,-5246.850,-138.807,-60.360,0.495526,0.867120,0.050573,-0.868411,0.493389,0.049298,0.017795,-0.068346,0.997503,0,1.00000,0.09946,60.000,0.199,-1,325.000,-1,225.000,300.000,250.000,225.000,300.000,375.000,725.000,150.000,200.000,-1,550.000,300.000,-1,250.000,2,1,2,1,1,1,1,0,0,0,0,0,2,1,1,2,1
100,-7690.107,-5299.015,-135.496,-60.401,0.496340,0.866217,0.057575,-0.867374,0.492053,0.074468,0.036175,-0.086900,0.995560,0,1.00000,-0.02054,60.000,-0.041,-1,325.000,-1,225.000,300.000,250.000,200.000,300.000,425.000,600.000,125.000,200.000,-1,675.000,275.000,-1,250.000,2,1,2,1,1,1,1,0,0,0,0,0,2,1,1,2,1
101,-7660.713,-5351.324,-131.227,-60.682,0.493912,0.867095,0.064786,-0.867824,0.486942,0.098844,0.054161,-0.105043,0.992992,0,1.00000,-0.14054,60.000,-0.281,-1,325.000,-1,200.000,300.000,250.000,200.000,275.000,475.000,500.000,125.000,200.000,-1,825.000,275.000,-1,250.000,2,1,2,1,1,1,1,0,0,0,0,0,2,0,1,2,1
102,-7631.796,-5403.900,-125.731,-61.203,0.488055,0.869849,0.071863,-0.869948,0.478135,0.120739,0.070664,-0.121444,0.990080,0,1.00000,-0.26054,60.000,-0.521,-1,350.000,-1,200.000,300.000,250.000,200.000,275.000,525.000,450.000,75.000,175.000,-1,925.000,275.000,-1,225.000,2,1,2,1,1,1,1,0,0,0,0,0,2,1,1,2,1
103,-7603.588,-5456.862,-117.679,-61.965,0.478783,0.875140,0.069973,-0.872910,0.466015,0.144421,0.093780,-0.130227,0.987039,0,1.00000,-0.38054,60.000,-0.761,-1,400.000,-1,225.000,300.000,275.000,225.000,275.000,575.000,425.000,75.000,150.000,-1,975.000,300.000,-1,225.000,2,1,2,1,1,1,1,0,0,0,0,0,2,1,1,2,1
104,-3607.477,-6232.059,-14.425,-167.144,-0.977368,0.210951,-0.015844,-0.194180,-0.924335,-0.328479,-0.083939,-0.317969,0.944378,1,0.00000,0.00000,60.000,-1.001,0.000,350.000,-1,900.000,-1,400.000,525.000,75.000,100.000,-1,-1,-1,-1,550.000,-1,0.000,-1,0,0,2,0,2,0,0,1,1,2,2,2,2,0,2,0,2
105,-2295.325,9506.235,259.855,-85.787,0.070717,0.991020,-0.113487,-0.997201,0.073007,0.016149,0.024290,0.112028,0.993408,1,0.08000,0.12000,4.800,0.240,-1,400.000,-1,375.000,-1,325.000,325.000,300.000,300.000,-1,675.000,550.000,-1,725.000,650.000,-1,-1,2,0,2,0,2,0,0,0,0,2,0,0,2,0,0,2,2
106,-2294.566,9496.666,260.081,-85.467,0.076172,0.990608,-0.113554,-0.996774,0.078539,0.016512,0.025275,0.111930,0.993395,0,0.16000,0.15992,9.600,0.320,-1,400.000,-1,375.000,-1,325.000,325.000,300.000,300.000,-1,650.000,550.000,-1,725.000,650.000,-1,-1,2,0,2,0,2,0,0,0,0,2,0,0,2,0,0,2,2
107,-2293.347,9482.318,260.431,-85.147,0.081609,0.990162,-0.113663,-0.996314,0.084072,0.017041,0.026429,0.111853,0.993373,0,0.24000,0.16003,14.400,0.320,-1,400.000,-1,375.000,-1,325.000,325.000,300.000,300.000,-1,650.000,550.000,-1,725.000,650.000,-1,-1,2,0,2,0,2,0,0,0,0,2,0,0,2,0,0,2,2
108,-2291.616,9463.197,260.908,-84.826,0.087028,0.989683,-0.113817,-0.995819,0.089608,0.017734,0.027750,0.111798,0.993343,0,0.32000,0.16019,19.200,0.320,-1,400.000,-1,375.000,-1,325.000,325.000,300.000,300.000,-1,650.000,550.000,-1,725.000,650.000,-1,-1,2,0,2,0,2,0,0,0,0,2,0,0,2,0,0,2,2
109,-2289.318,9439.307,261.520,-84.506,0.092433,0.989169,-0.114022,-0.995290,0.095147,0.018585,0.029232,0.111767,0.993304,0,0.40000,0.16037,24.000,0.321,-1,400.000,-1,375.000,-1,325.000,325.000,300.000,300.000,-1,650.000,550.000,-1,725.000,650.000,-1,-1,2,0,2,0,2,0,0,0,0,2,0,0,2,0,0,2,2
110,-2286.399,9410.656,262.270,-84.185,0.097821,0.988621,-0.114279,-0.994725,0.100690,0.019586,0.030870,0.111760,0.993256,0,0.48000,0.16057,28.800,0.321,-1,400.000,-1,375.000,-1,325.000,325.000,300.000,300.000,-1,650.000,550.000,-1,725.000,650.000,-1,-1,2,0,2,0,2,0,0,0,0,2,0,0,2,0,0,2,2
111,-2282.807,9377.249,263.165,-83.863,0.103194,0.988038,-0.114592,-0.994125,0.106235,0.020732,0.032657,0.111779,0.993196,0,0.56000,0.16073,33.600,0.321,-1,400.000,-1,375.000,-1,325.000,325.000,300.000,300.000,-1,650.000,550.000,-1,725.000,650.000,-1,-1,2,0,2,0,2,0,0,0,0,2,0,0,2,0,0,2,2
112,-2278.487,9339.093,264.210,-83.541,0.108550,0.987421,-0.114962,-0.993489,0.111779,0.022010,0.034583,0.111824,0.993126,0,0.64000,0.16083,38.400,0.322,-1,400.000,-1,375.000,-1,325.000,325.000,300.000,300.000,-1,650.000,575.000,-1,725.000,650.000,-1,-1,2,0,2,0,2,0,0,0,0,2,0,0,2,0,0,2,2
113,-2273.386,9296.195,265.410,-83.220,0.113883,0.986770,-0.115389,-0.992818,0.117319,0.023409,0.036637,0.111894,0.993045,0,0.72000,0.16080,43.200,0.322,-1,400.000,-1,375.000,-1,325.000,325.000,300.000,300.000,-1,650.000,575.000,-1,750.000,650.000,-1,-1,2,0,2,0,2,0,0,0,0,2,0,0,2,0,0,2,2
114,-2267.451,9248.564,266.772,-82.899,0.119191,0.986087,-0.115873,-0.992113,0.122847,0.024915,0.038803,0.111989,0.992952,0,0.80000,0.16059,48.000,0.321,-1,400.000,-1,375.000,-1,325.000,300.000,300.000,300.000,-1,650.000,550.000,-1,750.000,650.000,-1,-1,2,0,2,0,2,0,0,0,0,2,0,0,2,0,0,2,2
115,-2260.632,9196.207,268.656,-82.578,0.124580,0.985515,-0.115068,-0.991381,0.128374,0.026143,0.040536,0.110819,0.993014,0,0.88000,0.16013,52.800,0.320,-1,375.000,-1,375.000,-1,325.000,300.000,300.000,300.000,-1,650.000,550.000,-1,750.000,650.000,-1,-1,2,0,2,0,2,0,0,0,0,2,0,0,2,0,0,2,2
116,-2253.004,9140.060,271.285,-82.260,0.130015,0.985106,-0.112526,-0.990610,0.133897,0.027624,0.042280,0.107878,0.993265,0,0.94438,0.15934,56.663,0.319,-1,375.000,-1,375.000,-1,325.000,300.000,300.000,300.000,1000.000,675.000,575.000,-1,750.000,650.000,-1,-1,2,0,2,0,2,0,0,0,0,1,0,0,2,0,0,2,2
117,-2245.099,9084.201,274.257,-81.943,0.135313,0.984517,-0.111428,-0.989808,0.139357,0.029308,0.044383,0.106326,0.993340,0,0.94025,0.15817,56.415,0.316,-1,400.000,-1,375.000,-1,325.000,300.000,300.000,300.000,975.000,675.000,600.000,-1,750.000,650.000,-1,-1,2,0,2,0,2,0,0,0,0,1,0,0,2,0,0,2,2
118,-2236.923,9028.620,277.224,-81.630,0.140567,0.983904,-0.110336,-0.988982,0.144764,0.030960,0.046434,0.104768,0.993412,0,0.93634,0.15668,56.180,0.313,-1,400.000,-1,375.000,-1,325.000,300.000,300.000,300.000,950.000,700.000,625.000,-1,750.000,650.000,-1,-1,2,0,2,0,2,0,0,0,0,1,0,0,2,0,0,2,2
119,-2228.480,8973.300,280.184,-81.320,0.145764,0.983269,-0.109248,-0.988133,0.150105,0.032581,0.048434,0.103203,0.993480,0,0.93267,0.15487,55.960,0.310,-1,400.000,-1,375.000,-1,325.000,300.000,300.000,300.000,950.000,700.000,650.000,-1,775.000,650.000,-1,-1,2,0,2,0,2,0,0,0,0,1,0,0,2,0,0,2,2
120,-2219.773,8918.227,283.137,-81.015,0.150896,0.982615,-0.108162,-0.987265,0.155371,0.034171,0.050382,0.101629,0.993546,0,0.92929,0.15275,55.757,0.306,-1,400.000,-1,375.000,-1,325.000,325.000,300.000,300.000,950.000,700.000,675.000,-1,775.000,650.000,-1,-1,2,0,2,0,2,0,0,0,0,1,0,0,2,0,0,2,2
121,-2210.808,8863.382,286.082,-80.714,0.155951,0.981944,-0.107076,-0.986381,0.160552,0.035731,0.052277,0.100045,0.993609,0,0.92621,0.15034,55.573,0.301,-1,400.000,-1,375.000,-1,325.000,325.000,300.000,300.000,925.000,700.000,700.000,-1,775.000,675.000,-1,-1,2,0,2,0,2,0,0,0,0,1,0,0,2,0,0,2,2
122,-2201.587,8808.747,289.019,-80.419,0.160920,0.981260,-0.105986,-0.985483,0.165637,0.037262,0.054118,0.098451,0.993669,0,0.92346,0.14765,55.408,0.295,-1,400.000,-1,375.000,-1,325.000,325.000,300.000,300.000,925.000,725.000,700.000,-1,775.000,675.000,-1,-1,2,0,2,0,2,0,0,0,0,1,0,0,2,0,0,2,2
123,-2192.116,8754.302,291.946,-80.129,0.165793,0.980567,-0.104890,-0.984575,0.170617,0.038764,0.055907,0.096845,0.993728,0,0.92105,0.14469,55.263,0.289,-1,400.000,-1,375.000,-1,325.000,325.000,300.000,300.000,925.000,725.000,725.000,-1,775.000,675.000,-1,-1,2,0,2,0,2,0,0,0,0,1,0,0,2,0,0,2,2
124,-2182.397,8700.025,294.864,-79.846,0.170563,0.979866,-0.103785,-0.983659,0.175485,0.040239,0.057641,0.095226,0.993785,0,0.91900,0.14146,55.140,0.283,-1,400.000,-1,375.000,-1,325.000,325.000,300.000,300.000,900.000,725.000,750.000,-1,800.000,675.000,-1,-1,2,0,2,0,2,0,0,0,0,1,0,0,2,0,0,2,2
125,-2172.435,8645.897,297.771,-79.571,0.175219,0.979162,-0.102668,-0.982741,0.180231,0.041687,0.059322,0.093592,0.993842,0,0.91729,0.13799,55.038,0.276,-1,400.000,-1,375.000,-1,325.000,300.000,300.000,300.000,900.000,725.000,750.000,-1,800.000,675.000,-1,-1,2,0,2,0,2,0,0,0,0,1,0,0,2,0,0,2,2
126,-2162.235,8591.895,300.667,-79.302,0.179755,0.978457,-0.101538,-0.981821,0.184847,0.043109,0.060950,0.091943,0.993897,0,0.91595,0.13428,54.957,0.269,-1,400.000,-1,375.000,-1,325.000,300.000,300.000,300.000,875.000,725.000,775.000,-1,800.000,675.000,-1,-1,2,0,2,0,2,0,0,0,0,1,0,0,2,0,0,2,2
127,-2151.803,8537.997,303.982,-79.041,0.184323,0.977894,-0.098734,-0.980915,0.189353,0.044183,0.061902,0.088706,0.994133,0,0.91496,0.13035,54.898,0.261,-1,400.000,-1,375.000,-1,325.000,300.000,300.000,300.000,875.000,750.000,825.000,-1,800.000,675.000,-1,-1,2,0,2,0,2,0,0,0,0,1,0,0,2,0,0,2,2
128,-2141.141,8484.183,307.450,-78.789,0.188768,0.977368,-0.095490,-0.980001,0.193722,0.045493,0.062962,0.084993,0.994390,0,0.91433,0.12619,54.860,0.252,-1,400.000,-1,375.000,-1,325.000,300.000,300.000,300.000,850.000,775.000,850.000,-1,800.000,675.000,-1,-1,2,0,2,0,2,0,0,0,0,1,0,0,2,1,0,2,2
129,-2130.720,8433.864,311.032,-78.296,0.197236,0.975873,-0.093650,-0.978261,0.202156,0.046238,0.064054,0.082494,0.994531,0,0.85646,0.24619,51.387,0.492,-1,400.000,-1,375.000,-1,325.000,300.000,300.000,300.000,875.000,850.000,925.000,-1,825.000,675.000,-1,-1,2,0,2,0,2,0,0,0,0,1,0,0,2,1,0,2,2
130,-2119.652,8383.662,314.716,-77.564,0.209731,0.973409,-0.092125,-0.975549,0.214658,0.047182,0.065703,0.079977,0.994629,0,0.85680,0.36619,51.408,0.732,-1,400.000,-1,375.000,-1,325.000,300.000,300.000,300.000,875.000,900.000,975.000,-1,-1,700.000,-1,-1,2,0,2,0,2,0,0,0,0,1,0,0,2,2,0,2,2
131,-2107.722,8333.605,318.430,-76.592,0.226268,0.969844,-0.090584,-0.971717,0.231198,0.048106,0.067598,0.077137,0.994726,0,0.85766,0.48619,51.460,0.972,-1,400.000,-1,375.000,-1,325.000,325.000,300.000,300.000,900.000,950.000,-1,-1,-1,700.000,-1,-1,2,0,2,0,2,0,0,0,0,1,0,2,2,2,0,2,2
132,-2094.716,8283.737,322.180,-75.379,0.246799,0.964965,-0.089067,-0.966558,0.251727,0.048973,0.069678,0.074002,0.994821,0,0.85895,0.60619,51.537,1.212,-1,400.000,-1,375.000,-1,325.000,325.000,300.000,300.000,925.000,1000.000,-1,-1,-1,725.000,-1,-1,2,0,2,0,2,0,0,0,0,1,0,2,2,2,0,2,2
133,-2080.423,8234.119,325.975,-73.927,0.271255,0.958513,-0.087595,-0.959818,0.276173,0.049770,0.071897,0.070575,0.994912,0,0.86061,0.72619,51.636,1.452,-1,400.000,-1,375.000,-1,325.000,325.000,300.000,300.000,950.000,-1,-1,-1,-1,725.000,-1,-1,2,0,2,0,2,0,0,0,0,1,2,2,2,2,0,2,2
134,-2064.636,8184.833,329.822,-72.235,0.299541,0.950182,-0.086188,-0.951193,0.304439,0.050480,0.074204,0.066861,0.994999,0,0.86256,0.84619,51.754,1.692,-1,400.000,-1,375.000,-1,325.000,325.000,300.000,300.000,975.000,-1,-1,-1,-1,725.000,-1,-1,2,0,2,0,2,0,0,0,0,1,2,2,2,2,0,2,2
135,-2045.577,8131.588,334.077,-70.302,0.331535,0.939628,-0.084752,-0.940331,0.336396,0.051139,0.076562,0.062740,0.995089,0,0.94256,0.96619,56.554,1.932,-1,400.000,-1,375.000,-1,325.000,325.000,300.000,300.000,-1,-1,-1,-1,-1,750.000,-1,-1,2,0,2,0,2,0,0,0,0,2,2,2,2,2,0,2,2
136,-2024.084,8077.563,338.495,-68.302,0.364272,0.927553,-0.083380,-0.927960,0.369078,0.051685,0.078714,0.058546,0.995177,0,0.96908,1.00000,58.145,2.000,-1,425.000,-1,400.000,-1,325.000,325.000,300.000,300.000,-1,-1,-1,-1,-1,750.000,-1,-1,2,1,2,0,2,0,0,0,0,2,2,2,2,2,0,2,2
137,-2000.540,8023.914,342.986,-66.302,0.396575,0.914319,-0.082154,-0.914455,0.401317,0.052114,0.080619,0.054459,0.995256,0,0.97647,1.00000,58.588,2.000,-1,425.000,-1,400.000,-1,325.000,325.000,300.000,300.000,-1,-1,-1,-1,-1,775.000,-1,-1,2,1,2,0,2,0,0,0,0,2,2,2,2,2,0,2,2
138,-1974.941,7970.711,347.720,-64.302,0.428496,0.899974,-0.080235,-0.899838,0.433087,0.052227,0.081752,0.049819,0.995407,0,0.98404,1.00000,59.043,2.000,-1,450.000,-1,400.000,-1,325.000,325.000,300.000,300.000,-1,-1,-1,-1,-1,775.000,-1,-1,2,1,2,0,2,0,0,0,0,2,2,2,2,2,0,2,2
139,-1947.284,7918.021,352.531,-62.302,0.459940,0.884509,-0.078094,-0.884132,0.464335,0.052000,0.082256,0.045129,0.995589,0,0.99180,1.00000,59.508,2.000,-1,525.000,-1,400.000,-1,350.000,325.000,300.000,300.000,-1,-1,-1,-1,-1,775.000,-1,-1,2,1,2,0,2,1,0,0,0,2,2,2,2,2,0,2,2
140,-1917.570,7865.916,357.358,-60.302,0.490831,0.867935,-0.075986,-0.867349,0.495018,0.051606,0.082405,0.040577,0.995773,0,0.99971,1.00000,59.983,2.000,-1,-1,-1,400.000,-1,375.000,325.000,300.000,300.000,-1,-1,-1,-1,-1,800.000,-1,-1,2,2,2,0,2,1,0,0,0,2,2,2,2,2,0,2,2
141,-1886.047,7814.865,362.197,-58.302,0.521124,0.850279,-0.073861,-0.849494,0.525099,0.051292,0.082397,0.036015,0.995949,0,1.00000,1.00000,60.000,2.000,-1,-1,-1,400.000,-1,425.000,325.000,300.000,300.000,-1,-1,-1,-1,-1,-1,-1,-1,2,2,2,0,2,1,1,0,0,2,2,2,2,2,2,2,2
142,-1852.760,7764.946,367.099,-56.302,0.550768,0.831553,-0.071930,-0.830617,0.554532,0.050686,0.082035,0.031830,0.996121,0,1.00000,1.00000,60.000,2.000,-1,-1,-1,400.000,-1,525.000,375.000,300.000,300.000,-1,-1,-1,-1,-1,-1,-1,-1,2,2,2,0,2,1,1,0,0,2,2,2,2,2,2,2,2
143,-1817.751,7716.219,372.104,-54.302,0.579722,0.811782,-0.070239,-0.810761,0.583278,0.049529,0.081175,0.028234,0.996300,0,1.00000,1.00000,60.000,2.000,-1,-1,-1,475.000,-1,-1,525.000,300.000,300.000,-1,-1,-1,-1,-1,-1,-1,-1,2,2,2,1,2,2,1,0,0,2,2,2,2,2,2,2,2
144,-1781.063,7668.744,377.070,-52.302,0.607954,0.791005,-0.068579,-0.789906,0.611311,0.048456,0.080252,0.024712,0.996468,0,1.00000,1.00000,60.000,2.000,-1,-1,-1,-1,-1,-1,-1,300.000,300.000,-1,-1,-1,-1,-1,-1,-1,-1,2,2,2,2,2,2,2,0,0,2,2,2,2,2,2,2,2
145,-1742.740,7622.578,381.988,-50.302,0.635429,0.769249,-0.066968,-0.768078,0.638594,0.047468,0.079281,0.021274,0.996625,0,1.00000,1.00000,60.000,2.000,-1,-1,-1,-1,-1,-1,-1,300.000,300.000,-1,-1,-1,-1,-1,-1,-1,-1,2,2,2,2,2,2,2,0,0,2,2,2,2,2,2,2,2
146,-1702.832,7577.776,385.248,-48.302,0.662805,0.746615,-0.057059,-0.745218,0.665160,0.047045,0.073078,0.011340,0.997262,0,1.00000,1.00000,60.000,2.000,-1,-1,-1,-1,-1,-1,-1,275.000,300.000,-1,-1,-1,-1,-1,-1,-1,-1,2,2,2,2,2,2,2,0,0,2,2,2,2,2,2,2,2
147,-1661.383,7534.398,386.103,-46.302,0.689318,0.722975,-0.046342,-0.721988,0.690838,0.038406,0.059781,0.006985,0.998187,0,1.00000,1.00000,60.000,2.000,-1,-1,-1,-1,-1,-1,-1,250.000,300.000,-1,-1,-1,-1,-1,-1,-1,-1,2,2,2,2,2,2,2,0,0,2,2,2,2,2,2,2,2
148,-1618.445,7492.494,383.648,-44.302,0.714864,0.698388,-0.034970,-0.698297,0.715611,0.016787,0.036749,0.012419,0.999247,0,1.00000,1.00000,60.000,2.000,-1,-1,-1,-1,-1,-1,-1,250.000,250.000,-1,-1,-1,-1,-1,-1,-1,-1,2,2,2,2,2,2,2,0,0,2,2,2,2,2,2,2,2
149,-1574.069,7452.113,379.866,-42.302,0.739426,0.672899,-0.021345,-0.673160,0.739451,-0.008237,0.010241,0.020459,0.999738,0,1.00000,1.00000,60.000,2.000,-1,-1,-1,-1,-1,-1,-1,225.000,225.000,-1,-1,-1,-1,-1,-1,-1,-1,2,2,2,2,2,2,2,0,0,2,2,2,2,2,2,2,2
150,-4263.523,-3607.659,-55.218,-125.109,-0.568753,0.813904,-0.118657,-0.820081,-0.572218,0.005843,-0.063142,0.100631,0.992918,1,0.00000,0.00000,60.000,1.991,350.000,400.000,-1,400.000,-1,350.000,325.000,100.000,275.000,-1,275.000,275.000,-1,500.000,700.000,425.000,-1,1,1,2,0,2,0,0,1,0,2,0,0,2,1,0,1,2
151,-4266.304,-3611.572,-56.205,-125.349,-0.572081,0.811743,-0.117456,-0.817590,-0.575794,0.002817,-0.065344,0.097642,0.993074,0,0.08000,-0.12000,4.800,-0.240,350.000,400.000,-1,400.000,-1,350.000,325.000,100.000,275.000,-1,300.000,300.000,-1,500.000,675.000,425.000,-1,1,1,2,0,2,0,0,1,0,2,0,0,2,1,0,1,2
152,-4271.914,-3619.363,-58.100,-125.714,-0.577121,0.808484,-0.115264,-0.813710,-0.581264,-0.002893,-0.069338,0.092122,0.993331,0,0.16000,-0.18261,9.600,-0.365,350.000,400.000,-1,375.000,-1,325.000,325.000,100.000,300.000,-1,325.000,350.000,-1,475.000,675.000,400.000,-1,1,1,2,0,2,0,0,1,0,2,0,0,2,1,0,1,2
153,-4280.401,-3630.998,-60.829,-126.078,-0.582111,0.805320,-0.112275,-0.809668,-0.586785,-0.010987,-0.074730,0.084510,0.993616,0,0.24000,-0.18199,14.400,-0.364,350.000,375.000,-1,375.000,975.000,325.000,300.000,75.000,300.000,-1,350.000,400.000,-1,475.000,650.000,400.000,-1,1,1,2,0,0,0,0,1,0,2,0,0,2,1,0,1,2
154,-4291.812,-3646.440,-63.811,-126.441,-0.587139,0.802072,-0.109306,-0.805562,-0.592221,-0.018543,-0.079606,0.077166,0.993835,0,0.32000,-0.18118,19.200,-0.362,325.000,375.000,-1,375.000,950.000,300.000,300.000,75.000,300.000,-1,400.000,500.000,-1,450.000,625.000,375.000,-1,1,1,2,0,0,0,0,1,0,2,0,0,2,1,0,1,2
155,-4306.190,-3665.657,-65.589,-126.801,-0.592319,0.798399,-0.108248,-0.801805,-0.597309,-0.018166,-0.079161,0.076034,0.993958,0,0.40000,-0.18030,24.000,-0.361,325.000,350.000,-1,375.000,950.000,300.000,300.000,75.000,300.000,-1,400.000,500.000,-1,450.000,625.000,350.000,-1,1,1,2,0,0,0,0,1,0,2,0,0,2,1,0,1,2
156,-4323.587,-3688.609,-67.719,-127.160,-0.597480,0.794716,-0.106972,-0.798030,-0.602357,-0.017725,-0.078521,0.074776,0.994104,0,0.48000,-0.17950,28.800,-0.359,300.000,350.000,-1,375.000,975.000,300.000,300.000,75.000,300.000,-1,400.000,500.000,-1,425.000,625.000,325.000,-1,1,1,2,0,0,0,0,1,0,2,0,0,2,1,0,1,2
157,-4344.048,-3715.262,-68.161,-127.518,-0.601386,0.790514,-0.115859,-0.794524,-0.606984,-0.017387,-0.084069,0.081596,0.993113,0,0.56000,-0.17897,33.600,-0.358,275.000,325.000,-1,350.000,800.000,300.000,300.000,100.000,300.000,-1,700.000,725.000,-1,425.000,600.000,300.000,925.000,1,1,2,0,0,0,0,1,0,2,0,0,2,1,0,1,0
158,-4367.618,-3745.580,-67.714,-127.876,-0.604365,0.785898,-0.130792,-0.791234,-0.611280,-0.016893,-0.093227,0.093278,0.991266,0,0.64000,-0.17892,38.400,-0.358,250.000,325.000,-1,350.000,625.000,300.000,300.000,100.000,275.000,-1,-1,-1,-1,400.000,575.000,275.000,725.000,1,1,2,0,0,1,0,1,0,2,2,2,2,1,0,1,0
159,-4394.349,-3779.519,-67.864,-128.235,-0.607369,0.781230,-0.144162,-0.787935,-0.615549,-0.016076,-0.101298,0.103826,0.989423,0,0.72000,-0.17960,43.200,-0.359,225.000,300.000,-1,325.000,525.000,300.000,275.000,125.000,275.000,-1,-1,-1,-1,400.000,525.000,250.000,600.000,1,1,2,0,0,1,0,1,0,2,2,2,2,1,0,1,0
160,-4424.290,-3817.039,-68.822,-128.598,-0.610671,0.776592,-0.154870,-0.784538,-0.619900,-0.014947,-0.107611,0.112374,0.987822,0,0.80000,-0.18129,48.000,-0.363,200.000,275.000,-1,325.000,450.000,275.000,275.000,150.000,275.000,-1,-1,-1,-1,375.000,500.000,225.000,500.000,1,1,2,0,0,1,0,1,0,2,2,2,2,1,0,1,0
161,-4457.478,-3858.104,-68.460,-128.967,-0.615086,0.771184,-0.164151,-0.781625,-0.623747,-0.001567,-0.103597,0.127341,0.986434,0,0.88000,-0.18429,52.800,-0.369,175.000,275.000,-1,325.000,425.000,275.000,275.000,175.000,275.000,375.000,-1,-1,-1,400.000,525.000,200.000,500.000,1,1,2,0,0,1,0,1,0,1,2,2,2,1,0,1,0
162,-4490.525,-3898.475,-66.385,-129.344,-0.621266,0.764751,-0.170835,-0.778666,-0.626931,0.025243,-0.087797,0.148706,0.984976,0,0.86959,-0.18890,52.175,-0.378,200.000,325.000,-1,350.000,450.000,300.000,325.000,225.000,250.000,325.000,-1,-1,-1,550.000,550.000,225.000,600.000,1,1,2,0,0,1,0,1,0,1,2,2,2,1,0,1,0
163,-4523.057,-3937.660,-66.158,-129.734,-0.628331,0.758825,-0.171419,-0.774564,-0.630747,0.046994,-0.072461,0.162303,0.984077,0,0.84886,-0.19477,50.932,-0.390,200.000,350.000,-1,375.000,525.000,350.000,350.000,250.000,250.000,300.000,-1,-1,-1,-1,600.000,250.000,750.000,1,1,2,0,0,1,0,1,0,1,2,2,2,2,0,1,0
164,-4555.155,-3975.752,-67.342,-130.137,-0.636209,0.753695,-0.164872,-0.769440,-0.635508,0.063962,-0.056570,0.167552,0.984239,0,0.83023,-0.20170,49.814,-0.403,200.000,425.000,-1,400.000,625.000,400.000,375.000,250.000,250.000,275.000,950.000,775.000,850.000,-1,675.000,300.000,975.000,1,1,2,0,0,0,0,1,0,1,0,0,0,2,0,1,0
165,-4590.712,-4017.204,-70.683,-130.627,-0.645606,0.748500,-0.151461,-0.762659,-0.642146,0.077458,-0.039283,0.165520,0.985424,0,0.91023,-0.24468,54.614,-0.489,225.000,600.000,-1,425.000,800.000,425.000,375.000,250.000,250.000,250.000,675.000,525.000,725.000,-1,750.000,-1,-1,1,0,2,0,0,0,0,1,0,1,0,0,0,2,0,2,2
166,-4628.088,-4060.024,-76.370,-131.102,-0.654755,0.744481,-0.130550,-0.755544,-0.649502,0.085444,-0.021181,0.154581,0.987753,0,0.94731,-0.23777,56.838,-0.476,250.000,650.000,-1,450.000,-1,450.000,400.000,225.000,250.000,250.000,450.000,325.000,650.000,-1,825.000,-1,-1,1,0,2,0,2,0,0,1,0,1,0,0,0,2,0,2,2
167,-4665.211,-4101.847,-84.219,-131.564,-0.663147,0.741361,-0.103055,-0.748483,-0.657377,0.087338,-0.002997,0.135053,0.990834,0,0.93201,-0.23090,55.921,-0.462,275.000,675.000,-1,500.000,-1,475.000,425.000,175.000,250.000,225.000,225.000,125.000,600.000,-1,950.000,-1,-1,1,0,2,0,2,0,0,1,0,1,1,0,0,2,0,2,2
168,-4702.057,-4142.723,-90.065,-132.013,-0.669513,0.737359,-0.089744,-0.742796,-0.664219,0.084069,0.002380,0.122947,0.992410,0,0.91718,-0.22441,55.031,-0.449,-1,650.000,-1,500.000,-1,475.000,425.000,150.000,250.000,250.000,200.000,75.000,625.000,-1,975.000,-1,-1,2,0,2,0,2,0,0,1,0,1,0,0,0,2,0,2,2
169,-4738.635,-4182.679,-94.889,-132.458,-0.674894,0.732912,-0.085778,-0.737912,-0.670610,0.075945,-0.001863,0.114552,0.993416,0,0.90282,-0.22277,54.169,-0.446,-1,625.000,-1,500.000,-1,450.000,425.000,125.000,250.000,275.000,200.000,100.000,700.000,-1,950.000,-1,-1,2,0,2,0,2,0,0,1,0,1,0,0,0,2,0,2,2
170,-4774.965,-4221.726,-100.614,-132.916,-0.680189,0.728507,-0.081371,-0.732977,-0.677353,0.062755,-0.009400,0.102329,0.994706,0,0.88890,-0.22891,53.334,-0.458,-1,575.000,-1,475.000,-1,425.000,400.000,100.000,275.000,275.000,225.000,125.000,850.000,-1,900.000,-1,-1,2,0,2,0,2,0,0,1,0,1,0,0,0,2,0,2,2
171,-4811.062,-4259.882,-107.192,-133.388,-0.685532,0.724001,-0.076610,-0.727765,-0.684370,0.044663,-0.020094,0.086372,0.996060,0,0.87540,-0.23601,52.524,-0.472,-1,525.000,-1,450.000,-1,400.000,375.000,75.000,275.000,300.000,250.000,175.000,-1,-1,850.000,-1,-1,2,0,2,0,2,0,0,1,0,1,0,0,2,2,0,2,2
172,-4846.941,-4297.169,-114.595,-133.876,-0.691069,0.719229,-0.071646,-0.721995,-0.691554,0.021822,-0.033852,0.066809,0.997191,0,0.86241,-0.24401,51.745,-0.488,-1,475.000,-1,425.000,-1,350.000,350.000,75.000,275.000,300.000,300.000,250.000,-1,975.000,775.000,-1,-1,2,0,2,0,2,0,0,1,0,1,0,0,2,0,0,2,2
173,-4882.624,-4333.617,-118.658,-134.382,-0.695248,0.713386,-0.087810,-0.715935,-0.698158,-0.003463,-0.063776,0.060459,0.996131,0,0.85006,-0.25287,51.003,-0.506,-1,400.000,-1,350.000,975.000,325.000,300.000,75.000,275.000,325.000,600.000,925.000,-1,750.000,625.000,-1,-1,2,0,2,0,0,0,0,1,0,1,1,0,2,0,0,2,2
174,-4918.135,-4369.256,-117.028,-134.907,-0.699451,0.706139,-0.110160,-0.710348,-0.703849,-0.001468,-0.078573,0.077225,0.993913,0,0.83847,-0.26251,50.308,-0.525,-1,375.000,-1,325.000,625.000,300.000,300.000,75.000,275.000,350.000,-1,-1,-1,725.000,575.000,-1,750.000,2,0,2,0,0,0,0,1,0,1,2,2,2,0,0,2,0
175,-4953.526,-4404.106,-115.892,-135.453,-0.704029,0.698533,-0.128044,-0.704540,-0.709660,0.002312,-0.089252,0.091840,0.991766,0,0.82778,-0.27290,49.667,-0.546,-1,375.000,-1,325.000,475.000,300.000,275.000,100.000,250.000,350.000,-1,-1,-1,700.000,525.000,-1,550.000,2,0,2,0,0,0,0,1,0,1,2,2,2,0,0,2,0
176,-4988.844,-4438.199,-115.506,-136.021,-0.709154,0.690742,-0.141336,-0.698282,-0.715802,0.005339,-0.097481,0.102479,0.989947,0,0.81812,-0.28399,49.087,-0.568,-1,375.000,-1,300.000,400.000,300.000,275.000,125.000,250.000,275.000,-1,-1,-1,700.000,500.000,-1,450.000,2,0,2,0,0,0,0,1,0,1,2,2,2,0,0,2,0
177,-5024.143,-4471.573,-115.738,-136.612,-0.714960,0.682856,-0.150133,-0.691432,-0.722408,0.006963,-0.103702,0.108785,0.988641,0,0.80960,-0.29572,48.576,-0.591,-1,375.000,-1,300.000,350.000,300.000,275.000,175.000,250.000,250.000,-1,-1,-1,675.000,475.000,-1,400.000,2,0,2,0,0,0,0,1,0,1,2,2,2,0,0,2,0
178,-5059.480,-4504.265,-116.841,-137.228,-0.721582,0.674831,-0.154668,-0.683960,-0.729474,0.008164,-0.107317,0.111678,0.987933,0,0.80231,-0.30807,48.138,-0.616,-1,375.000,-1,300.000,325.000,300.000,275.000,200.000,250.000,225.000,-1,-1,-1,675.000,475.000,-1,375.000,2,0,2,0,0,0,0,1,0,1,2,2,2,0,0,2,0
179,-5094.915,-4536.315,-118.899,-137.870,-0.729050,0.666678,-0.155002,-0.675776,-0.737059,0.008343,-0.108684,0.110829,0.987879,0,0.79631,-0.32100,47.779,-0.642,-1,375.000,-1,300.000,325.000,300.000,275.000,225.000,250.000,200.000,-1,-1,-1,675.000,475.000,-1,375.000,2,0,2,0,0,0,0,1,0,1,2,2,2,0,0,2,0
180,-5126.994,-4564.918,-121.534,-138.272,-0.734265,0.661759,-0.151429,-0.670334,-0.742019,0.007694,-0.107271,0.107157,0.988438,0,0.71631,-0.20100,42.979,-0.402,-1,375.000,-1,300.000,325.000,300.000,275.000,250.000,250.000,200.000,-1,-1,-1,650.000,475.000,-1,375.000,2,0,2,0,0,0,0,1,0,1,2,2,2,0,0,2,0
181,-5155.561,-4590.245,-124.475,-138.434,-0.737047,0.660037,-0.145299,-0.667798,-0.744315,0.006353,-0.103955,0.101713,0.989367,0,0.63631,-0.08100,38.179,-0.162,-1,375.000,-1,300.000,350.000,300.000,275.000,300.000,250.000,200.000,-1,-1,-1,650.000,475.000,-1,400.000,2,0,2,0,0,0,0,1,0,1,2,2,2,0,0,2,0
182,-5180.507,-4612.420,-127.429,-138.356,-0.737255,0.661480,-0.137470,-0.668276,-0.743900,0.004474,-0.099305,0.095166,0.990496,0,0.55631,0.03900,33.379,0.078,-1,375.000,-1,300.000,375.000,300.000,275.000,325.000,250.000,200.000,-1,-1,-1,650.000,475.000,-1,425.000,2,0,2,0,0,0,0,1,0,1,2,2,2,0,0,2,0
183,-5201.760,-4631.524,-130.212,-138.038,-0.734710,0.666024,-0.128891,-0.671844,-0.740689,0.002277,-0.093952,0.088268,0.991656,0,0.47631,0.15900,28.579,0.318,-1,375.000,-1,300.000,425.000,300.000,275.000,325.000,250.000,200.000,-1,-1,-1,650.000,500.000,-1,500.000,2,0,2,0,0,0,0,1,0,1,2,2,2,0,0,2,0
184,-5222.647,-4650.553,-133.177,-137.654,-0.731419,0.671405,-0.119339,-0.676239,-0.736682,0.000019,-0.087902,0.080716,0.992854,0,0.47095,0.19203,28.257,0.384,-1,375.000,-1,325.000,475.000,300.000,275.000,350.000,275.000,200.000,-1,-1,-1,650.000,525.000,-1,575.000,2,0,2,0,0,0,0,1,0,1,2,2,2,0,0,2,0
185,-5243.510,-4669.807,-136.336,-137.288,-0.728332,0.676533,-0.108791,-0.680396,-0.732841,-0.002173,-0.081197,0.072439,0.994062,0,0.47319,0.18317,28.391,0.366,-1,375.000,-1,325.000,575.000,300.000,275.000,350.000,275.000,200.000,-1,-1,1000.000,650.000,525.000,-1,650.000,2,0,2,0,0,0,0,1,0,1,2,2,1,0,0,2,0
186,-5264.361,-4689.285,-139.694,-136.940,-0.725430,0.681397,-0.097205,-0.684325,-0.729164,-0.004320,-0.073822,0.063386,0.995255,0,0.47559,0.17420,28.536,0.348,-1,375.000,-1,325.000,700.000,300.000,275.000,350.000,275.000,200.000,-1,-1,1000.000,650.000,550.000,-1,725.000,2,0,2,0,0,0,0,1,0,1,2,2,1,0,0,2,0
187,-5285.212,-4708.990,-143.258,-136.609,-0.722688,0.685984,-0.084540,-0.688040,-0.725644,-0.006416,-0.065747,0.053531,0.996399,0,0.47817,0.16510,28.690,0.330,-1,375.000,-1,350.000,825.000,300.000,300.000,350.000,275.000,200.000,-1,-1,975.000,650.000,575.000,-1,825.000,2,0,2,0,0,0,0,1,0,1,2,2,1,0,0,2,0
188,-5306.074,-4728.923,-147.037,-136.298,-0.720076,0.690279,-0.070753,-0.691555,-0.722274,-0.008457,-0.056941,0.042840,0.997458,0,0.48091,0.15588,28.855,0.312,-1,375.000,-1,350.000,975.000,300.000,300.000,350.000,300.000,200.000,-1,-1,975.000,675.000,600.000,-1,925.000,2,0,2,0,0,0,0,0,0,1,2,2,1,0,0,2,0
189,-5326.959,-4749.084,-151.040,-136.004,-0.717556,0.694262,-0.055799,-0.694888,-0.719042,-0.010444,-0.047373,0.031280,0.998387,0,0.48383,0.14653,29.030,0.293,-1,375.000,-1,375.000,-1,300.000,300.000,325.000,300.000,200.000,300.000,-1,975.000,675.000,625.000,-1,-1,2,0,2,0,2,0,0,0,0,1,1,2,1,0,0,2,2
190,-5347.879,-4769.477,-153.672,-135.730,-0.714680,0.697812,-0.047858,-0.698179,-0.715834,-0.011345,-0.042175,0.025305,0.998790,0,0.48693,0.13705,29.216,0.274,-1,375.000,-1,375.000,-1,300.000,300.000,325.000,300.000,200.000,275.000,825.000,1000.000,675.000,650.000,-1,-1,2,0,2,0,2,0,0,0,0,1,1,0,1,0,0,2,2
191,-5368.849,-4790.101,-154.829,-135.476,-0.711589,0.700989,-0.047488,-0.701357,-0.712722,-0.011205,-0.041700,0.025333,0.998809,0,0.49021,0.12744,29.412,0.255,-1,375.000,-1,375.000,-1,300.000,300.000,325.000,300.000,225.000,300.000,850.000,1000.000,675.000,650.000,-1,-1,2,0,2,0,2,0,0,0,0,1,1,0,1,0,0,2,2
192,-5389.881,-4810.958,-155.987,-135.240,-0.708723,0.703910,-0.047142,-0.704282,-0.709835,-0.011009,-0.041212,0.025399,0.998828,0,0.49367,0.11769,29.620,0.235,-1,375.000,-1,375.000,-1,300.000,300.000,325.000,300.000,225.000,350.000,875.000,-1,650.000,650.000,-1,-1,2,0,2,0,2,0,0,0,0,1,1,0,2,0,0,2,2
193,-5410.989,-4832.048,-157.145,-135.025,-0.706089,0.706574,-0.046819,-0.706952,-0.707180,-0.010757,-0.040710,0.025504,0.998845,0,0.49731,0.10779,29.839,0.216,-1,375.000,-1,375.000,-1,300.000,300.000,325.000,300.000,250.000,375.000,875.000,-1,650.000,625.000,-1,-1,2,0,2,0,2,0,0,0,0,1,1,0,2,0,0,2,2
194,-5432.187,-4853.373,-158.304,-134.829,-0.703693,0.708980,-0.046521,-0.709367,-0.704762,-0.010447,-0.040193,0.025649,0.998863,0,0.50114,0.09774,30.069,0.195,-1,375.000,-1,350.000,-1,300.000,300.000,325.000,300.000,275.000,400.000,900.000,-1,650.000,625.000,-1,-1,2,0,2,0,2,0,0,0,0,1,1,0,2,0,0,2,2
195,-5453.490,-4874.934,-159.373,-134.654,-0.701563,0.711133,-0.045811,-0.711518,-0.702595,-0.010125,-0.039386,0.025492,0.998899,0,0.50517,0.08755,30.310,0.175,-1,375.000,-1,350.000,-1,300.000,300.000,325.000,300.000,300.000,425.000,900.000,-1,650.000,625.000,-1,-1,2,0,2,0,2,0,0,0,0,1,1,0,2,0,0,2,2
196,-5474.912,-4896.734,-160.375,-134.500,-0.699701,0.713030,-0.044799,-0.713406,-0.700683,-0.009773,-0.038358,0.025122,0.998948,0,0.50939,0.07719,30.563,0.154,-1,375.000,-1,350.000,-1,300.000,300.000,325.000,300.000,300.000,450.000,900.000,-1,625.000,625.000,-1,-1,2,0,2,0,2,0,0,0,0,1,1,0,2,0,0,2,2
197,-5496.468,-4918.773,-161.360,-134.366,-0.698098,0.714666,-0.043721,-0.715032,-0.699029,-0.009364,-0.037254,0.024725,0.999000,0,0.51381,0.06668,30.829,0.133,-1,375.000,-1,350.000,-1,300.000,300.000,325.000,300.000,325.000,500.000,900.000,-1,625.000,625.000,-1,1000.000,2,0,2,0,2,0,0,0,0,1,1,0,2,0,0,2,0
198,-5518.175,-4941.052,-162.328,-134.254,-0.696761,0.716039,-0.042575,-0.716396,-0.697638,-0.008897,-0.036072,0.024302,0.999054,0,0.51843,0.05599,31.106,0.112,-1,375.000,-1,350.000,-1,300.000,300.000,325.000,300.000,350.000,525.000,900.000,-1,625.000,600.000,-1,1000.000,2,0,2,0,2,0,0,0,0,1,1,0,2,0,0,2,0
199,-5540.049,-4963.574,-163.291,-134.164,-0.695699,0.717145,-0.041300,-0.717492,-0.696517,-0.008375,-0.034772,0.023806,0.999112,0,0.52326,0.04514,31.396,0.090,-1,375.000,-1,350.000,-1,300.000,300.000,325.000,300.000,375.000,550.000,875.000,-1,625.000,600.000,-1,975.000,2,0,2,0,2,0,0,0,0,1,1,0,2,0,0,2,0
200,-5562.107,-4986.339,-164.217,-134.096,-0.694934,0.717982,-0.039610,-0.718325,-0.695670,-0.007310,-0.032804,0.023373,0.999188,0,0.52831,0.03411,31.699,0.068,-1,375.000,-1,350.000,-1,300.000,300.000,325.000,300.000,400.000,550.000,850.000,-1,625.000,600.000,-1,1000.000,2,0,2,0,2,0,0,0,0,1,1,0,2,0,0,2,0
201,-5584.366,-5009.349,-165.098,-134.050,-0.694448,0.718543,-0.037911,-0.718886,-0.695101,-0.006084,-0.030724,0.023029,0.999263,0,0.53357,0.02289,32.014,0.046,-1,350.000,-1,350.000,-1,300.000,300.000,325.000,300.000,425.000,575.000,800.000,-1,625.000,600.000,-1,1000.000,2,0,2,0,2,0,0,0,0,1,1,0,2,0,0,2,0
202,-5606.844,-5032.604,-165.948,-134.027,-0.694246,0.718827,-0.036195,-0.719170,-0.694818,-0.004767,-0.028576,0.022721,0.999333,0,0.53906,0.01149,32.344,0.023,-1,350.000,-1,350.000,-1,300.000,300.000,325.000,300.000,450.000,600.000,750.000,-1,625.000,600.000,-1,1000.000,2,0,2,0,2,0,0,0,0,1,1,0,2,0,0,2,0
203,-5626.062,-5052.335,-166.622,-134.244,-0.697035,0.716196,-0.034735,-0.716535,-0.697541,-0.003627,-0.026827,0.022360,0.999390,0,0.45906,-0.10851,27.544,-0.217,-1,350.000,-1,350.000,-1,300.000,300.000,325.000,300.000,475.000,575.000,650.000,-1,625.000,600.000,-1,1000.000,2,0,2,0,2,0,0,0,0,1,0,0,2,0,0,2,0
204,-5642.031,-5068.530,-167.092,-134.599,-0.701513,0.711869,-0.033501,-0.712197,-0.701974,-0.002920,-0.025596,0.021811,0.999434,0,0.37906,-0.17749,22.744,-0.355,-1,350.000,-1,350.000,-1,300.000,300.000,325.000,300.000,500.000,525.000,600.000,-1,625.000,600.000,-1,-1,2,0,2,0,2,0,0,0,0,1,0,0,2,0,0,2,2
205,-5654.712,-5081.224,-167.454,-134.971,-0.706156,0.707308,-0.032536,-0.707628,-0.706582,-0.002307,-0.024622,0.021394,0.999468,0,0.29906,-0.18578,17.944,-0.372,-1,350.000,-1,350.000,-1,300.000,300.000,325.000,300.000,500.000,500.000,550.000,-1,625.000,600.000,-1,-1,2,0,2,0,2,0,0,0,0,1,0,0,2,0,0,2,2
206,-5664.063,-5090.460,-167.715,-135.353,-0.710892,0.702580,-0.031838,-0.702894,-0.711292,-0.001811,-0.023919,0.021092,0.999491,0,0.21906,-0.19123,13.144,-0.382,-1,350.000,-1,350.000,-1,300.000,300.000,325.000,300.000,525.000,475.000,525.000,-1,625.000,600.000,-1,-1,2,0,2,0,2,0,0,0,0,1,0,0,2,0,0,2,2
207,-5670.039,-5096.284,-167.883,-135.739,-0.715626,0.697778,-0.031405,-0.698089,-0.716010,-0.001448,-0.023497,0.020887,0.999506,0,0.13906,-0.19291,8.344,-0.386,-1,350.000,-1,350.000,-1,300.000,300.000,325.000,300.000,525.000,450.000,525.000,-1,600.000,600.000,-1,-1,2,0,2,0,2,0,0,0,0,1,0,0,2,0,0,2,2
208,-5672.593,-5098.739,-167.959,-136.127,-0.720343,0.692915,-0.031234,-0.693225,-0.720720,-0.001228,-0.023362,0.020767,0.999511,0,0.05906,-0.19399,3.544,-0.388,-1,350.000,-1,350.000,-1,300.000,300.000,325.000,300.000,525.000,450.000,500.000,-1,600.000,600.000,-1,-1,2,0,2,0,2,0,0,0,0,1,0,0,2,0,0,2,2
209,-5671.681,-5097.875,-167.945,-136.516,-0.725027,0.688008,-0.031323,-0.688319,-0.725407,-0.001152,-0.023515,0.020726,0.999509,0,-0.02094,-0.19444,-1.256,-0.389,-1,350.000,-1,350.000,-1,300.000,300.000,325.000,300.000,525.000,450.000,500.000,-1,600.000,600.000,-1,-1,2,0,2,0,2,0,0,0,0,1,0,0,2,0,0,2,2
210,-5667.259,-5093.737,-167.841,-136.904,-0.729664,0.683072,-0.031672,-0.683386,-0.730056,-0.001216,-0.023953,0.020757,0.999498,0,-0.10094,-0.19428,-6.056,-0.389,-1,350.000,-1,350.000,-1,300.000,300.000,325.000,300.000,525.000,450.000,500.000,-1,600.000,600.000,-1,-1,2,0,2,0,2,0,0,0,0,1,0,0,2,0,0,2,2
211,-5659.282,-5086.373,-167.641,-137.291,-0.734238,0.678124,-0.032277,-0.678444,-0.734651,-0.001412,-0.024669,0.020861,0.999478,0,-0.18094,-0.19349,-10.856,-0.387,-1,350.000,-1,350.000,-1,300.000,300.000,325.000,300.000,525.000,450.000,500.000,-1,600.000,600.000,-1,-1,2,0,2,0,2,0,0,0,0,1,0,0,2,0,0,2,2
212,-5647.706,-5075.831,-167.340,-137.675,-0.738735,0.673181,-0.033135,-0.673508,-0.739178,-0.001722,-0.025652,0.021044,0.999449,0,-0.26094,-0.19206,-15.656,-0.384,-1,350.000,-1,350.000,-1,300.000,300.000,325.000,300.000,500.000,475.000,525.000,-1,600.000,625.000,-1,-1,2,0,2,0,2,0,0,0,0,1,0,0,2,0,0,2,2
213,-5632.491,-5062.157,-166.831,-138.053,-0.743111,0.668293,-0.034215,-0.668617,-0.743603,-0.002593,-0.027175,0.020949,0.999411,0,-0.34094,-0.18892,-20.456,-0.378,-1,350.000,-1,350.000,-1,300.000,300.000,325.000,300.000,500.000,500.000,575.000,-1,600.000,625.000,-1,-1,2,0,2,0,2,0,0,0,0,1,0,0,2,0,0,2,2
214,-5613.600,-5045.394,-166.173,-138.416,-0.747262,0.663578,-0.035538,-0.663896,-0.747816,-0.003660,-0.029005,0.020859,0.999362,0,-0.42094,-0.18120,-25.256,-0.362,-1,350.000,-1,350.000,-1,300.000,300.000,325.000,300.000,475.000,550.000,625.000,-1,600.000,625.000,-1,-1,2,0,2,0,2,0,0,0,0,1,1,0,2,0,0,2,2
215,-5591.000,-5025.580,-165.357,-138.759,-0.751152,0.659086,-0.037102,-0.659396,-0.751780,-0.004880,-0.031109,0.020800,0.999300,0,-0.50094,-0.17167,-30.056,-0.343,-1,350.000,-1,350.000,-1,300.000,300.000,325.000,300.000,450.000,525.000,650.000,-1,600.000,625.000,-1,-1,2,0,2,0,2,0,0,0,0,1,1,1,2,0,0,2,2
216,-5564.662,-5002.749,-164.365,-139.080,-0.754741,0.654868,-0.038902,-0.655169,-0.755457,-0.006223,-0.033464,0.020791,0.999224,0,-0.58094,-0.16034,-34.856,-0.321,-1,350.000,-1,350.000,-1,300.000,300.000,325.000,300.000,425.000,500.000,625.000,-1,625.000,625.000,-1,-1,2,0,2,0,2,0,0,0,0,1,1,1,2,0,0,2,2
217,-5536.639,-4978.708,-163.261,-139.374,-0.758001,0.650976,-0.040792,-0.651266,-0.758812,-0.007557,-0.035873,0.020838,0.999139,0,-0.61536,-0.14723,-36.922,-0.294,-1,350.000,-1,350.000,-1,300.000,300.000,325.000,300.000,400.000,450.000,600.000,-1,625.000,625.000,-1,-1,2,0,2,0,2,0,0,0,0,1,1,1,2,0,0,2,2
218,-5508.152,-4954.499,-162.087,-139.641,-0.760924,0.647435,-0.042688,-0.647714,-0.761833,-0.008813,-0.038227,0.020944,0.999050,0,-0.62309,-0.13339,-37.385,-0.267,-1,350.000,-1,350.000,-1,300.000,300.000,325.000,300.000,350.000,425.000,575.000,-1,625.000,625.000,-1,-1,2,0,2,0,2,0,0,0,0,1,1,1,2,0,0,2,2
219,-5479.215,-4930.114,-160.731,-139.880,-0.763517,0.644245,-0.044605,-0.644537,-0.764515,-0.009401,-0.040157,0.021572,0.998960,0,-0.63070,-0.11942,-37.842,-0.239,-1,350.000,-1,350.000,-1,300.000,300.000,325.000,300.000,325.000,375.000,550.000,-1,625.000,625.000,-1,-1,2,0,2,0,2,0,0,0,0,1,1,1,2,0,0,2,2
220,-5449.845,-4905.549,-159.340,-140.090,-0.765797,0.641421,-0.046186,-0.641727,-0.766870,-0.009820,-0.041718,0.022119,0.998885,0,-0.63814,-0.10536,-38.289,-0.211,-1,375.000,-1,350.000,-1,300.000,300.000,325.000,300.000,300.000,350.000,525.000,-1,625.000,625.000,-1,-1,2,0,2,0,2,0,0,0,0,1,1,1,2,0,0,2,2
221,-5420.063,-4880.799,-157.837,-140.273,-0.767796,0.638978,-0.046862,-0.639274,-0.768910,-0.010342,-0.042641,0.022017,0.998848,0,-0.64539,-0.09120,-38.723,-0.182,-1,375.000,-1,350.000,-1,300.000,300.000,325.000,300.000,275.000,300.000,500.000,-1,625.000,625.000,-1,-1,2,0,2,0,2,0,0,0,0,1,1,1,2,0,0,2,2
222,-5389.891,-4855.862,-156.265,-140.427,-0.769479,0.636912,-0.047380,-0.637196,-0.770626,-0.010814,-0.043400,0.021869,0.998818,0,-0.65239,-0.07696,-39.143,-0.154,-1,375.000,-1,375.000,-1,300.000,300.000,325.000,300.000,225.000,275.000,775.000,-1,650.000,650.000,-1,-1,2,0,2,0,2,0,0,0,0,1,1,0,2,0,0,2,2
223,-5359.355,-4830.736,-154.668,-140.552,-0.770838,0.635225,-0.047937,-0.635502,-0.772018,-0.011194,-0.044119,0.021835,0.998788,0,-0.65908,-0.06267,-39.545,-0.125,-1,375.000,-1,375.000,-1,300.000,300.000,325.000,300.000,200.000,225.000,750.000,-1,650.000,650.000,-1,-1,2,0,2,0,2,0,0,0,0,1,1,0,2,0,0,2,2
224,-5328.481,-4805.422,-151.402,-140.649,-0.771394,0.633814,-0.056841,-0.634384,-0.772958,-0.009696,-0.050081,0.028579,0.998336,0,-0.66542,-0.04835,-39.925,-0.097,-1,375.000,-1,350.000,-1,300.000,300.000,350.000,300.000,175.000,200.000,1000.000,-1,650.000,625.000,-1,-1,2,0,2,0,2,0,0,0,0,1,1,0,2,0,0,2,2
225,-5297.302,-4779.924,-144.751,-140.717,-0.770222,0.632392,-0.082697,-0.634276,-0.773094,-0.004420,-0.066728,0.049048,0.996565,0,-0.67134,-0.03402,-40.280,-0.068,-1,375.000,-1,350.000,825.000,300.000,300.000,400.000,275.000,175.000,250.000,-1,-1,650.000,575.000,-1,800.000,2,0,2,0,0,0,0,1,0,1,1,2,2,0,0,2,0
226,-5265.851,-4754.243,-138.511,-140.756,-0.768327,0.631161,-0.106343,-0.634804,-0.772673,0.000526,-0.081837,0.067911,0.994329,0,-0.67677,-0.01971,-40.606,-0.039,-1,375.000,-1,325.000,600.000,300.000,275.000,400.000,275.000,175.000,-1,-1,-1,625.000,525.000,-1,650.000,2,0,2,0,0,0,0,1,0,1,2,2,2,0,0,2,0
227,-5234.168,-4728.386,-132.706,-140.767,-0.765878,0.630181,-0.127681,-0.635878,-0.771773,0.005083,-0.095338,0.085082,0.991802,0,-0.68164,-0.00544,-40.898,-0.011,-1,375.000,-1,300.000,425.000,300.000,275.000,400.000,250.000,175.000,-1,-1,-1,625.000,500.000,-1,500.000,2,0,2,0,0,0,0,1,0,1,2,2,2,0,0,2,0
228,-5202.296,-4702.359,-127.360,-140.750,-0.763035,0.629509,-0.146614,-0.637410,-0.770470,0.009195,-0.107173,0.100469,0.989151,0,-0.68587,0.00874,-41.152,0.017,-1,375.000,-1,300.000,325.000,300.000,275.000,400.000,250.000,175.000,-1,-1,-1,625.000,450.000,-1,375.000,2,0,2,0,0,0,0,1,0,1,2,2,2,0,0,2,0
229,-5170.281,-4676.174,-122.493,-140.704,-0.759949,0.629199,-0.163053,-0.639311,-0.768841,0.012812,-0.117300,0.113978,0.986534,0,-0.68938,0.02280,-41.363,0.046,-1,375.000,-1,275.000,275.000,300.000,250.000,375.000,250.000,175.000,-1,-1,-1,625.000,450.000,-1,300.000,2,0,2,0,0,0,0,1,0,1,2,2,2,0,0,2,0
230,-5138.173,-4649.844,-117.959,-140.631,-0.756894,0.629349,-0.176154,-0.641433,-0.767018,0.015751,-0.125201,0.124913,0.984237,0,-0.69209,0.03670,-41.526,0.073,-1,375.000,-1,275.000,225.000,275.000,250.000,350.000,225.000,175.000,-1,-1,-1,625.000,425.000,-1,275.000,2,0,2,0,0,0,0,1,0,1,2,2,2,0,0,2,0
231,-5106.028,-4623.385,-113.957,-140.530,-0.753890,0.629957,-0.186560,-0.643761,-0.765009,0.018233,-0.131234,0.133846,0.982274,0,-0.69393,0.05040,-41.636,0.101,-1,375.000,-1,275.000,225.000,275.000,250.000,300.000,225.000,175.000,-1,-1,-1,625.000,425.000,-1,250.000,2,0,2,0,0,0,0,1,0,1,2,2,2,0,0,2,0
232,-5073.900,-4596.820,-110.501,-140.402,-0.751024,0.631056,-0.194246,-0.646234,-0.762872,0.020194,-0.135441,0.140694,0.980745,0,-0.69482,0.06385,-41.689,0.128,-1,375.000,-1,275.000,200.000,275.000,250.000,275.000,225.000,175.000,-1,-1,-1,625.000,400.000,-1,225.000,2,0,2,0,0,0,0,1,0,1,2,2,2,0,0,2,0
233,-5045.624,-4573.129,-108.082,-140.034,-0.746197,0.635590,-0.198027,-0.651471,-0.758391,0.020699,-0.137026,0.144455,0.979978,0,-0.61482,0.18385,-36.889,0.368,-1,375.000,-1,275.000,200.000,275.000,250.000,225.000,225.000,175.000,-1,-1,-1,625.000,400.000,-1,225.000,2,0,2,0,0,0,0,1,0,1,2,2,2,0,0,2,0
234,-5021.247,-4552.258,-106.593,-139.427,-0.739281,0.643497,-0.198433,-0.659447,-0.751489,0.019834,-0.136357,0.145519,0.979914,0,-0.53482,0.30385,-32.089,0.608,-1,375.000,-1,275.000,200.000,275.000,250.000,200.000,225.000,175.000,-1,-1,-1,650.000,400.000,-1,225.000,2,0,2,0,0,0,0,1,0,1,2,2,2,0,0,2,0
235,-5000.783,-4534.202,-105.929,-138.579,-0.730079,0.654664,-0.195959,-0.670140,-0.742022,0.017760,-0.133779,0.144286,0.980451,0,-0.45482,0.42385,-27.289,0.848,-1,375.000,-1,275.000,200.000,275.000,250.000,175.000,225.000,175.000,-1,-1,-1,650.000,400.000,-1,250.000,2,0,2,0,0,0,0,1,0,1,2,2,2,0,0,2,0
236,-3607.616,7543.214,254.340,-26.311,0.893385,0.442927,-0.075361,-0.437391,0.895748,0.079525,0.102728,-0.038084,0.993980,1,0.00000,0.00000,-22.489,1.088,-1,400.000,-1,400.000,-1,325.000,325.000,300.000,300.000,-1,625.000,625.000,-1,775.000,800.000,-1,-1,2,0,2,0,2,0,0,0,0,2,0,0,2,0,0,2,2
237,-3603.304,7541.104,254.831,-26.071,0.895243,0.439164,-0.075335,-0.433616,0.897580,0.079551,0.102555,-0.038552,0.993980,0,0.08000,0.12000,4.800,0.240,-1,400.000,-1,400.000,-1,325.000,325.000,300.000,300.000,-1,625.000,625.000,-1,775.000,800.000,-1,-1,2,0,2,0,2,0,0,0,0,2,0,0,2,0,0,2,2
238,-3594.646,7536.958,255.808,-25.591,0.898912,0.431613,-0.075284,-0.426042,0.901194,0.079601,0.102202,-0.039480,0.993980,0,0.16000,0.24000,9.600,0.480,-1,400.000,-1,400.000,-1,325.000,325.000,300.000,300.000,-1,650.000,625.000,-1,775.000,800.000,-1,-1,2,0,2,0,2,0,0,0,0,2,0,0,2,0,0,2,2
239,-3581.581,7530.902,257.266,-24.871,0.904295,0.420231,-0.075210,-0.414628,0.906497,0.079668,0.101657,-0.040859,0.993980,0,0.24000,0.36000,14.400,0.720,-1,400.000,-1,400.000,-1,325.000,325.000,300.000,300.000,-1,650.000,650.000,-1,775.000,825.000,-1,-1,2,0,2,0,2,0,0,0,0,2,0,0,2,0,0,2,2
240,-3564.029,7523.121,259.194,-23.911,0.911246,0.404954,-0.075116,-0.399311,0.913341,0.079745,0.100899,-0.042673,0.993981,0,0.32000,0.48000,19.200,0.960,-1,400.000,-1,400.000,-1,325.000,325.000,300.000,300.000,-1,675.000,675.000,-1,775.000,825.000,-1,-1,2,0,2,0,2,0,0,0,0,2,0,0,2,0,0,2,2
241,-3541.924,7513.773,261.581,-22.925,0.918116,0.389147,-0.075020,-0.383464,0.920099,0.079834,0.100093,-0.044529,0.993981,0,0.40000,0.49295,24.000,0.986,-1,400.000,-1,400.000,-1,325.000,325.000,300.000,300.000,-1,700.000,700.000,-1,775.000,825.000,-1,-1,2,0,2,0,2,0,0,0,0,2,0,0,2,0,0,2,2
242,-3515.210,7503.014,264.417,-21.939,0.924715,0.373214,-0.074925,-0.367493,0.926586,0.079924,0.099253,-0.046372,0.993981,0,0.48000,0.49335,28.800,0.987,-1,400.000,-1,400.000,-1,325.000,325.000,300.000,300.000,-1,725.000,725.000,-1,775.000,825.000,-1,-1,2,0,2,0,2,0,0,0,0,2,0,0,2,0,0,2,2
243,-3483.831,7491.000,267.694,-20.951,0.931045,0.357150,-0.074830,-0.351395,0.932803,0.079999,0.098373,-0.048188,0.993982,0,0.56000,0.49400,33.600,0.988,-1,400.000,-1,400.000,-1,325.000,325.000,300.000,300.000,-1,750.000,775.000,-1,775.000,825.000,-1,-1,2,0,2,0,2,0,0,0,0,2,0,0,2,0,0,2,2
244,-3447.738,7477.893,271.401,-19.961,0.937106,0.340952,-0.074732,-0.335167,0.938752,0.080046,0.097446,-0.049964,0.993986,0,0.64000,0.49496,38.400,0.990,-1,400.000,-1,400.000,-1,325.000,325.000,300.000,300.000,-1,800.000,800.000,-1,775.000,850.000,-1,-1,2,0,2,0,2,0,0,0,0,2,0,0,2,0,0,2,2
245,-3406.884,7463.852,275.528,-18.968,0.942899,0.324610,-0.074628,-0.318803,0.944435,0.080048,0.096465,-0.051686,0.993993,0,0.72000,0.49630,43.200,0.993,-1,400.000,-1,400.000,-1,325.000,325.000,300.000,300.000,-1,850.000,850.000,-1,775.000,850.000,-1,-1,2,0,2,0,2,0,0,0,0,2,0,0,2,0,0,2,2
246,-3361.226,7449.042,280.106,-17.972,0.948432,0.308116,-0.074438,-0.302318,0.949862,0.079790,0.095290,-0.053171,0.994028,0,0.80000,0.49811,48.000,0.996,-1,400.000,-1,400.000,-1,325.000,325.000,300.000,300.000,-1,900.000,925.000,-1,775.000,850.000,-1,-1,2,0,2,0,2,0,0,0,0,2,0,0,2,0,0,2,2
247,-3314.047,7434.645,284.750,-16.971,0.953716,0.291453,-0.074038,-0.285685,0.955024,0.079455,0.093866,-0.054626,0.994085,0,0.82212,0.50047,49.327,1.001,-1,400.000,-1,400.000,-1,325.000,325.000,300.000,300.000,-1,975.000,1000.000,-1,775.000,875.000,-1,-1,2,0,2,0,2,0,0,0,0,2,0,0,2,0,0,2,2
248,-3262.072,7419.536,289.771,-16.210,0.957555,0.278728,-0.073483,-0.273007,0.958754,0.079103,0.092501,-0.055684,0.994154,0,0.90212,0.38047,54.127,0.761,-1,400.000,-1,400.000,-1,325.000,325.000,300.000,300.000,-1,-1,-1,-1,775.000,875.000,-1,-1,2,0,2,0,2,0,0,0,0,2,2,2,2,0,0,2,2
249,-3209.120,7404.663,294.814,-15.689,0.960094,0.269991,-0.072962,-0.264331,0.961220,0.078643,0.091366,-0.056218,0.994229,0,0.91668,0.26047,55.001,0.521,-1,400.000,-1,400.000,-1,325.000,325.000,300.000,300.000,-1,-1,-1,-1,775.000,875.000,-1,-1,2,0,2,0,2,0,0,0,0,2,2,2,2,0,0,2,2
250,-3156.199,7390.078,299.703,-15.408,0.961451,0.265280,-0.072385,-0.259734,0.962550,0.077688,0.090283,-0.055893,0.994347,0,0.91491,0.14047,54.895,0.281,-1,400.000,-1,400.000,-1,325.000,325.000,300.000,300.000,-1,-1,-1,-1,775.000,875.000,-1,-1,2,0,2,0,2,0,0,0,0,2,2,2,2,0,0,2,2
251,-3103.323,7375.554,304.539,-15.359,0.961719,0.264468,-0.071782,-0.259057,0.962822,0.076567,0.089363,-0.055041,0.994477,0,0.91390,0.02452,54.834,0.049,-1,400.000,-1,400.000,-1,325.000,325.000,300.000,300.000,-1,-1,-1,-1,775.000,875.000,-1,-1,2,0,2,0,2,0,0,0,0,2,2,2,2,0,0,2,2
252,-3050.452,7361.088,309.333,-15.302,0.962031,0.263511,-0.071123,-0.258238,0.963134,0.075411,0.088373,-0.054181,0.994613,0,0.91357,0.02884,54.814,0.058,-1,400.000,-1,425.000,-1,325.000,325.000,300.000,300.000,-1,-1,-1,-1,775.000,875.000,-1,-1,2,0,2,0,2,0,0,0,0,2,2,2,2,0,0,2,2
253,-2997.562,7346.684,314.082,-15.235,0.962388,0.262401,-0.070397,-0.257270,0.963485,0.074226,0.087303,-0.053323,0.994754,0,0.91362,0.03339,54.817,0.067,-1,400.000,-1,425.000,-1,325.000,325.000,300.000,300.000,-1,-1,-1,-1,775.000,875.000,-1,-1,2,0,2,0,2,0,0,0,0,2,2,2,2,0,0,2,2
254,-2944.629,7332.343,318.799,-15.158,0.962788,0.261129,-0.069643,-0.256146,0.963879,0.072983,0.086186,-0.052428,0.994899,0,0.91402,0.03816,54.841,0.076,-1,400.000,-1,400.000,-1,325.000,325.000,300.000,300.000,-1,-1,-1,-1,775.000,875.000,-1,-1,2,0,2,0,2,0,0,0,0,2,2,2,2,0,0,2,2
255,-2891.630,7318.070,323.485,-15.072,0.963234,0.259690,-0.068863,-0.254858,0.964318,0.071681,0.085021,-0.051495,0.995048,0,0.91479,0.04315,54.887,0.086,-1,400.000,-1,400.000,-1,325.000,325.000,300.000,300.000,-1,-1,-1,-1,775.000,875.000,-1,-1,2,0,2,0,2,0,0,0,0,2,2,2,2,0,0,2,2
256,-2838.543,7303.870,328.141,-14.975,0.963725,0.258075,-0.068056,-0.253398,0.964803,0.070321,0.083808,-0.050525,0.995200,0,0.91590,0.04834,54.954,0.097,-1,400.000,-1,400.000,-1,325.000,325.000,300.000,300.000,-1,-1,-1,-1,775.000,875.000,-1,-1,2,0,2,0,2,0,0,0,0,2,2,2,2,0,0,2,2
257,-2785.345,7289.746,332.770,-14.868,0.964263,0.256278,-0.067221,-0.251759,0.965334,0.068903,0.082549,-0.049517,0.995356,0,0.91736,0.05373,55.042,0.107,-1,400.000,-1,400.000,-1,325.000,325.000,300.000,300.000,-1,-1,-1,-1,775.000,850.000,-1,-1,2,0,2,0,2,0,0,0,0,2,2,2,2,0,0,2,2
258,-2732.013,7275.706,337.372,-14.749,0.964848,0.254292,-0.066358,-0.249935,0.965912,0.067425,0.081242,-0.048470,0.995515,0,0.91915,0.05931,55.149,0.119,-1,400.000,-1,400.000,-1,325.000,325.000,300.000,300.000,-1,-1,-1,-1,775.000,850.000,-1,-1,2,0,2,0,2,0,0,0,0,2,2,2,2,0,0,2,2
259,-2673.975,7260.692,342.277,-14.503,0.965993,0.250148,-0.065450,-0.245946,0.967034,0.065991,0.079799,-0.047649,0.995671,0,0.99915,0.12314,59.949,0.246,-1,400.000,-1,400.000,-1,325.000,325.000,300.000,300.000,-1,-1,-1,-1,975.000,850.000,-1,-1,2,0,2,0,2,0,0,0,0,2,2,2,2,1,0,2,2
260,-2615.823,7245.917,347.001,-14.257,0.967148,0.245989,-0.064138,-0.241926,0.968116,0.064980,0.078078,-0.047329,0.995823,0,1.00000,0.12325,60.000,0.247,-1,400.000,-1,400.000,-1,325.000,325.000,300.000,300.000,-1,-1,-1,-1,-1,-1,-1,-1,2,0,2,0,2,0,0,0,0,2,2,2,2,2,2,2,2
261,-2557.608,7231.391,351.630,-14.010,0.968272,0.241825,-0.063013,-0.237903,0.969191,0.063800,0.076501,-0.046785,0.995971,0,1.00000,0.12332,60.000,0.247,-1,400.000,-1,400.000,-1,325.000,325.000,300.000,300.000,-1,-1,-1,-1,-1,-1,-1,-1,2,0,2,0,2,0,0,0,0,2,2,2,2,2,2,2,2
262,-2499.331,7217.117,356.140,-13.763,0.969359,0.237661,-0.062138,-0.233884,0.970262,0.062371,0.075114,-0.045926,0.996117,0,1.00000,0.12332,60.000,0.247,-1,400.000,-1,400.000,-1,325.000,325.000,300.000,300.000,-1,-1,-1,-1,-1,-1,-1,-1,2,0,2,0,2,0,0,0,0,2,2,2,2,2,2,2,2
263,-2440.993,7203.093,360.603,-13.517,0.970424,0.233493,-0.061300,-0.229857,0.971314,0.060942,0.073771,-0.045049,0.996257,0,1.00000,0.12327,60.000,0.247,-1,400.000,-1,400.000,-1,325.000,325.000,300.000,300.000,-1,-1,-1,-1,-1,-1,-1,-1,2,0,2,0,2,0,0,0,0,2,2,2,2,2,2,2,2
264,-2382.596,7189.320,364.991,-13.270,0.971467,0.229324,-0.060519,-0.225821,0.972346,0.059559,0.072504,-0.044193,0.996389,0,1.00000,0.12315,60.000,0.246,-1,400.000,-1,400.000,-1,325.000,325.000,300.000,300.000,-1,-1,-1,-1,-1,-1,-1,-1,2,0,2,0,2,0,0,0,0,2,2,2,2,2,2,2,2
265,-2324.139,7175.798,369.334,-13.025,0.972487,0.225157,-0.059784,-0.221781,0.973358,0.058197,0.071294,-0.043336,0.996513,0,1.00000,0.12297,60.000,0.246,-1,400.000,-1,400.000,-1,325.000,325.000,300.000,300.000,-1,-1,-1,-1,-1,-1,-1,-1,2,1,2,0,2,0,0,0,0,2,2,2,2,2,2,2,2
266,-2265.626,7162.526,373.636,-12.779,0.973483,0.220993,-0.059095,-0.217738,0.974350,0.056860,0.070145,-0.042485,0.996632,0,1.00000,0.12272,60.000,0.245,-1,500.000,-1,400.000,-1,325.000,325.000,300.000,300.000,-1,-1,-1,-1,-1,-1,-1,-1,2,1,2,0,2,0,0,0,0,2,2,2,2,2,2,2,2
267,-2207.056,7149.504,377.896,-12.534,0.974456,0.216836,-0.058454,-0.213696,0.975320,0.055548,0.069056,-0.041638,0.996743,0,1.00000,0.12239,60.000,0.245,-1,600.000,-1,-1,-1,425.000,-1,300.000,300.000,-1,-1,-1,-1,-1,-1,-1,-1,2,1,2,2,2,1,2,0,0,2,2,2,2,2,2,2,2
268,-2148.432,7136.732,382.115,-12.290,0.975406,0.212688,-0.057858,-0.209658,0.976268,0.054260,0.068026,-0.040796,0.996849,0,1.00000,0.12199,60.000,0.244,-1,675.000,-1,-1,-1,-1,-1,300.000,300.000,-1,-1,-1,-1,-1,-1,-1,-1,2,1,2,2,2,2,2,0,0,2,2,2,2,2,2,2,2
269,-2089.753,7124.209,386.295,-12.047,0.976331,0.208553,-0.057307,-0.205627,0.977195,0.052995,0.067053,-0.039957,0.996949,0,1.00000,0.12151,60.000,0.243,-1,775.000,-1,-1,-1,-1,-1,300.000,300.000,-1,-1,-1,-1,-1,-1,-1,-1,2,1,2,2,2,2,2,0,0,2,2,2,2,2,2,2,2
270,-2031.023,7111.933,390.421,-11.805,0.977229,0.204432,-0.056833,-0.201600,0.978096,0.051816,0.066181,-0.039178,0.997038,0,1.00000,0.12093,60.000,0.242,-1,875.000,-1,-1,-1,-1,-1,300.000,300.000,-1,-1,-1,-1,-1,-1,-1,-1,2,1,2,2,2,2,2,0,0,2,2,2,2,2,2,2,2
271,-1972.241,7099.908,392.820,-11.565,0.978451,0.200273,-0.050249,-0.197422,0.978691,0.056464,0.060486,-0.045327,0.997139,0,1.00000,0.12025,60.000,0.241,-1,900.000,-1,-1,-1,-1,-1,275.000,300.000,-1,-1,-1,-1,-1,-1,-1,-1,2,1,2,2,2,2,2,0,0,2,2,2,2,2,2,2,2
272,-1913.409,7088.130,394.311,-11.326,0.979759,0.196094,-0.040242,-0.193317,0.979040,0.064105,0.051969,-0.055028,0.997131,0,1.00000,0.11946,60.000,0.239,-1,925.000,-1,-1,-1,-1,-1,275.000,325.000,-1,-1,-1,-1,-1,-1,-1,-1,2,1,2,2,2,2,2,0,0,2,2,2,2,2,2,2,2
273,-1854.534,7076.585,387.297,-11.089,0.981287,0.192217,-0.011372,-0.191675,0.980739,0.037572,0.018375,-0.034689,0.999229,0,1.00000,0.11854,60.000,0.237,725.000,825.000,-1,-1,-1,-1,-1,250.000,250.000,-1,-1,-1,-1,-1,-1,-1,-1,1,1,2,2,2,2,2,0,0,2,2,2,2,2,2,2,2
274,1639.825,327.942,543.528,175.350,-0.995235,-0.080952,0.054355,0.083660,-0.995262,0.049550,0.050086,0.053861,0.997292,1,0.00000,0.00000,60.000,0.235,725.000,425.000,-1,400.000,-1,350.000,325.000,350.000,225.000,-1,0.000,0.000,-1,675.000,925.000,775.000,-1,1,1,2,0,2,0,0,0,0,2,0,1,2,1,0,1,2
275,1644.608,327.532,543.353,175.110,-0.994864,-0.085119,0.054780,0.087852,-0.994899,0.049578,0.050281,0.054135,0.997267,0,-0.08000,-0.12000,-4.800,-0.240,725.000,425.000,-1,400.000,-1,350.000,325.000,350.000,225.000,-1,0.000,0.000,-1,700.000,925.000,800.000,-1,1,1,2,0,2,0,0,0,1,2,0,1,2,1,0,1,2
276,1654.165,326.633,543.021,174.630,-0.994071,-0.093448,0.055587,0.096225,-0.994125,0.049568,0.050628,0.054623,0.997223,0,-0.16000,-0.24000,-9.600,-0.480,750.000,425.000,-1,425.000,-1,350.000,325.000,350.000,250.000,-1,0.000,0.000,-1,700.000,925.000,800.000,-1,1,1,2,0,2,0,0,0,1,2,0,1,2,1,0,1,2
277,1668.484,325.105,542.564,173.910,-0.992757,-0.105929,0.056684,0.108759,-0.992840,0.049393,0.051046,0.055200,0.997170,0,-0.24000,-0.36000,-14.400,-0.720,750.000,425.000,-1,425.000,-1,350.000,325.000,350.000,250.000,-1,0.000,0.000,-1,700.000,925.000,825.000,-1,1,1,2,0,2,0,0,0,1,2,0,1,2,1,0,1,2
278,1687.538,322.748,542.033,172.950,-0.990771,-0.122546,0.057920,0.125418,-0.990900,0.048866,0.051404,0.055679,0.997125,0,-0.32000,-0.48000,-19.200,-0.960,775.000,425.000,-1,425.000,-1,350.000,325.000,350.000,275.000,-1,0.000,0.000,-1,725.000,950.000,875.000,-1,1,1,2,0,2,0,0,0,1,2,0,1,2,1,0,1,2
279,1711.289,319.304,541.498,171.750,-0.987920,-0.143270,0.059059,0.146151,-0.988110,0.047740,0.051517,0.055795,0.997112,0,-0.40000,-0.60000,-24.000,-1.200,800.000,450.000,-1,425.000,-1,350.000,325.000,350.000,300.000,-1,0.000,0.000,-1,750.000,950.000,925.000,-1,1,1,2,0,2,0,0,0,1,2,0,0,2,1,0,1,2
280,1739.678,314.458,541.053,170.310,-0.983963,-0.168061,0.059762,0.170884,-0.984230,0.045719,0.051136,0.055198,0.997165,0,-0.48000,-0.72000,-28.800,-1.440,825.000,450.000,-1,425.000,-1,350.000,325.000,350.000,350.000,-1,0.000,0.000,-1,775.000,950.000,975.000,-1,1,0,2,0,2,0,0,0,1,2,0,0,2,1,0,1,2
281,1772.618,307.835,540.817,168.630,-0.978621,-0.196863,0.059546,0.199518,-0.978973,0.042470,0.049934,0.053442,0.997322,0,-0.56000,-0.84000,-33.600,-1.680,850.000,450.000,-1,425.000,-1,350.000,350.000,350.000,425.000,-1,0.000,0.000,-1,800.000,950.000,-1,-1,1,0,2,0,2,0,0,0,1,2,0,0,2,1,0,2,2
282,1808.117,299.453,540.971,166.710,-0.971571,-0.229593,0.057766,0.231936,-0.972000,0.037705,0.047492,0.050032,0.997618,0,-0.60793,-0.96000,-36.476,-1.920,875.000,425.000,-1,425.000,-1,350.000,350.000,350.000,550.000,-1,0.000,0.000,-1,825.000,950.000,-1,-1,1,0,2,0,2,0,0,0,1,2,0,0,2,1,0,2,2
283,1841.834,290.265,541.566,164.750,-0.963334,-0.262766,0.054243,0.264693,-0.963804,0.031940,0.043887,0.045126,0.998017,0,-0.58245,-0.98008,-34.947,-1.960,900.000,425.000,-1,425.000,-1,350.000,325.000,350.000,950.000,-1,0.000,0.000,-1,850.000,950.000,-1,-1,1,0,2,0,2,0,0,0,1,2,0,0,2,1,0,2,2
284,1873.641,280.412,542.574,162.780,-0.953989,-0.295819,0.048953,0.297269,-0.954454,0.025455,0.039193,0.038836,0.998477,0,-0.55497,-0.98493,-33.298,-1.970,900.000,425.000,-1,425.000,-1,325.000,325.000,325.000,-1,-1,0.000,0.000,-1,850.000,950.000,-1,-1,1,0,2,0,2,0,0,0,2,2,0,0,2,1,0,2,2
285,1903.462,270.031,542.417,160.803,-0.943648,-0.328594,0.039428,0.329692,-0.943744,0.025489,0.028835,0.037052,0.998897,0,-0.52625,-0.98855,-31.575,-1.977,900.000,400.000,-1,400.000,-1,325.000,325.000,325.000,-1,-1,0.000,0.000,-1,800.000,875.000,-1,-1,1,0,2,0,2,0,0,0,2,2,0,0,2,1,0,2,2
286,1928.426,260.352,542.636,158.803,-0.931972,-0.361365,0.029053,0.362092,-0.931792,0.025567,0.017832,0.034348,0.999251,0,-0.44625,-1.00000,-26.775,-2.000,875.000,375.000,-1,375.000,-1,300.000,300.000,325.000,-1,-1,300.000,0.000,-1,750.000,800.000,-1,-1,1,0,2,0,2,0,0,0,2,2,0,0,2,1,0,2,2
287,1948.626,251.698,543.380,156.803,-0.919055,-0.393717,0.018028,0.394073,-0.918736,0.025104,0.006680,0.030176,0.999522,0,-0.36625,-1.00000,-21.975,-2.000,850.000,350.000,-1,375.000,-1,300.000,300.000,325.000,-1,-1,700.000,350.000,-1,700.000,725.000,-1,-1,1,0,2,0,2,0,0,0,2,2,0,0,2,0,0,2,2
288,1964.168,244.389,544.493,154.803,-0.904886,-0.425600,0.006780,0.425632,-0.904563,0.024558,-0.004319,0.025108,0.999675,0,-0.28625,-1.00000,-17.175,-2.000,825.000,350.000,-1,350.000,-1,275.000,275.000,325.000,-1,-1,-1,-1,-1,650.000,700.000,-1,-1,1,0,2,0,2,0,0,0,2,2,2,2,2,0,0,2,2
289,1975.174,238.732,543.537,152.803,-0.889514,-0.456873,0.005588,0.456834,-0.889088,0.028720,-0.008153,0.028100,0.999572,0,-0.20625,-1.00000,-12.375,-2.000,825.000,350.000,-1,350.000,-1,275.000,275.000,325.000,-1,-1,-1,-1,-1,625.000,650.000,-1,-1,1,0,2,0,2,0,0,0,2,2,2,2,2,0,0,2,2
290,1981.786,235.036,542.534,150.803,-0.873063,-0.487571,0.005938,0.487484,-0.872507,0.033021,-0.010920,0.031724,0.999437,0,-0.12625,-1.00000,-7.575,-2.000,850.000,325.000,-1,325.000,-1,275.000,275.000,325.000,-1,-1,-1,-1,-1,625.000,625.000,-1,-1,1,0,2,0,2,0,0,0,2,2,2,2,2,0,0,2,2
291,1984.159,233.598,541.694,148.803,-0.855558,-0.517663,0.006769,0.517534,-0.854860,0.037051,-0.013393,0.035203,0.999290,0,-0.04625,-1.00000,-2.775,-2.000,900.000,325.000,-1,325.000,-1,275.000,275.000,325.000,-1,-1,-1,-1,-1,625.000,625.000,-1,-1,1,0,2,0,2,0,0,0,2,2,2,2,2,0,0,2,2
292,1982.464,234.705,540.994,146.803,-0.837020,-0.547113,0.008030,0.546948,-0.836168,0.040874,-0.015648,0.038605,0.999132,0,0.03375,-1.00000,2.025,-2.000,1000.000,325.000,-1,325.000,-1,275.000,275.000,325.000,-1,-1,-1,-1,-1,625.000,600.000,-1,-1,1,0,2,0,2,0,0,0,2,2,2,2,2,0,0,2,2
293,1976.886,238.638,540.413,144.803,-0.817475,-0.575883,0.009678,0.575691,-0.816453,0.044537,-0.017746,0.041979,0.998961,0,0.11375,-1.00000,6.825,-2.000,-1,325.000,-1,325.000,-1,275.000,275.000,325.000,-1,-1,-1,-1,-1,625.000,575.000,-1,-1,2,0,2,0,2,0,0,0,2,2,2,2,2,0,0,2,2
294,1967.625,245.665,539.936,142.803,-0.796946,-0.603937,0.011676,0.603728,-0.795741,0.048059,-0.019734,0.045350,0.998776,0,0.19375,-1.00000,11.625,-2.000,-1,325.000,-1,300.000,-1,275.000,250.000,325.000,-1,-1,-1,-1,-1,625.000,575.000,-1,-1,2,0,2,0,2,0,0,0,2,2,2,2,2,0,0,2,2
295,1954.894,256.045,539.551,140.803,-0.775461,-0.631240,0.013990,0.631024,-0.774056,0.051434,-0.021638,0.048712,0.998578,0,0.27375,-1.00000,16.425,-2.000,-1,325.000,-1,300.000,-1,275.000,250.000,325.000,-1,-1,-1,-1,-1,625.000,550.000,-1,-1,2,0,2,0,2,0,0,0,2,2,2,2,2,0,0,2,2
296,1938.922,270.024,539.255,138.803,-0.753045,-0.657760,0.016579,0.657550,-0.751429,0.054620,-0.023468,0.052033,0.998370,0,0.35375,-1.00000,21.225,-2.000,-1,325.000,-1,300.000,875.000,275.000,250.000,325.000,-1,-1,-1,-1,-1,625.000,550.000,-1,-1,2,0,2,0,0,0,0,0,2,2,2,2,2,0,0,2,2
297,1919.948,287.837,539.046,136.803,-0.729725,-0.683465,0.019396,0.683275,-0.727889,0.057548,-0.025214,0.055247,0.998154,0,0.43375,-1.00000,26.025,-2.000,-1,325.000,-1,300.000,900.000,275.000,250.000,325.000,-1,-1,-1,-1,-1,625.000,550.000,-1,-1,2,0,2,0,1,0,0,0,2,2,2,2,2,0,0,2,2
298,1898.226,309.708,538.821,134.803,-0.705526,-0.708349,0.021798,0.708162,-0.703491,0.060055,-0.027206,0.057807,0.997957,0,0.51375,-1.00000,30.825,-2.000,-1,325.000,-1,300.000,950.000,275.000,250.000,325.000,-1,-1,-1,-1,-1,650.000,525.000,-1,-1,2,0,2,0,1,0,0,0,2,2,2,2,2,0,0,2,2
299,1874.019,335.846,538.771,132.803,-0.680469,-0.732416,0.022975,0.732168,-0.678293,0.062032,-0.029850,0.059032,0.997810,0,0.59375,-1.00000,35.625,-2.000,-1,325.000,-1,300.000,-1,250.000,250.000,325.000,-1,-1,-1,-1,-1,650.000,525.000,-1,850.000,2,0,2,0,2,0,0,0,2,2,2,2,2,0,0,2,0
