timestep,x_cm,y_cm,z_cm,yaw_deg,basis_xx,basis_xy,basis_xz,basis_yx,basis_yy,basis_yz,basis_zx,basis_zy,basis_zz,teleport_flag,throttle_cmd,steering_cmd,cmd_move_cm,cmd_turn_deg,lidar_cm_0,lidar_cm_1,lidar_cm_2,lidar_cm_3,lidar_cm_4,lidar_cm_5,lidar_cm_6,lidar_cm_7,lidar_cm_8,lidar_cm_9,lidar_cm_10,lidar_cm_11,lidar_cm_12,lidar_cm_13,lidar_cm_14,lidar_cm_15,lidar_cm_16,lidar_class_0,lidar_class_1,lidar_class_2,lidar_class_3,lidar_class_4,lidar_class_5,lidar_class_6,lidar_class_7,lidar_class_8,lidar_class_9,lidar_class_10,lidar_class_11,lidar_class_12,lidar_class_13,lidar_class_14,lidar_class_15,lidar_class_16
0,8203.548,5577.354,-68.866,23.654,0.916029,-0.401098,0.003387,0.400865,0.915728,0.027368,-0.014079,-0.023712,0.999620,1,0.08000,-0.12000,4.800,-0.240,-1,375.000,-1,375.000,-1,300.000,300.000,325.000,300.000,-1,825.000,950.000,-1,650.000,650.000,-1,-1,2,0,2,0,2,0,0,0,0,2,0,0,2,0,0,2,2
1,8212.372,5581.135,-68.970,23.198,0.919191,-0.393802,0.002880,0.393589,0.918890,0.027021,-0.013287,-0.023704,0.999631,0,0.16000,-0.22785,9.600,-0.456,-1,375.000,-1,375.000,-1,300.000,300.000,325.000,300.000,-1,750.000,850.000,-1,650.000,650.000,-1,-1,2,0,2,0,2,0,0,0,0,2,0,0,2,0,0,2,2
2,8225.653,5586.700,-69.127,22.734,0.922349,-0.386351,0.002130,0.386164,0.922049,0.026521,-0.012211,-0.023639,0.999646,0,0.24000,-0.23191,14.400,-0.464,-1,375.000,-1,375.000,-1,300.000,300.000,325.000,300.000,-1,675.000,750.000,-1,650.000,650.000,-1,-1,2,0,2,0,2,0,0,0,0,2,0,0,2,0,0,2,2
3,8243.422,5593.973,-69.333,22.258,0.925527,-0.378679,0.001133,0.378525,0.925229,0.025869,-0.010844,-0.023514,0.999665,0,0.32000,-0.23801,19.200,-0.476,-1,375.000,-1,375.000,-1,300.000,300.000,325.000,300.000,-1,600.000,650.000,-1,650.000,650.000,-1,-1,2,0,2,0,2,0,0,0,0,2,0,0,2,0,0,2,2
4,8265.711,5602.872,-69.585,21.766,0.928746,-0.370717,-0.000119,0.370604,0.928453,0.025061,-0.009180,-0.023319,0.999686,0,0.40000,-0.24613,24.000,-0.492,-1,375.000,-1,375.000,-1,300.000,300.000,325.000,300.000,-1,525.000,575.000,-1,650.000,650.000,-1,-1,2,0,2,0,2,0,0,0,0,2,0,0,2,0,0,2,2
5,8292.552,5613.312,-69.876,21.253,0.932022,-0.362398,-0.001632,0.362330,0.931738,0.024093,-0.007210,-0.023047,0.999708,0,0.48000,-0.25630,28.800,-0.513,-1,375.000,-1,375.000,-1,300.000,300.000,325.000,300.000,-1,475.000,500.000,-1,650.000,650.000,-1,-1,2,0,2,0,2,0,0,0,0,2,0,0,2,0,0,2,2
6,8323.980,5625.197,-70.202,20.716,0.935371,-0.353653,-0.003416,0.353635,0.935102,0.022962,-0.004927,-0.022686,0.999730,0,0.56000,-0.26850,33.600,-0.537,-1,375.000,-1,375.000,-1,300.000,300.000,325.000,300.000,-1,425.000,450.000,-1,650.000,650.000,-1,-1,2,0,2,0,2,0,0,0,0,2,0,0,2,0,0,2,2
7,8360.028,5638.430,-70.557,20.158,0.938760,-0.344527,-0.005479,0.344563,0.938513,0.021664,-0.002322,-0.022226,0.999750,0,0.64000,-0.27918,38.400,-0.558,-1,375.000,-1,375.000,-1,300.000,300.000,325.000,300.000,-1,400.000,400.000,-1,650.000,650.000,-1,-1,2,0,2,0,2,0,0,0,0,2,0,0,2,0,0,2,2
8,8400.725,5652.921,-70.934,19.600,0.942054,-0.335369,-0.007830,0.335460,0.941838,0.020192,0.000603,-0.021649,0.999765,0,0.72000,-0.27918,43.200,-0.558,-1,375.000,-1,375.000,-1,300.000,300.000,325.000,300.000,-1,350.000,350.000,-1,650.000,675.000,-1,-1,2,0,2,0,2,0,0,0,0,2,0,0,2,0,0,2,2
9,8446.099,5668.581,-71.157,19.041,0.945254,-0.326175,-0.010211,0.326318,0.945063,0.019294,0.003357,-0.021569,0.999762,0,0.80000,-0.27918,48.000,-0.558,-1,375.000,-1,375.000,-1,300.000,300.000,325.000,300.000,-1,350.000,350.000,-1,650.000,675.000,-1,-1,2,0,2,0,2,0,0,0,0,2,0,0,2,0,0,2,2
10,8496.175,5685.320,-71.069,18.483,0.948353,-0.316943,-0.013189,0.317154,0.948177,0.019353,0.006372,-0.022537,0.999726,0,0.88000,-0.27918,52.800,-0.558,-1,375.000,-1,375.000,-1,300.000,300.000,325.000,300.000,-1,350.000,350.000,-1,650.000,675.000,-1,-1,2,0,2,0,2,0,0,0,0,2,0,0,2,0,0,2,2
11,8549.274,5702.496,-70.790,17.925,0.951342,-0.307677,-0.016801,0.307978,0.951187,0.019842,0.009876,-0.024051,0.999662,0,0.93013,-0.27918,55.808,-0.558,-1,375.000,-1,375.000,-1,300.000,300.000,300.000,300.000,-1,350.000,350.000,-1,650.000,700.000,-1,-1,2,0,2,0,2,0,0,0,0,2,0,0,2,0,0,2,2
12,8602.539,5719.154,-70.281,17.366,0.954240,-0.298386,-0.019764,0.298763,0.954117,0.020024,0.012882,-0.025012,0.999604,0,0.93013,-0.27918,55.808,-0.558,-1,375.000,-1,375.000,-1,300.000,300.000,300.000,325.000,-1,350.000,350.000,-1,650.000,725.000,-1,-1,2,0,2,0,2,0,0,0,0,2,0,0,2,0,0,2,2
13,8655.963,5735.291,-69.209,16.808,0.957061,-0.289081,-0.021603,0.289483,0.957003,0.018561,0.015308,-0.024018,0.999594,0,0.93013,-0.27918,55.808,-0.558,-1,375.000,-1,375.000,-1,300.000,300.000,300.000,325.000,-1,375.000,375.000,-1,650.000,750.000,-1,-1,2,0,2,0,2,0,0,0,0,2,0,0,2,0,0,2,2
14,8709.541,5750.907,-67.980,16.250,0.959781,-0.279751,-0.023641,0.280168,0.959807,0.016638,0.018036,-0.022593,0.999582,0,0.93013,-0.27918,55.808,-0.558,-1,375.000,-1,375.000,-1,300.000,300.000,300.000,325.000,-1,400.000,400.000,-1,675.000,775.000,-1,-1,2,0,2,0,2,0,0,0,0,2,0,0,2,0,0,2,2
15,8762.694,5766.079,-66.719,15.931,0.961267,-0.274421,-0.025663,0.274847,0.961374,0.014823,0.020604,-0.021302,0.999561,0,0.92126,-0.15918,55.276,-0.318,-1,375.000,-1,375.000,-1,300.000,300.000,300.000,300.000,-1,425.000,425.000,-1,700.000,800.000,-1,-1,2,0,2,0,2,0,0,0,0,2,0,0,2,0,0,2,2
16,8815.868,5781.178,-65.421,15.853,0.961584,-0.273113,-0.027680,0.273542,0.961771,0.013073,0.023051,-0.020143,0.999531,0,0.92126,-0.03918,55.276,-0.078,-1,375.000,-1,375.000,-1,300.000,300.000,300.000,300.000,-1,450.000,450.000,-1,725.000,825.000,-1,-1,2,0,2,0,2,0,0,0,0,2,0,0,2,0,0,2,2
17,8868.999,5796.427,-64.089,16.015,0.960748,-0.275831,-0.029687,0.276259,0.961016,0.011364,0.025395,-0.019119,0.999495,0,0.92126,0.08082,55.276,0.162,-1,375.000,-1,400.000,-1,300.000,300.000,300.000,300.000,-1,475.000,475.000,-1,750.000,850.000,-1,-1,2,0,2,0,2,0,0,0,0,2,0,0,2,0,0,2,2
18,8922.021,5812.049,-62.731,16.416,0.958725,-0.282565,-0.031678,0.282988,0.959075,0.009670,0.027649,-0.018235,0.999451,0,0.92126,0.20082,55.276,0.402,-1,375.000,-1,400.000,-1,300.000,325.000,300.000,300.000,-1,500.000,500.000,-1,775.000,875.000,-1,-1,2,0,2,0,2,0,0,0,0,2,0,0,2,0,0,2,2
19,8974.866,5828.263,-61.349,17.058,0.955431,-0.293291,-0.033647,0.293705,0.955863,0.007970,0.029824,-0.017497,0.999402,0,0.92126,0.32082,55.276,0.642,-1,375.000,-1,400.000,-1,325.000,325.000,300.000,300.000,-1,525.000,500.000,-1,800.000,925.000,-1,-1,2,0,2,0,2,0,0,0,0,2,0,0,2,0,0,2,2
20,9027.454,5845.289,-59.948,17.939,0.950731,-0.307968,-0.035587,0.308368,0.951247,0.006243,0.031930,-0.016909,0.999347,0,0.92126,0.44082,55.276,0.882,-1,400.000,-1,425.000,-1,325.000,325.000,300.000,300.000,-1,525.000,475.000,-1,825.000,975.000,-1,-1,2,0,2,0,2,0,0,0,0,2,0,0,2,0,0,2,2
21,9079.761,5863.161,-58.521,18.865,0.945554,-0.323298,-0.037489,0.323682,0.946155,0.004508,0.034013,-0.016397,0.999287,0,0.92126,0.46284,55.276,0.926,-1,400.000,-1,425.000,-1,325.000,325.000,300.000,300.000,-1,475.000,450.000,-1,850.000,-1,-1,-1,2,0,2,0,2,0,0,0,0,2,0,0,2,0,2,2,2
22,9131.772,5881.877,-56.834,19.791,0.940164,-0.338541,-0.038498,0.338921,0.940808,0.003620,0.034994,-0.016452,0.999252,0,0.92126,0.46284,55.276,0.926,-1,400.000,-1,425.000,-1,325.000,350.000,300.000,300.000,-1,475.000,450.000,-1,875.000,-1,-1,-1,2,0,2,0,2,0,0,0,0,2,0,0,2,0,2,2,2
23,9183.473,5901.430,-55.654,20.716,0.934611,-0.353707,-0.037322,0.354000,0.935244,0.001340,0.034431,-0.014465,0.999302,0,0.92126,0.46284,55.276,0.926,-1,400.000,-1,450.000,-1,325.000,350.000,300.000,300.000,-1,525.000,475.000,-1,875.000,-1,-1,-1,2,0,2,0,2,0,0,0,0,2,0,0,2,0,2,2,2
24,9234.852,5921.816,-54.467,21.642,0.928817,-0.368780,-0.036073,0.368992,0.929432,-0.000812,0.033827,-0.012556,0.999349,0,0.92126,0.46284,55.276,0.926,-1,425.000,-1,450.000,-1,350.000,350.000,300.000,300.000,-1,550.000,500.000,-1,875.000,-1,-1,-1,2,0,2,0,2,0,0,0,0,2,0,0,2,0,2,2,2
25,9285.895,5943.030,-53.086,22.568,0.922807,-0.383757,-0.034027,0.383882,0.923377,-0.003041,0.032587,-0.010256,0.999416,0,0.92126,0.46284,55.276,0.926,-1,425.000,-1,450.000,-1,350.000,350.000,300.000,300.000,-1,625.000,575.000,-1,900.000,-1,-1,-1,2,0,2,0,2,0,0,0,0,2,0,0,2,0,2,2,2
26,9336.589,5965.065,-51.809,23.494,0.916578,-0.398631,-0.031286,0.398698,0.917072,-0.004351,0.030425,-0.008486,0.999501,0,0.92126,0.46284,55.276,0.926,-1,425.000,-1,450.000,-1,350.000,350.000,300.000,300.000,-1,750.000,650.000,-1,900.000,-1,-1,-1,2,0,2,0,2,0,0,0,0,2,0,0,2,0,2,2,2
27,9386.920,5987.917,-50.860,24.419,0.910118,-0.413396,-0.028083,0.413459,0.910515,-0.003784,0.027134,-0.008167,0.999598,0,0.92126,0.46284,55.276,0.926,-1,425.000,-1,425.000,-1,350.000,350.000,300.000,300.000,-1,900.000,775.000,-1,900.000,-1,-1,-1,2,0,2,0,2,0,0,0,0,2,0,0,2,0,2,2,2
28,9436.875,6011.578,-49.898,25.345,0.903410,-0.428053,-0.024919,0.428114,0.903719,-0.003069,0.023834,-0.007896,0.999685,0,0.92126,0.46284,55.276,0.926,-1,400.000,-1,425.000,-1,325.000,350.000,300.000,300.000,-1,-1,925.000,-1,875.000,-1,-1,-1,2,0,2,0,2,0,0,0,0,2,2,0,2,0,2,2,2
29,9486.441,6036.044,-48.920,26.271,0.896455,-0.442597,-0.021799,0.442658,0.896688,-0.002204,0.020522,-0.007674,0.999760,0,0.92126,0.46284,55.276,0.926,-1,400.000,-1,425.000,-1,325.000,350.000,300.000,300.000,-1,-1,-1,-1,875.000,-1,-1,-1,2,0,2,0,2,0,0,0,0,2,2,2,2,0,2,2,2
30,9535.606,6061.307,-47.927,27.196,0.889256,-0.457027,-0.018725,0.457087,0.889421,-0.001189,0.017198,-0.007502,0.999824,0,0.92126,0.46284,55.276,0.926,-1,400.000,-1,425.000,-1,325.000,325.000,300.000,300.000,-1,-1,-1,-1,875.000,1000.000,-1,-1,2,0,2,0,2,0,0,0,0,2,2,2,2,0,0,2,2
31,9584.356,6087.361,-46.918,28.122,0.881814,-0.471336,-0.015703,0.471394,0.881923,-0.000022,0.013859,-0.007383,0.999877,0,0.92126,0.46284,55.276,0.926,-1,400.000,-1,425.000,-1,325.000,325.000,300.000,325.000,-1,-1,-1,-1,850.000,1000.000,-1,-1,2,0,2,0,2,0,0,0,0,2,2,2,2,0,0,2,2
32,9632.678,6114.199,-45.891,29.048,0.874131,-0.485523,-0.012735,0.485576,0.874193,0.001296,0.010504,-0.007317,0.999918,0,0.92126,0.46284,55.276,0.926,-1,400.000,-1,425.000,-1,325.000,325.000,275.000,325.000,-1,-1,-1,-1,850.000,975.000,-1,-1,2,0,2,0,2,0,0,0,0,2,2,2,2,0,0,2,2
33,9680.561,6141.815,-45.029,29.973,0.866208,-0.499585,-0.009956,0.499625,0.866239,0.001918,0.007666,-0.006636,0.999949,0,0.92126,0.46284,55.276,0.926,-1,400.000,-1,425.000,-1,325.000,325.000,275.000,325.000,-1,-1,-1,-1,850.000,975.000,-1,-1,2,0,2,0,2,0,0,0,0,2,2,2,2,0,0,2,2
34,9727.992,6170.200,-44.611,30.899,0.858045,-0.513521,-0.007417,0.513538,0.858067,0.000401,0.006159,-0.004153,0.999972,0,0.92126,0.46284,55.276,0.926,-1,400.000,-1,425.000,-1,325.000,350.000,275.000,325.000,-1,-1,-1,-1,875.000,975.000,-1,-1,2,0,2,0,2,0,0,0,0,2,2,2,2,0,0,2,2
35,9774.958,6199.348,-44.227,31.825,0.849656,-0.527321,-0.004203,0.527321,0.849665,-0.001213,0.004211,-0.001186,0.999990,0,0.92126,0.46284,55.276,0.926,-1,400.000,-1,425.000,-1,325.000,350.000,275.000,325.000,-1,-1,-1,-1,875.000,950.000,-1,-1,2,0,2,0,2,0,0,0,0,2,2,2,2,0,0,2,2
36,9821.447,6229.251,-44.085,32.750,0.841037,-0.540977,0.000096,0.540975,0.841033,-0.003026,0.001556,0.002597,0.999995,0,0.92126,0.46284,55.276,0.926,-1,400.000,-1,425.000,-1,325.000,350.000,300.000,300.000,-1,-1,-1,-1,875.000,950.000,-1,-1,2,0,2,0,2,0,0,0,0,2,2,2,2,0,0,2,2
37,9867.446,6259.902,-43.949,33.676,0.832182,-0.554485,0.004408,0.554501,0.832170,-0.004640,-0.001096,0.006306,0.999980,0,0.92126,0.46284,55.276,0.926,-1,400.000,-1,425.000,-1,325.000,325.000,300.000,300.000,-1,-1,-1,-1,875.000,925.000,-1,-1,2,0,2,0,2,0,0,0,0,2,2,2,2,0,0,2,2
38,9912.945,6291.291,-43.846,34.602,0.823092,-0.567839,0.008853,0.567895,0.823078,-0.006091,-0.003828,0.010041,0.999942,0,0.92126,0.46284,55.276,0.926,-1,400.000,-1,425.000,-1,325.000,325.000,300.000,300.000,-1,-1,-1,-1,900.000,900.000,-1,-1,2,0,2,0,2,0,0,0,0,2,2,2,2,0,0,2,2
39,9957.930,6323.412,-44.113,35.527,0.813787,-0.581048,0.011558,0.581137,0.813777,-0.006844,-0.005429,0.012286,0.999910,0,0.92126,0.46284,55.276,0.926,-1,400.000,-1,425.000,-1,325.000,325.000,300.000,300.000,-1,-1,-1,-1,900.000,900.000,-1,-1,2,0,2,0,2,0,0,0,0,2,2,2,2,0,0,2,2
40,10002.391,6356.255,-44.564,36.453,0.804274,-0.594107,0.013428,0.594223,0.804268,-0.007231,-0.006503,0.013795,0.999884,0,0.92126,0.46284,55.276,0.926,-1,400.000,-1,425.000,-1,325.000,325.000,300.000,300.000,-1,-1,-1,-1,900.000,900.000,-1,-1,2,0,2,0,2,0,0,0,0,2,2,2,2,0,0,2,2
41,10046.315,6389.812,-45.021,37.379,0.794546,-0.607010,0.015345,0.607156,0.794547,-0.007518,-0.007628,0.015290,0.999854,0,0.92126,0.46284,55.276,0.926,-1,425.000,-1,425.000,-1,325.000,350.000,300.000,300.000,-1,-1,-1,-1,925.000,900.000,-1,-1,2,0,2,0,2,0,0,0,0,2,2,2,2,0,0,2,2
42,10089.691,6424.074,-45.565,38.304,0.784604,-0.619755,0.017307,0.619931,0.784623,-0.007264,-0.009078,0.016429,0.999824,0,0.92126,0.46284,55.276,0.926,-1,425.000,-1,425.000,-1,325.000,350.000,300.000,300.000,-1,-1,-1,-1,925.000,900.000,-1,-1,2,0,2,0,2,0,0,0,0,2,2,2,2,0,0,2,2
43,10132.509,6459.032,-46.322,39.230,0.774445,-0.632348,0.019283,0.632541,0.774505,-0.005806,-0.011264,0.016694,0.999797,0,0.92126,0.46284,55.276,0.926,-1,425.000,-1,425.000,-1,325.000,325.000,300.000,300.000,-1,-1,-1,-1,925.000,900.000,-1,-1,2,0,2,0,2,0,0,0,0,2,2,2,2,0,0,2,2
44,10174.756,6494.678,-47.134,40.156,0.764075,-0.644777,0.021238,0.644982,0.764187,-0.003977,-0.013665,0.016737,0.999767,0,0.92126,0.46284,55.276,0.926,-1,425.000,-1,425.000,-1,325.000,325.000,300.000,300.000,-1,-1,-1,-1,900.000,875.000,-1,-1,2,0,2,0,2,0,0,0,0,2,2,2,2,0,0,2,2
45,10216.421,6531.001,-47.986,41.081,0.753500,-0.657040,0.023155,0.657248,0.753672,-0.001850,-0.016236,0.016613,0.999730,0,0.92126,0.46284,55.276,0.926,-1,425.000,-1,425.000,-1,325.000,325.000,300.000,300.000,-1,-1,-1,-1,900.000,875.000,-1,-1,2,0,2,0,2,0,0,0,0,2,2,2,2,0,0,2,2
46,10257.495,6567.993,-48.973,42.007,0.742725,-0.669127,0.025065,0.669340,0.742956,-0.000139,-0.018529,0.016881,0.999686,0,0.92126,0.46284,55.276,0.926,-1,425.000,-1,425.000,-1,325.000,325.000,300.000,300.000,-1,-1,-1,-1,875.000,875.000,-1,-1,2,0,2,0,2,0,0,0,0,2,2,2,2,0,0,2,2
47,10296.325,6604.423,-50.146,43.173,0.728900,-0.684090,0.026943,0.684327,0.729175,0.000578,-0.020042,0.018016,0.999637,0,0.88741,0.58284,53.244,1.166,-1,425.000,-1,425.000,-1,325.000,325.000,300.000,300.000,-1,-1,-1,-1,875.000,875.000,-1,-1,2,0,2,0,2,0,0,0,0,2,2,2,2,0,0,2,2
48,10334.251,6641.794,-51.331,44.578,0.711836,-0.701755,0.028809,0.702018,0.712158,0.001344,-0.021460,0.019268,0.999584,0,0.88741,0.70284,53.244,1.406,-1,425.000,-1,425.000,-1,325.000,325.000,300.000,300.000,-1,-1,-1,-1,875.000,850.000,-1,-1,2,0,2,0,2,0,0,0,0,2,2,2,2,0,0,2,2
49,10371.087,6680.240,-52.537,46.224,0.691321,-0.721897,0.030665,0.722191,0.691691,0.002081,-0.022713,0.020708,0.999528,0,0.88741,0.82284,53.244,1.646,-1,425.000,-1,425.000,-1,325.000,325.000,300.000,300.000,-1,-1,-1,-1,875.000,850.000,-1,-1,2,0,2,0,2,0,0,0,0,2,2,2,2,0,0,2,2
50,10406.638,6719.876,-53.741,48.110,0.667120,-0.744241,0.032497,0.744569,0.667539,0.002868,-0.023828,0.022283,0.999468,0,0.88741,0.94284,53.244,1.886,-1,425.000,-1,425.000,-1,325.000,325.000,300.000,300.000,-1,-1,-1,-1,850.000,850.000,-1,-1,2,0,2,0,2,0,0,0,0,2,2,2,2,0,0,2,2
51,10440.785,6760.730,-54.944,50.110,0.640663,-0.767055,0.034326,0.767420,0.641134,0.003728,-0.024867,0.023954,0.999404,0,0.88741,1.00000,53.244,2.000,-1,425.000,-1,425.000,-1,325.000,325.000,300.000,300.000,-1,-1,-1,-1,850.000,850.000,-1,-1,2,0,2,0,2,0,0,0,0,2,2,2,2,0,0,2,2
52,10473.484,6802.750,-56.231,52.110,0.613404,-0.788923,0.036556,0.789337,0.613943,0.004681,-0.026136,0.025983,0.999321,0,0.88741,1.00000,53.244,2.000,-1,425.000,-1,400.000,-1,325.000,325.000,300.000,300.000,-1,-1,-1,-1,850.000,825.000,-1,-1,2,0,2,0,2,0,0,0,0,2,2,2,2,0,0,2,2
53,10504.698,6845.886,-57.627,54.110,0.585369,-0.809814,0.039313,0.810294,0.585996,0.005771,-0.027711,0.028477,0.999210,0,0.88741,1.00000,53.244,2.000,-1,400.000,-1,400.000,-1,325.000,325.000,300.000,300.000,-1,-1,-1,-1,825.000,825.000,-1,-1,2,0,2,0,2,0,0,0,0,2,2,2,2,0,0,2,2
54,10534.386,6890.085,-58.998,56.110,0.556615,-0.829710,0.041957,0.830258,0.557336,0.006999,-0.029191,0.030940,0.999095,0,0.88741,1.00000,53.244,2.000,-1,400.000,-1,400.000,-1,325.000,325.000,300.000,300.000,-1,-1,-1,-1,825.000,800.000,-1,-1,2,0,2,0,2,0,0,0,0,2,2,2,2,0,0,2,2
55,10562.514,6935.293,-60.339,58.110,0.527179,-0.848589,0.044482,0.849204,0.527999,0.008349,-0.030572,0.033373,0.998975,0,0.88741,1.00000,53.244,2.000,-1,400.000,-1,400.000,-1,325.000,325.000,300.000,300.000,-1,-1,-1,-1,825.000,800.000,-1,-1,2,0,2,0,2,0,0,0,0,2,2,2,2,0,0,2,2
56,10589.047,6981.455,-61.881,60.110,0.497158,-0.866456,0.045704,0.867103,0.498037,0.009627,-0.031104,0.034843,0.998909,0,0.88741,1.00000,53.244,2.000,-1,400.000,-1,400.000,-1,325.000,325.000,300.000,300.000,-1,-1,-1,-1,800.000,775.000,-1,-1,2,0,2,0,2,0,0,0,0,2,2,2,2,0,0,2,2
57,10613.953,7028.515,-63.405,62.110,0.466538,-0.883266,0.046728,0.883941,0.467471,0.010902,-0.031474,0.036219,0.998848,0,0.88741,1.00000,53.244,2.000,-1,400.000,-1,400.000,-1,325.000,325.000,300.000,300.000,-1,-1,-1,-1,800.000,775.000,-1,-1,2,0,2,0,2,0,0,0,0,2,2,2,2,0,0,2,2
58,10637.202,7076.415,-64.928,64.110,0.435364,-0.899002,0.047467,0.899699,0.436342,0.012130,-0.031617,0.037425,0.998799,0,0.88741,1.00000,53.244,2.000,-1,400.000,-1,400.000,-1,325.000,325.000,300.000,300.000,-1,-1,-1,-1,800.000,750.000,-1,-1,2,0,2,0,2,0,0,0,0,2,2,2,2,0,0,2,2
59,10658.765,7125.098,-66.444,66.110,0.403673,-0.913646,0.047942,0.914360,0.404685,0.013284,-0.031538,0.038474,0.998762,0,0.88741,1.00000,53.244,2.000,-1,400.000,-1,400.000,-1,325.000,325.000,300.000,300.000,-1,-1,-1,-1,775.000,750.000,-1,-1,2,0,2,0,2,0,0,0,0,2,2,2,2,0,0,2,2
60,10678.615,7174.503,-67.920,68.110,0.371496,-0.927176,0.048318,0.927905,0.372538,0.014396,-0.031348,0.039487,0.998728,0,0.88741,1.00000,53.244,2.000,-1,400.000,-1,400.000,-1,325.000,325.000,300.000,300.000,-1,-1,-1,-1,775.000,750.000,-1,-1,2,0,2,0,2,0,0,0,0,2,2,2,2,0,0,2,2
61,10696.729,7224.571,-69.350,70.110,0.338872,-0.939576,0.048613,0.940320,0.339940,0.015443,-0.031035,0.040479,0.998698,0,0.88741,1.00000,53.244,2.000,-1,400.000,-1,400.000,-1,325.000,325.000,300.000,300.000,-1,-1,-1,-1,750.000,725.000,-1,-1,2,0,2,0,2,0,0,0,0,2,2,2,2,0,0,2,2
62,10713.085,7275.241,-70.773,72.110,0.305843,-0.950822,0.048960,0.951594,0.306927,0.016238,-0.030467,0.041624,0.998669,0,0.88741,1.00000,53.244,2.000,-1,400.000,-1,400.000,-1,325.000,325.000,300.000,300.000,-1,-1,-1,-1,750.000,725.000,-1,-1,2,0,2,0,2,0,0,0,0,2,2,2,2,0,0,2,2
63,10727.662,7326.451,-72.260,74.110,0.272470,-0.960891,0.049484,0.961725,0.273539,0.016157,-0.029061,0.043187,0.998644,0,0.88741,1.00000,53.244,2.000,-1,400.000,-1,400.000,-1,325.000,325.000,300.000,300.000,-1,-1,-1,-1,725.000,725.000,-1,-1,2,0,2,0,2,0,0,0,0,2,2,2,2,0,0,2,2
64,10740.443,7378.138,-73.601,76.110,0.238791,-0.969800,0.049668,0.970686,0.239825,0.015919,-0.027349,0.044410,0.998639,0,0.88741,1.00000,53.244,2.000,-1,400.000,-1,400.000,-1,325.000,325.000,300.000,300.000,-1,-1,-1,-1,725.000,725.000,-1,-1,2,0,2,0,2,0,0,0,0,2,2,2,2,0,0,2,2
65,10751.412,7430.240,-74.868,78.110,0.204828,-0.977527,0.049859,0.978464,0.205822,0.015649,-0.025559,0.045579,0.998634,0,0.88741,1.00000,53.244,2.000,-1,400.000,-1,400.000,-1,325.000,325.000,300.000,300.000,-1,-1,-1,-1,725.000,700.000,-1,-1,2,0,2,0,2,0,0,0,0,2,2,2,2,0,0,2,2
66,10760.557,7482.692,-76.060,80.110,0.170620,-0.984064,0.050075,0.985052,0.171573,0.015352,-0.023699,0.046708,0.998627,0,0.88741,1.00000,53.244,2.000,-1,400.000,-1,400.000,-1,325.000,325.000,300.000,300.000,-1,-1,-1,-1,725.000,700.000,-1,-1,2,0,2,0,2,0,0,0,0,2,2,2,2,0,0,2,2
67,10767.865,7535.432,-77.178,82.110,0.136210,-0.989400,0.050337,0.990441,0.137118,0.015035,-0.021778,0.047808,0.998619,0,0.88741,1.00000,53.244,2.000,-1,400.000,-1,400.000,-1,325.000,325.000,300.000,300.000,-1,-1,-1,-1,725.000,675.000,-1,-1,2,0,2,0,2,0,0,0,0,2,2,2,2,0,0,2,2
68,10773.328,7588.395,-78.221,84.110,0.101637,-0.993531,0.050662,0.994624,0.102499,0.014708,-0.019806,0.048894,0.998608,0,0.88741,1.00000,53.244,2.000,-1,400.000,-1,400.000,-1,325.000,325.000,300.000,300.000,-1,-1,-1,-1,725.000,675.000,-1,-1,2,0,2,0,2,0,0,0,0,2,2,2,2,0,0,2,2
69,10776.940,7641.516,-79.188,86.110,0.066945,-0.996449,0.051067,0.997598,0.067760,0.014385,-0.017794,0.049981,0.998592,0,0.88741,1.00000,53.244,2.000,-1,400.000,-1,375.000,-1,325.000,325.000,300.000,300.000,-1,-1,-1,-1,700.000,675.000,-1,-1,2,0,2,0,2,0,0,0,0,2,2,2,2,0,0,2,2
70,10778.739,7689.927,-80.007,87.870,0.036350,-0.998011,0.051506,0.999211,0.037122,0.014105,-0.015989,0.050953,0.998573,0,0.80741,0.88000,48.444,1.760,-1,375.000,-1,375.000,-1,325.000,325.000,300.000,300.000,-1,-1,-1,-1,700.000,675.000,-1,-1,2,0,2,0,2,0,0,0,0,2,2,2,2,0,0,2,2
71,10779.203,7733.568,-80.698,89.390,0.009901,-0.998600,0.051962,0.999847,0.010635,0.013873,-0.014406,0.051816,0.998553,0,0.72741,0.76000,43.644,1.520,-1,375.000,-1,375.000,-1,325.000,325.000,300.000,300.000,-1,-1,-1,-1,700.000,650.000,-1,-1,2,0,2,0,2,0,0,0,0,2,2,2,2,0,0,2,2
72,10778.749,7772.410,-81.277,90.670,-0.012377,-0.998549,0.052414,0.999838,-0.011674,0.013687,-0.013055,0.052575,0.998532,0,0.64741,0.64000,38.844,1.280,-1,375.000,-1,375.000,-1,325.000,325.000,300.000,300.000,-1,-1,-1,-1,700.000,650.000,-1,-1,2,0,2,0,2,0,0,0,0,2,2,2,2,0,0,2,2
73,10777.732,7806.438,-81.757,91.710,-0.030472,-0.998138,0.052842,0.999464,-0.029795,0.013541,-0.011941,0.053227,0.998511,0,0.56741,0.52000,34.044,1.040,-1,375.000,-1,375.000,-1,325.000,325.000,300.000,300.000,-1,-1,-1,-1,700.000,650.000,-1,-1,2,0,2,0,2,0,0,0,0,2,2,2,2,0,0,2,2
74,10776.275,7839.676,-82.204,92.510,-0.044383,-0.997594,0.053266,0.998954,-0.043727,0.013409,-0.011047,0.053806,0.998490,0,0.55449,0.40000,33.269,0.800,-1,375.000,-1,375.000,-1,300.000,325.000,300.000,300.000,-1,-1,-1,-1,700.000,650.000,-1,-1,2,0,2,0,2,0,0,0,0,2,2,2,2,0,0,2,2
75,10774.493,7872.897,-82.482,93.070,-0.054099,-0.997121,0.053134,0.998483,-0.053475,0.013096,-0.010217,0.053762,0.998502,0,0.55449,0.28000,33.269,0.560,-1,375.000,-1,375.000,-1,300.000,300.000,300.000,300.000,-1,-1,-1,-1,700.000,650.000,-1,-1,2,0,2,0,2,0,0,0,0,2,2,2,2,0,0,2,2
76,10772.526,7906.108,-82.462,93.390,-0.059596,-0.996846,0.052405,0.998183,-0.059046,0.011991,-0.008859,0.053025,0.998554,0,0.55449,0.16000,33.269,0.320,-1,375.000,-1,375.000,-1,300.000,300.000,300.000,300.000,-1,-1,-1,-1,725.000,650.000,-1,-1,2,0,2,0,2,0,0,0,0,2,2,2,2,0,0,2,2
77,10770.513,7939.316,-82.383,93.470,-0.060916,-0.996789,0.051970,0.998115,-0.060439,0.010694,-0.007519,0.052523,0.998591,0,0.55449,0.04000,33.269,0.080,-1,375.000,-1,375.000,-1,300.000,300.000,300.000,300.000,-1,-1,-1,-1,725.000,650.000,-1,-1,2,0,2,0,2,0,0,0,0,2,2,2,2,0,0,2,2
78,10768.554,7972.528,-82.308,93.375,-0.059203,-0.996914,0.051543,0.998226,-0.058795,0.009399,-0.006339,0.052008,0.998627,0,0.55449,-0.04729,33.269,-0.095,-1,375.000,-1,375.000,-1,325.000,300.000,300.000,300.000,-1,-1,-1,-1,725.000,650.000,-1,-1,2,0,2,0,2,0,0,0,0,2,2,2,2,0,0,2,2
79,10766.651,8005.743,-82.238,93.281,-0.057492,-0.997037,0.051111,0.998333,-0.057151,0.008107,-0.005162,0.051492,0.998660,0,0.55449,-0.04729,33.269,-0.095,-1,375.000,-1,375.000,-1,325.000,325.000,300.000,300.000,-1,-1,-1,-1,725.000,650.000,-1,-1,2,0,2,0,2,0,0,0,0,2,2,2,2,0,0,2,2
80,10764.802,8038.960,-82.172,93.186,-0.055781,-0.997156,0.050674,0.998435,-0.055506,0.006820,-0.003988,0.050976,0.998692,0,0.55449,-0.04729,33.269,-0.095,-1,375.000,-1,375.000,-1,325.000,325.000,300.000,300.000,-1,-1,-1,-1,725.000,650.000,-1,-1,2,0,2,0,2,0,0,0,0,2,2,2,2,0,0,2,2
81,10763.008,8072.181,-82.110,93.091,-0.054072,-0.997273,0.050233,0.998533,-0.053861,0.005536,-0.002815,0.050458,0.998722,0,0.55449,-0.04729,33.269,-0.095,-1,375.000,-1,375.000,-1,325.000,325.000,300.000,300.000,-1,-1,950.000,-1,725.000,650.000,-1,-1,2,0,2,0,2,0,0,0,0,2,2,0,2,0,0,2,2
82,10761.269,8105.405,-82.053,92.997,-0.052364,-0.997386,0.049786,0.998627,-0.052216,0.004255,-0.001645,0.049940,0.998751,0,0.55449,-0.04729,33.269,-0.095,-1,400.000,-1,375.000,-1,325.000,325.000,300.000,300.000,-1,875.000,850.000,-1,725.000,650.000,-1,-1,2,0,2,0,2,0,0,0,0,2,0,0,2,0,0,2,2
83,10759.584,8138.632,-81.999,92.902,-0.050656,-0.997497,0.049334,0.998716,-0.050571,0.002978,-0.000476,0.049421,0.998778,0,0.55449,-0.04729,33.269,-0.095,-1,400.000,-1,375.000,-1,325.000,325.000,300.000,300.000,-1,825.000,800.000,-1,725.000,650.000,-1,-1,2,0,2,0,2,0,0,0,0,2,0,0,2,0,0,2,2
84,10757.955,8171.861,-81.950,92.808,-0.048950,-0.997605,0.048876,0.998801,-0.048925,0.001704,0.000691,0.048901,0.998803,0,0.55449,-0.04729,33.269,-0.095,-1,400.000,-1,375.000,-1,325.000,325.000,300.000,300.000,-1,775.000,775.000,-1,725.000,650.000,-1,-1,2,0,2,0,2,0,0,0,0,2,0,0,2,0,0,2,2
85,10756.380,8205.093,-81.905,92.713,-0.047245,-0.997709,0.048414,0.998882,-0.047280,0.000433,0.001857,0.048381,0.998827,0,0.55449,-0.04729,33.269,-0.095,-1,400.000,-1,375.000,-1,325.000,325.000,300.000,300.000,-1,725.000,750.000,-1,725.000,650.000,-1,-1,2,0,2,0,2,0,0,0,0,2,0,0,2,0,0,2,2
86,10754.860,8238.328,-81.863,92.619,-0.045541,-0.997811,0.047947,0.998958,-0.045634,-0.000836,0.003022,0.047859,0.998850,0,0.55449,-0.04729,33.269,-0.095,-1,400.000,-1,375.000,-1,325.000,325.000,300.000,300.000,-1,700.000,725.000,-1,725.000,650.000,-1,-1,2,0,2,0,2,0,0,0,0,2,0,0,2,0,0,2,2
87,10753.395,8271.565,-81.825,92.524,-0.043838,-0.997910,0.047475,0.999030,-0.043987,-0.002102,0.004186,0.047337,0.998870,0,0.55449,-0.04729,33.269,-0.095,-1,400.000,-1,375.000,-1,325.000,325.000,300.000,300.000,-1,650.000,700.000,-1,725.000,650.000,-1,-1,2,0,2,0,2,0,0,0,0,2,0,0,2,0,0,2,2
88,10751.985,8304.804,-81.791,92.429,-0.042136,-0.998006,0.046997,0.999098,-0.042341,-0.003366,0.005349,0.046813,0.998889,0,0.55449,-0.04729,33.269,-0.095,-1,400.000,-1,375.000,-1,325.000,325.000,300.000,300.000,-1,625.000,675.000,-1,725.000,650.000,-1,-1,2,0,2,0,2,0,0,0,0,2,0,0,2,0,0,2,2
89,10750.630,8338.046,-81.761,92.335,-0.040436,-0.998099,0.046515,0.999161,-0.040694,-0.004628,0.006512,0.046289,0.998907,0,0.55449,-0.04729,33.269,-0.095,-1,400.000,-1,375.000,-1,325.000,325.000,300.000,300.000,-1,600.000,650.000,-1,725.000,650.000,-1,-1,2,0,2,0,2,0,0,0,0,2,0,0,2,0,0,2,2
90,10749.330,8371.290,-81.733,92.240,-0.038736,-0.998189,0.046027,0.999220,-0.039047,-0.005888,0.007675,0.045763,0.998923,0,0.55449,-0.04729,33.269,-0.095,-1,400.000,-1,375.000,-1,325.000,325.000,300.000,300.000,-1,575.000,625.000,-1,750.000,650.000,-1,-1,2,0,2,0,2,0,0,0,0,2,0,0,2,0,0,2,2
91,10748.085,8404.536,-81.709,92.146,-0.037037,-0.998276,0.045535,0.999275,-0.037400,-0.007147,0.008837,0.045237,0.998937,0,0.55449,-0.04729,33.269,-0.095,-1,400.000,-1,375.000,-1,325.000,300.000,300.000,300.000,-1,550.000,625.000,-1,750.000,650.000,-1,-1,2,0,2,0,2,0,0,0,0,2,0,0,2,0,0,2,2
92,10746.894,8437.784,-81.689,92.051,-0.035340,-0.998360,0.045037,0.999325,-0.035753,-0.008404,0.010000,0.044710,0.998950,0,0.55449,-0.04729,33.269,-0.095,-1,400.000,-1,375.000,-1,325.000,300.000,300.000,300.000,-1,525.000,600.000,-1,750.000,650.000,-1,-1,2,0,2,0,2,0,0,0,0,2,0,0,2,0,0,2,2
93,10745.759,8471.034,-81.671,91.956,-0.033644,-0.998441,0.044534,0.999372,-0.034106,-0.009660,0.011164,0.044181,0.998961,0,0.55449,-0.04729,33.269,-0.095,-1,400.000,-1,375.000,-1,325.000,300.000,300.000,300.000,-1,500.000,575.000,-1,750.000,650.000,-1,-1,2,0,2,0,2,0,0,0,0,2,0,0,2,0,0,2,2
94,10744.678,8504.286,-81.656,91.862,-0.031948,-0.998519,0.044026,0.999413,-0.032458,-0.010915,0.012328,0.043652,0.998971,0,0.55449,-0.04729,33.269,-0.095,-1,400.000,-1,375.000,-1,325.000,300.000,300.000,300.000,-1,475.000,550.000,-1,750.000,650.000,-1,-1,2,0,2,0,2,0,0,0,0,2,0,0,2,0,0,2,2
95,10743.653,8537.539,-81.303,91.767,-0.030293,-0.998635,0.042544,0.999458,-0.030812,-0.011581,0.012876,0.042170,0.999027,0,0.55449,-0.04729,33.269,-0.095,-1,375.000,-1,375.000,-1,325.000,300.000,300.000,300.000,-1,475.000,575.000,-1,750.000,650.000,-1,-1,2,0,2,0,2,0,0,0,0,2,0,0,2,0,0,2,2
96,10742.682,8570.795,-80.558,91.673,-0.028621,-0.998725,0.041572,0.999496,-0.029164,-0.012530,0.013726,0.041193,0.999057,0,0.55449,-0.04729,33.269,-0.095,-1,400.000,-1,375.000,-1,325.000,300.000,300.000,300.000,-1,500.000,575.000,-1,750.000,650.000,-1,-1,2,0,2,0,2,0,0,0,0,2,0,0,2,0,0,2,2
97,10741.766,8604.051,-79.811,91.578,-0.026948,-0.998811,0.040613,0.999530,-0.027517,-0.013497,0.014599,0.040230,0.999084,0,0.55449,-0.04729,33.269,-0.095,-1,400.000,-1,375.000,-1,325.000,300.000,300.000,300.000,-1,500.000,600.000,-1,750.000,650.000,-1,-1,2,0,2,0,2,0,0,0,0,2,0,0,2,0,0,2,2
98,10740.905,8637.310,-79.068,91.483,-0.025278,-0.998894,0.039644,0.999561,-0.025869,-0.014468,0.015477,0.039261,0.999109,0,0.55449,-0.04729,33.269,-0.095,-1,400.000,-1,375.000,-1,325.000,300.000,300.000,300.000,-1,500.000,625.000,-1,750.000,650.000,-1,-1,2,0,2,0,2,0,0,0,0,2,0,0,2,0,0,2,2
99,10740.099,8670.569,-78.329,91.389,-0.023608,-0.998973,0.038666,0.999587,-0.024220,-0.015440,0.016361,0.038286,0.999133,0,0.55449,-0.04729,33.269,-0.095,-1,400.000,-1,375.000,-1,325.000,300.000,300.000,300.000,-1,525.000,625.000,-1,750.000,650.000,-1,-1,2,0,2,0,2,0,0,0,0,2,0,0,2,0,0,2,2
100,10739.348,8703.830,-77.593,91.294,-0.021941,-0.999049,0.037680,0.999610,-0.022572,-0.016414,0.017249,0.037305,0.999155,0,0.55449,-0.04729,33.269,-0.095,-1,400.000,-1,375.000,-1,325.000,300.000,300.000,300.000,-1,525.000,650.000,-1,750.000,675.000,-1,-1,2,0,2,0,2,0,0,0,0,2,0,0,2,0,0,2,2
101,10738.651,8737.130,-76.859,91.200,-0.020280,-0.999121,0.036684,0.999630,-0.020929,-0.017392,0.018145,0.036318,0.999176,0,0.55513,-0.04713,33.308,-0.094,-1,400.000,-1,375.000,-1,325.000,300.000,300.000,300.000,-1,550.000,650.000,-1,750.000,675.000,-1,-1,2,0,2,0,2,0,0,0,0,2,0,0,2,0,0,2,2
102,10738.076,8775.234,-76.025,90.866,-0.014434,-0.999263,0.035555,0.999714,-0.015100,-0.018538,0.019062,0.035278,0.999196,0,0.63513,-0.16713,38.108,-0.334,-1,400.000,-1,375.000,-1,325.000,300.000,300.000,300.000,-1,550.000,650.000,-1,750.000,675.000,-1,-1,2,0,2,0,2,0,0,0,0,2,0,0,2,0,0,2,2
103,10737.858,8818.141,-75.098,90.291,-0.004402,-0.999403,0.034265,0.999790,-0.005084,-0.019859,0.020022,0.034171,0.999215,0,0.71513,-0.28713,42.908,-0.574,-1,400.000,-1,375.000,-1,325.000,300.000,300.000,300.000,-1,550.000,650.000,-1,750.000,675.000,-1,-1,2,0,2,0,2,0,0,0,0,2,0,0,2,0,0,2,2
104,10738.294,8865.847,-74.087,89.477,0.009817,-0.999414,0.032784,0.999730,0.009119,-0.021361,0.021049,0.032984,0.999234,0,0.79513,-0.40713,47.708,-0.814,-1,400.000,-1,375.000,-1,325.000,300.000,300.000,300.000,-1,550.000,650.000,-1,750.000,675.000,-1,-1,2,0,2,0,2,0,0,0,0,2,0,0,2,0,0,2,2
105,10739.678,8916.125,-73.047,88.423,0.028217,-0.999116,0.031150,0.999357,0.027507,-0.022981,0.022104,0.031779,0.999250,0,0.83829,-0.52713,50.298,-1.054,-1,400.000,-1,375.000,-1,325.000,300.000,300.000,300.000,-1,550.000,650.000,-1,750.000,675.000,-1,-1,2,0,2,0,2,0,0,0,0,2,0,0,2,0,0,2,2
106,10742.216,8966.707,-72.029,87.129,0.050788,-0.998276,0.029417,0.998441,0.050070,-0.024653,0.023138,0.030623,0.999263,0,0.84409,-0.64713,50.645,-1.294,-1,400.000,-1,375.000,-1,325.000,325.000,300.000,300.000,-1,550.000,650.000,-1,750.000,675.000,-1,-1,2,0,2,0,2,0,0,0,0,2,0,0,2,0,0,2,2
107,10746.132,9017.538,-71.036,85.594,0.077505,-0.996611,0.027564,0.996699,0.076783,-0.026374,0.024168,0.029517,0.999272,0,0.84968,-0.76713,50.981,-1.534,-1,400.000,-1,375.000,-1,325.000,325.000,300.000,300.000,-1,525.000,625.000,-1,750.000,700.000,1000.000,-1,2,0,2,0,2,0,0,0,0,2,0,0,2,0,0,1,2
108,10751.655,9068.539,-70.071,83.820,0.108329,-0.993786,0.025575,0.993795,0.107606,-0.028137,0.025210,0.028464,0.999277,0,0.85498,-0.88713,51.299,-1.774,1000.000,400.000,-1,375.000,-1,325.000,325.000,300.000,300.000,-1,475.000,625.000,-1,750.000,700.000,950.000,-1,1,0,2,0,2,0,0,0,0,2,0,0,2,0,0,1,2
109,10758.961,9119.613,-69.134,81.860,0.142258,-0.989552,0.023444,0.989480,0.141539,-0.029927,0.026296,0.027454,0.999277,0,0.85990,-0.98007,51.594,-1.960,925.000,400.000,-1,375.000,-1,325.000,325.000,300.000,300.000,-1,425.000,600.000,-1,750.000,700.000,900.000,-1,1,0,2,0,2,0,0,0,0,2,0,0,2,1,0,1,2
110,10768.046,9170.670,-67.932,79.910,0.175861,-0.984159,0.022454,0.984048,0.175127,-0.031295,0.026867,0.027599,0.999258,0,0.86432,-0.97499,51.859,-1.950,850.000,400.000,-1,375.000,-1,325.000,325.000,300.000,300.000,-1,400.000,550.000,-1,725.000,700.000,850.000,-1,1,0,2,0,2,0,0,0,0,2,0,0,2,1,0,1,2
111,10778.902,9221.620,-66.624,77.971,0.209077,-0.977656,0.021820,0.977515,0.208317,-0.032688,0.027413,0.028164,0.999227,0,0.86822,-0.96931,52.093,-1.939,800.000,400.000,-1,375.000,-1,325.000,325.000,300.000,300.000,-1,400.000,525.000,-1,700.000,700.000,800.000,-1,1,0,2,0,2,0,0,0,0,2,0,0,2,1,0,1,2
112,10791.513,9272.370,-65.144,76.045,0.241808,-0.970108,0.020487,0.969936,0.241060,-0.033366,0.027430,0.027939,0.999233,0,0.87155,-0.96305,52.293,-1.926,750.000,400.000,-1,375.000,-1,325.000,325.000,325.000,300.000,-1,425.000,525.000,-1,700.000,700.000,775.000,-1,1,0,2,0,2,0,0,0,0,2,0,0,2,1,0,1,2
113,10805.855,9322.826,-63.685,74.133,0.274035,-0.961531,0.019070,0.961327,0.273302,-0.034009,0.027489,0.027652,0.999240,0,0.87423,-0.95621,52.454,-1.912,700.000,400.000,-1,375.000,-1,325.000,325.000,325.000,300.000,-1,450.000,525.000,-1,700.000,700.000,775.000,-1,1,0,2,0,2,0,0,0,0,2,0,0,2,1,0,1,2
114,10821.920,9373.656,-62.222,72.460,0.301966,-0.953156,0.017588,0.952917,0.301252,-0.034586,0.027667,0.027204,0.999247,0,0.88848,-0.83621,53.309,-1.672,650.000,400.000,-1,375.000,-1,325.000,325.000,325.000,300.000,-1,450.000,550.000,-1,750.000,700.000,775.000,-1,1,0,2,0,2,0,0,0,0,2,0,0,2,1,0,1,2
115,10839.280,9424.151,-60.766,71.028,0.325682,-0.945342,0.016091,0.945066,0.324990,-0.035092,0.027944,0.026636,0.999255,0,0.88992,-0.71621,53.395,-1.432,600.000,400.000,-1,375.000,-1,325.000,325.000,300.000,300.000,-1,475.000,550.000,-1,750.000,700.000,875.000,-1,1,0,2,0,2,0,0,0,0,2,0,0,2,0,0,1,2
116,10857.705,9474.326,-59.307,69.836,0.345266,-0.938391,0.014602,0.938078,0.344598,-0.035531,0.028310,0.025966,0.999262,0,0.89085,-0.59621,53.451,-1.192,575.000,400.000,-1,375.000,-1,325.000,325.000,300.000,300.000,-1,500.000,575.000,-1,750.000,700.000,-1,-1,1,0,2,0,2,0,0,0,0,2,0,0,2,0,0,2,2
117,10876.972,9524.213,-57.837,68.883,0.360797,-0.932552,0.013140,0.932201,0.360155,-0.035913,0.028758,0.025206,0.999269,0,0.89130,-0.47621,53.478,-0.952,575.000,400.000,-1,375.000,-1,325.000,325.000,300.000,300.000,-1,550.000,600.000,-1,750.000,700.000,-1,-1,1,0,2,0,2,0,0,0,0,2,0,0,2,0,0,2,2
118,10896.859,9573.859,-56.349,68.171,0.372344,-0.928021,0.011718,0.927633,0.371730,-0.036247,0.029282,0.024366,0.999274,0,0.89134,-0.35621,53.480,-0.712,550.000,400.000,-1,375.000,-1,325.000,325.000,300.000,300.000,-1,575.000,625.000,-1,725.000,700.000,-1,-1,1,0,2,0,2,0,0,0,0,2,0,0,2,0,0,2,2
119,10917.147,9623.322,-54.836,67.698,0.379961,-0.924945,0.010346,0.924520,0.379378,-0.036542,0.029874,0.023450,0.999279,0,0.89103,-0.23621,53.462,-0.472,550.000,400.000,-1,375.000,-1,325.000,325.000,300.000,300.000,-1,600.000,650.000,-1,725.000,700.000,-1,-1,1,0,2,0,2,0,0,0,0,2,0,0,2,0,0,2,2
120,10937.622,9672.669,-53.291,67.466,0.383686,-0.923419,0.009032,0.922959,0.383135,-0.036809,0.030530,0.022459,0.999281,0,0.89043,-0.11621,53.426,-0.232,575.000,375.000,-1,375.000,-1,325.000,325.000,300.000,300.000,-1,625.000,700.000,-1,725.000,700.000,-1,-1,1,0,2,0,2,0,0,0,0,2,0,0,2,0,0,2,2
121,10958.071,9721.974,-51.660,67.474,0.383546,-0.923487,0.007976,0.922994,0.383020,-0.037116,0.031221,0.021598,0.999279,0,0.88963,0.00379,53.378,0.008,600.000,375.000,-1,375.000,-1,325.000,325.000,300.000,300.000,-1,675.000,725.000,-1,725.000,700.000,-1,-1,1,0,2,0,2,0,0,0,0,2,0,0,2,0,0,2,2
122,10978.377,9771.277,-49.919,67.616,0.381242,-0.924447,0.007247,0.923924,0.380733,-0.037514,0.031920,0.020998,0.999270,0,0.88868,0.07107,53.321,0.142,625.000,375.000,-1,375.000,-1,325.000,325.000,300.000,300.000,-1,700.000,775.000,-1,725.000,700.000,-1,-1,1,0,2,0,2,0,0,0,0,2,0,0,2,0,0,2,2
123,10998.520,9820.568,-48.080,67.773,0.378710,-0.925491,0.006697,0.924932,0.378204,-0.038254,0.032871,0.020682,0.999246,0,0.88747,0.07840,53.248,0.157,675.000,375.000,-1,375.000,-1,325.000,325.000,300.000,300.000,-1,725.000,800.000,-1,725.000,700.000,-1,-1,1,0,2,0,2,0,0,0,0,2,0,0,2,0,0,2,2
124,11018.478,9869.827,-46.220,67.944,0.375931,-0.926627,0.006133,0.926030,0.375431,-0.038988,0.033824,0.020336,0.999221,0,0.88581,0.08587,53.148,0.172,775.000,375.000,-1,375.000,-1,325.000,325.000,300.000,300.000,-1,750.000,825.000,-1,750.000,700.000,-1,-1,1,0,2,0,2,0,0,0,0,2,0,0,2,0,0,2,2
125,11038.227,9919.033,-44.336,68.131,0.372902,-0.927854,0.005546,0.927219,0.372409,-0.039694,0.034764,0.019944,0.999197,0,0.88369,0.09344,53.021,0.187,925.000,375.000,-1,375.000,-1,325.000,325.000,300.000,300.000,-1,750.000,875.000,-1,750.000,700.000,-1,-1,1,0,2,0,2,0,0,0,0,2,0,0,2,0,0,2,2
126,11057.746,9968.164,-42.412,68.333,0.369616,-0.929172,0.004869,0.928498,0.369136,-0.040375,0.035718,0.019445,0.999173,0,0.88111,0.10110,52.867,0.202,-1,375.000,-1,375.000,-1,325.000,325.000,275.000,300.000,-1,775.000,900.000,-1,750.000,700.000,-1,-1,2,0,2,0,2,0,0,1,0,2,0,0,2,0,0,2,2
127,11077.012,10017.202,-40.433,68.551,0.366069,-0.930579,0.004014,0.929861,0.365609,-0.041093,0.036773,0.018776,0.999147,0,0.87810,0.10881,52.686,0.218,-1,375.000,-1,375.000,-1,325.000,325.000,250.000,300.000,-1,775.000,925.000,-1,775.000,725.000,-1,-1,2,0,2,0,2,0,0,1,0,2,0,0,2,0,0,2,2
128,11096.004,10066.125,-38.439,68.784,0.362264,-0.932070,0.003161,0.931308,0.361826,-0.041794,0.037811,0.018084,0.999121,0,0.87467,0.11652,52.480,0.233,-1,400.000,-1,375.000,-1,325.000,325.000,250.000,300.000,-1,800.000,925.000,-1,775.000,725.000,-1,-1,2,0,2,0,2,0,0,1,0,2,0,0,2,0,0,2,2
129,11114.710,10114.912,-36.431,69.023,0.358355,-0.933583,0.002311,0.932778,0.357940,-0.042477,0.038829,0.017378,0.999095,0,0.87084,0.11946,52.250,0.239,-1,400.000,-1,375.000,-1,325.000,325.000,225.000,300.000,-1,800.000,950.000,-1,775.000,725.000,-1,-1,2,0,2,0,2,0,0,1,0,2,0,0,2,0,0,2,2
130,11133.118,10163.542,-34.412,69.267,0.354357,-0.935109,0.001464,0.934262,0.353968,-0.043144,0.039826,0.016656,0.999068,0,0.86663,0.12193,51.998,0.244,-1,400.000,-1,375.000,-1,325.000,325.000,225.000,300.000,-1,800.000,950.000,-1,800.000,725.000,-1,-1,2,0,2,0,2,0,0,1,0,2,0,0,2,0,0,2,2
131,11151.220,10211.995,-32.346,69.515,0.350275,-0.936647,0.000459,0.935753,0.349920,-0.043846,0.040907,0.015788,0.999038,0,0.86206,0.12407,51.724,0.248,-1,400.000,-1,375.000,-1,325.000,325.000,225.000,300.000,-1,800.000,950.000,-1,800.000,750.000,-1,-1,2,0,2,0,2,0,0,1,0,2,0,0,2,0,0,2,2
132,11169.007,10260.253,-30.273,69.767,0.346126,-0.938188,-0.000527,0.937249,0.345805,-0.044529,0.041958,0.014919,0.999008,0,0.85720,0.12590,51.432,0.252,-1,400.000,-1,375.000,-1,325.000,325.000,225.000,300.000,-1,800.000,950.000,-1,800.000,750.000,-1,-1,2,0,2,0,2,0,0,1,0,2,0,0,2,0,0,2,2
133,11186.475,10308.301,-28.198,70.021,0.341920,-0.939728,-0.001473,0.938746,0.341634,-0.045185,0.042964,0.014067,0.998978,0,0.85208,0.12739,51.125,0.255,-1,400.000,-1,400.000,-1,325.000,325.000,225.000,300.000,-1,800.000,950.000,-1,800.000,750.000,-1,-1,2,0,2,0,2,0,0,1,0,2,0,0,2,0,0,2,2
134,11203.620,10356.127,-26.084,70.279,0.337675,-0.941260,-0.002199,0.940243,0.337417,-0.045752,0.043807,0.013381,0.998950,0,0.84676,0.12855,50.806,0.257,-1,400.000,-1,400.000,-1,325.000,325.000,225.000,300.000,-1,800.000,950.000,-1,825.000,775.000,-1,-1,2,0,2,0,2,0,0,1,0,2,0,0,2,0,0,2,2
135,11220.439,10403.721,-23.922,70.537,0.333404,-0.942780,-0.002662,0.941735,0.333165,-0.046214,0.044456,0.012901,0.998928,0,0.84130,0.12938,50.478,0.259,-1,400.000,-1,400.000,-1,325.000,325.000,250.000,300.000,-1,825.000,950.000,-1,850.000,775.000,-1,-1,2,0,2,0,2,0,0,1,0,2,0,0,2,0,0,2,2
136,11236.932,10451.076,-21.819,70.797,0.329101,-0.944289,-0.003179,0.943239,0.328890,-0.046161,0.044635,0.012193,0.998929,0,0.83576,0.12988,50.146,0.260,-1,400.000,-1,400.000,-1,325.000,325.000,250.000,300.000,-1,850.000,975.000,-1,850.000,775.000,-1,-1,2,0,2,0,2,0,0,1,0,2,0,0,2,0,0,2,2
137,11253.103,10498.190,-19.808,71.057,0.324771,-0.945785,-0.003931,0.944746,0.324604,-0.045688,0.044487,0.011125,0.998948,0,0.83020,0.13005,49.812,0.260,-1,400.000,-1,400.000,-1,325.000,325.000,250.000,300.000,-1,900.000,-1,-1,850.000,775.000,-1,-1,2,0,2,0,2,0,0,1,0,2,0,2,2,0,0,2,2
138,11268.953,10545.064,-17.798,71.317,0.320440,-0.947257,-0.004667,0.946232,0.320316,-0.045200,0.044311,0.010068,0.998967,0,0.82469,0.12990,49.481,0.260,-1,400.000,-1,400.000,-1,325.000,325.000,275.000,300.000,-1,950.000,-1,-1,875.000,775.000,-1,-1,2,0,2,0,2,0,0,1,0,2,0,2,2,0,0,2,2
139,11284.489,10591.700,-15.746,71.576,0.316112,-0.948706,-0.005500,0.947702,0.316036,-0.044524,0.043978,0.008862,0.998993,0,0.81926,0.12944,49.156,0.259,-1,400.000,-1,400.000,-1,325.000,325.000,275.000,300.000,-1,-1,-1,-1,875.000,775.000,-1,-1,2,0,2,0,2,0,0,1,0,2,2,2,2,0,0,2,2
140,11299.717,10638.105,-13.866,71.833,0.311834,-0.950120,-0.005558,0.949158,0.311773,-0.043547,0.043108,0.008304,0.999036,0,0.81399,0.12868,48.840,0.257,-1,400.000,-1,400.000,-1,325.000,325.000,275.000,300.000,-1,-1,-1,-1,875.000,775.000,-1,-1,2,0,2,0,2,0,0,1,0,2,2,2,2,0,0,2,2
141,11315.998,10689.214,-11.790,72.331,0.303557,-0.952797,-0.005618,0.951879,0.303515,-0.042473,0.042173,0.007545,0.999082,0,0.89399,0.24868,53.640,0.497,-1,400.000,-1,400.000,-1,325.000,325.000,300.000,300.000,-1,-1,-1,-1,875.000,775.000,-1,-1,2,0,2,0,2,0,0,1,0,2,2,2,2,0,0,2,2
142,11332.270,10742.663,-9.611,73.068,0.291250,-0.956630,-0.005695,0.955759,0.291231,-0.041345,0.041211,0.006598,0.999129,0,0.93118,0.36868,55.871,0.737,-1,400.000,-1,400.000,-1,325.000,325.000,300.000,300.000,-1,-1,-1,-1,875.000,775.000,-1,-1,2,0,2,0,2,0,0,1,0,2,2,2,2,0,0,2,2
143,11347.557,10796.137,-7.389,74.045,0.274861,-0.961466,-0.005904,0.960646,0.274873,-0.040060,0.040139,0.005339,0.999180,0,0.92693,0.48868,55.616,0.977,-1,400.000,-1,400.000,-1,325.000,325.000,300.000,300.000,-1,-1,-1,-1,875.000,775.000,-1,-1,2,0,2,0,2,0,0,0,0,2,2,2,2,0,0,2,2
144,11361.654,10849.726,-5.154,75.263,0.254340,-0.967095,-0.006175,0.966327,0.254386,-0.038740,0.039036,0.003886,0.999230,0,0.92354,0.60868,55.412,1.217,-1,400.000,-1,400.000,-1,325.000,325.000,300.000,300.000,-1,-1,-1,-1,875.000,775.000,-1,-1,2,0,2,0,2,0,0,0,0,2,2,2,2,0,0,2,2
145,11374.347,10903.506,-2.921,76.720,0.229628,-0.973257,-0.006482,0.972539,0.229708,-0.037434,0.037922,0.002292,0.999278,0,0.92097,0.72868,55.258,1.457,-1,400.000,-1,400.000,-1,325.000,325.000,300.000,300.000,-1,-1,-1,-1,900.000,800.000,-1,-1,2,0,2,0,2,0,0,0,0,2,2,2,2,0,0,2,2
146,11385.523,10957.513,-0.692,78.309,0.202520,-0.979254,-0.006830,0.978587,0.202634,-0.036145,0.036779,0.000637,0.999323,0,0.91918,0.79445,55.151,1.589,-1,425.000,-1,400.000,-1,325.000,325.000,300.000,300.000,650.000,-1,-1,-1,900.000,800.000,-1,-1,2,0,2,0,2,0,0,0,0,1,2,2,2,0,0,2,2
147,11395.188,11011.731,1.534,79.893,0.175346,-0.984480,-0.007210,0.983863,0.175491,-0.034871,0.035595,-0.000979,0.999366,0,0.91789,0.79188,55.073,1.584,-1,425.000,-1,400.000,-1,325.000,325.000,300.000,300.000,650.000,-1,-1,-1,900.000,800.000,-1,-1,2,0,2,0,2,0,0,0,0,1,2,2,2,0,0,2,2
148,11403.346,11066.130,3.754,81.471,0.148134,-0.988938,-0.007623,0.988370,0.148308,-0.033609,0.034368,-0.002556,0.999406,0,0.91679,0.78919,55.007,1.578,-1,425.000,-1,400.000,-1,325.000,325.000,300.000,300.000,650.000,-1,-1,-1,875.000,800.000,-1,-1,2,0,2,0,2,0,0,0,0,1,2,2,2,0,0,2,2
149,11410.001,11120.678,5.913,83.044,0.120901,-0.992630,-0.008298,0.992107,0.121109,-0.032496,0.033262,-0.004303,0.999437,0,0.91588,0.78637,54.953,1.573,-1,425.000,-1,400.000,-1,325.000,325.000,300.000,300.000,675.000,-1,-1,-1,875.000,800.000,-1,-1,2,0,2,0,2,0,0,0,0,1,2,2,2,0,1,2,2
150,11415.158,11175.345,7.600,84.611,0.093635,-0.995551,-0.010534,0.995101,0.093919,-0.030866,0.031718,-0.007592,0.999468,0,0.91515,0.78344,54.909,1.567,-1,425.000,-1,400.000,-1,350.000,325.000,300.000,300.000,675.000,-1,-1,-1,875.000,775.000,-1,975.000,2,0,2,0,2,0,0,0,0,1,2,2,2,0,1,2,1
151,11419.059,11233.696,8.804,86.176,0.066406,-0.997732,-0.010967,0.997359,0.066697,-0.028760,0.029426,-0.009028,0.999526,0,0.97470,0.78241,58.482,1.565,-1,425.000,-1,400.000,975.000,325.000,325.000,300.000,300.000,700.000,-1,-1,-1,850.000,725.000,-1,900.000,2,0,2,0,1,0,0,0,0,1,2,2,2,0,1,2,1
152,11421.357,11292.014,9.976,87.743,0.039084,-0.999170,-0.011442,0.998871,0.039376,-0.026582,0.027011,-0.010390,0.999581,0,0.97272,0.78382,58.363,1.568,-1,425.000,-1,400.000,875.000,325.000,325.000,300.000,300.000,700.000,-1,-1,-1,850.000,700.000,-1,825.000,2,0,2,0,1,0,0,0,0,1,2,2,2,0,1,2,1
153,11422.055,11350.248,11.129,89.313,0.011694,-0.999859,-0.012025,0.999631,0.011984,-0.024382,0.024522,-0.011735,0.999630,0,0.97064,0.78505,58.239,1.570,-1,425.000,-1,400.000,775.000,325.000,325.000,300.000,300.000,725.000,-1,-1,-1,825.000,650.000,-1,775.000,2,0,2,0,1,0,0,0,0,1,2,2,2,0,1,2,1
154,11421.156,11408.351,12.258,90.886,-0.015738,-0.999795,-0.012716,0.999635,-0.015453,-0.022160,0.021959,-0.013060,0.999674,0,0.96849,0.78611,58.109,1.572,-1,425.000,-1,400.000,700.000,325.000,325.000,300.000,300.000,750.000,-1,-1,-1,825.000,625.000,-1,725.000,2,0,2,0,1,0,0,0,0,1,2,2,2,0,1,2,1
155,11418.668,11466.273,13.358,92.460,-0.043183,-0.998976,-0.013514,0.998880,-0.042909,-0.019921,0.019320,-0.014359,0.999710,0,0.96626,0.78700,57.976,1.574,-1,400.000,-1,400.000,650.000,325.000,325.000,300.000,300.000,775.000,-1,-1,-1,800.000,600.000,-1,675.000,2,0,2,1,1,0,0,0,0,1,2,2,2,0,1,2,1
156,11414.598,11523.969,14.424,94.035,-0.070614,-0.997399,-0.014418,0.997365,-0.070356,-0.017666,0.016606,-0.015628,0.999740,0,0.96399,0.78771,57.839,1.575,-1,400.000,-1,375.000,575.000,325.000,325.000,300.000,300.000,825.000,-1,-1,-1,800.000,600.000,-1,625.000,2,0,2,1,1,0,0,0,0,1,2,2,2,0,1,2,1
157,11408.956,11581.393,15.452,95.611,-0.098004,-0.995066,-0.015428,0.995090,-0.097768,-0.015400,0.013816,-0.016861,0.999762,0,0.96168,0.78825,57.701,1.576,-1,400.000,-1,375.000,525.000,325.000,325.000,300.000,300.000,850.000,-1,-1,-1,775.000,600.000,-1,575.000,2,0,2,1,1,0,0,0,0,1,2,2,2,0,1,2,1
158,11401.752,11638.501,16.439,97.189,-0.125326,-0.991978,-0.016541,0.992055,-0.125117,-0.013126,0.010951,-0.018055,0.999777,0,0.95935,0.78861,57.561,1.577,-1,400.000,-1,375.000,475.000,325.000,325.000,300.000,300.000,875.000,-1,-1,-1,750.000,600.000,-1,550.000,2,0,2,1,1,0,0,0,0,1,2,2,2,0,1,2,1
159,11393.001,11695.250,17.379,98.766,-0.152551,-0.988136,-0.017758,0.988263,-0.152376,-0.010845,0.008010,-0.019204,0.999783,0,0.95701,0.78879,57.420,1.578,-1,400.000,-1,375.000,450.000,325.000,325.000,300.000,300.000,925.000,-1,-1,-1,750.000,625.000,-1,525.000,2,0,2,1,1,0,0,0,0,1,2,2,2,0,1,2,1
160,11382.715,11751.600,18.257,100.344,-0.179653,-0.983546,-0.019028,0.983717,-0.179519,-0.008588,0.005031,-0.020261,0.999782,0,0.95468,0.78881,57.281,1.578,-1,375.000,-1,375.000,400.000,325.000,300.000,300.000,300.000,950.000,-1,-1,-1,725.000,650.000,-1,525.000,2,0,2,0,1,0,0,0,0,1,2,2,2,0,1,2,1
161,11370.911,11807.509,19.379,101.921,-0.206674,-0.978187,-0.020867,0.978397,-0.206514,-0.009567,0.005049,-0.022393,0.999736,0,0.95237,0.78865,57.142,1.577,-1,400.000,-1,375.000,400.000,325.000,325.000,300.000,300.000,975.000,-1,-1,-1,750.000,700.000,-1,600.000,2,0,2,0,1,0,0,1,0,1,2,2,2,0,0,2,1
162,11357.150,11865.910,20.339,103.258,-0.229463,-0.973052,-0.022746,0.973304,-0.229275,-0.010608,0.005107,-0.024573,0.999685,0,1.00000,0.66865,60.000,1.337,-1,400.000,-1,375.000,400.000,325.000,325.000,300.000,300.000,975.000,-1,-1,-1,750.000,700.000,-1,925.000,2,0,2,0,1,0,0,1,0,1,2,2,2,0,0,2,1
163,11342.273,11924.036,20.721,104.356,-0.248067,-0.968468,-0.023075,0.968728,-0.247863,-0.011364,0.005286,-0.025172,0.999669,0,1.00000,0.54865,60.000,1.097,-1,400.000,-1,375.000,400.000,325.000,325.000,300.000,300.000,950.000,-1,-1,-1,750.000,725.000,-1,-1,2,0,2,0,1,0,0,1,0,1,2,2,2,0,0,2,2
164,11326.385,11981.894,20.745,105.356,-0.264913,-0.964024,-0.021895,0.964261,-0.264734,-0.010753,0.004569,-0.023961,0.999702,0,1.00000,0.49997,60.000,1.000,-1,375.000,-1,375.000,400.000,325.000,300.000,275.000,300.000,950.000,-1,-1,-1,750.000,700.000,-1,-1,2,0,2,0,1,0,0,1,1,1,2,2,2,0,0,2,2
165,11309.515,12039.474,21.299,106.330,-0.281302,-0.959360,-0.022317,0.959603,-0.281086,-0.012334,0.005560,-0.024885,0.999675,0,1.00000,0.48728,60.000,0.975,-1,400.000,-1,375.000,450.000,325.000,300.000,275.000,275.000,950.000,-1,-1,-1,750.000,725.000,-1,-1,2,0,2,0,1,0,0,1,1,1,2,2,2,0,0,2,2
166,11291.693,12096.766,21.797,107.279,-0.297174,-0.954554,-0.022669,0.954801,-0.296922,-0.013887,0.006525,-0.025772,0.999647,0,1.00000,0.47423,60.000,0.948,-1,400.000,-1,375.000,575.000,325.000,325.000,275.000,250.000,950.000,-1,-1,-1,775.000,750.000,-1,-1,2,0,2,0,1,0,0,1,1,1,2,2,2,0,0,2,2
167,11272.952,12153.764,22.238,108.201,-0.312525,-0.949632,-0.022954,0.949880,-0.312235,-0.015413,0.007469,-0.026621,0.999618,0,1.00000,0.46095,60.000,0.922,-1,400.000,-1,375.000,725.000,325.000,325.000,275.000,225.000,925.000,-1,-1,-1,775.000,750.000,-1,-1,2,0,2,0,1,0,0,1,1,1,2,2,2,0,0,2,2
168,11253.314,12210.459,22.620,109.105,-0.327503,-0.944566,-0.023175,0.944813,-0.327174,-0.016911,0.008391,-0.027434,0.999588,0,1.00000,0.45210,60.000,0.904,-1,400.000,-1,400.000,925.000,325.000,325.000,300.000,225.000,925.000,-1,-1,-1,775.000,775.000,-1,-1,2,0,2,0,1,0,0,1,1,1,2,2,2,0,0,2,2
169,11232.904,12266.524,22.938,110.004,-0.342313,-0.939296,-0.023331,0.939540,-0.341945,-0.018372,0.009279,-0.028210,0.999559,0,0.99441,0.44946,59.664,0.899,-1,400.000,-1,400.000,-1,325.000,325.000,300.000,200.000,900.000,-1,-1,-1,800.000,775.000,-1,-1,2,0,2,0,2,0,0,1,1,1,2,2,2,0,0,2,2
170,11211.839,12321.691,23.192,110.899,-0.356973,-0.933821,-0.023425,0.934060,-0.356568,-0.019790,0.010128,-0.028945,0.999530,0,0.98420,0.44749,59.052,0.895,-1,400.000,-1,400.000,-1,325.000,325.000,300.000,200.000,875.000,-1,-1,-1,800.000,800.000,-1,-1,2,0,2,0,2,0,0,0,1,1,2,2,2,0,0,2,2
171,11191.907,12372.149,23.839,111.554,-0.367637,-0.929620,-0.025494,0.929919,-0.367194,-0.020460,0.009659,-0.031229,0.999466,0,0.90420,0.32749,54.252,0.655,-1,400.000,-1,400.000,-1,325.000,325.000,300.000,225.000,850.000,-1,-1,-1,800.000,775.000,-1,-1,2,0,2,0,2,0,0,0,1,1,2,2,2,0,1,2,2
172,11172.984,12419.057,24.487,111.969,-0.374361,-0.926882,-0.027268,0.927239,-0.373895,-0.020722,0.009011,-0.033042,0.999413,0,0.84302,0.20749,50.581,0.415,-1,400.000,-1,400.000,-1,325.000,325.000,300.000,225.000,800.000,-1,-1,-1,800.000,775.000,-1,-1,2,0,2,0,2,0,0,0,1,1,2,2,2,0,1,2,2
173,11154.114,12465.427,24.671,112.144,-0.377196,-0.925731,-0.027313,0.926088,-0.376722,-0.020993,0.009144,-0.033213,0.999406,0,0.83438,0.08749,50.063,0.175,-1,400.000,-1,400.000,-1,325.000,325.000,300.000,225.000,750.000,-1,-1,-1,800.000,725.000,-1,-1,2,0,2,0,2,0,0,0,1,1,2,2,2,0,1,2,2
174,11135.475,12511.381,24.513,112.079,-0.376168,-0.926189,-0.025921,0.926493,-0.375684,-0.021720,0.010379,-0.032186,0.999428,0,0.82650,-0.03251,49.590,-0.065,-1,400.000,-1,400.000,-1,325.000,325.000,300.000,225.000,700.000,-1,-1,-1,825.000,700.000,-1,975.000,2,0,2,0,2,0,0,0,1,1,2,2,2,0,1,2,1
175,11117.237,12557.041,24.749,111.774,-0.371229,-0.928193,-0.025429,0.928482,-0.370755,-0.021511,0.010539,-0.031596,0.999445,0,0.81946,-0.15251,49.167,-0.305,-1,400.000,-1,400.000,-1,325.000,325.000,300.000,250.000,675.000,-1,-1,-1,825.000,675.000,-1,925.000,2,0,2,0,2,0,0,0,1,1,2,2,2,0,1,2,1
176,11099.568,12602.528,25.146,111.229,-0.362361,-0.931688,-0.025536,0.931985,-0.361913,-0.020544,0.009898,-0.031243,0.999463,0,0.81330,-0.27251,48.798,-0.545,-1,400.000,-1,400.000,-1,325.000,325.000,300.000,250.000,650.000,-1,-1,-1,800.000,650.000,-1,875.000,2,0,2,0,2,0,0,0,1,1,2,2,2,1,1,2,1
177,11082.633,12647.958,25.402,110.444,-0.349535,-0.936553,-0.026341,0.936880,-0.349112,-0.019386,0.008960,-0.031454,0.999465,0,0.80806,-0.39251,48.484,-0.785,-1,400.000,950.000,400.000,-1,325.000,325.000,300.000,250.000,625.000,-1,-1,-1,750.000,625.000,-1,825.000,2,0,1,0,2,0,0,0,1,1,2,2,2,1,1,2,1
178,11066.600,12693.438,25.655,109.419,-0.332700,-0.942641,-0.027182,0.942998,-0.332300,-0.018231,0.008153,-0.031698,0.999464,0,0.80373,-0.51251,48.224,-1.025,-1,400.000,900.000,400.000,-1,325.000,325.000,300.000,250.000,625.000,-1,-1,-1,700.000,600.000,975.000,775.000,2,0,1,0,2,0,0,0,1,1,2,2,2,1,1,1,1
179,11051.639,12739.065,25.912,108.154,-0.311783,-0.949739,-0.028051,0.950124,-0.311405,-0.017075,0.007481,-0.031976,0.999461,0,0.80028,-0.63251,48.017,-1.265,-1,400.000,825.000,400.000,-1,325.000,325.000,300.000,275.000,625.000,-1,-1,-1,650.000,550.000,875.000,725.000,2,0,1,1,2,0,0,0,1,1,2,2,2,1,1,1,1
180,11037.927,12784.919,26.184,106.649,-0.286708,-0.957581,-0.028941,0.957993,-0.286351,-0.015910,0.006947,-0.032287,0.999454,0,0.79767,-0.75251,47.860,-1.505,-1,400.000,775.000,400.000,-1,325.000,325.000,300.000,275.000,650.000,-1,-1,-1,600.000,525.000,800.000,700.000,2,0,1,1,2,0,0,0,1,1,2,2,2,1,1,1,1
181,11025.484,12831.021,26.477,105.105,-0.260779,-0.964938,-0.029820,0.965377,-0.260443,-0.014730,0.006447,-0.032629,0.999447,0,0.79586,-0.77197,47.752,-1.544,925.000,400.000,700.000,375.000,-1,325.000,325.000,275.000,275.000,675.000,-1,-1,-1,550.000,500.000,700.000,675.000,1,0,1,1,2,0,1,0,1,1,2,2,2,1,1,1,1
182,11014.305,12877.352,26.796,103.565,-0.234733,-0.971576,-0.030677,0.972042,-0.234419,-0.013535,0.005959,-0.032997,0.999438,0,0.79434,-0.76985,47.660,-1.540,775.000,375.000,650.000,350.000,-1,325.000,300.000,275.000,275.000,700.000,-1,-1,-1,500.000,475.000,625.000,650.000,1,1,1,1,2,1,1,0,1,1,2,2,2,1,1,1,1
183,11004.388,12923.887,27.201,102.030,-0.208587,-0.977502,-0.031316,0.977990,-0.208303,-0.012089,0.005293,-0.033148,0.999436,0,0.79299,-0.76762,47.580,-1.535,675.000,350.000,575.000,325.000,-1,300.000,300.000,275.000,275.000,750.000,-1,-1,-1,450.000,450.000,550.000,625.000,1,1,1,1,2,1,1,0,1,1,2,2,2,1,1,1,1
184,10995.731,12970.601,27.650,100.499,-0.182368,-0.982714,-0.031865,0.983220,-0.182119,-0.010583,0.004597,-0.033261,0.999436,0,0.79182,-0.76529,47.509,-1.531,575.000,325.000,525.000,300.000,-1,275.000,275.000,275.000,300.000,800.000,-1,-1,-1,425.000,425.000,475.000,600.000,1,1,1,1,2,1,1,0,1,1,2,2,2,1,1,1,1
185,10987.360,13022.236,28.170,99.208,-0.160147,-0.986560,-0.032443,0.987086,-0.159938,-0.008968,0.003659,-0.033460,0.999433,0,0.87182,-0.64529,52.309,-1.291,475.000,275.000,475.000,275.000,-1,250.000,250.000,300.000,300.000,875.000,-1,-1,-1,375.000,400.000,400.000,550.000,1,1,1,1,2,1,1,0,1,1,2,2,2,1,1,1,1
186,10979.394,13078.787,28.740,98.018,-0.139576,-0.989663,-0.032953,0.990208,-0.139410,-0.007285,0.002616,-0.033647,0.999430,0,0.95182,-0.59509,57.109,-1.190,400.000,250.000,425.000,250.000,-1,225.000,225.000,300.000,300.000,925.000,-1,-1,-1,325.000,375.000,325.000,500.000,1,1,1,1,2,1,1,0,1,1,2,2,2,1,1,1,1
187,10972.326,13137.736,31.009,96.835,-0.119303,-0.992098,-0.038829,0.992829,-0.118907,-0.012343,0.007629,-0.040023,0.999170,0,0.98952,-0.59187,59.371,-1.184,300.000,225.000,400.000,250.000,-1,200.000,200.000,300.000,300.000,1000.000,-1,-1,-1,275.000,350.000,275.000,550.000,1,1,1,1,2,1,1,0,1,1,2,2,2,1,1,1,1
188,10966.432,13197.280,37.809,95.658,-0.099474,-0.994621,-0.028875,0.994619,-0.098546,-0.031967,0.028950,-0.031900,0.999072,0,0.99723,-0.58812,59.834,-1.176,300.000,200.000,400.000,250.000,-1,175.000,200.000,325.000,325.000,-1,825.000,875.000,-1,275.000,375.000,250.000,-1,1,1,1,1,2,1,1,0,1,2,0,0,2,1,1,1,2
189,-6887.290,1639.802,-222.006,178.125,-0.999123,-0.032631,0.026253,0.030601,-0.996763,-0.074342,0.028594,-0.073473,0.996887,1,0.00000,0.00000,60.000,-1.167,-1,375.000,-1,400.000,950.000,325.000,325.000,300.000,300.000,-1,-1,-1,-1,675.000,850.000,-1,-1,2,0,2,0,1,0,0,0,0,2,2,2,2,0,0,2,2
190,-6882.494,1639.625,-222.147,177.885,-0.998979,-0.036806,0.026214,0.034765,-0.996617,-0.074469,0.028866,-0.073482,0.996879,0,-0.08000,-0.12000,-4.800,-0.240,-1,375.000,-1,400.000,950.000,325.000,325.000,300.000,300.000,-1,-1,-1,-1,675.000,850.000,-1,-1,2,0,2,0,1,0,0,0,0,2,2,2,2,0,0,2,2
191,-6872.903,1639.204,-222.432,177.488,-0.998703,-0.043703,0.026134,0.041644,-0.996334,-0.074724,0.029304,-0.073539,0.996862,0,-0.16000,-0.19829,-9.600,-0.397,-1,375.000,-1,400.000,925.000,325.000,325.000,300.000,300.000,-1,-1,-1,-1,675.000,850.000,-1,-1,2,0,2,0,1,0,0,0,0,2,2,2,2,0,0,2,2
192,-6858.978,1638.499,-222.850,177.102,-0.998389,-0.050427,0.026013,0.048350,-0.996004,-0.075093,0.029696,-0.073714,0.996837,0,-0.23238,-0.19337,-13.943,-0.387,-1,375.000,-1,400.000,925.000,325.000,325.000,300.000,300.000,-1,-1,-1,-1,675.000,850.000,-1,-1,2,0,2,0,1,0,0,0,0,2,2,2,2,0,0,2,2
193,-6845.165,1637.709,-223.272,176.728,-0.998042,-0.056929,0.025895,0.054834,-0.995640,-0.075459,0.030078,-0.073891,0.996813,0,-0.23061,-0.18708,-13.837,-0.374,-1,375.000,-1,400.000,925.000,325.000,325.000,300.000,300.000,-1,-1,-1,-1,700.000,850.000,-1,-1,2,0,2,0,1,0,0,0,0,2,2,2,2,0,0,2,2
194,-6831.452,1636.838,-223.696,176.366,-0.997667,-0.063214,0.025779,0.061102,-0.995248,-0.075822,0.030449,-0.074070,0.996788,0,-0.22901,-0.18091,-13.741,-0.362,-1,375.000,-1,400.000,900.000,325.000,325.000,300.000,300.000,-1,-1,-1,-1,700.000,850.000,-1,-1,2,0,2,0,1,0,0,0,0,2,2,2,2,0,0,2,2
195,-6817.830,1635.889,-224.125,176.016,-0.997267,-0.069287,0.025664,0.067157,-0.994830,-0.076182,0.030809,-0.074250,0.996764,0,-0.22758,-0.17487,-13.655,-0.350,-1,375.000,-1,400.000,900.000,325.000,325.000,300.000,300.000,-1,-1,-1,-1,700.000,850.000,-1,-1,2,0,2,0,1,0,0,0,0,2,2,2,2,0,0,2,2
196,-6804.290,1634.866,-224.556,175.678,-0.996845,-0.075152,0.025550,0.073005,-0.994390,-0.076539,0.031159,-0.074433,0.996739,0,-0.22631,-0.16895,-13.579,-0.338,-1,375.000,-1,400.000,900.000,325.000,325.000,300.000,300.000,-1,-1,-1,-1,700.000,850.000,-1,-1,2,0,2,0,1,0,0,0,0,2,2,2,2,0,0,2,2
197,-6790.823,1633.771,-224.992,175.352,-0.996405,-0.080812,0.025437,0.078648,-0.993932,-0.076895,0.031497,-0.074618,0.996715,0,-0.22519,-0.16314,-13.512,-0.326,-1,375.000,-1,400.000,875.000,325.000,325.000,300.000,300.000,-1,-1,-1,-1,700.000,850.000,-1,-1,2,0,2,0,1,0,0,0,0,2,2,2,2,0,0,2,2
198,-6777.420,1632.607,-225.431,175.037,-0.995950,-0.086272,0.025326,0.084092,-0.993459,-0.077248,0.031824,-0.074806,0.996690,0,-0.22422,-0.15745,-13.453,-0.315,-1,375.000,-1,400.000,875.000,325.000,325.000,300.000,300.000,-1,-1,-1,-1,700.000,850.000,-1,-1,2,0,2,0,1,0,0,0,0,2,2,2,2,0,0,2,2
199,-6764.073,1631.377,-225.875,174.733,-0.995482,-0.091536,0.025214,0.089340,-0.992974,-0.077600,0.032140,-0.074997,0.996666,0,-0.22340,-0.15187,-13.404,-0.304,-1,375.000,-1,400.000,875.000,325.000,325.000,300.000,300.000,-1,-1,-1,-1,700.000,850.000,-1,-1,2,0,2,0,1,0,0,0,0,2,2,2,2,0,0,2,2
200,-6750.774,1630.082,-226.322,174.440,-0.995006,-0.096607,0.025104,0.094395,-0.992478,-0.077950,0.032445,-0.075191,0.996641,0,-0.22271,-0.14639,-13.363,-0.293,-1,375.000,-1,400.000,875.000,325.000,325.000,300.000,300.000,-1,-1,-1,-1,700.000,850.000,-1,-1,2,0,2,0,1,0,0,0,0,2,2,2,2,0,0,2,2
201,-6737.513,1628.725,-226.774,174.158,-0.994523,-0.101490,0.024993,0.099263,-0.991976,-0.078298,0.032739,-0.075389,0.996617,0,-0.22216,-0.14102,-13.330,-0.282,-1,375.000,-1,400.000,850.000,325.000,325.000,300.000,300.000,-1,-1,-1,-1,700.000,850.000,-1,-1,2,0,2,0,1,0,0,0,0,2,2,2,2,0,0,2,2
202,-6724.285,1627.308,-227.230,173.887,-0.994035,-0.106188,0.024882,0.103945,-0.991469,-0.078646,0.033021,-0.075590,0.996592,0,-0.22174,-0.13575,-13.304,-0.271,-1,375.000,-1,400.000,850.000,325.000,325.000,300.000,300.000,-1,-1,-1,-1,700.000,850.000,-1,-1,2,0,2,0,1,0,0,0,0,2,2,2,2,0,0,2,2
203,-6711.080,1625.833,-227.690,173.626,-0.993545,-0.110704,0.024772,0.108447,-0.990959,-0.078992,0.033292,-0.075795,0.996567,0,-0.22145,-0.13058,-13.287,-0.261,-1,375.000,-1,400.000,850.000,325.000,325.000,300.000,300.000,-1,-1,-1,-1,700.000,850.000,-1,-1,2,0,2,0,1,0,0,0,0,2,2,2,2,0,0,2,2
204,-6702.646,1624.887,-227.984,173.605,-0.993506,-0.111068,0.024696,0.108808,-0.990902,-0.079212,0.033270,-0.076010,0.996552,0,-0.14145,-0.01058,-8.487,-0.021,-1,375.000,-1,400.000,850.000,325.000,325.000,300.000,300.000,-1,-1,-1,-1,700.000,850.000,-1,-1,2,0,2,0,1,0,0,0,0,2,2,2,2,0,0,2,2
205,-6698.981,1624.485,-228.110,173.743,-0.993772,-0.108669,0.024659,0.106415,-0.991154,-0.079307,0.033059,-0.076189,0.996545,0,-0.06145,0.06930,-3.687,0.139,-1,375.000,-1,400.000,850.000,325.000,325.000,300.000,300.000,-1,-1,-1,-1,700.000,850.000,-1,-1,2,0,2,0,1,0,0,0,0,2,2,2,2,0,0,2,2
206,-6700.088,1624.604,-228.071,173.883,-0.994033,-0.106251,0.024666,0.104003,-0.991412,-0.079278,0.032877,-0.076240,0.996547,0,0.01855,0.06989,1.113,0.140,-1,375.000,-1,400.000,850.000,325.000,325.000,300.000,300.000,-1,-1,-1,-1,700.000,850.000,-1,-1,2,0,2,0,1,0,0,0,0,2,2,2,2,0,0,2,2
207,-6705.969,1625.220,-227.868,174.021,-0.994285,-0.103862,0.024716,0.101622,-0.991671,-0.079124,0.032728,-0.076161,0.996558,0,0.09855,0.06902,5.913,0.138,-1,375.000,-1,400.000,875.000,325.000,325.000,300.000,300.000,-1,-1,-1,-1,700.000,850.000,-1,-1,2,0,2,0,1,0,0,0,0,2,2,2,2,0,0,2,2
208,-6716.626,1626.311,-227.504,174.154,-0.994521,-0.101555,0.024810,0.099323,-0.991927,-0.078846,0.032617,-0.075949,0.996578,0,0.17855,0.06670,10.713,0.133,-1,375.000,-1,400.000,875.000,325.000,325.000,300.000,300.000,-1,-1,-1,-1,700.000,850.000,-1,-1,2,0,2,0,1,0,0,0,0,2,2,2,2,0,0,2,2
209,-6732.062,1627.857,-226.982,174.280,-0.994737,-0.099378,0.024947,0.097155,-0.992173,-0.078442,0.032547,-0.075605,0.996607,0,0.25855,0.06292,15.513,0.126,-1,375.000,-1,400.000,875.000,325.000,325.000,300.000,300.000,-1,-1,-1,-1,700.000,850.000,-1,-1,2,0,2,0,1,0,0,0,0,2,2,2,2,0,0,2,2
210,-6752.277,1629.842,-226.302,174.396,-0.994930,-0.097385,0.025127,0.095170,-0.992407,-0.077912,0.032524,-0.075126,0.996644,0,0.33855,0.05767,20.313,0.115,-1,375.000,-1,400.000,875.000,325.000,325.000,300.000,300.000,-1,-1,-1,-1,700.000,850.000,-1,-1,2,0,2,0,1,0,0,0,0,2,2,2,2,0,0,2,2
211,-6777.275,1632.250,-225.469,174.497,-0.995095,-0.095625,0.025348,0.093420,-0.992625,-0.077257,0.032549,-0.074510,0.996689,0,0.41855,0.05090,25.113,0.102,-1,375.000,-1,400.000,875.000,325.000,325.000,300.000,300.000,-1,-1,-1,-1,700.000,850.000,-1,-1,2,0,2,0,1,0,0,0,0,2,2,2,2,0,0,2,2
212,-6807.054,1635.075,-224.484,174.583,-0.995228,-0.094155,0.025609,0.091959,-0.992822,-0.076476,0.032626,-0.073756,0.996743,0,0.49855,0.04260,29.913,0.085,-1,375.000,-1,400.000,850.000,325.000,325.000,300.000,300.000,-1,-1,-1,-1,700.000,850.000,-1,-1,2,0,2,0,1,0,0,0,0,2,2,2,2,0,0,2,2
213,-6841.616,1638.314,-223.349,174.648,-0.995326,-0.093027,0.025907,0.090842,-0.992994,-0.075569,0.032756,-0.072862,0.996804,0,0.57855,0.03270,34.713,0.065,-1,375.000,-1,400.000,850.000,325.000,325.000,300.000,300.000,-1,-1,-1,-1,700.000,850.000,-1,-1,2,0,2,0,1,0,0,0,0,2,2,2,2,0,0,2,2
214,-6880.959,1641.971,-222.067,174.690,-0.995385,-0.092301,0.026240,0.090127,-0.993137,-0.074536,0.032940,-0.071827,0.996873,0,0.65855,0.02116,39.513,0.042,-1,375.000,-1,400.000,850.000,325.000,325.000,300.000,300.000,-1,-1,-1,-1,700.000,875.000,-1,-1,2,0,2,0,1,0,0,0,0,2,2,2,2,0,0,2,2
215,-6925.083,1646.061,-220.639,174.706,-0.995400,-0.092034,0.026605,0.089873,-0.993247,-0.073377,0.033178,-0.070648,0.996949,0,0.73855,0.00793,44.313,0.016,-1,375.000,-1,400.000,850.000,325.000,325.000,300.000,300.000,-1,-1,-1,-1,700.000,875.000,-1,-1,2,0,2,0,1,0,0,0,0,2,2,2,2,0,0,2,2
216,-6973.986,1650.605,-219.068,174.692,-0.995366,-0.092287,0.026997,0.090141,-0.993316,-0.072092,0.033469,-0.069324,0.997033,0,0.81855,-0.00705,49.113,-0.014,-1,375.000,-1,400.000,825.000,325.000,325.000,300.000,300.000,-1,-1,-1,-1,700.000,875.000,-1,-1,2,0,2,0,1,0,0,0,0,2,2,2,2,0,0,2,2
217,-7027.686,1655.382,-217.366,174.918,-0.995710,-0.088378,0.027410,0.086260,-0.993763,-0.070674,0.033485,-0.068006,0.997123,0,0.89855,0.11295,53.913,0.226,-1,375.000,-1,400.000,825.000,325.000,325.000,300.000,300.000,-1,-1,-1,-1,700.000,900.000,-1,-1,2,0,2,0,1,0,0,0,0,2,2,2,2,0,0,2,2
218,-7082.751,1659.829,-215.657,175.384,-0.996382,-0.080301,0.027823,0.078219,-0.994531,-0.069211,0.033229,-0.066784,0.997214,0,0.92073,0.23295,55.244,0.466,-1,375.000,-1,400.000,825.000,325.000,325.000,300.000,300.000,-1,-1,-1,-1,675.000,900.000,-1,-1,2,0,2,0,1,0,0,0,0,2,2,2,2,0,0,2,2
219,-7137.458,1663.569,-214.008,176.090,-0.997283,-0.068047,0.028233,0.066009,-0.995517,-0.067747,0.032716,-0.065700,0.997303,0,0.91393,0.35295,54.836,0.706,-1,375.000,-1,400.000,850.000,325.000,325.000,300.000,300.000,-1,-1,-1,-1,675.000,925.000,-1,-1,2,0,2,0,1,0,0,0,0,2,2,2,2,0,0,2,2
220,-7191.672,1666.377,-212.431,177.036,-0.998256,-0.051607,0.028648,0.049617,-0.996566,-0.066289,0.031971,-0.064752,0.997389,0,0.90477,0.47295,54.286,0.946,-1,375.000,-1,400.000,850.000,300.000,325.000,300.000,300.000,-1,-1,-1,-1,675.000,925.000,-1,-1,2,0,2,0,1,0,0,0,0,2,2,2,2,0,0,2,2
221,-7245.239,1668.060,-210.721,178.201,-0.999091,-0.031328,0.028895,0.029428,-0.997517,-0.063990,0.030828,-0.063081,0.997532,0,0.89324,0.58278,53.594,1.166,-1,375.000,-1,400.000,925.000,300.000,325.000,300.000,300.000,-1,-1,-1,-1,675.000,925.000,-1,-1,2,0,2,0,1,0,0,0,0,2,2,2,2,0,0,2,2
222,-7298.004,1668.656,-209.074,179.354,-0.999511,-0.011250,0.029179,0.009436,-0.998057,-0.061583,0.029815,-0.061278,0.997675,0,0.87947,0.57652,52.768,1.153,-1,375.000,-1,400.000,-1,300.000,325.000,300.000,300.000,-1,-1,-1,-1,675.000,925.000,-1,-1,2,0,2,0,2,0,0,0,0,2,2,2,2,0,0,2,2
223,-7349.883,1668.207,-207.512,180.497,-0.999527,0.008667,0.029501,-0.010404,-0.998190,-0.059237,0.028934,-0.059516,0.997808,0,0.86470,0.57164,51.882,1.143,-1,375.000,-1,400.000,-1,300.000,325.000,300.000,300.000,-1,-1,-1,-1,675.000,925.000,-1,-1,2,0,2,0,2,0,0,0,0,2,2,2,2,0,0,2,2
224,-7400.816,1666.755,-206.026,181.634,-0.999149,0.028462,0.029866,-0.030130,-0.997922,-0.056960,0.028183,-0.057811,0.997930,0,0.84924,0.56812,50.954,1.136,-1,375.000,-1,400.000,-1,300.000,325.000,300.000,300.000,-1,-1,-1,-1,675.000,925.000,-1,-1,2,0,2,0,2,0,0,0,0,2,2,2,2,0,0,2,2
225,-7450.759,1664.344,-204.608,182.766,-0.998380,0.048173,0.030280,-0.049780,-0.997258,-0.054760,0.027559,-0.056178,0.998040,0,0.83335,0.56593,50.001,1.132,-1,375.000,-1,400.000,-1,300.000,325.000,300.000,300.000,-1,-1,-1,-1,700.000,900.000,-1,-1,2,0,2,0,2,0,0,0,0,2,2,2,2,0,0,2,2
226,-7499.684,1661.013,-203.250,183.896,-0.997222,0.067837,0.030748,-0.069391,-0.996200,-0.052643,0.027060,-0.054630,0.998140,0,0.81732,0.56502,49.039,1.130,-1,375.000,-1,400.000,-1,300.000,325.000,325.000,300.000,-1,-1,850.000,-1,700.000,900.000,-1,-1,2,0,2,0,2,0,0,0,0,2,2,0,2,0,0,2,2
227,-7547.585,1656.801,-201.945,185.026,-0.995674,0.087489,0.031274,-0.088997,-0.994745,-0.050613,0.026682,-0.053177,0.998229,0,0.80143,0.56534,48.086,1.131,-1,375.000,-1,400.000,-1,300.000,325.000,325.000,325.000,-1,-1,800.000,-1,700.000,900.000,-1,-1,2,0,2,0,2,0,0,0,0,2,2,0,2,0,0,2,2
228,-7594.468,1651.742,-200.684,186.160,-0.993731,0.107160,0.031866,-0.108630,-0.992890,-0.048672,0.026424,-0.051829,0.998306,0,0.78592,0.56682,47.155,1.134,-1,375.000,-1,400.000,-1,300.000,300.000,325.000,325.000,-1,-1,750.000,-1,700.000,900.000,-1,-1,2,0,2,0,2,0,0,0,0,2,2,0,2,0,0,2,2
229,-7640.352,1645.865,-199.463,187.299,-0.991385,0.126880,0.032528,-0.128319,-0.990627,-0.046822,0.026283,-0.050592,0.998373,0,0.77099,0.56939,46.259,1.139,-1,375.000,-1,400.000,-1,300.000,325.000,325.000,325.000,-1,950.000,700.000,-1,725.000,900.000,-1,-1,2,0,2,0,2,0,0,0,0,2,0,0,2,0,0,2,2
230,-7685.268,1639.197,-198.273,188.445,-0.988625,0.146675,0.033268,-0.148090,-0.987947,-0.045061,0.026258,-0.049475,0.998430,0,0.75682,0.57299,45.409,1.146,-1,375.000,-1,400.000,-1,300.000,325.000,325.000,325.000,-1,875.000,650.000,-1,725.000,900.000,-1,-1,2,0,2,0,2,0,0,0,0,2,0,0,2,0,0,2,2
231,-7729.257,1631.758,-197.108,189.600,-0.985440,0.166569,0.034090,-0.167968,-0.984837,-0.043388,0.026346,-0.048483,0.998476,0,0.74356,0.57754,44.614,1.155,-1,375.000,-1,400.000,-1,300.000,325.000,325.000,325.000,-1,825.000,625.000,-1,725.000,875.000,-1,-1,2,0,2,0,2,0,0,0,0,2,0,0,2,0,0,2,2
232,-7772.364,1623.562,-195.962,190.766,-0.981816,0.186582,0.035003,-0.187971,-0.981285,-0.041801,0.026549,-0.047620,0.998513,0,0.73132,0.58298,43.879,1.166,-1,375.000,-1,400.000,-1,325.000,325.000,325.000,325.000,-1,775.000,575.000,750.000,725.000,875.000,-1,-1,2,0,2,0,2,0,0,0,0,2,0,0,1,0,0,2,2
233,-7814.640,1614.620,-194.833,191.944,-0.977734,0.206732,0.036020,-0.208118,-0.977274,-0.040281,0.026874,-0.046881,0.998539,0,0.72019,0.58924,43.211,1.178,-1,375.000,-1,400.000,-1,325.000,325.000,325.000,325.000,-1,725.000,525.000,675.000,750.000,850.000,-1,-1,2,0,2,0,2,0,0,0,0,2,0,0,1,0,0,2,2
234,-7856.138,1604.935,-193.862,193.137,-0.973196,0.227039,0.036655,-0.228395,-0.972812,-0.038383,0.026944,-0.045726,0.998591,0,0.71022,0.59628,42.613,1.193,-1,375.000,-1,400.000,-1,325.000,325.000,325.000,325.000,-1,700.000,500.000,650.000,750.000,850.000,-1,-1,2,0,2,0,2,0,0,0,0,2,0,0,1,0,0,2,2
235,-7896.912,1594.509,-192.967,194.345,-0.968175,0.247513,0.037077,-0.248827,-0.967865,-0.036377,0.026881,-0.044444,0.998650,0,0.70144,0.60404,42.087,1.208,-1,400.000,-1,400.000,-1,325.000,325.000,325.000,325.000,-1,675.000,475.000,625.000,750.000,825.000,-1,-1,2,0,2,0,2,0,0,0,0,2,0,0,1,0,0,2,2
236,-7939.756,1582.574,-191.972,195.566,-0.962664,0.268098,0.037430,-0.269364,-0.962430,-0.034237,0.026845,-0.043041,0.998713,0,0.74126,0.61052,44.475,1.221,-1,400.000,-1,400.000,-1,325.000,325.000,325.000,325.000,-1,625.000,450.000,625.000,750.000,825.000,-1,-1,2,0,2,0,2,0,0,0,0,2,0,0,1,0,0,2,2
237,-7981.802,1569.881,-191.021,196.800,-0.956666,0.288776,0.037411,-0.289992,-0.956474,-0.032594,0.026370,-0.042031,0.998768,0,0.73200,0.61702,43.920,1.234,-1,400.000,-1,400.000,-1,325.000,325.000,325.000,325.000,-1,625.000,450.000,625.000,775.000,800.000,-1,-1,2,0,2,0,2,0,0,0,0,2,0,0,1,0,0,2,2
238,-8023.085,1556.428,-190.181,198.049,-0.950152,0.309553,0.037250,-0.310736,-0.949967,-0.031719,0.025568,-0.041713,0.998802,0,0.72367,0.62428,43.420,1.249,-1,400.000,-1,400.000,-1,325.000,325.000,325.000,325.000,-1,625.000,475.000,625.000,775.000,800.000,-1,-1,2,0,2,0,2,0,0,0,0,2,0,0,1,0,0,2,2
239,-8063.645,1542.214,-189.322,199.313,-0.943092,0.330443,0.037213,-0.331603,-0.942909,-0.031009,0.024842,-0.041584,0.998826,0,0.71631,0.63226,42.979,1.265,-1,400.000,-1,400.000,-1,325.000,325.000,325.000,350.000,-1,625.000,475.000,625.000,775.000,800.000,-1,-1,2,0,2,0,2,0,0,0,0,2,0,0,1,0,0,2,2
240,-8108.446,1525.608,-188.356,200.338,-0.937034,0.347251,0.037205,-0.348393,-0.936854,-0.030441,0.024285,-0.041486,0.998844,0,0.79631,0.51226,47.779,1.025,-1,400.000,-1,400.000,-1,325.000,325.000,325.000,350.000,-1,650.000,500.000,625.000,750.000,800.000,-1,-1,2,0,2,0,2,0,0,0,0,2,0,0,1,0,0,2,2
241,-8153.205,1508.318,-187.575,201.122,-0.932223,0.360058,0.036308,-0.361139,-0.932044,-0.029534,0.023206,-0.040645,0.998904,0,0.79972,0.39226,47.983,0.785,-1,400.000,-1,400.000,-1,325.000,325.000,325.000,350.000,-1,675.000,550.000,650.000,750.000,775.000,-1,-1,2,0,2,0,2,0,0,0,0,2,0,0,1,0,0,2,2
242,-8197.642,1490.664,-186.786,201.667,-0.928795,0.368913,0.035273,-0.369933,-0.928613,-0.028759,0.022145,-0.039760,0.998964,0,0.79692,0.27226,47.815,0.545,-1,400.000,-1,400.000,-1,325.000,325.000,300.000,350.000,-1,725.000,600.000,675.000,750.000,775.000,-1,-1,2,0,2,0,2,0,0,0,0,2,0,0,1,0,0,2,2
243,-8241.922,1472.800,-185.950,201.971,-0.926856,0.373855,0.034202,-0.374819,-0.926670,-0.028163,0.021165,-0.038923,0.999018,0,0.79579,0.15226,47.748,0.305,-1,400.000,-1,400.000,-1,325.000,325.000,300.000,350.000,-1,800.000,650.000,675.000,750.000,750.000,-1,-1,2,0,2,0,2,0,0,0,0,2,0,0,1,0,0,2,2
244,-8286.203,1454.878,-185.056,202.036,-0.926471,0.374910,0.033080,-0.375821,-0.926277,-0.027722,0.020248,-0.038116,0.999068,0,0.79618,0.03226,47.771,0.065,-1,400.000,-1,400.000,-1,325.000,325.000,300.000,350.000,-1,900.000,725.000,700.000,750.000,750.000,-1,-1,2,0,2,0,2,0,0,0,0,2,0,0,1,0,0,2,2
245,-8330.635,1437.053,-184.094,201.860,-0.927652,0.372082,0.031890,-0.372943,-0.927449,-0.027411,0.019378,-0.037321,0.999115,0,0.79791,-0.08774,47.874,-0.175,-1,400.000,-1,400.000,-1,325.000,325.000,300.000,350.000,-1,1000.000,825.000,725.000,725.000,750.000,-1,-1,2,0,2,0,2,0,0,0,0,2,0,0,1,0,0,2,2
246,-8375.357,1419.486,-183.053,201.445,-0.930364,0.365358,0.030612,-0.366169,-0.930151,-0.027199,0.018536,-0.036514,0.999161,0,0.80081,-0.20774,48.048,-0.415,-1,375.000,-1,400.000,-1,325.000,325.000,300.000,350.000,-1,-1,950.000,750.000,725.000,725.000,-1,-1,2,0,2,0,2,0,0,0,0,2,2,0,1,0,0,2,2
247,-8420.497,1402.349,-181.969,200.789,-0.934519,0.354706,0.029287,-0.355466,-0.934304,-0.026854,0.017837,-0.035506,0.999210,0,0.80473,-0.32774,48.284,-0.655,-1,375.000,-1,375.000,-1,325.000,325.000,300.000,350.000,-1,-1,-1,775.000,725.000,725.000,-1,-1,2,0,2,0,2,0,0,0,0,2,2,2,1,0,0,2,2
248,-8466.171,1385.822,-180.949,199.894,-0.939977,0.340080,0.028074,-0.340783,-0.939787,-0.025837,0.017597,-0.033854,0.999272,0,0.80952,-0.44774,48.571,-0.895,-1,375.000,-1,375.000,-1,300.000,325.000,300.000,350.000,-1,-1,-1,800.000,725.000,725.000,-1,-1,2,0,2,0,2,0,0,0,0,2,2,2,1,0,0,2,2
249,-8512.410,1369.904,-179.619,198.996,-0.945194,0.325331,0.027695,-0.326016,-0.945024,-0.025349,0.017925,-0.032989,0.999295,0,0.81505,-0.44862,48.903,-0.897,-1,375.000,-1,375.000,-1,300.000,300.000,300.000,350.000,-1,-1,-1,825.000,700.000,700.000,-1,-1,2,0,2,0,2,0,0,0,0,2,2,2,1,0,0,2,2
250,-8559.213,1354.583,-178.210,198.127,-0.950034,0.310958,0.027218,-0.311619,-0.949883,-0.024827,0.018134,-0.032069,0.999321,0,0.82077,-0.43490,49.246,-0.870,-1,375.000,-1,375.000,-1,300.000,300.000,325.000,350.000,-1,-1,-1,850.000,700.000,700.000,-1,-1,2,0,2,0,2,0,0,0,0,2,2,2,1,0,0,2,2
251,-8606.572,1339.846,-176.878,197.285,-0.954497,0.296969,0.027298,-0.297633,-0.954360,-0.024709,0.018714,-0.031710,0.999322,0,0.82665,-0.42099,49.599,-0.842,-1,375.000,-1,375.000,-1,300.000,300.000,325.000,350.000,-1,-1,-1,900.000,700.000,675.000,-1,-1,2,0,2,0,2,0,0,0,0,2,2,2,1,0,0,2,2
252,-8654.483,1325.681,-175.588,196.471,-0.958588,0.283384,0.028330,-0.284084,-0.958480,-0.024745,0.020141,-0.031769,0.999292,0,0.83269,-0.40688,49.961,-0.814,-1,375.000,-1,375.000,-1,300.000,300.000,325.000,350.000,-1,-1,-1,925.000,700.000,675.000,-1,-1,2,0,2,0,2,0,0,0,0,2,2,2,1,0,0,2,2
253,-8702.942,1312.073,-174.248,195.686,-0.962344,0.270227,0.029511,-0.270956,-0.962284,-0.024352,0.021818,-0.031431,0.999268,0,0.83889,-0.39257,50.333,-0.785,-1,375.000,-1,375.000,-1,300.000,300.000,325.000,350.000,-1,-1,-1,950.000,700.000,675.000,-1,-1,2,0,2,0,2,0,0,0,0,2,2,2,1,0,0,2,2
254,-8751.946,1299.008,-172.979,194.930,-0.965782,0.257511,0.030881,-0.258264,-0.965789,-0.023491,0.023775,-0.030662,0.999247,0,0.84526,-0.37805,50.716,-0.756,-1,375.000,-1,375.000,-1,300.000,325.000,325.000,350.000,-1,-1,-1,975.000,700.000,675.000,-1,-1,2,0,2,0,2,0,0,0,0,2,2,2,1,0,0,2,2
255,-8801.493,1286.468,-171.666,194.203,-0.968924,0.245248,0.032232,-0.246021,-0.968999,-0.022667,0.025673,-0.029892,0.999223,0,0.85182,-0.36332,51.109,-0.727,-1,375.000,-1,375.000,-1,300.000,325.000,325.000,350.000,-1,-1,-1,1000.000,700.000,675.000,-1,-1,2,0,2,0,2,0,0,0,0,2,2,2,1,0,0,2,2
256,-8851.583,1274.437,-170.309,193.506,-0.971789,0.233452,0.033564,-0.234242,-0.971932,-0.021878,0.027514,-0.029123,0.999197,0,0.85857,-0.34837,51.514,-0.697,-1,375.000,-1,375.000,-1,325.000,325.000,325.000,350.000,-1,-1,-1,-1,700.000,650.000,-1,-1,2,0,2,0,2,0,0,0,0,2,2,2,2,0,0,2,2
257,-8902.216,1262.897,-168.910,192.840,-0.974391,0.222137,0.034878,-0.222941,-0.974603,-0.021121,0.029301,-0.028356,0.999168,0,0.86552,-0.33319,51.931,-0.666,-1,375.000,-1,375.000,-1,325.000,325.000,325.000,325.000,-1,-1,-1,-1,700.000,650.000,-1,-1,2,0,2,0,2,0,0,0,0,2,2,2,2,0,0,2,2
258,-8953.395,1251.828,-167.468,192.204,-0.976748,0.211318,0.036175,-0.212134,-0.977028,-0.020392,0.031035,-0.027592,0.999137,0,0.87270,-0.31777,52.362,-0.636,-1,375.000,-1,375.000,-1,325.000,300.000,300.000,325.000,-1,-1,-1,-1,700.000,650.000,-1,-1,2,0,2,0,2,0,0,0,0,2,2,2,2,0,0,2,2
259,-9005.054,1241.228,-165.988,191.596,-0.978889,0.200930,0.037453,-0.201755,-0.979238,-0.019690,0.032719,-0.026831,0.999104,0,0.87892,-0.30437,52.735,-0.609,-1,375.000,-1,375.000,-1,300.000,300.000,300.000,325.000,-1,-1,-1,-1,700.000,650.000,-1,-1,2,0,2,0,2,0,0,0,0,2,2,2,2,0,0,2,2
260,-9056.940,1231.146,-164.477,190.997,-0.980887,0.190691,0.038708,-0.191522,-0.981304,-0.019016,0.034359,-0.026066,0.999070,0,0.88094,-0.29934,52.856,-0.599,-1,375.000,-1,375.000,-1,300.000,300.000,300.000,325.000,-1,-1,-1,-1,675.000,625.000,-1,-1,2,0,2,0,2,0,0,0,0,2,2,2,2,0,0,2,2
261,-9109.054,1221.574,-162.934,190.408,-0.982744,0.180606,0.039942,-0.181442,-0.983230,-0.018369,0.035954,-0.025299,0.999033,0,0.88310,-0.29422,52.986,-0.588,-1,375.000,-1,350.000,-1,300.000,300.000,300.000,325.000,-1,-1,575.000,-1,675.000,625.000,-1,-1,2,0,2,0,2,0,0,0,0,2,2,0,2,0,0,2,2
262,-9161.398,1212.504,-161.046,189.830,-0.984462,0.170677,0.041276,-0.171561,-0.984992,-0.018913,0.037428,-0.025701,0.998969,0,0.88539,-0.28900,53.123,-0.578,-1,375.000,-1,350.000,-1,300.000,300.000,300.000,325.000,-1,625.000,575.000,-1,675.000,625.000,-1,-1,2,0,2,0,2,0,0,0,0,2,0,0,2,0,0,2,2
263,-9213.972,1203.929,-158.602,189.263,-0.985992,0.160904,0.043928,-0.161945,-0.986571,-0.021239,0.039921,-0.028055,0.998809,0,0.88781,-0.28369,53.268,-0.567,-1,375.000,-1,350.000,-1,300.000,300.000,300.000,325.000,-1,575.000,550.000,-1,675.000,625.000,-1,-1,2,0,2,0,2,0,0,0,0,2,0,0,2,0,0,2,2
264,-9266.778,1195.842,-155.699,188.706,-0.987384,0.151310,0.046668,-0.152446,-0.988072,-0.021791,0.042814,-0.028630,0.998673,0,0.89036,-0.27830,53.421,-0.557,-1,375.000,-1,350.000,-1,300.000,300.000,300.000,325.000,-1,550.000,550.000,-1,675.000,625.000,-1,-1,2,0,2,0,2,0,0,0,0,2,0,0,2,0,0,2,2
265,-9319.817,1188.237,-152.629,188.161,-0.988628,0.141894,0.049817,-0.143110,-0.989468,-0.021729,0.046209,-0.028611,0.998522,0,0.89303,-0.27281,53.582,-0.546,-1,375.000,-1,350.000,-1,300.000,300.000,300.000,325.000,-1,525.000,525.000,-1,700.000,650.000,-1,-1,2,0,2,0,2,0,0,0,0,2,0,0,2,0,0,2,2
266,-9373.092,1181.104,-149.541,187.626,-0.989746,0.132658,0.052965,-0.133956,-0.990749,-0.021742,0.049591,-0.028614,0.998360,0,0.89583,-0.26724,53.750,-0.534,-1,375.000,-1,350.000,-1,300.000,300.000,325.000,350.000,-1,500.000,500.000,-1,725.000,650.000,-1,-1,2,0,2,0,2,0,0,0,0,2,0,0,2,0,0,2,2
267,-9426.603,1174.436,-146.433,187.103,-0.990744,0.123606,0.056116,-0.124988,-0.991918,-0.021827,0.052964,-0.028639,0.998186,0,0.89874,-0.26159,53.924,-0.523,-1,375.000,-1,375.000,-1,300.000,300.000,325.000,350.000,-1,475.000,475.000,-1,725.000,675.000,-1,-1,2,0,2,0,2,0,0,0,0,2,0,0,2,0,0,2,2
268,-9480.352,1168.225,-143.306,186.591,-0.991626,0.114742,0.059268,-0.116213,-0.992981,-0.021980,0.056330,-0.028684,0.998000,0,0.90177,-0.25585,54.106,-0.512,-1,375.000,-1,375.000,-1,300.000,300.000,325.000,325.000,-1,450.000,475.000,-1,750.000,675.000,-1,-1,2,0,2,0,2,0,0,0,0,2,0,0,2,0,0,2,2
269,-9534.341,1162.464,-140.159,186.091,-0.992397,0.106071,0.062423,-0.107633,-0.993943,-0.022197,0.059691,-0.028747,0.997803,0,0.90492,-0.25003,54.295,-0.500,-1,375.000,-1,375.000,-1,300.000,300.000,325.000,325.000,-1,425.000,450.000,-1,750.000,700.000,-1,-1,2,0,2,0,2,0,0,0,0,2,0,0,2,0,0,2,2
270,-9588.400,1157.170,-136.999,185.593,-0.993081,0.097415,0.065573,-0.099070,-0.994827,-0.022474,0.063045,-0.028814,0.997595,0,0.90527,-0.24937,54.316,-0.499,-1,375.000,-1,375.000,-1,300.000,300.000,325.000,325.000,-1,425.000,450.000,-1,775.000,700.000,-1,-1,2,0,2,0,2,0,0,0,0,2,0,0,2,0,0,2,2
271,-9642.586,1152.346,-133.824,185.088,-0.993690,0.088645,0.068724,-0.090397,-0.995645,-0.022809,0.066402,-0.028877,0.997375,0,0.90666,-0.25245,54.400,-0.505,-1,400.000,-1,375.000,-1,325.000,300.000,325.000,325.000,-1,375.000,400.000,-1,800.000,700.000,-1,-1,2,0,2,0,2,0,0,0,0,2,0,0,2,0,0,2,2
272,-9692.010,1148.176,-130.930,184.823,-0.993888,0.084040,0.071580,-0.085888,-0.996036,-0.023135,0.069352,-0.029142,0.997166,0,0.82666,-0.13245,49.600,-0.265,-1,400.000,-1,375.000,-1,325.000,325.000,325.000,325.000,-1,325.000,350.000,-1,800.000,725.000,-1,-1,2,0,2,0,2,0,0,0,0,2,0,0,2,0,0,2,2
273,-9736.654,1144.429,-128.325,184.798,-0.993737,0.083606,0.074139,-0.085548,-0.996059,-0.023417,0.071889,-0.029613,0.996973,0,0.74666,-0.01245,44.800,-0.025,-1,400.000,-1,375.000,-1,325.000,325.000,325.000,300.000,-1,300.000,325.000,-1,825.000,725.000,-1,-1,2,0,2,0,2,0,0,0,0,2,0,0,2,0,0,2,2
274,-9777.598,1140.838,-125.952,185.013,-0.993240,0.087342,0.076460,-0.089379,-0.995717,-0.023630,0.074069,-0.030304,0.996793,0,0.68503,0.10755,41.102,0.215,-1,400.000,-1,400.000,-1,325.000,325.000,325.000,300.000,-1,275.000,325.000,-1,825.000,750.000,-1,-1,2,0,2,0,2,0,0,0,0,2,0,0,2,0,0,2,2
275,-9818.558,1136.917,-123.456,185.468,-0.992364,0.095244,0.078375,-0.097415,-0.994946,-0.024345,0.075661,-0.031794,0.996627,0,0.68577,0.22755,41.146,0.455,-1,400.000,-1,400.000,-1,325.000,325.000,325.000,300.000,-1,275.000,300.000,-1,850.000,775.000,-1,-1,2,0,2,0,2,0,0,0,0,2,0,0,2,0,0,2,2
276,-9859.498,1132.495,-120.692,186.163,-0.991085,0.107297,0.078986,-0.109655,-0.993626,-0.026135,0.075678,-0.034563,0.996533,0,0.68631,0.34755,41.179,0.695,-1,400.000,-1,400.000,-1,325.000,325.000,325.000,300.000,-1,300.000,325.000,-1,875.000,775.000,-1,-1,2,0,2,0,2,0,0,0,0,2,0,0,2,0,0,2,2
277,-9900.379,1127.403,-117.708,187.098,-0.989243,0.123490,0.078412,-0.125934,-0.991671,-0.027011,0.074424,-0.036595,0.996555,0,0.68660,0.46755,41.196,0.935,-1,400.000,-1,400.000,-1,325.000,325.000,325.000,300.000,-1,350.000,400.000,-1,875.000,800.000,-1,-1,2,0,2,0,2,0,0,0,0,2,0,0,2,0,0,2,2
278,-9941.161,1121.569,-114.782,188.141,-0.986878,0.141500,0.077774,-0.144036,-0.989176,-0.028000,0.072970,-0.038835,0.996578,0,0.68663,0.52125,41.198,1.043,-1,400.000,-1,400.000,-1,325.000,325.000,300.000,300.000,-1,400.000,450.000,-1,875.000,800.000,-1,-1,2,0,2,0,2,0,0,0,0,2,0,0,2,0,0,2,2
279,-9981.817,1114.998,-111.896,189.179,-0.984198,0.159388,0.077134,-0.162013,-0.986362,-0.029015,0.071458,-0.041054,0.996598,0,0.68641,0.51918,41.185,1.038,-1,400.000,-1,400.000,-1,325.000,325.000,300.000,300.000,-1,450.000,525.000,-1,875.000,825.000,-1,-1,2,0,2,0,2,0,0,0,0,2,0,0,2,0,0,2,2
280,-10022.325,1107.698,-109.053,190.214,-0.981205,0.177157,0.076496,-0.179866,-0.983232,-0.030055,0.069888,-0.043249,0.996617,0,0.68601,0.51735,41.160,1.035,-1,400.000,-1,400.000,-1,325.000,325.000,300.000,300.000,-1,525.000,600.000,-1,875.000,825.000,-1,-1,2,0,2,0,2,0,0,0,0,2,0,0,2,0,0,2,2
281,-10062.661,1099.677,-106.256,191.245,-0.977903,0.194810,0.075860,-0.197600,-0.979789,-0.031119,0.068264,-0.045421,0.996633,0,0.68544,0.51576,41.126,1.032,-1,400.000,-1,400.000,-1,325.000,325.000,300.000,300.000,-1,600.000,675.000,-1,900.000,850.000,-1,-1,2,0,2,0,2,0,0,0,0,2,0,0,2,0,0,2,2
282,-10102.804,1090.942,-103.509,192.274,-0.974294,0.212350,0.075229,-0.215217,-0.976035,-0.032205,0.066587,-0.047567,0.996646,0,0.68472,0.51442,41.083,1.029,-1,400.000,-1,400.000,-1,325.000,325.000,300.000,300.000,-1,650.000,750.000,-1,900.000,850.000,-1,-1,2,0,2,0,2,0,0,0,0,2,0,0,2,0,0,2,2
283,-10142.735,1081.501,-100.814,193.301,-0.970379,0.229781,0.074605,-0.232719,-0.971973,-0.033312,0.064860,-0.049687,0.996657,0,0.68388,0.51332,41.033,1.027,-1,400.000,-1,400.000,-1,325.000,325.000,300.000,300.000,-1,750.000,850.000,-1,900.000,850.000,-1,-1,2,0,2,0,2,0,0,0,0,2,0,0,2,0,0,2,2
284,-10182.436,1071.361,-98.174,194.326,-0.966160,0.247104,0.073990,-0.250111,-0.967604,-0.034439,0.063083,-0.051779,0.996664,0,0.68293,0.51249,40.976,1.025,-1,400.000,-1,400.000,-1,325.000,325.000,300.000,300.000,-1,825.000,950.000,-1,900.000,875.000,-1,-1,2,0,2,0,2,0,0,0,0,2,0,0,2,0,0,2,2
285,-10221.891,1060.529,-95.592,195.350,-0.961638,0.264325,0.073386,-0.267396,-0.962930,-0.035585,0.061259,-0.053843,0.996669,0,0.68192,0.51190,40.915,1.024,-1,400.000,-1,400.000,-1,325.000,325.000,300.000,300.000,-1,925.000,-1,-1,900.000,875.000,-1,-1,2,0,2,0,2,0,0,0,0,2,0,2,2,0,0,2,2
286,-10261.085,1049.012,-93.069,196.373,-0.956812,0.281445,0.072794,-0.284576,-0.957949,-0.036748,0.059390,-0.055876,0.996670,0,0.68085,0.51157,40.851,1.023,-1,400.000,-1,400.000,-1,325.000,325.000,300.000,300.000,-1,-1,-1,-1,900.000,900.000,-1,-1,2,0,2,0,2,0,0,0,0,2,2,2,2,0,0,2,2
287,-10300.004,1036.817,-90.609,197.396,-0.951683,0.298469,0.072216,-0.301654,-0.952663,-0.037927,0.057478,-0.057879,0.996668,0,0.67976,0.51149,40.786,1.023,-1,400.000,-1,400.000,-1,325.000,325.000,300.000,300.000,-1,-1,-1,-1,900.000,900.000,-1,-1,2,0,2,0,2,0,0,0,0,2,2,2,2,0,0,2,2
288,-10338.638,1023.950,-88.213,198.419,-0.946250,0.315399,0.071655,-0.318635,-0.947070,-0.039121,0.055523,-0.059850,0.996662,0,0.67868,0.51167,40.721,1.023,-1,425.000,-1,425.000,-1,325.000,325.000,300.000,300.000,-1,-1,-1,-1,900.000,925.000,-1,-1,2,0,2,0,2,0,0,0,0,2,2,2,2,0,0,2,2
289,-10376.976,1010.415,-85.882,199.443,-0.940511,0.332238,0.071111,-0.335520,-0.941170,-0.040328,0.053529,-0.061788,0.996653,0,0.67762,0.51210,40.657,1.024,-1,425.000,-1,425.000,-1,325.000,325.000,300.000,300.000,-1,-1,-1,-1,875.000,925.000,-1,-1,2,0,2,0,2,0,0,0,0,2,2,2,2,0,0,2,2
290,-10415.009,996.217,-83.692,200.469,-0.934455,0.348994,0.070691,-0.352307,-0.934976,-0.041229,0.051706,-0.063431,0.996646,0,0.67663,0.51278,40.598,1.026,-1,425.000,-1,425.000,-1,325.000,325.000,300.000,300.000,-1,-1,-1,-1,875.000,950.000,-1,-1,2,0,2,0,2,0,0,0,0,2,2,2,2,0,0,2,2
291,-10452.730,981.360,-81.796,201.496,-0.928142,0.365684,0.069476,-0.368945,-0.928522,-0.041558,0.049313,-0.064204,0.996718,0,0.67571,0.51370,40.543,1.027,-1,425.000,-1,425.000,-1,325.000,350.000,300.000,300.000,-1,-1,-1,-1,875.000,950.000,-1,-1,2,0,2,0,2,0,0,0,0,2,2,2,2,0,0,2,2
292,-10490.134,965.846,-80.126,202.526,-0.921558,0.382308,0.067613,-0.385454,-0.921790,-0.041567,0.046433,-0.064368,0.996845,0,0.67490,0.51487,40.494,1.030,-1,425.000,-1,425.000,-1,325.000,325.000,300.000,300.000,-1,-1,-1,-1,875.000,950.000,-1,-1,2,0,2,0,2,0,0,0,0,2,2,2,2,0,0,2,2
293,-10527.214,949.677,-78.517,203.559,-0.914653,0.398853,0.065778,-0.401887,-0.914741,-0.041658,0.043555,-0.064538,0.996964,0,0.67421,0.51628,40.453,1.033,-1,425.000,-1,425.000,-1,325.000,325.000,300.000,300.000,-1,-1,-1,-1,850.000,950.000,-1,-1,2,0,2,0,2,0,0,0,0,2,2,2,2,0,0,2,2
294,-10563.966,932.854,-76.972,204.594,-0.907423,0.415320,0.063977,-0.418245,-0.907371,-0.041826,0.040679,-0.064712,0.997074,0,0.67367,0.51793,40.420,1.036,-1,425.000,-1,425.000,-1,325.000,325.000,300.000,300.000,-1,-1,-1,-1,850.000,950.000,-1,-1,2,0,2,0,2,0,0,0,0,2,2,2,2,0,0,2,2
295,-10600.387,915.377,-75.530,205.634,-0.899854,0.431705,0.062394,-0.434538,-0.899666,-0.042157,0.037934,-0.065048,0.997161,0,0.67330,0.51981,40.398,1.040,-1,425.000,-1,425.000,-1,325.000,325.000,300.000,300.000,-1,-1,-1,-1,850.000,950.000,-1,-1,2,0,2,0,2,0,0,0,0,2,2,2,2,0,0,2,2
296,-10636.474,897.244,-74.186,206.678,-0.891958,0.448016,0.060763,-0.450750,-0.891637,-0.042511,0.035133,-0.065307,0.997247,0,0.67311,0.52192,40.387,1.044,-1,425.000,-1,425.000,-1,325.000,325.000,300.000,300.000,-1,-1,-1,-1,825.000,950.000,-1,-1,2,0,2,0,2,0,0,0,0,2,2,2,2,0,0,2,2
297,-10672.223,878.453,-72.987,207.726,-0.883739,0.464243,0.059014,-0.466880,-0.883264,-0.043219,0.032060,-0.065747,0.997321,0,0.67313,0.52426,40.388,1.049,-1,400.000,-1,425.000,-1,325.000,325.000,300.000,300.000,-1,-1,-1,-1,825.000,925.000,-1,-1,2,0,2,0,2,0,0,0,0,2,2,2,2,0,0,2,2
298,-10707.632,859.001,-71.936,208.780,-0.875189,0.480380,0.057254,-0.482928,-0.874530,-0.044469,0.028709,-0.066569,0.997369,0,0.67335,0.52681,40.401,1.054,-1,400.000,-1,425.000,-1,325.000,325.000,300.000,300.000,-1,-1,-1,-1,800.000,925.000,-1,-1,2,0,2,0,2,0,0,0,0,2,2,2,2,0,0,2,2
299,-10742.700,838.885,-70.933,209.839,-0.866290,0.496438,0.055595,-0.498894,-0.865455,-0.045746,0.025405,-0.067365,0.997405,0,0.67381,0.52959,40.428,1.059,-1,400.000,-1,425.000,-1,325.000,325.000,300.000,300.000,-1,-1,-1,-1,800.000,925.000,-1,-1,2,0,2,0,2,0,0,0,0,2,2,2,2,0,0,2,2
