timestep,x_cm,y_cm,z_cm,yaw_deg,teleport_flag,throttle_cmd,steering_cmd,cmd_move_cm,cmd_turn_deg,lidar_cm_0,lidar_cm_1,lidar_cm_2,lidar_cm_3,lidar_cm_4,lidar_cm_5,lidar_cm_6,lidar_cm_7,lidar_cm_8,lidar_cm_9,lidar_cm_10,lidar_cm_11,lidar_cm_12,lidar_cm_13,lidar_cm_14,lidar_cm_15,lidar_cm_16,lidar_class_0,lidar_class_1,lidar_class_2,lidar_class_3,lidar_class_4,lidar_class_5,lidar_class_6,lidar_class_7,lidar_class_8,lidar_class_9,lidar_class_10,lidar_class_11,lidar_class_12,lidar_class_13,lidar_class_14,lidar_class_15,lidar_class_16
0,5456.793,-15309.927,202.721,81.957,1,0.08000,0.12000,9.600,1.080,-1,425.000,-1,375.000,-1,325.000,325.000,300.000,300.000,-1,-1,-1,-1,975.000,775.000,-1,-1,2,0,2,0,2,0,0,0,0,2,2,2,2,0,0,2,2
2,5460.089,-15262.059,204.316,87.357,0,0.24000,0.36000,28.800,3.240,-1,425.000,-1,400.000,-1,325.000,325.000,300.000,300.000,-1,-1,-1,-1,-1,800.000,-1,-1,2,0,2,0,2,0,0,0,0,2,2,2,2,2,0,2,2
4,5453.051,-15176.041,207.758,97.077,0,0.40000,0.60000,48.000,5.400,-1,450.000,-1,425.000,-1,350.000,350.000,300.000,300.000,-1,-1,-1,-1,-1,875.000,-1,-1,2,0,2,0,2,0,0,0,0,2,2,2,2,2,0,2,2
6,5419.926,-15055.862,213.395,107.910,0,0.56000,0.60180,67.200,5.416,-1,450.000,-1,450.000,-1,350.000,350.000,300.000,300.000,-1,-1,-1,-1,925.000,-1,-1,-1,2,0,2,0,2,0,0,0,0,2,2,2,2,0,2,2,2
8,5347.969,-14909.584,220.960,118.742,0,0.72000,0.60180,86.400,5.416,-1,425.000,-1,475.000,-1,375.000,375.000,275.000,300.000,-1,-1,-1,-1,800.000,-1,-1,-1,2,0,2,0,2,0,0,0,0,2,2,2,2,0,2,2,2
10,5230.543,-14753.288,229.416,129.574,0,0.83092,0.60180,99.710,5.416,875.000,400.000,-1,500.000,-1,350.000,375.000,275.000,325.000,-1,-1,-1,-1,675.000,-1,-1,-1,0,0,2,0,2,0,0,0,0,2,2,2,2,0,2,2,2
12,5083.213,-14619.222,231.797,140.407,0,0.83092,0.60180,99.710,5.416,475.000,300.000,-1,350.000,-1,275.000,275.000,275.000,300.000,-1,-1,-1,-1,500.000,650.000,525.000,-1,0,0,2,0,2,0,0,0,0,2,2,2,2,0,0,0,2
14,4913.313,-14515.234,234.668,151.239,0,0.83092,0.60180,99.710,5.416,-1,400.000,-1,400.000,-1,325.000,325.000,325.000,250.000,-1,0.000,0.000,525.000,725.000,775.000,-1,-1,2,0,2,0,2,0,0,0,0,2,0,0,0,0,0,2,2
16,4726.896,-14445.029,252.430,162.072,0,0.83092,0.60180,99.710,5.416,-1,375.000,-1,400.000,-1,325.000,325.000,325.000,325.000,-1,50.000,0.000,750.000,725.000,750.000,-1,-1,2,0,2,0,2,0,0,0,0,2,0,0,0,0,0,2,2
18,4530.607,-14411.110,271.847,172.904,0,0.83092,0.60180,99.710,5.416,-1,375.000,-1,375.000,-1,300.000,300.000,325.000,325.000,-1,225.000,200.000,-1,800.000,700.000,-1,-1,2,0,2,0,2,0,0,0,0,2,0,0,2,0,0,2,2
20,4340.926,-14412.363,291.162,182.656,0,0.75092,0.48180,90.110,4.336,-1,375.000,-1,375.000,-1,300.000,300.000,325.000,325.000,-1,400.000,400.000,-1,975.000,925.000,-1,-1,2,0,2,0,2,0,0,0,0,2,0,0,2,0,0,2,2
22,4170.292,-14437.935,309.991,190.464,0,0.72004,0.43180,86.404,3.886,-1,425.000,-1,425.000,-1,325.000,325.000,325.000,300.000,-1,475.000,500.000,-1,-1,-1,-1,-1,2,0,2,0,2,0,0,0,0,2,0,0,2,2,2,2,2
24,4004.373,-14486.205,329.429,198.129,0,0.72023,0.42384,86.428,3.815,-1,475.000,-1,500.000,-1,375.000,375.000,325.000,300.000,-1,675.000,725.000,-1,-1,-1,-1,-1,2,0,2,0,2,0,0,0,0,2,0,0,2,2,2,2,2
26,3846.699,-14555.803,348.057,205.712,0,0.71779,0.42070,86.135,3.786,-1,525.000,-1,575.000,-1,400.000,425.000,325.000,300.000,-1,900.000,-1,-1,-1,-1,-1,-1,2,0,2,0,2,0,0,0,0,2,0,2,2,2,2,2,2
28,3700.241,-14645.155,365.462,213.283,0,0.71438,0.42089,85.726,3.788,-1,550.000,-1,800.000,-1,450.000,475.000,325.000,375.000,-1,-1,-1,-1,-1,-1,-1,-1,2,0,2,0,2,0,0,0,0,2,2,2,2,2,2,2,2
30,3566.025,-14754.004,377.402,220.960,0,0.72795,0.43074,87.354,3.877,-1,400.000,-1,400.000,-1,325.000,325.000,400.000,325.000,-1,-1,-1,-1,775.000,-1,-1,-1,2,0,2,0,2,0,0,0,0,2,2,2,2,0,2,2,2
32,3445.646,-14881.683,378.002,228.574,0,0.73240,0.42021,87.888,3.782,-1,400.000,-1,475.000,-1,325.000,325.000,400.000,300.000,-1,-1,-1,-1,775.000,-1,-1,-1,2,0,2,0,2,0,0,0,0,2,2,2,2,0,2,2,2
34,3342.688,-15024.089,378.141,235.968,0,0.73223,0.40748,87.867,3.667,-1,400.000,-1,500.000,-1,325.000,325.000,375.000,350.000,-1,-1,-1,-1,775.000,-1,-1,-1,2,0,2,0,2,0,0,0,0,2,2,2,2,0,2,2,2
36,3258.327,-15178.973,377.845,243.249,0,0.74010,0.40828,88.812,3.674,-1,400.000,-1,525.000,-1,325.000,350.000,350.000,425.000,-1,-1,-1,-1,975.000,-1,-1,-1,2,0,2,0,2,0,0,0,0,2,2,2,2,0,2,2,2
38,3193.784,-15343.828,377.158,250.389,0,0.73687,0.39262,88.425,3.534,-1,400.000,-1,525.000,-1,325.000,325.000,350.000,475.000,-1,-1,-1,-1,-1,825.000,-1,-1,2,0,2,0,2,0,0,0,0,2,2,2,2,2,1,2,2
40,3146.074,-15523.155,376.112,256.230,0,0.81335,0.26455,97.602,2.381,-1,450.000,-1,450.000,925.000,325.000,350.000,325.000,550.000,-1,-1,-1,-1,-1,675.000,-1,800.000,2,0,2,1,1,0,1,0,0,2,2,2,2,2,1,2,1
42,3100.052,-15733.210,374.699,257.752,0,0.89868,0.02455,107.841,0.221,-1,525.000,-1,400.000,625.000,400.000,375.000,300.000,600.000,-1,-1,-1,-1,-1,550.000,-1,600.000,2,0,2,1,1,0,1,0,0,2,2,2,2,2,1,2,1
44,3047.128,-15944.232,373.184,254.954,0,0.90931,-0.21545,109.117,-1.939,-1,600.000,-1,325.000,400.000,425.000,325.000,325.000,600.000,-1,-1,-1,-1,-1,425.000,-1,375.000,2,0,2,1,1,1,1,0,1,2,2,2,2,2,1,2,1
46,2971.363,-16151.027,363.946,247.836,0,0.92142,-0.45545,110.571,-4.099,-1,325.000,425.000,150.000,125.000,225.000,150.000,300.000,650.000,-1,-1,-1,-1,600.000,200.000,-1,100.000,2,1,1,1,1,1,1,0,1,2,2,2,2,1,1,2,1
48,3760.804,-13589.820,341.969,-61.039,1,-0.08000,-0.12000,-9.600,-1.080,-1,375.000,-1,400.000,-1,325.000,325.000,300.000,425.000,-1,250.000,200.000,-1,700.000,775.000,-1,-1,2,0,2,0,2,0,0,0,0,2,1,1,2,0,0,2,2
50,3740.587,-13546.305,343.596,-66.336,0,-0.24000,-0.34853,-28.800,-3.137,-1,375.000,-1,400.000,-1,325.000,325.000,300.000,450.000,-1,275.000,175.000,-1,725.000,775.000,-1,-1,2,0,2,0,2,0,0,0,0,2,1,1,2,0,0,2,2
52,3715.101,-13471.751,345.291,-72.679,0,-0.33683,-0.35396,-40.420,-3.186,-1,375.000,-1,400.000,-1,325.000,325.000,300.000,475.000,-1,350.000,125.000,550.000,725.000,800.000,-1,-1,2,0,2,0,2,0,0,0,0,2,1,1,1,0,0,2,2
54,3697.711,-13393.253,346.542,-79.133,0,-0.33428,-0.36000,-40.113,-3.240,-1,375.000,-1,375.000,-1,300.000,300.000,300.000,475.000,-1,475.000,225.000,425.000,675.000,750.000,-1,-1,2,0,2,0,2,0,0,0,0,2,0,1,1,0,0,2,2
56,3689.488,-13314.597,346.917,-85.685,0,-0.32776,-0.36528,-39.331,-3.288,-1,375.000,-1,400.000,-1,300.000,300.000,300.000,425.000,-1,375.000,350.000,325.000,700.000,850.000,-1,-1,2,0,2,0,2,0,0,0,1,2,0,1,1,0,0,2,2
58,3690.346,-13237.876,346.147,-92.319,0,-0.31681,-0.36955,-38.017,-3.326,-1,375.000,-1,425.000,-1,300.000,325.000,300.000,300.000,-1,300.000,325.000,275.000,700.000,950.000,-1,-1,2,0,2,0,2,0,0,0,1,2,0,0,1,0,0,2,2
60,3699.683,-13165.140,344.321,-99.014,0,-0.30166,-0.37261,-36.200,-3.353,-1,375.000,-1,450.000,-1,300.000,325.000,300.000,250.000,-1,225.000,225.000,375.000,700.000,-1,-1,-1,2,0,2,0,2,0,0,0,1,2,0,0,1,0,2,2,2
62,3716.445,-13098.077,341.586,-105.746,0,-0.28346,-0.37435,-34.015,-3.369,-1,375.000,-1,475.000,-1,325.000,350.000,300.000,200.000,-1,175.000,150.000,500.000,725.000,-1,-1,-1,2,0,2,0,2,0,0,0,1,2,0,0,1,0,2,2,2
64,3735.691,-13045.394,338.650,-111.411,0,-0.19375,-0.25473,-23.250,-2.293,-1,375.000,-1,500.000,-1,325.000,350.000,300.000,175.000,-1,150.000,100.000,-1,725.000,-1,-1,-1,2,0,2,0,2,0,0,0,1,2,0,0,2,0,2,2,2
66,3742.509,-13029.060,337.629,-112.756,0,-0.03375,-0.01473,-4.050,-0.133,-1,375.000,-1,500.000,-1,325.000,350.000,300.000,175.000,-1,125.000,100.000,-1,725.000,-1,-1,-1,2,0,2,0,2,0,0,0,1,2,0,0,2,0,2,2,2
68,3735.319,-13048.469,338.725,-109.781,0,0.12625,0.22527,15.150,2.027,-1,375.000,-1,500.000,-1,325.000,350.000,300.000,200.000,-1,125.000,100.000,625.000,725.000,-1,-1,-1,2,0,2,0,2,0,0,0,1,2,0,0,1,0,2,2,2
70,3720.791,-13105.716,341.092,-102.486,0,0.28625,0.46527,34.350,4.187,-1,375.000,-1,475.000,-1,325.000,325.000,300.000,225.000,-1,175.000,175.000,450.000,700.000,-1,-1,-1,2,0,2,0,2,0,0,0,1,2,0,0,1,0,2,2,2
72,3710.937,-13202.648,343.199,-93.858,0,0.44625,0.47987,53.550,4.319,-1,375.000,-1,425.000,-1,300.000,325.000,300.000,275.000,-1,275.000,275.000,325.000,700.000,975.000,-1,-1,2,0,2,0,2,0,0,0,1,2,0,0,1,0,0,2,2
74,3717.600,-13338.287,343.521,-85.161,0,0.60625,0.48459,72.750,4.361,-1,375.000,-1,375.000,-1,300.000,300.000,300.000,450.000,-1,400.000,450.000,375.000,675.000,825.000,-1,-1,2,0,2,0,2,0,0,0,1,2,0,1,1,0,0,2,2
76,3752.567,-13508.911,341.301,-76.318,0,0.76625,0.49394,91.950,4.445,-1,375.000,-1,400.000,-1,325.000,325.000,300.000,450.000,-1,425.000,250.000,575.000,725.000,800.000,-1,-1,2,0,2,0,2,0,0,0,0,2,0,1,1,0,0,2,2
78,3817.657,-13683.258,336.918,-67.243,0,0.77617,0.50782,93.140,4.570,-1,375.000,-1,400.000,-1,325.000,325.000,300.000,425.000,-1,475.000,325.000,-1,725.000,800.000,-1,-1,2,0,2,0,2,0,0,0,0,2,1,1,2,0,0,2,2
80,3910.563,-13845.755,329.309,-57.892,0,0.78259,0.52346,93.911,4.711,-1,375.000,-1,400.000,-1,325.000,325.000,300.000,350.000,-1,475.000,475.000,-1,725.000,825.000,-1,-1,2,0,2,0,2,0,0,0,0,2,1,1,2,0,0,2,2
82,4030.763,-13992.441,318.613,-48.247,0,0.79395,0.54004,95.274,4.860,1000.000,375.000,-1,400.000,-1,325.000,325.000,300.000,325.000,-1,625.000,725.000,-1,725.000,850.000,-1,-1,0,0,2,0,2,0,0,0,0,2,1,1,2,0,0,2,2
84,4169.469,-14110.741,305.604,-37.294,0,0.72064,0.66851,86.477,6.017,800.000,375.000,-1,400.000,-1,325.000,325.000,300.000,325.000,-1,975.000,-1,-1,650.000,850.000,925.000,-1,0,0,2,0,2,0,0,0,0,2,1,2,2,0,0,0,2
86,4299.573,-14175.155,291.834,-22.021,0,0.57224,0.90851,68.669,8.177,875.000,375.000,-1,400.000,-1,325.000,325.000,325.000,300.000,-1,-1,-1,-1,600.000,700.000,850.000,-1,0,0,2,0,2,0,0,0,0,2,2,2,2,0,0,0,2
88,4436.784,-14195.665,278.089,-4.021,0,0.58227,1.00000,69.873,9.000,900.000,350.000,-1,350.000,-1,300.000,300.000,325.000,300.000,-1,-1,-1,-1,575.000,600.000,800.000,1000.000,0,0,2,0,2,0,0,0,0,2,2,2,2,0,0,0,0
90,4575.570,-14172.460,263.510,13.979,0,0.58979,1.00000,70.775,9.000,1000.000,350.000,-1,325.000,700.000,275.000,275.000,325.000,300.000,-1,-1,-1,-1,575.000,525.000,875.000,625.000,0,0,2,0,0,0,0,0,0,2,2,2,2,0,0,0,0
92,4701.458,-14106.966,249.636,31.979,0,0.59393,1.00000,71.271,9.000,1000.000,325.000,-1,300.000,450.000,275.000,250.000,300.000,300.000,-1,-1,-1,-1,550.000,450.000,800.000,425.000,0,0,2,0,0,0,0,0,0,2,2,2,2,0,0,0,0
94,4801.273,-14005.463,235.671,49.979,0,0.59513,1.00000,71.415,9.000,-1,350.000,-1,275.000,300.000,275.000,250.000,300.000,250.000,-1,-1,-1,-1,575.000,450.000,975.000,325.000,2,0,2,0,0,0,0,0,0,2,2,2,2,0,0,0,0
96,4864.853,-13878.056,224.303,67.979,0,0.59513,1.00000,71.415,9.000,1000.000,375.000,-1,300.000,250.000,300.000,250.000,300.000,200.000,-1,-1,-1,-1,675.000,450.000,975.000,325.000,0,0,2,0,0,0,0,0,0,2,2,2,2,0,0,0,0
98,4885.953,-13737.196,216.776,85.979,0,0.59547,1.00000,71.457,9.000,-1,375.000,-1,300.000,300.000,300.000,275.000,300.000,175.000,-1,-1,-1,-1,650.000,500.000,925.000,400.000,2,0,2,0,0,0,0,0,0,2,2,2,2,0,0,0,0
100,4862.404,-13596.258,214.035,103.979,0,0.59806,1.00000,71.767,9.000,-1,350.000,-1,350.000,525.000,300.000,300.000,300.000,200.000,-1,-1,125.000,575.000,650.000,575.000,1000.000,625.000,2,0,2,0,0,0,0,0,0,2,2,0,0,0,0,0,0
102,4782.461,-13444.187,217.202,121.979,0,0.75806,1.00000,90.967,9.000,-1,350.000,-1,350.000,525.000,300.000,300.000,300.000,200.000,-1,250.000,25.000,450.000,650.000,525.000,-1,575.000,2,0,2,0,0,0,0,0,0,2,0,0,0,0,0,2,0
104,4632.144,-13297.420,232.372,139.979,0,0.91806,1.00000,110.167,9.000,-1,375.000,-1,375.000,675.000,325.000,325.000,300.000,300.000,-1,175.000,125.000,550.000,700.000,600.000,1000.000,850.000,2,0,2,0,0,0,0,0,0,2,0,0,0,0,0,1,0
106,4430.748,-13197.013,253.651,157.979,0,0.94508,1.00000,113.410,9.000,-1,375.000,-1,375.000,975.000,300.000,300.000,300.000,275.000,-1,325.000,300.000,800.000,650.000,625.000,-1,975.000,2,0,2,0,0,0,0,0,0,2,0,0,0,1,0,2,1
108,4203.925,-13163.067,279.505,175.957,0,0.96283,0.99749,115.539,8.977,-1,400.000,-1,375.000,675.000,325.000,325.000,300.000,275.000,-1,325.000,325.000,775.000,-1,550.000,-1,625.000,2,1,2,1,1,1,1,0,0,2,0,0,0,2,1,2,1
110,3974.508,-13200.235,309.341,193.561,0,0.97286,0.97023,116.743,8.732,-1,475.000,-1,350.000,400.000,375.000,325.000,300.000,300.000,-1,575.000,625.000,850.000,-1,600.000,-1,500.000,2,0,2,1,1,1,1,0,0,2,0,0,0,2,1,2,1
112,3766.941,-13302.697,336.902,210.464,0,0.96295,0.92742,115.554,8.347,-1,500.000,-1,675.000,-1,400.000,425.000,300.000,250.000,-1,850.000,700.000,-1,-1,-1,-1,-1,2,0,2,0,2,0,0,0,1,2,0,0,2,2,2,2,2
114,3601.592,-13454.351,359.438,226.564,0,0.92661,0.88723,111.193,7.985,-1,500.000,-1,825.000,-1,425.000,475.000,300.000,250.000,-1,725.000,625.000,-1,-1,-1,-1,-1,2,0,2,0,2,0,0,0,1,2,0,0,2,2,2,2,2
116,3490.010,-13636.426,364.793,242.550,0,0.88085,0.88924,105.702,8.003,-1,400.000,-1,400.000,-1,325.000,325.000,425.000,300.000,-1,-1,-1,325.000,800.000,-1,-1,-1,2,0,2,0,2,0,0,0,1,2,2,2,1,0,2,2,2
118,3435.551,-13834.300,369.302,258.688,0,0.85137,0.89952,102.164,8.096,-1,400.000,-1,400.000,-1,325.000,325.000,450.000,325.000,-1,-1,225.000,425.000,800.000,975.000,-1,-1,2,0,2,0,2,0,0,0,0,2,2,1,1,0,0,2,2
120,3438.944,-14036.485,372.533,275.081,0,0.84415,0.91474,101.298,8.233,-1,425.000,-1,400.000,-1,325.000,325.000,450.000,325.000,-1,400.000,350.000,-1,-1,875.000,-1,-1,2,0,2,0,2,0,0,0,0,2,1,1,2,2,0,2,2
122,3500.412,-14230.267,373.605,291.781,0,0.85196,0.93230,102.236,8.391,-1,500.000,-1,400.000,-1,375.000,325.000,475.000,300.000,-1,575.000,600.000,-1,-1,800.000,-1,-1,2,0,2,0,2,0,0,0,0,2,1,1,2,2,0,2,2
124,3619.710,-14398.746,372.065,309.781,0,0.86676,1.00000,104.011,9.000,-1,400.000,-1,400.000,-1,325.000,325.000,300.000,450.000,-1,-1,-1,-1,750.000,825.000,-1,-1,2,0,2,0,2,0,0,0,0,2,2,2,2,0,0,2,2
126,3788.287,-14524.393,354.279,327.781,0,0.88264,1.00000,105.917,9.000,-1,375.000,-1,400.000,-1,325.000,325.000,300.000,350.000,-1,-1,-1,-1,725.000,825.000,-1,-1,2,0,2,0,2,0,0,0,0,2,2,2,2,0,0,2,2
128,3990.589,-14592.882,332.331,345.781,0,0.89567,1.00000,107.480,9.000,-1,375.000,-1,400.000,-1,300.000,325.000,300.000,325.000,-1,-1,-1,-1,700.000,800.000,-1,-1,2,0,2,0,2,0,0,0,0,2,2,2,2,0,0,2,2
130,4196.546,-14598.070,309.290,362.701,0,0.82048,0.88000,98.458,7.920,-1,375.000,-1,375.000,-1,300.000,300.000,300.000,325.000,-1,-1,-1,-1,625.000,650.000,975.000,-1,2,0,2,0,2,0,0,0,0,2,2,2,2,0,0,0,2
132,4365.021,-14561.221,290.954,375.301,0,0.69848,0.64000,83.817,5.760,-1,400.000,-1,375.000,-1,325.000,325.000,300.000,325.000,-1,-1,-1,-1,650.000,600.000,-1,950.000,2,0,2,0,2,0,0,0,0,2,2,2,2,0,0,2,0
134,4520.610,-14499.049,274.231,383.581,0,0.69848,0.40000,83.817,3.600,-1,375.000,-1,325.000,750.000,300.000,300.000,300.000,325.000,-1,-1,-1,-1,625.000,550.000,-1,725.000,2,0,2,0,0,0,0,0,0,2,2,2,2,0,0,2,0
136,4670.198,-14423.416,257.841,387.541,0,0.69848,0.16000,83.817,1.440,-1,350.000,-1,300.000,550.000,275.000,275.000,325.000,300.000,-1,-1,-1,-1,575.000,500.000,1000.000,550.000,2,0,2,0,0,0,0,0,0,2,2,2,2,0,0,0,0
138,4818.628,-14345.509,241.460,387.486,0,0.69848,-0.04614,83.817,-0.415,-1,300.000,-1,275.000,400.000,250.000,225.000,325.000,275.000,-1,-1,-1,-1,525.000,425.000,800.000,375.000,2,0,2,0,0,0,0,0,0,2,2,2,2,0,0,0,0
140,4968.171,-14269.762,229.224,386.656,0,0.69848,-0.04614,83.817,-0.415,-1,400.000,-1,375.000,-1,325.000,325.000,275.000,325.000,550.000,0.000,0.000,-1,750.000,725.000,-1,-1,2,0,2,0,2,0,0,0,0,0,0,0,2,0,0,2,2
142,5118.797,-14196.190,226.309,385.825,0,0.69848,-0.04614,83.817,-0.415,-1,400.000,-1,400.000,-1,325.000,325.000,325.000,325.000,725.000,0.000,50.000,-1,750.000,750.000,-1,-1,2,0,2,0,2,0,0,0,0,0,0,0,2,0,0,2,2
144,5270.473,-14124.809,224.056,384.995,0,0.69848,-0.04614,83.817,-0.415,-1,400.000,-1,400.000,-1,325.000,325.000,350.000,325.000,900.000,150.000,200.000,-1,750.000,725.000,-1,-1,2,0,2,0,2,0,0,0,0,0,0,0,2,0,0,2,2
146,5430.817,-14054.090,221.297,383.084,0,0.76204,-0.16614,91.444,-1.495,-1,375.000,-1,400.000,-1,300.000,325.000,300.000,350.000,1000.000,325.000,400.000,-1,675.000,700.000,-1,-1,2,0,2,0,2,0,0,0,0,0,0,0,2,0,0,2,2
148,5603.982,-13995.540,218.830,376.854,0,0.76204,-0.40614,91.444,-3.655,-1,375.000,-1,375.000,-1,300.000,325.000,300.000,350.000,-1,475.000,500.000,-1,650.000,650.000,-1,-1,2,0,2,0,2,0,0,0,0,2,0,0,2,0,0,2,2
150,5784.280,-13966.303,217.309,366.303,0,0.76204,-0.64614,91.444,-5.815,-1,350.000,-1,375.000,-1,300.000,300.000,300.000,325.000,-1,650.000,625.000,-1,625.000,650.000,-1,-1,2,0,2,0,2,0,0,0,0,2,0,0,2,0,0,2,2
152,5966.319,-13979.654,216.466,352.202,0,0.76204,-0.80066,91.444,-7.206,875.000,325.000,-1,350.000,-1,275.000,300.000,300.000,325.000,-1,925.000,875.000,-1,575.000,650.000,850.000,-1,0,0,2,0,2,0,0,0,0,2,0,0,2,0,0,0,2
154,6139.305,-14037.894,215.749,337.790,0,0.76204,-0.80066,91.444,-7.206,625.000,300.000,-1,350.000,-1,275.000,275.000,275.000,325.000,-1,-1,-1,-1,525.000,650.000,625.000,-1,0,0,2,0,2,0,0,0,0,2,2,2,2,0,0,0,2
156,6292.353,-14137.355,217.297,323.378,0,0.76204,-0.80066,91.444,-7.206,-1,400.000,-1,400.000,-1,325.000,325.000,325.000,275.000,-1,500.000,50.000,925.000,700.000,850.000,-1,-1,2,0,2,0,2,0,0,0,0,2,0,0,0,0,0,2,2
158,6415.829,-14271.779,219.989,308.966,0,0.76204,-0.80066,91.444,-7.206,-1,375.000,-1,425.000,-1,325.000,325.000,325.000,275.000,-1,-1,-1,-1,725.000,950.000,-1,-1,2,0,2,0,2,0,0,0,0,2,2,2,2,0,0,2,2
160,6501.963,-14432.705,220.212,294.554,0,0.76204,-0.80066,91.444,-7.206,-1,425.000,-1,450.000,-1,350.000,350.000,300.000,275.000,-1,-1,-1,-1,825.000,1000.000,-1,-1,2,0,2,0,2,0,0,0,0,2,2,2,2,0,0,2,2
162,6545.333,-14610.005,218.014,280.142,0,0.76204,-0.80066,91.444,-7.206,-1,475.000,-1,475.000,-1,375.000,375.000,275.000,275.000,-1,-1,-1,-1,975.000,-1,-1,-1,2,0,2,0,2,0,0,0,0,2,2,2,2,0,2,2,2
164,6541.789,-14789.210,212.337,264.651,0,0.73554,-0.92066,88.265,-8.286,-1,400.000,-1,375.000,875.000,325.000,325.000,275.000,275.000,-1,-1,-1,-1,775.000,700.000,-1,-1,2,0,2,0,0,0,0,0,0,2,2,2,2,0,0,2,2
166,6484.931,-14955.757,198.971,246.651,0,0.73554,-1.00000,88.265,-9.000,-1,400.000,-1,350.000,575.000,325.000,300.000,300.000,275.000,-1,-1,-1,-1,750.000,575.000,-1,675.000,2,0,2,0,0,0,0,0,0,2,2,2,2,0,0,2,0
168,6379.390,-15096.583,185.571,228.651,0,0.73554,-1.00000,88.265,-9.000,-1,350.000,-1,300.000,425.000,275.000,250.000,300.000,250.000,-1,-1,-1,-1,625.000,475.000,-1,450.000,2,0,2,0,0,0,0,0,0,2,2,2,2,0,0,2,0
170,6235.497,-15197.902,173.545,210.651,0,0.73554,-1.00000,88.265,-9.000,725.000,275.000,-1,250.000,300.000,225.000,225.000,300.000,250.000,-1,600.000,900.000,-1,450.000,400.000,575.000,300.000,0,0,2,0,0,0,0,0,0,2,0,0,2,0,0,0,0
172,6067.338,-15249.797,177.513,192.651,0,0.73554,-1.00000,88.265,-9.000,-1,375.000,-1,400.000,-1,300.000,325.000,300.000,325.000,850.000,0.000,0.000,-1,675.000,775.000,-1,-1,2,0,2,0,2,0,0,0,0,0,0,0,2,0,0,2,2
174,5891.372,-15247.188,185.542,174.651,0,0.73554,-1.00000,88.265,-9.000,-1,375.000,-1,400.000,-1,325.000,325.000,300.000,300.000,-1,175.000,150.000,-1,725.000,825.000,-1,-1,2,0,2,0,2,0,0,0,0,2,0,0,2,0,0,2,2
176,5724.825,-15190.330,195.580,156.651,0,0.73554,-1.00000,88.265,-9.000,-1,400.000,-1,425.000,-1,325.000,325.000,300.000,300.000,-1,525.000,425.000,975.000,700.000,925.000,-1,-1,2,0,2,0,2,0,0,0,0,2,0,0,0,0,0,2,2
178,5583.999,-15084.789,205.914,138.651,0,0.73554,-1.00000,88.265,-9.000,-1,400.000,-1,450.000,-1,325.000,350.000,300.000,300.000,-1,-1,-1,-1,725.000,-1,-1,-1,2,0,2,0,2,0,0,0,0,2,2,2,2,0,2,2,2
180,5482.680,-14940.897,215.273,120.651,0,0.73554,-1.00000,88.265,-9.000,-1,450.000,-1,475.000,-1,375.000,375.000,300.000,300.000,-1,-1,-1,-1,850.000,-1,-1,-1,2,0,2,0,2,0,0,0,0,2,2,2,2,0,2,2,2
182,5430.785,-14772.737,223.053,102.651,0,0.73554,-1.00000,88.265,-9.000,-1,475.000,-1,475.000,-1,375.000,375.000,300.000,325.000,-1,-1,-1,-1,-1,-1,-1,-1,2,0,2,0,2,0,0,0,0,2,2,2,2,2,2,2,2
184,5431.111,-14606.212,223.299,85.665,0,0.65554,-0.88728,78.665,-7.985,-1,425.000,-1,400.000,-1,325.000,325.000,300.000,300.000,-1,-1,-1,-1,900.000,750.000,-1,-1,2,0,2,0,2,0,0,0,0,2,2,2,2,0,0,2,2
186,5474.219,-14458.919,222.208,69.694,0,0.64102,-0.88728,76.922,-7.985,-1,400.000,-1,375.000,-1,325.000,325.000,325.000,300.000,-1,-1,-1,-1,850.000,725.000,-1,-1,2,0,2,0,2,0,0,0,0,2,2,2,2,0,0,2,2
188,5556.191,-14329.173,220.865,53.723,0,0.64102,-0.88728,76.922,-7.985,-1,400.000,-1,375.000,-1,325.000,325.000,325.000,325.000,-1,825.000,-1,-1,800.000,700.000,-1,-1,2,0,2,0,2,0,0,0,0,2,0,2,2,0,0,2,2
190,5670.698,-14226.990,219.614,37.752,0,0.64102,-0.88728,76.922,-7.985,-1,400.000,-1,375.000,1000.000,325.000,325.000,350.000,325.000,-1,550.000,600.000,-1,750.000,650.000,-1,-1,2,0,2,0,0,0,0,0,0,2,0,0,2,0,0,2,2
192,5808.902,-14160.257,218.488,21.781,0,0.64102,-0.88728,76.922,-7.985,-1,375.000,-1,350.000,975.000,300.000,300.000,350.000,325.000,-1,650.000,625.000,-1,675.000,600.000,-1,925.000,2,0,2,0,0,0,0,0,0,2,0,0,2,0,0,2,0
194,5960.132,-14134.127,217.226,5.810,0,0.64102,-0.88728,76.922,-7.985,-1,350.000,-1,350.000,975.000,275.000,275.000,350.000,300.000,-1,825.000,800.000,-1,600.000,575.000,-1,875.000,2,0,2,0,0,0,0,0,0,2,0,0,2,0,0,2,0
196,6112.715,-14150.617,215.395,-10.161,0,0.64102,-0.88728,76.922,-7.985,825.000,300.000,-1,325.000,-1,250.000,275.000,325.000,300.000,-1,-1,-1,-1,525.000,550.000,700.000,875.000,0,0,2,0,2,0,0,0,0,2,2,2,2,0,0,0,0
198,6254.871,-14208.453,213.969,-26.132,0,0.64102,-0.88728,76.922,-7.985,-1,400.000,-1,400.000,-1,325.000,325.000,325.000,275.000,-1,25.000,0.000,775.000,700.000,800.000,-1,-1,2,0,2,0,2,0,0,0,0,2,0,0,0,0,0,2,2
200,6356.254,-14281.375,217.024,-38.863,0,0.48102,-0.64728,57.722,-5.825,-1,375.000,-1,400.000,-1,325.000,325.000,325.000,275.000,-1,475.000,50.000,925.000,700.000,900.000,-1,-1,2,0,2,0,2,0,0,0,0,2,0,0,0,0,0,2,2
202,6417.235,-14342.864,218.425,-47.274,0,0.32102,-0.40728,38.522,-3.665,-1,375.000,-1,425.000,-1,325.000,325.000,300.000,275.000,-1,-1,475.000,-1,700.000,950.000,-1,-1,2,0,2,0,2,0,0,0,0,2,2,0,2,0,0,2,2
204,6447.944,-14380.067,218.974,-51.365,0,0.16102,-0.16728,19.322,-1.505,-1,375.000,-1,425.000,-1,325.000,350.000,300.000,275.000,-1,-1,-1,-1,725.000,1000.000,-1,-1,2,0,2,0,2,0,0,0,0,2,2,2,2,0,0,2,2
206,6454.035,-14387.802,219.073,-51.136,0,0.00102,0.07272,0.122,0.655,-1,375.000,-1,425.000,-1,325.000,350.000,300.000,275.000,-1,-1,-1,-1,725.000,1000.000,-1,-1,2,0,2,0,2,0,0,0,0,2,2,2,2,0,0,2,2
208,6435.507,-14367.541,218.694,-46.587,0,-0.14988,0.31272,-17.985,2.815,-1,375.000,-1,425.000,-1,325.000,325.000,300.000,275.000,-1,-1,400.000,-1,700.000,950.000,-1,-1,2,0,2,0,2,0,0,0,0,2,2,0,2,0,0,2,2
210,6408.061,-14344.343,217.971,-37.718,0,-0.14988,0.55272,-17.985,4.975,-1,375.000,-1,425.000,-1,325.000,325.000,325.000,275.000,-1,425.000,100.000,950.000,675.000,875.000,-1,-1,2,0,2,0,2,0,0,0,0,2,0,0,0,0,0,2,2
212,6377.010,-14326.253,216.960,-27.729,0,-0.14988,0.55493,-17.985,4.994,-1,375.000,-1,400.000,-1,325.000,325.000,325.000,300.000,-1,150.000,25.000,875.000,675.000,825.000,-1,-1,2,0,2,0,2,0,0,0,0,2,0,0,0,0,0,2,2
214,6343.293,-14313.822,215.694,-17.740,0,-0.14988,0.55493,-17.985,4.994,-1,375.000,-1,400.000,-1,325.000,325.000,325.000,300.000,-1,25.000,0.000,850.000,675.000,750.000,-1,-1,2,0,2,0,2,0,0,0,0,2,0,0,0,0,0,2,2
216,6307.930,-14307.428,214.213,-7.752,0,-0.14988,0.55493,-17.985,4.994,-1,375.000,-1,400.000,-1,325.000,325.000,325.000,325.000,-1,0.000,0.000,950.000,700.000,700.000,-1,-1,2,0,2,0,2,0,0,0,0,2,0,0,0,0,0,2,2
218,6271.994,-14307.265,212.565,2.237,0,-0.14988,0.55493,-17.985,4.994,-1,400.000,-1,400.000,-1,325.000,325.000,325.000,325.000,-1,0.000,0.000,-1,725.000,700.000,-1,-1,2,0,2,0,2,0,0,0,0,2,0,0,2,0,0,2,2
220,6236.575,-14313.338,210.803,12.226,0,-0.14988,0.55493,-17.985,4.994,-1,400.000,-1,400.000,-1,325.000,325.000,325.000,325.000,-1,0.000,0.000,-1,775.000,700.000,-1,-1,2,0,2,0,2,0,0,0,0,2,0,0,2,0,0,2,2
222,6229.709,-14315.429,210.543,23.567,0,0.01012,0.63005,1.215,5.670,-1,325.000,-1,300.000,450.000,250.000,250.000,325.000,275.000,-1,725.000,600.000,-1,575.000,475.000,-1,450.000,2,0,2,0,0,0,0,0,0,2,0,0,2,0,0,2,0
224,6255.888,-14298.464,212.020,34.908,0,0.17012,0.63005,20.415,5.670,-1,425.000,-1,400.000,-1,325.000,325.000,300.000,300.000,975.000,0.000,0.000,-1,850.000,725.000,-1,-1,2,0,2,0,2,0,0,0,0,0,0,0,2,0,0,2,2
226,6306.080,-14250.324,215.408,46.249,0,0.33012,0.63005,39.615,5.670,-1,425.000,-1,400.000,-1,350.000,325.000,275.000,300.000,875.000,0.000,50.000,-1,875.000,750.000,-1,-1,2,0,2,0,2,0,0,0,0,0,0,0,2,0,0,2,2
228,6367.958,-14161.931,220.273,57.590,0,0.49012,0.63005,58.815,5.670,-1,450.000,-1,425.000,-1,350.000,350.000,275.000,300.000,900.000,100.000,275.000,-1,900.000,825.000,-1,-1,2,0,2,0,2,0,0,0,0,0,0,0,2,0,0,2,2
230,6426.103,-14029.808,224.196,68.931,0,0.63427,0.63005,76.113,5.670,-1,400.000,-1,400.000,-1,325.000,325.000,275.000,300.000,-1,-1,-1,-1,750.000,750.000,-1,-1,2,0,2,0,2,0,0,0,0,2,2,2,2,0,0,2,2
232,6459.175,-13881.410,225.438,80.272,0,0.63427,0.63005,76.113,5.670,-1,375.000,-1,400.000,-1,325.000,325.000,275.000,300.000,-1,-1,-1,-1,725.000,750.000,-1,-1,2,0,2,0,2,0,0,0,0,2,2,2,2,0,0,2,2
234,6462.419,-13729.405,225.274,91.613,0,0.63427,0.63005,76.113,5.670,-1,375.000,-1,375.000,-1,325.000,325.000,275.000,300.000,-1,-1,-1,-1,700.000,725.000,-1,-1,2,0,2,0,2,0,0,0,0,2,2,2,2,0,0,2,2
236,6435.708,-13579.731,223.712,102.954,0,0.63427,0.63005,76.113,5.670,-1,375.000,-1,375.000,-1,300.000,300.000,275.000,300.000,-1,-1,-1,-1,650.000,675.000,-1,-1,2,0,2,0,2,0,0,0,0,2,2,2,2,0,0,2,2
238,6380.086,-13438.231,220.882,114.295,0,0.63427,0.63005,76.113,5.670,-1,375.000,-1,400.000,-1,300.000,325.000,250.000,300.000,-1,-1,-1,-1,650.000,675.000,-1,-1,2,0,2,0,2,0,0,0,0,2,2,2,2,0,0,2,2
240,6297.725,-13310.433,217.853,125.636,0,0.63427,0.63005,76.113,5.670,-1,350.000,-1,375.000,-1,300.000,300.000,250.000,300.000,-1,-1,-1,-1,625.000,600.000,-1,1000.000,2,0,2,0,2,0,0,0,0,2,2,2,2,0,0,2,0
242,6191.840,-13201.326,215.070,136.977,0,0.63427,0.63005,76.113,5.670,-1,400.000,-1,375.000,925.000,325.000,325.000,300.000,275.000,-1,175.000,100.000,-1,775.000,600.000,-1,900.000,2,0,2,0,0,0,0,0,0,2,0,0,2,0,0,2,0
244,6045.610,-13094.853,213.749,146.076,0,0.79427,0.50098,95.313,4.509,-1,400.000,-1,350.000,700.000,325.000,300.000,300.000,275.000,-1,350.000,275.000,-1,775.000,575.000,-1,750.000,2,0,2,0,0,0,0,0,0,2,0,0,2,0,0,2,0
246,5857.444,-12998.391,211.364,155.094,0,0.88918,0.50098,106.701,4.509,1000.000,400.000,-1,325.000,525.000,325.000,300.000,300.000,250.000,-1,550.000,500.000,-1,725.000,550.000,-1,600.000,0,0,2,0,0,0,0,0,0,2,0,0,2,0,0,2,0
248,5654.809,-12931.990,208.286,164.111,0,0.88918,0.50098,106.701,4.509,825.000,400.000,-1,325.000,425.000,325.000,300.000,300.000,225.000,-1,750.000,700.000,-1,625.000,525.000,825.000,525.000,0,0,2,0,0,0,0,0,0,2,0,0,2,0,0,0,0
250,5444.271,-12898.171,204.836,173.129,0,0.88918,0.50098,106.701,4.509,675.000,350.000,-1,325.000,375.000,300.000,300.000,300.000,200.000,-1,925.000,875.000,-1,525.000,475.000,650.000,425.000,0,0,2,0,0,0,0,0,0,2,0,0,2,0,0,0,0
252,5231.034,-12897.769,201.367,182.146,0,0.88918,0.50098,106.701,4.509,550.000,300.000,975.000,275.000,250.000,250.000,250.000,300.000,200.000,-1,-1,-1,-1,450.000,425.000,475.000,300.000,0,0,0,0,0,0,0,0,0,2,2,2,2,0,0,0,0
254,5020.173,-12930.829,198.244,191.162,0,0.89084,0.50069,106.901,4.506,400.000,250.000,775.000,225.000,125.000,200.000,200.000,300.000,200.000,-1,-1,725.000,775.000,375.000,350.000,350.000,150.000,0,0,0,0,0,0,0,0,0,2,2,0,0,0,0,0,0
256,4823.622,-12991.945,207.940,199.056,0,0.81802,0.37856,98.162,3.407,-1,400.000,-1,375.000,-1,325.000,325.000,275.000,225.000,425.000,0.000,0.000,325.000,725.000,725.000,-1,-1,2,0,2,0,2,0,0,0,0,0,0,0,0,0,0,2,2
258,4668.272,-13054.617,225.836,202.630,0,0.65802,0.13856,78.962,1.247,-1,375.000,-1,375.000,925.000,325.000,325.000,300.000,250.000,575.000,25.000,75.000,475.000,700.000,700.000,-1,-1,2,0,2,0,1,0,0,0,0,0,0,0,0,0,0,2,2
260,4548.872,-13103.767,239.591,201.884,0,0.49802,-0.10144,59.762,-0.913,-1,375.000,-1,375.000,825.000,300.000,300.000,300.000,275.000,700.000,150.000,200.000,600.000,700.000,675.000,-1,-1,2,0,2,0,1,0,0,0,0,0,0,0,0,0,1,2,2
262,4462.875,-13132.569,249.426,196.818,0,0.33802,-0.34144,40.562,-3.073,-1,375.000,-1,375.000,750.000,300.000,300.000,300.000,275.000,825.000,225.000,275.000,650.000,700.000,650.000,-1,825.000,2,0,2,0,1,0,0,0,0,0,0,0,0,0,1,2,1
264,4411.504,-13142.275,255.222,187.849,0,0.17802,-0.53512,21.362,-4.816,-1,375.000,-1,375.000,725.000,300.000,300.000,300.000,275.000,950.000,275.000,300.000,675.000,775.000,600.000,-1,725.000,2,0,2,0,1,0,0,0,0,0,0,0,0,0,1,2,1
266,4397.597,-13142.840,256.770,178.312,0,0.01802,-0.52788,2.162,-4.751,-1,375.000,-1,375.000,775.000,300.000,300.000,300.000,275.000,-1,300.000,300.000,700.000,850.000,600.000,-1,725.000,2,0,2,0,1,0,0,0,0,2,0,0,0,0,1,2,1
268,4421.708,-13146.942,254.139,168.926,0,-0.14198,-0.51928,-17.038,-4.674,-1,375.000,-1,375.000,925.000,300.000,300.000,300.000,275.000,-1,300.000,275.000,725.000,675.000,650.000,-1,825.000,2,0,2,0,1,0,0,0,0,2,0,0,0,1,1,2,1
270,4481.336,-13166.732,247.731,159.691,0,-0.30198,-0.51107,-36.238,-4.600,-1,375.000,-1,375.000,925.000,300.000,300.000,300.000,275.000,-1,275.000,225.000,725.000,650.000,625.000,-1,1000.000,2,0,2,0,0,0,0,0,0,2,0,0,0,1,0,2,1
272,4571.208,-13213.248,238.249,150.578,0,-0.46198,-0.50488,-55.438,-4.544,-1,375.000,-1,375.000,725.000,300.000,300.000,300.000,300.000,-1,225.000,150.000,625.000,700.000,625.000,-1,-1,2,0,2,0,0,0,0,0,0,2,0,0,0,1,0,2,2
274,4663.423,-13280.777,228.733,141.538,0,-0.47882,-0.50158,-57.459,-4.514,-1,375.000,-1,375.000,675.000,325.000,325.000,300.000,300.000,-1,150.000,75.000,525.000,700.000,600.000,-1,850.000,2,0,2,0,0,0,0,0,0,2,0,0,0,0,0,2,0
276,4745.372,-13363.392,220.520,132.525,0,-0.48731,-0.50058,-58.477,-4.505,-1,375.000,-1,375.000,675.000,325.000,325.000,300.000,250.000,-1,75.000,0.000,450.000,725.000,600.000,-1,775.000,2,0,2,0,0,0,0,0,0,2,0,0,0,0,0,2,0
278,4809.698,-13450.462,214.418,124.591,0,-0.41126,-0.38081,-49.351,-3.427,-1,350.000,-1,350.000,550.000,300.000,300.000,300.000,200.000,-1,150.000,0.000,425.000,650.000,550.000,-1,575.000,2,0,2,0,0,0,0,0,0,2,0,0,0,0,0,2,0
280,4846.424,-13509.935,212.566,120.976,0,-0.25126,-0.14081,-30.151,-1.267,-1,350.000,-1,350.000,600.000,300.000,300.000,300.000,200.000,-1,150.000,0.000,400.000,650.000,550.000,-1,625.000,2,0,2,0,0,0,0,0,0,2,0,0,0,0,0,2,0
282,4870.927,-13550.336,211.387,121.682,0,-0.19740,0.09919,-23.688,0.893,-1,375.000,-1,350.000,625.000,300.000,300.000,300.000,200.000,-1,100.000,0.000,400.000,650.000,575.000,-1,675.000,2,0,2,0,0,0,0,0,0,2,0,0,0,0,0,2,0
284,4898.411,-13589.320,209.854,126.707,0,-0.19928,0.33919,-23.913,3.053,-1,375.000,-1,350.000,675.000,300.000,300.000,300.000,200.000,-1,0.000,0.000,350.000,675.000,600.000,-1,725.000,2,0,2,0,0,0,0,0,0,2,0,0,0,0,0,2,0
286,4931.528,-13624.275,208.925,136.053,0,-0.20141,0.57919,-24.169,5.213,100.000,225.000,950.000,275.000,600.000,200.000,225.000,200.000,275.000,-1,-1,-1,-1,350.000,450.000,125.000,550.000,0,0,0,0,0,0,0,0,0,2,2,2,2,0,0,0,0
288,4971.951,-13651.494,210.087,149.718,0,-0.20423,0.81919,-24.508,7.373,175.000,225.000,900.000,275.000,550.000,200.000,225.000,225.000,275.000,-1,-1,-1,-1,375.000,425.000,175.000,450.000,0,0,0,0,0,0,0,0,0,2,2,2,2,0,0,0,0
290,5019.017,-13666.177,210.764,167.171,0,-0.20621,1.00000,-24.745,9.000,275.000,250.000,900.000,250.000,400.000,200.000,225.000,300.000,275.000,-1,-1,-1,-1,375.000,400.000,275.000,350.000,0,0,0,0,0,0,0,0,0,2,2,2,2,0,0,0,0
292,5068.351,-13665.599,210.890,185.171,0,-0.20621,1.00000,-24.745,9.000,500.000,275.000,975.000,250.000,350.000,225.000,225.000,325.000,275.000,-1,-1,975.000,-1,425.000,400.000,425.000,325.000,0,0,0,0,0,0,0,0,0,2,2,0,2,0,0,0,0
294,5115.092,-13649.805,210.513,203.171,0,-0.20621,1.00000,-24.745,9.000,-1,300.000,-1,275.000,325.000,250.000,225.000,325.000,275.000,-1,700.000,500.000,-1,500.000,425.000,750.000,325.000,2,0,2,0,0,0,0,0,0,2,0,0,2,0,0,0,0
296,5154.665,-13620.340,209.716,221.171,0,-0.20621,1.00000,-24.745,9.000,-1,350.000,-1,300.000,350.000,275.000,250.000,325.000,250.000,-1,400.000,300.000,900.000,625.000,450.000,-1,375.000,2,0,2,0,0,0,0,0,0,2,0,0,0,0,0,2,0
298,5183.196,-13580.088,208.595,239.171,0,-0.20621,1.00000,-24.745,9.000,-1,400.000,-1,325.000,425.000,325.000,300.000,325.000,250.000,-1,250.000,225.000,875.000,775.000,525.000,-1,500.000,2,0,2,0,0,0,0,0,0,2,0,0,0,0,0,2,0
299,5192.397,-13557.117,207.941,248.171,0,-0.20621,1.00000,-24.745,9.000,-1,400.000,-1,350.000,500.000,325.000,300.000,325.000,250.000,-1,200.000,200.000,825.000,825.000,575.000,-1,675.000,2,0,2,0,0,0,0,0,0,2,0,0,0,0,0,2,0
