timestep,x_cm,y_cm,z_cm,yaw_deg,teleport_flag,throttle_cmd,steering_cmd,cmd_move_cm,cmd_turn_deg,lidar_cm_0,lidar_cm_1,lidar_cm_2,lidar_cm_3,lidar_cm_4,lidar_cm_5,lidar_cm_6,lidar_cm_7,lidar_cm_8,lidar_cm_9,lidar_cm_10,lidar_cm_11,lidar_cm_12,lidar_cm_13,lidar_cm_14,lidar_cm_15,lidar_cm_16,lidar_class_0,lidar_class_1,lidar_class_2,lidar_class_3,lidar_class_4,lidar_class_5,lidar_class_6,lidar_class_7,lidar_class_8,lidar_class_9,lidar_class_10,lidar_class_11,lidar_class_12,lidar_class_13,lidar_class_14,lidar_class_15,lidar_class_16
0,6441.566,12829.538,21.595,-65.873,1,0.08000,0.03763,9.600,0.339,175.000,150.000,325.000,125.000,0.000,125.000,125.000,375.000,200.000,-1,50.000,0.000,-1,225.000,175.000,150.000,0.000,0,0,0,0,0,0,0,0,0,2,0,0,2,0,0,0,0
2,6461.630,12785.933,18.939,-65.139,0,0.24000,0.04242,28.800,0.382,-1,375.000,-1,525.000,-1,325.000,325.000,250.000,300.000,125.000,0.000,0.000,300.000,1000.000,-1,-1,-1,2,0,2,0,2,0,0,0,0,0,0,0,0,0,2,2,2
4,6498.909,12707.990,30.108,-64.220,0,0.40000,0.05466,48.000,0.492,-1,375.000,-1,825.000,-1,325.000,325.000,275.000,300.000,275.000,0.000,0.000,475.000,-1,-1,-1,-1,2,0,2,0,2,0,0,0,0,0,0,0,0,2,2,2,2
6,6555.041,12596.528,46.233,-62.953,0,0.56000,0.07653,67.200,0.689,-1,375.000,-1,900.000,-1,350.000,450.000,275.000,325.000,500.000,0.000,0.000,700.000,-1,-1,-1,-1,2,0,2,0,2,0,0,0,0,0,0,0,0,2,2,2,2
8,6630.644,12456.655,66.748,-61.126,0,0.68504,0.11101,82.204,0.999,-1,500.000,-1,875.000,-1,475.000,575.000,250.000,325.000,-1,75.000,150.000,875.000,-1,-1,-1,-1,2,0,2,0,2,0,0,0,0,2,0,0,1,2,2,2,2
10,6715.537,12314.115,88.039,-58.522,0,0.69418,0.15640,83.302,1.408,-1,600.000,-1,850.000,-1,575.000,675.000,250.000,600.000,-1,250.000,325.000,-1,-1,-1,-1,-1,2,0,2,0,2,0,0,0,0,2,0,0,2,2,2,2,2
12,6810.633,12173.432,109.545,-55.012,0,0.71295,0.20848,85.554,1.876,-1,700.000,-1,850.000,-1,650.000,675.000,225.000,875.000,-1,450.000,525.000,-1,-1,-1,-1,-1,2,0,2,0,2,0,0,0,0,2,0,0,2,2,2,2,2
14,6922.853,12032.807,107.519,-50.033,0,0.77353,0.31601,92.823,2.844,-1,400.000,-1,350.000,400.000,325.000,325.000,550.000,325.000,-1,-1,-1,-1,900.000,500.000,-1,450.000,2,0,2,0,0,0,0,0,0,2,2,2,2,0,0,2,0
16,7053.769,11902.336,102.761,-42.764,0,0.75179,0.46380,90.215,4.174,-1,425.000,-1,325.000,300.000,325.000,300.000,475.000,325.000,-1,-1,-1,-1,-1,475.000,-1,350.000,2,0,2,0,0,0,0,0,0,2,2,2,2,2,0,2,0
18,7204.536,11799.387,102.914,-31.176,0,0.76572,0.70380,91.886,6.334,875.000,475.000,-1,350.000,275.000,350.000,325.000,475.000,225.000,-1,-1,275.000,-1,-1,700.000,-1,375.000,1,0,2,0,0,0,0,0,0,2,2,0,2,2,0,2,0
20,7380.865,11737.008,109.944,-15.268,0,0.78748,0.94380,94.498,8.494,675.000,525.000,-1,475.000,-1,400.000,400.000,500.000,200.000,-1,475.000,575.000,1000.000,700.000,-1,725.000,-1,1,1,2,0,2,0,0,0,0,2,0,0,0,1,2,1,2
22,7574.562,11731.182,122.846,2.732,0,0.81795,1.00000,98.154,9.000,600.000,375.000,650.000,375.000,-1,325.000,325.000,550.000,225.000,-1,-1,-1,600.000,450.000,700.000,475.000,-1,1,1,1,1,2,0,0,0,0,2,2,2,0,1,0,1,2
24,7768.072,11787.678,132.037,20.732,0,0.85058,1.00000,102.069,9.000,-1,275.000,350.000,250.000,550.000,250.000,225.000,650.000,275.000,-1,-1,-1,450.000,350.000,300.000,650.000,325.000,2,1,1,1,1,1,1,0,0,2,2,2,0,1,1,1,1
26,7940.468,11904.098,148.515,38.349,0,0.87401,0.96479,104.881,8.683,-1,325.000,300.000,100.000,25.000,200.000,100.000,700.000,275.000,-1,725.000,475.000,750.000,-1,125.000,-1,25.000,2,1,1,1,1,1,1,0,1,2,0,0,0,2,1,2,1
28,8072.721,12065.625,170.447,54.702,0,0.86774,0.88724,104.129,7.985,-1,925.000,-1,125.000,0.000,375.000,150.000,700.000,75.000,-1,525.000,450.000,-1,-1,150.000,-1,0.000,2,0,2,1,1,1,1,0,1,2,0,0,2,2,1,2,1
30,4163.393,-2466.231,-399.330,-118.490,1,0.08000,-0.12000,9.600,-1.080,-1,425.000,-1,525.000,-1,375.000,400.000,425.000,250.000,275.000,0.000,0.000,25.000,800.000,900.000,-1,-1,2,0,2,0,2,0,0,0,0,0,0,0,0,0,0,2,2
32,4137.546,-2506.656,-389.465,-123.890,0,0.24000,-0.36000,28.800,-3.240,-1,425.000,-1,475.000,-1,375.000,400.000,500.000,250.000,450.000,0.000,0.000,75.000,725.000,800.000,-1,-1,2,0,2,0,2,0,0,1,0,0,0,0,0,0,0,2,2
34,4080.687,-2571.583,-372.811,-133.610,0,0.40000,-0.60000,48.000,-5.400,-1,400.000,-1,425.000,575.000,350.000,375.000,350.000,225.000,850.000,100.000,75.000,125.000,625.000,650.000,-1,850.000,2,0,2,0,0,0,0,1,0,0,0,0,0,0,0,2,0
36,3979.734,-2644.497,-352.338,-147.650,0,0.56000,-0.84000,67.200,-7.560,525.000,350.000,-1,325.000,300.000,325.000,300.000,275.000,225.000,-1,350.000,300.000,250.000,575.000,475.000,-1,350.000,0,0,2,0,0,0,0,0,0,2,0,0,0,0,0,2,0
38,3834.725,-2699.149,-333.089,-163.205,0,0.65438,-0.86642,78.526,-7.798,325.000,275.000,-1,225.000,150.000,225.000,200.000,225.000,250.000,775.000,875.000,725.000,450.000,425.000,325.000,375.000,175.000,0,0,2,0,0,0,0,0,0,1,0,0,0,0,0,0,0
40,3683.278,-2712.400,-319.437,-178.996,0,0.63016,-0.88147,75.619,-7.933,100.000,175.000,500.000,175.000,100.000,150.000,150.000,200.000,250.000,600.000,-1,-1,700.000,250.000,250.000,100.000,100.000,0,0,0,0,0,0,0,0,0,1,2,2,0,0,0,0,0
42,3536.303,-2683.633,-295.844,-195.133,0,0.62560,-0.90181,75.072,-8.116,-1,425.000,-1,400.000,-1,325.000,325.000,250.000,250.000,175.000,0.000,0.000,550.000,-1,725.000,-1,-1,2,0,2,0,2,0,0,0,0,0,0,0,0,2,0,2,2
44,3401.946,-2613.575,-264.092,-211.680,0,0.63652,-0.92530,76.382,-8.328,-1,425.000,-1,350.000,475.000,325.000,300.000,325.000,250.000,375.000,50.000,0.000,450.000,825.000,600.000,-1,-1,2,0,2,0,0,0,0,0,0,0,0,0,0,0,0,2,2
46,3291.175,-2504.132,-241.202,-229.118,0,0.65601,-1.00000,78.721,-9.000,-1,375.000,-1,275.000,250.000,275.000,250.000,325.000,250.000,-1,275.000,225.000,475.000,750.000,450.000,-1,300.000,2,0,2,0,0,0,0,0,0,2,0,0,0,0,0,2,0
48,3217.328,-2361.343,-230.400,-247.118,0,0.67702,-1.00000,81.242,-9.000,-1,300.000,-1,225.000,100.000,225.000,200.000,325.000,225.000,-1,400.000,425.000,575.000,550.000,350.000,-1,100.000,2,0,2,0,0,0,0,0,0,2,0,0,0,0,0,2,0
50,3190.492,-2198.486,-220.644,-265.118,0,0.69357,-1.00000,83.229,-9.000,-1,625.000,-1,400.000,700.000,375.000,325.000,300.000,275.000,-1,0.000,0.000,450.000,-1,875.000,-1,-1,2,0,2,0,0,0,0,0,0,2,0,0,0,2,0,2,2
52,3215.223,-2026.948,-214.470,-282.038,0,0.74672,-0.88000,89.606,-7.920,-1,675.000,-1,375.000,350.000,400.000,350.000,350.000,275.000,-1,25.000,25.000,625.000,-1,625.000,-1,550.000,2,0,2,0,0,0,0,0,0,2,0,0,0,2,0,2,0
54,3283.177,-1856.890,-216.796,-294.638,0,0.77009,-0.64000,92.410,-5.760,-1,575.000,-1,325.000,225.000,375.000,325.000,425.000,275.000,-1,150.000,175.000,800.000,-1,475.000,-1,300.000,2,0,2,0,0,0,0,0,0,2,0,0,0,2,0,2,0
56,3381.033,-1694.883,-223.277,-302.918,0,0.79534,-0.40000,95.441,-3.600,-1,525.000,950.000,275.000,125.000,350.000,275.000,600.000,250.000,-1,125.000,175.000,900.000,-1,400.000,-1,150.000,2,0,1,0,0,0,0,0,0,2,0,0,0,2,0,2,0
58,3496.349,-1537.116,-239.322,-306.878,0,0.82061,-0.16000,98.474,-1.440,-1,275.000,525.000,175.000,0.000,200.000,175.000,500.000,225.000,-1,750.000,800.000,-1,475.000,250.000,925.000,0.000,2,1,1,0,0,0,0,0,0,2,0,0,2,1,0,1,0
60,3618.681,-1376.948,-249.893,-307.503,0,0.84622,-0.02940,101.546,-0.265,-1,375.000,-1,350.000,-1,300.000,300.000,225.000,350.000,75.000,0.000,0.000,-1,600.000,625.000,900.000,-1,2,1,2,0,2,1,1,0,0,0,0,0,2,1,1,1,2
62,3746.184,-1212.855,-234.451,-307.951,0,0.87245,-0.02320,104.693,-0.209,825.000,325.000,-1,300.000,-1,250.000,250.000,300.000,325.000,275.000,0.000,50.000,-1,475.000,-1,675.000,-1,1,1,2,1,2,1,1,0,0,0,0,0,2,1,2,1,2
64,8110.137,17531.596,-159.520,-159.345,1,0.00000,0.00000,107.871,-0.127,0.000,225.000,-1,400.000,-1,225.000,325.000,100.000,300.000,-1,-1,-1,-1,300.000,750.000,0.000,-1,1,1,2,0,2,1,1,1,0,2,2,2,2,1,0,1,2
66,8083.665,17520.263,-160.672,-156.105,0,0.16000,0.24000,19.200,2.160,0.000,200.000,-1,400.000,-1,200.000,300.000,100.000,300.000,-1,-1,-1,-1,275.000,750.000,0.000,-1,1,1,2,0,2,1,1,1,0,2,2,2,2,1,0,1,2
68,8025.278,17487.090,-162.999,-148.545,0,0.32000,0.48000,38.400,4.320,0.000,150.000,-1,350.000,-1,150.000,225.000,100.000,300.000,-1,-1,-1,-1,200.000,850.000,0.000,-1,1,1,2,1,2,1,1,1,0,2,2,2,2,1,1,1,2
70,7340.052,11532.672,82.780,-177.805,1,0.08000,0.12000,9.600,1.080,0.000,300.000,-1,400.000,-1,300.000,325.000,100.000,300.000,-1,-1,975.000,-1,500.000,725.000,0.000,-1,0,0,2,0,2,0,0,0,0,2,2,1,2,0,0,0,2
72,7292.360,11527.407,78.270,-172.405,0,0.24000,0.36000,28.800,3.240,0.000,250.000,-1,400.000,-1,275.000,350.000,100.000,300.000,-1,-1,850.000,-1,400.000,775.000,0.000,-1,0,0,2,0,2,0,0,0,0,2,2,1,2,0,0,0,2
74,7208.209,11507.998,69.125,-165.455,0,0.40000,0.38914,48.000,3.502,0.000,225.000,-1,425.000,-1,225.000,325.000,100.000,300.000,-1,925.000,875.000,-1,325.000,775.000,0.000,-1,0,0,2,0,2,0,0,0,0,2,1,1,2,0,0,0,2
76,7091.058,11465.162,58.046,-158.228,0,0.56000,0.40614,67.200,3.655,-1,400.000,-1,450.000,625.000,325.000,350.000,350.000,100.000,-1,25.000,0.000,0.000,925.000,750.000,-1,-1,2,0,2,0,0,0,0,0,0,2,0,0,0,1,0,2,2
78,6948.020,11386.823,59.421,-149.271,0,0.72000,0.47708,86.400,4.294,-1,450.000,-1,500.000,1000.000,375.000,375.000,375.000,150.000,-1,25.000,0.000,25.000,-1,850.000,-1,-1,2,0,2,0,0,0,0,0,0,2,0,0,0,2,0,2,2
80,6787.678,11264.853,64.263,-140.705,0,0.88000,0.47500,105.600,4.275,-1,575.000,-1,375.000,625.000,325.000,325.000,575.000,200.000,-1,275.000,50.000,125.000,-1,675.000,-1,1000.000,2,0,2,0,0,0,0,0,0,2,0,0,0,2,0,2,1
82,6623.444,11096.709,73.364,-132.275,0,1.00000,0.46530,120.000,4.188,-1,825.000,-1,400.000,800.000,475.000,375.000,625.000,300.000,-1,375.000,225.000,275.000,-1,625.000,-1,800.000,2,1,2,1,1,1,1,0,0,2,0,0,0,2,1,2,1
84,6481.884,10903.084,89.948,-124.173,0,1.00000,0.44389,120.000,3.995,-1,-1,-1,400.000,525.000,525.000,400.000,725.000,250.000,-1,500.000,400.000,475.000,-1,525.000,-1,500.000,2,2,2,1,1,1,1,0,0,2,0,0,0,2,1,2,1
86,6367.455,10692.259,82.932,-116.659,0,1.00000,0.40718,120.000,3.665,-1,425.000,-1,175.000,50.000,275.000,175.000,275.000,300.000,-1,-1,-1,-1,925.000,200.000,-1,50.000,2,0,2,1,1,1,1,0,0,2,2,2,2,0,1,2,1
88,6278.956,10469.269,57.864,-110.070,0,1.00000,0.35050,120.000,3.155,-1,425.000,-1,100.000,0.000,275.000,125.000,275.000,100.000,-1,-1,-1,-1,825.000,125.000,-1,0.000,2,0,2,1,1,1,1,0,1,2,2,2,2,0,1,2,1
90,18480.212,-10157.555,373.609,-92.457,1,0.08000,-0.12000,9.600,-1.080,600.000,300.000,-1,400.000,-1,275.000,300.000,275.000,350.000,475.000,-1,-1,-1,475.000,625.000,525.000,-1,0,0,2,0,2,0,0,0,0,0,2,2,2,0,0,0,2
92,18474.730,-10205.223,367.605,-97.857,0,0.24000,-0.36000,28.800,-3.240,-1,350.000,-1,450.000,-1,325.000,350.000,275.000,325.000,450.000,100.000,50.000,-1,550.000,800.000,650.000,-1,2,0,2,0,2,0,0,0,0,0,0,0,2,0,0,0,2
94,18452.134,-10288.518,357.325,-107.577,0,0.40000,-0.60000,48.000,-5.400,525.000,350.000,-1,450.000,-1,325.000,350.000,275.000,300.000,625.000,275.000,250.000,-1,550.000,925.000,525.000,-1,0,0,2,0,2,0,0,0,0,0,0,0,2,0,0,0,2
96,18395.077,-10399.301,342.282,-120.152,0,0.56000,-0.69862,67.200,-6.288,425.000,350.000,-1,475.000,-1,325.000,350.000,275.000,300.000,-1,400.000,500.000,-1,550.000,-1,500.000,-1,0,0,2,0,2,0,0,0,0,2,0,0,2,0,2,0,2
98,18290.836,-10524.554,321.800,-132.727,0,0.72000,-0.69862,86.400,-6.288,350.000,325.000,-1,475.000,-1,300.000,350.000,250.000,300.000,-1,700.000,700.000,-1,575.000,950.000,450.000,-1,0,0,2,0,2,0,0,0,0,2,0,0,2,0,0,0,2
100,18138.107,-10643.087,296.459,-145.302,0,0.81351,-0.69862,97.621,-6.288,300.000,350.000,-1,450.000,-1,325.000,350.000,200.000,325.000,-1,-1,-1,-1,675.000,875.000,-1,-1,0,0,2,0,2,0,0,0,0,2,2,2,2,0,0,2,2
102,17961.809,-10726.295,269.280,-157.878,0,0.81351,-0.69862,97.621,-6.288,625.000,350.000,-1,400.000,-1,300.000,325.000,175.000,300.000,-1,-1,-1,-1,575.000,775.000,700.000,-1,0,0,2,0,2,0,0,0,0,2,2,2,2,0,0,0,2
104,17771.624,-10769.124,244.111,-170.453,0,0.81351,-0.69862,97.621,-6.288,475.000,325.000,-1,400.000,-1,300.000,325.000,175.000,300.000,500.000,-1,-1,-1,500.000,775.000,475.000,-1,0,0,2,0,2,0,0,0,0,0,2,2,2,0,0,0,2
106,17576.676,-10769.518,225.907,-183.028,0,0.81351,-0.69862,97.621,-6.288,325.000,350.000,-1,400.000,-1,325.000,325.000,225.000,300.000,375.000,-1,-1,-1,575.000,700.000,425.000,-1,0,0,2,0,2,0,0,0,0,0,2,2,2,0,0,0,2
108,17386.320,-10727.459,215.221,-195.603,0,0.81351,-0.69862,97.621,-6.288,400.000,375.000,-1,400.000,-1,325.000,325.000,225.000,300.000,550.000,175.000,650.000,-1,600.000,650.000,600.000,-1,0,0,2,0,2,0,0,0,0,0,0,0,2,0,0,0,2
110,17209.686,-10644.964,211.727,-208.178,0,0.81351,-0.69862,97.621,-6.288,550.000,350.000,-1,375.000,-1,300.000,325.000,200.000,300.000,725.000,225.000,375.000,-1,525.000,800.000,550.000,-1,0,0,2,0,2,0,0,0,0,0,0,0,2,0,0,0,2
112,17055.251,-10525.992,216.708,-220.753,0,0.81351,-0.69862,97.621,-6.288,375.000,300.000,-1,450.000,-1,275.000,325.000,250.000,325.000,575.000,325.000,400.000,-1,475.000,-1,425.000,-1,0,0,2,0,2,0,0,0,0,0,0,0,2,0,2,0,2
114,16934.543,-10384.575,228.946,-232.249,0,0.73749,-0.57862,88.499,-5.208,275.000,350.000,-1,550.000,-1,325.000,375.000,225.000,375.000,450.000,350.000,500.000,-1,700.000,-1,325.000,-1,0,0,2,0,2,0,0,0,0,0,0,0,2,0,2,0,2
116,16840.108,-10234.008,245.434,-239.424,0,0.74294,-0.33862,89.153,-3.048,650.000,450.000,-1,925.000,-1,400.000,450.000,200.000,425.000,525.000,425.000,600.000,-1,925.000,-1,-1,-1,0,0,2,0,2,0,0,0,0,0,0,0,2,0,2,2,2
118,16754.217,-10073.552,255.185,-242.279,0,0.76682,-0.09862,92.019,-0.888,500.000,350.000,-1,500.000,-1,300.000,300.000,200.000,325.000,-1,-1,-1,-1,700.000,-1,875.000,-1,0,0,2,0,2,0,0,0,0,2,2,2,2,0,2,0,2
120,16660.918,-9902.151,264.074,-240.814,0,0.82736,0.14138,99.283,1.272,-1,500.000,-1,600.000,-1,400.000,425.000,250.000,250.000,-1,-1,-1,775.000,925.000,-1,-1,-1,2,0,2,0,2,0,0,0,0,2,2,2,0,0,2,2,2
122,16551.754,-9724.037,270.475,-237.779,0,0.88492,0.16213,106.190,1.459,825.000,425.000,-1,550.000,-1,375.000,400.000,250.000,325.000,-1,-1,-1,-1,725.000,750.000,-1,1000.000,0,0,2,0,2,0,0,0,0,2,2,2,2,0,1,2,1
124,16426.899,-9539.686,269.775,-235.334,0,0.94190,0.12588,113.028,1.133,375.000,325.000,800.000,425.000,850.000,300.000,325.000,225.000,475.000,-1,-1,-1,-1,550.000,525.000,500.000,625.000,0,0,1,1,1,0,0,0,0,2,2,2,2,0,1,0,1
126,16297.335,-9349.905,257.112,-236.065,0,0.97107,-0.08719,116.529,-0.785,400.000,300.000,500.000,250.000,350.000,250.000,250.000,250.000,425.000,-1,-1,-1,-1,500.000,325.000,675.000,300.000,0,0,1,1,1,0,1,0,0,2,2,2,2,1,1,1,1
128,16168.981,-9147.262,255.819,-238.253,0,1.00000,-0.13402,120.000,-1.206,-1,275.000,375.000,150.000,125.000,200.000,150.000,250.000,450.000,-1,25.000,0.000,625.000,375.000,200.000,575.000,125.000,2,1,1,1,1,1,1,0,1,2,0,0,0,1,1,1,1
130,-6369.973,7039.194,-196.416,5.932,1,0.00000,0.00000,120.000,-1.752,-1,600.000,-1,775.000,-1,500.000,550.000,300.000,275.000,-1,325.000,300.000,600.000,-1,-1,-1,-1,2,0,2,0,2,0,0,0,0,2,0,0,0,2,2,2,2
132,-6341.228,7040.908,-190.389,2.692,0,0.16000,-0.24000,19.200,-2.160,-1,625.000,-1,800.000,-1,525.000,550.000,300.000,275.000,-1,350.000,325.000,625.000,-1,-1,-1,-1,2,0,2,0,2,0,0,0,0,2,0,0,0,2,2,2,2
134,-6274.168,7037.373,-176.186,-4.868,0,0.32000,-0.48000,38.400,-4.320,-1,675.000,-1,875.000,-1,575.000,600.000,325.000,275.000,-1,450.000,425.000,675.000,-1,-1,-1,-1,2,0,2,0,2,0,0,0,0,2,0,0,0,2,2,2,2
136,-6171.780,7012.219,-163.130,-16.748,0,0.48000,-0.72000,57.600,-6.480,750.000,375.000,-1,450.000,-1,325.000,350.000,275.000,275.000,-1,-1,-1,-1,625.000,-1,900.000,-1,0,0,2,0,2,0,0,0,0,2,2,2,2,0,2,0,2
138,-6044.505,6945.457,-155.720,-31.005,0,0.64000,-0.79207,76.800,-7.129,725.000,375.000,-1,425.000,-1,325.000,350.000,275.000,250.000,-1,-1,-1,-1,650.000,850.000,-1,-1,0,0,2,0,2,0,0,0,0,2,2,2,2,0,0,2,2
140,-5908.975,6823.911,-149.192,-45.263,0,0.80000,-0.79207,96.000,-7.129,-1,400.000,-1,425.000,650.000,350.000,350.000,250.000,275.000,-1,-1,-1,-1,925.000,725.000,-1,-1,2,0,2,0,0,0,0,0,0,2,2,2,2,0,0,2,2
142,-5796.825,6657.920,-144.849,-59.520,0,0.83631,-0.79207,100.357,-7.129,-1,425.000,-1,325.000,350.000,325.000,300.000,225.000,275.000,-1,-1,-1,-1,-1,500.000,-1,400.000,2,0,2,0,0,0,0,0,0,2,2,2,2,2,0,2,0
144,-5729.010,6469.421,-144.474,-73.777,0,0.83631,-0.79207,100.357,-7.129,-1,325.000,-1,250.000,175.000,250.000,225.000,250.000,275.000,725.000,-1,-1,-1,800.000,350.000,-1,175.000,2,0,2,0,0,0,0,0,0,0,2,2,2,0,0,2,0
146,-5709.706,6270.027,-146.108,-88.035,0,0.83631,-0.79207,100.357,-7.129,-1,200.000,-1,175.000,50.000,175.000,150.000,275.000,275.000,525.000,500.000,-1,-1,350.000,225.000,950.000,25.000,2,0,2,0,0,0,0,0,0,0,0,2,2,0,0,0,0
148,-5740.102,6072.020,-120.376,-102.292,0,0.83631,-0.79207,100.357,-7.129,-1,550.000,-1,350.000,-1,350.000,300.000,400.000,350.000,325.000,0.000,0.000,650.000,-1,675.000,-1,-1,2,0,2,0,2,0,0,0,0,0,0,0,0,2,0,2,2
150,-5818.327,5887.598,-85.845,-116.549,0,0.83631,-0.79207,100.357,-7.129,-1,525.000,-1,375.000,-1,350.000,325.000,525.000,425.000,700.000,75.000,75.000,650.000,-1,750.000,-1,-1,2,0,2,0,2,0,0,0,0,0,0,0,0,2,0,2,2
152,-5939.561,5728.120,-48.174,-130.806,0,0.83631,-0.79207,100.357,-7.129,-1,500.000,-1,475.000,-1,375.000,375.000,575.000,500.000,-1,75.000,100.000,625.000,-1,900.000,-1,-1,2,0,2,0,2,0,0,0,0,2,0,0,0,2,0,2,2
154,-6097.593,5600.160,-7.749,-143.984,0,0.86057,-0.67207,103.269,-6.049,-1,525.000,-1,625.000,-1,425.000,450.000,775.000,550.000,-1,125.000,75.000,625.000,-1,-1,-1,-1,2,0,2,0,2,0,0,0,0,2,0,0,0,2,2,2,2
156,-6277.950,5499.760,18.341,-152.841,0,0.86057,-0.43207,103.269,-3.889,275.000,250.000,975.000,325.000,-1,225.000,250.000,575.000,600.000,-1,-1,-1,-1,325.000,675.000,250.000,-1,0,0,0,0,2,0,0,0,0,2,2,2,2,0,0,0,2
158,-6467.607,5417.353,28.792,-157.378,0,0.86285,-0.19207,103.542,-1.729,-1,250.000,-1,425.000,-1,225.000,300.000,675.000,450.000,-1,-1,-1,-1,400.000,-1,225.000,-1,2,0,2,0,2,0,0,0,0,2,2,2,2,0,2,0,2
160,-6663.718,5337.359,50.236,-157.595,0,0.88906,0.04793,106.687,0.431,-1,350.000,-1,550.000,-1,325.000,375.000,-1,400.000,-1,75.000,0.000,750.000,-1,-1,-1,-1,2,0,2,0,2,0,0,2,0,2,0,0,0,2,2,2,2
162,-6861.093,5244.391,87.579,-153.493,0,0.91618,0.28793,109.942,2.591,-1,-1,-1,875.000,-1,775.000,450.000,-1,425.000,-1,50.000,0.000,550.000,-1,-1,-1,-1,2,2,2,0,2,1,0,2,0,2,0,0,0,2,2,2,2
164,-7050.660,5123.281,124.723,-145.070,0,0.94563,0.52793,113.476,4.751,-1,-1,-1,475.000,-1,850.000,650.000,-1,350.000,-1,600.000,400.000,900.000,-1,-1,-1,-1,2,2,2,1,2,1,1,2,0,2,0,0,0,2,2,2,2
166,-7217.112,4961.638,181.186,-132.493,0,0.97586,0.74952,117.103,6.746,-1,-1,-1,1000.000,-1,-1,-1,-1,400.000,-1,375.000,100.000,-1,-1,-1,-1,-1,2,2,2,1,2,2,2,2,0,2,0,0,2,2,2,2,2
168,-7345.702,4761.578,148.198,-119.570,0,0.99656,0.70543,119.587,6.349,450.000,350.000,625.000,250.000,275.000,300.000,250.000,250.000,-1,-1,-1,-1,-1,475.000,325.000,450.000,250.000,0,0,1,1,1,1,1,0,2,2,2,2,2,0,1,0,1
170,-7429.781,4538.569,75.328,-107.787,0,0.99042,0.63534,118.850,5.718,225.000,225.000,400.000,175.000,0.000,200.000,175.000,275.000,200.000,-1,-1,-1,-1,300.000,200.000,225.000,0.000,0,0,1,1,1,0,1,0,1,2,2,2,2,0,1,0,1
172,-7469.772,4318.908,2.492,-97.970,0,0.89101,0.50038,106.922,4.503,75.000,125.000,225.000,75.000,0.000,100.000,75.000,275.000,50.000,-1,-1,-1,-1,175.000,100.000,50.000,0.000,0,0,1,1,1,0,1,0,1,2,2,2,2,0,1,0,1
174,-7474.959,4134.068,-22.812,-89.341,0,0.73101,0.47879,87.722,4.309,-1,700.000,-1,375.000,25.000,400.000,325.000,325.000,75.000,250.000,0.000,0.000,0.000,-1,-1,-1,-1,2,0,2,0,1,0,0,0,1,0,0,0,1,2,2,2,2
176,-7457.045,3988.630,-30.480,-80.655,0,0.57101,0.48451,68.522,4.361,-1,725.000,-1,600.000,-1,500.000,475.000,275.000,150.000,275.000,0.000,25.000,75.000,-1,-1,-1,-1,2,0,2,0,2,0,0,0,1,0,0,1,1,2,2,2,2
178,-7425.901,3879.297,-37.591,-71.792,0,0.45705,0.49518,54.846,4.457,-1,675.000,-1,700.000,-1,500.000,500.000,250.000,200.000,325.000,150.000,125.000,175.000,-1,-1,-1,-1,2,0,2,0,2,0,0,0,1,0,0,1,1,2,2,2,2
180,-7381.470,3783.927,-46.324,-62.710,0,0.43395,0.50788,52.074,4.571,-1,550.000,-1,650.000,-1,475.000,500.000,225.000,300.000,400.000,325.000,225.000,350.000,825.000,-1,-1,-1,2,0,2,0,2,0,0,0,0,0,1,1,1,0,2,2,2
182,-7323.906,3699.435,-57.597,-53.375,0,0.42482,0.52231,50.979,4.701,925.000,450.000,-1,575.000,-1,400.000,450.000,225.000,375.000,550.000,450.000,325.000,725.000,650.000,900.000,825.000,-1,0,0,2,0,2,0,0,0,0,0,1,1,1,0,0,0,2
184,-7253.302,3625.865,-71.851,-43.763,0,0.42612,0.53794,51.135,4.841,825.000,375.000,850.000,475.000,-1,325.000,350.000,225.000,450.000,825.000,575.000,475.000,-1,525.000,675.000,650.000,875.000,0,0,0,0,2,0,0,0,0,0,1,1,2,0,0,0,0
186,-7169.802,3564.440,-91.364,-33.859,0,0.43491,0.55438,52.189,4.989,950.000,300.000,600.000,300.000,500.000,250.000,250.000,275.000,350.000,-1,825.000,775.000,-1,450.000,400.000,650.000,450.000,0,0,0,0,0,0,0,0,0,2,1,1,2,0,0,0,0
188,-7072.538,3520.760,-109.220,-20.640,0,0.44892,0.79438,53.870,7.149,775.000,325.000,625.000,250.000,300.000,250.000,225.000,250.000,325.000,-1,800.000,825.000,-1,550.000,325.000,950.000,275.000,0,0,0,0,0,0,0,0,0,2,1,1,2,0,0,0,0
190,-6963.068,3503.232,-122.440,-5.330,0,0.46803,0.84639,56.163,7.617,450.000,375.000,950.000,225.000,125.000,275.000,225.000,250.000,300.000,-1,-1,-1,-1,600.000,325.000,625.000,150.000,0,0,0,0,0,0,0,0,0,2,2,2,2,0,0,0,0
192,-6847.796,3515.333,-129.177,9.689,0,0.48929,0.83052,58.715,7.475,325.000,350.000,-1,325.000,175.000,325.000,325.000,225.000,250.000,-1,0.000,550.000,-1,550.000,475.000,400.000,225.000,0,0,2,0,0,0,0,0,0,2,0,0,2,0,0,0,0
194,-6734.842,3558.256,-130.421,24.445,0,0.50940,0.81636,61.128,7.347,25.000,225.000,-1,350.000,325.000,225.000,275.000,175.000,200.000,-1,-1,-1,-1,325.000,550.000,25.000,550.000,0,0,2,0,0,0,0,0,0,2,2,2,2,0,0,0,0
196,-6632.787,3630.745,-127.683,38.978,0,0.52677,0.80460,63.213,7.241,-1,300.000,-1,325.000,550.000,250.000,275.000,425.000,100.000,-1,0.000,0.000,50.000,-1,550.000,-1,725.000,2,0,2,0,0,0,0,0,0,2,0,0,0,2,0,2,0
198,-6549.623,3729.084,-105.604,53.338,0,0.54106,0.79577,64.927,7.162,-1,375.000,-1,350.000,-1,275.000,275.000,450.000,200.000,-1,0.000,0.000,75.000,-1,-1,-1,-1,2,0,2,0,2,0,0,0,0,2,0,0,0,2,2,2,2
200,-6475.386,3869.129,-67.146,64.422,0,0.70106,0.55577,84.127,5.002,-1,-1,-1,-1,-1,475.000,450.000,425.000,300.000,950.000,25.000,0.000,200.000,-1,-1,-1,-1,2,2,2,2,2,0,0,0,0,0,0,0,0,2,2,2,2
202,-6412.204,4040.541,-14.627,71.186,0,0.76214,0.31577,91.456,2.842,-1,-1,-1,-1,-1,-1,-1,400.000,350.000,675.000,50.000,175.000,375.000,-1,-1,-1,-1,2,2,2,2,2,2,2,0,0,0,0,0,0,2,2,2,2
204,-6359.595,4215.767,42.833,73.630,0,0.76210,0.07577,91.452,0.682,-1,-1,-1,-1,-1,-1,-1,375.000,450.000,700.000,75.000,275.000,600.000,-1,-1,-1,-1,2,2,2,2,2,2,2,0,0,0,0,0,0,2,2,2,2
206,-6304.706,4389.781,66.644,71.754,0,0.75964,-0.16423,91.157,-1.478,-1,600.000,-1,825.000,-1,450.000,525.000,225.000,500.000,-1,-1,-1,-1,-1,-1,-1,-1,2,0,2,0,2,0,0,0,0,2,2,2,2,2,2,2,2
208,-6234.772,4557.602,70.745,65.558,0,0.75754,-0.40423,90.904,-3.638,-1,650.000,-1,700.000,-1,500.000,500.000,225.000,400.000,-1,-1,-1,-1,-1,-1,-1,-1,2,0,2,0,2,0,0,0,0,2,2,2,2,2,2,2,2
210,-6142.615,4714.606,58.841,57.575,0,0.76014,-0.44797,91.217,-4.032,-1,550.000,-1,450.000,-1,400.000,375.000,500.000,275.000,-1,-1,-1,-1,-1,925.000,-1,-1,2,0,2,0,2,0,0,0,0,2,2,2,2,2,0,2,2
212,-6027.593,4858.333,37.602,49.226,0,0.77068,-0.46950,92.481,-4.225,-1,450.000,-1,375.000,900.000,350.000,325.000,-1,250.000,-1,-1,-1,-1,-1,700.000,-1,-1,2,0,2,0,0,0,0,2,0,2,2,2,2,2,0,2,2
214,-5891.611,4984.405,5.142,40.704,0,0.77317,-0.47347,92.780,-4.261,-1,325.000,-1,325.000,550.000,275.000,275.000,450.000,300.000,-1,-1,-1,-1,625.000,550.000,-1,750.000,2,0,2,0,0,0,0,0,0,2,2,2,2,0,0,2,0
216,-5738.448,5088.933,-28.700,32.181,0,0.77317,-0.47347,92.780,-4.261,-1,375.000,-1,325.000,525.000,300.000,275.000,425.000,250.000,-1,100.000,-1,-1,675.000,600.000,1000.000,700.000,2,0,2,0,0,0,0,0,0,2,0,2,2,0,0,0,0
218,-5571.484,5169.607,-59.463,23.659,0,0.77317,-0.47347,92.780,-4.261,-1,500.000,-1,400.000,925.000,400.000,375.000,450.000,250.000,-1,0.000,0.000,-1,775.000,675.000,-1,-1,2,0,2,0,0,0,0,0,0,2,0,0,2,0,0,2,2
220,-5394.409,5224.647,-84.754,15.136,0,0.77317,-0.47347,92.780,-4.261,675.000,425.000,-1,350.000,700.000,350.000,300.000,350.000,250.000,-1,300.000,250.000,-1,600.000,575.000,700.000,775.000,0,0,2,0,0,0,0,0,0,2,0,0,2,0,0,0,0
222,-5211.132,5252.837,-112.791,6.614,0,0.77317,-0.47347,92.780,-4.261,425.000,325.000,850.000,300.000,775.000,275.000,275.000,275.000,275.000,-1,-1,675.000,-1,525.000,500.000,450.000,675.000,0,0,0,0,0,0,0,0,0,2,2,0,2,0,0,0,0
224,-5025.701,5253.554,-140.414,-1.909,0,0.77317,-0.47347,92.780,-4.261,250.000,275.000,675.000,300.000,750.000,225.000,250.000,250.000,325.000,-1,-1,-1,-1,425.000,500.000,325.000,625.000,0,0,0,0,0,0,0,0,0,2,2,2,2,0,0,0,0
226,-4870.032,5235.604,-157.453,-8.260,0,0.61317,-0.35214,73.580,-3.169,450.000,350.000,950.000,425.000,-1,325.000,350.000,225.000,325.000,450.000,0.000,0.000,-1,475.000,625.000,475.000,925.000,0,0,0,0,2,0,0,0,0,0,0,0,2,0,0,0,0
228,-4754.696,5209.220,-162.528,-14.598,0,0.45317,-0.35214,54.380,-3.169,350.000,300.000,-1,400.000,-1,275.000,325.000,225.000,325.000,625.000,25.000,0.000,-1,425.000,575.000,375.000,850.000,0,0,2,0,2,0,0,0,0,0,0,0,2,0,0,0,0
230,-4679.194,5182.984,-165.422,-20.937,0,0.29317,-0.35214,35.180,-3.169,275.000,275.000,-1,375.000,-1,275.000,300.000,250.000,300.000,650.000,150.000,100.000,-1,400.000,575.000,300.000,875.000,0,0,2,0,2,0,0,0,0,0,0,0,2,0,0,0,0
232,-4641.641,5165.213,-166.628,-27.275,0,0.13317,-0.35214,15.980,-3.169,225.000,275.000,-1,375.000,-1,250.000,300.000,250.000,300.000,625.000,225.000,175.000,-1,375.000,600.000,250.000,-1,0,0,2,0,2,0,0,0,0,0,0,0,2,0,0,0,2
234,-4638.822,5163.762,-166.715,-33.614,0,-0.02683,-0.35214,-3.220,-3.169,225.000,275.000,-1,425.000,-1,275.000,325.000,275.000,300.000,525.000,275.000,200.000,1000.000,400.000,675.000,250.000,-1,0,0,2,0,2,0,0,0,0,0,0,0,0,0,0,0,2
236,-4666.276,5185.836,-166.587,-39.953,0,-0.18683,-0.35214,-22.420,-3.169,275.000,325.000,-1,475.000,-1,300.000,350.000,275.000,300.000,450.000,250.000,175.000,875.000,450.000,800.000,300.000,-1,0,0,2,0,2,0,0,0,0,0,0,0,0,0,0,0,2
238,-4716.340,5235.647,-167.550,-46.291,0,-0.32191,-0.35214,-38.629,-3.169,350.000,350.000,-1,475.000,-1,350.000,375.000,275.000,275.000,350.000,175.000,125.000,675.000,525.000,975.000,425.000,-1,0,0,2,0,2,0,0,0,0,0,0,0,0,0,0,0,2
240,-4764.894,5295.703,-170.114,-52.630,0,-0.32191,-0.35214,-38.629,-3.169,450.000,400.000,-1,475.000,-1,375.000,375.000,275.000,275.000,275.000,75.000,50.000,475.000,625.000,-1,600.000,-1,0,0,2,0,2,0,0,0,0,0,0,0,0,0,2,0,2
242,-4806.521,5360.753,-174.162,-58.968,0,-0.32191,-0.35214,-38.629,-3.169,600.000,475.000,-1,450.000,-1,375.000,375.000,275.000,250.000,225.000,0.000,0.000,325.000,725.000,-1,875.000,-1,0,0,2,0,2,0,0,0,0,0,0,0,0,0,2,0,2
244,-4840.712,5430.001,-179.557,-65.307,0,-0.32191,-0.35214,-38.629,-3.169,800.000,475.000,-1,425.000,-1,375.000,350.000,275.000,225.000,175.000,0.000,0.000,250.000,850.000,975.000,-1,-1,0,0,2,0,2,0,0,0,0,0,0,0,0,0,0,2,2
246,-4870.951,5524.780,-188.336,-74.886,0,-0.42804,-0.59214,-51.365,-5.329,-1,475.000,-1,400.000,-1,350.000,325.000,275.000,175.000,100.000,0.000,0.000,125.000,-1,850.000,-1,-1,2,0,2,0,2,0,0,0,0,0,0,0,0,2,0,2,2
248,-4879.815,5626.906,-188.830,-88.784,0,-0.42804,-0.83214,-51.365,-7.489,150.000,175.000,400.000,150.000,0.000,150.000,125.000,300.000,125.000,-1,475.000,675.000,-1,250.000,200.000,125.000,0.000,0,0,0,0,0,0,0,0,0,2,0,0,2,0,0,0,0
250,-4858.779,5727.135,-180.061,-106.353,0,-0.42804,-1.00000,-51.365,-9.000,150.000,200.000,425.000,150.000,0.000,175.000,150.000,300.000,200.000,-1,225.000,325.000,-1,275.000,225.000,150.000,0.000,0,0,0,0,0,0,0,0,0,2,0,0,2,0,0,0,0
252,-4807.800,5815.957,-172.147,-124.353,0,-0.42804,-1.00000,-51.365,-9.000,150.000,200.000,475.000,200.000,100.000,175.000,175.000,300.000,275.000,-1,150.000,200.000,-1,275.000,250.000,150.000,100.000,0,0,0,0,0,0,0,0,0,2,0,0,2,0,0,0,0
254,-4731.868,5884.679,-165.402,-142.353,0,-0.42804,-1.00000,-51.365,-9.000,200.000,225.000,525.000,225.000,350.000,200.000,200.000,275.000,325.000,-1,175.000,150.000,-1,300.000,325.000,200.000,275.000,0,0,0,0,0,0,0,0,0,2,0,0,2,0,0,0,0
256,-4638.416,5926.573,-160.576,-160.353,0,-0.42804,-1.00000,-51.365,-9.000,250.000,250.000,625.000,300.000,-1,225.000,250.000,250.000,325.000,600.000,-1,-1,-1,350.000,475.000,250.000,875.000,0,0,0,0,2,0,0,0,0,0,2,2,2,0,0,0,0
258,-4536.592,5937.539,-158.750,-178.353,0,-0.42804,-1.00000,-51.365,-9.000,300.000,300.000,-1,400.000,-1,275.000,300.000,225.000,300.000,450.000,225.000,-1,-1,425.000,900.000,325.000,-1,0,0,2,0,2,0,0,0,0,0,0,2,2,0,0,0,2
260,-4436.364,5916.502,-160.998,-196.353,0,-0.42804,-1.00000,-51.365,-9.000,400.000,350.000,-1,450.000,-1,325.000,350.000,225.000,300.000,375.000,25.000,75.000,-1,550.000,-1,450.000,-1,0,0,2,0,2,0,0,0,0,0,0,0,2,0,2,0,2
262,-4347.541,5865.523,-167.939,-214.353,0,-0.42804,-1.00000,-51.365,-9.000,625.000,425.000,-1,450.000,-1,350.000,375.000,225.000,375.000,325.000,0.000,0.000,-1,900.000,-1,-1,-1,0,0,2,0,2,0,0,0,0,0,0,0,2,0,2,2,2
264,-4278.819,5789.591,-179.359,-232.353,0,-0.42804,-1.00000,-51.365,-9.000,-1,475.000,-1,450.000,-1,375.000,350.000,250.000,400.000,225.000,0.000,0.000,275.000,-1,-1,-1,-1,2,0,2,0,2,0,0,0,0,0,0,0,0,2,2,2,2
266,-4236.925,5696.139,-190.356,-250.353,0,-0.42804,-1.00000,-51.365,-9.000,150.000,300.000,-1,400.000,-1,250.000,300.000,150.000,575.000,50.000,0.000,0.000,-1,525.000,850.000,250.000,-1,0,0,2,0,2,0,0,0,0,0,0,0,2,0,0,0,2
268,-4225.697,5623.199,-198.872,-265.113,0,-0.26804,-0.76000,-32.165,-6.840,125.000,300.000,-1,525.000,-1,275.000,325.000,125.000,375.000,0.000,0.000,0.000,300.000,550.000,-1,275.000,-1,0,0,2,0,2,0,0,0,0,0,0,0,0,0,2,0,2
270,-4227.296,5587.733,-203.937,-275.553,0,-0.10804,-0.52000,-12.965,-4.680,250.000,350.000,-1,700.000,-1,300.000,400.000,125.000,300.000,0.000,0.000,0.000,200.000,625.000,-1,-1,-1,0,0,2,0,2,0,0,0,0,0,0,0,0,0,2,2,2
272,-4226.570,5590.518,-203.437,-281.673,0,0.05196,-0.28000,6.235,-2.520,550.000,350.000,-1,825.000,-1,350.000,450.000,125.000,275.000,0.000,0.000,0.000,175.000,725.000,-1,-1,-1,0,0,2,0,2,0,0,0,0,0,0,0,0,0,2,2,2
274,-4217.050,5630.676,-196.578,-283.473,0,0.21196,-0.04000,25.435,-0.360,875.000,375.000,-1,800.000,-1,375.000,475.000,150.000,250.000,25.000,0.000,0.000,200.000,750.000,-1,-1,-1,0,0,2,0,2,0,0,0,0,0,0,0,0,0,2,2,2
276,-4200.835,5708.669,-184.418,-280.953,0,0.37196,0.20000,44.635,1.800,-1,375.000,-1,700.000,-1,350.000,425.000,175.000,275.000,150.000,0.000,0.000,225.000,725.000,-1,-1,-1,2,0,2,0,2,0,0,0,0,0,0,0,0,0,2,2,2
278,-4188.520,5826.029,-168.899,-274.220,0,0.53196,0.42814,63.835,3.853,-1,375.000,-1,550.000,-1,325.000,375.000,225.000,300.000,325.000,25.000,0.000,275.000,700.000,-1,-1,-1,2,0,2,0,2,0,0,0,0,0,0,0,0,0,2,2,2
280,-4193.099,5982.345,-150.153,-266.514,0,0.69196,0.42814,83.035,3.853,-1,400.000,-1,475.000,-1,325.000,350.000,325.000,350.000,575.000,200.000,0.000,250.000,950.000,-1,-1,-1,2,0,2,0,2,0,0,0,0,0,0,0,0,0,2,2,2
282,-4221.577,6156.889,-126.939,-258.807,0,0.73730,0.42814,88.476,3.853,-1,525.000,-1,475.000,-1,400.000,350.000,475.000,350.000,850.000,275.000,0.000,275.000,-1,-1,-1,-1,2,0,2,0,2,0,0,0,0,0,0,0,0,2,2,2,2
284,-4273.203,6326.038,-103.009,-251.101,0,0.73730,0.42814,88.476,3.853,-1,375.000,-1,450.000,-1,300.000,325.000,300.000,550.000,875.000,550.000,475.000,-1,775.000,-1,-1,-1,2,0,2,0,2,0,0,0,0,0,0,0,2,0,2,2,2
286,-4347.046,6486.736,-87.447,-243.394,0,0.73730,0.42814,88.476,3.853,-1,400.000,-1,475.000,-1,325.000,350.000,325.000,475.000,1000.000,625.000,550.000,-1,-1,-1,-1,-1,2,0,2,0,2,0,0,0,0,0,0,0,2,2,2,2,2
288,-4441.771,6636.080,-72.506,-235.687,0,0.73730,0.42814,88.476,3.853,-1,450.000,-1,500.000,-1,350.000,375.000,325.000,450.000,-1,675.000,700.000,-1,-1,-1,-1,-1,2,0,2,0,2,0,0,0,0,2,0,0,2,2,2,2,2
290,-4555.668,6771.373,-58.227,-227.981,0,0.73730,0.42814,88.476,3.853,-1,600.000,-1,525.000,-1,425.000,400.000,325.000,450.000,-1,825.000,900.000,-1,-1,-1,-1,-1,2,0,2,0,2,0,0,0,0,2,0,0,2,2,2,2,2
292,-4686.679,6890.170,-44.776,-220.274,0,0.73730,0.42814,88.476,3.853,-1,725.000,-1,725.000,-1,525.000,500.000,350.000,500.000,-1,-1,-1,-1,-1,-1,-1,-1,2,0,2,0,2,0,0,0,0,2,2,2,2,2,2,2,2
294,-4832.437,6990.326,-41.658,-212.568,0,0.73730,0.42814,88.476,3.853,-1,675.000,-1,550.000,-1,500.000,450.000,475.000,325.000,-1,-1,-1,-1,-1,-1,-1,-1,2,0,2,0,2,0,0,0,0,2,2,2,2,2,2,2,2
296,-4990.309,7070.031,-47.042,-204.861,0,0.73730,0.42814,88.476,3.853,850.000,375.000,-1,375.000,-1,325.000,325.000,325.000,400.000,-1,-1,-1,-1,650.000,825.000,-1,-1,0,0,2,0,2,0,0,0,0,2,2,2,2,0,0,2,2
298,-5157.444,7127.845,-65.805,-197.155,0,0.73730,0.42814,88.476,3.853,675.000,350.000,-1,375.000,-1,300.000,300.000,325.000,325.000,-1,-1,-1,-1,600.000,825.000,-1,-1,0,0,2,0,2,0,0,0,0,2,2,2,2,0,0,2,2
299,-5243.547,7148.201,-75.839,-193.301,0,0.73730,0.42814,88.476,3.853,600.000,350.000,-1,375.000,-1,300.000,300.000,300.000,325.000,-1,-1,-1,-1,575.000,800.000,-1,-1,0,0,2,0,2,0,0,0,0,2,2,2,2,0,0,2,2
