timestep,x_cm,y_cm,z_cm,yaw_deg,teleport_flag,throttle_cmd,steering_cmd,cmd_move_cm,cmd_turn_deg,lidar_cm_0,lidar_cm_1,lidar_cm_2,lidar_cm_3,lidar_cm_4,lidar_cm_5,lidar_cm_6,lidar_cm_7,lidar_cm_8,lidar_cm_9,lidar_cm_10,lidar_cm_11,lidar_cm_12,lidar_cm_13,lidar_cm_14,lidar_cm_15,lidar_cm_16,lidar_class_0,lidar_class_1,lidar_class_2,lidar_class_3,lidar_class_4,lidar_class_5,lidar_class_6,lidar_class_7,lidar_class_8,lidar_class_9,lidar_class_10,lidar_class_11,lidar_class_12,lidar_class_13,lidar_class_14,lidar_class_15,lidar_class_16
0,1694.652,13568.993,-363.204,-48.235,1,0.08000,0.12000,9.600,1.080,-1,475.000,-1,400.000,-1,375.000,350.000,200.000,225.000,-1,-1,325.000,-1,-1,800.000,-1,-1,2,1,2,0,2,0,0,1,0,2,2,0,2,2,0,2,2
2,1729.091,13535.583,-360.979,-42.835,0,0.24000,0.36000,28.800,3.240,-1,425.000,-1,375.000,-1,350.000,325.000,200.000,225.000,-1,-1,-1,-1,850.000,725.000,-1,-1,2,1,2,0,2,0,0,1,0,2,2,2,2,1,0,2,2
4,1799.340,13485.448,-357.946,-33.115,0,0.40000,0.60000,48.000,5.400,475.000,350.000,-1,325.000,625.000,300.000,300.000,200.000,200.000,-1,-1,-1,-1,575.000,625.000,600.000,-1,1,1,2,0,0,1,0,1,0,2,2,2,2,1,0,1,2
6,1913.901,13436.446,-354.989,-20.160,0,0.56000,0.72187,67.200,6.497,250.000,275.000,-1,275.000,125.000,250.000,225.000,200.000,150.000,-1,-1,-1,800.000,400.000,450.000,300.000,175.000,1,1,2,1,0,1,1,1,0,2,2,2,0,1,1,1,0
8,-10779.193,309.768,-282.971,-45.431,1,0.00000,0.00000,86.400,6.619,-1,400.000,-1,400.000,-1,325.000,325.000,275.000,300.000,-1,800.000,950.000,-1,725.000,700.000,-1,-1,2,0,2,0,2,0,0,0,0,2,0,0,2,0,0,2,2
10,-10759.907,288.385,-283.944,-48.671,0,0.16000,-0.24000,19.200,-2.160,-1,400.000,-1,400.000,-1,325.000,325.000,275.000,300.000,-1,750.000,925.000,-1,725.000,700.000,-1,-1,2,0,2,0,2,0,0,0,0,2,0,0,2,0,0,2,2
12,-10720.796,233.796,-285.851,-56.231,0,0.32000,-0.48000,38.400,-4.320,-1,400.000,-1,375.000,-1,325.000,325.000,275.000,300.000,-1,625.000,825.000,-1,675.000,675.000,950.000,-1,2,0,2,0,2,0,0,0,0,2,0,0,2,1,0,1,2
14,-10672.738,139.847,-288.039,-64.854,0,0.48000,-0.47552,57.600,-4.280,825.000,400.000,-1,375.000,-1,325.000,300.000,300.000,300.000,-1,450.000,725.000,-1,600.000,675.000,725.000,-1,1,0,2,0,2,0,0,0,0,2,0,0,2,1,0,1,2
16,-10626.468,3.581,-289.884,-73.160,0,0.64000,-0.45611,76.800,-4.105,575.000,375.000,-1,375.000,-1,300.000,300.000,300.000,300.000,-1,450.000,650.000,-1,575.000,650.000,575.000,-1,1,0,2,0,2,0,0,0,0,2,0,0,2,1,0,1,2
18,-10592.216,-175.470,-290.792,-80.991,0,0.80000,-0.42708,96.000,-3.844,425.000,350.000,-1,350.000,-1,275.000,300.000,300.000,300.000,-1,550.000,675.000,-1,600.000,675.000,500.000,-1,1,0,2,0,2,0,0,0,0,2,0,0,2,0,0,1,2
20,-10578.797,-391.294,-288.310,-88.137,0,0.92283,-0.38592,110.740,-3.473,450.000,400.000,-1,425.000,-1,325.000,325.000,275.000,300.000,-1,75.000,75.000,-1,875.000,950.000,-1,-1,1,0,2,0,2,0,0,1,0,2,0,0,2,0,0,2,2
22,-10589.763,-608.564,-279.719,-94.413,0,0.89996,-0.33597,107.996,-3.024,-1,425.000,-1,425.000,-1,350.000,350.000,250.000,300.000,-1,325.000,300.000,-1,-1,1000.000,-1,-1,2,0,2,0,2,0,0,1,0,2,0,0,2,2,0,2,2
24,-10621.664,-815.657,-270.756,-100.218,0,0.86371,-0.32116,103.645,-2.890,-1,475.000,-1,450.000,-1,375.000,350.000,250.000,300.000,-1,675.000,575.000,-1,-1,-1,-1,-1,2,0,2,0,2,0,0,1,0,2,0,0,2,2,2,2,2
26,-10671.903,-1009.328,-263.006,-106.012,0,0.82428,-0.32287,98.914,-2.906,-1,400.000,-1,400.000,-1,325.000,325.000,300.000,325.000,-1,-1,-1,-1,825.000,775.000,-1,-1,2,0,2,0,2,0,0,1,0,2,2,2,2,0,0,2,2
28,-10726.030,-1173.965,-261.471,-108.584,0,0.69997,-0.08287,83.996,-0.746,-1,400.000,-1,400.000,-1,325.000,325.000,325.000,325.000,725.000,-1,-1,-1,825.000,800.000,900.000,-1,2,0,2,0,2,0,0,0,0,1,2,2,2,1,0,1,2
30,-10779.217,-1331.103,-259.501,-108.758,0,0.68931,-0.01298,82.718,-0.117,825.000,400.000,1000.000,425.000,-1,325.000,325.000,325.000,325.000,550.000,-1,-1,-1,675.000,850.000,725.000,-1,1,0,1,0,2,0,0,0,0,1,2,2,2,1,0,1,2
32,-10836.896,-1498.455,-257.196,-109.109,0,0.73357,-0.02041,88.028,-0.184,600.000,425.000,825.000,400.000,-1,325.000,325.000,350.000,300.000,650.000,-1,-1,-1,525.000,750.000,550.000,-1,1,0,1,0,2,0,0,0,0,1,2,2,2,1,0,1,2
34,-10894.646,-1662.101,-256.044,-109.559,0,0.71986,-0.02681,86.383,-0.241,400.000,350.000,625.000,375.000,-1,325.000,325.000,375.000,300.000,750.000,-1,-1,-1,400.000,650.000,375.000,-1,1,1,1,0,2,0,0,0,0,1,2,2,2,1,0,1,2
36,-10966.733,-1849.037,-256.590,-111.537,0,0.86981,-0.10431,104.377,-0.939,175.000,225.000,500.000,350.000,-1,225.000,275.000,375.000,300.000,825.000,-1,-1,-1,250.000,600.000,175.000,-1,1,1,1,1,2,1,1,0,0,1,2,2,2,1,0,1,2
38,-11048.142,-2043.782,-256.454,-113.020,0,0.88208,-0.07424,105.849,-0.668,0.000,100.000,375.000,275.000,-1,100.000,175.000,350.000,300.000,900.000,-1,-1,-1,100.000,575.000,0.000,-1,1,1,1,1,2,1,1,1,0,1,2,2,2,1,0,1,2
40,-6234.072,9410.485,-282.776,-148.028,1,0.08000,-0.12000,9.600,-1.080,-1,425.000,-1,400.000,-1,325.000,325.000,275.000,250.000,-1,175.000,0.000,200.000,750.000,750.000,-1,-1,2,0,2,0,2,0,0,0,1,2,1,1,1,1,0,2,2
42,-6276.489,9388.056,-281.320,-153.428,0,0.24000,-0.36000,28.800,-3.240,-1,425.000,-1,400.000,-1,350.000,325.000,275.000,250.000,-1,325.000,25.000,225.000,725.000,750.000,925.000,-1,2,0,2,0,2,0,0,0,1,2,1,1,1,1,0,1,2
44,-6357.349,9357.751,-277.436,-161.158,0,0.40000,-0.42573,48.000,-3.832,825.000,425.000,-1,400.000,650.000,325.000,325.000,300.000,275.000,875.000,750.000,275.000,325.000,700.000,725.000,800.000,-1,1,0,2,0,1,0,0,0,1,0,1,1,1,1,0,1,2
46,-6478.828,9329.430,-270.015,-168.564,0,0.56000,-0.40613,67.200,-3.655,650.000,400.000,-1,375.000,475.000,325.000,325.000,300.000,300.000,850.000,-1,-1,450.000,725.000,700.000,725.000,-1,1,0,2,0,1,0,0,0,1,0,2,2,1,1,0,1,2
48,-6639.395,9312.261,-258.183,-175.519,0,0.70628,-0.37910,84.754,-3.412,550.000,375.000,-1,375.000,350.000,325.000,300.000,300.000,375.000,900.000,-1,-1,600.000,700.000,650.000,750.000,450.000,1,0,2,0,1,0,0,0,1,0,2,2,1,1,1,1,1
50,-6798.852,9314.543,-244.158,-183.121,0,0.62495,-0.48238,74.994,-4.341,600.000,375.000,-1,350.000,225.000,300.000,300.000,300.000,450.000,950.000,550.000,-1,800.000,575.000,475.000,625.000,250.000,1,0,2,1,1,0,0,0,1,0,0,2,1,1,1,1,1
52,-6923.691,9340.430,-229.436,-195.044,0,0.51922,-0.72238,62.306,-6.501,525.000,375.000,-1,250.000,150.000,325.000,275.000,300.000,450.000,975.000,225.000,325.000,-1,575.000,300.000,550.000,150.000,1,1,2,1,1,0,1,1,1,0,0,0,2,1,1,1,1
54,-7059.938,9410.055,-206.411,-210.986,0,0.67922,-0.92892,81.506,-8.360,525.000,325.000,325.000,125.000,50.000,200.000,125.000,300.000,425.000,-1,350.000,350.000,-1,650.000,150.000,-1,25.000,1,1,1,1,1,1,1,0,1,2,0,0,2,1,1,2,1
56,-9011.796,-18898.500,159.966,-154.858,1,0.08000,0.12000,9.600,1.080,-1,-1,-1,400.000,-1,325.000,325.000,-1,275.000,-1,-1,-1,-1,-1,750.000,-1,-1,2,2,2,0,2,0,0,2,0,2,2,2,2,2,0,2,2
58,-9053.661,-18898.500,160.085,-149.458,0,0.24000,0.36000,28.800,3.240,-1,-1,-1,400.000,-1,350.000,325.000,-1,275.000,-1,-1,-1,-1,-1,750.000,-1,-1,2,2,2,0,2,0,0,2,0,2,2,2,2,2,0,2,2
60,-9122.941,-18898.500,160.283,-141.898,0,0.40000,0.36000,48.000,3.240,-1,-1,-1,400.000,-1,-1,325.000,-1,275.000,-1,-1,-1,-1,-1,775.000,-1,-1,2,2,2,0,2,2,0,2,0,2,2,2,2,2,0,2,2
62,-9217.348,-18898.500,160.555,-138.658,0,0.56000,0.12000,67.200,1.080,-1,-1,-1,400.000,-1,-1,325.000,275.000,275.000,-1,-1,-1,-1,-1,750.000,-1,-1,2,2,2,0,2,2,0,0,0,2,2,2,2,2,0,2,2
64,-9326.785,-18898.500,160.871,-139.738,0,0.64209,-0.12000,77.051,-1.080,-1,-1,-1,375.000,-1,-1,325.000,275.000,275.000,-1,-1,-1,-1,-1,725.000,-1,-1,2,2,2,0,2,2,0,0,0,2,2,2,2,2,0,2,2
66,-9456.174,-18898.500,161.246,-145.138,0,0.67825,-0.36000,81.390,-3.240,-1,-1,-1,375.000,-1,325.000,300.000,-1,275.000,-1,-1,-1,-1,-1,700.000,-1,-1,2,2,2,0,2,0,0,2,0,2,2,2,2,2,0,2,2
68,-9604.065,-18898.500,162.946,-152.698,0,0.74367,-0.36000,89.241,-3.240,-1,-1,-1,400.000,-1,325.000,325.000,-1,300.000,-1,-1,-1,-1,-1,750.000,-1,-1,2,2,2,0,2,0,0,2,0,2,2,2,2,2,0,2,2
70,-9771.861,-18898.500,165.721,-158.098,0,0.76815,-0.36000,92.178,-3.240,-1,400.000,-1,400.000,-1,325.000,325.000,-1,300.000,-1,-1,-1,-1,-1,750.000,-1,-1,2,0,2,0,2,0,0,2,0,2,2,2,2,2,0,2,2
72,-9945.464,-18898.500,168.592,-166.651,0,0.74782,-0.47041,89.739,-4.234,-1,400.000,-1,375.000,-1,325.000,325.000,-1,300.000,-1,-1,-1,-1,-1,750.000,-1,-1,2,0,2,0,2,0,0,2,0,2,2,2,2,2,0,2,2
74,-10122.182,-18898.500,171.515,-172.933,0,0.74972,-0.28897,89.967,-2.601,-1,375.000,-1,375.000,-1,325.000,325.000,-1,300.000,-1,-1,-1,-1,750.000,750.000,-1,-1,2,0,2,0,2,0,0,2,0,2,2,2,2,0,0,2,2
76,-10288.853,-18898.500,174.825,-174.894,0,0.65749,-0.04897,78.899,-0.441,-1,400.000,-1,400.000,-1,325.000,325.000,-1,300.000,-1,900.000,-1,-1,800.000,800.000,-1,-1,2,0,2,0,2,0,0,2,0,2,0,2,2,0,0,2,2
78,-10416.997,-18898.500,177.527,-172.536,0,0.49749,0.19103,59.699,1.719,-1,400.000,-1,400.000,-1,325.000,325.000,-1,300.000,-1,-1,-1,-1,-1,800.000,-1,-1,2,0,2,0,2,0,0,2,0,2,2,2,2,2,0,2,2
80,-10525.763,-18898.500,179.820,-172.337,0,0.49749,-0.04897,59.699,-0.441,-1,400.000,-1,400.000,-1,325.000,325.000,-1,300.000,-1,-1,-1,-1,-1,825.000,-1,-1,2,0,2,0,2,0,0,2,0,2,2,2,2,2,0,2,2
82,-10673.413,-18898.500,182.933,-176.459,0,0.65749,-0.28897,78.899,-2.601,-1,425.000,-1,425.000,-1,325.000,325.000,-1,300.000,-1,-1,-1,-1,850.000,825.000,-1,-1,2,0,2,0,2,0,0,2,0,2,2,2,2,0,0,2,2
84,-10854.716,-18893.842,185.863,-182.740,0,0.77425,-0.28897,92.910,-2.601,-1,400.000,-1,400.000,-1,325.000,325.000,-1,300.000,-1,-1,-1,-1,775.000,750.000,-1,-1,2,0,2,0,2,0,0,2,0,2,2,2,2,0,0,2,2
86,-11040.573,-18879.275,185.808,-184.702,0,0.77694,-0.04897,93.233,-0.441,-1,400.000,-1,400.000,-1,325.000,325.000,-1,300.000,-1,-1,-1,-1,750.000,750.000,-1,-1,2,0,2,0,2,0,0,2,0,2,2,2,2,0,0,2,2
88,-11226.401,-18868.874,186.181,-182.343,0,0.77508,0.19103,93.009,1.719,-1,400.000,-1,375.000,-1,325.000,325.000,-1,300.000,-1,-1,-1,-1,725.000,725.000,-1,-1,2,0,2,0,2,0,0,2,0,2,2,2,2,0,0,2,2
90,-11412.432,-18876.666,188.259,-175.665,0,0.77742,0.43103,93.290,3.879,-1,400.000,-1,375.000,-1,325.000,325.000,-1,300.000,-1,-1,-1,-1,650.000,650.000,-1,-1,2,0,2,0,2,0,0,2,0,2,2,2,2,0,0,2,2
92,-11597.115,-18898.500,192.008,-164.666,0,0.79420,0.67103,95.304,6.039,-1,375.000,-1,375.000,-1,325.000,300.000,-1,300.000,-1,-1,-1,-1,-1,600.000,-1,950.000,2,0,2,0,2,0,0,2,0,2,2,2,2,2,0,2,0
94,-11773.432,-18898.500,193.897,-149.348,0,0.82257,0.91103,98.709,8.199,-1,-1,-1,325.000,725.000,300.000,275.000,-1,300.000,-1,-1,-1,-1,-1,550.000,-1,700.000,2,2,2,0,0,0,0,2,0,2,2,2,2,2,0,2,0
96,-11917.359,-18898.500,195.438,-135.556,0,0.75711,0.70619,90.853,6.356,-1,-1,-1,300.000,525.000,-1,275.000,300.000,275.000,-1,-1,-1,-1,-1,500.000,-1,525.000,2,2,2,0,0,2,0,0,0,2,2,2,2,2,0,2,0
98,-12021.762,-18898.500,196.557,-126.085,0,0.70418,0.46619,84.501,4.196,-1,-1,-1,300.000,400.000,-1,250.000,300.000,250.000,-1,-1,-1,-1,-1,-1,-1,425.000,2,2,2,0,0,2,0,0,0,2,2,2,2,2,2,2,0
100,-12116.119,-18898.500,197.568,-120.934,0,0.78418,0.22619,94.101,2.036,-1,-1,-1,275.000,325.000,-1,250.000,300.000,225.000,-1,-1,-1,-1,-1,-1,-1,350.000,2,2,2,0,0,2,0,0,0,2,2,2,2,2,2,2,0
102,-12215.588,-18898.500,204.785,-120.102,0,0.82791,-0.01381,99.349,-0.124,-1,-1,-1,-1,-1,-1,-1,225.000,325.000,725.000,0.000,200.000,-1,-1,-1,-1,-1,2,2,2,2,2,2,2,0,0,0,0,0,2,2,2,2,2
104,-12315.677,-18898.500,213.467,-122.685,0,0.74791,-0.15313,89.749,-1.378,-1,-1,-1,375.000,-1,-1,-1,250.000,325.000,800.000,100.000,275.000,-1,-1,-1,-1,-1,2,2,2,0,2,2,2,0,0,0,0,0,2,2,2,2,2
106,-12405.904,-18898.500,221.293,-128.681,0,0.58791,-0.39313,70.549,-3.538,-1,-1,-1,375.000,-1,-1,300.000,300.000,325.000,850.000,175.000,300.000,-1,-1,-1,-1,-1,2,2,2,0,2,2,0,0,0,0,0,0,2,2,2,2,2
108,-12493.679,-18898.500,228.907,-132.517,0,0.58791,-0.15313,70.549,-1.378,-1,-1,-1,375.000,-1,-1,300.000,325.000,325.000,925.000,250.000,350.000,-1,-1,-1,-1,-1,2,2,2,0,2,2,0,0,0,0,0,0,2,2,2,2,2
110,-12608.244,-18898.500,238.845,-132.033,0,0.74791,0.08687,89.749,0.782,-1,-1,-1,350.000,-1,-1,300.000,325.000,300.000,-1,350.000,425.000,-1,-1,-1,-1,-1,2,2,2,0,2,2,0,0,0,2,0,0,2,2,2,2,2
112,-12739.161,-18898.500,250.201,-129.390,0,0.87758,0.08687,105.310,0.782,-1,-1,-1,350.000,-1,-1,300.000,325.000,300.000,-1,400.000,400.000,-1,-1,-1,-1,-1,2,2,2,0,2,2,0,0,0,2,0,0,2,2,2,2,2
114,-12875.594,-18898.500,262.935,-131.066,0,0.87758,-0.15313,105.310,-1.378,-1,-1,-1,375.000,-1,-1,300.000,325.000,325.000,-1,250.000,275.000,-1,-1,-1,-1,-1,2,2,2,0,2,2,0,0,0,2,0,0,2,2,2,2,2
116,-13026.625,-18898.500,277.635,-134.902,0,0.92681,-0.15313,111.217,-1.378,-1,-1,-1,350.000,-1,-1,300.000,325.000,325.000,-1,300.000,325.000,-1,-1,625.000,-1,-1,2,2,2,0,2,2,0,0,0,2,0,0,2,2,0,2,2
118,-13194.562,-18898.500,293.982,-140.747,0,0.92681,-0.37625,111.217,-3.386,-1,-1,-1,350.000,-1,300.000,300.000,-1,300.000,-1,350.000,350.000,-1,-1,600.000,-1,-1,2,2,2,0,2,0,0,2,0,2,0,0,2,2,0,2,2
120,-13368.060,-18898.500,310.870,-145.602,0,0.84681,-0.20974,101.617,-1.888,-1,-1,-1,325.000,-1,275.000,275.000,-1,275.000,-1,425.000,400.000,-1,-1,650.000,-1,-1,2,2,2,0,2,0,0,2,0,2,0,0,2,2,0,2,2
122,-13513.149,-18898.500,327.511,-146.138,0,0.68681,0.03026,82.417,0.272,-1,-1,-1,400.000,-1,300.000,325.000,-1,300.000,-1,0.000,50.000,-1,-1,-1,-1,-1,2,2,2,0,2,0,0,2,0,2,0,0,2,2,2,2,2
124,-13624.115,-18898.500,342.510,-144.513,0,0.52681,0.03026,63.217,0.272,-1,-1,-1,450.000,-1,300.000,325.000,-1,300.000,-1,125.000,150.000,-1,-1,-1,-1,-1,2,2,2,0,2,0,0,2,0,2,0,0,2,2,2,2,2
126,-13727.974,-18898.500,356.549,-147.208,0,0.52044,-0.20974,62.453,-1.888,-1,-1,-1,475.000,-1,325.000,350.000,-1,300.000,-1,225.000,225.000,-1,-1,-1,-1,-1,2,2,2,0,2,0,0,2,0,2,0,0,2,2,2,2,2
128,-13828.849,-18898.500,370.186,-152.064,0,0.44044,-0.20974,52.853,-1.888,-1,-1,-1,525.000,-1,375.000,400.000,-1,300.000,-1,300.000,300.000,-1,-1,-1,-1,-1,2,2,2,0,2,0,0,2,0,2,0,0,2,2,2,2,2
130,-13897.221,-18898.500,379.428,-152.599,0,0.28044,0.03026,33.653,0.272,-1,-1,-1,550.000,-1,400.000,400.000,-1,325.000,-1,350.000,350.000,-1,-1,-1,-1,-1,2,2,2,0,2,0,0,2,0,2,0,0,2,2,2,2,2
132,-13957.810,-18898.500,387.617,-149.979,0,0.33000,0.14088,39.600,1.268,-1,-1,-1,600.000,-1,400.000,425.000,-1,325.000,-1,400.000,400.000,-1,-1,-1,-1,-1,2,2,2,0,2,0,0,2,0,2,0,0,2,2,2,2,2
134,-14051.597,-18898.500,400.295,-150.683,0,0.49000,-0.09912,58.800,-0.892,-1,-1,-1,825.000,-1,425.000,450.000,-1,350.000,-1,475.000,475.000,-1,-1,-1,-1,-1,2,2,2,0,2,0,0,2,0,2,0,0,2,2,2,2,2
136,-14170.386,-18898.500,410.733,-153.547,0,0.54016,-0.09912,64.819,-0.892,-1,-1,-1,475.000,-1,325.000,325.000,-1,300.000,-1,-1,-1,-1,-1,-1,-1,-1,2,2,2,0,2,0,0,2,0,2,2,2,2,2,2,2,2
138,-14285.604,-18898.500,416.763,-152.091,0,0.54016,0.14088,64.819,1.268,-1,-1,-1,550.000,-1,350.000,375.000,-1,300.000,-1,-1,-1,-1,-1,-1,-1,-1,2,2,2,0,2,0,0,2,0,2,2,2,2,2,2,2,2
140,-14403.518,-18898.500,422.933,-146.316,0,0.62016,0.38088,74.419,3.428,-1,-1,-1,675.000,-1,400.000,450.000,-1,300.000,-1,-1,-1,-1,-1,-1,-1,-1,2,2,2,0,2,0,0,2,0,2,2,2,2,2,2,2,2
142,-14537.144,-18898.500,429.924,-136.220,0,0.78016,0.62088,93.619,5.588,-1,-1,-1,-1,-1,-1,-1,300.000,350.000,-1,-1,-1,-1,-1,-1,-1,-1,2,2,2,2,2,2,2,0,0,2,2,2,2,2,2,2,2
144,-14655.174,-18898.500,436.101,-123.964,0,0.78016,0.62088,93.619,5.588,-1,-1,-1,-1,-1,-1,-1,300.000,450.000,-1,-1,-1,-1,-1,-1,-1,-1,2,2,2,2,2,2,2,0,0,2,2,2,2,2,2,2,2
146,-14730.073,-18898.500,440.022,-116.028,0,0.63773,0.38088,76.528,3.428,-1,-1,-1,-1,-1,-1,-1,300.000,500.000,-1,950.000,825.000,-1,-1,-1,-1,-1,2,2,2,2,2,2,2,0,0,2,0,0,2,2,2,2,2
148,-14793.647,-18898.500,438.505,-112.413,0,0.71773,0.14088,86.128,1.268,-1,-1,-1,-1,-1,-1,-1,550.000,275.000,-1,-1,-1,-1,-1,-1,-1,-1,2,2,2,2,2,2,2,0,0,2,2,2,2,2,2,2,2
150,-14871.011,-18898.500,431.875,-113.037,0,0.87773,-0.09470,105.328,-0.852,-1,-1,-1,-1,-1,-1,-1,500.000,275.000,-1,-1,-1,-1,-1,-1,-1,-1,2,2,2,2,2,2,2,0,0,2,2,2,2,2,2,2,2
152,-14956.844,-18898.500,424.520,-113.282,0,0.94066,-0.05247,112.879,-0.472,-1,-1,-1,-1,-1,-1,-1,450.000,275.000,-1,-1,-1,-1,-1,-1,-1,-1,2,2,2,2,2,2,2,0,0,2,2,2,2,2,2,2,2
154,-15047.266,-18898.500,416.771,-114.082,0,0.94066,-0.10448,112.879,-0.940,-1,-1,-1,-1,-1,-1,-1,375.000,275.000,-1,-1,-1,-1,-1,-1,-1,-1,2,2,2,2,2,2,2,0,0,2,2,2,2,2,2,2,2
156,-15132.969,-18898.500,409.427,-112.723,0,0.86066,0.13552,103.279,1.220,-1,-1,-1,-1,-1,-1,-1,325.000,275.000,-1,-1,-1,-1,-1,-1,-1,-1,2,2,2,2,2,2,2,0,0,2,2,2,2,2,2,2,2
158,-15202.356,-18898.500,403.481,-109.219,0,0.85251,0.13465,102.301,1.212,-1,-1,-1,-1,-1,-1,-1,300.000,275.000,-1,-1,-1,-1,-1,-1,-1,-1,2,2,2,2,2,2,2,0,0,2,2,2,2,2,2,2,2
160,-15270.563,-18898.500,397.637,-109.171,0,0.90044,-0.05733,108.053,-0.516,-1,-1,-1,-1,-1,-1,-1,275.000,275.000,-1,-1,-1,-1,-1,-1,-1,-1,2,2,2,2,2,2,2,0,0,2,2,2,2,2,2,2,2
162,-15336.565,-18898.500,391.981,-106.963,0,0.90044,0.18267,108.053,1.644,-1,-1,-1,-1,-1,-1,-1,275.000,275.000,-1,-1,-1,-1,-1,-1,-1,-1,2,2,2,2,2,2,2,0,0,2,2,2,2,2,2,2,2
164,-15383.011,-18898.500,388.002,-100.435,0,0.91412,0.42267,109.694,3.804,-1,-1,-1,-1,-1,-1,-1,275.000,275.000,-1,-1,-1,-1,-1,-1,-1,-1,2,2,2,2,2,2,2,0,0,2,2,2,2,2,2,2,2
166,-15409.324,-18898.500,385.748,-96.067,0,0.91412,0.18267,109.694,1.644,-1,-1,-1,-1,-1,-1,-1,300.000,275.000,-1,-1,-1,-1,-1,-1,-1,-1,2,2,2,2,2,2,2,0,0,2,2,2,2,2,2,2,2
168,-15427.552,-18898.500,384.568,-93.859,0,0.95443,0.18267,114.531,1.644,-1,-1,-1,-1,-1,-1,-1,250.000,300.000,-1,-1,-1,-1,-1,-1,-1,-1,2,2,2,2,2,2,2,0,0,2,2,2,2,2,2,2,2
170,-15424.488,-18898.500,384.450,-87.331,0,0.95443,0.42267,114.531,3.804,-1,-1,-1,-1,-1,-1,-1,300.000,275.000,-1,-1,-1,-1,-1,-1,-1,-1,2,2,2,2,2,2,2,0,0,2,2,2,2,2,2,2,2
172,-15388.771,-18898.500,387.511,-78.643,0,0.87443,0.42267,104.931,3.804,-1,-1,-1,-1,-1,-1,-1,325.000,275.000,-1,850.000,325.000,-1,-1,-1,-1,-1,2,2,2,2,2,2,2,0,0,2,0,0,2,2,2,2,2
174,-15335.688,-18898.500,392.060,-74.275,0,0.86012,0.18267,103.214,1.644,-1,-1,-1,-1,-1,-1,-1,325.000,275.000,-1,475.000,225.000,-1,-1,-1,-1,-1,2,2,2,2,2,2,2,0,0,2,0,0,2,2,2,2,2
176,-15274.227,-18898.500,397.326,-72.067,0,0.87992,0.18267,105.591,1.644,-1,-1,-1,-1,-1,-1,-1,350.000,300.000,-1,400.000,200.000,-1,-1,-1,-1,-1,2,2,2,2,2,2,2,0,0,2,0,0,2,2,2,2,2
178,-15194.976,-18898.500,404.117,-66.561,0,0.87992,0.30912,105.591,2.782,-1,-1,-1,-1,-1,-1,-1,400.000,300.000,-1,275.000,175.000,-1,-1,-1,-1,-1,2,2,2,2,2,2,2,0,0,2,0,0,2,2,2,2,2
180,-15098.005,-18898.500,412.426,-59.917,0,0.80698,0.30912,96.837,2.782,-1,-1,-1,-1,-1,-1,-1,450.000,325.000,-1,200.000,125.000,-1,-1,-1,-1,-1,2,2,2,2,2,2,2,0,0,2,0,0,2,2,2,2,2
182,-14995.099,-18898.500,421.244,-57.593,0,0.80698,0.06912,96.837,0.622,-1,-1,-1,-1,-1,-1,-1,500.000,350.000,-1,175.000,125.000,-1,-1,-1,-1,-1,2,2,2,2,2,2,2,0,0,2,0,0,2,2,2,2,2
184,-14891.871,-18898.500,430.089,-55.666,0,0.72698,0.04702,87.237,0.423,-1,-1,-1,-1,-1,-1,-1,525.000,350.000,-1,150.000,125.000,-1,-1,-1,-1,-1,2,2,2,2,2,2,2,0,0,2,0,0,2,2,2,2,2
186,-14799.162,-18898.500,438.032,-58.060,0,0.71301,-0.19298,85.562,-1.737,-1,-1,-1,-1,-1,-1,-1,600.000,350.000,-1,150.000,125.000,-1,-1,-1,-1,-1,2,2,2,2,2,2,2,0,0,2,0,0,2,2,2,2,2
188,-14714.216,-18898.500,439.187,-62.931,0,0.79301,-0.22828,95.162,-2.055,-1,-1,-1,-1,-1,-1,-1,300.000,675.000,-1,-1,-1,-1,-1,-1,-1,-1,2,2,2,2,2,2,2,0,0,2,2,2,2,2,2,2,2
190,-14634.648,-18898.500,435.024,-70.280,0,0.91548,-0.46828,109.858,-4.215,-1,-1,-1,-1,-1,-1,-1,300.000,625.000,-1,725.000,975.000,-1,-1,-1,-1,-1,2,2,2,2,2,2,2,0,0,2,0,0,2,2,2,2,2
192,-14581.449,-18898.500,432.241,-77.617,0,0.84881,-0.46694,101.857,-4.202,-1,-1,-1,-1,-1,-1,-1,325.000,575.000,-1,550.000,650.000,-1,-1,-1,-1,-1,2,2,2,2,2,2,2,0,0,2,0,0,2,2,2,2,2
194,-14563.710,-18898.500,431.313,-87.102,0,0.84881,-0.46694,101.857,-4.202,-1,-1,-1,-1,-1,-1,-1,325.000,525.000,-1,600.000,575.000,-1,-1,-1,-1,-1,2,2,2,2,2,2,2,0,0,2,0,0,2,2,2,2,2
196,-14577.477,-18898.500,432.034,-96.164,0,0.76881,-0.44340,92.257,-3.991,-1,-1,-1,-1,-1,-1,-1,325.000,525.000,-1,650.000,600.000,-1,-1,-1,-1,-1,2,2,2,2,2,2,2,0,0,2,0,0,2,2,2,2,2
198,-14609.387,-18898.500,433.704,-103.487,0,0.60881,-0.34683,73.057,-3.122,-1,-1,-1,-1,-1,-1,-1,300.000,500.000,-1,725.000,650.000,-1,-1,-1,-1,-1,2,2,2,2,2,2,2,0,0,2,0,0,2,2,2,2,2
200,-14647.111,-18898.500,435.679,-106.490,0,0.60881,-0.10683,73.057,-0.962,-1,-1,-1,-1,-1,-1,-1,300.000,500.000,-1,775.000,675.000,-1,-1,-1,-1,-1,2,2,2,2,2,2,2,0,0,2,0,0,2,2,2,2,2
202,-14694.555,-18898.500,438.163,-105.173,0,0.76881,0.13317,92.257,1.198,-1,-1,-1,-1,-1,-1,-1,300.000,550.000,-1,750.000,675.000,-1,-1,-1,-1,-1,2,2,2,2,2,2,2,0,0,2,0,0,2,2,2,2,2
204,-14746.489,-18898.500,440.882,-106.016,0,0.76956,-0.10683,92.347,-0.962,-1,-1,-1,-1,-1,-1,-1,300.000,550.000,-1,775.000,675.000,-1,-1,-1,-1,-1,2,2,2,2,2,2,2,0,0,2,0,0,2,2,2,2,2
206,-14808.476,-18898.500,437.233,-111.179,0,0.76956,-0.34683,92.347,-3.122,-1,-1,-1,-1,-1,-1,-1,550.000,275.000,-1,-1,-1,-1,-1,-1,-1,-1,2,2,2,2,2,2,2,0,0,2,2,2,2,2,2,2,2
208,-14897.726,-18898.500,429.588,-120.662,0,0.81163,-0.58683,97.396,-5.282,-1,-1,-1,-1,-1,-1,-1,450.000,275.000,-1,-1,-1,-1,-1,-1,-1,-1,2,2,2,2,2,2,2,0,0,2,2,2,2,2,2,2,2
210,-15021.926,-18898.500,418.945,-132.305,0,0.81163,-0.58683,97.396,-5.282,-1,-1,-1,425.000,-1,-1,350.000,325.000,275.000,-1,-1,-1,-1,-1,-1,-1,-1,2,2,2,0,2,2,0,0,0,2,2,2,2,2,2,2,2
212,-15166.038,-18898.500,406.595,-143.948,0,0.73163,-0.58683,87.796,-5.282,-1,-1,-1,375.000,-1,350.000,325.000,275.000,275.000,-1,-1,-1,-1,-1,725.000,-1,-1,2,2,2,0,2,0,0,0,0,2,2,2,2,2,0,2,2
214,-15322.396,-18898.500,393.196,-157.751,0,0.72620,-0.82683,87.143,-7.442,-1,400.000,-1,350.000,825.000,300.000,300.000,-1,275.000,-1,-1,-1,-1,-1,600.000,-1,975.000,2,0,2,0,0,0,0,2,0,2,2,2,2,2,0,2,0
216,-15503.211,-18898.500,380.294,-173.714,0,0.80620,-0.82683,96.743,-7.442,-1,400.000,-1,375.000,-1,325.000,325.000,-1,300.000,-1,75.000,-1,-1,750.000,675.000,-1,-1,2,0,2,0,2,0,0,2,0,2,0,2,2,0,0,2,2
218,-15702.284,-18878.534,367.921,-189.732,0,0.83567,-0.88992,100.281,-8.009,-1,375.000,-1,375.000,-1,300.000,300.000,-1,300.000,-1,175.000,275.000,-1,675.000,650.000,-1,-1,2,0,2,0,2,0,0,2,0,2,0,0,2,0,0,2,2
220,-15881.994,-18809.302,354.579,-204.671,0,0.77213,-0.76992,92.656,-6.929,-1,350.000,-1,375.000,-1,300.000,300.000,300.000,325.000,-1,300.000,325.000,-1,650.000,675.000,-1,-1,2,0,2,0,2,0,0,0,0,2,0,0,2,0,0,2,2
222,-16037.442,-18708.720,342.238,-215.289,0,0.77213,-0.52992,92.656,-4.769,-1,375.000,-1,375.000,-1,300.000,300.000,300.000,325.000,-1,375.000,400.000,-1,650.000,700.000,-1,-1,2,0,2,0,2,0,0,0,0,2,0,0,2,0,0,2,2
224,-16178.772,-18588.936,331.964,-221.588,0,0.77213,-0.28992,92.656,-2.609,-1,400.000,-1,400.000,-1,325.000,325.000,300.000,300.000,-1,375.000,325.000,-1,725.000,750.000,-1,-1,2,0,2,0,2,0,0,0,0,2,0,0,2,0,0,2,2
226,-16313.543,-18461.749,322.063,-223.566,0,0.77213,-0.04992,92.656,-0.449,-1,375.000,-1,400.000,-1,325.000,325.000,300.000,300.000,-1,575.000,525.000,-1,725.000,725.000,-1,-1,2,0,2,0,2,0,0,0,0,2,0,0,2,0,0,2,2
228,-16451.067,-18337.573,312.223,-221.225,0,0.77213,0.19008,92.656,1.711,-1,375.000,-1,375.000,-1,300.000,300.000,300.000,300.000,-1,725.000,700.000,-1,700.000,675.000,-1,-1,2,0,2,0,2,0,0,0,0,2,0,0,2,0,0,2,2
230,-16599.785,-18227.176,302.638,-214.741,0,0.77213,0.41036,92.656,3.693,-1,375.000,-1,350.000,-1,300.000,300.000,300.000,300.000,-1,875.000,875.000,-1,675.000,650.000,-1,-1,2,0,2,0,2,0,0,0,0,2,0,0,2,0,0,2,2
232,-16761.461,-18136.814,294.048,-207.354,0,0.77213,0.41036,92.656,3.693,-1,400.000,-1,375.000,-1,325.000,300.000,300.000,300.000,-1,525.000,450.000,-1,725.000,650.000,-1,-1,2,0,2,0,2,0,0,0,0,2,0,0,2,0,0,2,2
234,-16933.413,-18067.988,288.070,-199.968,0,0.77213,0.41036,92.656,3.693,-1,375.000,-1,350.000,-1,300.000,300.000,300.000,275.000,-1,675.000,625.000,-1,725.000,625.000,-1,-1,2,0,2,0,2,0,0,0,0,2,0,0,2,0,0,2,2
236,-17112.787,-18021.840,283.298,-192.581,0,0.77213,0.41036,92.656,3.693,-1,375.000,-1,375.000,-1,300.000,300.000,275.000,300.000,-1,425.000,575.000,-1,750.000,675.000,-1,-1,2,0,2,0,2,0,0,0,0,2,0,0,2,0,0,2,2
238,-17296.605,-17999.136,279.857,-185.195,0,0.77213,0.41036,92.656,3.693,-1,375.000,-1,375.000,-1,325.000,300.000,275.000,300.000,-1,650.000,850.000,-1,725.000,750.000,-1,-1,2,0,2,0,2,0,0,0,0,2,0,0,2,0,0,2,2
240,-17481.816,-18000.251,277.490,-177.808,0,0.77213,0.41036,92.656,3.693,-1,375.000,-1,400.000,-1,325.000,325.000,250.000,300.000,-1,675.000,1000.000,-1,750.000,900.000,-1,-1,2,0,2,0,2,0,0,0,0,2,0,0,2,0,0,2,2
242,-17665.347,-18025.169,275.781,-170.422,0,0.77213,0.41036,92.656,3.693,-1,375.000,-1,425.000,-1,325.000,325.000,250.000,300.000,-1,-1,-1,-1,725.000,950.000,-1,-1,2,0,2,0,2,0,0,0,0,2,2,2,2,0,0,2,2
244,-17844.152,-18073.476,275.591,-163.035,0,0.77213,0.41036,92.656,3.693,-1,425.000,-1,450.000,-1,350.000,350.000,300.000,250.000,-1,975.000,725.000,-1,850.000,950.000,-1,-1,2,0,2,0,2,0,0,0,0,2,0,0,2,0,0,2,2
246,-18009.893,-18134.933,276.813,-158.889,0,0.73660,0.17036,88.392,1.533,-1,425.000,-1,450.000,-1,350.000,350.000,300.000,275.000,-1,975.000,575.000,-1,850.000,975.000,-1,-1,2,0,2,0,2,0,0,0,0,2,0,0,2,0,0,2,2
248,-18174.654,-18199.009,274.517,-159.062,0,0.73660,-0.06964,88.392,-0.627,-1,375.000,-1,400.000,-1,325.000,325.000,300.000,275.000,-1,-1,-1,-1,725.000,775.000,-1,-1,2,0,2,0,2,0,0,0,0,2,2,2,2,0,0,2,2
250,-18342.890,-18253.147,271.074,-163.555,0,0.73660,-0.30964,88.392,-2.787,-1,375.000,-1,400.000,-1,325.000,325.000,300.000,275.000,-1,-1,-1,-1,725.000,-1,-1,-1,2,0,2,0,2,0,0,0,0,2,2,2,2,0,2,2,2
252,-18516.771,-18284.133,266.400,-172.369,0,0.73660,-0.54964,88.392,-4.947,-1,400.000,-1,400.000,-1,325.000,325.000,300.000,275.000,-1,-1,-1,-1,-1,-1,-1,-1,2,0,2,0,2,0,0,0,0,2,2,2,2,2,2,2,2
254,-18693.153,-18278.549,259.666,-185.231,0,0.73660,-0.75949,88.392,-6.835,-1,-1,-1,400.000,-1,325.000,325.000,300.000,275.000,-1,-1,-1,-1,-1,-1,-1,-1,2,2,2,0,2,0,0,0,0,2,2,2,2,2,2,2,2
256,-18863.218,-18231.436,249.752,-198.902,0,0.73660,-0.75949,88.392,-6.835,-1,-1,-1,-1,-1,-1,-1,300.000,275.000,-1,-1,-1,-1,-1,-1,-1,-1,2,2,2,2,2,2,2,0,0,2,2,2,2,2,2,2,2
258,-18898.500,-18146.877,243.059,-211.493,0,0.73660,-0.63949,88.392,-5.755,-1,-1,-1,-1,-1,-1,-1,300.000,275.000,-1,-1,-1,-1,-1,-1,-1,-1,2,2,2,2,2,2,2,0,0,2,2,2,2,2,2,2,2
260,-18898.500,-18028.215,235.941,-226.243,0,0.73660,-0.87949,88.392,-7.915,-1,-1,-1,425.000,-1,-1,350.000,275.000,275.000,-1,-1,-1,-1,-1,-1,-1,-1,2,2,2,0,2,2,0,0,0,2,2,2,2,2,2,2,2
262,-18898.500,-17881.931,229.720,-238.834,0,0.73651,-0.63949,88.381,-5.755,-1,-1,-1,400.000,-1,350.000,325.000,-1,300.000,-1,-1,-1,-1,-1,725.000,-1,-1,2,2,2,0,2,0,0,2,0,2,2,2,2,2,0,2,2
264,-18898.500,-17721.410,222.894,-247.105,0,0.73651,-0.39949,88.381,-3.595,-1,400.000,-1,375.000,-1,325.000,325.000,-1,300.000,-1,-1,-1,-1,-1,675.000,-1,-1,2,0,2,0,2,0,0,2,0,2,2,2,2,2,0,2,2
266,-18898.500,-17527.808,214.660,-251.056,0,0.89651,-0.15949,107.581,-1.435,-1,375.000,-1,350.000,-1,300.000,300.000,-1,300.000,-1,-1,-1,-1,-1,600.000,-1,900.000,2,0,2,0,2,0,0,2,0,2,2,2,2,2,0,2,0
268,-18898.500,-17317.792,207.404,-250.687,0,0.92523,0.08051,111.028,0.725,-1,400.000,-1,375.000,-1,325.000,325.000,-1,325.000,-1,450.000,800.000,-1,-1,650.000,-1,-1,2,0,2,0,2,0,0,2,0,2,0,0,2,2,0,2,2
270,-18898.500,-17111.537,204.003,-252.477,0,0.90493,-0.15949,108.592,-1.435,-1,350.000,-1,350.000,-1,300.000,300.000,-1,325.000,-1,750.000,-1,-1,-1,600.000,-1,-1,2,0,2,0,2,0,0,2,0,2,0,2,2,2,0,2,2
272,-18898.500,-16901.089,200.532,-256.428,0,0.90493,-0.15949,108.592,-1.435,-1,300.000,-1,325.000,-1,250.000,275.000,-1,325.000,-1,925.000,-1,-1,475.000,550.000,-1,-1,2,0,2,0,2,0,0,2,0,2,0,2,2,0,0,2,2
274,-18898.500,-16717.960,197.988,-256.059,0,0.74493,0.08051,89.392,0.725,-1,350.000,-1,400.000,-1,300.000,300.000,-1,350.000,-1,0.000,0.000,-1,-1,950.000,-1,-1,2,0,2,0,2,0,0,2,0,2,0,0,2,2,0,2,2
276,-18898.500,-16551.392,204.787,-253.530,0,0.72241,0.08051,86.689,0.725,-1,350.000,-1,425.000,-1,300.000,325.000,-1,350.000,-1,25.000,25.000,-1,-1,1000.000,-1,-1,2,0,2,0,2,0,0,2,0,2,0,0,2,2,0,2,2
278,-18898.500,-16361.209,212.550,-248.841,0,0.88241,0.32051,105.889,2.885,-1,375.000,-1,425.000,-1,300.000,325.000,-1,350.000,-1,175.000,150.000,-1,-1,-1,-1,-1,2,0,2,0,2,0,0,2,0,2,0,0,2,2,2,2,2
280,-18898.500,-16164.304,220.587,-240.110,0,0.92580,0.52955,111.097,4.766,-1,-1,-1,450.000,-1,325.000,350.000,-1,350.000,-1,200.000,150.000,-1,-1,-1,-1,-1,2,2,2,0,2,0,0,2,0,2,0,0,2,2,2,2,2
282,-18898.500,-16005.567,224.730,-233.818,0,0.76580,0.28955,91.897,2.606,-1,-1,-1,375.000,-1,300.000,300.000,-1,325.000,-1,675.000,575.000,-1,-1,800.000,-1,-1,2,2,2,0,2,0,0,2,0,2,0,0,2,2,0,2,2
284,-18898.500,-15867.965,225.389,-227.527,0,0.76186,0.28955,91.423,2.606,-1,-1,-1,400.000,-1,-1,300.000,-1,325.000,-1,525.000,450.000,-1,-1,-1,-1,-1,2,2,2,0,2,2,0,2,0,2,0,0,2,2,2,2,2
286,-18898.500,-15735.575,226.022,-221.235,0,0.81614,0.28955,97.936,2.606,-1,-1,-1,400.000,-1,-1,325.000,350.000,325.000,-1,375.000,325.000,-1,-1,-1,-1,-1,2,2,2,0,2,2,0,0,0,2,0,0,2,2,2,2,2
288,-18898.500,-15619.710,226.576,-214.284,0,0.81614,0.44615,97.936,4.015,-1,-1,-1,-1,-1,-1,-1,325.000,350.000,-1,275.000,300.000,-1,-1,-1,-1,-1,2,2,2,2,2,2,2,0,0,2,0,0,2,2,2,2,2
290,-18898.500,-15510.472,227.099,-209.493,0,0.90208,0.20615,108.249,1.855,-1,-1,-1,-1,-1,-1,-1,325.000,375.000,-1,275.000,325.000,-1,-1,-1,-1,-1,2,2,2,2,2,2,2,0,0,2,0,0,2,2,2,2,2
292,-18898.500,-15405.942,227.598,-209.022,0,0.90208,-0.03385,108.249,-0.305,-1,-1,-1,-1,-1,-1,-1,325.000,375.000,-1,250.000,300.000,-1,-1,-1,-1,-1,2,2,2,2,2,2,2,0,0,2,0,0,2,2,2,2,2
294,-18898.500,-15307.680,223.708,-212.872,0,0.74208,-0.27385,89.049,-2.465,-1,-1,-1,375.000,-1,-1,-1,375.000,300.000,-1,875.000,775.000,-1,-1,-1,-1,-1,2,2,2,0,2,2,2,0,0,2,0,0,2,2,2,2,2
296,-18898.500,-15205.885,220.039,-218.881,0,0.69456,-0.27385,83.347,-2.465,-1,-1,-1,375.000,950.000,-1,325.000,350.000,300.000,-1,925.000,825.000,-1,-1,-1,-1,-1,2,2,2,0,0,2,0,0,0,2,0,0,2,2,2,2,2
298,-18898.500,-15079.116,215.471,-220.570,0,0.85456,-0.03385,102.547,-0.305,-1,-1,-1,350.000,825.000,-1,300.000,325.000,300.000,-1,925.000,825.000,-1,-1,-1,-1,-1,2,2,2,0,0,2,0,0,0,2,0,0,2,2,2,2,2
299,-18898.500,-15007.338,212.884,-219.795,0,0.93456,0.08615,112.147,0.775,-1,-1,-1,350.000,750.000,-1,300.000,300.000,275.000,-1,900.000,800.000,-1,-1,-1,-1,-1,2,2,2,0,0,2,0,0,0,2,0,0,2,2,2,2,2
