timestep,x_cm,y_cm,z_cm,yaw_deg,teleport_flag,throttle_cmd,steering_cmd,cmd_move_cm,cmd_turn_deg,lidar_cm_0,lidar_cm_1,lidar_cm_2,lidar_cm_3,lidar_cm_4,lidar_cm_5,lidar_cm_6,lidar_cm_7,lidar_cm_8,lidar_cm_9,lidar_cm_10,lidar_cm_11,lidar_cm_12,lidar_cm_13,lidar_cm_14,lidar_cm_15,lidar_cm_16,lidar_class_0,lidar_class_1,lidar_class_2,lidar_class_3,lidar_class_4,lidar_class_5,lidar_class_6,lidar_class_7,lidar_class_8,lidar_class_9,lidar_class_10,lidar_class_11,lidar_class_12,lidar_class_13,lidar_class_14,lidar_class_15,lidar_class_16
0,327.966,2951.695,84.674,-165.975,1,0.00000,0.00000,4.800,-0.091,-1,400.000,-1,400.000,-1,325.000,325.000,300.000,300.000,-1,425.000,450.000,-1,800.000,850.000,-1,-1,2,0,2,0,2,0,0,0,0,2,1,1,2,0,0,2,2
1,323.307,2950.541,84.757,-166.092,0,0.08000,-0.05843,4.800,-0.117,-1,400.000,-1,400.000,-1,325.000,325.000,300.000,300.000,-1,425.000,450.000,-1,800.000,850.000,-1,-1,2,0,2,0,2,0,0,0,0,2,1,1,2,0,0,2,2
2,313.983,2948.253,84.923,-166.213,0,0.16000,-0.06041,9.600,-0.121,-1,400.000,-1,400.000,-1,325.000,325.000,300.000,300.000,-1,425.000,450.000,-1,800.000,850.000,-1,-1,2,0,2,0,2,0,0,0,0,2,1,1,2,0,0,2,2
3,299.991,2944.853,85.173,-166.341,0,0.24000,-0.06436,14.400,-0.129,-1,400.000,-1,400.000,-1,325.000,325.000,300.000,300.000,-1,450.000,475.000,-1,800.000,850.000,-1,-1,2,0,2,0,2,0,0,0,0,2,1,1,2,0,0,2,2
4,281.323,2940.365,85.505,-166.482,0,0.32000,-0.07031,19.200,-0.141,-1,400.000,-1,400.000,-1,325.000,325.000,300.000,300.000,-1,475.000,500.000,-1,800.000,850.000,-1,-1,2,0,2,0,2,0,0,0,0,2,1,1,2,0,0,2,2
5,257.972,2934.819,85.920,-166.639,0,0.40000,-0.07824,24.000,-0.156,-1,400.000,-1,400.000,-1,325.000,325.000,300.000,300.000,-1,500.000,525.000,-1,800.000,850.000,-1,-1,2,0,2,0,2,0,0,0,0,2,1,1,2,0,0,2,2
6,229.931,2928.249,86.417,-166.815,0,0.48000,-0.08817,28.800,-0.176,-1,400.000,-1,400.000,-1,325.000,325.000,300.000,300.000,-1,525.000,550.000,-1,800.000,850.000,-1,-1,2,0,2,0,2,0,0,0,0,2,1,1,2,0,0,2,2
7,197.191,2920.700,86.995,-167.015,0,0.56000,-0.10010,33.600,-0.200,-1,400.000,-1,400.000,-1,325.000,325.000,300.000,300.000,-1,575.000,600.000,-1,800.000,850.000,-1,-1,2,0,2,0,2,0,0,0,0,2,1,1,2,0,0,2,2
8,159.738,2912.220,87.654,-167.243,0,0.64000,-0.11405,38.400,-0.228,-1,400.000,-1,400.000,-1,325.000,325.000,300.000,300.000,-1,600.000,625.000,-1,800.000,850.000,-1,-1,2,0,2,0,2,0,0,0,0,2,1,1,2,0,0,2,2
9,117.528,2903.026,88.397,-167.711,0,0.72000,-0.23405,43.200,-0.468,-1,400.000,-1,400.000,-1,325.000,325.000,300.000,300.000,-1,650.000,675.000,-1,800.000,850.000,-1,-1,2,0,2,0,2,0,0,0,0,2,1,1,2,0,0,2,2
10,73.413,2893.823,89.174,-168.216,0,0.75108,-0.25242,45.065,-0.505,-1,400.000,-1,425.000,-1,325.000,325.000,300.000,300.000,-1,700.000,725.000,-1,800.000,850.000,-1,-1,2,0,2,0,2,0,0,0,0,2,1,1,2,0,0,2,2
11,28.461,2884.888,89.758,-168.759,0,0.76385,-0.27126,45.831,-0.543,-1,400.000,-1,425.000,-1,325.000,325.000,300.000,300.000,-1,750.000,775.000,-1,800.000,825.000,-1,-1,2,0,2,0,2,0,0,0,0,2,1,1,2,0,0,2,2
12,-17.352,2876.264,90.166,-169.340,0,0.77697,-0.29046,46.618,-0.581,-1,400.000,-1,400.000,-1,325.000,325.000,300.000,300.000,-1,800.000,825.000,-1,800.000,825.000,-1,-1,2,0,2,0,2,0,0,0,0,2,1,1,2,0,0,2,2
13,-64.053,2867.996,90.463,-169.960,0,0.79045,-0.31004,47.427,-0.620,-1,400.000,-1,400.000,-1,325.000,325.000,300.000,300.000,-1,850.000,875.000,-1,800.000,825.000,-1,-1,2,0,2,0,2,0,0,0,0,2,1,1,2,0,0,2,2
14,-111.664,2860.131,90.590,-170.620,0,0.80427,-0.33000,48.256,-0.660,-1,400.000,-1,400.000,-1,325.000,325.000,300.000,300.000,-1,900.000,925.000,-1,800.000,825.000,-1,-1,2,0,2,0,2,0,0,0,0,2,1,1,2,0,0,2,2
15,-160.209,2852.720,90.733,-171.320,0,0.81845,-0.35034,49.107,-0.701,-1,400.000,-1,400.000,-1,325.000,325.000,300.000,300.000,-1,975.000,975.000,-1,800.000,800.000,-1,-1,2,0,2,0,2,0,0,0,0,2,1,1,2,0,0,2,2
16,-209.709,2845.818,90.892,-172.062,0,0.83299,-0.37107,49.979,-0.742,-1,400.000,-1,400.000,-1,325.000,325.000,300.000,300.000,-1,-1,-1,-1,800.000,800.000,-1,-1,2,0,2,0,2,0,0,0,0,2,2,2,2,0,0,2,2
17,-260.185,2839.483,91.068,-172.847,0,0.84787,-0.39220,50.872,-0.784,-1,400.000,-1,400.000,-1,325.000,325.000,300.000,300.000,-1,-1,-1,-1,775.000,800.000,-1,-1,2,0,2,0,2,0,0,0,0,2,2,2,2,0,0,2,2
18,-311.656,2833.778,91.263,-173.674,0,0.86309,-0.41374,51.786,-0.827,-1,400.000,-1,400.000,-1,325.000,325.000,300.000,300.000,-1,-1,-1,-1,775.000,800.000,-1,-1,2,0,2,0,2,0,0,0,0,2,2,2,2,0,0,2,2
19,-364.137,2828.767,91.478,-174.546,0,0.87866,-0.43568,52.720,-0.871,-1,400.000,-1,400.000,-1,325.000,325.000,300.000,300.000,-1,-1,-1,-1,775.000,775.000,-1,-1,2,0,2,0,2,0,0,0,0,2,2,2,2,0,0,2,2
20,-417.643,2824.520,91.714,-175.462,0,0.89457,-0.45803,53.674,-0.916,-1,400.000,-1,400.000,-1,325.000,325.000,300.000,300.000,-1,-1,-1,-1,775.000,775.000,-1,-1,2,0,2,0,2,0,0,0,0,2,2,2,2,0,0,2,2
21,-474.434,2821.035,91.986,-176.489,0,0.94830,-0.51356,56.898,-1.027,-1,400.000,-1,400.000,-1,325.000,325.000,300.000,300.000,-1,-1,-1,-1,775.000,775.000,-1,-1,2,0,2,0,2,0,0,0,0,2,2,2,2,0,0,2,2
22,-532.230,2818.651,92.286,-177.638,0,0.96408,-0.57446,57.845,-1.149,-1,400.000,-1,400.000,-1,325.000,325.000,300.000,300.000,-1,-1,-1,-1,775.000,750.000,-1,-1,2,0,2,0,2,0,0,0,0,2,2,2,2,0,0,2,2
23,-591.029,2817.381,92.615,-178.762,0,0.98021,-0.56225,58.813,-1.124,-1,400.000,-1,400.000,-1,325.000,325.000,300.000,300.000,-1,-1,-1,-1,775.000,750.000,-1,-1,2,0,2,0,2,0,0,0,0,2,2,2,2,0,0,2,2
24,-650.468,2817.256,92.951,-179.880,0,0.99065,-0.55895,59.439,-1.118,-1,400.000,-1,400.000,1000.000,325.000,325.000,300.000,300.000,-1,-1,-1,-1,775.000,750.000,-1,-1,2,0,2,0,1,0,0,0,0,2,2,2,2,0,1,2,2
25,-710.285,2818.305,92.901,-181.004,0,0.99711,-0.56190,59.826,-1.124,-1,400.000,-1,400.000,950.000,325.000,325.000,300.000,300.000,-1,-1,-1,-1,750.000,725.000,-1,950.000,2,0,2,0,1,0,0,0,0,2,2,2,2,0,1,2,1
26,-770.243,2820.538,92.883,-182.134,0,1.00000,-0.56481,60.000,-1.130,-1,400.000,-1,400.000,900.000,325.000,325.000,300.000,300.000,-1,-1,-1,-1,750.000,700.000,-1,900.000,2,0,2,0,1,0,0,0,0,2,2,2,2,0,1,2,1
27,-830.146,2823.960,92.898,-183.269,0,1.00000,-0.56768,60.000,-1.135,-1,400.000,-1,400.000,850.000,325.000,325.000,300.000,300.000,-1,-1,-1,-1,750.000,675.000,-1,850.000,2,0,2,0,1,0,0,0,0,2,2,2,2,0,1,2,1
28,-889.968,2828.573,92.947,-184.410,0,1.00000,-0.57049,60.000,-1.141,-1,400.000,-1,400.000,800.000,325.000,325.000,300.000,300.000,-1,-1,-1,-1,750.000,650.000,-1,800.000,2,0,2,0,1,0,0,0,0,2,2,2,2,0,1,2,1
29,-949.686,2834.383,93.030,-185.556,0,1.00000,-0.57325,60.000,-1.146,-1,400.000,-1,400.000,750.000,325.000,325.000,300.000,300.000,-1,-1,-1,-1,750.000,625.000,-1,725.000,2,0,2,0,1,0,0,0,0,2,2,2,2,0,1,2,1
30,-1009.275,2841.392,93.148,-186.708,0,1.00000,-0.57596,60.000,-1.152,-1,400.000,-1,400.000,700.000,325.000,325.000,300.000,300.000,-1,-1,-1,-1,750.000,600.000,-1,675.000,2,0,2,1,1,0,0,0,0,2,2,2,2,0,1,2,1
31,-1068.711,2849.603,93.301,-187.866,0,1.00000,-0.57865,60.000,-1.157,-1,400.000,-1,375.000,650.000,325.000,325.000,300.000,300.000,-1,-1,-1,-1,750.000,575.000,-1,625.000,2,0,2,1,1,0,1,0,0,2,2,2,2,0,1,2,1
32,-1127.967,2859.018,93.489,-189.028,0,1.00000,-0.58131,60.000,-1.163,-1,400.000,-1,375.000,600.000,325.000,325.000,300.000,300.000,-1,-1,-1,-1,750.000,525.000,-1,575.000,2,0,2,1,1,0,1,0,0,2,2,2,2,0,1,2,1
33,-1187.020,2869.640,93.715,-190.196,0,1.00000,-0.58395,60.000,-1.168,-1,400.000,-1,350.000,550.000,325.000,300.000,300.000,300.000,-1,-1,-1,-1,750.000,500.000,-1,525.000,2,0,2,1,1,0,1,0,0,2,2,2,2,0,1,2,1
34,-1245.842,2881.468,93.975,-191.369,0,1.00000,-0.58660,60.000,-1.173,-1,400.000,-1,325.000,500.000,325.000,300.000,300.000,300.000,-1,-1,-1,-1,725.000,475.000,-1,475.000,2,0,2,1,1,0,1,0,0,2,2,2,2,0,1,2,1
35,-1304.409,2894.503,94.324,-192.548,0,1.00000,-0.58927,60.000,-1.179,-1,400.000,-1,325.000,450.000,325.000,275.000,300.000,300.000,-1,-1,-1,-1,700.000,450.000,-1,425.000,2,0,2,1,1,1,1,0,0,2,2,2,2,1,1,2,1
36,-1362.694,2908.746,94.781,-193.732,0,1.00000,-0.59199,60.000,-1.184,-1,400.000,950.000,300.000,375.000,300.000,275.000,300.000,300.000,-1,-1,-1,-1,675.000,425.000,950.000,375.000,2,0,1,1,1,1,1,0,0,2,2,2,2,1,1,1,1
37,-1420.671,2924.195,96.549,-194.921,0,1.00000,-0.59476,60.000,-1.190,-1,400.000,900.000,275.000,350.000,300.000,250.000,300.000,300.000,-1,-1,-1,-1,650.000,400.000,875.000,325.000,2,0,1,1,1,1,1,0,0,2,2,2,2,1,1,1,1
38,-1478.313,2940.851,99.316,-196.117,0,1.00000,-0.59763,60.000,-1.195,-1,425.000,875.000,275.000,325.000,300.000,250.000,300.000,325.000,-1,600.000,750.000,-1,625.000,375.000,825.000,325.000,2,0,1,1,1,1,1,0,0,2,0,0,2,1,1,1,1
39,-1535.593,2958.712,102.397,-197.318,0,1.00000,-0.60064,60.000,-1.201,950.000,425.000,850.000,275.000,325.000,300.000,250.000,300.000,350.000,-1,375.000,525.000,-1,625.000,375.000,775.000,300.000,1,1,1,1,1,1,1,0,0,2,0,0,2,1,1,1,1
40,-1592.484,2977.775,105.810,-198.526,0,1.00000,-0.60382,60.000,-1.208,850.000,400.000,850.000,250.000,300.000,275.000,250.000,275.000,375.000,1000.000,250.000,425.000,-1,575.000,350.000,725.000,275.000,1,1,1,1,1,1,1,0,0,0,0,0,2,1,1,1,1
41,-1649.045,2997.797,109.605,-199.493,0,1.00000,-0.48382,60.000,-0.968,750.000,375.000,875.000,250.000,275.000,275.000,225.000,275.000,400.000,800.000,200.000,350.000,-1,550.000,350.000,675.000,275.000,1,1,1,1,1,1,1,0,0,0,0,0,2,1,1,1,1
42,-1705.347,3018.535,113.785,-200.221,0,1.00000,-0.36382,60.000,-0.728,675.000,350.000,950.000,250.000,275.000,275.000,225.000,275.000,450.000,675.000,150.000,300.000,-1,500.000,325.000,625.000,250.000,1,1,1,1,1,1,1,0,0,0,0,0,2,1,1,1,1
43,-1761.426,3039.868,118.334,-200.827,0,1.00000,-0.30307,60.000,-0.606,625.000,325.000,-1,250.000,250.000,275.000,225.000,250.000,500.000,550.000,125.000,275.000,-1,475.000,325.000,575.000,225.000,1,1,2,1,1,1,1,0,0,0,0,0,2,1,1,1,1
44,5575.424,5575.424,52.422,49.717,1,0.00000,0.00000,60.000,-0.620,475.000,350.000,-1,250.000,150.000,275.000,225.000,200.000,225.000,275.000,-1,-1,-1,500.000,375.000,500.000,175.000,1,0,2,0,0,0,0,1,0,1,2,2,2,1,0,1,0
45,-3611.671,-1637.245,52.170,147.406,1,0.08000,0.12000,4.800,0.240,-1,375.000,675.000,375.000,-1,325.000,325.000,300.000,300.000,-1,500.000,450.000,-1,500.000,725.000,675.000,-1,2,1,1,0,2,0,0,0,0,2,0,1,2,1,1,1,2
46,-3619.800,-1632.138,52.326,147.862,0,0.16000,0.22779,9.600,0.456,-1,375.000,675.000,375.000,-1,325.000,325.000,300.000,300.000,-1,500.000,450.000,-1,500.000,700.000,675.000,-1,2,1,1,0,2,0,0,0,0,2,0,1,2,1,1,1,2
47,-3632.054,-1624.575,52.554,148.316,0,0.24000,0.22720,14.400,0.454,1000.000,375.000,650.000,375.000,-1,325.000,325.000,300.000,300.000,-1,500.000,475.000,-1,500.000,675.000,675.000,-1,1,1,1,0,2,0,0,0,0,2,0,1,2,1,1,1,2
48,-3648.472,-1614.620,52.852,148.769,0,0.32000,0.22668,19.200,0.453,1000.000,375.000,625.000,375.000,-1,325.000,325.000,300.000,300.000,-1,500.000,475.000,-1,475.000,650.000,650.000,-1,1,1,1,0,2,0,0,0,0,2,0,1,2,1,1,1,2
49,-3669.091,-1602.339,53.220,149.222,0,0.40000,0.22621,24.000,0.452,975.000,350.000,600.000,375.000,-1,325.000,325.000,300.000,300.000,-1,500.000,500.000,-1,475.000,625.000,650.000,925.000,1,1,1,0,2,0,0,0,0,2,0,1,2,1,1,1,1
50,-3693.950,-1587.797,53.661,149.673,0,0.48000,0.22578,28.800,0.452,950.000,350.000,575.000,375.000,-1,325.000,325.000,300.000,300.000,-1,500.000,525.000,-1,450.000,600.000,625.000,875.000,1,1,1,0,2,1,0,0,0,2,0,1,2,1,1,1,1
51,-3723.085,-1571.060,54.175,150.124,0,0.56000,0.22537,33.600,0.451,925.000,325.000,550.000,375.000,-1,300.000,325.000,300.000,300.000,-1,500.000,525.000,-1,425.000,550.000,575.000,800.000,1,1,1,0,2,1,0,0,0,2,0,0,2,1,1,1,1
52,-3756.531,-1552.194,54.782,150.574,0,0.64000,0.22497,38.400,0.450,875.000,325.000,500.000,400.000,-1,300.000,325.000,300.000,300.000,-1,500.000,525.000,-1,400.000,500.000,550.000,725.000,1,1,1,0,2,1,0,0,0,2,0,0,2,1,1,1,1
53,-3794.323,-1531.266,55.615,151.023,0,0.72000,0.22456,43.200,0.449,850.000,300.000,475.000,375.000,-1,275.000,300.000,300.000,300.000,-1,525.000,550.000,-1,375.000,450.000,500.000,650.000,1,1,1,1,2,1,1,0,0,2,0,0,2,1,1,1,1
54,-3836.495,-1508.341,56.544,151.472,0,0.80000,0.22413,48.000,0.448,800.000,275.000,425.000,325.000,-1,250.000,275.000,300.000,300.000,-1,550.000,575.000,-1,350.000,400.000,450.000,575.000,1,1,1,1,2,1,1,0,0,2,0,0,2,1,1,1,1
55,-3883.080,-1483.487,58.262,151.919,0,0.88000,0.22368,52.800,0.447,750.000,250.000,375.000,300.000,-1,225.000,250.000,300.000,300.000,-1,525.000,525.000,-1,300.000,350.000,400.000,500.000,1,1,1,1,2,1,1,0,0,2,0,0,2,1,1,1,1
56,-3934.109,-1456.770,61.021,152.365,0,0.96000,0.22317,57.600,0.446,700.000,225.000,325.000,250.000,-1,200.000,200.000,325.000,300.000,-1,475.000,450.000,-1,275.000,300.000,375.000,425.000,1,1,1,1,2,1,1,0,0,2,0,0,2,1,1,1,1
57,-3987.479,-1429.354,64.653,152.810,0,1.00000,0.22260,60.000,0.445,650.000,200.000,275.000,200.000,-1,175.000,175.000,350.000,300.000,-1,425.000,350.000,-1,250.000,250.000,325.000,350.000,1,1,1,1,2,1,1,0,0,2,0,0,2,1,1,1,1
58,-4041.059,-1402.352,69.130,153.254,0,1.00000,0.22192,60.000,0.444,600.000,175.000,225.000,175.000,450.000,150.000,150.000,400.000,275.000,-1,350.000,250.000,-1,200.000,200.000,300.000,275.000,1,1,1,1,1,1,1,0,0,2,0,0,2,1,1,1,1
59,-6887.288,327.966,18.022,-12.814,1,0.00000,0.00000,60.000,0.442,-1,375.000,-1,400.000,950.000,325.000,325.000,325.000,325.000,-1,-1,-1,-1,750.000,825.000,-1,-1,2,0,2,0,1,0,0,0,0,2,2,2,2,0,0,2,2
60,-6882.612,326.882,18.307,-13.054,0,0.08000,-0.12000,4.800,-0.240,-1,375.000,-1,400.000,950.000,325.000,325.000,325.000,325.000,-1,-1,-1,-1,750.000,825.000,-1,-1,2,0,2,0,1,0,0,0,0,2,2,2,2,0,0,2,2
61,-6873.279,324.635,18.874,-13.534,0,0.16000,-0.24000,9.600,-0.480,-1,375.000,-1,400.000,950.000,325.000,325.000,325.000,325.000,-1,-1,-1,-1,750.000,825.000,-1,-1,2,0,2,0,1,0,0,0,0,2,2,2,2,0,0,2,2
62,-6859.313,321.126,19.720,-14.105,0,0.24000,-0.28560,14.400,-0.571,-1,375.000,-1,400.000,925.000,325.000,325.000,325.000,325.000,-1,-1,-1,-1,750.000,825.000,-1,-1,2,0,2,0,1,0,0,0,0,2,2,2,2,0,0,2,2
63,-6840.740,316.261,20.842,-14.679,0,0.32000,-0.28719,19.200,-0.574,-1,375.000,-1,400.000,925.000,325.000,325.000,325.000,325.000,-1,-1,-1,-1,750.000,825.000,-1,1000.000,2,0,2,0,1,0,0,0,0,2,2,2,2,0,0,2,1
64,-6817.586,309.944,22.238,-15.258,0,0.40000,-0.28947,24.000,-0.579,-1,375.000,-1,400.000,900.000,325.000,325.000,325.000,325.000,-1,-1,-1,-1,775.000,825.000,-1,975.000,2,0,2,0,1,0,0,0,0,2,2,2,2,0,0,2,1
65,-6789.880,302.082,23.904,-15.844,0,0.48000,-0.29258,28.800,-0.585,-1,400.000,-1,400.000,875.000,325.000,325.000,300.000,325.000,-1,-1,-1,-1,775.000,825.000,-1,925.000,2,0,2,0,1,0,0,0,0,2,2,2,2,0,1,2,1
66,-6757.653,292.574,25.837,-16.437,0,0.56000,-0.29664,33.600,-0.593,-1,400.000,-1,400.000,850.000,325.000,325.000,300.000,325.000,-1,-1,-1,-1,775.000,800.000,-1,900.000,2,0,2,0,1,0,0,0,0,2,2,2,2,0,1,2,1
67,-6720.939,281.321,28.032,-17.041,0,0.64000,-0.30181,38.400,-0.604,-1,400.000,-1,400.000,800.000,325.000,325.000,300.000,325.000,725.000,-1,-1,-1,775.000,775.000,-1,875.000,2,0,2,0,1,0,0,0,0,1,2,2,2,0,1,2,1
68,-6684.011,269.567,30.233,-17.657,0,0.64589,-0.30825,38.753,-0.617,-1,400.000,-1,400.000,775.000,325.000,325.000,300.000,325.000,700.000,-1,-1,-1,775.000,775.000,-1,825.000,2,0,2,0,1,0,0,0,0,1,2,2,2,0,1,2,1
69,-6647.560,257.520,32.436,-18.288,0,0.63984,-0.31530,38.391,-0.631,-1,400.000,-1,400.000,725.000,325.000,325.000,300.000,300.000,675.000,-1,-1,-1,800.000,750.000,-1,775.000,2,0,2,0,1,0,0,0,0,1,2,2,2,0,1,2,1
70,-6611.545,245.166,34.618,-18.933,0,0.63458,-0.32280,38.075,-0.646,-1,400.000,-1,400.000,700.000,325.000,325.000,300.000,300.000,650.000,-1,-1,-1,800.000,725.000,-1,750.000,2,0,2,0,1,0,0,0,0,1,2,2,2,0,1,2,1
71,-6575.929,232.488,36.731,-19.595,0,0.63009,-0.33074,37.806,-0.661,-1,400.000,-1,400.000,675.000,325.000,325.000,300.000,300.000,650.000,-1,-1,-1,800.000,700.000,-1,700.000,2,0,2,0,1,0,0,0,0,1,2,2,2,0,1,2,1
72,-6540.674,219.465,38.809,-20.273,0,0.62638,-0.33910,37.583,-0.678,-1,400.000,-1,400.000,625.000,325.000,325.000,300.000,300.000,650.000,-1,-1,-1,800.000,675.000,-1,675.000,2,0,2,0,1,0,0,0,0,1,2,2,2,0,1,2,1
73,-6503.472,205.210,40.988,-20.966,0,0.66399,-0.34652,39.839,-0.693,-1,400.000,-1,400.000,600.000,325.000,325.000,300.000,300.000,650.000,-1,-1,-1,825.000,650.000,-1,625.000,2,0,2,0,1,0,0,0,0,1,2,2,2,0,1,2,1
74,-6466.720,190.605,43.099,-21.673,0,0.65913,-0.35362,39.548,-0.707,-1,400.000,-1,400.000,550.000,325.000,325.000,300.000,300.000,650.000,-1,-1,-1,825.000,625.000,-1,600.000,2,0,2,0,1,0,0,0,0,1,2,2,2,0,1,2,1
75,-6430.389,175.634,45.098,-22.396,0,0.65491,-0.36121,39.295,-0.722,-1,400.000,-1,400.000,525.000,325.000,325.000,300.000,300.000,675.000,-1,-1,-1,825.000,600.000,-1,550.000,2,0,2,0,1,0,0,0,0,1,2,2,2,0,1,2,1
76,-6389.908,158.151,47.238,-23.358,0,0.73491,-0.48121,44.095,-0.962,-1,400.000,-1,400.000,475.000,325.000,325.000,300.000,300.000,675.000,-1,-1,-1,825.000,550.000,-1,500.000,2,0,2,0,1,0,0,0,0,1,2,2,2,0,1,2,1
77,-6348.130,139.147,49.420,-24.460,0,0.76496,-0.55097,45.898,-1.102,-1,400.000,-1,400.000,425.000,325.000,325.000,300.000,300.000,700.000,-1,-1,-1,825.000,525.000,-1,475.000,2,0,2,0,1,0,0,0,0,1,2,2,2,0,1,2,1
78,-6306.453,119.193,51.568,-25.584,0,0.77011,-0.56186,46.207,-1.124,-1,400.000,-1,400.000,400.000,325.000,325.000,300.000,300.000,725.000,-1,-1,-1,850.000,500.000,-1,425.000,2,0,2,1,1,0,0,0,0,1,2,2,2,0,1,2,1
79,-6264.870,98.252,53.682,-26.730,0,0.77598,-0.57318,46.559,-1.146,-1,400.000,-1,375.000,350.000,325.000,325.000,300.000,300.000,725.000,-1,-1,-1,850.000,450.000,-1,375.000,2,0,2,1,1,0,0,0,0,1,2,2,2,0,1,2,1
80,-6223.375,76.282,55.758,-27.900,0,0.78253,-0.58491,46.952,-1.170,-1,400.000,950.000,350.000,300.000,325.000,325.000,300.000,300.000,750.000,-1,-1,-1,850.000,425.000,-1,325.000,2,0,1,1,1,0,0,0,0,1,2,2,2,0,1,2,1
81,-6181.968,53.241,57.797,-29.094,0,0.78977,-0.59708,47.386,-1.194,-1,400.000,850.000,325.000,275.000,325.000,325.000,300.000,300.000,775.000,-1,-1,-1,850.000,375.000,-1,275.000,2,0,1,1,1,0,0,0,0,1,2,2,2,0,1,2,1
82,-6140.651,29.084,61.068,-30.313,0,0.79767,-0.60968,47.860,-1.219,-1,425.000,775.000,300.000,250.000,325.000,325.000,300.000,325.000,775.000,-1,-1,-1,875.000,350.000,-1,250.000,2,0,1,1,1,0,1,0,0,1,2,2,2,0,1,2,1
83,-6099.432,3.767,65.455,-31.559,0,0.80622,-0.62273,48.373,-1.245,-1,425.000,700.000,275.000,225.000,350.000,300.000,300.000,350.000,800.000,-1,-1,-1,925.000,325.000,-1,225.000,2,0,1,1,1,0,1,0,0,1,2,2,2,0,1,2,1
84,-6058.324,-22.757,70.371,-32.831,0,0.81538,-0.63624,48.923,-1.272,-1,450.000,650.000,250.000,200.000,375.000,275.000,275.000,375.000,800.000,-1,-1,-1,950.000,300.000,-1,200.000,2,0,1,1,1,0,1,0,0,1,2,2,2,1,1,2,1
85,-6017.345,-50.536,75.909,-34.132,0,0.82512,-0.65023,49.507,-1.300,-1,500.000,600.000,250.000,200.000,350.000,250.000,275.000,425.000,800.000,375.000,800.000,-1,850.000,275.000,-1,200.000,2,0,1,1,1,1,1,0,0,1,0,0,2,1,1,2,1
86,-5976.517,-79.616,81.998,-35.461,0,0.83542,-0.66473,50.125,-1.329,-1,500.000,550.000,225.000,175.000,325.000,225.000,275.000,475.000,775.000,175.000,375.000,-1,750.000,275.000,-1,175.000,2,1,1,1,1,1,1,0,0,1,0,0,2,1,1,2,1
87,-5935.872,-110.045,88.562,-36.821,0,0.84624,-0.67977,50.774,-1.360,-1,475.000,525.000,200.000,175.000,300.000,225.000,250.000,550.000,750.000,100.000,300.000,-1,675.000,250.000,-1,150.000,2,1,1,1,1,1,1,0,0,0,0,0,2,1,1,2,1
88,-5897.007,-140.345,95.528,-37.940,0,0.82134,-0.55977,49.280,-1.120,-1,425.000,500.000,200.000,150.000,300.000,200.000,250.000,650.000,500.000,50.000,250.000,-1,625.000,225.000,-1,150.000,2,1,1,1,1,1,1,0,0,0,0,0,2,1,1,2,1
89,-5858.103,-171.646,103.232,-38.820,0,0.83222,-0.43977,49.933,-0.880,-1,400.000,475.000,175.000,150.000,275.000,200.000,225.000,800.000,350.000,25.000,225.000,-1,575.000,225.000,-1,150.000,2,1,1,1,1,1,1,0,1,0,0,0,2,1,1,2,1
90,4919.492,-327.966,-56.730,-19.248,1,0.00000,0.00000,50.572,-0.640,-1,400.000,-1,375.000,-1,325.000,325.000,300.000,300.000,-1,900.000,1000.000,-1,800.000,750.000,-1,-1,2,0,2,0,2,0,0,0,0,2,0,0,2,0,0,2,2
91,4924.017,-329.567,-56.753,-19.488,0,0.08000,-0.12000,4.800,-0.240,-1,400.000,-1,375.000,-1,325.000,325.000,300.000,300.000,-1,900.000,1000.000,-1,800.000,750.000,-1,-1,2,0,2,0,2,0,0,0,0,2,0,0,2,0,0,2,2
92,4933.039,-332.846,-56.798,-19.968,0,0.16000,-0.24000,9.600,-0.480,-1,400.000,-1,375.000,-1,325.000,325.000,300.000,300.000,-1,900.000,1000.000,-1,800.000,750.000,-1,-1,2,0,2,0,2,0,0,0,0,2,0,0,2,0,0,2,2
93,4946.515,-337.923,-56.859,-20.647,0,0.24000,-0.33960,14.400,-0.679,-1,400.000,-1,375.000,-1,325.000,325.000,300.000,300.000,-1,875.000,1000.000,-1,800.000,750.000,-1,-1,2,0,2,0,2,0,0,0,0,2,0,0,2,0,0,2,2
94,4964.400,-344.906,-56.930,-21.326,0,0.32000,-0.33960,19.200,-0.679,-1,400.000,-1,375.000,-1,325.000,325.000,300.000,300.000,-1,875.000,1000.000,-1,800.000,750.000,-1,-1,2,0,2,0,2,0,0,0,0,2,0,0,2,0,0,2,2
95,4986.651,-353.898,-57.007,-22.005,0,0.40000,-0.33960,24.000,-0.679,-1,400.000,-1,375.000,-1,325.000,325.000,300.000,300.000,-1,900.000,1000.000,-1,800.000,750.000,-1,-1,2,0,2,0,2,0,0,0,0,2,0,0,2,0,0,2,2
96,5013.224,-365.005,-57.087,-22.685,0,0.48000,-0.33960,28.800,-0.679,-1,400.000,-1,375.000,-1,325.000,325.000,300.000,300.000,-1,900.000,1000.000,-1,775.000,750.000,-1,-1,2,0,2,0,2,0,0,0,0,2,0,0,2,0,0,2,2
97,5044.069,-378.330,-57.166,-23.364,0,0.56000,-0.33960,33.600,-0.679,-1,400.000,-1,375.000,-1,325.000,325.000,300.000,300.000,-1,900.000,-1,-1,775.000,750.000,-1,-1,2,0,2,0,2,0,0,0,0,2,0,2,2,0,0,2,2
98,5079.137,-393.975,-57.241,-24.043,0,0.64000,-0.33960,38.400,-0.679,-1,400.000,-1,375.000,-1,325.000,325.000,300.000,300.000,-1,925.000,-1,-1,775.000,750.000,-1,-1,2,0,2,0,2,0,0,0,0,2,0,2,2,0,0,2,2
99,5117.921,-411.832,-57.274,-24.722,0,0.71163,-0.33960,42.698,-0.679,-1,400.000,-1,375.000,-1,325.000,325.000,300.000,300.000,-1,950.000,-1,-1,775.000,750.000,-1,-1,2,0,2,0,2,0,0,0,0,2,0,2,2,0,0,2,2
100,5156.491,-430.148,-57.261,-25.401,0,0.71163,-0.33960,42.698,-0.679,-1,400.000,-1,375.000,-1,325.000,325.000,300.000,300.000,-1,1000.000,-1,-1,775.000,750.000,-1,-1,2,0,2,0,2,0,0,0,0,2,0,2,2,0,0,2,2
101,5194.842,-448.919,-57.101,-26.081,0,0.71163,-0.33960,42.698,-0.679,-1,400.000,-1,375.000,-1,325.000,325.000,300.000,300.000,-1,-1,-1,-1,775.000,750.000,-1,-1,2,0,2,0,2,0,0,0,0,2,2,2,2,0,0,2,2
102,5232.967,-468.144,-56.921,-26.760,0,0.71163,-0.33960,42.698,-0.679,-1,400.000,-1,400.000,-1,325.000,325.000,300.000,300.000,-1,-1,-1,-1,775.000,750.000,-1,-1,2,0,2,0,2,0,0,0,0,2,2,2,2,0,0,2,2
103,5270.861,-487.819,-56.728,-27.439,0,0.71163,-0.33960,42.698,-0.679,-1,400.000,-1,400.000,-1,325.000,325.000,300.000,300.000,-1,-1,-1,-1,800.000,750.000,-1,-1,2,0,2,0,2,0,0,0,0,2,2,2,2,0,0,2,2
104,5308.520,-507.942,-56.523,-28.118,0,0.71163,-0.33960,42.698,-0.679,-1,400.000,-1,400.000,-1,325.000,325.000,300.000,300.000,-1,-1,-1,-1,800.000,750.000,-1,-1,2,0,2,0,2,0,0,0,0,2,2,2,2,0,0,2,2
105,5345.937,-528.510,-56.310,-28.797,0,0.71163,-0.33960,42.698,-0.679,-1,400.000,-1,400.000,-1,325.000,325.000,300.000,300.000,-1,-1,-1,-1,800.000,750.000,-1,-1,2,0,2,0,2,0,0,0,0,2,2,2,2,0,0,2,2
106,5381.171,-548.621,-56.090,-29.717,0,0.67616,-0.45960,40.570,-0.919,-1,400.000,-1,400.000,-1,325.000,325.000,300.000,300.000,-1,-1,-1,-1,800.000,750.000,-1,-1,2,0,2,0,2,0,0,0,0,2,2,2,2,0,0,2,2
107,5415.991,-569.441,-55.849,-30.876,0,0.67616,-0.57960,40.570,-1.159,-1,400.000,-1,400.000,-1,325.000,325.000,300.000,300.000,-1,-1,-1,-1,800.000,775.000,-1,-1,2,0,2,0,2,0,0,0,0,2,2,2,2,0,0,2,2
108,5450.293,-591.104,-55.645,-32.275,0,0.67616,-0.69960,40.570,-1.399,-1,400.000,-1,400.000,-1,325.000,325.000,300.000,300.000,-1,-1,-1,-1,825.000,750.000,-1,-1,2,0,2,0,2,0,0,0,0,2,2,2,2,0,0,2,2
109,5483.960,-613.740,-55.403,-33.914,0,0.67616,-0.81960,40.570,-1.639,-1,400.000,-1,400.000,-1,325.000,325.000,300.000,300.000,-1,-1,-1,-1,825.000,750.000,-1,-1,2,0,2,0,2,0,0,0,0,2,2,2,2,0,0,2,2
110,5516.868,-637.468,-55.096,-35.793,0,0.67616,-0.93960,40.570,-1.879,-1,400.000,-1,400.000,-1,325.000,325.000,300.000,300.000,-1,-1,-1,-1,825.000,750.000,-1,-1,2,0,2,0,2,0,0,0,0,2,2,2,2,0,0,2,2
111,5548.927,-662.330,-54.747,-37.793,0,0.67616,-1.00000,40.570,-2.000,-1,400.000,-1,400.000,-1,325.000,325.000,300.000,300.000,-1,-1,-1,-1,825.000,750.000,-1,-1,2,0,2,0,2,0,0,0,0,2,2,2,2,0,0,2,2
112,5580.099,-688.295,-54.362,-39.793,0,0.67616,-1.00000,40.570,-2.000,-1,400.000,-1,400.000,-1,325.000,325.000,300.000,300.000,-1,975.000,-1,-1,825.000,750.000,-1,-1,2,0,2,0,2,0,0,0,0,2,0,2,2,0,0,2,2
113,5610.346,-715.333,-53.941,-41.793,0,0.67616,-1.00000,40.570,-2.000,-1,400.000,-1,400.000,-1,325.000,325.000,300.000,300.000,-1,950.000,-1,-1,825.000,750.000,-1,-1,2,0,2,0,2,0,0,0,0,2,0,2,2,0,0,2,2
114,5639.630,-743.409,-53.505,-43.793,0,0.67616,-1.00000,40.570,-2.000,-1,400.000,-1,400.000,-1,325.000,325.000,300.000,300.000,-1,925.000,-1,-1,825.000,750.000,-1,-1,2,0,2,0,2,0,0,0,0,2,0,2,2,0,0,2,2
115,5667.917,-772.491,-52.844,-45.793,0,0.67616,-1.00000,40.570,-2.000,-1,400.000,-1,400.000,-1,325.000,325.000,300.000,300.000,-1,925.000,-1,-1,825.000,750.000,-1,-1,2,0,2,0,2,0,0,0,0,2,0,2,2,0,0,2,2
116,5695.172,-802.542,-52.130,-47.793,0,0.67616,-1.00000,40.570,-2.000,-1,400.000,-1,400.000,-1,325.000,325.000,300.000,300.000,-1,950.000,-1,-1,800.000,750.000,-1,-1,2,0,2,0,2,0,0,0,0,2,0,2,2,0,0,2,2
117,5721.362,-833.526,-51.372,-49.793,0,0.67616,-1.00000,40.570,-2.000,-1,400.000,-1,400.000,-1,325.000,325.000,300.000,300.000,-1,975.000,-1,-1,800.000,750.000,-1,-1,2,0,2,0,2,0,0,0,0,2,0,2,2,0,0,2,2
118,5746.454,-865.405,-50.569,-51.793,0,0.67616,-1.00000,40.570,-2.000,-1,400.000,-1,400.000,-1,325.000,325.000,300.000,300.000,-1,950.000,-1,-1,800.000,750.000,-1,-1,2,0,2,0,2,0,0,0,0,2,0,2,2,0,0,2,2
119,5770.419,-898.141,-49.673,-53.793,0,0.67616,-1.00000,40.570,-2.000,-1,400.000,-1,400.000,-1,325.000,325.000,300.000,300.000,-1,950.000,-1,-1,800.000,750.000,-1,-1,2,0,2,0,2,0,0,0,0,2,0,2,2,0,0,2,2
120,5793.226,-931.692,-48.639,-55.793,0,0.67616,-1.00000,40.570,-2.000,-1,400.000,-1,400.000,-1,325.000,325.000,300.000,300.000,-1,925.000,-1,-1,800.000,750.000,-1,-1,2,0,2,0,2,0,0,0,0,2,0,2,2,0,0,2,2
121,5814.848,-966.020,-47.557,-57.793,0,0.67616,-1.00000,40.570,-2.000,-1,400.000,-1,400.000,-1,325.000,325.000,300.000,300.000,-1,900.000,-1,-1,800.000,750.000,-1,-1,2,0,2,0,2,0,0,0,0,2,0,2,2,0,0,2,2
122,5835.260,-1001.081,-46.429,-59.793,0,0.67616,-1.00000,40.570,-2.000,-1,400.000,-1,400.000,-1,325.000,325.000,300.000,300.000,-1,875.000,-1,-1,800.000,750.000,-1,-1,2,0,2,0,2,0,0,0,0,2,0,2,2,0,0,2,2
123,5852.298,-1032.531,-45.423,-61.553,0,0.59616,-0.88000,35.770,-1.760,-1,400.000,-1,400.000,-1,325.000,325.000,300.000,300.000,-1,875.000,-1,-1,800.000,750.000,-1,-1,2,0,2,0,2,0,0,0,0,2,0,2,2,0,0,2,2
124,5866.323,-1060.144,-44.526,-63.073,0,0.51616,-0.76000,30.970,-1.520,-1,400.000,-1,400.000,-1,325.000,325.000,300.000,300.000,-1,850.000,-1,-1,800.000,750.000,-1,-1,2,0,2,0,2,0,0,0,0,2,0,2,2,0,0,2,2
125,5877.649,-1083.735,-43.748,-64.353,0,0.43616,-0.64000,26.170,-1.280,-1,400.000,-1,400.000,-1,325.000,325.000,300.000,300.000,-1,850.000,-1,-1,800.000,750.000,-1,-1,2,0,2,0,2,0,0,0,0,2,0,2,2,0,0,2,2
126,5886.547,-1103.164,-43.101,-65.393,0,0.35616,-0.52000,21.370,-1.040,-1,400.000,-1,400.000,-1,325.000,325.000,300.000,300.000,-1,850.000,1000.000,-1,800.000,750.000,-1,-1,2,0,2,0,2,0,0,0,0,2,0,0,2,0,0,2,2
127,5893.218,-1118.332,-42.589,-66.260,0,0.27616,-0.43341,16.570,-0.867,-1,400.000,-1,400.000,-1,325.000,325.000,300.000,300.000,-1,850.000,1000.000,-1,775.000,750.000,-1,-1,2,0,2,0,2,0,0,0,0,2,0,0,2,0,0,2,2
128,5897.793,-1129.176,-42.212,-67.127,0,0.19616,-0.43341,11.770,-0.867,-1,400.000,-1,400.000,-1,325.000,325.000,300.000,300.000,-1,850.000,975.000,-1,775.000,750.000,-1,-1,2,0,2,0,2,0,0,0,0,2,0,0,2,0,0,2,2
129,5900.404,-1135.638,-41.974,-67.994,0,0.11616,-0.43341,6.970,-0.867,-1,400.000,-1,400.000,-1,325.000,325.000,300.000,300.000,-1,825.000,975.000,-1,775.000,750.000,-1,-1,2,0,2,0,2,0,0,0,0,2,0,0,2,0,0,2,2
130,5901.187,-1137.661,-41.881,-68.861,0,0.03616,-0.43341,2.170,-0.867,-1,400.000,-1,400.000,-1,325.000,325.000,325.000,300.000,-1,825.000,950.000,-1,775.000,750.000,-1,-1,2,0,2,0,2,0,0,0,0,2,0,0,2,0,0,2,2
131,5900.275,-1135.194,-41.938,-69.728,0,-0.04384,-0.43341,-2.630,-0.867,-1,400.000,-1,400.000,-1,325.000,325.000,325.000,300.000,-1,800.000,925.000,-1,775.000,750.000,-1,-1,2,0,2,0,2,0,0,0,0,2,0,0,2,0,0,2,2
132,5897.807,-1128.186,-42.150,-70.594,0,-0.12384,-0.43341,-7.430,-0.867,-1,400.000,-1,400.000,-1,325.000,325.000,325.000,300.000,-1,775.000,900.000,-1,775.000,750.000,-1,-1,2,0,2,0,2,0,0,0,0,2,0,0,2,0,0,2,2
133,5893.918,-1116.590,-42.523,-71.461,0,-0.20384,-0.43341,-12.230,-0.867,-1,400.000,-1,400.000,-1,325.000,325.000,325.000,300.000,-1,775.000,875.000,-1,775.000,750.000,-1,-1,2,0,2,0,2,0,0,0,0,2,0,0,2,0,0,2,2
134,5888.748,-1100.363,-43.062,-72.328,0,-0.28384,-0.43341,-17.030,-0.867,-1,400.000,-1,400.000,-1,325.000,325.000,325.000,300.000,-1,750.000,850.000,-1,775.000,750.000,-1,-1,2,0,2,0,2,0,0,0,0,2,0,0,2,0,0,2,2
135,5882.437,-1079.465,-43.773,-73.195,0,-0.36384,-0.43341,-21.830,-0.867,-1,400.000,-1,400.000,-1,325.000,325.000,325.000,300.000,-1,725.000,825.000,-1,775.000,750.000,-1,-1,2,0,2,0,2,0,0,0,0,2,0,0,2,0,0,2,2
136,5876.438,-1058.461,-44.511,-74.062,0,-0.36407,-0.43341,-21.844,-0.867,-1,400.000,-1,400.000,-1,325.000,325.000,325.000,300.000,-1,700.000,775.000,-1,775.000,750.000,-1,-1,2,0,2,0,2,0,0,0,0,2,0,0,2,0,0,2,2
137,5870.758,-1037.368,-45.269,-74.928,0,-0.36407,-0.43341,-21.844,-0.867,-1,400.000,-1,400.000,-1,325.000,325.000,325.000,300.000,-1,675.000,750.000,-1,775.000,750.000,-1,-1,2,0,2,0,2,0,0,0,0,2,0,0,2,0,0,2,2
138,5865.398,-1016.192,-46.038,-75.795,0,-0.36407,-0.43341,-21.844,-0.867,-1,400.000,-1,400.000,-1,325.000,325.000,325.000,300.000,-1,650.000,725.000,-1,775.000,750.000,-1,-1,2,0,2,0,2,0,0,0,0,2,0,0,2,0,0,2,2
139,5860.359,-994.937,-46.817,-76.662,0,-0.36407,-0.43341,-21.844,-0.867,-1,400.000,-1,375.000,-1,325.000,325.000,300.000,300.000,-1,625.000,700.000,-1,775.000,750.000,-1,-1,2,0,2,0,2,0,0,0,0,2,0,0,2,0,0,2,2
140,5855.641,-973.609,-47.608,-77.529,0,-0.36407,-0.43341,-21.844,-0.867,-1,400.000,-1,375.000,-1,325.000,325.000,300.000,300.000,-1,600.000,675.000,-1,775.000,750.000,-1,-1,2,0,2,0,2,0,0,0,0,2,0,0,2,0,0,2,2
141,5851.248,-952.211,-48.409,-78.396,0,-0.36407,-0.43341,-21.844,-0.867,-1,400.000,-1,375.000,-1,325.000,325.000,300.000,325.000,-1,575.000,650.000,-1,775.000,750.000,-1,-1,2,0,2,0,2,0,0,0,0,2,0,0,2,0,0,2,2
142,5847.178,-930.750,-49.221,-79.263,0,-0.36407,-0.43341,-21.844,-0.867,-1,400.000,-1,375.000,-1,325.000,325.000,300.000,325.000,-1,550.000,625.000,-1,775.000,750.000,-1,-1,2,0,2,0,2,0,0,0,0,2,0,0,2,0,0,2,2
143,5843.433,-909.229,-50.042,-80.129,0,-0.36407,-0.43341,-21.844,-0.867,-1,400.000,-1,375.000,-1,325.000,325.000,300.000,325.000,-1,525.000,600.000,-1,775.000,750.000,-1,-1,2,0,2,0,2,0,0,0,0,2,0,0,2,0,0,2,2
144,5840.015,-887.654,-50.874,-80.996,0,-0.36407,-0.43341,-21.844,-0.867,-1,400.000,-1,375.000,-1,325.000,325.000,300.000,325.000,-1,500.000,575.000,-1,750.000,750.000,-1,-1,2,0,2,0,2,0,0,0,0,2,0,0,2,0,0,2,2
145,5836.923,-866.030,-51.715,-81.863,0,-0.36407,-0.43341,-21.844,-0.867,-1,400.000,-1,375.000,-1,325.000,325.000,300.000,325.000,-1,475.000,550.000,-1,750.000,750.000,-1,-1,2,0,2,0,2,0,0,0,0,2,0,0,2,0,0,2,2
146,5834.158,-844.361,-52.565,-82.730,0,-0.36407,-0.43341,-21.844,-0.867,-1,400.000,-1,375.000,-1,325.000,325.000,300.000,325.000,-1,475.000,525.000,-1,750.000,725.000,-1,-1,2,0,2,0,2,0,0,0,0,2,0,0,2,0,0,2,2
147,5831.722,-822.654,-53.424,-83.597,0,-0.36407,-0.43341,-21.844,-0.867,-1,400.000,-1,375.000,-1,325.000,325.000,300.000,325.000,-1,450.000,500.000,-1,750.000,725.000,-1,-1,2,0,2,0,2,0,0,0,0,2,0,0,2,0,0,2,2
148,5830.007,-805.696,-54.100,-84.223,0,-0.28407,-0.31341,-17.044,-0.627,-1,400.000,-1,375.000,-1,325.000,325.000,300.000,325.000,-1,425.000,475.000,-1,750.000,725.000,-1,-1,2,0,2,0,2,0,0,0,0,2,0,0,2,0,0,2,2
149,5828.873,-793.505,-54.588,-84.689,0,-0.20407,-0.23272,-12.244,-0.465,-1,400.000,-1,375.000,-1,325.000,325.000,300.000,325.000,-1,425.000,475.000,-1,750.000,725.000,-1,-1,2,0,2,0,2,0,0,0,0,2,0,0,2,0,0,2,2
150,5828.244,-786.087,-54.882,-85.154,0,-0.12407,-0.23272,-7.444,-0.465,-1,400.000,-1,375.000,-1,325.000,325.000,300.000,325.000,-1,400.000,450.000,-1,750.000,725.000,-1,-1,2,0,2,0,2,0,0,0,0,2,0,0,2,0,0,2,2
151,5828.043,-783.451,-54.980,-85.620,0,-0.04407,-0.23272,-2.644,-0.465,-1,400.000,-1,375.000,-1,325.000,325.000,300.000,325.000,-1,400.000,450.000,-1,750.000,725.000,-1,-1,2,0,2,0,2,0,0,0,0,2,0,0,2,0,0,2,2
152,5828.190,-785.602,-54.881,-86.085,0,0.03593,-0.23272,2.156,-0.465,-1,400.000,-1,375.000,-1,325.000,325.000,300.000,325.000,-1,400.000,450.000,-1,750.000,725.000,-1,-1,2,0,2,0,2,0,0,0,0,2,0,0,2,0,0,2,2
153,5828.608,-792.545,-54.582,-86.551,0,0.11593,-0.23272,6.956,-0.465,-1,400.000,-1,375.000,-1,325.000,325.000,300.000,325.000,-1,400.000,450.000,-1,750.000,725.000,-1,-1,2,0,2,0,2,0,0,0,0,2,0,0,2,0,0,2,2
154,5829.220,-804.285,-54.082,-87.016,0,0.19593,-0.23272,11.756,-0.465,-1,400.000,-1,375.000,-1,325.000,325.000,300.000,325.000,-1,425.000,475.000,-1,750.000,725.000,-1,-1,2,0,2,0,2,0,0,0,0,2,0,0,2,0,0,2,2
155,5829.948,-820.825,-53.379,-87.481,0,0.27593,-0.23272,16.556,-0.465,-1,400.000,-1,375.000,-1,325.000,325.000,300.000,325.000,-1,425.000,475.000,-1,750.000,725.000,-1,-1,2,0,2,0,2,0,0,0,0,2,0,0,2,0,0,2,2
156,5830.713,-842.167,-52.472,-87.947,0,0.35593,-0.23272,21.356,-0.465,-1,400.000,-1,375.000,-1,325.000,325.000,300.000,325.000,-1,450.000,500.000,-1,750.000,725.000,-1,-1,2,0,2,0,2,0,0,0,0,2,0,0,2,0,0,2,2
157,5831.438,-868.313,-51.363,-88.412,0,0.43593,-0.23272,26.156,-0.465,-1,400.000,-1,375.000,-1,325.000,325.000,325.000,325.000,-1,475.000,500.000,-1,750.000,750.000,-1,-1,2,0,2,0,2,0,0,0,0,2,0,0,2,0,0,2,2
158,5832.044,-899.263,-50.049,-88.878,0,0.51593,-0.23272,30.956,-0.465,-1,400.000,-1,375.000,-1,325.000,325.000,325.000,325.000,-1,500.000,525.000,-1,750.000,750.000,-1,-1,2,0,2,0,2,0,0,0,0,2,0,0,2,0,0,2,2
159,5832.454,-935.017,-48.526,-89.343,0,0.59593,-0.23272,35.756,-0.465,-1,400.000,-1,375.000,-1,325.000,325.000,325.000,325.000,-1,500.000,550.000,-1,750.000,750.000,-1,-1,2,0,2,0,2,0,0,0,0,2,0,0,2,0,0,2,2
160,5832.579,-972.560,-46.922,-89.809,0,0.62572,-0.23272,37.543,-0.465,-1,400.000,-1,375.000,-1,325.000,325.000,325.000,325.000,-1,550.000,575.000,-1,750.000,750.000,-1,-1,2,0,2,0,2,0,0,0,0,2,0,0,2,0,0,2,2
161,5832.400,-1010.102,-45.311,-90.274,0,0.62572,-0.23272,37.543,-0.465,-1,400.000,-1,375.000,-1,325.000,325.000,325.000,325.000,-1,550.000,600.000,-1,750.000,750.000,-1,-1,2,0,2,0,2,0,0,0,0,2,0,0,2,0,0,2,2
162,5831.915,-1047.642,-43.694,-90.739,0,0.62572,-0.23272,37.543,-0.465,-1,400.000,-1,400.000,-1,325.000,325.000,325.000,325.000,-1,575.000,625.000,-1,750.000,750.000,-1,-1,2,0,2,0,2,0,0,0,0,2,0,0,2,0,0,2,2
163,5831.126,-1085.177,-42.070,-91.205,0,0.62572,-0.23272,37.543,-0.465,-1,400.000,-1,400.000,-1,325.000,325.000,325.000,325.000,-1,600.000,650.000,-1,775.000,775.000,-1,-1,2,0,2,0,2,0,0,0,0,2,0,0,2,0,0,2,2
164,5830.031,-1122.704,-40.440,-91.670,0,0.62572,-0.23272,37.543,-0.465,-1,400.000,-1,400.000,-1,325.000,325.000,300.000,325.000,-1,625.000,675.000,-1,775.000,775.000,-1,-1,2,0,2,0,2,0,0,0,0,2,0,0,2,0,0,2,2
165,5828.632,-1160.221,-38.817,-92.136,0,0.62572,-0.23272,37.543,-0.465,-1,400.000,-1,400.000,-1,325.000,325.000,300.000,325.000,-1,650.000,675.000,-1,775.000,775.000,-1,-1,2,0,2,0,2,0,0,0,0,2,0,0,2,0,0,2,2
166,5826.928,-1197.726,-37.189,-92.601,0,0.62572,-0.23272,37.543,-0.465,-1,400.000,-1,400.000,-1,325.000,325.000,300.000,325.000,-1,675.000,700.000,-1,775.000,775.000,-1,-1,2,0,2,0,2,0,0,0,0,2,0,0,2,0,0,2,2
167,5824.920,-1235.215,-35.555,-93.067,0,0.62572,-0.23272,37.543,-0.465,-1,400.000,-1,400.000,-1,325.000,325.000,300.000,325.000,-1,700.000,725.000,-1,775.000,775.000,-1,-1,2,0,2,0,2,0,0,0,0,2,0,0,2,0,0,2,2
168,5822.607,-1272.687,-33.915,-93.532,0,0.62572,-0.23272,37.543,-0.465,-1,400.000,-1,400.000,-1,325.000,325.000,300.000,325.000,-1,725.000,750.000,-1,775.000,800.000,-1,-1,2,0,2,0,2,0,0,0,0,2,0,0,2,0,0,2,2
169,5819.990,-1310.138,-32.206,-93.997,0,0.62572,-0.23272,37.543,-0.465,-1,400.000,-1,400.000,-1,325.000,325.000,300.000,325.000,-1,750.000,775.000,-1,775.000,800.000,-1,-1,2,0,2,0,2,0,0,0,0,2,0,0,2,0,0,2,2
170,5817.068,-1347.568,-30.452,-94.463,0,0.62572,-0.23272,37.543,-0.465,-1,400.000,-1,400.000,-1,325.000,325.000,300.000,325.000,-1,800.000,800.000,-1,775.000,800.000,-1,-1,2,0,2,0,2,0,0,0,0,2,0,0,2,0,0,2,2
171,5813.843,-1384.972,-28.714,-94.928,0,0.62572,-0.23272,37.543,-0.465,-1,400.000,-1,400.000,-1,325.000,325.000,300.000,325.000,-1,825.000,850.000,-1,800.000,800.000,-1,-1,2,0,2,0,2,0,0,0,0,2,0,0,2,0,0,2,2
172,5810.039,-1427.144,-26.745,-95.154,0,0.70572,-0.11272,42.343,-0.225,-1,400.000,-1,400.000,-1,325.000,325.000,300.000,325.000,-1,875.000,900.000,-1,800.000,800.000,-1,-1,2,0,2,0,2,0,0,0,0,2,0,0,2,0,0,2,2
173,5805.817,-1474.097,-24.550,-95.139,0,0.78572,0.00728,47.143,0.015,-1,400.000,-1,400.000,-1,325.000,325.000,300.000,325.000,-1,950.000,950.000,-1,800.000,800.000,-1,-1,2,0,2,0,2,0,0,0,0,2,0,0,2,0,0,2,2
174,5801.774,-1521.396,-22.338,-94.885,0,0.79118,0.12728,47.471,0.255,-1,400.000,-1,400.000,-1,325.000,325.000,300.000,325.000,-1,1000.000,-1,-1,800.000,800.000,-1,-1,2,0,2,0,2,0,0,0,0,2,0,2,2,0,0,2,2
175,5798.125,-1568.927,-20.120,-94.390,0,0.79452,0.24728,47.671,0.495,-1,400.000,-1,400.000,-1,325.000,325.000,300.000,325.000,-1,-1,-1,-1,800.000,800.000,-1,-1,2,0,2,0,2,0,0,0,0,2,2,2,2,0,0,2,2
176,5795.074,-1616.686,-17.917,-93.656,0,0.79761,0.36728,47.856,0.735,-1,400.000,-1,400.000,-1,325.000,325.000,300.000,325.000,-1,-1,-1,-1,800.000,800.000,-1,-1,2,0,2,0,2,0,0,0,0,2,2,2,2,0,0,2,2
177,5792.828,-1664.656,-15.731,-92.681,0,0.80038,0.48728,48.023,0.975,-1,400.000,-1,400.000,-1,325.000,325.000,300.000,325.000,-1,-1,-1,-1,800.000,800.000,-1,-1,2,0,2,0,2,0,0,0,0,2,2,2,2,0,0,2,2
178,5791.595,-1712.807,-13.556,-91.466,0,0.80277,0.60728,48.166,1.215,-1,400.000,-1,400.000,-1,325.000,325.000,300.000,325.000,-1,-1,-1,-1,800.000,800.000,-1,-1,2,0,2,0,2,0,0,0,0,2,2,2,2,0,0,2,2
179,5791.431,-1761.088,-11.394,-90.195,0,0.80469,0.63566,48.281,1.271,-1,400.000,-1,400.000,-1,325.000,325.000,300.000,325.000,-1,-1,-1,-1,800.000,825.000,-1,-1,2,0,2,0,2,0,0,0,0,2,2,2,2,0,0,2,2
180,5792.331,-1809.448,-9.249,-88.933,0,0.80615,0.63077,48.369,1.262,-1,400.000,-1,400.000,-1,325.000,325.000,300.000,325.000,-1,-1,-1,-1,800.000,825.000,-1,-1,2,0,2,0,2,0,0,0,0,2,2,2,2,0,0,2,2
181,5794.290,-1857.839,-7.121,-87.682,0,0.80718,0.62571,48.431,1.251,-1,400.000,-1,400.000,-1,325.000,325.000,300.000,325.000,-1,-1,-1,-1,800.000,825.000,-1,-1,2,0,2,0,2,0,0,0,0,2,2,2,2,0,0,2,2
182,5797.299,-1906.211,-5.013,-86.441,0,0.80776,0.62052,48.465,1.241,-1,400.000,-1,400.000,-1,325.000,325.000,300.000,325.000,-1,-1,-1,-1,800.000,825.000,-1,-1,2,0,2,0,2,0,0,0,0,2,2,2,2,0,0,2,2
183,5801.346,-1954.516,-2.993,-85.211,0,0.80790,0.61522,48.474,1.230,-1,400.000,-1,400.000,-1,325.000,325.000,300.000,325.000,-1,-1,-1,-1,800.000,825.000,-1,-1,2,0,2,0,2,0,0,0,0,2,2,2,2,0,0,2,2
184,5806.419,-2002.705,-1.248,-83.991,0,0.80760,0.60986,48.456,1.220,-1,400.000,-1,400.000,-1,325.000,325.000,300.000,325.000,-1,-1,-1,-1,825.000,825.000,-1,-1,2,0,2,0,2,0,0,0,0,2,2,2,2,0,0,2,2
185,5812.501,-2050.734,0.324,-82.782,0,0.80687,0.60447,48.412,1.209,-1,400.000,-1,400.000,-1,325.000,325.000,300.000,300.000,-1,-1,-1,-1,800.000,825.000,-1,-1,2,0,2,0,2,0,0,0,0,2,2,2,2,0,0,2,2
186,5819.577,-2098.558,1.869,-81.584,0,0.80574,0.59912,48.344,1.198,-1,400.000,-1,400.000,-1,325.000,325.000,300.000,300.000,-1,-1,-1,-1,800.000,825.000,-1,-1,2,0,2,0,2,0,0,0,0,2,2,2,2,0,0,2,2
187,5827.691,-2147.668,3.440,-80.618,0,0.82960,0.48260,49.776,0.965,-1,400.000,-1,400.000,-1,325.000,325.000,300.000,300.000,-1,-1,-1,-1,800.000,825.000,-1,-1,2,0,2,0,2,0,0,0,0,2,2,2,2,0,0,2,2
188,5836.577,-2196.410,4.984,-79.668,0,0.82576,0.47505,49.546,0.950,-1,400.000,-1,400.000,-1,325.000,325.000,300.000,300.000,-1,-1,-1,-1,800.000,825.000,-1,-1,2,0,2,0,2,0,0,0,0,2,2,2,2,0,0,2,2
189,5846.207,-2244.735,6.497,-78.730,0,0.82126,0.46922,49.275,0.938,-1,400.000,-1,400.000,-1,325.000,325.000,300.000,300.000,-1,-1,-1,-1,800.000,825.000,-1,-1,2,0,2,0,2,0,0,0,0,2,2,2,2,0,0,2,2
190,5856.554,-2292.599,7.979,-77.801,0,0.81616,0.46431,48.969,0.929,-1,400.000,-1,400.000,-1,325.000,325.000,300.000,300.000,-1,-1,-1,-1,800.000,825.000,-1,-1,2,0,2,0,2,0,0,0,0,2,2,2,2,0,0,2,2
191,5867.593,-2339.964,9.430,-76.881,0,0.81057,0.46032,48.634,0.921,-1,400.000,-1,400.000,-1,325.000,325.000,300.000,300.000,-1,-1,-1,-1,800.000,825.000,-1,-1,2,0,2,0,2,0,0,0,0,2,2,2,2,0,0,2,2
192,5879.300,-2386.799,10.849,-75.966,0,0.80459,0.45725,48.276,0.914,-1,400.000,-1,400.000,-1,325.000,325.000,300.000,300.000,-1,-1,-1,-1,800.000,825.000,-1,-1,2,0,2,0,2,0,0,0,0,2,2,2,2,0,0,2,2
193,5891.652,-2433.079,12.230,-75.056,0,0.79834,0.45509,47.900,0.910,-1,400.000,-1,400.000,-1,325.000,325.000,300.000,300.000,-1,-1,-1,-1,775.000,800.000,-1,-1,2,0,2,0,2,0,0,0,0,2,2,2,2,0,0,2,2
194,5904.631,-2478.787,13.551,-74.148,0,0.79191,0.45384,47.514,0.908,-1,400.000,-1,400.000,975.000,325.000,325.000,300.000,300.000,-1,-1,-1,-1,775.000,800.000,-1,975.000,2,0,2,0,1,0,0,0,0,2,2,2,2,0,0,2,1
195,5918.219,-2523.910,14.832,-73.241,0,0.78541,0.45348,47.125,0.907,-1,400.000,-1,400.000,900.000,325.000,325.000,300.000,300.000,-1,-1,-1,-1,775.000,800.000,-1,925.000,2,0,2,0,1,0,0,0,0,2,2,2,2,0,1,2,1
196,5932.402,-2568.443,15.947,-72.333,0,0.77896,0.45400,46.737,0.908,-1,400.000,-1,400.000,850.000,325.000,325.000,300.000,300.000,-1,-1,-1,-1,775.000,750.000,-1,900.000,2,0,2,0,1,0,0,0,0,2,2,2,2,0,1,2,1
197,5947.171,-2612.386,16.899,-71.423,0,0.77264,0.45536,46.358,0.911,-1,400.000,-1,400.000,825.000,325.000,325.000,300.000,300.000,-1,-1,-1,-1,775.000,725.000,-1,850.000,2,0,2,0,1,0,0,0,0,2,2,2,2,0,1,2,1
198,5964.032,-2660.561,17.937,-70.710,0,0.85069,0.35610,51.041,0.712,-1,400.000,-1,400.000,775.000,325.000,325.000,300.000,300.000,-1,-1,-1,-1,775.000,700.000,-1,825.000,2,0,2,0,1,0,0,0,0,2,2,2,2,0,1,2,1
199,5981.496,-2708.555,18.899,-70.005,0,0.85121,0.35293,51.073,0.706,-1,400.000,-1,400.000,725.000,325.000,325.000,300.000,300.000,-1,-1,-1,-1,775.000,700.000,-1,775.000,2,0,2,0,1,0,0,0,0,2,2,2,2,0,1,2,1
200,5999.554,-2756.356,19.730,-69.305,0,0.85162,0.34995,51.097,0.700,-1,400.000,-1,400.000,675.000,325.000,325.000,300.000,300.000,-1,-1,-1,-1,775.000,675.000,-1,750.000,2,0,2,0,1,0,0,0,0,2,2,2,2,0,1,2,1
201,6018.196,-2803.950,20.472,-68.610,0,0.85193,0.34716,51.116,0.694,-1,400.000,-1,400.000,625.000,325.000,325.000,300.000,300.000,-1,-1,-1,-1,775.000,650.000,-1,725.000,2,0,2,0,1,0,0,0,0,2,2,2,2,0,1,2,1
202,6037.414,-2851.329,21.199,-67.921,0,0.85213,0.34452,51.128,0.689,-1,400.000,-1,400.000,600.000,325.000,325.000,300.000,300.000,-1,-1,-1,-1,775.000,650.000,-1,700.000,2,0,2,0,1,0,0,0,0,2,2,2,2,0,1,2,1
203,6057.199,-2898.481,21.913,-67.237,0,0.85224,0.34202,51.134,0.684,-1,400.000,-1,400.000,550.000,325.000,325.000,300.000,300.000,-1,-1,-1,-1,750.000,675.000,-1,675.000,2,0,2,0,1,0,0,0,0,2,2,2,2,0,1,2,1
204,6077.541,-2945.395,22.613,-66.558,0,0.85224,0.33964,51.135,0.679,-1,400.000,-1,400.000,525.000,325.000,325.000,300.000,300.000,-1,-1,-1,-1,750.000,700.000,-1,700.000,2,0,2,1,1,0,0,0,0,2,2,2,2,0,1,2,1
205,6098.432,-2992.060,23.299,-65.883,0,0.85212,0.33735,51.127,0.675,-1,400.000,-1,400.000,500.000,325.000,325.000,300.000,300.000,-1,-1,-1,-1,750.000,775.000,-1,750.000,2,0,2,1,1,0,0,0,0,2,2,2,2,0,1,2,1
206,6119.860,-3038.463,23.972,-65.213,0,0.85186,0.33515,51.112,0.670,-1,400.000,-1,400.000,475.000,325.000,325.000,300.000,300.000,-1,-1,-1,-1,750.000,800.000,-1,-1,2,0,2,1,1,0,0,0,0,2,2,2,2,0,0,2,2
207,6141.816,-3084.590,24.615,-64.547,0,0.85143,0.33301,51.086,0.666,-1,400.000,-1,400.000,450.000,325.000,325.000,300.000,300.000,-1,-1,-1,-1,750.000,800.000,-1,-1,2,0,2,0,1,0,0,0,0,2,2,2,2,0,0,2,2
208,6164.286,-3130.427,25.248,-63.885,0,0.85081,0.33093,51.049,0.662,-1,400.000,-1,400.000,450.000,325.000,325.000,300.000,300.000,-1,-1,-1,-1,750.000,800.000,-1,-1,2,0,2,0,1,0,0,0,0,2,2,2,2,0,0,2,2
209,6187.258,-3175.958,25.752,-63.227,0,0.84996,0.32890,50.998,0.658,-1,400.000,-1,400.000,450.000,325.000,325.000,300.000,300.000,-1,-1,-1,-1,750.000,800.000,-1,-1,2,0,2,0,1,0,0,0,0,2,2,2,2,0,1,2,2
210,6210.717,-3221.165,26.542,-62.573,0,0.84885,0.32693,50.931,0.654,-1,400.000,-1,400.000,475.000,325.000,325.000,300.000,300.000,-1,-1,-1,-1,750.000,775.000,-1,-1,2,0,2,0,1,0,0,0,0,2,2,2,2,0,1,2,2
211,6234.649,-3266.029,27.517,-61.923,0,0.84747,0.32502,50.848,0.650,-1,400.000,-1,400.000,575.000,325.000,325.000,300.000,300.000,-1,-1,-1,-1,750.000,775.000,-1,-1,2,0,2,0,1,0,0,0,0,2,2,2,2,0,1,2,2
212,6259.037,-3310.532,27.830,-61.277,0,0.84579,0.32320,50.747,0.646,-1,400.000,-1,400.000,-1,325.000,325.000,300.000,300.000,-1,-1,-1,-1,750.000,725.000,-1,-1,2,0,2,0,2,0,0,0,0,2,2,2,2,0,1,2,2
213,6283.864,-3354.655,27.477,-60.634,0,0.84381,0.32149,50.628,0.643,-1,400.000,-1,400.000,-1,325.000,325.000,300.000,275.000,-1,-1,-1,-1,725.000,700.000,-1,975.000,2,0,2,0,2,0,0,0,1,2,2,2,2,0,1,2,1
214,6309.114,-3398.379,27.775,-59.994,0,0.84152,0.31994,50.491,0.640,-1,400.000,1000.000,400.000,-1,325.000,325.000,300.000,250.000,-1,-1,-1,-1,725.000,675.000,-1,875.000,2,0,1,0,2,0,0,0,1,2,2,2,2,0,1,2,1
215,6334.772,-3441.687,28.111,-59.356,0,0.83896,0.31934,50.337,0.639,-1,400.000,950.000,400.000,-1,325.000,325.000,300.000,225.000,-1,-1,-1,-1,725.000,625.000,-1,825.000,2,0,1,0,2,0,0,0,1,2,2,2,2,0,1,2,1
216,6360.833,-3484.556,28.404,-58.704,0,0.83615,0.32594,50.169,0.652,-1,400.000,900.000,400.000,-1,325.000,325.000,300.000,225.000,-1,-1,-1,-1,725.000,600.000,-1,750.000,2,0,1,0,2,0,0,0,1,2,2,2,2,0,1,2,1
217,6387.294,-3526.964,28.627,-58.037,0,0.83311,0.33321,49.987,0.666,-1,400.000,875.000,400.000,-1,325.000,325.000,300.000,200.000,-1,-1,-1,-1,725.000,575.000,-1,675.000,2,0,1,0,2,0,0,0,1,2,2,2,2,0,1,2,1
218,6414.154,-3568.892,28.842,-57.355,0,0.82988,0.34107,49.793,0.682,-1,400.000,825.000,400.000,825.000,325.000,325.000,300.000,200.000,-1,-1,-1,-1,725.000,550.000,-1,625.000,2,0,1,0,1,0,0,0,1,2,2,2,2,0,1,2,1
219,6441.244,-3610.093,29.047,-56.675,0,0.82183,0.33991,49.310,0.680,-1,375.000,775.000,400.000,700.000,325.000,325.000,300.000,200.000,-1,-1,-1,-1,700.000,500.000,-1,575.000,2,0,1,1,1,0,0,0,1,2,2,2,2,0,1,2,1
220,6468.544,-3650.561,29.243,-55.997,0,0.81358,0.33922,48.815,0.678,-1,375.000,750.000,375.000,600.000,325.000,325.000,300.000,225.000,-1,-1,-1,-1,700.000,475.000,1000.000,500.000,2,0,1,1,1,0,0,0,1,2,2,2,2,1,1,1,1
221,6496.036,-3690.293,29.485,-55.319,0,0.80526,0.33898,48.316,0.678,-1,375.000,700.000,350.000,525.000,325.000,325.000,300.000,225.000,-1,-1,-1,-1,650.000,450.000,950.000,450.000,2,0,1,1,1,0,0,0,1,2,2,2,2,1,1,1,1
222,6523.709,-3729.292,29.824,-54.640,0,0.79700,0.33918,47.820,0.678,-1,375.000,675.000,325.000,450.000,325.000,325.000,300.000,250.000,-1,-1,-1,-1,625.000,400.000,900.000,400.000,2,0,1,1,1,0,1,0,1,2,2,2,2,1,1,1,1
223,6551.559,-3767.568,30.728,-53.961,0,0.78892,0.33981,47.335,0.680,-1,375.000,625.000,300.000,375.000,325.000,300.000,300.000,250.000,-1,-1,-1,-1,600.000,375.000,875.000,350.000,2,0,1,1,1,0,1,0,1,2,2,2,2,1,1,1,1
224,6579.581,-3805.135,31.055,-53.279,0,0.78112,0.34086,46.867,0.682,-1,375.000,600.000,275.000,325.000,325.000,275.000,300.000,275.000,-1,-1,-1,-1,575.000,350.000,825.000,300.000,2,0,1,1,1,0,1,0,1,2,2,2,2,1,1,1,1
225,6607.781,-3842.011,30.811,-52.595,0,0.77371,0.34231,46.422,0.685,-1,375.000,550.000,250.000,275.000,300.000,250.000,300.000,300.000,-1,-1,-1,-1,550.000,325.000,800.000,250.000,2,0,1,1,1,1,1,0,1,2,2,2,2,1,1,1,1
226,6639.548,-3882.193,32.848,-51.670,0,0.85371,0.46209,51.222,0.924,-1,375.000,550.000,250.000,225.000,300.000,250.000,300.000,325.000,-1,-1,-1,650.000,525.000,300.000,800.000,225.000,2,1,1,1,1,1,1,0,0,2,2,2,1,1,1,1,1
227,6669.457,-3919.109,36.696,-50.986,0,0.79186,0.34209,47.512,0.684,-1,375.000,550.000,225.000,225.000,300.000,225.000,300.000,350.000,-1,475.000,525.000,500.000,525.000,275.000,800.000,225.000,2,1,1,1,1,1,1,0,1,2,0,0,1,1,1,1,1
228,6699.763,-3955.928,41.038,-50.542,0,0.79479,0.22209,47.687,0.444,-1,350.000,575.000,225.000,200.000,275.000,225.000,275.000,400.000,-1,250.000,375.000,500.000,500.000,275.000,850.000,200.000,2,1,1,1,1,1,1,0,1,2,0,0,1,1,1,1,1
229,6730.305,-3992.765,45.861,-50.338,0,0.79752,0.10209,47.851,0.204,-1,350.000,575.000,225.000,200.000,275.000,225.000,275.000,450.000,-1,150.000,275.000,500.000,500.000,275.000,-1,200.000,2,1,1,1,1,1,1,0,1,2,0,0,1,1,1,2,1
230,6760.921,-4029.739,51.140,-50.374,0,0.80007,-0.01791,48.004,-0.036,-1,350.000,600.000,225.000,200.000,275.000,225.000,275.000,500.000,775.000,100.000,250.000,525.000,500.000,275.000,-1,175.000,2,1,1,1,1,1,1,0,1,0,0,0,1,1,1,2,1
231,6791.450,-4066.971,56.770,-50.649,0,0.80248,-0.13791,48.149,-0.276,-1,325.000,650.000,225.000,175.000,250.000,225.000,250.000,575.000,550.000,75.000,200.000,550.000,500.000,275.000,-1,175.000,2,1,1,1,1,1,1,0,1,0,0,0,1,1,1,2,1
232,6821.729,-4104.584,62.813,-51.165,0,0.80476,-0.25791,48.286,-0.516,-1,325.000,700.000,225.000,175.000,250.000,225.000,250.000,625.000,400.000,50.000,175.000,575.000,500.000,300.000,-1,150.000,2,1,1,1,1,1,1,0,1,0,0,0,1,1,1,2,1
233,9511.017,3607.627,-26.380,-164.214,1,0.00000,0.00000,48.416,-0.756,-1,400.000,-1,400.000,-1,325.000,325.000,300.000,300.000,-1,-1,-1,-1,775.000,800.000,-1,-1,2,0,2,0,2,0,0,0,0,2,2,2,2,0,0,2,2
234,9515.641,3608.914,-26.413,-164.454,0,-0.08000,-0.12000,-4.800,-0.240,-1,400.000,-1,400.000,-1,325.000,325.000,300.000,300.000,-1,-1,-1,-1,775.000,800.000,-1,-1,2,0,2,0,2,0,0,0,0,2,2,2,2,0,0,2,2
235,9524.911,3611.409,-26.481,-164.934,0,-0.16000,-0.24000,-9.600,-0.480,-1,400.000,-1,400.000,-1,325.000,325.000,300.000,300.000,-1,-1,-1,-1,775.000,800.000,-1,-1,2,0,2,0,2,0,0,0,0,2,2,2,2,0,0,2,2
236,9538.189,3614.805,-26.583,-165.654,0,-0.22841,-0.36000,-13.705,-0.720,-1,400.000,-1,400.000,-1,325.000,325.000,300.000,300.000,-1,-1,-1,-1,775.000,800.000,-1,-1,2,0,2,0,2,0,0,0,0,2,2,2,2,0,0,2,2
237,9551.588,3617.994,-26.693,-166.614,0,-0.22957,-0.48000,-13.774,-0.960,-1,400.000,-1,400.000,-1,325.000,325.000,300.000,300.000,-1,-1,-1,-1,775.000,800.000,-1,-1,2,0,2,0,2,0,0,0,0,2,2,2,2,0,0,2,2
238,9565.121,3620.916,-26.811,-167.814,0,-0.23075,-0.60000,-13.845,-1.200,-1,400.000,-1,400.000,-1,325.000,325.000,300.000,300.000,-1,-1,-1,-1,775.000,800.000,-1,-1,2,0,2,0,2,0,0,0,0,2,2,2,2,0,0,2,2
239,9578.794,3623.519,-26.939,-169.221,0,-0.23197,-0.70385,-13.918,-1.408,-1,400.000,-1,400.000,-1,325.000,325.000,300.000,300.000,-1,-1,-1,-1,775.000,800.000,-1,-1,2,0,2,0,2,0,0,0,0,2,2,2,2,0,0,2,2
240,9592.602,3625.798,-27.075,-170.627,0,-0.23325,-0.70276,-13.995,-1.406,-1,400.000,-1,400.000,-1,325.000,325.000,300.000,300.000,-1,-1,-1,-1,775.000,800.000,-1,-1,2,0,2,0,2,0,0,0,0,2,2,2,2,0,0,2,2
241,9606.542,3627.750,-27.219,-172.030,0,-0.23460,-0.70175,-14.076,-1.404,-1,400.000,-1,400.000,-1,325.000,325.000,300.000,300.000,-1,-1,-1,-1,775.000,800.000,-1,-1,2,0,2,0,2,0,0,0,0,2,2,2,2,0,0,2,2
242,9620.611,3629.370,-27.372,-173.432,0,-0.23603,-0.70082,-14.162,-1.402,-1,400.000,-1,400.000,-1,325.000,325.000,300.000,300.000,-1,-1,-1,-1,775.000,800.000,-1,-1,2,0,2,0,2,0,0,0,0,2,2,2,2,0,0,2,2
243,9634.805,3630.654,-27.533,-174.832,0,-0.23754,-0.69997,-14.252,-1.400,-1,400.000,-1,400.000,-1,325.000,325.000,300.000,300.000,-1,-1,-1,-1,775.000,800.000,-1,-1,2,0,2,0,2,0,0,0,0,2,2,2,2,0,0,2,2
244,9649.120,3631.597,-27.702,-176.230,0,-0.23911,-0.69920,-14.346,-1.398,-1,400.000,-1,400.000,-1,325.000,325.000,300.000,300.000,-1,-1,-1,-1,775.000,800.000,-1,-1,2,0,2,0,2,0,0,0,0,2,2,2,2,0,0,2,2
245,9663.552,3632.195,-27.880,-177.627,0,-0.24074,-0.69851,-14.444,-1.397,-1,400.000,-1,400.000,-1,325.000,325.000,300.000,300.000,-1,-1,-1,-1,800.000,800.000,-1,-1,2,0,2,0,2,0,0,0,0,2,2,2,2,0,0,2,2
246,9678.004,3632.441,-28.065,-179.024,0,-0.24090,-0.69845,-14.454,-1.397,-1,400.000,-1,400.000,-1,325.000,325.000,300.000,300.000,-1,-1,-1,-1,800.000,800.000,-1,-1,2,0,2,0,2,0,0,0,0,2,2,2,2,0,0,2,2
247,9692.458,3632.335,-28.256,-180.421,0,-0.24090,-0.69845,-14.454,-1.397,-1,400.000,-1,400.000,-1,325.000,325.000,300.000,300.000,-1,-1,-1,-1,800.000,800.000,-1,-1,2,0,2,0,2,0,0,0,0,2,2,2,2,0,0,2,2
248,9706.905,3631.876,-28.454,-181.818,0,-0.24090,-0.69845,-14.454,-1.397,-1,400.000,-1,400.000,-1,325.000,325.000,300.000,300.000,-1,-1,-1,-1,800.000,800.000,-1,-1,2,0,2,0,2,0,0,0,0,2,2,2,2,0,0,2,2
249,9721.336,3631.066,-28.658,-183.215,0,-0.24090,-0.69845,-14.454,-1.397,-1,400.000,-1,400.000,-1,325.000,325.000,300.000,300.000,-1,-1,-1,-1,800.000,800.000,-1,-1,2,0,2,0,2,0,0,0,0,2,2,2,2,0,0,2,2
250,9735.743,3629.904,-28.868,-184.612,0,-0.24090,-0.69845,-14.454,-1.397,-1,400.000,-1,400.000,-1,325.000,325.000,300.000,300.000,-1,-1,-1,-1,800.000,800.000,-1,-1,2,0,2,0,2,0,0,0,0,2,2,2,2,0,0,2,2
251,9750.151,3628.388,-29.085,-186.007,0,-0.24145,-0.69765,-14.487,-1.395,-1,400.000,-1,400.000,-1,325.000,325.000,300.000,300.000,-1,-1,-1,-1,800.000,800.000,-1,-1,2,0,2,0,2,0,0,0,0,2,2,2,2,0,0,2,2
252,9764.600,3626.511,-29.309,-187.398,0,-0.24284,-0.69565,-14.570,-1.391,-1,400.000,-1,400.000,-1,325.000,325.000,300.000,300.000,-1,-1,-1,-1,800.000,800.000,-1,-1,2,0,2,0,2,0,0,0,0,2,2,2,2,0,0,2,2
253,9779.085,3624.273,-29.541,-188.786,0,-0.24428,-0.69362,-14.657,-1.387,-1,400.000,-1,400.000,-1,325.000,325.000,300.000,300.000,-1,-1,-1,-1,800.000,800.000,-1,-1,2,0,2,0,2,0,0,0,0,2,2,2,2,0,0,2,2
254,9793.601,3621.669,-29.798,-190.169,0,-0.24579,-0.69155,-14.748,-1.383,-1,400.000,-1,400.000,-1,325.000,325.000,300.000,300.000,-1,-1,-1,-1,800.000,800.000,-1,-1,2,0,2,0,2,0,0,0,0,2,2,2,2,0,0,2,2
255,9803.355,3619.718,-30.010,-191.312,0,-0.16579,-0.57155,-9.948,-1.143,-1,400.000,-1,400.000,-1,325.000,325.000,300.000,300.000,-1,-1,-1,-1,800.000,775.000,-1,-1,2,0,2,0,2,0,0,0,0,2,2,2,2,0,0,2,2
256,9808.386,3618.629,-30.145,-192.215,0,-0.08579,-0.45155,-5.148,-0.903,-1,400.000,-1,400.000,-1,325.000,325.000,300.000,300.000,-1,-1,-1,-1,800.000,775.000,-1,-1,2,0,2,0,2,0,0,0,0,2,2,2,2,0,0,2,2
257,9808.725,3618.551,-30.165,-192.878,0,-0.00579,-0.33155,-0.348,-0.663,-1,400.000,-1,400.000,-1,325.000,325.000,300.000,300.000,-1,-1,-1,-1,800.000,775.000,-1,-1,2,0,2,0,2,0,0,0,0,2,2,2,2,0,0,2,2
258,9804.392,3619.576,-30.062,-193.301,0,0.07421,-0.21155,4.452,-0.423,-1,400.000,-1,400.000,-1,325.000,325.000,300.000,300.000,-1,-1,-1,-1,800.000,775.000,-1,-1,2,0,2,0,2,0,0,0,0,2,2,2,2,0,0,2,2
259,9795.394,3621.733,-29.846,-193.484,0,0.15421,-0.09155,9.252,-0.183,-1,400.000,-1,400.000,-1,325.000,325.000,300.000,300.000,-1,-1,-1,-1,800.000,775.000,-1,-1,2,0,2,0,2,0,0,0,0,2,2,2,2,0,0,2,2
260,9781.726,3624.996,-29.545,-193.427,0,0.23421,0.02845,14.052,0.057,-1,400.000,-1,400.000,-1,325.000,325.000,300.000,300.000,-1,-1,-1,-1,800.000,775.000,-1,-1,2,0,2,0,2,0,0,0,0,2,2,2,2,0,0,2,2
261,9763.367,3629.279,-29.169,-193.130,0,0.31421,0.14845,18.852,0.297,-1,400.000,-1,400.000,-1,325.000,325.000,300.000,300.000,-1,-1,-1,-1,800.000,775.000,-1,-1,2,0,2,0,2,0,0,0,0,2,2,2,2,0,0,2,2
262,9740.283,3634.436,-28.750,-192.594,0,0.39421,0.26845,23.652,0.537,-1,400.000,-1,400.000,-1,325.000,325.000,300.000,300.000,-1,-1,-1,-1,800.000,775.000,-1,-1,2,0,2,0,2,0,0,0,0,2,2,2,2,0,0,2,2
263,9712.445,3640.316,-28.251,-191.926,0,0.47421,0.33366,28.452,0.667,-1,400.000,-1,400.000,-1,325.000,325.000,300.000,300.000,-1,-1,-1,-1,800.000,800.000,-1,-1,2,0,2,0,2,0,0,0,0,2,2,2,2,0,0,2,2
264,9679.833,3646.809,-27.672,-191.261,0,0.55421,0.33272,33.252,0.665,-1,400.000,-1,400.000,-1,325.000,325.000,300.000,300.000,-1,-1,-1,-1,800.000,800.000,-1,-1,2,0,2,0,2,0,0,0,0,2,2,2,2,0,0,2,2
265,9642.429,3653.806,-27.015,-190.595,0,0.63421,0.33272,38.052,0.665,-1,400.000,-1,400.000,-1,325.000,325.000,300.000,300.000,-1,-1,-1,-1,800.000,800.000,-1,-1,2,0,2,0,2,0,0,0,0,2,2,2,2,0,0,2,2
266,9600.219,3661.196,-26.283,-189.930,0,0.71421,0.33254,42.852,0.665,-1,400.000,-1,400.000,-1,325.000,325.000,300.000,300.000,-1,-1,-1,-1,800.000,800.000,-1,-1,2,0,2,0,2,0,0,0,0,2,2,2,2,0,0,2,2
267,9553.188,3668.869,-25.476,-189.267,0,0.79421,0.33189,47.652,0.664,-1,400.000,-1,400.000,-1,325.000,325.000,300.000,300.000,-1,-1,-1,-1,775.000,800.000,-1,-1,2,0,2,0,2,0,0,0,0,2,2,2,2,0,0,2,2
268,9501.326,3676.717,-24.596,-188.605,0,0.87421,0.33099,52.452,0.662,-1,400.000,-1,400.000,-1,325.000,325.000,300.000,300.000,-1,-1,-1,-1,775.000,800.000,-1,-1,2,0,2,0,2,0,0,0,0,2,2,2,2,0,0,2,2
269,9448.177,3684.134,-23.706,-187.945,0,0.89440,0.32981,53.664,0.660,-1,400.000,-1,400.000,-1,325.000,325.000,300.000,300.000,-1,-1,-1,-1,775.000,800.000,-1,-1,2,0,2,0,2,0,0,0,0,2,2,2,2,0,0,2,2
270,9394.540,3690.994,-22.819,-187.288,0,0.90123,0.32839,54.074,0.657,-1,400.000,-1,400.000,-1,325.000,325.000,300.000,300.000,-1,-1,-1,-1,775.000,800.000,-1,-1,2,0,2,0,2,0,0,0,0,2,2,2,2,0,0,2,2
271,9340.422,3697.289,-21.936,-186.635,0,0.90805,0.32673,54.483,0.653,-1,400.000,-1,400.000,-1,325.000,325.000,300.000,300.000,-1,-1,-1,-1,775.000,800.000,-1,-1,2,0,2,0,2,0,0,0,0,2,2,2,2,0,0,2,2
272,9285.830,3703.012,-21.058,-185.985,0,0.91485,0.32481,54.891,0.650,-1,400.000,-1,400.000,-1,325.000,325.000,300.000,300.000,-1,-1,-1,-1,775.000,800.000,-1,-1,2,0,2,0,2,0,0,0,0,2,2,2,2,0,0,2,2
273,9230.772,3708.159,-20.184,-185.340,0,0.92162,0.32262,55.297,0.645,-1,400.000,-1,400.000,-1,325.000,325.000,300.000,300.000,-1,-1,-1,-1,750.000,800.000,-1,-1,2,0,2,0,2,0,0,0,0,2,2,2,2,0,0,2,2
274,9175.259,3712.722,-19.385,-184.700,0,0.92834,0.32013,55.700,0.640,-1,400.000,-1,400.000,-1,325.000,325.000,300.000,300.000,-1,-1,-1,-1,750.000,775.000,-1,-1,2,0,2,0,2,0,0,0,0,2,2,2,2,0,1,2,2
275,9119.301,3716.699,-18.894,-184.065,0,0.93499,0.31734,56.100,0.635,-1,400.000,-1,400.000,-1,325.000,325.000,300.000,300.000,-1,-1,-1,-1,750.000,750.000,-1,-1,2,0,2,0,2,0,0,0,0,2,2,2,2,0,1,2,2
276,9062.908,3720.085,-18.463,-183.436,0,0.94156,0.31422,56.494,0.628,-1,400.000,-1,400.000,-1,325.000,325.000,300.000,300.000,-1,-1,-1,-1,750.000,725.000,-1,975.000,2,0,2,0,2,0,0,0,0,2,2,2,2,0,1,2,1
277,9006.095,3722.879,-18.043,-182.815,0,0.94803,0.31074,56.882,0.621,-1,400.000,-1,400.000,-1,325.000,325.000,300.000,300.000,-1,-1,-1,-1,750.000,675.000,-1,900.000,2,0,2,0,2,0,0,0,0,2,2,2,2,0,1,2,1
278,8948.876,3725.078,-17.634,-182.201,0,0.95436,0.30689,57.261,0.614,-1,400.000,-1,400.000,950.000,325.000,325.000,300.000,300.000,-1,-1,-1,-1,750.000,650.000,-1,850.000,2,0,2,0,1,0,0,0,0,2,2,2,2,0,1,2,1
279,8891.267,3726.683,-17.235,-181.596,0,0.96052,0.30263,57.631,0.605,-1,400.000,-1,400.000,850.000,325.000,325.000,300.000,300.000,-1,-1,-1,-1,725.000,625.000,-1,800.000,2,0,2,0,1,0,0,0,0,2,2,2,2,0,1,2,1
280,8838.448,3727.818,-16.876,-181.231,0,0.88052,0.18263,52.831,0.365,-1,400.000,-1,400.000,800.000,325.000,325.000,300.000,300.000,-1,-1,-1,-1,725.000,600.000,-1,750.000,2,0,2,1,1,0,0,0,0,2,2,2,2,0,1,2,1
281,8790.426,3728.744,-16.551,-181.105,0,0.80052,0.06263,48.031,0.125,-1,375.000,-1,375.000,725.000,325.000,325.000,300.000,300.000,-1,-1,-1,-1,725.000,575.000,-1,700.000,2,0,2,1,1,1,1,0,0,2,2,2,2,0,1,2,1
282,8747.204,3729.665,-16.259,-181.220,0,0.72052,-0.05737,43.231,-0.115,-1,375.000,-1,375.000,675.000,325.000,325.000,300.000,300.000,-1,-1,-1,-1,725.000,575.000,-1,650.000,2,0,2,1,1,1,1,0,0,2,2,2,2,0,1,2,1
283,8708.788,3730.721,-15.998,-181.575,0,0.64052,-0.17737,38.431,-0.355,-1,375.000,-1,350.000,625.000,325.000,300.000,300.000,300.000,-1,-1,-1,-1,725.000,550.000,-1,625.000,2,0,2,1,1,1,1,0,0,2,2,2,2,0,1,2,1
284,8675.178,3731.937,-15.767,-182.072,0,0.56052,-0.24873,33.631,-0.497,-1,375.000,-1,350.000,600.000,300.000,300.000,300.000,300.000,-1,-1,-1,-1,725.000,525.000,-1,575.000,2,0,2,1,1,1,1,0,0,2,2,2,2,0,1,2,1
285,8646.376,3733.232,-15.566,-182.573,0,0.48052,-0.25058,28.831,-0.501,-1,375.000,-1,350.000,575.000,300.000,300.000,300.000,300.000,-1,-1,-1,-1,725.000,525.000,-1,550.000,2,0,2,1,1,1,1,0,0,2,2,2,2,0,1,2,1
286,8622.380,3734.522,-15.397,-183.078,0,0.40052,-0.25203,24.031,-0.504,-1,375.000,-1,350.000,550.000,300.000,300.000,300.000,300.000,-1,-1,-1,-1,725.000,500.000,-1,525.000,2,0,2,1,1,1,1,0,0,2,2,2,2,0,1,2,1
287,8603.186,3735.724,-15.261,-183.584,0,0.32052,-0.25307,19.231,-0.506,-1,375.000,-1,325.000,525.000,300.000,300.000,300.000,300.000,-1,-1,-1,-1,725.000,500.000,-1,500.000,2,0,2,1,1,1,1,0,0,2,2,2,2,0,1,2,1
288,8588.791,3736.754,-15.159,-184.091,0,0.24052,-0.25366,14.431,-0.507,-1,375.000,-1,325.000,525.000,300.000,275.000,300.000,300.000,-1,-1,-1,-1,725.000,500.000,-1,500.000,2,0,2,1,1,1,1,0,0,2,2,2,2,0,1,2,1
289,8579.191,3737.526,-15.092,-184.599,0,0.16052,-0.25380,9.631,-0.508,-1,375.000,-1,325.000,500.000,300.000,275.000,300.000,300.000,-1,-1,-1,-1,725.000,475.000,-1,500.000,2,0,2,1,1,1,1,0,0,2,2,2,2,0,1,2,1
290,8574.379,3737.956,-15.062,-185.106,0,0.08052,-0.25348,4.831,-0.507,-1,375.000,-1,325.000,500.000,300.000,275.000,300.000,300.000,-1,-1,-1,-1,725.000,475.000,-1,475.000,2,0,2,1,1,1,1,0,0,2,2,2,2,0,1,2,1
291,8574.348,3737.959,-15.069,-185.611,0,0.00052,-0.25270,0.031,-0.505,-1,375.000,-1,325.000,500.000,300.000,275.000,300.000,300.000,-1,-1,-1,-1,725.000,475.000,-1,475.000,2,0,2,1,1,1,1,0,0,2,2,2,2,0,1,2,1
292,8577.050,3737.669,-15.098,-186.114,0,-0.04529,-0.25149,-2.718,-0.503,-1,375.000,-1,325.000,525.000,300.000,275.000,300.000,300.000,-1,-1,-1,-1,725.000,475.000,-1,500.000,2,1,2,1,1,1,1,0,0,2,2,2,2,0,1,2,1
293,8579.740,3737.357,-15.127,-186.614,0,-0.04513,-0.25004,-2.708,-0.500,-1,375.000,-1,325.000,525.000,300.000,275.000,300.000,300.000,-1,-1,-1,-1,725.000,475.000,-1,500.000,2,1,2,1,1,1,1,0,0,2,2,2,2,0,1,2,1
294,8582.418,3737.023,-15.157,-187.111,0,-0.04499,-0.24861,-2.699,-0.497,-1,375.000,-1,325.000,550.000,300.000,275.000,300.000,300.000,-1,-1,-1,-1,725.000,475.000,-1,500.000,2,1,2,1,1,1,1,0,0,2,2,2,2,0,1,2,1
295,8585.086,3736.667,-15.186,-187.606,0,-0.04486,-0.24719,-2.691,-0.494,-1,375.000,-1,325.000,550.000,300.000,275.000,300.000,300.000,-1,-1,-1,-1,725.000,475.000,-1,500.000,2,1,2,1,1,1,1,0,0,2,2,2,2,0,1,2,1
296,8587.744,3736.289,-15.216,-188.097,0,-0.04475,-0.24580,-2.685,-0.492,-1,375.000,-1,325.000,550.000,300.000,275.000,300.000,300.000,-1,-1,-1,-1,725.000,475.000,-1,500.000,2,1,2,1,1,1,1,0,0,2,2,2,2,0,1,2,1
297,8590.393,3735.889,-15.247,-188.586,0,-0.04465,-0.24441,-2.679,-0.489,-1,375.000,-1,325.000,575.000,300.000,275.000,300.000,300.000,-1,-1,-1,-1,725.000,475.000,-1,500.000,2,1,2,1,1,1,1,0,0,2,2,2,2,0,1,2,1
298,8593.034,3735.467,-15.277,-189.072,0,-0.04458,-0.24305,-2.675,-0.486,-1,375.000,-1,325.000,575.000,300.000,275.000,300.000,300.000,-1,-1,-1,-1,725.000,475.000,-1,525.000,2,1,2,1,1,1,1,0,0,2,2,2,2,0,1,2,1
299,8595.668,3735.024,-15.308,-189.556,0,-0.04451,-0.24170,-2.671,-0.483,-1,375.000,-1,325.000,600.000,300.000,275.000,300.000,300.000,-1,-1,-1,-1,725.000,500.000,-1,525.000,2,1,2,1,1,1,1,0,0,2,2,2,2,0,1,2,1
