timestep,x_cm,y_cm,z_cm,yaw_deg,teleport_flag,throttle_cmd,steering_cmd,cmd_move_cm,cmd_turn_deg,lidar_cm_0,lidar_cm_1,lidar_cm_2,lidar_cm_3,lidar_cm_4,lidar_cm_5,lidar_cm_6,lidar_cm_7,lidar_cm_8,lidar_cm_9,lidar_cm_10,lidar_cm_11,lidar_cm_12,lidar_cm_13,lidar_cm_14,lidar_cm_15,lidar_cm_16,lidar_class_0,lidar_class_1,lidar_class_2,lidar_class_3,lidar_class_4,lidar_class_5,lidar_class_6,lidar_class_7,lidar_class_8,lidar_class_9,lidar_class_10,lidar_class_11,lidar_class_12,lidar_class_13,lidar_class_14,lidar_class_15,lidar_class_16
0,-7539.080,-6228.928,-313.601,-149.609,1,-0.08000,-0.12000,-4.800,-0.240,-1,350.000,-1,400.000,-1,300.000,325.000,300.000,325.000,-1,350.000,225.000,975.000,650.000,825.000,-1,-1,2,0,2,0,2,0,0,0,0,2,0,0,0,0,0,2,2
1,-7530.759,-6224.140,-314.289,-150.089,0,-0.16000,-0.24000,-9.600,-0.480,-1,350.000,-1,400.000,-1,300.000,325.000,300.000,325.000,-1,350.000,225.000,950.000,650.000,825.000,-1,-1,2,0,2,0,2,0,0,0,0,2,0,0,0,0,0,2,2
2,-7519.963,-6218.109,-315.177,-150.809,0,-0.20610,-0.36000,-12.366,-0.720,-1,350.000,-1,400.000,-1,300.000,325.000,300.000,325.000,-1,350.000,225.000,950.000,650.000,825.000,-1,-1,2,0,2,0,2,0,0,0,0,2,0,0,0,0,0,2,2
3,-7509.073,-6212.251,-316.067,-151.724,0,-0.20610,-0.45782,-12.366,-0.916,-1,350.000,-1,400.000,-1,300.000,325.000,300.000,325.000,-1,350.000,225.000,925.000,650.000,825.000,-1,-1,2,0,2,0,2,0,0,0,0,2,0,0,0,0,0,2,2
4,-7498.090,-6206.568,-316.964,-152.640,0,-0.20610,-0.45782,-12.366,-0.916,-1,350.000,-1,400.000,-1,300.000,325.000,300.000,325.000,-1,350.000,225.000,925.000,650.000,825.000,-1,-1,2,0,2,0,2,0,0,0,0,2,0,0,0,0,0,2,2
5,-7487.018,-6201.061,-317.870,-153.556,0,-0.20610,-0.45782,-12.366,-0.916,-1,350.000,-1,400.000,-1,300.000,325.000,300.000,325.000,-1,350.000,250.000,900.000,650.000,825.000,-1,-1,2,0,2,0,2,0,0,0,0,2,0,0,0,0,0,2,2
6,-7475.859,-6195.732,-318.784,-154.471,0,-0.20610,-0.45782,-12.366,-0.916,-1,350.000,-1,400.000,-1,300.000,325.000,300.000,325.000,-1,350.000,250.000,900.000,650.000,825.000,-1,-1,2,0,2,0,2,0,0,0,0,2,0,0,0,0,0,2,2
7,-7464.617,-6190.582,-319.706,-155.387,0,-0.20610,-0.45782,-12.366,-0.916,-1,350.000,-1,400.000,-1,300.000,325.000,275.000,325.000,-1,350.000,250.000,900.000,650.000,850.000,-1,-1,2,0,2,0,2,0,0,0,0,2,0,0,0,0,0,2,2
8,-7453.294,-6185.612,-320.636,-156.303,0,-0.20610,-0.45782,-12.366,-0.916,-1,350.000,-1,400.000,-1,300.000,325.000,275.000,325.000,-1,350.000,250.000,875.000,650.000,850.000,-1,-1,2,0,2,0,2,0,0,0,0,2,0,0,0,0,0,2,2
9,-7441.892,-6180.824,-321.575,-157.218,0,-0.20610,-0.45782,-12.366,-0.916,-1,350.000,-1,400.000,-1,300.000,325.000,275.000,325.000,-1,350.000,275.000,875.000,650.000,850.000,-1,-1,2,0,2,0,2,0,0,0,0,2,0,0,0,0,0,2,2
10,-7430.416,-6176.218,-322.523,-158.134,0,-0.20610,-0.45782,-12.366,-0.916,-1,350.000,-1,400.000,-1,300.000,325.000,275.000,325.000,-1,350.000,275.000,875.000,650.000,850.000,-1,-1,2,0,2,0,2,0,0,0,0,2,0,0,0,0,0,2,2
11,-7418.868,-6171.796,-323.479,-159.050,0,-0.20610,-0.45782,-12.366,-0.916,-1,375.000,-1,400.000,-1,300.000,325.000,275.000,325.000,-1,350.000,275.000,850.000,650.000,850.000,-1,-1,2,0,2,0,2,0,0,0,0,2,0,0,0,0,0,2,2
12,-7407.250,-6167.560,-324.444,-159.965,0,-0.20610,-0.45782,-12.366,-0.916,-1,375.000,-1,400.000,-1,300.000,325.000,275.000,325.000,-1,350.000,275.000,850.000,650.000,850.000,-1,-1,2,0,2,0,2,0,0,0,0,2,0,0,0,0,0,2,2
13,-7395.566,-6163.510,-325.418,-160.881,0,-0.20610,-0.45782,-12.366,-0.916,-1,375.000,-1,400.000,-1,300.000,325.000,275.000,325.000,-1,350.000,275.000,850.000,650.000,850.000,-1,-1,2,0,2,0,2,0,0,0,0,2,0,0,0,0,0,2,2
14,-7383.819,-6159.647,-326.401,-161.796,0,-0.20610,-0.45782,-12.366,-0.916,-1,375.000,-1,400.000,-1,300.000,325.000,275.000,325.000,-1,375.000,275.000,850.000,650.000,875.000,-1,-1,2,0,2,0,2,0,0,0,0,2,0,0,0,0,0,2,2
15,-7372.012,-6155.972,-327.394,-162.712,0,-0.20610,-0.45782,-12.366,-0.916,-1,375.000,-1,400.000,-1,300.000,325.000,275.000,325.000,-1,375.000,275.000,825.000,650.000,875.000,-1,-1,2,0,2,0,2,0,0,0,0,2,0,0,0,0,0,2,2
16,-7360.147,-6152.486,-328.396,-163.628,0,-0.20610,-0.45782,-12.366,-0.916,-1,375.000,-1,400.000,-1,300.000,325.000,275.000,325.000,-1,375.000,275.000,825.000,650.000,875.000,-1,-1,2,0,2,0,2,0,0,0,0,2,0,0,0,0,0,2,2
17,-7348.229,-6149.190,-329.407,-164.543,0,-0.20610,-0.45782,-12.366,-0.916,-1,375.000,-1,400.000,-1,300.000,325.000,275.000,325.000,-1,375.000,275.000,825.000,650.000,875.000,-1,-1,2,0,2,0,2,0,0,0,0,2,0,0,0,0,0,2,2
18,-7336.259,-6146.086,-330.429,-165.459,0,-0.20610,-0.45782,-12.366,-0.916,-1,375.000,-1,425.000,-1,300.000,325.000,275.000,325.000,-1,375.000,275.000,825.000,650.000,875.000,-1,-1,2,0,2,0,2,0,0,0,0,2,0,0,0,0,0,2,2
19,-7324.241,-6143.173,-331.460,-166.375,0,-0.20610,-0.45782,-12.366,-0.916,-1,375.000,-1,425.000,-1,325.000,325.000,275.000,300.000,-1,375.000,275.000,825.000,650.000,875.000,-1,-1,2,0,2,0,2,0,0,0,0,2,0,0,0,0,0,2,2
20,-7316.855,-6141.532,-332.095,-167.476,0,-0.12610,-0.55093,-7.566,-1.102,-1,375.000,-1,425.000,-1,325.000,325.000,275.000,300.000,-1,375.000,275.000,825.000,650.000,875.000,-1,-1,2,0,2,0,2,0,0,0,0,2,0,0,0,0,0,2,2
21,-7314.144,-6140.984,-332.329,-168.578,0,-0.04610,-0.55093,-2.766,-1.102,-1,375.000,-1,425.000,-1,325.000,325.000,275.000,300.000,-1,400.000,300.000,825.000,650.000,900.000,-1,-1,2,0,2,0,2,0,0,0,0,2,0,0,0,0,0,2,2
22,-7316.145,-6141.349,-332.152,-169.680,0,0.03390,-0.55093,2.034,-1.102,-1,375.000,-1,425.000,-1,325.000,325.000,275.000,300.000,-1,425.000,300.000,825.000,650.000,900.000,-1,-1,2,0,2,0,2,0,0,0,0,2,0,0,0,0,0,2,2
23,-7322.891,-6142.443,-331.552,-170.782,0,0.11390,-0.55093,6.834,-1.102,-1,375.000,-1,425.000,-1,325.000,325.000,275.000,300.000,-1,450.000,325.000,825.000,650.000,900.000,-1,-1,2,0,2,0,2,0,0,0,0,2,0,0,0,0,0,2,2
24,-7334.408,-6144.086,-330.520,-171.884,0,0.19390,-0.55093,11.634,-1.102,-1,375.000,-1,425.000,-1,325.000,325.000,275.000,300.000,-1,475.000,350.000,825.000,650.000,900.000,-1,-1,2,0,2,0,2,0,0,0,0,2,0,0,0,0,0,2,2
25,-7350.719,-6146.093,-329.044,-172.986,0,0.27390,-0.55093,16.434,-1.102,-1,375.000,-1,425.000,-1,325.000,325.000,275.000,300.000,-1,525.000,375.000,825.000,675.000,900.000,-1,-1,2,0,2,0,2,0,0,0,0,2,0,0,0,0,0,2,2
26,-7371.840,-6148.280,-327.112,-174.088,0,0.35390,-0.55093,21.234,-1.102,-1,375.000,-1,425.000,-1,325.000,325.000,275.000,300.000,-1,575.000,400.000,825.000,675.000,925.000,-1,-1,2,0,2,0,2,0,0,0,0,2,0,0,0,0,0,2,2
27,-7397.783,-6150.463,-324.715,-175.190,0,0.43390,-0.55093,26.034,-1.102,-1,375.000,-1,425.000,-1,325.000,325.000,275.000,300.000,-1,625.000,450.000,850.000,700.000,925.000,-1,-1,2,0,2,0,2,0,0,0,0,2,0,0,0,0,0,2,2
28,-7428.552,-6152.458,-321.844,-176.291,0,0.51390,-0.55093,30.834,-1.102,-1,375.000,-1,425.000,-1,325.000,325.000,275.000,300.000,-1,700.000,500.000,850.000,700.000,925.000,-1,-1,2,0,2,0,2,0,0,0,0,2,0,0,0,0,0,2,2
29,-7464.149,-6154.078,-318.491,-177.393,0,0.59390,-0.55093,35.634,-1.102,-1,375.000,-1,425.000,-1,325.000,325.000,275.000,300.000,-1,775.000,550.000,875.000,725.000,925.000,-1,-1,2,0,2,0,2,0,0,0,0,2,0,0,0,0,0,2,2
30,-7504.570,-6155.140,-314.650,-178.495,0,0.67390,-0.55093,40.434,-1.102,-1,375.000,-1,425.000,-1,325.000,325.000,275.000,300.000,-1,875.000,625.000,875.000,725.000,950.000,-1,-1,2,0,2,0,2,0,0,0,0,2,0,0,0,0,0,2,2
31,-7549.802,-6155.458,-310.318,-179.597,0,0.75390,-0.55093,45.234,-1.102,-1,375.000,-1,425.000,-1,325.000,325.000,275.000,300.000,-1,975.000,700.000,900.000,750.000,950.000,-1,-1,2,0,2,0,2,0,0,0,0,2,0,0,0,0,0,2,2
32,-7599.833,-6154.848,-305.496,-180.699,0,0.83390,-0.55093,50.034,-1.102,-1,375.000,-1,425.000,-1,325.000,325.000,275.000,300.000,-1,-1,800.000,900.000,775.000,950.000,-1,-1,2,0,2,0,2,0,0,0,0,2,2,0,0,0,0,2,2
33,-7654.640,-6153.125,-300.185,-181.801,0,0.91390,-0.55093,54.834,-1.102,-1,400.000,-1,425.000,-1,325.000,325.000,275.000,300.000,-1,-1,925.000,925.000,775.000,950.000,-1,-1,2,0,2,0,2,0,0,0,0,2,2,0,0,0,0,2,2
34,-7712.216,-6150.206,-294.588,-182.903,0,0.96083,-0.55093,57.650,-1.102,-1,400.000,-1,425.000,-1,325.000,325.000,275.000,300.000,-1,-1,-1,950.000,800.000,950.000,-1,-1,2,0,2,0,2,0,0,0,0,2,2,2,0,0,0,2,2
35,-7769.725,-6146.180,-288.987,-184.004,0,0.96083,-0.55093,57.650,-1.102,-1,400.000,-1,425.000,-1,325.000,350.000,275.000,300.000,-1,-1,-1,975.000,800.000,950.000,-1,-1,2,0,2,0,2,0,0,0,0,2,2,2,0,0,0,2,2
36,-7827.146,-6141.049,-283.394,-185.106,0,0.96083,-0.55093,57.650,-1.102,-1,400.000,-1,425.000,-1,325.000,350.000,275.000,300.000,-1,-1,-1,1000.000,825.000,950.000,-1,-1,2,0,2,0,2,0,0,0,0,2,2,2,0,0,0,2,2
37,-7884.458,-6134.815,-278.198,-186.208,0,0.96083,-0.55093,57.650,-1.102,-1,400.000,-1,425.000,-1,325.000,350.000,275.000,300.000,-1,-1,-1,-1,825.000,950.000,-1,-1,2,0,2,0,2,0,0,0,0,2,2,2,2,0,0,2,2
38,-7941.640,-6127.479,-273.387,-187.310,0,0.96083,-0.55093,57.650,-1.102,-1,400.000,-1,425.000,-1,325.000,350.000,275.000,300.000,-1,-1,-1,-1,825.000,925.000,-1,-1,2,0,2,0,2,0,0,0,0,2,2,2,2,0,0,2,2
39,-7998.669,-6119.046,-268.661,-188.412,0,0.96083,-0.55093,57.650,-1.102,-1,400.000,-1,425.000,-1,325.000,350.000,275.000,300.000,-1,-1,-1,-1,825.000,925.000,-1,-1,2,0,2,0,2,0,0,0,0,2,2,2,2,0,0,2,2
40,-8055.527,-6109.517,-263.954,-189.514,0,0.96083,-0.55093,57.650,-1.102,-1,400.000,-1,425.000,-1,325.000,350.000,275.000,300.000,-1,-1,-1,-1,825.000,900.000,-1,-1,2,0,2,0,2,0,0,0,0,2,2,2,2,0,0,2,2
41,-8107.512,-6099.999,-259.657,-190.376,0,0.88083,-0.43093,52.850,-0.862,-1,400.000,-1,425.000,-1,325.000,325.000,275.000,300.000,-1,-1,-1,-1,825.000,875.000,-1,-1,2,0,2,0,2,0,0,0,0,2,2,2,2,0,0,2,2
42,-8154.680,-6090.833,-255.770,-190.997,0,0.80083,-0.31093,48.050,-0.622,-1,400.000,-1,425.000,-1,325.000,325.000,275.000,300.000,-1,-1,-1,-1,800.000,850.000,-1,-1,2,0,2,0,2,0,0,0,0,2,2,2,2,0,0,2,2
43,-8197.080,-6082.299,-252.289,-191.379,0,0.72083,-0.19093,43.250,-0.382,-1,400.000,-1,425.000,-1,325.000,325.000,275.000,300.000,-1,-1,-1,-1,800.000,850.000,-1,-1,2,0,2,0,2,0,0,0,0,2,2,2,2,0,0,2,2
44,-8236.795,-6074.204,-249.043,-191.521,0,0.67554,-0.07093,40.532,-0.142,-1,400.000,-1,425.000,-1,325.000,325.000,275.000,300.000,-1,-1,-1,-1,800.000,825.000,-1,-1,2,0,2,0,2,0,0,0,0,2,2,2,2,0,0,2,2
45,-8276.524,-6066.176,-245.815,-191.423,0,0.67554,0.04907,40.532,0.098,-1,400.000,-1,400.000,-1,325.000,325.000,300.000,300.000,-1,-1,-1,-1,800.000,825.000,-1,-1,2,0,2,0,2,0,0,0,0,2,2,2,2,0,0,2,2
46,-8316.300,-6058.383,-242.604,-191.085,0,0.67554,0.16907,40.532,0.338,-1,400.000,-1,400.000,-1,325.000,325.000,300.000,300.000,-1,-1,-1,-1,775.000,800.000,-1,-1,2,0,2,0,2,0,0,0,0,2,2,2,2,0,0,2,2
47,-8356.230,-6050.810,-239.403,-190.739,0,0.67736,0.17275,40.642,0.345,-1,400.000,-1,400.000,-1,325.000,325.000,300.000,300.000,-1,-1,-1,-1,775.000,800.000,-1,-1,2,0,2,0,2,0,0,0,0,2,2,2,2,0,0,2,2
48,-8396.355,-6043.449,-236.208,-190.396,0,0.67991,0.17170,40.794,0.343,-1,400.000,-1,400.000,-1,325.000,325.000,300.000,300.000,-1,-1,-1,-1,775.000,800.000,-1,-1,2,0,2,0,2,0,0,0,0,2,2,2,2,0,0,2,2
49,-8436.671,-6036.300,-233.017,-190.055,0,0.68242,0.17058,40.945,0.341,-1,400.000,-1,400.000,-1,325.000,325.000,300.000,300.000,-1,-1,-1,-1,775.000,775.000,-1,-1,2,0,2,0,2,0,0,0,0,2,2,2,2,0,0,2,2
50,-8477.176,-6029.365,-229.898,-189.716,0,0.68490,0.16939,41.094,0.339,-1,400.000,-1,400.000,-1,325.000,325.000,300.000,300.000,-1,-1,-1,-1,775.000,775.000,-1,-1,2,0,2,0,2,0,0,0,0,2,2,2,2,0,0,2,2
51,-8517.865,-6022.643,-227.077,-189.380,0,0.68734,0.16811,41.240,0.336,-1,400.000,-1,400.000,-1,325.000,325.000,300.000,300.000,-1,-1,-1,-1,750.000,775.000,-1,-1,2,0,2,0,2,0,0,0,0,2,2,2,2,0,0,2,2
52,-8558.734,-6016.136,-224.297,-189.046,0,0.68974,0.16676,41.384,0.334,-1,400.000,-1,400.000,-1,325.000,325.000,300.000,300.000,-1,-1,-1,-1,750.000,775.000,-1,-1,2,0,2,0,2,0,0,0,0,2,2,2,2,0,1,2,2
53,-8599.780,-6009.844,-221.593,-188.716,0,0.69209,0.16533,41.526,0.331,-1,400.000,-1,400.000,-1,325.000,325.000,300.000,300.000,-1,-1,-1,-1,750.000,750.000,-1,-1,2,0,2,0,2,0,0,0,0,2,2,2,2,0,1,2,2
54,-8645.637,-6003.268,-218.547,-188.160,0,0.77209,0.27776,46.326,0.556,-1,400.000,-1,400.000,1000.000,325.000,325.000,300.000,300.000,-1,-1,-1,-1,750.000,750.000,-1,1000.000,2,0,2,0,1,0,0,0,0,2,2,2,2,0,1,2,1
55,-8695.264,-5996.639,-215.255,-187.608,0,0.83447,0.27589,50.068,0.552,-1,400.000,-1,400.000,950.000,325.000,325.000,300.000,300.000,-1,-1,-1,-1,750.000,725.000,-1,950.000,2,0,2,0,1,0,0,0,0,2,2,2,2,0,1,2,1
56,-8745.104,-5990.466,-211.953,-187.061,0,0.83702,0.27374,50.221,0.547,-1,400.000,-1,400.000,900.000,325.000,325.000,300.000,300.000,-1,-1,-1,-1,725.000,725.000,-1,900.000,2,0,2,0,1,0,0,0,0,2,2,2,2,0,1,2,1
57,-8795.145,-5984.748,-208.643,-186.518,0,0.83944,0.27144,50.367,0.543,-1,400.000,-1,400.000,825.000,325.000,325.000,300.000,300.000,-1,-1,-1,-1,725.000,725.000,-1,875.000,2,0,2,0,1,0,0,0,0,2,2,2,2,0,1,2,1
58,-8845.375,-5979.487,-205.324,-185.980,0,0.84174,0.26899,50.504,0.538,-1,400.000,-1,400.000,775.000,325.000,325.000,300.000,300.000,-1,-1,-1,-1,725.000,700.000,-1,850.000,2,0,2,0,1,0,0,0,0,2,2,2,2,0,1,2,1
59,-8895.779,-5974.680,-201.997,-185.447,0,0.84388,0.26636,50.633,0.533,-1,400.000,-1,400.000,725.000,325.000,325.000,300.000,300.000,-1,-1,-1,-1,725.000,700.000,-1,800.000,2,0,2,0,1,0,0,0,0,2,2,2,2,0,1,2,1
60,-8946.344,-5970.327,-198.662,-184.920,0,0.84587,0.26357,50.752,0.527,-1,375.000,-1,375.000,700.000,325.000,325.000,300.000,300.000,-1,-1,-1,-1,725.000,700.000,-1,775.000,2,0,2,0,1,0,0,0,0,2,2,2,2,0,0,2,1
61,-8997.055,-5966.426,-195.320,-184.399,0,0.84768,0.26060,50.861,0.521,-1,375.000,-1,375.000,650.000,325.000,325.000,300.000,300.000,-1,-1,-1,-1,725.000,700.000,-1,750.000,2,0,2,0,1,0,0,0,0,2,2,2,2,0,0,2,1
62,-9047.896,-5962.974,-191.972,-183.884,0,0.84929,0.25746,50.958,0.515,-1,375.000,-1,375.000,600.000,325.000,325.000,300.000,300.000,-1,-1,-1,-1,725.000,675.000,-1,725.000,2,0,2,0,1,0,0,0,0,2,2,2,2,0,0,2,1
63,-9098.849,-5959.969,-188.618,-183.376,0,0.85070,0.25413,51.042,0.508,-1,375.000,-1,375.000,575.000,300.000,300.000,300.000,300.000,-1,-1,-1,-1,725.000,675.000,1000.000,700.000,2,0,2,0,1,0,0,0,0,2,2,2,2,0,0,1,1
64,-9149.897,-5957.406,-185.259,-182.875,0,0.85187,0.25061,51.112,0.501,-1,375.000,-1,375.000,550.000,300.000,300.000,300.000,300.000,-1,-1,-1,-1,725.000,675.000,950.000,700.000,2,0,2,0,1,0,0,0,0,2,2,2,2,0,0,1,1
65,-9201.020,-5955.280,-181.811,-182.381,0,0.85279,0.24690,51.168,0.494,-1,375.000,-1,375.000,525.000,300.000,300.000,300.000,300.000,-1,-1,-1,-1,700.000,650.000,900.000,675.000,2,0,2,0,1,0,0,0,0,2,2,2,2,1,0,1,1
66,-9252.199,-5953.587,-177.904,-181.895,0,0.85345,0.24300,51.207,0.486,-1,375.000,-1,375.000,500.000,300.000,300.000,300.000,300.000,-1,-1,-1,-1,675.000,675.000,850.000,675.000,2,0,2,0,1,0,0,0,0,2,2,2,2,1,1,1,1
67,-9303.412,-5952.320,-173.992,-181.417,0,0.85381,0.23891,51.229,0.478,-1,375.000,-1,375.000,500.000,300.000,300.000,300.000,300.000,-1,-1,-1,-1,650.000,650.000,800.000,700.000,2,0,2,0,1,0,0,0,0,2,2,2,2,1,1,1,1
68,-9354.637,-5951.473,-170.078,-180.948,0,0.85387,0.23462,51.232,0.469,-1,375.000,-1,375.000,475.000,300.000,300.000,300.000,300.000,-1,-1,-1,-1,600.000,650.000,775.000,725.000,2,0,2,0,1,0,0,0,0,2,2,2,2,1,1,1,1
69,-9405.851,-5951.037,-166.165,-180.487,0,0.85359,0.23015,51.216,0.460,-1,375.000,1000.000,375.000,475.000,325.000,300.000,300.000,300.000,-1,-1,-1,-1,575.000,650.000,725.000,750.000,2,0,1,0,1,0,0,0,0,2,2,2,2,1,1,1,1
70,-9457.029,-5951.004,-162.256,-180.036,0,0.85298,0.22551,51.179,0.451,-1,400.000,950.000,375.000,475.000,325.000,300.000,300.000,325.000,-1,-1,-1,-1,550.000,625.000,675.000,775.000,2,0,1,0,1,0,0,0,0,2,2,2,2,1,1,1,1
71,-9509.657,-5951.606,-158.241,-179.345,0,0.87719,0.34551,52.631,0.691,-1,400.000,875.000,375.000,475.000,325.000,300.000,300.000,300.000,-1,-1,950.000,-1,500.000,600.000,625.000,800.000,2,1,1,0,1,0,0,0,1,2,2,0,2,1,1,1,1
72,-9562.170,-5953.059,-154.245,-178.414,0,0.87554,0.46551,52.532,0.931,-1,375.000,800.000,375.000,475.000,325.000,325.000,300.000,275.000,-1,875.000,850.000,-1,475.000,575.000,575.000,875.000,2,1,1,1,1,1,1,0,1,2,0,0,2,1,1,1,1
73,-9614.503,-5955.495,-150.259,-177.335,0,0.87317,0.53947,52.390,1.079,-1,350.000,750.000,350.000,500.000,300.000,300.000,300.000,275.000,-1,750.000,775.000,-1,450.000,550.000,550.000,950.000,2,1,1,1,1,1,1,0,1,2,0,0,2,1,1,1,1
74,-9666.600,-5958.892,-146.302,-176.269,0,0.87013,0.53329,52.208,1.067,-1,325.000,675.000,325.000,550.000,275.000,275.000,300.000,250.000,-1,675.000,725.000,-1,400.000,525.000,500.000,950.000,2,1,1,1,1,1,1,0,1,2,0,0,2,1,1,1,1
75,-9718.416,-5963.230,-142.379,-175.215,0,0.86662,0.52705,51.997,1.054,-1,300.000,625.000,325.000,575.000,250.000,275.000,300.000,250.000,-1,625.000,675.000,-1,375.000,475.000,450.000,925.000,2,1,1,1,1,1,1,0,1,2,0,0,2,1,1,1,1
76,-9769.910,-5968.488,-138.495,-174.169,0,0.86269,0.52287,51.761,1.046,-1,275.000,550.000,300.000,625.000,250.000,250.000,300.000,250.000,-1,575.000,650.000,-1,350.000,450.000,400.000,850.000,2,1,1,1,1,1,1,0,1,2,0,0,2,1,1,1,1
77,-9824.571,-5975.286,-133.881,-172.911,0,0.91803,0.62903,55.082,1.258,-1,250.000,500.000,275.000,700.000,225.000,225.000,300.000,250.000,-1,525.000,625.000,-1,300.000,400.000,375.000,750.000,2,1,1,1,1,1,1,0,1,2,0,0,2,1,1,1,1
78,-9879.312,-5983.317,-127.272,-171.654,0,0.92212,0.62828,55.327,1.257,-1,225.000,450.000,250.000,775.000,200.000,200.000,300.000,250.000,-1,425.000,550.000,-1,275.000,375.000,325.000,700.000,2,1,1,1,1,1,1,0,1,2,0,0,2,1,1,1,1
79,-9934.107,-5992.585,-116.820,-170.400,0,0.92622,0.62737,55.573,1.255,-1,200.000,450.000,250.000,775.000,200.000,200.000,325.000,275.000,-1,275.000,350.000,-1,275.000,375.000,400.000,650.000,2,1,1,1,1,1,1,0,1,2,0,0,2,1,1,1,1
80,-9988.930,-6003.095,-105.851,-169.147,0,0.93035,0.62628,55.821,1.253,-1,200.000,425.000,250.000,775.000,175.000,200.000,350.000,275.000,-1,225.000,250.000,-1,300.000,375.000,875.000,625.000,2,1,1,1,1,1,1,0,1,2,0,0,2,1,1,1,1
81,-10043.753,-6014.851,-94.801,-167.897,0,0.93450,0.62500,56.070,1.250,-1,200.000,425.000,250.000,750.000,175.000,200.000,375.000,300.000,-1,175.000,200.000,-1,325.000,375.000,1000.000,600.000,2,1,1,1,1,1,1,0,1,2,0,0,2,1,1,1,1
82,-4263.559,2295.763,-36.237,-41.335,1,0.00000,0.00000,56.319,1.247,-1,400.000,-1,400.000,425.000,325.000,325.000,300.000,300.000,-1,-1,-1,-1,725.000,625.000,-1,525.000,2,0,2,0,1,0,0,0,0,2,2,2,2,0,1,2,1
83,-4259.968,2292.577,-36.588,-41.575,0,0.08000,-0.12000,4.800,-0.240,-1,400.000,-1,400.000,425.000,325.000,325.000,300.000,300.000,-1,-1,-1,-1,725.000,625.000,-1,525.000,2,0,2,0,1,0,0,0,0,2,2,2,2,0,1,2,1
84,-4252.840,2286.147,-37.294,-42.055,0,0.16000,-0.24000,9.600,-0.480,-1,400.000,-1,400.000,400.000,325.000,325.000,300.000,300.000,-1,-1,-1,-1,725.000,600.000,-1,500.000,2,0,2,0,1,0,0,0,0,2,2,2,2,0,1,2,1
85,-4242.270,2276.368,-38.360,-42.775,0,0.24000,-0.36000,14.400,-0.720,-1,400.000,-1,400.000,400.000,325.000,325.000,300.000,300.000,-1,-1,-1,-1,725.000,600.000,-1,475.000,2,0,2,0,1,0,0,0,0,2,2,2,2,0,1,2,1
86,-4228.345,2263.150,-39.797,-43.506,0,0.32000,-0.36581,19.200,-0.732,-1,400.000,-1,400.000,375.000,325.000,325.000,300.000,300.000,-1,-1,-1,-1,725.000,575.000,-1,450.000,2,0,2,0,1,0,0,0,0,2,2,2,2,0,1,2,1
87,-4211.150,2246.406,-41.631,-44.239,0,0.40000,-0.36648,24.000,-0.733,-1,400.000,-1,400.000,350.000,325.000,325.000,300.000,300.000,-1,-1,-1,-1,725.000,550.000,-1,425.000,2,0,2,1,1,0,0,0,0,2,2,2,2,0,1,2,1
88,-4190.776,2226.050,-43.886,-44.974,0,0.48000,-0.36755,28.800,-0.735,-1,400.000,-1,400.000,325.000,325.000,325.000,300.000,300.000,-1,-1,-1,-1,700.000,550.000,-1,400.000,2,0,2,1,1,0,0,0,0,2,2,2,2,0,1,2,1
89,-4167.315,2201.998,-46.554,-45.712,0,0.56000,-0.36902,33.600,-0.738,-1,400.000,-1,375.000,300.000,325.000,325.000,300.000,300.000,-1,-1,-1,-1,700.000,525.000,-1,375.000,2,0,2,1,1,0,0,0,0,2,2,2,2,0,1,2,1
90,-4140.860,2174.165,-49.651,-46.454,0,0.64000,-0.37093,38.400,-0.742,1000.000,400.000,-1,350.000,275.000,325.000,325.000,300.000,300.000,-1,-1,-1,-1,700.000,500.000,-1,325.000,0,0,2,1,1,0,0,0,0,2,2,2,2,0,1,2,1
91,-4111.373,2142.593,-53.194,-46.956,0,0.72000,-0.25093,43.200,-0.502,975.000,400.000,-1,350.000,250.000,325.000,325.000,300.000,300.000,-1,-1,-1,-1,675.000,500.000,-1,300.000,0,0,2,1,1,0,0,0,0,2,2,2,2,0,1,2,1
92,-4078.771,2107.364,-57.200,-47.218,0,0.80000,-0.13093,48.000,-0.262,925.000,375.000,-1,325.000,225.000,325.000,325.000,300.000,300.000,-1,-1,-1,-1,675.000,500.000,1000.000,250.000,0,0,2,1,1,0,1,0,0,2,2,2,2,0,1,1,1
93,-4045.165,2071.021,-61.402,-47.240,0,0.82499,-0.01093,49.499,-0.022,875.000,375.000,-1,325.000,175.000,325.000,300.000,300.000,300.000,-1,-1,-1,-1,650.000,525.000,950.000,225.000,0,0,2,1,1,0,1,0,0,2,2,2,2,0,1,1,1
94,-4011.550,2034.759,-64.172,-47.170,0,0.82411,0.03514,49.446,0.070,850.000,375.000,-1,325.000,175.000,325.000,325.000,300.000,300.000,-1,-1,-1,-1,650.000,700.000,925.000,200.000,0,0,2,1,1,0,1,0,0,2,2,2,2,0,0,1,1
95,-3977.951,1998.591,-63.869,-47.109,0,0.82275,0.03008,49.365,0.060,875.000,400.000,-1,375.000,175.000,350.000,350.000,275.000,300.000,-1,-1,-1,-1,675.000,775.000,925.000,225.000,0,0,2,1,1,0,0,0,1,2,2,2,2,0,0,1,1
96,-3944.393,1962.529,-64.393,-47.060,0,0.82102,0.02484,49.261,0.050,875.000,425.000,-1,450.000,175.000,350.000,375.000,275.000,275.000,-1,-1,-1,-1,700.000,825.000,900.000,300.000,0,0,2,1,1,0,0,0,1,2,2,2,2,0,1,1,1
97,-3910.896,1926.582,-65.735,-47.021,0,0.81890,0.01944,49.134,0.039,875.000,425.000,-1,475.000,200.000,375.000,375.000,275.000,250.000,-1,350.000,-1,-1,725.000,825.000,875.000,-1,0,0,2,0,1,0,0,0,1,2,0,2,2,0,1,1,2
98,-3877.485,1890.762,-67.883,-46.993,0,0.81639,0.01390,48.984,0.028,875.000,425.000,-1,500.000,225.000,375.000,400.000,275.000,225.000,-1,250.000,500.000,-1,750.000,800.000,850.000,-1,1,0,2,0,1,0,0,0,1,2,0,0,2,1,1,1,2
99,-3844.183,1855.078,-70.870,-46.977,0,0.81350,0.00825,48.810,0.016,825.000,425.000,-1,500.000,275.000,375.000,400.000,275.000,200.000,-1,225.000,400.000,-1,725.000,775.000,800.000,975.000,1,0,2,0,1,0,0,0,1,2,0,0,2,1,1,1,1
100,-3811.010,1819.541,-74.659,-46.971,0,0.81023,0.00251,48.614,0.005,775.000,425.000,-1,500.000,-1,375.000,375.000,250.000,175.000,-1,200.000,350.000,-1,700.000,750.000,775.000,925.000,1,0,2,0,2,0,0,0,1,2,0,0,2,1,1,1,1
101,-3777.988,1784.161,-79.213,-46.973,0,0.80661,-0.00096,48.396,-0.002,725.000,425.000,975.000,475.000,-1,350.000,375.000,250.000,150.000,-1,200.000,325.000,-1,675.000,700.000,725.000,875.000,1,0,1,0,2,0,0,0,1,2,0,0,2,1,1,1,1
102,-3745.129,1748.952,-84.521,-46.978,0,0.80266,-0.00222,48.160,-0.004,675.000,400.000,925.000,450.000,-1,350.000,350.000,275.000,150.000,-1,225.000,325.000,-1,650.000,650.000,675.000,800.000,1,0,1,0,2,0,0,0,1,2,0,0,2,1,1,1,1
103,-3712.449,1713.926,-90.569,-46.984,0,0.79842,-0.00328,47.905,-0.007,600.000,375.000,850.000,425.000,925.000,325.000,350.000,275.000,125.000,-1,275.000,350.000,-1,600.000,600.000,625.000,700.000,1,0,1,0,1,0,0,0,1,2,0,0,2,1,1,1,1
104,-3679.956,1679.091,-97.163,-46.993,0,0.79393,-0.00412,47.636,-0.008,550.000,375.000,800.000,400.000,775.000,300.000,325.000,275.000,100.000,-1,350.000,375.000,-1,575.000,550.000,550.000,625.000,1,0,1,0,1,0,0,0,1,2,0,0,2,1,1,1,1
105,-3647.661,1644.456,-103.851,-47.002,0,0.78926,-0.00475,47.356,-0.009,500.000,350.000,725.000,350.000,625.000,300.000,300.000,275.000,100.000,-1,475.000,425.000,-1,525.000,500.000,500.000,525.000,1,0,1,0,1,0,0,0,1,2,0,0,2,1,1,1,1
106,-3615.569,1610.026,-106.463,-47.012,0,0.78446,-0.00515,47.068,-0.010,475.000,350.000,700.000,350.000,575.000,300.000,300.000,275.000,100.000,-1,350.000,325.000,-1,500.000,475.000,475.000,500.000,1,0,1,0,1,0,0,0,1,2,0,0,2,1,1,1,1
107,-3583.681,1575.803,-109.035,-47.023,0,0.77960,-0.00533,46.776,-0.011,450.000,350.000,650.000,375.000,525.000,300.000,300.000,275.000,100.000,-1,300.000,250.000,-1,500.000,450.000,450.000,450.000,1,0,1,1,1,0,0,0,1,2,0,0,2,1,1,1,1
108,-3551.998,1541.787,-107.386,-47.034,0,0.77475,-0.00530,46.485,-0.011,375.000,350.000,600.000,350.000,475.000,300.000,300.000,275.000,125.000,-1,600.000,625.000,-1,450.000,425.000,400.000,425.000,1,0,1,1,1,0,0,0,1,2,0,0,2,1,1,1,1
109,-3520.517,1507.976,-106.030,-47.044,0,0.76998,-0.00506,46.199,-0.010,325.000,325.000,550.000,325.000,425.000,275.000,300.000,275.000,125.000,-1,-1,-1,-1,425.000,400.000,350.000,375.000,1,0,1,1,1,0,0,0,1,2,2,2,2,1,1,1,1
110,-3489.231,1474.363,-105.365,-47.053,0,0.76533,-0.00460,45.920,-0.009,275.000,325.000,525.000,300.000,375.000,275.000,300.000,275.000,150.000,-1,-1,-1,350.000,400.000,375.000,300.000,350.000,1,1,1,1,1,0,0,0,1,2,2,2,1,1,1,1,1
111,-3458.131,1440.942,-105.379,-47.061,0,0.76087,-0.00395,45.652,-0.008,250.000,300.000,475.000,275.000,350.000,275.000,275.000,275.000,175.000,-1,-1,-1,300.000,375.000,325.000,275.000,300.000,1,1,1,1,1,0,1,0,1,2,2,2,1,1,1,1,1
112,-3427.208,1407.703,-106.059,-47.067,0,0.75665,-0.00311,45.399,-0.006,225.000,275.000,425.000,250.000,300.000,275.000,250.000,275.000,200.000,-1,-1,-1,250.000,350.000,300.000,225.000,275.000,1,1,1,1,1,0,1,0,1,2,2,2,1,1,1,1,1
113,-3392.866,1371.090,-106.055,-46.833,0,0.83665,0.11689,50.199,0.234,175.000,275.000,375.000,250.000,275.000,275.000,250.000,275.000,225.000,-1,-1,-1,250.000,325.000,275.000,200.000,250.000,1,1,1,1,1,1,1,0,1,2,2,2,1,1,1,1,1
114,-3357.742,1334.258,-103.567,-46.360,0,0.84824,0.23689,50.894,0.474,175.000,250.000,350.000,225.000,250.000,275.000,225.000,275.000,275.000,-1,875.000,-1,225.000,300.000,275.000,175.000,225.000,1,1,1,1,1,1,1,0,1,2,0,2,1,1,1,1,1
115,-3322.345,1298.053,-99.001,-45.646,0,0.84389,0.35689,50.634,0.714,175.000,250.000,350.000,225.000,225.000,250.000,225.000,275.000,325.000,875.000,500.000,575.000,225.000,300.000,250.000,175.000,225.000,1,1,1,1,1,1,1,1,1,0,0,0,1,1,1,1,1
116,-3286.526,1262.618,-94.150,-44.692,0,0.83975,0.47689,50.385,0.954,175.000,250.000,350.000,225.000,225.000,250.000,225.000,300.000,375.000,700.000,350.000,375.000,200.000,300.000,250.000,200.000,200.000,1,1,1,1,1,1,1,1,1,0,0,0,1,1,1,1,1
117,-3246.495,1224.632,-88.637,-43.498,0,0.91975,0.59689,55.185,1.194,200.000,250.000,375.000,225.000,200.000,225.000,225.000,325.000,425.000,550.000,200.000,200.000,200.000,300.000,250.000,225.000,200.000,1,1,1,1,1,1,1,1,1,0,0,1,1,1,1,1,1
118,4263.559,9511.017,308.343,72.894,1,0.00000,0.00000,57.463,1.434,-1,400.000,-1,375.000,-1,325.000,300.000,325.000,325.000,-1,375.000,500.000,-1,725.000,650.000,-1,-1,2,0,2,0,2,0,0,0,0,2,0,0,2,0,0,2,2
119,4264.990,9515.599,308.302,72.654,0,0.08000,-0.12000,4.800,-0.240,-1,400.000,-1,375.000,-1,325.000,300.000,325.000,325.000,-1,375.000,500.000,-1,725.000,650.000,-1,-1,2,0,2,0,2,0,0,0,0,2,0,0,2,0,0,2,2
120,4267.929,9524.738,308.225,72.174,0,0.16000,-0.24000,9.600,-0.480,-1,400.000,-1,375.000,-1,325.000,300.000,325.000,325.000,-1,375.000,475.000,-1,725.000,650.000,-1,-1,2,0,2,0,2,0,0,0,0,2,0,0,2,0,0,2,2
121,4272.509,9538.390,308.118,71.454,0,0.24000,-0.36000,14.400,-0.720,-1,400.000,-1,375.000,-1,300.000,300.000,325.000,325.000,-1,375.000,475.000,-1,725.000,650.000,-1,-1,2,0,2,0,2,0,0,0,0,2,0,0,2,0,0,2,2
122,4278.920,9556.488,307.996,70.494,0,0.32000,-0.48000,19.200,-0.960,-1,375.000,-1,375.000,-1,300.000,300.000,325.000,325.000,-1,350.000,475.000,-1,725.000,650.000,-1,-1,2,0,2,0,2,0,0,0,0,2,0,0,2,0,0,2,2
123,4287.406,9578.938,307.873,69.294,0,0.40000,-0.60000,24.000,-1.200,-1,375.000,-1,375.000,-1,300.000,300.000,325.000,325.000,-1,350.000,450.000,-1,725.000,650.000,-1,-1,2,0,2,0,2,0,0,0,0,2,0,0,2,0,0,2,2
124,4298.171,9605.650,307.769,68.052,0,0.48000,-0.62074,28.800,-1.241,-1,375.000,-1,375.000,-1,300.000,300.000,325.000,325.000,-1,350.000,425.000,-1,725.000,650.000,-1,-1,2,0,2,0,2,0,0,0,0,2,0,0,2,0,0,2,2
125,4311.401,9636.536,307.705,66.811,0,0.56000,-0.62074,33.600,-1.241,-1,375.000,-1,375.000,-1,300.000,300.000,325.000,325.000,-1,325.000,425.000,-1,725.000,675.000,-1,-1,2,0,2,0,2,0,0,0,0,2,0,0,2,0,0,2,2
126,4327.283,9671.498,307.707,65.569,0,0.64000,-0.62074,38.400,-1.241,-1,375.000,-1,375.000,-1,300.000,300.000,325.000,325.000,-1,325.000,400.000,-1,725.000,675.000,-1,-1,2,0,2,0,2,0,0,0,0,2,0,0,2,0,0,2,2
127,4345.998,9710.433,307.903,64.328,0,0.72000,-0.62074,43.200,-1.241,-1,375.000,-1,375.000,-1,300.000,300.000,325.000,325.000,-1,325.000,400.000,-1,725.000,675.000,-1,-1,2,0,2,0,2,0,0,0,0,2,0,0,2,0,0,2,2
128,4367.725,9753.235,308.311,63.086,0,0.80000,-0.62074,48.000,-1.241,-1,375.000,-1,375.000,-1,300.000,300.000,325.000,325.000,-1,350.000,400.000,-1,725.000,675.000,-1,-1,2,0,2,0,2,0,0,0,0,2,0,0,2,0,0,2,2
129,4392.083,9798.747,308.938,61.845,0,0.86035,-0.62074,51.621,-1.241,-1,375.000,-1,375.000,-1,300.000,300.000,325.000,325.000,-1,350.000,400.000,-1,725.000,675.000,-1,-1,2,0,2,0,2,0,0,0,0,2,0,0,2,0,0,2,2
130,4417.421,9843.722,309.693,60.604,0,0.86035,-0.62074,51.621,-1.241,-1,375.000,-1,375.000,-1,300.000,300.000,325.000,325.000,-1,375.000,400.000,-1,725.000,675.000,-1,-1,2,0,2,0,2,0,0,0,0,2,0,0,2,0,0,2,2
131,4443.730,9888.142,310.577,59.363,0,0.86044,-0.62037,51.627,-1.241,-1,375.000,-1,375.000,-1,300.000,300.000,325.000,325.000,-1,375.000,425.000,-1,725.000,675.000,-1,-1,2,0,2,0,2,0,0,0,0,2,0,0,2,0,0,2,2
132,4471.001,9931.998,311.622,58.125,0,0.86073,-0.61904,51.644,-1.238,-1,375.000,-1,375.000,-1,300.000,300.000,325.000,325.000,-1,400.000,425.000,-1,725.000,700.000,-1,-1,2,0,2,0,2,0,0,0,0,2,0,0,2,0,0,2,2
133,4499.104,9975.482,312.818,57.127,0,0.86292,-0.49904,51.775,-0.998,-1,375.000,-1,375.000,-1,300.000,300.000,325.000,325.000,-1,400.000,425.000,-1,725.000,700.000,-1,-1,2,0,2,0,2,0,0,0,0,2,0,0,2,0,0,2,2
134,4527.782,10018.594,314.123,56.369,0,0.86298,-0.37904,51.779,-0.758,-1,375.000,-1,375.000,-1,300.000,300.000,325.000,325.000,-1,425.000,450.000,-1,725.000,700.000,-1,-1,2,0,2,0,2,0,0,0,0,2,0,0,2,0,0,2,2
135,4556.848,10061.444,315.484,55.850,0,0.86297,-0.25904,51.778,-0.518,-1,375.000,-1,375.000,-1,300.000,300.000,325.000,325.000,-1,450.000,450.000,-1,725.000,700.000,-1,-1,2,0,2,0,2,0,0,0,0,2,0,0,2,0,0,2,2
136,4586.120,10104.150,316.906,55.572,0,0.86291,-0.13904,51.775,-0.278,-1,375.000,-1,375.000,-1,300.000,300.000,325.000,325.000,-1,450.000,475.000,-1,725.000,700.000,-1,-1,2,0,2,0,2,0,0,0,0,2,0,0,2,0,0,2,2
137,4615.417,10146.833,318.397,55.534,0,0.86283,-0.01904,51.770,-0.038,-1,375.000,-1,375.000,-1,300.000,300.000,325.000,325.000,-1,475.000,500.000,-1,725.000,700.000,-1,-1,2,0,2,0,2,0,0,0,0,2,0,0,2,0,0,2,2
138,4644.561,10189.614,319.947,55.736,0,0.86274,0.10096,51.765,0.202,-1,375.000,-1,375.000,-1,300.000,300.000,325.000,325.000,-1,475.000,525.000,-1,725.000,725.000,-1,-1,2,0,2,0,2,0,0,0,0,2,0,0,2,0,0,2,2
139,4673.370,10232.614,321.549,56.178,0,0.86265,0.22096,51.759,0.442,-1,375.000,-1,375.000,-1,300.000,300.000,325.000,325.000,-1,475.000,525.000,-1,750.000,725.000,-1,-1,2,0,2,0,2,0,0,0,0,2,0,0,2,0,0,2,2
140,4701.766,10275.883,323.210,56.725,0,0.86257,0.27338,51.754,0.547,-1,375.000,-1,375.000,-1,325.000,325.000,325.000,325.000,-1,500.000,550.000,-1,750.000,725.000,-1,-1,2,0,2,0,2,0,0,0,0,2,0,0,2,0,0,2,2
141,4729.745,10319.417,324.942,57.272,0,0.86249,0.27354,51.750,0.547,-1,375.000,-1,375.000,-1,325.000,325.000,325.000,325.000,-1,525.000,575.000,-1,750.000,725.000,-1,-1,2,0,2,0,2,0,0,0,0,2,0,0,2,0,0,2,2
142,4757.304,10363.212,326.722,57.819,0,0.86241,0.27362,51.745,0.547,-1,375.000,-1,375.000,-1,325.000,325.000,325.000,325.000,-1,550.000,600.000,-1,750.000,725.000,-1,-1,2,0,2,0,2,0,0,0,0,2,0,0,2,0,0,2,2
143,4784.525,10407.404,328.540,58.367,0,0.86505,0.27404,51.903,0.548,-1,400.000,-1,375.000,-1,325.000,325.000,325.000,325.000,-1,575.000,625.000,-1,750.000,750.000,-1,-1,2,0,2,0,2,0,0,0,0,2,0,0,2,0,0,2,2
144,4811.338,10451.885,330.350,58.919,0,0.86562,0.27594,51.937,0.552,-1,400.000,-1,375.000,-1,325.000,325.000,325.000,325.000,-1,600.000,650.000,-1,750.000,750.000,-1,-1,2,0,2,0,2,0,0,0,0,2,0,0,2,0,0,2,2
145,4837.733,10496.650,332.192,59.475,0,0.86612,0.27783,51.967,0.556,-1,400.000,-1,375.000,-1,325.000,325.000,325.000,325.000,-1,625.000,675.000,-1,775.000,750.000,-1,-1,2,0,2,0,2,0,0,0,0,2,0,0,2,0,0,2,2
146,4863.703,10541.694,334.064,60.034,0,0.86658,0.27972,51.995,0.559,-1,400.000,-1,400.000,-1,325.000,325.000,325.000,325.000,-1,650.000,725.000,-1,775.000,750.000,-1,-1,2,0,2,0,2,0,0,0,0,2,0,0,2,0,0,2,2
147,4889.241,10587.012,335.922,60.597,0,0.86697,0.28159,52.018,0.563,-1,400.000,-1,400.000,-1,325.000,325.000,325.000,325.000,-1,675.000,750.000,-1,775.000,775.000,-1,-1,2,0,2,0,2,0,0,0,0,2,0,0,2,0,0,2,2
148,4914.339,10632.597,337.769,61.164,0,0.86730,0.28345,52.038,0.567,-1,400.000,-1,400.000,-1,325.000,325.000,325.000,325.000,-1,700.000,775.000,-1,775.000,775.000,-1,-1,2,0,2,0,2,0,0,0,0,2,0,0,2,0,0,2,2
149,4938.990,10678.445,339.558,61.735,0,0.86758,0.28529,52.055,0.571,-1,400.000,-1,400.000,-1,325.000,325.000,325.000,325.000,-1,725.000,825.000,-1,775.000,775.000,-1,-1,2,0,2,0,2,0,0,0,0,2,0,0,2,0,0,2,2
150,4963.186,10724.549,341.287,62.309,0,0.86779,0.28691,52.068,0.574,-1,400.000,-1,400.000,-1,325.000,325.000,325.000,300.000,-1,775.000,875.000,-1,800.000,775.000,-1,-1,2,0,2,0,2,0,0,0,0,2,0,0,2,0,0,2,2
151,4986.921,10770.903,343.018,62.886,0,0.86795,0.28843,52.077,0.577,-1,400.000,-1,400.000,-1,325.000,325.000,325.000,300.000,-1,825.000,925.000,-1,800.000,800.000,-1,-1,2,0,2,0,2,0,0,0,0,2,0,0,2,0,0,2,2
152,5010.188,10817.499,344.750,63.465,0,0.86805,0.28988,52.083,0.580,-1,400.000,-1,400.000,-1,325.000,325.000,325.000,300.000,-1,875.000,975.000,-1,800.000,800.000,-1,-1,2,0,2,0,2,0,0,0,0,2,0,0,2,0,0,2,2
153,5032.982,10864.333,346.437,64.048,0,0.86809,0.29127,52.085,0.583,-1,400.000,-1,400.000,-1,325.000,325.000,325.000,300.000,-1,925.000,-1,-1,800.000,825.000,-1,-1,2,0,2,0,2,0,0,0,0,2,0,2,2,0,0,2,2
154,5055.296,10911.395,348.099,64.633,0,0.86808,0.29258,52.085,0.585,-1,400.000,-1,400.000,-1,325.000,325.000,325.000,300.000,-1,1000.000,-1,-1,800.000,825.000,-1,-1,2,0,2,0,2,0,0,0,0,2,0,2,2,0,0,2,2
155,5077.124,10958.681,349.754,65.221,0,0.86801,0.29383,52.081,0.588,-1,400.000,-1,400.000,-1,325.000,325.000,325.000,300.000,-1,-1,-1,-1,800.000,825.000,-1,-1,2,0,2,0,2,0,0,0,0,2,2,2,2,0,0,2,2
156,5098.461,11006.182,351.400,65.811,0,0.86789,0.29500,52.073,0.590,-1,400.000,-1,400.000,-1,325.000,325.000,325.000,300.000,-1,-1,-1,-1,800.000,850.000,-1,-1,2,0,2,0,2,0,0,0,0,2,2,2,2,0,0,2,2
157,5117.451,11049.473,352.849,66.316,0,0.78789,0.25269,47.273,0.505,-1,400.000,-1,400.000,-1,325.000,325.000,325.000,300.000,-1,-1,-1,-1,800.000,850.000,-1,-1,2,0,2,0,2,0,0,0,0,2,2,2,2,0,0,2,2
158,5134.167,11088.519,354.119,66.823,0,0.70789,0.25361,42.473,0.507,-1,400.000,-1,400.000,-1,325.000,325.000,325.000,300.000,-1,-1,-1,-1,800.000,850.000,-1,-1,2,0,2,0,2,0,0,0,0,2,2,2,2,0,0,2,2
159,5149.542,11125.332,355.262,67.332,0,0.66491,0.25439,39.894,0.509,-1,400.000,-1,400.000,-1,325.000,325.000,325.000,300.000,-1,-1,-1,-1,800.000,875.000,-1,-1,2,0,2,0,2,0,0,0,0,2,2,2,2,0,0,2,2
160,5164.584,11162.268,356.392,67.842,0,0.66470,0.25508,39.882,0.510,-1,400.000,-1,400.000,-1,325.000,325.000,325.000,300.000,-1,-1,-1,-1,800.000,875.000,-1,-1,2,0,2,0,2,0,0,0,0,2,2,2,2,0,0,2,2
161,5179.290,11199.325,357.508,68.354,0,0.66448,0.25572,39.869,0.511,-1,400.000,-1,400.000,-1,325.000,325.000,325.000,325.000,-1,-1,-1,-1,800.000,875.000,-1,-1,2,0,2,0,2,0,0,0,0,2,2,2,2,0,0,2,2
162,5193.659,11236.499,358.536,68.866,0,0.66423,0.25632,39.854,0.513,-1,400.000,-1,400.000,-1,325.000,325.000,300.000,325.000,-1,-1,-1,-1,800.000,875.000,-1,-1,2,0,2,0,2,0,0,0,0,2,2,2,2,0,0,2,2
163,5207.689,11273.784,359.460,69.380,0,0.66396,0.25687,39.838,0.514,-1,400.000,-1,400.000,-1,325.000,325.000,300.000,325.000,-1,-1,-1,-1,800.000,875.000,-1,-1,2,0,2,0,2,0,0,0,0,2,2,2,2,0,0,2,2
164,5221.377,11311.178,360.246,69.895,0,0.66367,0.25738,39.820,0.515,-1,400.000,-1,400.000,-1,325.000,325.000,300.000,325.000,-1,-1,-1,-1,800.000,875.000,-1,-1,2,0,2,0,2,0,0,0,0,2,2,2,2,0,0,2,2
165,5234.722,11348.676,361.007,70.410,0,0.66337,0.25785,39.802,0.516,-1,400.000,-1,400.000,-1,325.000,325.000,300.000,325.000,-1,-1,-1,-1,800.000,875.000,-1,-1,2,0,2,0,2,0,0,0,0,2,2,2,2,0,0,2,2
166,5247.722,11386.275,361.690,70.927,0,0.66305,0.25827,39.783,0.517,-1,400.000,-1,400.000,-1,325.000,325.000,325.000,300.000,-1,-1,-1,-1,800.000,875.000,-1,-1,2,0,2,0,2,0,0,0,0,2,2,2,2,0,0,2,2
167,5260.375,11423.971,362.346,71.444,0,0.66271,0.25864,39.763,0.517,-1,400.000,-1,400.000,-1,325.000,325.000,325.000,300.000,-1,-1,-1,-1,775.000,850.000,-1,-1,2,0,2,0,2,0,0,0,0,2,2,2,2,0,0,2,2
168,5272.681,11461.760,362.978,71.962,0,0.66236,0.25897,39.742,0.518,-1,400.000,-1,400.000,-1,325.000,325.000,325.000,300.000,-1,-1,-1,-1,775.000,850.000,-1,-1,2,0,2,0,2,0,0,0,0,2,2,2,2,0,0,2,2
169,5284.638,11499.637,363.548,72.481,0,0.66200,0.25926,39.720,0.519,-1,400.000,-1,400.000,-1,325.000,325.000,325.000,300.000,-1,-1,-1,-1,775.000,850.000,-1,-1,2,0,2,0,2,0,0,0,0,2,2,2,2,0,0,2,2
170,5296.245,11537.601,364.084,73.000,0,0.66164,0.25949,39.698,0.519,-1,400.000,-1,400.000,-1,325.000,325.000,325.000,300.000,-1,-1,-1,-1,775.000,825.000,-1,-1,2,0,2,0,2,0,0,0,0,2,2,2,2,0,0,2,2
171,5307.501,11575.646,364.595,73.519,0,0.66126,0.25968,39.676,0.519,-1,400.000,-1,400.000,-1,325.000,325.000,325.000,300.000,-1,-1,-1,-1,775.000,825.000,-1,-1,2,0,2,0,2,0,0,0,0,2,2,2,2,0,0,2,2
172,5318.405,11613.770,365.081,74.039,0,0.66088,0.25983,39.653,0.520,-1,400.000,-1,400.000,-1,325.000,325.000,325.000,300.000,-1,-1,-1,-1,750.000,825.000,-1,-1,2,0,2,0,2,0,0,0,0,2,2,2,2,0,0,2,2
173,5328.956,11651.969,365.542,74.559,0,0.66049,0.25993,39.629,0.520,-1,400.000,-1,400.000,-1,325.000,325.000,325.000,300.000,-1,-1,-1,-1,750.000,825.000,-1,-1,2,0,2,0,2,0,0,0,0,2,2,2,2,0,0,2,2
174,5339.154,11690.240,365.980,75.079,0,0.66010,0.25998,39.606,0.520,-1,400.000,-1,400.000,-1,325.000,325.000,325.000,300.000,-1,-1,-1,-1,750.000,800.000,-1,-1,2,0,2,0,2,0,0,0,0,2,2,2,2,0,0,2,2
175,5348.999,11728.579,366.381,75.599,0,0.65971,0.25999,39.583,0.520,-1,375.000,-1,400.000,-1,325.000,325.000,300.000,300.000,-1,-1,-1,-1,750.000,800.000,-1,-1,2,0,2,0,2,0,0,0,0,2,2,2,2,0,0,2,2
176,5358.490,11766.983,366.716,76.118,0,0.65932,0.25995,39.559,0.520,-1,375.000,-1,400.000,-1,325.000,325.000,300.000,325.000,-1,-1,-1,-1,725.000,800.000,-1,-1,2,0,2,0,2,0,0,0,0,2,2,2,2,0,0,2,2
177,5367.627,11805.449,367.043,76.638,0,0.65894,0.25986,39.536,0.520,-1,375.000,-1,400.000,-1,325.000,325.000,300.000,325.000,-1,-1,-1,-1,725.000,800.000,-1,-1,2,0,2,0,2,0,0,0,0,2,2,2,2,0,0,2,2
178,5376.410,11843.974,367.344,77.158,0,0.65856,0.25973,39.513,0.519,-1,375.000,-1,400.000,-1,325.000,325.000,300.000,325.000,-1,-1,-1,-1,725.000,775.000,-1,-1,2,0,2,0,2,0,0,0,0,2,2,2,2,0,0,2,2
179,5383.960,11877.856,367.461,77.437,0,0.57856,0.13973,34.713,0.279,-1,375.000,-1,400.000,-1,325.000,325.000,300.000,325.000,-1,-1,-1,-1,725.000,775.000,-1,-1,2,0,2,0,2,0,0,0,0,2,2,2,2,0,0,2,2
180,5390.447,11907.058,367.599,77.477,0,0.49856,0.01973,29.913,0.039,-1,375.000,-1,400.000,-1,325.000,325.000,300.000,325.000,-1,-1,-1,-1,700.000,775.000,-1,-1,2,0,2,0,2,0,0,0,0,2,2,2,2,0,0,2,2
181,5395.978,11931.555,367.709,77.276,0,0.41856,-0.10027,25.113,-0.201,-1,375.000,-1,400.000,-1,325.000,325.000,300.000,325.000,-1,-1,-1,-1,700.000,775.000,-1,-1,2,0,2,0,2,0,0,0,0,2,2,2,2,0,0,2,2
182,5400.604,11951.335,367.794,76.836,0,0.33856,-0.22027,20.313,-0.441,-1,375.000,-1,400.000,-1,325.000,325.000,300.000,325.000,-1,-1,-1,-1,700.000,750.000,-1,-1,2,0,2,0,2,0,0,0,0,2,2,2,2,0,0,2,2
183,5404.317,11966.397,367.856,76.155,0,0.25856,-0.34027,15.513,-0.681,-1,375.000,-1,400.000,-1,325.000,325.000,300.000,325.000,-1,-1,-1,-1,700.000,750.000,-1,-1,2,0,2,0,2,0,0,0,0,2,2,2,2,0,0,2,2
184,5407.008,11976.767,367.898,75.450,0,0.17856,-0.35270,10.713,-0.705,-1,375.000,-1,400.000,-1,325.000,325.000,300.000,325.000,-1,-1,-1,-1,700.000,750.000,-1,-1,2,0,2,0,2,0,0,0,0,2,2,2,2,0,0,2,2
185,5408.564,11982.472,367.913,74.744,0,0.09856,-0.35286,5.913,-0.706,-1,375.000,-1,400.000,-1,325.000,325.000,300.000,325.000,-1,-1,-1,-1,700.000,750.000,-1,-1,2,0,2,0,2,0,0,0,0,2,2,2,2,0,0,2,2
186,5408.870,11983.543,367.896,74.038,0,0.01856,-0.35295,1.113,-0.706,-1,375.000,-1,400.000,-1,325.000,325.000,300.000,325.000,-1,-1,-1,-1,700.000,750.000,-1,-1,2,0,2,0,2,0,0,0,0,2,2,2,2,0,0,2,2
187,5407.813,11980.011,367.838,73.332,0,-0.06144,-0.35297,-3.687,-0.706,-1,375.000,-1,400.000,-1,325.000,325.000,300.000,325.000,-1,-1,-1,-1,700.000,775.000,-1,-1,2,0,2,0,2,0,0,0,0,2,2,2,2,0,0,2,2
188,5408.141,11981.075,367.831,72.866,0,0.01856,-0.23297,1.113,-0.466,-1,375.000,-1,400.000,-1,300.000,325.000,300.000,325.000,-1,-1,-1,-1,700.000,775.000,-1,-1,2,0,2,0,2,0,0,0,0,2,2,2,2,0,0,2,2
189,5409.905,11986.720,367.877,72.640,0,0.09856,-0.11297,5.913,-0.226,-1,375.000,-1,400.000,-1,300.000,325.000,300.000,325.000,-1,-1,-1,-1,700.000,775.000,-1,-1,2,0,2,0,2,0,0,0,0,2,2,2,2,0,0,2,2
190,5413.100,11996.946,367.977,72.654,0,0.17856,0.00703,10.713,0.014,-1,375.000,-1,400.000,-1,300.000,325.000,300.000,325.000,-1,-1,-1,-1,700.000,775.000,-1,-1,2,0,2,0,2,0,0,0,0,2,2,2,2,0,0,2,2
191,5417.659,12011.774,368.124,72.908,0,0.25856,0.12703,15.513,0.254,-1,375.000,-1,400.000,-1,300.000,325.000,300.000,325.000,-1,-1,-1,-1,700.000,750.000,-1,-1,2,0,2,0,2,0,0,0,0,2,2,2,2,0,0,2,2
192,5423.462,12031.241,368.311,73.402,0,0.33856,0.24703,20.313,0.494,-1,375.000,-1,400.000,-1,300.000,325.000,300.000,325.000,-1,-1,-1,-1,700.000,750.000,-1,-1,2,0,2,0,2,0,0,0,0,2,2,2,2,0,0,2,2
193,5430.326,12055.398,368.508,74.136,0,0.41856,0.36703,25.113,0.734,-1,375.000,-1,400.000,-1,300.000,325.000,300.000,325.000,-1,-1,-1,-1,700.000,750.000,-1,-1,2,0,2,0,2,0,0,0,0,2,2,2,2,0,0,2,2
194,5438.013,12084.307,368.655,75.110,0,0.49856,0.48703,29.913,0.974,-1,375.000,-1,400.000,-1,300.000,325.000,300.000,325.000,-1,-1,-1,-1,700.000,725.000,-1,-1,2,0,2,0,2,0,0,0,0,2,2,2,2,0,0,2,2
195,5446.220,12118.037,368.781,76.324,0,0.57856,0.60703,34.713,1.214,-1,375.000,-1,400.000,-1,325.000,325.000,300.000,325.000,-1,-1,-1,-1,675.000,725.000,-1,-1,2,0,2,0,2,0,0,0,0,2,2,2,2,0,0,2,2
196,5454.652,12156.640,368.868,77.679,0,0.65856,0.67737,39.513,1.355,-1,375.000,-1,400.000,-1,325.000,325.000,300.000,325.000,-1,-1,-1,-1,675.000,700.000,-1,-1,2,0,2,0,2,0,0,0,0,2,2,2,2,0,0,2,2
197,5463.082,12200.144,368.902,79.032,0,0.73856,0.67662,44.313,1.353,-1,375.000,-1,400.000,-1,300.000,325.000,300.000,325.000,-1,-1,-1,-1,675.000,700.000,-1,-1,2,0,2,0,2,0,0,0,0,2,2,2,2,0,0,2,2
198,5470.560,12244.280,368.873,80.384,0,0.74608,0.67578,44.765,1.352,-1,375.000,-1,375.000,-1,300.000,325.000,300.000,325.000,-1,-1,-1,-1,675.000,675.000,-1,-1,2,0,2,0,2,0,0,0,0,2,2,2,2,0,0,2,2
199,5476.997,12288.589,368.781,81.734,0,0.74624,0.67493,44.774,1.350,-1,375.000,-1,375.000,-1,300.000,300.000,300.000,325.000,-1,-1,-1,-1,675.000,675.000,-1,-1,2,0,2,0,2,0,0,0,0,2,2,2,2,0,0,2,2
200,5482.392,12333.047,368.628,83.082,0,0.74640,0.67408,44.784,1.348,-1,375.000,-1,375.000,-1,300.000,300.000,300.000,325.000,-1,-1,-1,-1,675.000,650.000,-1,-1,2,0,2,0,2,0,0,0,0,2,2,2,2,0,0,2,2
201,5486.741,12377.629,368.415,84.428,0,0.74656,0.67323,44.794,1.346,-1,375.000,-1,375.000,-1,300.000,300.000,300.000,325.000,-1,-1,-1,-1,675.000,650.000,-1,-1,2,0,2,0,2,0,0,0,0,2,2,2,2,0,0,2,2
202,5490.043,12422.311,368.143,85.773,0,0.74672,0.67239,44.803,1.345,-1,375.000,-1,375.000,-1,300.000,300.000,300.000,325.000,-1,-1,-1,-1,675.000,625.000,-1,-1,2,0,2,0,2,0,0,0,0,2,2,2,2,0,0,2,2
203,5492.297,12467.067,367.899,87.116,0,0.74688,0.67154,44.813,1.343,-1,375.000,-1,350.000,-1,300.000,300.000,300.000,325.000,-1,-1,-1,-1,700.000,625.000,-1,-1,2,0,2,0,2,0,0,0,0,2,2,2,2,0,0,2,2
204,5493.504,12511.873,368.269,88.458,0,0.74705,0.67070,44.823,1.341,-1,375.000,-1,350.000,-1,300.000,300.000,300.000,325.000,-1,-1,-1,-1,700.000,625.000,-1,-1,2,0,2,0,2,0,0,0,0,2,2,2,2,0,0,2,2
205,5493.662,12556.706,368.698,89.797,0,0.74721,0.66986,44.833,1.340,-1,375.000,-1,350.000,-1,300.000,300.000,300.000,325.000,-1,-1,-1,-1,700.000,625.000,-1,-1,2,0,2,0,2,0,0,0,0,2,2,2,2,0,0,2,2
206,5492.774,12601.539,369.055,91.135,0,0.74737,0.66902,44.842,1.338,-1,375.000,-1,350.000,-1,300.000,300.000,300.000,325.000,-1,775.000,650.000,-1,725.000,625.000,-1,-1,2,0,2,0,2,0,0,0,0,2,0,0,2,0,0,2,2
207,5490.839,12646.350,369.339,92.472,0,0.74754,0.66818,44.852,1.336,-1,375.000,-1,350.000,-1,300.000,300.000,300.000,325.000,-1,650.000,600.000,-1,725.000,625.000,-1,-1,2,0,2,0,2,0,0,0,0,2,0,0,2,0,0,2,2
208,5487.861,12691.113,369.546,93.806,0,0.74770,0.66734,44.862,1.335,-1,375.000,-1,375.000,1000.000,300.000,300.000,300.000,350.000,-1,575.000,550.000,-1,750.000,625.000,-1,-1,2,0,2,0,0,0,0,0,0,2,0,0,2,0,0,2,2
209,5483.841,12735.804,369.673,95.139,0,0.74786,0.66651,44.872,1.333,-1,400.000,-1,375.000,1000.000,325.000,300.000,300.000,350.000,-1,525.000,525.000,-1,750.000,625.000,-1,-1,2,0,2,0,0,0,0,0,0,2,0,0,2,0,0,2,2
210,5478.783,12780.400,369.717,96.471,0,0.74803,0.66568,44.882,1.331,-1,400.000,-1,375.000,1000.000,325.000,300.000,300.000,325.000,-1,475.000,525.000,-1,775.000,625.000,-1,-1,2,0,2,0,0,0,0,0,0,2,0,0,2,0,0,2,2
211,5472.691,12824.876,369.677,97.801,0,0.74819,0.66486,44.891,1.330,-1,400.000,-1,375.000,1000.000,325.000,300.000,300.000,325.000,-1,450.000,500.000,-1,800.000,650.000,-1,-1,2,0,2,0,0,0,0,0,0,2,0,0,2,0,0,2,2
212,5465.393,12870.518,369.550,99.084,0,0.77036,0.64162,46.222,1.283,-1,400.000,-1,375.000,1000.000,325.000,300.000,300.000,325.000,-1,425.000,500.000,-1,800.000,650.000,-1,975.000,2,0,2,0,0,0,0,0,0,2,0,0,2,0,0,2,1
213,5457.044,12916.167,369.332,100.365,0,0.77344,0.64038,46.406,1.281,-1,400.000,1000.000,375.000,975.000,325.000,300.000,300.000,325.000,-1,375.000,500.000,-1,825.000,650.000,-1,925.000,2,0,1,0,1,0,0,0,0,2,0,0,2,0,0,2,1
214,5447.643,12961.796,369.020,101.642,0,0.77645,0.63894,46.587,1.278,-1,400.000,975.000,375.000,925.000,325.000,300.000,300.000,300.000,-1,350.000,475.000,-1,850.000,650.000,-1,875.000,2,0,1,0,1,0,0,0,0,2,0,0,2,0,0,2,1
215,5438.470,13002.563,368.673,102.680,0,0.69645,0.51894,41.787,1.038,-1,400.000,950.000,375.000,875.000,325.000,300.000,300.000,300.000,-1,325.000,450.000,-1,850.000,650.000,-1,825.000,2,0,1,0,1,0,0,0,0,2,0,0,2,0,0,2,1
216,5429.849,13038.532,368.319,103.478,0,0.61645,0.39894,36.987,0.798,-1,400.000,900.000,375.000,825.000,325.000,300.000,300.000,300.000,-1,325.000,425.000,-1,875.000,650.000,-1,800.000,2,0,1,0,1,0,0,0,0,2,0,0,2,0,0,2,1
217,5420.984,13073.994,368.311,104.036,0,0.60923,0.27894,36.554,0.558,-1,400.000,875.000,375.000,800.000,325.000,300.000,300.000,300.000,-1,350.000,475.000,-1,875.000,675.000,-1,775.000,2,0,1,0,1,0,0,0,0,2,0,0,2,0,0,2,1
218,5411.889,13109.533,368.503,104.354,0,0.61140,0.15894,36.684,0.318,-1,400.000,850.000,375.000,750.000,325.000,325.000,300.000,300.000,-1,375.000,525.000,-1,875.000,675.000,-1,725.000,2,0,1,0,1,0,0,0,0,2,0,0,2,1,1,2,1
219,5402.714,13145.186,368.649,104.432,0,0.61358,0.03894,36.815,0.078,-1,400.000,800.000,375.000,725.000,325.000,325.000,300.000,300.000,-1,400.000,575.000,-1,825.000,650.000,-1,700.000,2,0,1,0,1,0,0,0,0,2,0,0,2,1,1,2,1
220,5393.607,13180.994,368.839,104.270,0,0.61579,-0.08106,36.948,-0.162,-1,400.000,775.000,375.000,675.000,325.000,325.000,300.000,300.000,-1,425.000,600.000,-1,800.000,625.000,-1,650.000,2,0,1,0,1,0,0,0,0,2,0,0,2,1,1,2,1
221,5384.719,13216.996,369.203,103.868,0,0.61805,-0.20106,37.083,-0.402,-1,400.000,725.000,375.000,650.000,325.000,325.000,300.000,325.000,-1,450.000,650.000,-1,750.000,600.000,975.000,625.000,2,0,1,0,1,0,0,0,0,2,0,0,2,1,1,1,1
222,5376.203,13253.231,369.648,103.226,0,0.62037,-0.32106,37.222,-0.642,-1,400.000,675.000,375.000,625.000,325.000,325.000,300.000,325.000,-1,475.000,675.000,-1,700.000,575.000,900.000,600.000,2,0,1,0,1,0,0,0,0,2,0,0,2,1,1,1,1
223,5368.147,13289.718,370.114,102.450,0,0.62277,-0.38787,37.366,-0.776,-1,400.000,650.000,375.000,600.000,325.000,325.000,300.000,325.000,-1,500.000,700.000,-1,675.000,525.000,825.000,550.000,2,0,1,0,1,0,0,0,0,2,0,0,2,1,1,1,1
224,5359.442,13330.976,370.617,101.914,0,0.70277,-0.26787,42.166,-0.536,-1,425.000,600.000,375.000,550.000,325.000,325.000,300.000,325.000,-1,550.000,700.000,-1,625.000,500.000,775.000,525.000,2,0,1,0,1,0,0,0,0,2,0,0,2,1,1,1,1
225,5350.505,13374.447,371.111,101.618,0,0.73966,-0.14787,44.380,-0.296,-1,425.000,550.000,375.000,500.000,325.000,325.000,300.000,325.000,-1,575.000,750.000,-1,575.000,450.000,725.000,475.000,2,0,1,0,1,0,0,0,0,2,0,0,2,1,1,1,1
226,5341.577,13418.084,371.556,101.563,0,0.74236,-0.02787,44.541,-0.056,-1,425.000,525.000,375.000,475.000,325.000,325.000,325.000,325.000,-1,600.000,775.000,-1,525.000,425.000,650.000,450.000,2,0,1,0,1,0,0,0,0,2,0,0,2,1,1,1,1
227,5332.477,13461.844,371.934,101.747,0,0.74493,0.09213,44.696,0.184,-1,425.000,475.000,350.000,425.000,325.000,325.000,325.000,300.000,-1,625.000,825.000,-1,475.000,375.000,600.000,400.000,2,1,1,1,1,0,0,0,0,2,0,0,2,1,1,1,1
228,5323.024,13505.676,372.225,102.171,0,0.74734,0.21213,44.840,0.424,-1,400.000,425.000,325.000,375.000,325.000,300.000,325.000,300.000,-1,675.000,875.000,-1,450.000,350.000,550.000,350.000,2,1,1,1,1,0,1,0,0,2,0,0,2,1,1,1,1
229,5313.033,13549.525,372.409,102.835,0,0.74955,0.33213,44.973,0.664,775.000,350.000,375.000,275.000,325.000,300.000,275.000,325.000,300.000,-1,700.000,950.000,-1,400.000,300.000,525.000,300.000,1,1,1,1,1,1,1,0,0,2,0,0,2,1,1,1,1
230,5302.410,13593.346,372.479,103.626,0,0.75149,0.39554,45.090,0.791,675.000,325.000,350.000,250.000,275.000,275.000,250.000,300.000,300.000,-1,750.000,-1,-1,350.000,275.000,475.000,250.000,1,1,1,1,1,1,1,0,0,2,0,2,2,1,1,1,1
231,5291.164,13637.115,372.440,104.410,0,0.75318,0.39204,45.191,0.784,600.000,275.000,300.000,225.000,225.000,250.000,200.000,300.000,300.000,-1,800.000,-1,-1,325.000,225.000,425.000,225.000,1,1,1,1,1,1,1,0,0,2,0,2,2,1,1,1,1
232,5279.302,13680.811,372.289,105.187,0,0.75463,0.38827,45.278,0.777,525.000,250.000,250.000,175.000,175.000,200.000,175.000,300.000,300.000,-1,850.000,-1,-1,275.000,200.000,400.000,175.000,1,1,1,1,1,1,1,0,0,2,0,2,2,1,1,1,1
233,5266.836,13724.414,372.732,105.955,0,0.75583,0.38421,45.350,0.768,475.000,200.000,225.000,150.000,125.000,175.000,150.000,300.000,300.000,-1,900.000,-1,-1,225.000,150.000,350.000,125.000,1,1,1,1,1,1,1,0,0,2,0,2,2,1,1,1,1
234,5253.778,13767.899,385.463,106.715,0,0.75673,0.37984,45.404,0.760,450.000,200.000,200.000,150.000,125.000,175.000,150.000,275.000,425.000,650.000,150.000,425.000,-1,225.000,150.000,325.000,125.000,1,1,1,1,1,1,1,0,0,0,0,0,2,1,1,1,1
235,5241.423,13806.578,396.878,107.715,0,0.67673,0.49984,40.604,1.000,475.000,200.000,200.000,150.000,125.000,175.000,125.000,250.000,575.000,350.000,75.000,275.000,-1,225.000,150.000,325.000,125.000,1,1,1,1,1,1,1,0,0,0,0,0,2,1,1,1,1
236,5229.793,13840.440,406.974,108.954,0,0.59673,0.61984,35.804,1.240,-1,175.000,200.000,150.000,125.000,150.000,125.000,225.000,625.000,250.000,25.000,225.000,-1,225.000,150.000,325.000,125.000,2,1,1,1,1,1,1,0,1,0,0,0,2,1,1,1,1
237,5575.424,-6231.356,129.815,-110.015,1,0.00000,0.00000,31.004,1.480,350.000,275.000,800.000,300.000,625.000,250.000,250.000,375.000,500.000,975.000,25.000,0.000,-1,400.000,450.000,325.000,525.000,0,0,0,0,0,0,0,0,0,1,1,1,2,0,0,0,0
238,-980.956,4915.699,181.353,-52.200,1,0.08000,-0.12000,4.800,-0.240,-1,375.000,-1,400.000,-1,300.000,325.000,300.000,350.000,-1,25.000,0.000,575.000,750.000,800.000,-1,-1,2,0,2,0,2,0,0,0,0,2,1,1,1,0,0,2,2
239,-975.136,4908.064,181.840,-52.680,0,0.16000,-0.24000,9.600,-0.480,-1,375.000,-1,400.000,-1,300.000,325.000,300.000,350.000,-1,25.000,0.000,575.000,750.000,800.000,-1,-1,2,0,2,0,2,0,0,0,0,2,1,1,1,0,0,2,2
240,-966.551,4896.504,182.567,-53.400,0,0.24000,-0.36000,14.400,-0.720,-1,375.000,-1,400.000,-1,300.000,325.000,300.000,350.000,-1,50.000,0.000,575.000,750.000,800.000,-1,-1,2,0,2,0,2,0,0,0,0,2,1,1,1,0,0,2,2
241,-955.363,4880.900,183.532,-54.360,0,0.32000,-0.48000,19.200,-0.960,-1,375.000,-1,400.000,-1,325.000,325.000,300.000,350.000,-1,50.000,0.000,575.000,775.000,800.000,-1,-1,2,0,2,0,2,0,0,0,0,2,1,1,1,0,0,2,2
242,-941.790,4861.107,184.732,-55.560,0,0.40000,-0.60000,24.000,-1.200,-1,375.000,-1,400.000,-1,325.000,325.000,300.000,325.000,-1,100.000,25.000,600.000,775.000,800.000,-1,-1,2,0,2,0,2,0,0,0,0,2,1,1,1,0,0,2,2
243,-926.104,4836.953,186.166,-57.000,0,0.48000,-0.72000,28.800,-1.440,-1,375.000,-1,400.000,-1,325.000,325.000,300.000,325.000,-1,125.000,50.000,600.000,800.000,800.000,-1,-1,2,0,2,0,2,0,0,0,0,2,1,1,1,0,0,2,2
244,-908.638,4808.249,187.830,-58.680,0,0.56000,-0.84000,33.600,-1.680,-1,375.000,-1,400.000,-1,325.000,325.000,300.000,325.000,-1,150.000,75.000,600.000,800.000,800.000,-1,-1,2,0,2,0,2,0,0,0,0,2,1,1,1,0,0,2,2
245,-891.176,4777.259,189.601,-60.600,0,0.59285,-0.96000,35.571,-1.920,-1,375.000,-1,400.000,-1,325.000,325.000,300.000,325.000,-1,200.000,100.000,625.000,825.000,825.000,-1,-1,2,0,2,0,2,0,0,0,0,2,1,1,1,0,0,2,2
246,-874.727,4745.525,191.435,-62.600,0,0.59574,-1.00000,35.745,-2.000,-1,400.000,-1,400.000,-1,325.000,325.000,300.000,325.000,-1,275.000,125.000,625.000,825.000,825.000,-1,-1,2,0,2,0,2,0,0,0,0,2,1,1,1,0,0,2,2
247,-859.319,4713.077,193.613,-64.600,0,0.59867,-1.00000,35.920,-2.000,-1,400.000,-1,400.000,-1,325.000,325.000,300.000,300.000,-1,350.000,175.000,650.000,825.000,825.000,-1,-1,2,0,2,0,2,0,0,0,0,2,1,1,1,0,0,2,2
248,-844.984,4679.950,195.694,-66.600,0,0.60159,-1.00000,36.096,-2.000,-1,400.000,-1,400.000,-1,325.000,325.000,300.000,300.000,-1,425.000,225.000,675.000,825.000,825.000,-1,-1,2,0,2,0,2,0,0,0,0,2,1,1,1,0,0,2,2
249,-831.750,4646.180,197.647,-68.600,0,0.60451,-1.00000,36.271,-2.000,-1,400.000,-1,400.000,-1,325.000,325.000,300.000,300.000,-1,525.000,300.000,700.000,825.000,825.000,-1,-1,2,0,2,0,2,0,0,0,0,2,1,1,1,0,0,2,2
250,-819.644,4611.805,199.434,-70.600,0,0.60741,-1.00000,36.445,-2.000,-1,400.000,-1,400.000,-1,325.000,325.000,300.000,300.000,-1,650.000,350.000,725.000,825.000,825.000,-1,-1,2,0,2,0,2,0,0,0,0,2,1,1,1,0,0,2,2
251,-808.694,4576.863,201.111,-72.600,0,0.61029,-1.00000,36.617,-2.000,-1,400.000,-1,400.000,-1,325.000,325.000,325.000,300.000,-1,800.000,450.000,750.000,825.000,800.000,-1,-1,2,0,2,0,2,0,0,0,0,2,1,1,1,0,0,2,2
252,-798.973,4542.141,202.655,-74.360,0,0.60096,-0.88000,36.057,-1.760,-1,400.000,-1,400.000,-1,325.000,325.000,325.000,300.000,-1,1000.000,550.000,775.000,800.000,800.000,-1,-1,2,0,2,0,2,0,0,0,0,2,1,1,1,0,0,2,2
253,-790.138,4507.016,203.915,-75.880,0,0.60364,-0.76000,36.218,-1.520,-1,400.000,-1,400.000,-1,325.000,325.000,325.000,300.000,-1,-1,650.000,775.000,800.000,800.000,-1,-1,2,0,2,0,2,0,0,0,0,2,2,1,1,0,0,2,2
254,-782.055,4471.554,204.997,-77.160,0,0.60619,-0.64000,36.372,-1.280,-1,400.000,-1,400.000,-1,325.000,325.000,325.000,300.000,-1,-1,750.000,825.000,800.000,800.000,-1,-1,2,0,2,0,2,0,0,0,0,2,2,1,1,0,0,2,2
255,-774.587,4435.809,206.020,-78.200,0,0.60862,-0.52000,36.517,-1.040,-1,400.000,-1,400.000,-1,325.000,325.000,325.000,300.000,-1,-1,875.000,850.000,775.000,800.000,-1,-1,2,0,2,0,2,0,0,0,0,2,2,1,1,0,0,2,2
256,-767.693,4399.806,206.986,-79.160,0,0.61094,-0.48019,36.656,-0.960,-1,400.000,-1,400.000,-1,325.000,325.000,325.000,300.000,-1,-1,-1,875.000,775.000,800.000,-1,-1,2,0,2,0,2,0,0,0,0,2,2,2,1,0,0,2,2
257,-761.377,4363.559,207.893,-80.115,0,0.61322,-0.47726,36.793,-0.955,-1,400.000,-1,400.000,-1,325.000,325.000,325.000,300.000,-1,-1,-1,900.000,775.000,800.000,-1,-1,2,0,2,0,2,0,0,0,0,2,2,2,1,0,0,2,2
258,-755.640,4327.078,208.741,-81.064,0,0.61549,-0.47433,36.929,-0.949,-1,400.000,-1,400.000,-1,325.000,325.000,325.000,300.000,-1,-1,-1,925.000,775.000,800.000,-1,-1,2,0,2,0,2,0,0,0,0,2,2,2,1,0,0,2,2
259,-750.486,4290.373,209.528,-82.006,0,0.61775,-0.47140,37.065,-0.943,-1,400.000,-1,400.000,-1,325.000,325.000,325.000,300.000,-1,-1,-1,950.000,750.000,800.000,-1,-1,2,0,2,0,2,0,0,0,0,2,2,2,1,0,0,2,2
260,-745.916,4253.455,210.255,-82.943,0,0.62000,-0.46846,37.200,-0.937,-1,400.000,-1,400.000,-1,325.000,325.000,325.000,300.000,-1,-1,-1,975.000,750.000,800.000,-1,-1,2,0,2,0,2,0,0,0,0,2,2,2,1,0,0,2,2
261,-741.932,4216.334,210.919,-83.874,0,0.62224,-0.46552,37.335,-0.931,-1,400.000,-1,400.000,-1,325.000,325.000,325.000,300.000,-1,-1,-1,1000.000,750.000,800.000,-1,-1,2,0,2,0,2,0,0,0,0,2,2,2,1,0,0,2,2
262,-738.536,4179.019,211.519,-84.799,0,0.62447,-0.46258,37.468,-0.925,-1,400.000,-1,400.000,-1,325.000,325.000,325.000,300.000,-1,-1,-1,-1,725.000,800.000,-1,-1,2,0,2,0,2,0,0,0,0,2,2,2,2,0,0,2,2
263,-735.729,4141.523,212.056,-85.719,0,0.62670,-0.45964,37.602,-0.919,-1,400.000,-1,400.000,-1,325.000,325.000,325.000,300.000,-1,-1,-1,-1,725.000,800.000,-1,-1,2,0,2,0,2,0,0,0,0,2,2,2,2,0,0,2,2
264,-733.512,4103.853,212.528,-86.632,0,0.62891,-0.45670,37.735,-0.913,-1,400.000,-1,400.000,-1,325.000,325.000,325.000,300.000,-1,-1,-1,-1,725.000,800.000,-1,-1,2,0,2,0,2,0,0,0,0,2,2,2,2,0,0,2,2
265,-731.886,4066.022,212.935,-87.540,0,0.63111,-0.45375,37.867,-0.907,-1,375.000,-1,400.000,-1,325.000,325.000,325.000,300.000,-1,-1,-1,-1,725.000,800.000,-1,-1,2,0,2,0,2,0,0,0,0,2,2,2,2,0,0,2,2
266,-730.853,4028.038,213.274,-88.441,0,0.63330,-0.45080,37.998,-0.902,-1,375.000,-1,400.000,-1,325.000,325.000,325.000,300.000,-1,-1,-1,-1,725.000,800.000,-1,-1,2,0,2,0,2,0,0,0,0,2,2,2,2,0,0,2,2
267,-730.411,3989.911,213.546,-89.337,0,0.63548,-0.44785,38.129,-0.896,-1,375.000,-1,400.000,-1,325.000,325.000,325.000,300.000,-1,-1,-1,-1,725.000,800.000,-1,-1,2,0,2,0,2,0,0,0,0,2,2,2,2,0,0,2,2
268,-730.566,3951.101,213.752,-90.228,0,0.64685,-0.44555,38.811,-0.891,-1,375.000,-1,400.000,-1,325.000,325.000,325.000,300.000,-1,-1,-1,-1,725.000,800.000,-1,-1,2,0,2,0,2,0,0,0,0,2,2,2,2,0,0,2,2
269,-731.322,3912.255,213.754,-91.116,0,0.64755,-0.44377,38.853,-0.888,-1,375.000,-1,400.000,-1,325.000,325.000,325.000,300.000,-1,-1,-1,-1,725.000,800.000,-1,-1,2,0,2,0,2,0,0,0,0,2,2,2,2,0,0,2,2
270,-732.679,3873.384,213.663,-92.000,0,0.64825,-0.44198,38.895,-0.884,-1,375.000,-1,400.000,-1,325.000,325.000,325.000,300.000,-1,-1,-1,-1,725.000,800.000,-1,-1,2,0,2,0,2,0,0,0,0,2,2,2,2,0,0,2,2
271,-734.636,3834.494,213.497,-92.880,0,0.64897,-0.44019,38.938,-0.880,-1,375.000,-1,400.000,-1,325.000,325.000,325.000,300.000,-1,-1,-1,-1,725.000,800.000,-1,-1,2,0,2,0,2,0,0,0,0,2,2,2,2,0,0,2,2
272,-737.190,3795.596,213.254,-93.757,0,0.64971,-0.43838,38.982,-0.877,-1,375.000,-1,400.000,-1,325.000,325.000,325.000,300.000,-1,-1,-1,-1,725.000,800.000,-1,-1,2,0,2,0,2,0,0,0,0,2,2,2,2,0,0,2,2
273,-740.340,3756.696,212.935,-94.630,0,0.65045,-0.43657,39.027,-0.873,-1,375.000,-1,400.000,-1,325.000,325.000,325.000,300.000,-1,-1,-1,-1,725.000,800.000,-1,-1,2,0,2,0,2,0,0,0,0,2,2,2,2,0,0,2,2
274,-744.084,3717.804,212.538,-95.499,0,0.65120,-0.43475,39.072,-0.869,-1,375.000,-1,400.000,-1,325.000,325.000,325.000,300.000,-1,-1,-1,-1,725.000,825.000,-1,-1,2,0,2,0,2,0,0,0,0,2,2,2,2,0,0,2,2
275,-748.421,3678.927,212.061,-96.365,0,0.65197,-0.43292,39.118,-0.866,-1,375.000,-1,400.000,-1,325.000,325.000,325.000,300.000,-1,-1,-1,-1,725.000,825.000,-1,-1,2,0,2,0,2,0,0,0,0,2,2,2,2,0,0,2,2
276,-753.348,3640.074,211.504,-97.227,0,0.65274,-0.43109,39.164,-0.862,-1,400.000,-1,400.000,-1,325.000,325.000,325.000,300.000,-1,-1,-1,-1,725.000,825.000,-1,-1,2,0,2,0,2,0,0,0,0,2,2,2,2,0,0,2,2
277,-758.863,3601.252,210.866,-98.086,0,0.65352,-0.42924,39.211,-0.858,-1,400.000,-1,400.000,-1,325.000,325.000,325.000,300.000,-1,-1,-1,-1,725.000,825.000,-1,-1,2,0,2,0,2,0,0,0,0,2,2,2,2,0,0,2,2
278,-764.965,3562.471,210.147,-98.941,0,0.65431,-0.42739,39.259,-0.855,-1,400.000,-1,400.000,-1,325.000,325.000,325.000,300.000,-1,-1,-1,-1,725.000,850.000,-1,-1,2,0,2,0,2,0,0,0,0,2,2,2,2,0,0,2,2
279,-771.649,3523.736,209.344,-99.792,0,0.65511,-0.42553,39.307,-0.851,-1,400.000,-1,400.000,-1,325.000,325.000,325.000,300.000,-1,-1,-1,-1,725.000,850.000,-1,-1,2,0,2,0,2,0,0,0,0,2,2,2,2,0,0,2,2
280,-778.915,3485.058,208.458,-100.639,0,0.65592,-0.42367,39.355,-0.847,-1,400.000,-1,400.000,-1,325.000,325.000,325.000,300.000,-1,-1,-1,-1,725.000,850.000,-1,-1,2,0,2,0,2,0,0,0,0,2,2,2,2,0,0,2,2
281,-786.759,3446.443,207.487,-101.483,0,0.65673,-0.42180,39.404,-0.844,-1,400.000,-1,400.000,-1,325.000,325.000,325.000,300.000,-1,-1,-1,-1,725.000,850.000,-1,-1,2,0,2,0,2,0,0,0,0,2,2,2,2,0,0,2,2
282,-794.005,3412.606,206.582,-102.086,0,0.57673,-0.30180,34.604,-0.604,-1,400.000,-1,400.000,-1,325.000,325.000,300.000,300.000,-1,-1,-1,-1,725.000,850.000,-1,-1,2,0,2,0,2,0,0,0,0,2,2,2,2,0,0,2,2
283,-800.430,3383.503,205.774,-102.450,0,0.49673,-0.18180,29.804,-0.364,-1,400.000,-1,400.000,-1,325.000,325.000,300.000,300.000,-1,-1,-1,-1,725.000,875.000,-1,-1,2,0,2,0,2,0,0,0,0,2,2,2,2,0,0,2,2
284,-805.873,3359.099,205.087,-102.573,0,0.41673,-0.06180,25.004,-0.124,-1,400.000,-1,400.000,-1,325.000,325.000,300.000,300.000,-1,-1,-1,-1,725.000,875.000,-1,-1,2,0,2,0,2,0,0,0,0,2,2,2,2,0,0,2,2
285,-810.231,3339.371,204.555,-102.457,0,0.33673,0.05820,20.204,0.116,-1,400.000,-1,400.000,-1,325.000,325.000,300.000,300.000,-1,-1,-1,-1,725.000,875.000,-1,-1,2,0,2,0,2,0,0,0,0,2,2,2,2,0,0,2,2
286,-813.472,3324.313,204.168,-102.147,0,0.25673,0.15490,15.404,0.310,-1,400.000,-1,400.000,-1,325.000,325.000,300.000,300.000,-1,-1,-1,-1,725.000,875.000,-1,-1,2,0,2,0,2,0,0,0,0,2,2,2,2,0,0,2,2
287,-815.647,3313.934,203.918,-101.836,0,0.17673,0.15569,10.604,0.311,-1,375.000,-1,400.000,-1,325.000,325.000,300.000,300.000,-1,-1,-1,-1,725.000,875.000,-1,-1,2,0,2,0,2,0,0,0,0,2,2,2,2,0,0,2,2
288,-816.806,3308.248,203.786,-101.523,0,0.09673,0.15623,5.804,0.312,-1,375.000,-1,400.000,-1,325.000,325.000,300.000,300.000,-1,-1,-1,-1,725.000,875.000,-1,-1,2,0,2,0,2,0,0,0,0,2,2,2,2,0,0,2,2
289,-817.002,3307.263,203.767,-101.210,0,0.01673,0.15653,1.004,0.313,-1,375.000,-1,400.000,-1,325.000,325.000,300.000,300.000,-1,-1,-1,-1,725.000,875.000,-1,-1,2,0,2,0,2,0,0,0,0,2,2,2,2,0,0,2,2
290,-816.284,3310.991,203.854,-100.897,0,-0.06327,0.15659,-3.796,0.313,-1,375.000,-1,400.000,-1,325.000,325.000,300.000,300.000,-1,-1,-1,-1,725.000,875.000,-1,-1,2,0,2,0,2,0,0,0,0,2,2,2,2,0,0,2,2
291,-814.847,3318.680,204.023,-100.584,0,-0.13036,0.15639,-7.822,0.313,-1,375.000,-1,400.000,-1,325.000,325.000,300.000,300.000,-1,-1,-1,-1,725.000,875.000,-1,-1,2,0,2,0,2,0,0,0,0,2,2,2,2,0,0,2,2
292,-813.450,3326.388,204.194,-100.272,0,-0.13057,0.15597,-7.834,0.312,-1,375.000,-1,400.000,-1,325.000,325.000,300.000,300.000,-1,-1,-1,-1,725.000,875.000,-1,-1,2,0,2,0,2,0,0,0,0,2,2,2,2,0,0,2,2
293,-812.093,3334.116,204.361,-99.961,0,-0.13077,0.15555,-7.846,0.311,-1,375.000,-1,400.000,-1,325.000,325.000,300.000,300.000,-1,-1,-1,-1,725.000,875.000,-1,-1,2,0,2,0,2,0,0,0,0,2,2,2,2,0,0,2,2
294,-810.775,3341.864,204.528,-99.651,0,-0.13098,0.15513,-7.859,0.310,-1,375.000,-1,400.000,-1,325.000,325.000,300.000,300.000,-1,-1,-1,-1,725.000,850.000,-1,-1,2,0,2,0,2,0,0,0,0,2,2,2,2,0,0,2,2
295,-809.498,3349.631,204.696,-99.342,0,-0.13119,0.15471,-7.872,0.309,-1,375.000,-1,400.000,-1,325.000,325.000,300.000,300.000,-1,-1,-1,-1,725.000,850.000,-1,-1,2,0,2,0,2,0,0,0,0,2,2,2,2,0,0,2,2
296,-808.260,3357.417,204.858,-99.033,0,-0.13141,0.15429,-7.884,0.309,-1,375.000,-1,400.000,-1,325.000,325.000,300.000,300.000,-1,-1,-1,-1,725.000,850.000,-1,-1,2,0,2,0,2,0,0,0,0,2,2,2,2,0,0,2,2
297,-807.062,3365.223,205.014,-98.725,0,-0.13162,0.15386,-7.897,0.308,-1,375.000,-1,400.000,-1,325.000,325.000,300.000,300.000,-1,-1,-1,-1,725.000,850.000,-1,-1,2,0,2,0,2,0,0,0,0,2,2,2,2,0,0,2,2
298,-805.150,3377.776,205.254,-98.658,0,-0.21162,0.03386,-12.697,0.068,-1,375.000,-1,400.000,-1,325.000,325.000,300.000,300.000,-1,-1,-1,-1,725.000,850.000,-1,-1,2,0,2,0,2,0,0,0,0,2,2,2,2,0,0,2,2
299,-802.465,3395.066,205.585,-98.830,0,-0.29162,-0.08614,-17.497,-0.172,-1,375.000,-1,400.000,-1,325.000,325.000,300.000,300.000,-1,-1,-1,-1,725.000,850.000,-1,-1,2,0,2,0,2,0,0,0,0,2,2,2,2,0,0,2,2
