timestep,x_cm,y_cm,z_cm,yaw_deg,teleport_flag,throttle_cmd,steering_cmd,cmd_move_cm,cmd_turn_deg,lidar_cm_0,lidar_cm_1,lidar_cm_2,lidar_cm_3,lidar_cm_4,lidar_cm_5,lidar_cm_6,lidar_cm_7,lidar_cm_8,lidar_cm_9,lidar_cm_10,lidar_cm_11,lidar_cm_12,lidar_cm_13,lidar_cm_14,lidar_cm_15,lidar_cm_16,lidar_class_0,lidar_class_1,lidar_class_2,lidar_class_3,lidar_class_4,lidar_class_5,lidar_class_6,lidar_class_7,lidar_class_8,lidar_class_9,lidar_class_10,lidar_class_11,lidar_class_12,lidar_class_13,lidar_class_14,lidar_class_15,lidar_class_16
0,-2951.695,3607.627,59.088,-10.233,1,0.00000,0.00000,4.800,0.240,200.000,450.000,-1,525.000,-1,475.000,450.000,325.000,250.000,975.000,200.000,200.000,775.000,775.000,-1,275.000,-1,1,1,2,0,2,0,0,1,0,1,1,1,0,1,2,1,2
1,-2956.421,3608.464,59.084,-10.046,0,-0.08000,0.09330,-4.800,0.187,200.000,450.000,-1,525.000,-1,475.000,450.000,325.000,250.000,975.000,200.000,200.000,775.000,775.000,-1,275.000,-1,1,1,2,0,2,0,0,1,0,1,1,1,0,1,2,1,2
2,-2965.880,3610.108,58.990,-9.859,0,-0.16000,0.09393,-9.600,0.188,200.000,425.000,-1,500.000,-1,475.000,425.000,325.000,250.000,1000.000,200.000,200.000,800.000,750.000,-1,275.000,-1,1,1,2,0,2,0,0,1,0,1,1,1,0,1,2,1,2
3,-2979.525,3612.433,58.798,-9.668,0,-0.23069,0.09520,-13.842,0.190,200.000,425.000,-1,500.000,-1,475.000,425.000,350.000,250.000,1000.000,200.000,225.000,825.000,725.000,-1,275.000,-1,1,1,2,0,2,0,0,1,0,1,1,1,0,1,2,1,2
4,-2993.175,3614.711,58.578,-9.474,0,-0.23066,0.09700,-13.839,0.194,200.000,400.000,-1,500.000,-1,450.000,425.000,375.000,250.000,1000.000,225.000,250.000,850.000,700.000,-1,250.000,-1,1,1,2,0,2,0,0,1,0,1,1,1,0,1,2,1,2
5,-3006.826,3616.940,58.331,-9.277,0,-0.23054,0.09879,-13.832,0.198,200.000,400.000,-1,500.000,-1,450.000,425.000,400.000,250.000,-1,225.000,250.000,900.000,675.000,-1,250.000,-1,1,1,2,0,2,0,0,1,0,2,1,1,0,1,2,1,2
6,-3020.473,3619.120,58.057,-9.075,0,-0.23032,0.10057,-13.819,0.201,200.000,400.000,-1,475.000,-1,450.000,425.000,400.000,250.000,-1,225.000,275.000,950.000,650.000,-1,250.000,-1,1,1,2,0,2,0,0,1,0,2,1,1,0,1,2,1,2
7,-3034.109,3621.248,57.755,-8.871,0,-0.23002,0.10232,-13.801,0.205,200.000,400.000,-1,475.000,-1,450.000,400.000,425.000,250.000,-1,225.000,350.000,1000.000,625.000,1000.000,250.000,-1,1,1,2,0,2,0,0,1,0,2,1,1,0,1,0,1,2
8,-3047.728,3623.323,57.426,-8.663,0,-0.22961,0.10405,-13.777,0.208,200.000,375.000,-1,475.000,-1,425.000,400.000,450.000,250.000,-1,225.000,-1,-1,600.000,1000.000,250.000,-1,1,1,2,0,2,0,0,1,0,2,1,2,2,1,0,1,2
9,-3061.325,3625.344,57.070,-8.451,0,-0.22910,0.10576,-13.746,0.212,225.000,375.000,-1,475.000,-1,425.000,400.000,500.000,250.000,-1,250.000,-1,-1,575.000,975.000,250.000,-1,1,1,2,0,2,0,0,1,0,2,1,2,2,1,0,1,2
10,-3074.893,3627.307,56.688,-8.236,0,-0.22849,0.10744,-13.709,0.215,225.000,375.000,-1,475.000,-1,425.000,400.000,525.000,250.000,-1,-1,-1,-1,550.000,950.000,250.000,-1,1,1,2,0,2,0,0,1,0,2,2,2,2,1,0,1,2
11,-3088.425,3629.214,56.280,-8.018,0,-0.22776,0.10910,-13.666,0.218,225.000,350.000,-1,450.000,-1,425.000,400.000,550.000,250.000,-1,-1,-1,-1,525.000,925.000,250.000,-1,1,1,2,0,2,0,0,1,0,2,2,2,2,1,0,1,2
12,-3101.915,3631.061,55.846,-7.797,0,-0.22693,0.11074,-13.616,0.221,225.000,350.000,-1,450.000,-1,400.000,375.000,550.000,250.000,-1,-1,-1,-1,500.000,900.000,250.000,-1,1,1,2,0,2,1,0,1,0,2,2,2,2,1,0,1,2
13,-3115.355,3632.847,55.387,-7.572,0,-0.22597,0.11234,-13.558,0.225,225.000,350.000,-1,450.000,-1,375.000,375.000,525.000,250.000,-1,-1,-1,-1,500.000,900.000,250.000,-1,1,1,2,0,2,1,0,1,0,2,2,2,2,1,0,1,2
14,-3128.738,3634.572,54.903,-7.344,0,-0.22490,0.11391,-13.494,0.228,225.000,350.000,-1,450.000,-1,375.000,375.000,525.000,250.000,-1,-1,-1,-1,500.000,875.000,250.000,-1,1,1,2,0,2,1,0,1,0,2,2,2,2,1,0,1,2
15,-3142.057,3636.234,54.395,-7.113,0,-0.22371,0.11545,-13.422,0.231,225.000,350.000,-1,425.000,-1,375.000,375.000,500.000,250.000,-1,-1,-1,-1,475.000,850.000,250.000,-1,1,1,2,0,2,1,0,1,0,2,2,2,2,1,0,1,2
16,-3150.613,3637.303,54.067,-7.122,0,-0.14371,-0.00455,-8.622,-0.009,225.000,325.000,-1,425.000,-1,350.000,375.000,500.000,275.000,-1,-1,-1,-1,475.000,850.000,250.000,-1,1,1,2,0,2,1,0,1,0,2,2,2,2,1,0,1,2
17,-3154.404,3637.793,53.935,-7.365,0,-0.06371,-0.12130,-3.822,-0.243,225.000,325.000,-1,425.000,-1,350.000,350.000,475.000,275.000,-1,-1,-1,-1,475.000,825.000,275.000,-1,1,1,2,0,2,1,0,1,0,2,2,2,2,1,0,1,2
18,-3153.435,3637.664,53.983,-7.607,0,0.01629,-0.12087,0.978,-0.242,225.000,350.000,-1,425.000,-1,350.000,350.000,500.000,275.000,-1,-1,-1,-1,475.000,825.000,275.000,-1,1,1,2,0,2,1,0,1,0,2,2,2,2,1,0,1,2
19,-3147.712,3636.875,54.200,-7.849,0,0.09629,-0.12098,5.778,-0.242,225.000,350.000,-1,425.000,-1,375.000,375.000,500.000,275.000,-1,-1,-1,-1,500.000,850.000,275.000,-1,1,1,2,0,2,1,0,1,0,2,2,2,2,1,0,1,2
20,-3137.240,3635.386,54.571,-8.092,0,0.17629,-0.12163,10.578,-0.243,225.000,350.000,-1,425.000,-1,375.000,375.000,525.000,250.000,-1,-1,-1,-1,500.000,850.000,275.000,-1,1,1,2,0,2,1,0,1,0,2,2,2,2,1,0,1,2
21,-3122.025,3633.156,55.077,-8.337,0,0.25629,-0.12283,15.378,-0.246,225.000,350.000,-1,450.000,-1,400.000,375.000,525.000,250.000,-1,-1,-1,-1,500.000,875.000,275.000,-1,1,1,2,0,2,1,0,1,0,2,2,2,2,1,0,1,2
22,-3102.073,3630.144,55.694,-8.587,0,0.33629,-0.12460,20.178,-0.249,225.000,375.000,-1,450.000,-1,400.000,375.000,550.000,250.000,-1,-1,-1,-1,525.000,900.000,275.000,-1,1,1,2,0,2,0,0,1,0,2,2,2,2,1,0,1,2
23,-3077.393,3626.305,56.393,-8.841,0,0.41629,-0.12698,24.978,-0.254,225.000,375.000,-1,450.000,-1,425.000,400.000,500.000,250.000,-1,-1,-1,-1,575.000,950.000,275.000,-1,1,1,2,0,2,0,0,1,0,2,2,2,2,1,0,1,2
24,-3047.990,3621.595,57.139,-9.101,0,0.49629,-0.12998,29.778,-0.260,225.000,400.000,-1,475.000,-1,425.000,400.000,450.000,250.000,-1,225.000,-1,-1,625.000,975.000,275.000,-1,1,1,2,0,2,0,0,1,0,2,1,2,2,1,0,1,2
25,-3015.396,3616.218,57.856,-9.368,0,0.55058,-0.13364,33.035,-0.267,200.000,400.000,-1,500.000,-1,450.000,425.000,400.000,250.000,-1,225.000,275.000,950.000,675.000,-1,275.000,-1,1,1,2,0,2,0,0,1,0,2,1,1,0,1,2,1,2
26,-2982.859,3610.690,58.449,-9.643,0,0.55004,-0.13780,33.003,-0.276,200.000,425.000,-1,500.000,-1,450.000,425.000,350.000,250.000,1000.000,200.000,225.000,850.000,725.000,-1,275.000,-1,1,1,2,0,2,0,0,1,0,1,1,1,0,1,2,1,2
27,-2950.357,3605.001,58.912,-9.928,0,0.54994,-0.14204,32.996,-0.284,200.000,450.000,-1,525.000,-1,475.000,450.000,325.000,250.000,975.000,200.000,200.000,775.000,775.000,-1,275.000,-1,1,1,2,0,2,0,0,1,0,1,1,1,0,1,2,1,2
28,-2913.171,3598.238,59.251,-10.307,0,0.62994,-0.18980,37.796,-0.380,175.000,475.000,-1,525.000,-1,475.000,450.000,275.000,250.000,950.000,200.000,175.000,700.000,850.000,-1,275.000,-1,1,1,2,0,2,0,0,1,0,1,1,1,0,1,2,1,2
29,-2871.310,3590.353,59.448,-10.667,0,0.70994,-0.18015,42.596,-0.360,175.000,500.000,-1,550.000,-1,500.000,475.000,250.000,250.000,925.000,200.000,150.000,650.000,925.000,-1,275.000,-1,1,1,2,0,2,0,0,1,0,1,1,1,0,1,2,1,2
30,-2825.813,3581.505,59.444,-11.006,0,0.77250,-0.16906,46.350,-0.338,150.000,550.000,-1,550.000,-1,500.000,475.000,200.000,250.000,950.000,200.000,125.000,600.000,1000.000,-1,-1,-1,1,1,2,0,2,0,0,1,0,1,1,1,0,1,2,2,2
31,8855.085,6887.288,-75.694,128.459,1,0.00000,0.00000,45.949,-0.313,525.000,400.000,-1,425.000,-1,325.000,325.000,300.000,300.000,675.000,500.000,600.000,900.000,625.000,-1,650.000,-1,1,0,2,0,2,0,0,0,0,1,1,1,0,1,2,1,2
32,8858.086,6883.542,-75.909,128.699,0,-0.08000,0.12000,-4.800,0.240,525.000,400.000,-1,425.000,-1,325.000,325.000,300.000,300.000,675.000,500.000,600.000,900.000,625.000,-1,675.000,-1,1,0,2,0,2,0,0,0,0,1,1,1,0,1,2,1,2
33,8864.151,6876.100,-76.328,129.179,0,-0.16000,0.24000,-9.600,0.480,525.000,400.000,-1,425.000,-1,325.000,325.000,300.000,300.000,675.000,500.000,575.000,900.000,625.000,-1,675.000,-1,1,0,2,0,2,0,0,0,0,1,1,1,0,1,2,1,2
34,8873.387,6865.053,-76.889,129.899,0,-0.24000,0.36000,-14.400,0.720,550.000,400.000,-1,425.000,-1,325.000,325.000,300.000,300.000,650.000,500.000,575.000,875.000,625.000,-1,675.000,-1,1,0,2,0,2,0,0,0,0,1,1,1,0,1,2,1,2
35,8885.646,6850.881,-77.604,130.859,0,-0.31230,0.48000,-18.738,0.960,550.000,400.000,-1,425.000,-1,325.000,325.000,300.000,300.000,650.000,475.000,575.000,850.000,625.000,1000.000,675.000,-1,1,0,2,0,2,0,0,0,0,1,1,1,0,1,0,1,2
36,8898.129,6837.045,-78.284,132.059,0,-0.31058,0.60000,-18.635,1.200,550.000,400.000,-1,425.000,-1,325.000,325.000,325.000,300.000,625.000,475.000,575.000,850.000,625.000,1000.000,675.000,-1,1,0,2,0,2,0,0,0,0,1,1,1,0,1,0,1,2
37,8910.832,6823.659,-79.093,133.499,0,-0.30757,0.72000,-18.454,1.440,550.000,400.000,-1,425.000,-1,325.000,325.000,325.000,300.000,600.000,475.000,550.000,825.000,625.000,975.000,675.000,-1,1,0,2,0,2,0,0,0,0,1,1,1,0,1,0,1,2
38,8923.731,6810.839,-79.998,135.179,0,-0.30311,0.84000,-18.186,1.680,550.000,375.000,-1,425.000,-1,325.000,325.000,325.000,300.000,575.000,475.000,525.000,825.000,625.000,975.000,650.000,-1,1,0,2,0,2,0,0,0,0,1,1,0,0,1,0,1,2
39,8936.788,6798.706,-80.879,137.099,0,-0.29706,0.96000,-17.824,1.920,550.000,375.000,-1,425.000,-1,325.000,325.000,325.000,300.000,550.000,475.000,500.000,825.000,625.000,950.000,650.000,-1,1,0,2,0,2,0,0,0,0,1,1,0,0,1,0,1,2
40,8949.907,6787.341,-81.729,139.099,0,-0.28929,1.00000,-17.357,2.000,575.000,375.000,-1,400.000,-1,325.000,325.000,325.000,325.000,525.000,475.000,450.000,825.000,600.000,925.000,625.000,-1,1,0,2,0,2,0,0,0,0,1,1,0,0,1,0,1,2
41,8962.998,6776.778,-82.547,141.099,0,-0.28035,1.00000,-16.821,2.000,600.000,375.000,-1,400.000,-1,325.000,325.000,325.000,325.000,525.000,475.000,425.000,850.000,600.000,900.000,625.000,-1,1,0,2,0,2,0,0,0,0,1,1,0,0,1,0,1,2
42,8975.982,6767.028,-83.329,143.099,0,-0.27062,1.00000,-16.237,2.000,625.000,375.000,-1,400.000,-1,300.000,325.000,325.000,325.000,500.000,475.000,400.000,850.000,600.000,875.000,625.000,-1,1,0,2,0,2,0,0,0,0,1,1,0,0,1,0,1,2
43,8988.783,6758.098,-84.074,145.099,0,-0.26014,1.00000,-15.608,2.000,650.000,375.000,-1,400.000,-1,300.000,325.000,325.000,325.000,500.000,475.000,375.000,850.000,600.000,850.000,625.000,-1,1,0,2,0,2,0,0,0,0,1,0,0,0,1,0,1,2
44,9001.327,6749.982,-84.779,147.099,0,-0.24900,1.00000,-14.940,2.000,700.000,375.000,-1,400.000,-1,300.000,325.000,325.000,325.000,475.000,425.000,350.000,875.000,600.000,825.000,650.000,-1,1,0,2,0,2,0,0,0,0,1,0,0,0,1,0,1,2
45,9013.543,6742.670,-85.443,149.099,0,-0.23729,1.00000,-14.237,2.000,725.000,350.000,-1,400.000,-1,300.000,325.000,325.000,325.000,475.000,400.000,325.000,875.000,600.000,800.000,650.000,-1,1,0,2,0,2,0,0,0,0,1,0,0,0,1,0,1,2
46,9025.366,6736.143,-86.064,151.099,0,-0.22508,1.00000,-13.505,2.000,775.000,350.000,-1,400.000,-1,300.000,300.000,325.000,325.000,475.000,375.000,300.000,900.000,600.000,775.000,675.000,-1,1,0,2,0,2,0,0,0,0,1,0,0,0,1,0,1,2
47,9036.735,6730.375,-86.643,153.099,0,-0.21248,1.00000,-12.749,2.000,850.000,350.000,-1,400.000,-1,300.000,300.000,325.000,325.000,450.000,350.000,275.000,925.000,600.000,775.000,700.000,-1,1,0,2,0,2,0,0,0,0,1,0,0,0,1,0,1,2
48,9047.596,6725.334,-87.178,155.099,0,-0.19956,1.00000,-11.974,2.000,950.000,350.000,-1,375.000,-1,300.000,300.000,325.000,325.000,450.000,325.000,275.000,925.000,600.000,750.000,725.000,-1,1,0,2,0,2,0,0,1,0,1,0,0,0,1,0,1,2
49,9057.900,6720.981,-87.663,157.099,0,-0.18642,1.00000,-11.185,2.000,-1,350.000,-1,375.000,-1,300.000,300.000,325.000,325.000,450.000,300.000,250.000,950.000,600.000,750.000,775.000,-1,2,0,2,0,2,0,0,1,0,1,0,0,0,1,0,1,2
50,9063.865,6718.702,-87.896,159.095,0,-0.10642,0.99807,-6.385,1.996,-1,350.000,-1,375.000,-1,300.000,300.000,325.000,325.000,450.000,300.000,250.000,975.000,600.000,750.000,800.000,-1,2,0,2,0,2,0,0,1,0,1,0,0,0,1,0,1,2
51,9065.365,6718.189,-87.886,161.092,0,-0.02642,0.99858,-1.585,1.997,-1,375.000,-1,375.000,-1,300.000,300.000,300.000,325.000,475.000,275.000,225.000,-1,625.000,750.000,825.000,-1,2,0,2,0,2,0,0,1,0,1,0,0,2,1,0,1,2
52,9062.289,6719.124,-87.637,163.089,0,0.05358,0.99868,3.215,1.997,-1,375.000,-1,375.000,-1,300.000,300.000,300.000,325.000,475.000,275.000,225.000,-1,625.000,725.000,875.000,-1,2,0,2,0,2,0,0,1,0,1,0,0,2,1,0,1,2
53,9054.544,6721.186,-87.153,165.086,0,0.13358,0.99852,8.015,1.997,-1,375.000,-1,375.000,-1,300.000,300.000,300.000,325.000,500.000,275.000,250.000,-1,625.000,725.000,925.000,-1,2,0,2,0,2,0,0,1,0,1,0,0,2,1,1,1,2
54,9042.054,6724.051,-86.472,167.083,0,0.21358,0.99823,12.815,1.996,-1,375.000,-1,375.000,-1,300.000,300.000,300.000,325.000,500.000,275.000,250.000,-1,625.000,700.000,1000.000,-1,2,0,2,0,2,0,0,1,0,1,0,0,2,1,1,1,2
55,9024.758,6727.388,-85.669,169.079,0,0.29358,0.99792,17.615,1.996,-1,375.000,1000.000,375.000,-1,300.000,300.000,300.000,325.000,525.000,275.000,275.000,-1,625.000,675.000,-1,975.000,2,0,1,0,2,0,0,1,0,1,0,0,2,1,1,2,1
56,9002.615,6730.866,-84.650,171.074,0,0.37358,0.99764,22.415,1.995,-1,375.000,950.000,375.000,-1,300.000,300.000,300.000,325.000,550.000,300.000,275.000,-1,625.000,650.000,-1,925.000,2,0,1,0,2,0,0,1,0,1,0,0,2,1,1,2,1
57,8975.600,6734.150,-83.421,173.069,0,0.45358,0.99746,27.215,1.995,-1,375.000,925.000,375.000,-1,300.000,300.000,300.000,325.000,575.000,300.000,300.000,-1,625.000,625.000,-1,850.000,2,0,1,0,2,0,0,1,0,1,0,0,2,1,1,2,1
58,8943.704,6736.905,-81.988,175.064,0,0.53358,0.99739,32.015,1.995,-1,375.000,925.000,375.000,-1,300.000,300.000,300.000,350.000,600.000,325.000,325.000,-1,625.000,600.000,-1,800.000,2,0,1,0,2,0,0,1,0,1,0,0,2,1,1,2,1
59,8906.938,6738.794,-80.358,177.059,0,0.61358,0.99744,36.815,1.995,-1,375.000,950.000,375.000,925.000,300.000,300.000,300.000,350.000,625.000,350.000,350.000,-1,625.000,575.000,-1,750.000,2,0,1,0,1,0,0,1,0,1,0,0,2,1,1,2,1
60,8867.509,6739.446,-78.633,179.054,0,0.65723,0.99759,39.434,1.995,-1,375.000,975.000,375.000,825.000,300.000,300.000,300.000,350.000,650.000,375.000,375.000,-1,650.000,525.000,-1,675.000,2,0,1,0,1,0,0,1,0,1,0,0,2,1,1,2,1
61,8828.064,6738.723,-76.933,181.049,0,0.65753,0.99777,39.452,1.996,-1,375.000,-1,375.000,750.000,300.000,300.000,300.000,350.000,700.000,400.000,425.000,-1,650.000,500.000,-1,625.000,2,1,2,1,1,0,0,1,0,1,0,0,2,1,1,2,1
62,8788.651,6736.626,-75.260,183.045,0,0.65782,0.99797,39.469,1.996,-1,375.000,-1,350.000,675.000,325.000,300.000,300.000,350.000,725.000,425.000,450.000,-1,700.000,475.000,-1,575.000,2,1,2,1,1,1,1,1,0,1,0,0,2,1,1,2,1
63,8749.317,6733.156,-73.617,185.042,0,0.65810,0.99819,39.486,1.996,-1,375.000,-1,325.000,600.000,300.000,300.000,300.000,350.000,750.000,450.000,475.000,-1,750.000,450.000,-1,500.000,2,1,2,1,1,1,1,1,0,1,0,0,2,1,1,2,1
64,8710.112,6728.316,-72.005,187.038,0,0.65838,0.99842,39.503,1.997,-1,375.000,-1,325.000,525.000,300.000,275.000,300.000,350.000,775.000,475.000,525.000,-1,875.000,425.000,-1,450.000,2,1,2,1,1,1,1,1,0,1,0,0,2,1,1,2,1
65,8671.083,6722.109,-70.429,189.036,0,0.65865,0.99867,39.519,1.997,-1,375.000,-1,300.000,475.000,300.000,275.000,300.000,350.000,800.000,425.000,550.000,-1,925.000,425.000,-1,400.000,2,1,2,1,1,1,1,1,0,1,0,0,2,1,1,2,1
66,8627.548,6713.810,-68.707,190.793,0,0.73865,0.87867,44.319,1.757,-1,375.000,-1,300.000,400.000,300.000,275.000,275.000,350.000,825.000,375.000,525.000,-1,975.000,400.000,-1,350.000,2,1,2,1,1,1,1,1,0,1,0,0,2,0,1,2,1
67,8581.021,6703.619,-67.022,192.354,0,0.79384,0.78060,47.630,1.561,-1,375.000,-1,275.000,325.000,300.000,250.000,275.000,325.000,850.000,375.000,525.000,-1,-1,400.000,-1,300.000,2,1,2,1,1,1,1,1,0,1,0,0,2,2,1,2,1
68,8534.748,6692.170,-62.964,193.898,0,0.79446,0.77191,47.668,1.544,-1,400.000,-1,275.000,300.000,300.000,275.000,275.000,350.000,825.000,275.000,400.000,-1,-1,425.000,-1,275.000,2,1,2,1,1,1,1,1,0,1,0,0,2,2,1,2,1
69,8488.805,6679.495,-58.519,195.423,0,0.79433,0.76222,47.660,1.524,-1,450.000,-1,300.000,300.000,325.000,275.000,250.000,400.000,800.000,200.000,325.000,-1,-1,450.000,-1,300.000,2,1,2,1,1,1,1,1,0,1,0,0,2,2,1,2,1
70,8443.267,6665.638,-54.291,196.925,0,0.79333,0.75146,47.600,1.503,-1,500.000,-1,300.000,275.000,325.000,300.000,250.000,425.000,750.000,200.000,300.000,-1,-1,475.000,-1,325.000,2,1,2,1,1,1,1,1,0,1,0,0,2,2,1,2,1
71,8398.215,6650.647,-50.384,198.405,0,0.79134,0.73959,47.480,1.479,-1,500.000,-1,325.000,275.000,350.000,300.000,250.000,425.000,750.000,175.000,300.000,-1,-1,525.000,-1,350.000,2,1,2,1,1,1,1,1,1,1,0,0,2,2,1,2,1
72,8353.734,6634.582,-47.017,199.858,0,0.78823,0.72657,47.294,1.453,-1,525.000,-1,350.000,275.000,375.000,325.000,225.000,400.000,725.000,175.000,325.000,-1,-1,-1,-1,375.000,2,1,2,1,1,1,1,1,1,1,0,0,2,2,2,2,1
73,8305.123,6615.853,-43.862,201.071,0,0.86823,0.60657,52.094,1.213,-1,550.000,-1,350.000,300.000,400.000,350.000,225.000,375.000,700.000,150.000,350.000,-1,-1,-1,-1,425.000,2,1,2,1,1,1,1,1,1,1,0,0,2,2,2,2,1
74,8256.515,6596.170,-40.803,202.044,0,0.87403,0.48657,52.442,0.973,-1,575.000,-1,375.000,300.000,450.000,350.000,225.000,350.000,675.000,150.000,350.000,-1,-1,-1,-1,-1,2,1,2,1,1,1,1,1,1,1,0,0,2,2,2,2,2
75,8208.640,6576.068,-37.400,202.777,0,0.86540,0.36657,51.924,0.733,-1,625.000,-1,450.000,325.000,475.000,400.000,200.000,300.000,650.000,125.000,325.000,-1,-1,-1,-1,-1,2,0,2,1,1,0,1,1,1,1,0,0,2,2,2,2,2
76,8161.509,6555.799,-34.545,203.270,0,0.85507,0.24657,51.304,0.493,-1,650.000,-1,600.000,-1,500.000,450.000,200.000,275.000,625.000,125.000,325.000,-1,-1,-1,-1,-1,2,0,2,1,2,0,1,1,1,1,0,0,2,2,2,2,2
77,8115.125,6535.608,-32.184,203.524,0,0.84314,0.12657,50.589,0.253,-1,650.000,-1,700.000,-1,525.000,500.000,200.000,250.000,600.000,125.000,325.000,-1,-1,-1,-1,-1,2,0,2,1,2,0,1,1,1,1,0,0,2,2,2,2,2
78,4919.492,4919.492,-104.514,148.985,1,0.00000,0.00000,49.786,0.013,-1,275.000,425.000,200.000,275.000,225.000,200.000,275.000,400.000,800.000,175.000,325.000,-1,425.000,275.000,-1,225.000,2,1,1,1,1,1,1,0,0,0,0,0,2,1,1,2,1
79,4915.367,4921.948,-103.394,149.225,0,0.08000,0.12000,4.800,0.240,-1,275.000,425.000,200.000,275.000,225.000,200.000,275.000,425.000,775.000,175.000,300.000,-1,450.000,275.000,-1,225.000,2,1,1,1,1,1,1,0,0,0,0,0,2,1,1,2,1
80,4907.097,4926.822,-101.245,149.489,0,0.16000,0.13197,9.600,0.264,-1,275.000,425.000,200.000,275.000,225.000,175.000,275.000,425.000,725.000,150.000,300.000,-1,450.000,250.000,-1,225.000,2,1,1,1,1,1,1,0,0,0,0,0,2,1,1,2,1
81,4894.658,4934.076,-98.058,149.750,0,0.24000,0.13043,14.400,0.261,-1,275.000,425.000,200.000,250.000,225.000,175.000,275.000,450.000,675.000,150.000,300.000,-1,450.000,250.000,-1,225.000,2,1,1,1,1,1,1,0,0,0,0,0,2,1,1,2,1
82,4878.029,4943.674,-93.799,150.007,0,0.32000,0.12846,19.200,0.257,-1,275.000,425.000,200.000,250.000,225.000,175.000,275.000,475.000,625.000,125.000,275.000,-1,450.000,250.000,-1,200.000,2,1,1,1,1,1,1,0,0,0,0,0,2,1,1,2,1
83,-3607.627,983.898,-62.660,-151.711,1,0.00000,0.00000,24.000,0.252,-1,375.000,-1,375.000,-1,300.000,300.000,300.000,300.000,-1,425.000,450.000,-1,725.000,675.000,-1,-1,2,0,2,0,2,0,0,0,0,2,0,0,2,0,0,2,2
84,-3611.849,981.615,-62.509,-151.598,0,0.08000,0.05622,4.800,0.112,-1,375.000,-1,375.000,-1,300.000,300.000,300.000,300.000,-1,425.000,425.000,-1,725.000,675.000,-1,-1,2,0,2,0,2,0,0,0,0,2,0,0,2,0,0,2,2
85,-3620.285,977.032,-62.203,-151.485,0,0.16000,0.05657,9.600,0.113,-1,375.000,-1,375.000,-1,300.000,300.000,300.000,300.000,-1,425.000,425.000,-1,725.000,700.000,-1,-1,2,0,2,0,2,0,0,0,0,2,0,0,2,0,0,2,2
86,-3632.924,970.133,-61.739,-151.370,0,0.24000,0.05727,14.400,0.115,-1,375.000,-1,375.000,-1,300.000,300.000,300.000,300.000,-1,425.000,425.000,-1,725.000,700.000,-1,-1,2,0,2,0,2,0,0,0,0,2,0,0,2,0,0,2,2
87,-3649.758,960.899,-61.117,-151.254,0,0.32000,0.05829,19.200,0.117,-1,375.000,-1,375.000,-1,325.000,300.000,300.000,300.000,-1,450.000,425.000,-1,725.000,700.000,-1,-1,2,0,2,0,2,0,0,0,0,2,0,0,2,0,0,2,2
88,-3670.776,949.313,-60.337,-151.135,0,0.40000,0.05960,24.000,0.119,-1,375.000,-1,375.000,-1,325.000,300.000,300.000,300.000,-1,425.000,400.000,-1,725.000,700.000,-1,-1,2,0,2,0,2,0,0,0,0,2,0,0,2,0,0,2,2
89,-3695.968,935.356,-59.396,-151.012,0,0.48000,0.06116,28.800,0.122,-1,375.000,-1,375.000,-1,325.000,325.000,300.000,300.000,-1,425.000,400.000,-1,725.000,700.000,-1,-1,2,0,2,0,2,0,0,0,0,2,0,0,2,0,0,2,2
90,-3725.323,919.008,-58.270,-150.887,0,0.56000,0.06290,33.600,0.126,-1,375.000,-1,375.000,-1,325.000,325.000,300.000,300.000,-1,400.000,400.000,-1,750.000,700.000,-1,-1,2,0,2,0,2,0,0,0,0,2,0,0,2,0,0,2,2
91,-3758.829,900.249,-56.954,-150.757,0,0.64000,0.06474,38.400,0.129,-1,400.000,-1,375.000,-1,325.000,325.000,300.000,300.000,-1,400.000,375.000,-1,750.000,700.000,-1,-1,2,0,2,0,2,0,0,0,0,2,0,0,2,0,0,2,2
92,-3796.078,879.281,-55.206,-150.624,0,0.71241,0.06661,42.745,0.133,-1,400.000,-1,375.000,-1,325.000,325.000,300.000,300.000,-1,400.000,400.000,-1,750.000,725.000,-1,-1,2,0,2,0,2,0,0,0,0,2,0,0,2,0,0,2,2
93,-3833.238,858.246,-53.382,-150.487,0,0.71168,0.06838,42.701,0.137,-1,400.000,-1,375.000,-1,325.000,325.000,300.000,300.000,-1,425.000,425.000,-1,775.000,725.000,-1,-1,2,0,2,0,2,0,0,0,0,2,0,0,2,0,0,2,2
94,-3870.306,837.143,-51.538,-150.347,0,0.71089,0.06981,42.654,0.140,-1,400.000,-1,375.000,-1,325.000,325.000,300.000,300.000,-1,450.000,425.000,-1,775.000,725.000,-1,-1,2,0,2,0,2,0,0,0,0,2,0,0,2,0,0,2,2
95,-3907.277,815.974,-49.640,-150.206,0,0.71005,0.07091,42.603,0.142,-1,400.000,-1,375.000,-1,325.000,325.000,300.000,300.000,-1,450.000,450.000,-1,775.000,725.000,-1,-1,2,0,2,0,2,0,0,0,0,2,0,0,2,0,0,2,2
96,-3944.151,794.739,-47.751,-150.062,0,0.70918,0.07168,42.551,0.143,-1,400.000,-1,375.000,-1,325.000,325.000,300.000,300.000,-1,475.000,475.000,-1,775.000,750.000,-1,-1,2,0,2,0,2,0,0,0,0,2,0,0,2,0,0,2,2
97,-3980.923,773.438,-45.870,-149.918,0,0.70828,0.07211,42.497,0.144,-1,400.000,-1,400.000,-1,325.000,325.000,300.000,300.000,-1,475.000,500.000,-1,775.000,750.000,-1,-1,2,0,2,0,2,0,0,0,0,2,0,0,2,0,0,2,2
98,-4017.595,752.072,-43.997,-149.774,0,0.70737,0.07221,42.442,0.144,-1,400.000,-1,400.000,-1,325.000,325.000,300.000,300.000,-1,500.000,500.000,-1,775.000,750.000,-1,-1,2,0,2,0,2,0,0,0,0,2,0,0,2,0,0,2,2
99,-4054.167,730.641,-41.915,-149.630,0,0.70647,0.07198,42.388,0.144,-1,400.000,-1,400.000,-1,325.000,325.000,300.000,300.000,-1,525.000,550.000,-1,800.000,750.000,-1,-1,2,0,2,0,2,0,0,0,0,2,0,0,2,0,0,2,2
100,-4090.639,709.146,-39.852,-149.487,0,0.70558,0.07143,42.335,0.143,-1,400.000,-1,400.000,-1,325.000,325.000,300.000,300.000,-1,575.000,575.000,-1,800.000,775.000,-1,-1,2,0,2,0,2,0,0,0,0,2,0,0,2,0,0,2,2
101,-4127.014,687.587,-37.800,-149.346,0,0.70473,0.07054,42.284,0.141,-1,400.000,-1,400.000,-1,325.000,325.000,300.000,300.000,-1,600.000,625.000,-1,800.000,775.000,-1,-1,2,0,2,0,2,0,0,0,0,2,0,0,2,0,0,2,2
102,-4163.295,665.965,-35.738,-149.207,0,0.70392,0.06933,42.235,0.139,-1,400.000,-1,400.000,-1,325.000,325.000,300.000,300.000,-1,650.000,675.000,-1,800.000,775.000,-1,-1,2,0,2,0,2,0,0,0,0,2,0,0,2,0,0,2,2
103,-4199.485,644.281,-33.692,-149.071,0,0.70316,0.06780,42.190,0.136,-1,400.000,-1,400.000,-1,325.000,325.000,300.000,300.000,-1,675.000,700.000,-1,800.000,775.000,-1,-1,2,0,2,0,2,0,0,0,0,2,0,0,2,0,0,2,2
104,-4235.591,622.535,-31.663,-148.940,0,0.70248,0.06594,42.149,0.132,-1,400.000,-1,400.000,-1,325.000,325.000,300.000,300.000,-1,725.000,750.000,-1,800.000,775.000,-1,-1,2,0,2,0,2,0,0,0,0,2,0,0,2,0,0,2,2
105,-4271.617,600.727,-29.628,-148.812,0,0.70188,0.06377,42.113,0.128,-1,400.000,-1,400.000,-1,325.000,325.000,300.000,300.000,-1,775.000,800.000,-1,825.000,775.000,-1,-1,2,0,2,0,2,0,0,0,0,2,0,0,2,0,0,2,2
106,-4307.571,578.858,-27.575,-148.689,0,0.70137,0.06127,42.082,0.123,-1,400.000,-1,400.000,-1,325.000,325.000,300.000,300.000,-1,825.000,825.000,-1,825.000,775.000,-1,-1,2,0,2,0,2,0,0,0,0,2,0,0,2,0,0,2,2
107,-4343.459,556.928,-25.543,-148.573,0,0.70096,0.05846,42.058,0.117,-1,400.000,-1,400.000,-1,325.000,325.000,300.000,300.000,-1,850.000,875.000,-1,825.000,800.000,-1,-1,2,0,2,0,2,0,0,0,0,2,0,0,2,0,0,2,2
108,-4379.289,534.938,-23.532,-148.462,0,0.70067,0.05534,42.040,0.111,-1,400.000,-1,400.000,-1,325.000,325.000,300.000,300.000,-1,900.000,925.000,-1,850.000,800.000,-1,-1,2,0,2,0,2,0,0,0,0,2,0,0,2,0,0,2,2
109,-4415.072,512.889,-21.524,-148.358,0,0.70051,0.05190,42.031,0.104,-1,400.000,-1,400.000,-1,325.000,325.000,300.000,300.000,-1,950.000,975.000,-1,850.000,800.000,-1,-1,2,0,2,0,2,0,0,0,0,2,0,0,2,0,0,2,2
110,-4450.817,490.779,-19.470,-148.262,0,0.70049,0.04814,42.030,0.096,-1,400.000,-1,400.000,-1,325.000,325.000,300.000,300.000,-1,-1,-1,-1,875.000,800.000,-1,-1,2,0,2,0,2,0,0,0,0,2,2,2,2,0,0,2,2
111,-4486.533,468.611,-17.440,-148.174,0,0.70062,0.04408,42.037,0.088,-1,400.000,-1,400.000,-1,325.000,325.000,300.000,300.000,-1,-1,-1,-1,875.000,825.000,-1,-1,2,0,2,0,2,0,0,0,0,2,2,2,2,0,0,2,2
112,-4522.234,446.384,-15.441,-148.094,0,0.70091,0.03971,42.055,0.079,-1,400.000,-1,400.000,-1,325.000,325.000,300.000,300.000,-1,-1,-1,-1,900.000,825.000,-1,-1,2,0,2,0,2,0,0,0,0,2,2,2,2,0,0,2,2
113,-4557.931,424.099,-13.496,-148.024,0,0.70137,0.03502,42.082,0.070,-1,400.000,-1,400.000,-1,325.000,325.000,300.000,300.000,-1,-1,-1,-1,900.000,850.000,-1,-1,2,0,2,0,2,0,0,0,0,2,2,2,2,0,0,2,2
114,-4593.637,401.757,-11.573,-147.964,0,0.70201,0.03003,42.120,0.060,-1,400.000,-1,400.000,-1,325.000,325.000,300.000,300.000,-1,-1,-1,-1,925.000,850.000,-1,-1,2,0,2,0,2,0,0,0,0,2,2,2,2,0,0,2,2
115,-4633.282,376.660,-9.475,-147.664,0,0.78201,0.15003,46.920,0.300,-1,400.000,-1,400.000,-1,325.000,325.000,300.000,300.000,-1,-1,-1,-1,925.000,875.000,-1,-1,2,0,2,0,2,0,0,0,0,2,2,2,2,0,0,2,2
116,-4676.673,348.615,-7.223,-147.124,0,0.86109,0.27003,51.665,0.540,-1,425.000,-1,400.000,-1,325.000,325.000,300.000,300.000,-1,-1,-1,-1,950.000,900.000,-1,-1,2,0,2,0,2,0,0,0,0,2,2,2,2,0,0,2,2
117,-4719.768,319.951,-4.979,-146.372,0,0.86263,0.37617,51.758,0.752,-1,425.000,-1,400.000,-1,325.000,325.000,300.000,300.000,-1,-1,-1,-1,975.000,925.000,-1,-1,2,0,2,0,2,0,0,0,0,2,2,2,2,0,0,2,2
118,-4762.577,290.677,-2.812,-145.634,0,0.86434,0.36890,51.861,0.738,-1,425.000,-1,425.000,-1,350.000,325.000,300.000,300.000,-1,-1,-1,-1,1000.000,950.000,-1,-1,2,0,2,0,2,0,0,0,0,2,2,2,2,0,0,2,2
119,-4805.022,260.845,-0.743,-144.899,0,0.86467,0.36756,51.880,0.735,-1,425.000,-1,425.000,-1,350.000,350.000,300.000,300.000,-1,-1,-1,-1,-1,975.000,-1,-1,2,0,2,0,2,0,0,0,0,2,2,2,2,2,0,2,2
120,-4847.081,230.470,1.062,-144.164,0,0.86467,0.36756,51.880,0.735,-1,425.000,-1,425.000,-1,350.000,350.000,300.000,300.000,-1,-1,-1,-1,-1,1000.000,-1,-1,2,0,2,0,2,0,0,0,0,2,2,2,2,2,0,2,2
121,-4888.747,199.559,2.748,-143.429,0,0.86467,0.36756,51.880,0.735,-1,425.000,-1,425.000,-1,350.000,350.000,300.000,300.000,-1,-1,-1,-1,-1,-1,-1,-1,2,0,2,0,2,0,0,0,0,2,2,2,2,2,2,2,2
122,-4930.013,168.115,4.335,-142.693,0,0.86467,0.36756,51.880,0.735,-1,425.000,-1,425.000,-1,350.000,350.000,300.000,300.000,-1,-1,-1,-1,-1,-1,-1,-1,2,0,2,0,2,0,0,0,0,2,2,2,2,2,2,2,2
123,-4970.872,136.145,5.823,-141.958,0,0.86467,0.36756,51.880,0.735,-1,425.000,-1,425.000,-1,350.000,350.000,300.000,300.000,-1,-1,-1,-1,-1,-1,-1,-1,2,0,2,0,2,0,0,0,0,2,2,2,2,2,2,2,2
124,-5011.317,103.652,7.210,-141.223,0,0.86467,0.36756,51.880,0.735,-1,425.000,-1,425.000,-1,350.000,350.000,300.000,300.000,-1,-1,-1,-1,-1,-1,-1,-1,2,0,2,0,2,0,0,0,0,2,2,2,2,2,2,2,2
125,-5051.342,70.644,8.437,-140.488,0,0.86467,0.36756,51.880,0.735,-1,425.000,-1,425.000,-1,350.000,350.000,300.000,300.000,-1,-1,-1,-1,-1,-1,-1,-1,2,0,2,0,2,0,0,0,0,2,2,2,2,2,2,2,2
126,-5090.941,37.125,9.533,-139.753,0,0.86467,0.36756,51.880,0.735,-1,425.000,-1,450.000,-1,350.000,350.000,300.000,300.000,-1,-1,-1,-1,-1,-1,-1,-1,2,0,2,0,2,0,0,0,0,2,2,2,2,2,2,2,2
127,-5130.106,3.101,10.513,-139.018,0,0.86467,0.36756,51.880,0.735,-1,425.000,-1,450.000,-1,350.000,350.000,275.000,275.000,-1,-1,-1,-1,-1,-1,-1,-1,2,0,2,0,2,0,0,0,0,2,2,2,2,2,2,2,2
128,-5168.831,-31.423,11.375,-138.283,0,0.86467,0.36756,51.880,0.735,-1,425.000,-1,450.000,-1,350.000,350.000,275.000,275.000,-1,-1,-1,-1,-1,-1,-1,-1,2,0,2,0,2,0,0,0,0,2,2,2,2,2,2,2,2
129,-5207.111,-66.441,11.850,-137.548,0,0.86467,0.36756,51.880,0.735,-1,425.000,-1,450.000,-1,350.000,350.000,275.000,275.000,-1,-1,-1,-1,-1,-1,-1,-1,2,0,2,0,2,0,0,0,0,2,2,2,2,2,2,2,2
130,-5244.937,-101.948,12.144,-136.812,0,0.86467,0.36756,51.880,0.735,-1,425.000,-1,450.000,-1,350.000,350.000,275.000,275.000,-1,-1,-1,-1,-1,-1,-1,-1,2,0,2,0,2,0,0,0,0,2,2,2,2,2,2,2,2
131,-5282.306,-137.936,12.296,-136.077,0,0.86467,0.36756,51.880,0.735,-1,425.000,-1,450.000,-1,350.000,350.000,275.000,275.000,-1,-1,-1,-1,-1,-1,-1,-1,2,0,2,0,2,0,0,0,0,2,2,2,2,2,2,2,2
132,-5319.209,-174.401,12.310,-135.342,0,0.86467,0.36756,51.880,0.735,-1,450.000,-1,450.000,-1,350.000,350.000,275.000,275.000,-1,-1,-1,-1,-1,-1,-1,-1,2,0,2,0,2,0,0,0,0,2,2,2,2,2,2,2,2
133,-5355.641,-211.337,12.075,-134.607,0,0.86467,0.36756,51.880,0.735,-1,450.000,-1,450.000,-1,350.000,350.000,275.000,275.000,-1,-1,-1,-1,-1,-1,-1,-1,2,0,2,0,2,0,0,0,0,2,2,2,2,2,2,2,2
134,-5391.636,-248.775,11.586,-133.874,0,0.86558,0.36665,51.935,0.733,-1,450.000,-1,450.000,-1,350.000,350.000,275.000,300.000,-1,-1,-1,-1,-1,-1,-1,-1,2,0,2,0,2,0,0,0,0,2,2,2,2,2,2,2,2
135,-5427.298,-286.820,10.793,-133.148,0,0.86911,0.36279,52.146,0.726,-1,450.000,-1,450.000,-1,350.000,375.000,275.000,300.000,-1,-1,-1,-1,-1,-1,-1,-1,2,0,2,0,2,0,0,0,0,2,2,2,2,2,2,2,2
136,-5462.612,-325.452,9.746,-132.431,0,0.87234,0.35872,52.340,0.717,-1,450.000,-1,475.000,-1,350.000,375.000,275.000,300.000,-1,-1,-1,-1,1000.000,-1,-1,-1,2,0,2,0,2,0,0,0,0,2,2,2,2,0,2,2,2
137,-5497.562,-364.649,8.516,-131.722,0,0.87526,0.35447,52.516,0.709,-1,450.000,-1,475.000,-1,350.000,375.000,275.000,275.000,-1,-1,-1,-1,975.000,-1,-1,-1,2,0,2,0,2,0,0,0,0,2,2,2,2,0,2,2,2
138,-5532.133,-404.388,7.095,-131.022,0,0.87786,0.35003,52.671,0.700,-1,425.000,-1,475.000,-1,350.000,375.000,275.000,275.000,-1,-1,-1,-1,950.000,-1,-1,-1,2,0,2,0,2,0,0,0,0,2,2,2,2,0,2,2,2
139,-5566.310,-444.643,5.468,-130.331,0,0.88011,0.34542,52.807,0.691,-1,425.000,-1,475.000,-1,350.000,375.000,275.000,275.000,-1,-1,-1,-1,925.000,-1,-1,-1,2,0,2,0,2,0,0,0,0,2,2,2,2,0,2,2,2
140,-5600.078,-485.390,3.402,-129.650,0,0.88201,0.34066,52.921,0.681,-1,425.000,-1,475.000,-1,350.000,375.000,275.000,275.000,-1,-1,-1,-1,900.000,-1,-1,-1,2,0,2,0,2,0,0,0,0,2,2,2,2,0,2,2,2
141,-5633.424,-526.601,0.893,-128.978,0,0.88355,0.33576,53.013,0.672,-1,425.000,-1,450.000,-1,350.000,375.000,275.000,275.000,-1,-1,-1,-1,875.000,-1,-1,-1,2,0,2,0,2,0,0,0,0,2,2,2,2,0,2,2,2
142,-5666.336,-568.250,-1.776,-128.317,0,0.88471,0.33075,53.083,0.661,-1,425.000,-1,450.000,-1,350.000,350.000,275.000,275.000,-1,-1,-1,-1,850.000,-1,-1,-1,2,0,2,0,2,0,0,0,0,2,2,2,2,0,2,2,2
143,-5698.801,-610.307,-4.469,-127.665,0,0.88550,0.32565,53.130,0.651,-1,400.000,-1,450.000,-1,350.000,350.000,275.000,275.000,-1,-1,-1,-1,825.000,975.000,-1,-1,2,0,2,0,2,0,0,0,0,2,2,2,2,0,0,2,2
144,-5730.809,-652.745,-7.333,-127.024,0,0.88592,0.32048,53.155,0.641,-1,400.000,-1,450.000,-1,350.000,350.000,275.000,275.000,-1,-1,-1,-1,800.000,950.000,-1,-1,2,0,2,0,2,0,0,0,0,2,2,2,2,0,0,2,2
145,-5762.411,-695.541,-10.367,-126.444,0,0.88667,0.29012,53.200,0.580,-1,400.000,-1,450.000,-1,325.000,350.000,275.000,275.000,-1,-1,-1,-1,775.000,925.000,-1,-1,2,0,2,0,2,0,0,0,0,2,2,2,2,0,0,2,2
146,-5793.577,-738.636,-13.605,-125.874,0,0.88639,0.28494,53.183,0.570,-1,400.000,-1,425.000,-1,325.000,350.000,275.000,275.000,-1,-1,-1,-1,750.000,875.000,-1,-1,2,0,2,0,2,0,0,0,0,2,2,2,2,0,0,2,2
147,-5824.299,-782.002,-17.194,-125.315,0,0.88576,0.27979,53.146,0.560,1000.000,400.000,-1,425.000,-1,325.000,350.000,275.000,275.000,-1,-1,-1,-1,725.000,850.000,-1,-1,0,0,2,0,2,0,0,0,0,2,2,2,2,0,0,2,2
148,-5854.571,-825.614,-20.964,-124.765,0,0.88481,0.27469,53.089,0.549,950.000,400.000,-1,425.000,-1,325.000,325.000,275.000,275.000,-1,-1,-1,-1,700.000,825.000,-1,-1,0,0,2,0,2,0,0,0,0,2,2,2,2,0,0,2,2
149,-5884.386,-869.448,-24.736,-124.223,0,0.88355,0.27137,53.013,0.543,900.000,400.000,-1,400.000,-1,325.000,325.000,275.000,275.000,-1,-1,-1,-1,675.000,800.000,-1,-1,0,0,2,0,2,0,0,0,0,2,2,2,2,0,0,2,2
150,-5915.061,-915.723,-28.521,-123.540,0,0.92530,0.34147,55.518,0.683,850.000,400.000,975.000,400.000,-1,325.000,325.000,275.000,275.000,-1,-1,-1,-1,675.000,800.000,975.000,-1,0,0,1,0,2,0,0,0,0,2,2,2,2,0,0,0,2
151,-5945.420,-962.725,-32.458,-122.859,0,0.93257,0.34049,55.954,0.681,825.000,400.000,900.000,400.000,-1,325.000,325.000,275.000,300.000,-1,-1,-1,-1,650.000,775.000,925.000,-1,0,0,1,0,2,0,0,0,0,2,2,2,2,0,1,0,2
152,-5975.453,-1010.454,-36.558,-122.180,0,0.93987,0.33928,56.392,0.679,775.000,400.000,850.000,400.000,-1,325.000,325.000,275.000,300.000,-1,-1,-1,-1,625.000,700.000,875.000,950.000,0,0,1,0,2,0,0,0,0,2,2,2,2,0,1,0,1
153,-6005.152,-1058.910,-41.034,-121.504,0,0.94721,0.33784,56.832,0.676,750.000,375.000,800.000,400.000,-1,325.000,325.000,275.000,300.000,-1,-1,-1,-1,600.000,650.000,825.000,850.000,0,0,1,0,2,0,0,0,0,2,2,2,2,0,1,0,1
154,-6034.506,-1108.089,-45.665,-120.832,0,0.95456,0.33613,57.274,0.672,700.000,375.000,725.000,400.000,-1,325.000,325.000,275.000,300.000,-1,-1,-1,-1,575.000,600.000,775.000,775.000,0,0,1,0,2,1,0,0,0,2,2,2,2,1,1,0,1
155,-6063.507,-1157.989,-50.301,-120.164,0,0.96193,0.33415,57.716,0.668,650.000,350.000,675.000,400.000,975.000,300.000,325.000,275.000,300.000,-1,-1,-1,-1,550.000,525.000,725.000,675.000,0,0,1,1,1,1,1,0,0,2,2,2,2,1,1,0,1
156,-6092.145,-1208.607,-55.018,-119.500,0,0.96929,0.33187,58.158,0.664,625.000,350.000,625.000,375.000,850.000,300.000,300.000,275.000,300.000,-1,-1,-1,-1,525.000,475.000,675.000,600.000,0,1,1,1,1,1,1,0,0,2,2,2,2,1,1,0,1
157,-6120.412,-1259.937,-59.190,-118.842,0,0.97664,0.32925,58.599,0.658,625.000,325.000,575.000,325.000,725.000,275.000,275.000,275.000,300.000,-1,-1,-1,-1,500.000,425.000,675.000,525.000,0,1,1,1,1,1,1,0,0,2,2,2,2,1,1,0,1
158,-6148.301,-1311.972,-63.149,-118.189,0,0.98396,0.32627,59.038,0.653,650.000,325.000,525.000,300.000,600.000,250.000,250.000,300.000,300.000,-1,-1,-1,-1,475.000,375.000,675.000,450.000,1,1,1,1,1,1,1,0,0,2,2,2,2,1,1,1,1
159,-6175.803,-1364.705,-67.190,-117.543,0,0.99123,0.32288,59.474,0.646,625.000,300.000,475.000,275.000,475.000,250.000,225.000,300.000,300.000,-1,-1,-1,-1,425.000,350.000,625.000,375.000,1,1,1,1,1,1,1,0,0,2,2,2,2,1,1,1,1
160,-6202.910,-1418.125,-70.930,-116.905,0,0.99841,0.31904,59.905,0.638,575.000,275.000,425.000,225.000,375.000,225.000,200.000,300.000,300.000,-1,-1,-1,-1,400.000,300.000,575.000,300.000,1,1,1,1,1,1,1,0,0,2,2,2,2,1,1,1,1
161,-6229.472,-1471.926,-73.083,-116.276,0,1.00000,0.31470,60.000,0.629,550.000,275.000,375.000,200.000,300.000,200.000,200.000,300.000,300.000,-1,-1,450.000,-1,375.000,250.000,550.000,250.000,1,1,1,1,1,1,1,0,0,2,2,0,2,1,1,1,1
162,-6255.450,-1526.010,-70.818,-115.656,0,1.00000,0.30979,60.000,0.620,525.000,275.000,375.000,200.000,275.000,200.000,175.000,300.000,350.000,-1,350.000,300.000,-1,375.000,250.000,525.000,225.000,1,1,1,1,1,1,1,0,0,2,0,0,2,1,1,1,1
163,-6280.853,-1580.368,-67.987,-115.048,0,1.00000,0.30425,60.000,0.609,500.000,275.000,375.000,200.000,250.000,200.000,175.000,275.000,400.000,-1,175.000,225.000,-1,375.000,250.000,500.000,225.000,1,1,1,1,1,1,1,0,0,2,0,0,2,1,1,1,1
164,-6305.688,-1634.986,-64.608,-114.452,0,1.00000,0.29800,60.000,0.596,475.000,250.000,375.000,200.000,225.000,200.000,175.000,250.000,475.000,825.000,100.000,175.000,-1,375.000,225.000,475.000,200.000,1,1,1,1,1,1,1,0,0,0,0,0,2,1,1,1,1
165,1639.831,4919.492,-1.099,98.477,1,0.00000,0.00000,60.000,0.582,-1,400.000,-1,400.000,-1,325.000,325.000,300.000,300.000,-1,-1,-1,-1,775.000,775.000,-1,-1,2,0,2,0,2,0,0,0,0,2,2,2,2,0,0,2,2
166,1639.122,4924.239,-0.851,98.487,0,0.08000,0.00542,4.800,0.011,-1,400.000,-1,400.000,-1,325.000,325.000,300.000,300.000,-1,-1,-1,-1,775.000,775.000,-1,-1,2,0,2,0,2,0,0,0,0,2,2,2,2,0,0,2,2
167,1637.696,4933.732,-0.357,98.545,0,0.16000,0.02875,9.600,0.058,-1,400.000,-1,400.000,-1,325.000,325.000,300.000,300.000,-1,-1,-1,-1,775.000,775.000,-1,-1,2,0,2,0,2,0,0,0,0,2,2,2,2,0,0,2,2
168,1635.542,4947.970,0.383,98.603,0,0.24000,0.02897,14.400,0.058,-1,400.000,-1,400.000,-1,325.000,325.000,300.000,300.000,-1,-1,-1,-1,775.000,775.000,-1,-1,2,0,2,0,2,0,0,0,0,2,2,2,2,0,0,2,2
169,1632.650,4966.951,1.367,98.661,0,0.32000,0.02930,19.200,0.059,-1,400.000,-1,400.000,-1,325.000,325.000,300.000,300.000,-1,-1,-1,-1,775.000,775.000,-1,-1,2,0,2,0,2,0,0,0,0,2,2,2,2,0,0,2,2
170,1629.011,4990.674,2.592,98.721,0,0.40000,0.02974,24.000,0.059,-1,400.000,-1,400.000,-1,325.000,325.000,300.000,300.000,-1,-1,-1,-1,775.000,775.000,-1,-1,2,0,2,0,2,0,0,0,0,2,2,2,2,0,0,2,2
171,1624.614,5019.136,4.054,98.782,0,0.48000,0.03032,28.800,0.061,-1,400.000,-1,400.000,-1,325.000,325.000,300.000,300.000,-1,-1,-1,-1,775.000,775.000,-1,-1,2,0,2,0,2,0,0,0,0,2,2,2,2,0,0,2,2
172,1619.449,5052.337,5.749,98.844,0,0.56000,0.03102,33.600,0.062,-1,400.000,-1,400.000,-1,325.000,325.000,300.000,300.000,-1,-1,-1,-1,775.000,775.000,-1,-1,2,0,2,0,2,0,0,0,0,2,2,2,2,0,0,2,2
173,1613.503,5090.274,7.671,98.907,0,0.64000,0.03186,38.400,0.064,-1,400.000,-1,400.000,-1,325.000,325.000,300.000,300.000,-1,-1,-1,-1,775.000,775.000,-1,-1,2,0,2,0,2,0,0,0,0,2,2,2,2,0,0,2,2
174,1607.049,5131.148,9.724,98.973,0,0.68968,0.03285,41.381,0.066,-1,400.000,-1,400.000,-1,325.000,325.000,300.000,300.000,-1,-1,-1,-1,750.000,775.000,-1,-1,2,0,2,0,2,0,0,0,0,2,2,2,2,0,0,2,2
175,1600.497,5172.325,11.774,99.041,0,0.69491,0.03396,41.695,0.068,-1,400.000,-1,400.000,-1,325.000,325.000,300.000,300.000,-1,-1,-1,-1,750.000,800.000,1000.000,-1,2,0,2,0,2,0,0,0,0,2,2,2,2,0,0,1,2
176,1593.845,5213.805,13.767,99.111,0,0.70017,0.03510,42.010,0.070,-1,400.000,-1,400.000,-1,325.000,325.000,300.000,300.000,-1,-1,-1,-1,750.000,800.000,950.000,-1,2,0,2,0,2,0,0,0,0,2,2,2,2,0,0,1,2
177,1587.089,5255.590,15.585,99.184,0,0.70547,0.03630,42.328,0.073,-1,400.000,-1,400.000,-1,325.000,325.000,300.000,300.000,-1,-1,-1,-1,750.000,800.000,925.000,-1,2,0,2,0,2,0,0,0,0,2,2,2,2,0,0,1,2
178,1580.227,5297.682,17.435,99.259,0,0.71079,0.03755,42.647,0.075,1000.000,400.000,-1,400.000,-1,325.000,325.000,300.000,300.000,-1,-1,-1,-1,750.000,800.000,875.000,-1,1,0,2,0,2,0,0,0,0,2,2,2,2,1,0,1,2
179,1573.256,5340.081,19.327,99.337,0,0.71613,0.03886,42.968,0.078,950.000,400.000,975.000,400.000,-1,325.000,325.000,300.000,300.000,-1,-1,-1,-1,700.000,800.000,825.000,-1,1,0,1,0,2,0,0,0,0,2,2,2,2,1,0,1,2
180,1566.173,5382.787,21.229,99.417,0,0.72150,0.04022,43.290,0.080,900.000,400.000,925.000,400.000,-1,325.000,325.000,300.000,275.000,-1,-1,-1,-1,675.000,825.000,775.000,-1,1,0,1,0,2,0,0,0,0,2,2,2,2,1,0,1,2
181,1558.975,5425.803,23.138,99.500,0,0.72690,0.04165,43.614,0.083,850.000,400.000,900.000,400.000,-1,325.000,325.000,300.000,275.000,-1,-1,-1,-1,625.000,825.000,725.000,-1,1,0,1,0,2,0,0,0,0,2,2,2,2,1,0,1,2
182,1551.657,5469.129,25.056,99.587,0,0.73232,0.04316,43.939,0.086,800.000,400.000,850.000,400.000,-1,325.000,325.000,300.000,275.000,-1,-1,-1,-1,600.000,825.000,700.000,-1,1,0,1,0,2,0,0,0,0,2,2,2,2,1,0,1,2
183,1544.217,5512.764,26.982,99.676,0,0.73776,0.04474,44.265,0.089,750.000,400.000,800.000,400.000,-1,325.000,325.000,300.000,275.000,-1,-1,-1,-1,550.000,825.000,650.000,-1,1,0,1,0,2,0,0,0,0,2,2,2,2,1,0,1,2
184,1536.651,5556.710,28.916,99.769,0,0.74321,0.04640,44.593,0.093,675.000,375.000,750.000,400.000,-1,325.000,325.000,300.000,275.000,-1,-1,-1,-1,525.000,825.000,600.000,-1,1,0,1,1,2,0,0,0,0,2,2,2,2,1,0,1,2
185,1528.954,5600.967,30.858,99.865,0,0.74868,0.04817,44.921,0.096,625.000,375.000,700.000,400.000,-1,325.000,325.000,300.000,275.000,-1,-1,-1,-1,475.000,825.000,550.000,-1,1,0,1,1,2,0,0,0,0,2,2,2,2,1,0,1,2
186,1521.124,5645.534,32.807,99.965,0,0.75416,0.05003,45.250,0.100,575.000,375.000,650.000,400.000,-1,325.000,325.000,300.000,275.000,-1,-1,-1,-1,450.000,825.000,500.000,-1,1,1,1,1,2,1,1,0,0,2,2,2,2,1,0,1,2
187,1513.155,5690.410,34.763,100.069,0,0.75965,0.05201,45.579,0.104,525.000,350.000,600.000,375.000,-1,300.000,300.000,300.000,275.000,-1,-1,-1,-1,400.000,825.000,450.000,-1,1,1,1,1,2,1,1,0,0,2,2,2,2,1,0,1,2
188,1505.043,5735.596,36.726,100.178,0,0.76513,0.05412,45.908,0.108,475.000,300.000,550.000,375.000,-1,275.000,275.000,300.000,275.000,-1,-1,-1,-1,375.000,825.000,400.000,-1,1,1,1,1,2,1,1,0,0,2,2,2,2,1,0,1,2
189,1496.783,5781.089,38.696,100.290,0,0.77062,0.05636,46.237,0.113,400.000,275.000,500.000,350.000,-1,250.000,275.000,300.000,275.000,-1,-1,-1,-1,325.000,825.000,350.000,-1,1,1,1,1,2,1,1,0,0,2,2,2,2,1,0,1,2
190,1488.371,5826.889,40.671,100.408,0,0.77609,0.05877,46.565,0.118,350.000,250.000,450.000,325.000,-1,225.000,250.000,300.000,275.000,-1,-1,-1,-1,300.000,750.000,300.000,-1,1,1,1,1,2,1,1,0,0,2,2,2,2,1,1,1,2
191,1479.801,5872.992,42.570,100.531,0,0.78154,0.06135,46.893,0.123,300.000,225.000,400.000,300.000,-1,200.000,225.000,300.000,275.000,-1,-1,-1,-1,275.000,600.000,275.000,-1,1,1,1,1,2,1,1,0,0,2,2,2,2,1,1,1,2
192,1471.068,5919.395,44.328,100.659,0,0.78696,0.06413,47.218,0.128,250.000,200.000,350.000,275.000,-1,175.000,200.000,300.000,275.000,-1,-1,-1,-1,225.000,525.000,225.000,-1,1,1,1,1,2,1,1,0,0,2,2,2,2,1,1,1,2
193,1462.165,5966.094,46.614,100.793,0,0.79234,0.06714,47.541,0.134,200.000,175.000,325.000,250.000,-1,150.000,200.000,300.000,275.000,-1,-1,-1,-1,200.000,450.000,175.000,-1,1,1,1,1,2,1,1,0,0,2,2,2,2,1,1,1,2
194,1453.087,6013.085,56.014,100.934,0,0.79766,0.07040,47.860,0.141,175.000,150.000,325.000,275.000,-1,150.000,200.000,375.000,250.000,-1,650.000,425.000,-1,200.000,500.000,150.000,-1,1,1,1,1,2,1,1,0,0,2,0,0,2,1,1,1,2
195,983.898,-4919.492,-146.727,144.293,1,0.00000,0.00000,48.174,0.148,-1,625.000,-1,875.000,-1,550.000,600.000,225.000,150.000,350.000,100.000,350.000,-1,-1,-1,-1,-1,2,0,2,0,2,0,0,0,1,0,0,0,2,2,2,2,2
196,-7543.220,2951.695,69.345,82.624,1,0.00000,0.00000,-4.800,-0.240,-1,500.000,-1,475.000,-1,475.000,425.000,150.000,225.000,-1,-1,-1,575.000,-1,950.000,-1,-1,2,1,2,0,2,0,0,1,0,2,2,2,0,2,0,2,2
197,8199.153,8199.153,-32.822,142.181,1,0.00000,0.00000,-4.800,0.240,-1,275.000,-1,325.000,475.000,250.000,275.000,300.000,200.000,-1,200.000,75.000,300.000,400.000,500.000,325.000,525.000,2,1,2,1,1,1,1,1,1,2,0,0,1,1,1,1,1
198,-981.726,-2955.975,-191.337,-63.097,1,0.08000,-0.12000,4.800,-0.240,-1,375.000,-1,375.000,-1,300.000,300.000,325.000,300.000,-1,300.000,275.000,525.000,675.000,650.000,-1,-1,2,0,2,0,2,0,0,0,0,2,0,0,1,0,0,2,2
199,-977.454,-2964.573,-191.534,-63.577,0,0.16000,-0.24000,9.600,-0.480,-1,375.000,-1,375.000,-1,300.000,300.000,325.000,300.000,-1,300.000,275.000,525.000,675.000,650.000,-1,-1,2,0,2,0,2,0,0,0,0,2,0,0,1,0,0,2,2
200,-971.209,-2977.548,-191.821,-64.297,0,0.24000,-0.36000,14.400,-0.720,-1,375.000,-1,375.000,-1,300.000,300.000,325.000,300.000,-1,300.000,275.000,525.000,675.000,650.000,-1,-1,2,0,2,0,2,0,0,0,0,2,0,0,1,0,0,2,2
201,-963.173,-2994.985,-192.189,-65.257,0,0.32000,-0.48000,19.200,-0.960,-1,375.000,-1,375.000,-1,300.000,300.000,325.000,300.000,-1,300.000,275.000,550.000,675.000,650.000,-1,-1,2,0,2,0,2,0,0,0,0,2,0,0,1,0,0,2,2
202,-953.586,-3016.987,-192.626,-66.457,0,0.40000,-0.60000,24.000,-1.200,-1,375.000,-1,375.000,-1,300.000,300.000,325.000,300.000,-1,300.000,275.000,550.000,675.000,650.000,-1,-1,2,0,2,0,2,0,0,0,0,2,0,0,1,0,0,2,2
203,-942.750,-3043.671,-193.118,-67.897,0,0.48000,-0.72000,28.800,-1.440,-1,375.000,-1,375.000,-1,300.000,300.000,325.000,300.000,-1,300.000,250.000,575.000,675.000,650.000,-1,-1,2,0,2,0,2,0,0,0,0,2,0,0,1,0,0,2,2
204,-931.025,-3075.159,-193.648,-69.577,0,0.56000,-0.84000,33.600,-1.680,-1,375.000,-1,375.000,1000.000,300.000,300.000,325.000,300.000,-1,300.000,250.000,600.000,675.000,650.000,-1,-1,2,0,2,0,0,0,0,0,0,2,0,0,1,0,0,2,2
205,-919.403,-3109.886,-194.168,-71.497,0,0.61035,-0.96000,36.621,-1.920,-1,375.000,-1,375.000,1000.000,300.000,300.000,325.000,300.000,-1,300.000,250.000,625.000,675.000,650.000,-1,-1,2,0,2,0,0,0,0,0,0,2,0,0,1,0,0,2,2
206,-908.927,-3145.231,-194.634,-73.490,0,0.61440,-0.99678,36.864,-1.994,-1,375.000,-1,375.000,975.000,300.000,300.000,325.000,300.000,-1,300.000,250.000,650.000,675.000,650.000,-1,-1,2,0,2,0,0,0,0,0,0,2,0,0,1,0,0,2,2
207,-899.615,-3181.162,-195.053,-75.471,0,0.61863,-0.99048,37.118,-1.981,-1,375.000,-1,375.000,950.000,300.000,300.000,300.000,300.000,-1,300.000,250.000,675.000,700.000,650.000,-1,-1,2,0,2,0,0,0,0,0,0,2,0,0,1,0,0,2,2
208,-891.490,-3217.630,-195.340,-77.440,0,0.62271,-0.98428,37.363,-1.969,-1,375.000,-1,375.000,950.000,300.000,300.000,300.000,300.000,-1,325.000,275.000,700.000,700.000,650.000,-1,1000.000,2,0,2,0,0,0,0,0,0,2,0,0,1,0,0,2,0
209,-884.572,-3254.586,-195.224,-79.396,0,0.62663,-0.97819,37.598,-1.956,-1,375.000,-1,375.000,925.000,300.000,300.000,300.000,300.000,-1,325.000,300.000,725.000,700.000,650.000,-1,1000.000,2,0,2,0,0,0,0,0,0,2,0,0,1,0,0,2,0
210,-878.877,-3291.979,-194.849,-81.341,0,0.63040,-0.97221,37.824,-1.944,-1,375.000,-1,375.000,950.000,300.000,300.000,300.000,300.000,-1,350.000,300.000,775.000,700.000,650.000,-1,975.000,2,0,2,0,0,0,0,0,0,2,0,0,1,0,0,2,0
211,-874.421,-3329.759,-194.217,-83.273,0,0.63403,-0.96634,38.042,-1.933,-1,375.000,-1,375.000,925.000,300.000,300.000,300.000,300.000,-1,375.000,325.000,800.000,700.000,650.000,-1,975.000,2,0,2,0,0,0,0,0,0,2,0,0,1,0,0,2,0
212,-871.217,-3367.877,-193.294,-85.195,0,0.63753,-0.96057,38.252,-1.921,-1,375.000,-1,375.000,925.000,300.000,300.000,300.000,300.000,-1,400.000,350.000,850.000,700.000,650.000,-1,975.000,2,0,2,0,0,0,0,0,0,2,0,0,1,0,0,2,0
213,-869.274,-3406.281,-192.333,-87.104,0,0.64089,-0.95492,38.453,-1.910,-1,375.000,-1,375.000,925.000,300.000,300.000,300.000,300.000,-1,425.000,375.000,875.000,700.000,625.000,-1,950.000,2,0,2,0,0,0,0,0,0,2,0,0,1,0,0,2,0
214,-868.602,-3444.922,-191.334,-89.003,0,0.64412,-0.94937,38.647,-1.899,-1,375.000,-1,375.000,925.000,300.000,300.000,300.000,300.000,-1,425.000,400.000,900.000,675.000,625.000,-1,950.000,2,0,2,0,0,0,0,0,0,2,0,0,1,0,0,2,0
215,-869.206,-3483.751,-190.296,-90.891,0,0.64723,-0.94393,38.834,-1.888,-1,375.000,-1,375.000,925.000,300.000,300.000,300.000,300.000,-1,450.000,425.000,950.000,675.000,625.000,-1,925.000,2,0,2,0,0,0,0,0,0,2,0,0,1,0,0,2,0
216,-871.090,-3522.719,-189.218,-92.768,0,0.65022,-0.93861,39.013,-1.877,-1,375.000,-1,375.000,925.000,300.000,300.000,300.000,300.000,-1,450.000,425.000,1000.000,675.000,625.000,-1,925.000,2,0,2,0,0,0,0,0,0,2,0,0,1,0,0,2,0
217,-874.256,-3561.776,-188.099,-94.635,0,0.65309,-0.93339,39.185,-1.867,-1,375.000,-1,375.000,925.000,300.000,300.000,300.000,325.000,-1,475.000,450.000,-1,675.000,625.000,-1,925.000,2,0,2,0,0,0,0,0,0,2,0,0,2,0,0,2,0
218,-878.705,-3600.875,-186.940,-96.492,0,0.65585,-0.92828,39.351,-1.857,-1,375.000,-1,375.000,925.000,300.000,300.000,300.000,325.000,-1,475.000,450.000,-1,675.000,625.000,-1,925.000,2,0,2,0,0,0,0,0,0,2,0,0,2,0,0,2,0
219,-884.435,-3639.967,-185.739,-98.338,0,0.65851,-0.92328,39.510,-1.847,-1,375.000,-1,375.000,900.000,325.000,300.000,300.000,325.000,-1,475.000,475.000,-1,675.000,600.000,-1,900.000,2,0,2,0,0,0,0,0,0,2,0,0,2,0,0,2,0
220,-891.442,-3679.007,-184.497,-100.175,0,0.66106,-0.91838,39.664,-1.837,-1,375.000,-1,375.000,900.000,325.000,300.000,300.000,325.000,-1,475.000,475.000,-1,650.000,600.000,-1,900.000,2,0,2,0,0,0,0,0,0,2,0,0,2,0,0,2,0
221,-899.720,-3717.948,-183.214,-102.002,0,0.66351,-0.91360,39.811,-1.827,-1,375.000,-1,375.000,900.000,300.000,300.000,300.000,325.000,-1,475.000,475.000,-1,650.000,600.000,-1,900.000,2,0,2,0,0,0,0,0,0,2,0,0,2,0,0,2,0
222,-909.264,-3756.744,-181.890,-103.820,0,0.66587,-0.90893,39.952,-1.818,-1,375.000,-1,350.000,900.000,300.000,300.000,300.000,325.000,-1,425.000,425.000,-1,650.000,600.000,-1,900.000,2,0,2,0,0,0,0,0,0,2,0,0,2,0,0,2,0
223,-921.464,-3799.801,-180.364,-105.820,0,0.74587,-1.00000,44.752,-2.000,-1,375.000,-1,350.000,900.000,300.000,300.000,300.000,325.000,-1,375.000,400.000,-1,650.000,600.000,-1,900.000,2,0,2,0,0,0,0,0,0,2,0,0,2,0,0,2,0
224,-936.215,-3845.690,-178.590,-107.820,0,0.80335,-1.00000,48.201,-2.000,-1,375.000,-1,350.000,925.000,300.000,300.000,300.000,325.000,-1,350.000,375.000,-1,625.000,600.000,-1,900.000,2,0,2,0,0,0,0,0,0,2,0,0,2,0,0,2,0
225,-952.599,-3891.150,-176.335,-109.820,0,0.80539,-1.00000,48.323,-2.000,-1,375.000,-1,350.000,900.000,300.000,300.000,300.000,300.000,-1,325.000,350.000,-1,625.000,600.000,-1,875.000,2,0,2,0,0,0,0,0,0,2,0,0,2,0,0,2,0
226,-970.605,-3936.123,-173.796,-111.820,0,0.80738,-1.00000,48.443,-2.000,-1,350.000,-1,350.000,900.000,300.000,300.000,325.000,300.000,-1,325.000,325.000,-1,625.000,600.000,-1,875.000,2,0,2,0,0,0,0,0,0,2,0,0,2,0,0,2,0
227,-990.216,-3980.546,-171.187,-113.820,0,0.80932,-1.00000,48.559,-2.000,-1,350.000,-1,350.000,925.000,300.000,300.000,325.000,300.000,-1,300.000,300.000,-1,625.000,600.000,1000.000,900.000,2,0,2,0,0,0,0,0,0,2,0,0,2,0,0,0,0
228,-1011.416,-4024.360,-168.262,-115.820,0,0.81122,-1.00000,48.673,-2.000,-1,350.000,-1,350.000,925.000,300.000,300.000,325.000,300.000,-1,325.000,300.000,-1,625.000,600.000,975.000,900.000,2,0,2,0,0,0,0,0,0,2,0,0,2,0,0,0,0
229,-1034.183,-4067.505,-165.054,-117.820,0,0.81307,-1.00000,48.784,-2.000,-1,350.000,-1,350.000,950.000,300.000,300.000,325.000,300.000,-1,325.000,325.000,-1,625.000,600.000,950.000,900.000,2,0,2,0,0,0,0,0,0,2,0,0,2,0,0,0,0
230,-1058.496,-4109.923,-161.693,-119.820,0,0.81486,-1.00000,48.892,-2.000,-1,350.000,-1,350.000,975.000,300.000,300.000,325.000,300.000,-1,350.000,350.000,-1,600.000,600.000,925.000,925.000,2,0,2,0,0,0,0,0,0,2,0,0,2,0,0,0,0
231,-1084.329,-4151.556,-157.888,-121.820,0,0.81661,-1.00000,48.997,-2.000,-1,350.000,-1,350.000,-1,300.000,300.000,325.000,300.000,-1,325.000,350.000,-1,600.000,600.000,900.000,975.000,2,0,2,0,2,0,0,0,0,2,0,0,2,0,0,0,0
232,-1111.657,-4192.347,-154.021,-123.820,0,0.81831,-1.00000,49.098,-2.000,1000.000,350.000,-1,350.000,-1,300.000,300.000,325.000,300.000,-1,325.000,350.000,-1,600.000,600.000,900.000,-1,0,0,2,0,2,0,0,0,0,2,0,0,2,0,0,0,2
233,-1140.449,-4232.239,-150.092,-125.820,0,0.81996,-1.00000,49.197,-2.000,950.000,350.000,-1,350.000,-1,300.000,300.000,325.000,300.000,-1,300.000,325.000,-1,600.000,625.000,875.000,-1,0,0,2,0,2,0,0,0,0,2,0,0,2,0,0,0,2
234,-1170.674,-4271.178,-146.102,-127.820,0,0.82155,-1.00000,49.293,-2.000,925.000,350.000,-1,350.000,-1,300.000,300.000,325.000,325.000,-1,275.000,300.000,-1,600.000,625.000,875.000,-1,0,0,2,0,2,0,0,0,0,2,0,0,2,0,0,0,2
235,-1202.300,-4309.109,-142.056,-129.820,0,0.82310,-1.00000,49.386,-2.000,925.000,350.000,-1,350.000,-1,300.000,300.000,325.000,325.000,-1,275.000,275.000,-1,600.000,625.000,875.000,-1,0,0,2,0,2,0,0,0,0,2,0,0,2,0,0,0,2
236,-1235.291,-4345.981,-137.747,-131.820,0,0.82461,-1.00000,49.476,-2.000,900.000,350.000,-1,375.000,-1,300.000,300.000,300.000,325.000,-1,275.000,275.000,-1,600.000,650.000,850.000,-1,0,0,2,0,2,0,0,0,0,2,0,0,2,0,0,0,2
237,-1269.608,-4381.743,-132.962,-133.820,0,0.82606,-1.00000,49.564,-2.000,900.000,350.000,-1,375.000,-1,300.000,300.000,325.000,325.000,-1,300.000,275.000,-1,600.000,650.000,850.000,-1,0,0,2,0,2,0,0,0,0,2,0,0,2,0,0,0,2
238,-1305.214,-4416.343,-128.108,-135.820,0,0.82747,-1.00000,49.648,-2.000,900.000,350.000,-1,375.000,-1,300.000,300.000,325.000,325.000,-1,300.000,300.000,-1,600.000,650.000,900.000,-1,0,0,2,0,2,0,0,0,0,2,0,0,2,0,0,0,2
239,-1342.066,-4449.735,-123.224,-137.820,0,0.82883,-1.00000,49.730,-2.000,900.000,350.000,-1,375.000,-1,300.000,300.000,325.000,325.000,-1,325.000,300.000,-1,600.000,675.000,925.000,-1,0,0,2,0,2,0,0,0,0,2,0,0,2,0,0,0,2
240,-1380.121,-4481.872,-118.314,-139.820,0,0.83015,-1.00000,49.809,-2.000,1000.000,350.000,-1,375.000,-1,300.000,300.000,300.000,325.000,-1,350.000,300.000,-1,600.000,675.000,-1,-1,0,0,2,0,2,0,0,0,0,2,0,0,2,0,0,2,2
241,-1419.334,-4512.708,-113.257,-141.820,0,0.83143,-1.00000,49.886,-2.000,-1,350.000,-1,375.000,-1,300.000,300.000,300.000,300.000,-1,350.000,325.000,-1,625.000,700.000,-1,-1,2,0,2,0,2,0,0,0,0,2,0,0,2,0,0,2,2
242,-1459.660,-4542.200,-107.902,-143.820,0,0.83266,-1.00000,49.960,-2.000,-1,375.000,-1,375.000,-1,300.000,300.000,300.000,300.000,-1,375.000,325.000,-1,625.000,725.000,-1,-1,2,0,2,0,2,0,0,0,0,2,0,0,2,0,0,2,2
243,-1501.050,-4570.307,-102.571,-145.820,0,0.83385,-1.00000,50.031,-2.000,-1,375.000,-1,375.000,-1,300.000,325.000,300.000,300.000,-1,400.000,350.000,-1,650.000,725.000,-1,-1,2,0,2,0,2,0,0,0,0,2,0,0,2,0,0,2,2
244,-1543.453,-4596.990,-97.263,-147.820,0,0.83501,-1.00000,50.100,-2.000,-1,375.000,-1,375.000,-1,325.000,325.000,300.000,300.000,-1,400.000,350.000,-1,650.000,750.000,-1,-1,2,0,2,0,2,0,0,0,0,2,0,0,2,0,0,2,2
245,-1586.821,-4622.210,-92.010,-149.820,0,0.83612,-1.00000,50.167,-2.000,-1,375.000,-1,400.000,-1,325.000,325.000,300.000,300.000,-1,400.000,375.000,-1,675.000,750.000,-1,-1,2,0,2,0,2,0,0,0,0,2,0,0,2,0,0,2,2
246,-1631.099,-4645.932,-86.664,-151.820,0,0.83720,-1.00000,50.232,-2.000,-1,375.000,-1,400.000,-1,325.000,325.000,300.000,300.000,-1,400.000,375.000,-1,700.000,775.000,-1,-1,2,0,2,0,2,0,0,0,0,2,0,0,2,0,0,2,2
247,-1676.234,-4668.122,-81.254,-153.820,0,0.83825,-1.00000,50.295,-2.000,-1,375.000,-1,400.000,-1,325.000,325.000,300.000,300.000,-1,425.000,375.000,-1,725.000,775.000,-1,-1,2,0,2,0,2,0,0,0,0,2,0,0,2,0,0,2,2
248,-1722.171,-4688.748,-75.938,-155.820,0,0.83926,-1.00000,50.356,-2.000,-1,375.000,-1,400.000,-1,325.000,325.000,300.000,300.000,-1,425.000,375.000,-1,725.000,800.000,-1,-1,2,0,2,0,2,0,0,0,0,2,0,0,2,0,0,2,2
249,-1768.855,-4707.780,-70.722,-157.820,0,0.84024,-1.00000,50.415,-2.000,-1,375.000,-1,400.000,-1,325.000,325.000,275.000,300.000,-1,450.000,375.000,-1,750.000,800.000,-1,-1,2,0,2,0,2,0,0,0,0,2,0,0,2,0,0,2,2
250,-1811.604,-4723.695,-66.091,-159.580,0,0.76024,-0.88000,45.615,-1.760,-1,400.000,-1,400.000,-1,325.000,325.000,275.000,300.000,-1,450.000,375.000,-1,775.000,800.000,-1,-1,2,0,2,0,2,0,0,0,0,2,0,0,2,0,0,2,2
251,-1854.472,-4738.372,-61.565,-161.100,0,0.75520,-0.76000,45.312,-1.520,-1,400.000,-1,400.000,-1,325.000,325.000,275.000,300.000,-1,450.000,375.000,-1,800.000,800.000,-1,-1,2,0,2,0,2,0,0,0,0,2,0,0,2,0,0,2,2
252,-1897.676,-4752.094,-56.927,-162.380,0,0.75550,-0.64000,45.330,-1.280,-1,400.000,-1,400.000,-1,325.000,325.000,275.000,300.000,-1,475.000,400.000,-1,800.000,825.000,-1,-1,2,0,2,0,2,0,0,0,0,2,0,0,2,0,0,2,2
253,-1941.113,-4765.027,-52.172,-163.420,0,0.75536,-0.52000,45.321,-1.040,-1,400.000,-1,400.000,-1,325.000,325.000,275.000,300.000,-1,550.000,450.000,-1,800.000,825.000,-1,-1,2,0,2,0,2,0,0,0,0,2,0,0,2,0,0,2,2
254,-1984.693,-4777.342,-47.429,-164.220,0,0.75479,-0.40000,45.287,-0.800,-1,400.000,-1,400.000,-1,325.000,325.000,275.000,300.000,-1,625.000,525.000,-1,825.000,850.000,-1,-1,2,0,2,0,2,0,0,0,0,2,0,0,2,0,0,2,2
255,-2028.336,-4789.216,-42.738,-164.780,0,0.75382,-0.28000,45.229,-0.560,-1,400.000,-1,400.000,-1,325.000,325.000,275.000,300.000,-1,675.000,575.000,-1,825.000,850.000,-1,-1,2,0,2,0,2,0,0,0,0,2,0,0,2,0,0,2,2
256,-2071.967,-4800.826,-38.145,-165.100,0,0.75249,-0.16000,45.149,-0.320,-1,400.000,-1,400.000,-1,325.000,325.000,275.000,300.000,-1,775.000,650.000,-1,850.000,850.000,-1,-1,2,0,2,0,2,0,0,0,0,2,0,0,2,0,0,2,2
257,-2115.518,-4812.349,-33.671,-165.180,0,0.75082,-0.04000,45.049,-0.080,-1,400.000,-1,400.000,-1,325.000,325.000,275.000,300.000,-1,850.000,725.000,-1,875.000,850.000,-1,-1,2,0,2,0,2,0,0,0,0,2,0,0,2,0,0,2,2
258,-2158.955,-4823.846,-29.229,-165.174,0,0.74888,0.00309,44.933,0.006,-1,400.000,-1,400.000,-1,325.000,325.000,275.000,300.000,-1,925.000,800.000,-1,875.000,875.000,-1,-1,2,0,2,0,2,0,0,0,0,2,0,0,2,0,0,2,2
259,-2202.278,-4835.325,-24.816,-165.161,0,0.74697,0.00639,44.818,0.013,-1,400.000,-1,400.000,-1,325.000,325.000,275.000,300.000,-1,1000.000,875.000,-1,900.000,875.000,-1,-1,2,0,2,0,2,0,0,0,0,2,0,0,2,0,0,2,2
260,-2245.499,-4846.792,-20.431,-165.141,0,0.74527,0.01013,44.716,0.020,-1,400.000,-1,400.000,-1,325.000,325.000,275.000,300.000,-1,-1,975.000,-1,900.000,875.000,-1,-1,2,0,2,0,2,0,0,0,0,2,2,0,2,0,0,2,2
261,-2288.627,-4858.258,-16.071,-165.112,0,0.74378,0.01429,44.627,0.029,-1,400.000,-1,400.000,-1,325.000,325.000,275.000,300.000,-1,-1,-1,-1,925.000,875.000,-1,-1,2,0,2,0,2,0,0,0,0,2,2,2,2,0,0,2,2
262,-2331.676,-4869.733,-11.735,-165.074,0,0.74252,0.01888,44.551,0.038,-1,400.000,-1,400.000,-1,325.000,325.000,275.000,300.000,-1,-1,-1,-1,925.000,875.000,-1,-1,2,0,2,0,2,0,0,0,0,2,2,2,2,0,0,2,2
263,-2374.657,-4881.228,-7.420,-165.027,0,0.74153,0.02388,44.492,0.048,-1,400.000,-1,425.000,-1,325.000,325.000,275.000,300.000,-1,-1,-1,-1,950.000,900.000,-1,-1,2,0,2,0,2,0,0,0,0,2,2,2,2,0,0,2,2
264,-2417.584,-4892.756,-3.124,-164.968,0,0.74080,0.02930,44.448,0.059,-1,425.000,-1,425.000,-1,325.000,350.000,275.000,300.000,-1,-1,-1,-1,950.000,900.000,-1,-1,2,0,2,0,2,0,0,0,0,2,2,2,2,0,0,2,2
265,-2460.471,-4904.330,1.156,-164.898,0,0.74036,0.03513,44.422,0.070,-1,425.000,-1,425.000,-1,325.000,350.000,275.000,300.000,-1,-1,-1,-1,975.000,925.000,-1,-1,2,0,2,0,2,0,0,0,0,2,2,2,2,0,0,2,2
266,-2503.334,-4915.963,5.421,-164.815,0,0.74022,0.04136,44.413,0.083,-1,425.000,-1,425.000,-1,350.000,350.000,275.000,300.000,-1,-1,-1,-1,975.000,925.000,-1,-1,2,0,2,0,2,0,0,0,0,2,2,2,2,0,0,2,2
267,-2546.187,-4927.671,9.670,-164.719,0,0.74040,0.04799,44.424,0.096,-1,425.000,-1,425.000,-1,350.000,350.000,275.000,300.000,-1,-1,-1,-1,1000.000,950.000,-1,-1,2,0,2,0,2,0,0,0,0,2,2,2,2,0,0,2,2
268,-2589.047,-4939.469,13.741,-164.609,0,0.74090,0.05503,44.454,0.110,-1,425.000,-1,425.000,-1,350.000,350.000,275.000,275.000,-1,-1,-1,-1,-1,950.000,-1,-1,2,0,2,0,2,0,0,0,0,2,2,2,2,2,0,2,2
269,-2631.929,-4951.375,17.572,-164.484,0,0.74174,0.06246,44.505,0.125,-1,425.000,-1,425.000,-1,350.000,350.000,300.000,275.000,-1,-1,-1,-1,-1,950.000,-1,-1,2,0,2,0,2,0,0,0,0,2,2,2,2,2,0,2,2
270,-2675.257,-4963.517,21.425,-164.344,0,0.74995,0.06985,44.997,0.140,-1,425.000,-1,425.000,-1,350.000,350.000,300.000,275.000,-1,-1,-1,-1,-1,950.000,-1,-1,2,0,2,0,2,0,0,0,0,2,2,2,2,2,0,2,2
271,-2718.577,-4975.782,25.075,-164.193,0,0.75039,0.07590,45.023,0.152,-1,425.000,-1,425.000,-1,350.000,350.000,300.000,275.000,-1,-1,-1,-1,-1,950.000,-1,-1,2,0,2,0,2,0,0,0,0,2,2,2,2,2,0,2,2
272,-2761.903,-4988.183,28.412,-164.028,0,0.75110,0.08237,45.066,0.165,-1,425.000,-1,425.000,-1,350.000,350.000,300.000,275.000,-1,-1,-1,-1,-1,950.000,-1,-1,2,0,2,0,2,0,0,0,0,2,2,2,2,2,0,2,2
273,-2809.746,-5002.243,32.094,-163.623,0,0.83110,0.20237,49.866,0.405,-1,425.000,-1,425.000,-1,350.000,350.000,300.000,275.000,-1,-1,-1,-1,-1,950.000,-1,-1,2,0,2,0,2,0,0,0,0,2,2,2,2,2,0,2,2
274,-2862.029,-5018.207,36.131,-163.020,0,0.91110,0.30134,54.666,0.603,-1,425.000,-1,425.000,-1,350.000,350.000,275.000,275.000,-1,-1,-1,-1,-1,950.000,-1,-1,2,0,2,0,2,0,0,0,0,2,2,2,2,2,0,2,2
275,-2914.693,-5034.915,40.209,-162.398,0,0.92084,0.31098,55.250,0.622,-1,425.000,-1,425.000,-1,350.000,325.000,275.000,275.000,-1,-1,-1,-1,-1,925.000,-1,-1,2,0,2,0,2,0,0,0,0,2,2,2,2,2,0,2,2
276,-2967.316,-5052.261,44.309,-161.756,0,0.92347,0.32143,55.408,0.643,-1,425.000,-1,425.000,-1,325.000,325.000,275.000,275.000,-1,-1,-1,-1,-1,925.000,-1,-1,2,0,2,0,2,0,0,0,0,2,2,2,2,2,0,2,2
277,-3019.892,-5070.269,48.571,-161.093,0,0.92624,0.33123,55.575,0.662,-1,425.000,-1,425.000,-1,325.000,325.000,275.000,275.000,-1,-1,-1,-1,-1,925.000,-1,-1,2,0,2,0,2,0,0,0,0,2,2,2,2,2,0,2,2
278,-3072.279,-5088.898,52.833,-160.424,0,0.92668,0.33431,55.601,0.669,-1,425.000,-1,425.000,-1,325.000,325.000,275.000,275.000,-1,-1,-1,-1,-1,925.000,-1,-1,2,0,2,0,2,0,0,0,0,2,2,2,2,2,0,2,2
279,-3124.484,-5108.158,57.094,-159.749,0,0.92740,0.33769,55.644,0.675,-1,425.000,-1,425.000,-1,325.000,350.000,275.000,275.000,-1,-1,-1,-1,-1,925.000,-1,-1,2,0,2,0,2,0,0,0,0,2,2,2,2,2,0,2,2
280,-3176.511,-5128.061,61.238,-159.066,0,0.92840,0.34137,55.704,0.683,-1,425.000,-1,425.000,-1,350.000,350.000,275.000,275.000,-1,-1,-1,-1,-1,925.000,-1,-1,2,0,2,0,2,0,0,0,0,2,2,2,2,2,0,2,2
281,-3228.367,-5148.618,64.925,-158.376,0,0.92971,0.34534,55.782,0.691,-1,425.000,-1,425.000,-1,350.000,350.000,300.000,275.000,-1,-1,-1,-1,-1,900.000,-1,-1,2,0,2,0,2,0,0,0,0,2,2,2,2,2,0,2,2
282,-3280.010,-5169.818,68.318,-157.681,0,0.93042,0.34729,55.825,0.695,-1,425.000,-1,425.000,-1,350.000,350.000,300.000,275.000,-1,-1,-1,-1,-1,900.000,-1,-1,2,0,2,0,2,0,0,0,0,2,2,2,2,2,0,2,2
283,-3331.393,-5191.643,71.692,-156.987,0,0.93042,0.34729,55.825,0.695,-1,425.000,-1,425.000,-1,350.000,350.000,300.000,275.000,-1,-1,-1,-1,-1,875.000,-1,-1,2,0,2,0,2,0,0,0,0,2,2,2,2,2,0,2,2
284,-3382.506,-5214.089,74.732,-156.292,0,0.93042,0.34729,55.825,0.695,-1,425.000,-1,425.000,-1,350.000,350.000,300.000,275.000,-1,-1,-1,-1,-1,875.000,-1,-1,2,0,2,0,2,0,0,0,0,2,2,2,2,2,0,2,2
285,-3433.344,-5237.153,77.489,-155.597,0,0.93042,0.34729,55.825,0.695,-1,425.000,-1,425.000,-1,350.000,350.000,300.000,275.000,-1,-1,-1,-1,-1,875.000,-1,-1,2,0,2,0,2,0,0,0,0,2,2,2,2,2,0,2,2
286,-3483.899,-5260.831,80.008,-154.903,0,0.93042,0.34729,55.825,0.695,-1,425.000,-1,425.000,-1,350.000,350.000,300.000,275.000,-1,-1,-1,-1,1000.000,850.000,-1,-1,2,0,2,0,2,0,0,0,0,2,2,2,2,0,0,2,2
287,-3534.163,-5285.121,82.550,-154.208,0,0.93042,0.34729,55.825,0.695,-1,425.000,-1,425.000,-1,350.000,325.000,300.000,275.000,-1,-1,-1,-1,975.000,850.000,-1,-1,2,0,2,0,2,0,0,0,0,2,2,2,2,0,0,2,2
288,-3584.129,-5310.018,85.198,-153.514,0,0.93042,0.34729,55.825,0.695,-1,425.000,-1,400.000,-1,350.000,325.000,300.000,300.000,-1,-1,-1,-1,975.000,825.000,-1,-1,2,0,2,0,2,0,0,0,0,2,2,2,2,0,0,2,2
289,-3633.789,-5335.519,87.825,-152.819,0,0.93042,0.34729,55.825,0.695,-1,425.000,-1,400.000,-1,325.000,325.000,300.000,300.000,-1,-1,-1,-1,950.000,825.000,-1,-1,2,0,2,0,2,0,0,0,0,2,2,2,2,0,0,2,2
290,-3683.137,-5361.620,90.430,-152.124,0,0.93042,0.34729,55.825,0.695,-1,425.000,-1,400.000,-1,325.000,325.000,300.000,300.000,-1,-1,-1,-1,925.000,800.000,-1,-1,2,0,2,0,2,0,0,0,0,2,2,2,2,0,0,2,2
291,-3732.164,-5388.318,93.009,-151.430,0,0.93042,0.34729,55.825,0.695,-1,425.000,-1,400.000,-1,325.000,325.000,300.000,300.000,-1,-1,-1,-1,925.000,800.000,-1,-1,2,0,2,0,2,0,0,0,0,2,2,2,2,0,0,2,2
292,-3780.865,-5415.608,95.460,-150.735,0,0.93042,0.34729,55.825,0.695,-1,425.000,-1,400.000,-1,325.000,325.000,300.000,300.000,-1,-1,-1,-1,925.000,800.000,-1,-1,2,0,2,0,2,0,0,0,0,2,2,2,2,0,0,2,2
293,-3829.231,-5443.486,97.604,-150.041,0,0.93042,0.34729,55.825,0.695,-1,425.000,-1,400.000,-1,325.000,325.000,300.000,300.000,-1,-1,-1,-1,950.000,775.000,-1,-1,2,0,2,0,2,0,0,0,0,2,2,2,2,0,0,2,2
294,-3877.255,-5471.948,99.748,-149.346,0,0.93042,0.34729,55.825,0.695,-1,425.000,-1,400.000,-1,325.000,325.000,300.000,300.000,-1,-1,-1,-1,950.000,775.000,-1,-1,2,0,2,0,2,0,0,0,0,2,2,2,2,0,0,2,2
295,-3924.931,-5500.991,101.914,-148.652,0,0.93042,0.34729,55.825,0.695,-1,425.000,-1,400.000,-1,325.000,325.000,300.000,300.000,-1,-1,-1,-1,975.000,775.000,-1,-1,2,0,2,0,2,0,0,0,0,2,2,2,2,0,0,2,2
296,-3972.251,-5530.609,103.986,-147.957,0,0.93042,0.34729,55.825,0.695,-1,400.000,-1,400.000,-1,325.000,325.000,300.000,300.000,-1,-1,-1,-1,975.000,750.000,-1,-1,2,0,2,0,2,0,0,0,0,2,2,2,2,0,0,2,2
297,-4019.209,-5560.799,105.983,-147.262,0,0.93042,0.34729,55.825,0.695,-1,400.000,-1,400.000,-1,325.000,325.000,300.000,300.000,-1,-1,-1,-1,1000.000,750.000,-1,-1,2,0,2,0,2,0,0,0,0,2,2,2,2,0,0,2,2
298,-4065.797,-5591.556,107.695,-146.568,0,0.93042,0.34729,55.825,0.695,-1,400.000,-1,400.000,-1,325.000,325.000,300.000,300.000,-1,-1,-1,-1,-1,750.000,-1,-1,2,0,2,0,2,0,0,0,0,2,2,2,2,2,0,2,2
299,-4112.198,-5622.997,109.288,-145.879,0,0.93417,0.34460,56.050,0.689,-1,400.000,-1,400.000,-1,325.000,325.000,300.000,300.000,-1,-1,-1,-1,-1,750.000,-1,-1,2,0,2,0,2,0,0,0,0,2,2,2,2,2,0,2,2
