timestep,x_cm,y_cm,z_cm,yaw_deg,teleport_flag,throttle_cmd,steering_cmd,cmd_move_cm,cmd_turn_deg,lidar_cm_0,lidar_cm_1,lidar_cm_2,lidar_cm_3,lidar_cm_4,lidar_cm_5,lidar_cm_6,lidar_cm_7,lidar_cm_8,lidar_cm_9,lidar_cm_10,lidar_cm_11,lidar_cm_12,lidar_cm_13,lidar_cm_14,lidar_cm_15,lidar_cm_16,lidar_class_0,lidar_class_1,lidar_class_2,lidar_class_3,lidar_class_4,lidar_class_5,lidar_class_6,lidar_class_7,lidar_class_8,lidar_class_9,lidar_class_10,lidar_class_11,lidar_class_12,lidar_class_13,lidar_class_14,lidar_class_15,lidar_class_16
0,6884.059,-8195.601,-254.035,132.278,1,0.08000,0.04575,4.800,0.091,-1,350.000,-1,375.000,-1,300.000,300.000,300.000,300.000,-1,300.000,300.000,475.000,625.000,625.000,-1,-1,2,0,2,0,2,0,0,0,0,2,0,0,1,0,0,2,2
1,6877.589,-8188.509,-254.457,132.371,0,0.16000,0.04627,9.600,0.093,-1,350.000,-1,375.000,-1,300.000,300.000,300.000,300.000,-1,300.000,300.000,475.000,625.000,625.000,-1,-1,2,0,2,0,2,0,0,0,0,2,0,0,1,0,0,2,2
2,6867.867,-8177.886,-255.071,132.465,0,0.24000,0.04732,14.400,0.095,-1,350.000,-1,375.000,-1,300.000,300.000,300.000,300.000,-1,300.000,300.000,500.000,625.000,625.000,-1,-1,2,0,2,0,2,0,0,0,0,2,0,0,1,0,0,2,2
3,6854.880,-8163.745,-255.831,132.563,0,0.32000,0.04891,19.200,0.098,-1,350.000,-1,375.000,-1,300.000,300.000,300.000,300.000,-1,300.000,275.000,500.000,625.000,625.000,-1,-1,2,0,2,0,2,0,0,0,0,2,0,0,1,0,0,2,2
4,6838.615,-8146.097,-256.765,132.665,0,0.40000,0.05106,24.000,0.102,-1,375.000,-1,375.000,-1,300.000,300.000,300.000,300.000,-1,300.000,275.000,525.000,625.000,625.000,-1,-1,2,0,2,0,2,0,0,0,0,2,0,0,1,0,0,2,2
5,6819.057,-8124.956,-257.832,132.773,0,0.48000,0.05378,28.800,0.108,-1,375.000,-1,375.000,-1,300.000,300.000,300.000,300.000,-1,300.000,275.000,550.000,625.000,625.000,-1,-1,2,0,2,0,2,0,0,0,0,2,0,0,1,0,0,2,2
6,6796.191,-8100.337,-258.934,132.887,0,0.56000,0.05710,33.600,0.114,-1,375.000,-1,375.000,-1,300.000,300.000,300.000,300.000,-1,300.000,275.000,575.000,650.000,625.000,-1,-1,2,0,2,0,2,0,0,0,0,2,0,0,1,0,0,2,2
7,6769.997,-8072.258,-260.149,133.009,0,0.64000,0.06103,38.400,0.122,-1,375.000,-1,375.000,-1,300.000,300.000,325.000,300.000,-1,300.000,300.000,600.000,650.000,625.000,-1,-1,2,0,2,0,2,0,0,0,0,2,0,0,1,0,0,2,2
8,6746.924,-8047.833,-261.179,133.371,0,0.56000,0.18103,33.600,0.362,-1,375.000,-1,375.000,-1,300.000,300.000,325.000,325.000,-1,300.000,300.000,625.000,650.000,625.000,-1,-1,2,0,2,0,2,0,0,0,0,2,0,0,1,0,0,2,2
9,6726.972,-8027.064,-262.038,133.850,0,0.48000,0.23961,28.800,0.479,-1,375.000,-1,375.000,-1,300.000,300.000,325.000,325.000,-1,300.000,300.000,650.000,650.000,625.000,-1,-1,2,0,2,0,2,0,0,0,0,2,0,0,1,0,0,2,2
10,6710.199,-8009.898,-262.741,134.337,0,0.40000,0.24319,24.000,0.486,-1,375.000,-1,375.000,-1,300.000,300.000,325.000,325.000,-1,325.000,300.000,675.000,650.000,625.000,-1,-1,2,0,2,0,2,0,0,0,0,2,0,0,1,0,0,2,2
11,6696.663,-7996.281,-263.295,134.829,0,0.32000,0.24621,19.200,0.492,-1,375.000,-1,375.000,-1,300.000,300.000,325.000,325.000,-1,325.000,300.000,675.000,650.000,625.000,-1,-1,2,0,2,0,2,0,0,0,0,2,0,0,1,0,0,2,2
12,6686.423,-7986.157,-263.706,135.327,0,0.24000,0.24867,14.400,0.497,-1,375.000,-1,350.000,-1,300.000,300.000,325.000,325.000,-1,325.000,325.000,700.000,650.000,625.000,-1,-1,2,0,2,0,2,0,0,0,0,2,0,0,1,0,0,2,2
13,6679.537,-7979.468,-263.980,135.828,0,0.16000,0.25053,9.600,0.501,-1,375.000,-1,350.000,-1,300.000,300.000,325.000,325.000,-1,325.000,325.000,700.000,650.000,625.000,-1,-1,2,0,2,0,2,0,0,0,0,2,0,0,1,0,0,2,2
14,6676.065,-7976.153,-264.117,136.331,0,0.08000,0.25178,4.800,0.504,-1,375.000,-1,350.000,-1,300.000,300.000,325.000,325.000,-1,325.000,325.000,725.000,650.000,625.000,-1,-1,2,0,2,0,2,0,0,0,0,2,0,0,1,0,0,2,2
15,6676.065,-7976.153,-264.118,136.836,0,-0.00000,0.25242,-0.000,0.505,-1,375.000,-1,350.000,-1,300.000,300.000,325.000,325.000,-1,325.000,325.000,725.000,650.000,625.000,-1,-1,2,0,2,0,2,0,0,0,0,2,0,0,1,0,0,2,2
16,6679.595,-7979.406,-263.980,137.341,0,-0.08000,0.25242,-4.800,0.505,-1,375.000,-1,350.000,-1,300.000,300.000,325.000,325.000,-1,325.000,325.000,725.000,650.000,625.000,-1,-1,2,0,2,0,2,0,0,0,0,2,0,0,1,0,0,2,2
17,6686.712,-7985.849,-263.697,137.844,0,-0.16000,0.25178,-9.600,0.504,-1,375.000,-1,350.000,-1,300.000,300.000,325.000,325.000,-1,300.000,325.000,725.000,650.000,625.000,-1,-1,2,0,2,0,2,0,0,0,0,2,0,0,1,0,0,2,2
18,6697.471,-7995.420,-263.263,138.345,0,-0.24000,0.25049,-14.400,0.501,-1,375.000,-1,375.000,-1,300.000,300.000,325.000,325.000,-1,300.000,325.000,700.000,650.000,625.000,-1,-1,2,0,2,0,2,0,0,0,0,2,0,0,1,0,0,2,2
19,6711.645,-8007.810,-262.679,138.842,0,-0.31377,0.24856,-18.826,0.497,-1,375.000,-1,375.000,-1,300.000,300.000,325.000,325.000,-1,300.000,325.000,700.000,650.000,625.000,-1,-1,2,0,2,0,2,0,0,0,0,2,0,0,1,0,0,2,2
20,6726.007,-8020.148,-262.077,139.335,0,-0.31557,0.24602,-18.934,0.492,-1,375.000,-1,375.000,-1,300.000,300.000,300.000,325.000,-1,300.000,300.000,675.000,650.000,625.000,-1,-1,2,0,2,0,2,0,0,0,0,2,0,0,1,0,0,2,2
21,6740.556,-8032.434,-261.454,139.821,0,-0.31737,0.24347,-19.042,0.487,-1,375.000,-1,375.000,-1,300.000,300.000,300.000,325.000,-1,300.000,300.000,675.000,650.000,625.000,-1,-1,2,0,2,0,2,0,0,0,0,2,0,0,1,0,0,2,2
22,6755.291,-8044.666,-260.812,140.303,0,-0.31918,0.24090,-19.151,0.482,-1,375.000,-1,375.000,-1,300.000,300.000,300.000,325.000,-1,300.000,300.000,650.000,650.000,625.000,-1,-1,2,0,2,0,2,0,0,0,0,2,0,0,1,0,0,2,2
23,6770.212,-8056.844,-260.150,140.780,0,-0.32099,0.23832,-19.260,0.477,-1,375.000,-1,375.000,-1,300.000,300.000,300.000,325.000,-1,275.000,300.000,650.000,650.000,625.000,-1,-1,2,0,2,0,2,0,0,0,0,2,0,0,1,0,0,2,2
24,6785.318,-8068.966,-259.468,141.251,0,-0.32281,0.23572,-19.369,0.471,-1,375.000,-1,375.000,-1,300.000,300.000,300.000,325.000,-1,275.000,300.000,625.000,650.000,625.000,-1,-1,2,0,2,0,2,0,0,0,0,2,0,0,1,0,0,2,2
25,6800.607,-8081.034,-258.765,141.718,0,-0.32463,0.23310,-19.478,0.466,-1,375.000,-1,375.000,-1,300.000,300.000,300.000,325.000,-1,275.000,300.000,625.000,650.000,625.000,-1,-1,2,0,2,0,2,0,0,0,0,2,0,0,1,0,0,2,2
26,6812.164,-8090.081,-258.161,141.944,0,-0.24463,0.11310,-14.678,0.226,-1,375.000,-1,375.000,-1,300.000,300.000,300.000,325.000,-1,275.000,300.000,600.000,650.000,625.000,-1,-1,2,0,2,0,2,0,0,0,0,2,0,0,1,0,0,2,2
27,6819.959,-8096.148,-257.738,142.108,0,-0.16463,0.08218,-9.878,0.164,-1,375.000,-1,375.000,-1,300.000,300.000,300.000,325.000,-1,275.000,300.000,600.000,650.000,625.000,-1,-1,2,0,2,0,2,0,0,0,0,2,0,0,1,0,0,2,2
28,6823.975,-8099.255,-257.517,142.270,0,-0.08463,0.08085,-5.078,0.162,-1,375.000,-1,375.000,-1,300.000,300.000,300.000,325.000,-1,275.000,300.000,600.000,650.000,625.000,-1,-1,2,0,2,0,2,0,0,0,0,2,0,0,1,0,0,2,2
29,6824.195,-8099.424,-257.500,142.430,0,-0.00463,0.08016,-0.278,0.160,-1,375.000,-1,375.000,-1,300.000,300.000,300.000,325.000,-1,275.000,300.000,600.000,650.000,625.000,-1,-1,2,0,2,0,2,0,0,0,0,2,0,0,1,0,0,2,2
30,6820.603,-8096.677,-257.690,142.590,0,0.07537,0.08012,4.522,0.160,-1,375.000,-1,375.000,-1,300.000,300.000,300.000,325.000,-1,275.000,300.000,600.000,650.000,625.000,-1,-1,2,0,2,0,2,0,0,0,0,2,0,0,1,0,0,2,2
31,6813.182,-8091.034,-258.084,142.752,0,0.15537,0.08074,9.322,0.161,-1,375.000,-1,375.000,-1,300.000,300.000,300.000,325.000,-1,275.000,300.000,600.000,650.000,625.000,-1,-1,2,0,2,0,2,0,0,0,0,2,0,0,1,0,0,2,2
32,6801.916,-8082.519,-258.680,142.916,0,0.23537,0.08200,14.122,0.164,-1,375.000,-1,375.000,-1,300.000,300.000,300.000,325.000,-1,275.000,300.000,625.000,650.000,625.000,-1,-1,2,0,2,0,2,0,0,0,0,2,0,0,1,0,0,2,2
33,6786.787,-8071.153,-259.429,143.084,0,0.31537,0.08393,18.922,0.168,-1,375.000,-1,375.000,-1,300.000,300.000,300.000,325.000,-1,275.000,300.000,650.000,650.000,625.000,-1,-1,2,0,2,0,2,0,0,0,0,2,0,0,1,0,0,2,2
34,6767.839,-8056.880,-260.292,143.012,0,0.39537,-0.03607,23.722,-0.072,-1,375.000,-1,375.000,-1,300.000,300.000,300.000,325.000,-1,275.000,300.000,675.000,650.000,625.000,-1,-1,2,0,2,0,2,0,0,0,0,2,0,0,1,0,0,2,2
35,6745.150,-8039.596,-261.298,142.699,0,0.47537,-0.15607,28.522,-0.312,-1,375.000,-1,375.000,-1,300.000,300.000,300.000,325.000,-1,300.000,325.000,700.000,650.000,625.000,-1,-1,2,0,2,0,2,0,0,0,0,2,0,0,1,0,0,2,2
36,6718.831,-8019.158,-262.428,142.168,0,0.55537,-0.26550,33.322,-0.531,-1,375.000,-1,375.000,-1,300.000,300.000,300.000,325.000,-1,300.000,325.000,725.000,650.000,625.000,-1,-1,2,0,2,0,2,0,0,0,0,2,0,0,1,0,0,2,2
37,6689.273,-7995.769,-263.655,141.647,0,0.62822,-0.26090,37.693,-0.522,-1,375.000,-1,375.000,-1,300.000,300.000,300.000,325.000,-1,300.000,325.000,750.000,650.000,625.000,-1,-1,2,0,2,0,2,0,0,0,0,2,0,0,1,0,0,2,2
38,6659.762,-7971.986,-264.834,141.135,0,0.63168,-0.25568,37.901,-0.511,-1,375.000,-1,375.000,-1,300.000,300.000,325.000,325.000,-1,325.000,325.000,775.000,650.000,625.000,-1,-1,2,0,2,0,2,0,0,0,0,2,0,0,1,0,0,2,2
39,6630.297,-7947.813,-265.844,140.634,0,0.63520,-0.25042,38.112,-0.501,-1,375.000,-1,375.000,-1,300.000,300.000,325.000,325.000,-1,325.000,325.000,800.000,675.000,625.000,-1,-1,2,0,2,0,2,0,0,0,0,2,0,0,1,0,0,2,2
40,6600.875,-7923.252,-266.690,140.144,0,0.63877,-0.24512,38.326,-0.490,-1,375.000,-1,375.000,-1,300.000,300.000,325.000,325.000,-1,325.000,325.000,850.000,675.000,650.000,-1,-1,2,0,2,0,2,0,0,0,0,2,0,0,1,0,0,2,2
41,6571.495,-7898.304,-267.446,139.665,0,0.64238,-0.23978,38.543,-0.480,-1,375.000,-1,375.000,-1,300.000,300.000,325.000,325.000,-1,325.000,325.000,875.000,700.000,650.000,-1,-1,2,0,2,0,2,0,0,0,0,2,0,0,1,0,0,2,2
42,6542.154,-7872.974,-268.167,139.196,0,0.64604,-0.23439,38.763,-0.469,-1,375.000,-1,375.000,-1,300.000,300.000,325.000,325.000,-1,325.000,325.000,900.000,700.000,650.000,-1,-1,2,0,2,0,2,0,0,0,0,2,0,0,1,0,0,2,2
43,6512.849,-7847.263,-268.851,138.738,0,0.64975,-0.22897,38.985,-0.458,-1,375.000,-1,375.000,-1,325.000,300.000,325.000,325.000,-1,325.000,350.000,925.000,700.000,675.000,-1,-1,2,0,2,0,2,0,0,0,0,2,0,0,1,0,0,2,2
44,6483.577,-7821.174,-269.486,138.291,0,0.65351,-0.22350,39.210,-0.447,-1,375.000,-1,375.000,-1,325.000,300.000,300.000,300.000,-1,350.000,350.000,950.000,700.000,675.000,-1,-1,2,0,2,0,2,0,0,0,0,2,0,0,1,0,0,2,2
45,6454.335,-7794.711,-269.892,137.855,0,0.65731,-0.21799,39.439,-0.436,-1,375.000,-1,375.000,-1,325.000,300.000,300.000,300.000,-1,350.000,350.000,1000.000,725.000,675.000,-1,-1,2,0,2,0,2,0,0,0,0,2,0,0,1,0,0,2,2
46,6425.121,-7767.875,-270.170,137.430,0,0.66116,-0.21244,39.670,-0.425,-1,375.000,-1,375.000,-1,325.000,300.000,300.000,300.000,-1,350.000,375.000,-1,725.000,675.000,-1,-1,2,0,2,0,2,0,0,0,0,2,0,0,2,0,0,2,2
47,6395.930,-7740.669,-270.350,137.016,0,0.66505,-0.20684,39.903,-0.414,-1,375.000,-1,375.000,-1,325.000,300.000,300.000,300.000,-1,375.000,375.000,-1,725.000,700.000,-1,-1,2,0,2,0,2,0,0,0,0,2,0,0,2,0,0,2,2
48,6366.759,-7713.097,-270.493,136.614,0,0.66899,-0.20120,40.140,-0.402,-1,375.000,-1,375.000,-1,325.000,300.000,300.000,300.000,-1,375.000,400.000,-1,725.000,700.000,-1,-1,2,0,2,0,2,0,0,0,0,2,0,0,2,0,0,2,2
49,6337.604,-7685.160,-270.601,136.223,0,0.67298,-0.19552,40.379,-0.391,-1,375.000,-1,375.000,-1,325.000,300.000,300.000,300.000,-1,400.000,425.000,-1,725.000,700.000,-1,-1,2,0,2,0,2,0,0,0,0,2,0,0,2,0,0,2,2
50,6311.811,-7660.315,-270.666,136.072,0,0.59688,-0.07552,35.813,-0.151,-1,375.000,-1,375.000,-1,325.000,300.000,300.000,300.000,-1,400.000,425.000,-1,725.000,700.000,-1,-1,2,0,2,0,2,0,0,0,0,2,0,0,2,0,0,2,2
51,6285.826,-7635.362,-270.716,136.161,0,0.60043,0.04448,36.026,0.089,-1,375.000,-1,375.000,-1,325.000,300.000,300.000,300.000,-1,400.000,425.000,-1,725.000,725.000,-1,-1,2,0,2,0,2,0,0,0,0,2,0,0,2,0,0,2,2
52,6259.543,-7610.411,-270.767,136.490,0,0.60401,0.16448,36.240,0.329,-1,375.000,-1,375.000,-1,325.000,325.000,300.000,300.000,-1,400.000,425.000,-1,750.000,725.000,-1,-1,2,0,2,0,2,0,0,0,0,2,0,0,2,0,0,2,2
53,6232.897,-7585.527,-270.812,136.957,0,0.60763,0.23378,36.458,0.468,-1,375.000,-1,375.000,-1,325.000,325.000,300.000,300.000,-1,400.000,425.000,-1,750.000,725.000,-1,-1,2,0,2,0,2,0,0,0,0,2,0,0,2,0,0,2,2
54,6205.881,-7560.716,-270.833,137.435,0,0.61135,0.23908,36.681,0.478,-1,400.000,-1,375.000,-1,325.000,325.000,300.000,300.000,-1,400.000,425.000,-1,750.000,725.000,-1,-1,2,0,2,0,2,0,0,0,0,2,0,0,2,0,0,2,2
55,6178.483,-7535.981,-270.745,137.924,0,0.61519,0.24445,36.911,0.489,-1,400.000,-1,375.000,-1,325.000,325.000,300.000,300.000,-1,400.000,425.000,-1,750.000,750.000,-1,-1,2,0,2,0,2,0,0,0,0,2,0,0,2,0,0,2,2
56,6150.693,-7511.329,-270.535,138.424,0,0.61914,0.24990,37.149,0.500,-1,400.000,-1,375.000,-1,325.000,325.000,300.000,300.000,-1,400.000,425.000,-1,775.000,750.000,-1,-1,2,0,2,0,2,0,0,0,0,2,0,0,2,0,0,2,2
57,6122.501,-7486.765,-270.155,138.935,0,0.62321,0.25541,37.393,0.511,-1,400.000,-1,375.000,-1,325.000,325.000,300.000,300.000,-1,425.000,475.000,-1,775.000,750.000,-1,-1,2,0,2,0,2,0,0,0,0,2,0,0,2,0,0,2,2
58,6093.895,-7462.296,-269.783,139.457,0,0.62739,0.26100,37.643,0.522,-1,400.000,-1,375.000,-1,325.000,325.000,300.000,300.000,-1,450.000,500.000,-1,775.000,775.000,-1,-1,2,0,2,0,2,0,0,0,0,2,0,0,2,0,0,2,2
59,6065.041,-7438.068,-269.421,139.981,0,0.62794,0.26174,37.676,0.523,-1,400.000,-1,375.000,-1,325.000,325.000,300.000,300.000,-1,500.000,525.000,-1,775.000,775.000,-1,-1,2,0,2,0,2,0,0,0,0,2,0,0,2,0,0,2,2
60,6035.968,-7414.105,-269.070,140.504,0,0.62794,0.26174,37.676,0.523,-1,400.000,-1,400.000,-1,325.000,325.000,300.000,300.000,-1,525.000,550.000,-1,775.000,775.000,-1,-1,2,0,2,0,2,0,0,0,0,2,0,0,2,0,0,2,2
61,6006.676,-7390.409,-268.729,141.027,0,0.62794,0.26174,37.676,0.523,-1,400.000,-1,400.000,-1,325.000,325.000,300.000,300.000,-1,550.000,600.000,-1,775.000,800.000,-1,-1,2,0,2,0,2,0,0,0,0,2,0,0,2,0,0,2,2
62,5977.169,-7366.981,-268.389,141.551,0,0.62794,0.26174,37.676,0.523,-1,400.000,-1,400.000,-1,325.000,325.000,300.000,300.000,-1,575.000,625.000,-1,800.000,800.000,-1,-1,2,0,2,0,2,0,0,0,0,2,0,0,2,0,0,2,2
63,5947.450,-7343.823,-268.061,142.074,0,0.62794,0.26174,37.676,0.523,-1,400.000,-1,400.000,-1,325.000,325.000,300.000,300.000,-1,600.000,650.000,-1,800.000,800.000,-1,-1,2,0,2,0,2,0,0,0,0,2,0,0,2,0,0,2,2
64,5917.520,-7320.939,-267.751,142.598,0,0.62794,0.26174,37.676,0.523,-1,400.000,-1,400.000,-1,325.000,325.000,300.000,300.000,-1,625.000,700.000,-1,825.000,825.000,-1,-1,2,0,2,0,2,0,0,0,0,2,0,0,2,0,0,2,2
65,5887.382,-7298.328,-267.459,143.121,0,0.62794,0.26174,37.676,0.523,-1,400.000,-1,400.000,-1,325.000,325.000,300.000,300.000,-1,675.000,725.000,-1,825.000,825.000,-1,-1,2,0,2,0,2,0,0,0,0,2,0,0,2,0,0,2,2
66,5857.039,-7275.994,-267.187,143.645,0,0.62794,0.26174,37.676,0.523,-1,400.000,-1,400.000,-1,325.000,325.000,300.000,300.000,-1,700.000,775.000,-1,850.000,825.000,-1,-1,2,0,2,0,2,0,0,0,0,2,0,0,2,0,0,2,2
67,5826.493,-7253.938,-266.994,144.168,0,0.62794,0.26174,37.676,0.523,-1,400.000,-1,400.000,-1,325.000,325.000,300.000,300.000,-1,750.000,800.000,-1,850.000,850.000,-1,-1,2,0,2,0,2,0,0,0,0,2,0,0,2,0,0,2,2
68,5795.747,-7232.162,-266.848,144.692,0,0.62794,0.26174,37.676,0.523,-1,400.000,-1,400.000,-1,325.000,325.000,300.000,300.000,-1,775.000,850.000,-1,875.000,850.000,-1,-1,2,0,2,0,2,0,0,0,0,2,0,0,2,0,0,2,2
69,5764.803,-7210.668,-266.732,145.215,0,0.62794,0.26174,37.676,0.523,-1,400.000,-1,400.000,-1,325.000,325.000,300.000,300.000,-1,825.000,900.000,-1,875.000,850.000,-1,-1,2,0,2,0,2,0,0,0,0,2,0,0,2,0,0,2,2
70,5733.665,-7189.457,-266.646,145.739,0,0.62794,0.26174,37.676,0.523,-1,400.000,-1,400.000,-1,325.000,325.000,300.000,300.000,-1,850.000,950.000,-1,900.000,850.000,-1,-1,2,0,2,0,2,0,0,0,0,2,0,0,2,0,0,2,2
71,5698.441,-7165.718,-266.606,146.022,0,0.70794,0.14174,42.476,0.283,-1,400.000,-1,400.000,-1,325.000,325.000,300.000,300.000,-1,900.000,1000.000,-1,925.000,875.000,-1,-1,2,0,2,0,2,0,0,0,0,2,0,0,2,0,0,2,2
72,5659.217,-7139.327,-266.672,146.066,0,0.78794,0.02174,47.276,0.043,-1,400.000,-1,425.000,-1,325.000,325.000,300.000,300.000,-1,950.000,-1,-1,925.000,875.000,-1,-1,2,0,2,0,2,0,0,0,0,2,0,2,2,0,0,2,2
73,5617.846,-7111.284,-266.608,145.869,0,0.83298,-0.09826,49.979,-0.197,-1,400.000,-1,425.000,-1,325.000,325.000,300.000,300.000,-1,-1,-1,-1,950.000,900.000,-1,-1,2,0,2,0,2,0,0,0,0,2,2,2,2,0,0,2,2
74,5576.619,-7083.033,-266.565,145.579,0,0.83298,-0.14509,49.979,-0.290,-1,400.000,-1,425.000,-1,325.000,325.000,300.000,300.000,-1,-1,-1,-1,950.000,925.000,-1,-1,2,0,2,0,2,0,0,0,0,2,2,2,2,0,0,2,2
75,5535.534,-7054.573,-266.542,145.289,0,0.83298,-0.14509,49.979,-0.290,-1,400.000,-1,425.000,-1,325.000,325.000,300.000,300.000,-1,-1,-1,-1,975.000,950.000,-1,-1,2,0,2,0,2,0,0,0,0,2,2,2,2,0,0,2,2
76,5494.595,-7025.906,-266.540,144.999,0,0.83298,-0.14509,49.979,-0.290,-1,425.000,-1,400.000,-1,325.000,325.000,300.000,300.000,-1,-1,-1,-1,1000.000,975.000,-1,-1,2,0,2,0,2,0,0,0,0,2,2,2,2,0,0,2,2
77,5453.801,-6997.031,-266.548,144.708,0,0.83298,-0.14509,49.979,-0.290,-1,425.000,-1,400.000,-1,325.000,325.000,300.000,300.000,-1,-1,-1,-1,1000.000,1000.000,-1,-1,2,0,2,0,2,0,0,0,0,2,2,2,2,0,0,2,2
78,5413.154,-6967.951,-266.571,144.418,0,0.83298,-0.14509,49.979,-0.290,-1,425.000,-1,400.000,-1,325.000,325.000,300.000,300.000,-1,-1,-1,-1,-1,-1,-1,-1,2,0,2,0,2,0,0,0,0,2,2,2,2,2,2,2,2
79,5372.655,-6938.664,-266.630,144.128,0,0.83298,-0.14509,49.979,-0.290,-1,425.000,-1,400.000,-1,350.000,325.000,300.000,300.000,-1,-1,-1,-1,-1,-1,-1,-1,2,0,2,0,2,0,0,0,0,2,2,2,2,2,2,2,2
80,5332.305,-6909.173,-266.803,143.838,0,0.83298,-0.14509,49.979,-0.290,-1,425.000,-1,400.000,-1,350.000,325.000,300.000,300.000,-1,-1,-1,-1,-1,-1,-1,-1,2,0,2,0,2,0,0,0,0,2,2,2,2,2,2,2,2
81,5292.105,-6879.478,-267.340,143.548,0,0.83298,-0.14509,49.979,-0.290,-1,425.000,-1,425.000,-1,350.000,325.000,300.000,300.000,-1,-1,-1,-1,-1,-1,-1,-1,2,0,2,0,2,0,0,0,0,2,2,2,2,2,2,2,2
82,5252.055,-6849.580,-267.977,143.258,0,0.83298,-0.14509,49.979,-0.290,-1,425.000,-1,425.000,-1,350.000,325.000,300.000,300.000,-1,-1,-1,-1,-1,-1,-1,-1,2,0,2,0,2,0,0,0,0,2,2,2,2,2,2,2,2
83,5212.157,-6819.480,-268.664,142.967,0,0.83298,-0.14509,49.979,-0.290,-1,425.000,-1,425.000,-1,350.000,350.000,300.000,300.000,-1,-1,-1,-1,-1,-1,-1,-1,2,0,2,0,2,0,0,0,0,2,2,2,2,2,2,2,2
84,5172.413,-6789.177,-269.391,142.677,0,0.83298,-0.14509,49.979,-0.290,-1,425.000,-1,425.000,-1,350.000,350.000,300.000,300.000,-1,-1,-1,-1,-1,-1,-1,-1,2,0,2,0,2,0,0,0,0,2,2,2,2,2,2,2,2
85,5132.822,-6758.674,-270.277,142.387,0,0.83298,-0.14509,49.979,-0.290,-1,425.000,-1,425.000,-1,350.000,350.000,300.000,300.000,-1,-1,-1,-1,-1,-1,-1,-1,2,0,2,0,2,0,0,0,0,2,2,2,2,2,2,2,2
86,5093.387,-6727.971,-271.206,142.097,0,0.83298,-0.14509,49.979,-0.290,-1,425.000,-1,425.000,-1,350.000,350.000,300.000,300.000,-1,-1,-1,-1,-1,-1,-1,-1,2,0,2,0,2,0,0,0,0,2,2,2,2,2,2,2,2
87,5054.107,-6697.068,-272.177,141.807,0,0.83298,-0.14509,49.979,-0.290,-1,425.000,-1,450.000,-1,350.000,350.000,300.000,300.000,-1,-1,-1,-1,-1,-1,-1,-1,2,0,2,0,2,0,0,0,0,2,2,2,2,2,2,2,2
88,5014.984,-6665.967,-273.267,141.516,0,0.83298,-0.14509,49.979,-0.290,-1,425.000,-1,450.000,-1,350.000,350.000,300.000,300.000,-1,-1,-1,-1,-1,-1,-1,-1,2,0,2,0,2,0,0,0,0,2,2,2,2,2,2,2,2
89,4976.020,-6634.668,-274.757,141.226,0,0.83298,-0.14509,49.979,-0.290,-1,425.000,-1,450.000,-1,350.000,350.000,300.000,300.000,-1,-1,-1,-1,-1,1000.000,-1,-1,2,0,2,0,2,0,0,0,0,2,2,2,2,2,0,2,2
90,4937.214,-6603.172,-276.546,140.936,0,0.83298,-0.14509,49.979,-0.290,-1,425.000,-1,425.000,-1,350.000,350.000,300.000,300.000,-1,-1,-1,-1,1000.000,975.000,-1,-1,2,0,2,0,2,0,0,0,0,2,2,2,2,0,0,2,2
91,4898.569,-6571.480,-278.455,140.646,0,0.83298,-0.14509,49.979,-0.290,-1,425.000,-1,425.000,-1,350.000,350.000,300.000,300.000,-1,-1,-1,-1,975.000,950.000,-1,-1,2,0,2,0,2,0,0,0,0,2,2,2,2,0,0,2,2
92,4860.084,-6539.593,-280.385,140.356,0,0.83298,-0.14509,49.979,-0.290,-1,425.000,-1,425.000,-1,325.000,350.000,300.000,300.000,-1,-1,-1,-1,950.000,900.000,-1,-1,2,0,2,0,2,0,0,0,0,2,2,2,2,0,0,2,2
93,4821.762,-6507.511,-282.565,140.065,0,0.83298,-0.14509,49.979,-0.290,-1,425.000,-1,425.000,-1,325.000,325.000,300.000,300.000,-1,-1,-1,-1,925.000,900.000,-1,-1,2,0,2,0,2,0,0,0,0,2,2,2,2,0,0,2,2
94,4783.602,-6475.235,-284.907,139.775,0,0.83298,-0.14509,49.979,-0.290,-1,425.000,-1,425.000,-1,325.000,325.000,300.000,300.000,-1,-1,-1,-1,925.000,875.000,-1,-1,2,0,2,0,2,0,0,0,0,2,2,2,2,0,0,2,2
95,4745.607,-6442.767,-287.294,139.485,0,0.83298,-0.14509,49.979,-0.290,-1,425.000,-1,425.000,-1,325.000,325.000,300.000,300.000,-1,-1,-1,-1,900.000,850.000,-1,-1,2,0,2,0,2,0,0,0,0,2,2,2,2,0,0,2,2
96,4707.776,-6410.106,-289.699,139.195,0,0.83298,-0.14509,49.979,-0.290,-1,425.000,-1,400.000,-1,325.000,325.000,300.000,300.000,-1,-1,-1,-1,875.000,850.000,-1,-1,2,0,2,0,2,0,0,0,0,2,2,2,2,0,0,2,2
97,4670.111,-6377.255,-292.185,138.905,0,0.83298,-0.14509,49.979,-0.290,-1,425.000,-1,400.000,-1,325.000,325.000,300.000,300.000,-1,-1,-1,-1,850.000,825.000,-1,-1,2,0,2,0,2,0,0,0,0,2,2,2,2,0,0,2,2
98,4632.613,-6344.213,-294.775,138.615,0,0.83298,-0.14509,49.979,-0.290,-1,400.000,-1,400.000,-1,325.000,325.000,300.000,300.000,-1,-1,-1,-1,825.000,825.000,-1,-1,2,0,2,0,2,0,0,0,0,2,2,2,2,0,0,2,2
99,4595.283,-6310.981,-297.385,138.324,0,0.83298,-0.14509,49.979,-0.290,-1,400.000,-1,400.000,-1,325.000,325.000,300.000,300.000,-1,-1,-1,-1,825.000,800.000,-1,-1,2,0,2,0,2,0,0,0,0,2,2,2,2,0,0,2,2
100,4557.493,-6276.997,-300.059,138.035,0,0.84706,-0.14469,50.824,-0.289,-1,400.000,-1,400.000,-1,325.000,325.000,300.000,325.000,-1,-1,-1,-1,800.000,800.000,-1,-1,2,0,2,0,2,0,0,0,0,2,2,2,2,0,0,2,2
101,4519.191,-6242.202,-302.809,137.747,0,0.86244,-0.14406,51.747,-0.288,-1,400.000,-1,400.000,-1,325.000,325.000,300.000,325.000,-1,-1,-1,-1,775.000,775.000,-1,-1,2,0,2,0,2,0,0,0,0,2,2,2,2,0,0,2,2
102,4480.372,-6206.581,-306.083,137.460,0,0.87810,-0.14320,52.686,-0.286,-1,400.000,-1,400.000,-1,325.000,325.000,300.000,325.000,-1,-1,-1,-1,750.000,775.000,-1,-1,2,0,2,0,2,0,0,0,0,2,2,2,2,0,0,2,2
103,4438.047,-6167.681,-309.962,137.414,0,0.95810,-0.02320,57.486,-0.046,-1,400.000,-1,400.000,-1,325.000,325.000,300.000,325.000,-1,-1,-1,-1,750.000,775.000,-1,-1,2,0,2,0,2,0,0,0,0,2,2,2,2,0,0,2,2
104,4394.375,-6127.813,-314.060,137.608,0,0.98554,0.09680,59.132,0.194,-1,400.000,-1,400.000,-1,325.000,325.000,300.000,325.000,-1,-1,-1,-1,750.000,750.000,-1,-1,2,0,2,0,2,0,0,0,0,2,2,2,2,0,0,2,2
105,4349.758,-6087.698,-318.207,138.041,0,1.00000,0.21680,60.000,0.434,-1,400.000,-1,400.000,-1,325.000,325.000,300.000,325.000,-1,-1,-1,-1,750.000,750.000,-1,-1,2,0,2,0,2,0,0,0,0,2,2,2,2,0,0,2,2
106,4304.672,-6048.109,-322.485,138.715,0,1.00000,0.33680,60.000,0.674,-1,400.000,-1,400.000,-1,325.000,325.000,300.000,325.000,-1,-1,-1,-1,750.000,750.000,-1,-1,2,0,2,0,2,0,0,0,0,2,2,2,2,0,0,2,2
107,4258.960,-6009.245,-326.798,139.628,0,1.00000,0.45680,60.000,0.914,-1,400.000,-1,375.000,-1,325.000,325.000,300.000,325.000,-1,-1,-1,-1,750.000,750.000,-1,-1,2,0,2,0,2,0,0,0,0,2,2,2,2,0,0,2,2
108,4212.475,-5971.308,-331.129,140.782,0,1.00000,0.57680,60.000,1.154,-1,400.000,975.000,375.000,-1,325.000,325.000,325.000,325.000,-1,-1,-1,-1,750.000,725.000,-1,-1,2,0,1,0,2,0,0,0,0,2,2,2,2,0,0,2,2
109,4165.082,-5934.514,-335.566,142.176,0,1.00000,0.69680,60.000,1.394,-1,400.000,925.000,375.000,-1,325.000,325.000,325.000,325.000,-1,-1,-1,-1,750.000,700.000,-1,-1,2,0,1,0,2,0,0,0,0,2,2,2,2,1,1,2,2
110,4116.658,-5899.085,-340.161,143.809,0,1.00000,0.81680,60.000,1.634,-1,400.000,875.000,375.000,-1,325.000,325.000,325.000,325.000,-1,-1,-1,-1,725.000,650.000,-1,900.000,2,0,1,0,2,0,0,0,0,2,2,2,2,1,1,2,1
111,4067.103,-5865.258,-344.817,145.683,0,1.00000,0.93680,60.000,1.874,-1,400.000,825.000,375.000,-1,325.000,300.000,325.000,300.000,-1,-1,-1,-1,725.000,575.000,-1,775.000,2,0,1,0,2,0,0,0,0,2,2,2,2,1,1,2,1
112,4016.603,-5832.858,-349.524,147.316,0,1.00000,0.81680,60.000,1.634,-1,400.000,775.000,375.000,-1,325.000,300.000,325.000,300.000,-1,-1,-1,-1,725.000,525.000,-1,675.000,2,0,1,1,2,1,1,0,0,2,2,2,2,1,1,2,1
113,3965.330,-5801.696,-354.330,148.710,0,1.00000,0.69680,60.000,1.394,-1,400.000,725.000,350.000,875.000,300.000,300.000,325.000,300.000,-1,-1,-1,-1,725.000,475.000,-1,575.000,2,0,1,1,1,1,1,0,0,2,2,2,2,1,1,2,1
114,3913.440,-5771.573,-359.132,149.864,0,1.00000,0.57680,60.000,1.154,-1,400.000,675.000,325.000,650.000,300.000,275.000,325.000,300.000,-1,-1,-1,-1,700.000,425.000,-1,500.000,2,0,1,1,1,1,1,0,0,2,2,2,2,1,1,2,1
115,3861.076,-5742.280,-363.928,150.777,0,1.00000,0.45680,60.000,0.914,-1,400.000,625.000,300.000,525.000,300.000,250.000,325.000,325.000,-1,-1,-1,-1,675.000,400.000,-1,425.000,2,0,1,1,1,1,1,0,0,2,2,2,2,1,1,2,1
116,3808.372,-5713.605,-368.862,151.451,0,1.00000,0.33680,60.000,0.674,-1,375.000,575.000,275.000,425.000,275.000,250.000,325.000,325.000,-1,-1,-1,-1,650.000,350.000,-1,350.000,2,1,1,1,1,1,1,0,0,2,2,2,2,1,1,2,1
117,3755.452,-5685.330,-372.636,151.884,0,1.00000,0.21680,60.000,0.434,-1,375.000,550.000,250.000,350.000,275.000,225.000,300.000,325.000,-1,-1,-1,-1,600.000,325.000,-1,300.000,2,1,1,1,1,1,1,0,0,2,2,2,2,1,1,2,1
118,3702.437,-5657.234,-374.466,152.078,0,1.00000,0.09680,60.000,0.194,-1,350.000,500.000,250.000,325.000,250.000,225.000,300.000,350.000,-1,425.000,725.000,-1,600.000,300.000,-1,275.000,2,1,1,1,1,1,1,0,0,2,0,0,2,1,1,2,1
119,3649.445,-5629.095,-375.746,152.032,0,1.00000,-0.02320,60.000,-0.046,-1,350.000,500.000,225.000,300.000,250.000,200.000,300.000,400.000,-1,250.000,425.000,-1,575.000,300.000,-1,250.000,2,1,1,1,1,1,1,0,0,2,0,0,2,1,1,2,1
120,3596.593,-5600.691,-376.482,151.745,0,1.00000,-0.14320,60.000,-0.286,-1,325.000,500.000,225.000,250.000,250.000,200.000,275.000,450.000,1000.000,175.000,325.000,-1,550.000,275.000,-1,225.000,2,1,1,1,1,1,1,0,0,0,0,0,2,1,1,2,1
121,3544.006,-5571.803,-376.650,151.219,0,1.00000,-0.26320,60.000,-0.526,-1,300.000,500.000,200.000,225.000,225.000,200.000,275.000,500.000,700.000,100.000,275.000,-1,525.000,250.000,-1,200.000,2,1,1,1,1,1,1,0,0,0,0,0,2,1,1,2,1
122,-8855.085,8199.153,382.818,-70.216,1,0.00000,0.00000,60.000,-0.766,625.000,325.000,-1,250.000,375.000,250.000,225.000,200.000,325.000,325.000,350.000,250.000,325.000,-1,350.000,-1,275.000,0,1,2,1,1,1,1,0,1,0,1,1,1,2,1,2,1
123,6236.049,-5574.415,-220.196,12.126,1,0.08000,-0.12000,4.800,-0.240,-1,400.000,-1,425.000,-1,325.000,325.000,300.000,300.000,-1,-1,-1,-1,850.000,-1,-1,-1,2,0,2,0,2,0,0,0,0,2,2,2,2,0,2,2,2
124,6245.451,-5572.478,-219.839,11.646,0,0.16000,-0.24000,9.600,-0.480,-1,400.000,-1,425.000,-1,325.000,325.000,300.000,300.000,-1,-1,-1,-1,850.000,-1,-1,-1,2,0,2,0,2,0,0,0,0,2,2,2,2,0,2,2,2
125,6259.590,-5569.748,-219.299,10.926,0,0.24000,-0.36000,14.400,-0.720,-1,400.000,-1,425.000,-1,325.000,325.000,300.000,300.000,-1,-1,-1,-1,850.000,-1,-1,-1,2,0,2,0,2,0,0,0,0,2,2,2,2,0,2,2,2
126,6278.500,-5566.425,-218.572,9.966,0,0.32000,-0.48000,19.200,-0.960,-1,400.000,-1,425.000,-1,325.000,325.000,300.000,300.000,-1,-1,-1,-1,875.000,-1,-1,-1,2,0,2,0,2,0,0,0,0,2,2,2,2,0,2,2,2
127,6302.213,-5562.723,-217.650,8.873,0,0.40000,-0.54648,24.000,-1.093,-1,400.000,-1,425.000,-1,325.000,325.000,300.000,300.000,-1,-1,-1,-1,875.000,-1,-1,-1,2,0,2,0,2,0,0,0,0,2,2,2,2,0,2,2,2
128,6330.748,-5558.825,-216.526,7.780,0,0.48000,-0.54648,28.800,-1.093,-1,400.000,-1,425.000,-1,325.000,325.000,300.000,300.000,-1,-1,-1,-1,875.000,-1,-1,-1,2,0,2,0,2,0,0,0,0,2,2,2,2,0,2,2,2
129,6364.120,-5554.912,-215.198,6.687,0,0.56000,-0.54648,33.600,-1.093,-1,400.000,-1,425.000,-1,325.000,325.000,300.000,300.000,-1,-1,-1,-1,900.000,-1,-1,-1,2,0,2,0,2,0,0,0,0,2,2,2,2,0,2,2,2
130,6402.337,-5551.169,-213.663,5.594,0,0.64000,-0.54648,38.400,-1.093,-1,400.000,-1,425.000,-1,325.000,350.000,300.000,300.000,-1,-1,-1,-1,900.000,-1,-1,-1,2,0,2,0,2,0,0,0,0,2,2,2,2,0,2,2,2
131,6445.403,-5547.778,-211.922,4.501,0,0.72000,-0.54648,43.200,-1.093,-1,425.000,-1,450.000,-1,325.000,350.000,300.000,300.000,-1,-1,-1,-1,900.000,1000.000,-1,-1,2,0,2,0,2,0,0,0,0,2,2,2,2,0,0,2,2
132,6493.319,-5544.925,-209.975,3.408,0,0.80000,-0.54648,48.000,-1.093,-1,425.000,-1,450.000,-1,350.000,350.000,300.000,300.000,-1,-1,-1,-1,925.000,1000.000,-1,-1,2,0,2,0,2,0,0,0,0,2,2,2,2,0,0,2,2
133,6543.782,-5542.885,-207.938,2.315,0,0.84174,-0.54648,50.504,-1.093,-1,425.000,-1,450.000,-1,350.000,350.000,300.000,300.000,-1,-1,-1,-1,925.000,1000.000,-1,-1,2,0,2,0,2,0,0,0,0,2,2,2,2,0,0,2,2
134,6594.274,-5541.807,-207.167,1.222,0,0.84174,-0.54648,50.504,-1.093,-1,425.000,-1,450.000,-1,350.000,350.000,300.000,300.000,-1,-1,-1,-1,925.000,975.000,-1,-1,2,0,2,0,2,0,0,0,0,2,2,2,2,0,0,2,2
135,6644.778,-5541.693,-206.960,0.129,0,0.84174,-0.54648,50.504,-1.093,-1,425.000,-1,450.000,-1,350.000,350.000,300.000,300.000,-1,-1,-1,-1,925.000,950.000,-1,-1,2,0,2,0,2,0,0,0,0,2,2,2,2,0,0,2,2
136,6690.479,-5542.271,-206.771,-0.724,0,0.76174,-0.42648,45.704,-0.853,-1,425.000,-1,425.000,-1,350.000,350.000,300.000,300.000,-1,-1,-1,-1,900.000,925.000,-1,-1,2,0,2,0,2,0,0,0,0,2,2,2,2,0,0,2,2
137,6731.372,-5543.225,-206.602,-1.337,0,0.68174,-0.30648,40.904,-0.613,-1,425.000,-1,425.000,-1,350.000,350.000,300.000,300.000,-1,-1,-1,-1,900.000,900.000,-1,-1,2,0,2,0,2,0,0,0,0,2,2,2,2,0,0,2,2
138,6767.460,-5544.302,-206.452,-1.710,0,0.60174,-0.18648,36.104,-0.373,-1,425.000,-1,425.000,-1,350.000,350.000,300.000,300.000,-1,-1,-1,-1,875.000,900.000,-1,-1,2,0,2,0,2,0,0,0,0,2,2,2,2,0,0,2,2
139,6798.748,-5545.308,-206.321,-1.843,0,0.52174,-0.06648,31.304,-0.133,-1,425.000,-1,425.000,-1,350.000,350.000,275.000,300.000,-1,-1,-1,-1,875.000,875.000,-1,-1,2,0,2,0,2,0,0,0,0,2,2,2,2,0,0,2,2
140,6825.240,-5546.111,-206.207,-1.736,0,0.44174,0.05352,26.504,0.107,-1,425.000,-1,425.000,-1,325.000,350.000,275.000,300.000,-1,-1,-1,-1,850.000,875.000,-1,-1,2,0,2,0,2,0,0,0,0,2,2,2,2,0,0,2,2
141,6846.938,-5546.637,-206.111,-1.389,0,0.36174,0.17352,21.704,0.347,-1,425.000,-1,425.000,-1,325.000,350.000,275.000,300.000,-1,-1,-1,-1,850.000,850.000,-1,-1,2,0,2,0,2,0,0,0,0,2,2,2,2,0,0,2,2
142,6863.841,-5546.873,-206.032,-0.801,0,0.28174,0.29352,16.904,0.587,-1,400.000,-1,425.000,-1,325.000,325.000,275.000,300.000,-1,-1,-1,-1,850.000,850.000,-1,-1,2,0,2,0,2,0,0,0,0,2,2,2,2,0,0,2,2
143,6875.945,-5546.868,-205.969,0.026,0,0.20174,0.41352,12.104,0.827,-1,400.000,-1,425.000,-1,325.000,325.000,275.000,300.000,-1,-1,-1,-1,850.000,850.000,-1,-1,2,0,2,0,2,0,0,0,0,2,2,2,2,0,0,2,2
144,6883.248,-5546.729,-205.924,1.093,0,0.12174,0.53352,7.304,1.067,-1,400.000,-1,425.000,-1,325.000,325.000,275.000,300.000,-1,-1,-1,-1,850.000,850.000,-1,-1,2,0,2,0,2,0,0,0,0,2,2,2,2,0,0,2,2
145,6885.750,-5546.624,-205.896,2.400,0,0.04174,0.65352,2.504,1.307,-1,400.000,-1,425.000,-1,325.000,325.000,275.000,300.000,-1,-1,-1,-1,825.000,850.000,-1,-1,2,0,2,0,2,0,0,0,0,2,2,2,2,0,0,2,2
146,6883.460,-5546.782,-205.887,3.947,0,-0.03826,0.77352,-2.296,1.547,-1,400.000,-1,425.000,-1,325.000,325.000,275.000,300.000,-1,-1,-1,-1,825.000,850.000,-1,-1,2,0,2,0,2,0,0,0,0,2,2,2,2,0,0,2,2
147,6876.399,-5547.491,-205.898,5.734,0,-0.11826,0.89352,-7.096,1.787,-1,400.000,-1,425.000,-1,325.000,325.000,275.000,300.000,-1,-1,-1,-1,825.000,850.000,-1,-1,2,0,2,0,2,0,0,0,0,2,2,2,2,0,0,2,2
148,6864.612,-5549.092,-205.930,7.734,0,-0.19826,1.00000,-11.896,2.000,-1,400.000,-1,425.000,-1,325.000,325.000,300.000,300.000,-1,-1,-1,-1,825.000,875.000,-1,-1,2,0,2,0,2,0,0,0,0,2,2,2,2,0,0,2,2
149,6848.156,-5551.914,-205.989,9.734,0,-0.27826,1.00000,-16.696,2.000,-1,400.000,-1,425.000,-1,325.000,325.000,300.000,300.000,-1,-1,-1,-1,850.000,875.000,-1,-1,2,0,2,0,2,0,0,0,0,2,2,2,2,0,0,2,2
150,6827.110,-5556.286,-206.077,11.734,0,-0.35826,1.00000,-21.496,2.000,-1,400.000,-1,425.000,-1,325.000,350.000,300.000,300.000,-1,-1,-1,-1,850.000,875.000,-1,-1,2,0,2,0,2,0,0,0,0,2,2,2,2,0,0,2,2
151,6801.566,-5562.529,-206.195,13.734,0,-0.43826,1.00000,-26.296,2.000,-1,400.000,-1,425.000,-1,325.000,350.000,300.000,300.000,-1,-1,-1,-1,850.000,900.000,-1,-1,2,0,2,0,2,0,0,0,0,2,2,2,2,0,0,2,2
152,6773.470,-5570.444,-206.329,15.734,0,-0.48649,1.00000,-29.190,2.000,-1,400.000,-1,425.000,-1,325.000,350.000,300.000,300.000,-1,-1,-1,-1,850.000,900.000,-1,-1,2,0,2,0,2,0,0,0,0,2,2,2,2,0,0,2,2
153,6745.667,-5579.335,-206.458,17.734,0,-0.48649,1.00000,-29.190,2.000,-1,425.000,-1,425.000,-1,325.000,350.000,300.000,300.000,-1,-1,-1,-1,850.000,925.000,-1,-1,2,0,2,0,2,0,0,0,0,2,2,2,2,0,0,2,2
154,6718.192,-5589.191,-206.579,19.734,0,-0.48649,1.00000,-29.190,2.000,-1,425.000,-1,425.000,-1,325.000,350.000,325.000,300.000,-1,-1,-1,-1,850.000,925.000,-1,-1,2,0,2,0,2,0,0,0,0,2,2,2,2,0,0,2,2
155,6691.078,-5599.999,-206.694,21.734,0,-0.48649,1.00000,-29.190,2.000,-1,425.000,-1,425.000,-1,350.000,350.000,325.000,300.000,-1,-1,-1,-1,850.000,925.000,-1,-1,2,0,2,0,2,0,0,0,0,2,2,2,2,0,0,2,2
156,6664.357,-5611.748,-207.171,23.734,0,-0.48649,1.00000,-29.190,2.000,-1,400.000,-1,425.000,-1,325.000,350.000,325.000,300.000,-1,-1,-1,-1,850.000,925.000,-1,-1,2,0,2,0,2,0,0,0,0,2,2,2,2,0,0,2,2
157,6638.062,-5624.421,-207.699,25.734,0,-0.48649,1.00000,-29.190,2.000,-1,400.000,-1,425.000,-1,325.000,350.000,325.000,300.000,-1,-1,-1,-1,825.000,925.000,-1,-1,2,0,2,0,2,0,0,0,0,2,2,2,2,0,0,2,2
158,6612.226,-5638.005,-208.426,27.734,0,-0.48649,1.00000,-29.190,2.000,-1,400.000,-1,425.000,-1,325.000,325.000,325.000,300.000,-1,-1,-1,-1,825.000,925.000,-1,-1,2,0,2,0,2,0,0,0,0,2,2,2,2,0,0,2,2
159,6586.880,-5652.482,-209.137,29.734,0,-0.48649,1.00000,-29.190,2.000,-1,400.000,-1,425.000,-1,325.000,325.000,325.000,300.000,-1,-1,-1,-1,825.000,925.000,-1,-1,2,0,2,0,2,0,0,0,0,2,2,2,2,0,0,2,2
160,6562.054,-5667.835,-209.833,31.734,0,-0.48649,1.00000,-29.190,2.000,-1,400.000,-1,425.000,-1,325.000,325.000,300.000,325.000,-1,-1,-1,-1,800.000,925.000,-1,-1,2,0,2,0,2,0,0,0,0,2,2,2,2,0,0,2,2
161,6537.779,-5684.045,-210.496,33.734,0,-0.48649,1.00000,-29.190,2.000,-1,400.000,-1,425.000,-1,325.000,325.000,300.000,325.000,-1,-1,-1,-1,800.000,925.000,-1,-1,2,0,2,0,2,0,0,0,0,2,2,2,2,0,0,2,2
162,6514.085,-5701.092,-211.125,35.734,0,-0.48649,1.00000,-29.190,2.000,-1,375.000,-1,425.000,-1,325.000,325.000,300.000,325.000,-1,-1,-1,-1,800.000,925.000,-1,-1,2,0,2,0,2,0,0,0,0,2,2,2,2,0,0,2,2
163,6491.000,-5718.956,-211.719,37.734,0,-0.48649,1.00000,-29.190,2.000,-1,375.000,-1,425.000,-1,325.000,325.000,300.000,325.000,-1,-1,-1,-1,775.000,925.000,-1,-1,2,0,2,0,2,0,0,0,0,2,2,2,2,0,0,2,2
164,6468.552,-5737.614,-212.404,39.734,0,-0.48649,1.00000,-29.190,2.000,-1,375.000,-1,425.000,-1,325.000,325.000,325.000,325.000,-1,-1,-1,-1,775.000,925.000,-1,-1,2,0,2,0,2,0,0,0,0,2,2,2,2,0,0,2,2
165,6446.770,-5757.045,-213.159,41.734,0,-0.48649,1.00000,-29.190,2.000,-1,375.000,-1,425.000,-1,325.000,325.000,325.000,325.000,-1,-1,-1,-1,750.000,925.000,-1,-1,2,0,2,0,2,0,0,0,0,2,2,2,2,0,0,2,2
166,6429.076,-5773.832,-213.759,43.494,0,-0.40649,0.88000,-24.390,1.760,-1,375.000,-1,400.000,-1,325.000,325.000,325.000,325.000,-1,-1,-1,-1,750.000,900.000,-1,-1,2,0,2,0,2,0,0,0,0,2,2,2,2,0,0,2,2
167,6415.228,-5787.687,-214.219,45.014,0,-0.32649,0.76000,-19.590,1.520,-1,375.000,-1,400.000,-1,325.000,325.000,325.000,325.000,-1,-1,-1,-1,750.000,900.000,-1,-1,2,0,2,0,2,0,0,0,0,2,2,2,2,0,0,2,2
168,6405.009,-5798.378,-214.552,46.294,0,-0.24649,0.64000,-14.790,1.280,-1,375.000,-1,400.000,-1,325.000,325.000,325.000,325.000,-1,-1,-1,-1,750.000,875.000,-1,-1,2,0,2,0,2,0,0,0,0,2,2,2,2,0,0,2,2
169,6398.239,-5805.724,-214.768,47.334,0,-0.16649,0.52000,-9.990,1.040,-1,375.000,-1,400.000,-1,325.000,325.000,325.000,325.000,-1,-1,-1,-1,750.000,875.000,-1,-1,2,0,2,0,2,0,0,0,0,2,2,2,2,0,0,2,2
170,6394.775,-5809.588,-214.874,48.134,0,-0.08649,0.40000,-5.190,0.800,-1,375.000,-1,400.000,-1,325.000,325.000,325.000,325.000,-1,-1,-1,-1,750.000,875.000,-1,-1,2,0,2,0,2,0,0,0,0,2,2,2,2,0,0,2,2
171,6394.518,-5809.881,-214.875,48.694,0,-0.00649,0.28000,-0.390,0.560,-1,375.000,-1,400.000,-1,325.000,325.000,325.000,325.000,-1,-1,-1,-1,750.000,875.000,-1,-1,2,0,2,0,2,0,0,0,0,2,2,2,2,0,0,2,2
172,6397.411,-5806.551,-214.771,49.014,0,0.07351,0.16000,4.410,0.320,-1,375.000,-1,400.000,-1,325.000,325.000,325.000,325.000,-1,-1,-1,-1,750.000,875.000,-1,-1,2,0,2,0,2,0,0,0,0,2,2,2,2,0,0,2,2
173,6403.442,-5799.590,-214.561,49.094,0,0.15351,0.04000,9.210,0.080,-1,375.000,-1,400.000,-1,325.000,325.000,325.000,325.000,-1,-1,-1,-1,750.000,875.000,-1,-1,2,0,2,0,2,0,0,0,0,2,2,2,2,0,0,2,2
174,6412.646,-5789.027,-214.241,48.934,0,0.23351,-0.08000,14.010,-0.160,-1,375.000,-1,400.000,-1,325.000,325.000,325.000,325.000,-1,-1,-1,-1,750.000,875.000,-1,-1,2,0,2,0,2,0,0,0,0,2,2,2,2,0,0,2,2
175,6425.102,-5774.932,-213.802,48.534,0,0.31351,-0.20000,18.810,-0.400,-1,375.000,-1,400.000,-1,325.000,325.000,325.000,325.000,-1,-1,-1,-1,750.000,875.000,-1,-1,2,0,2,0,2,0,0,0,0,2,2,2,2,0,0,2,2
176,6440.887,-5757.373,-213.234,48.046,0,0.39351,-0.24407,23.610,-0.488,-1,375.000,-1,400.000,-1,325.000,325.000,325.000,325.000,-1,-1,-1,-1,750.000,875.000,-1,-1,2,0,2,0,2,0,0,0,0,2,2,2,2,0,0,2,2
177,6460.059,-5736.407,-212.524,47.557,0,0.47351,-0.24407,28.410,-0.488,-1,375.000,-1,400.000,-1,325.000,325.000,325.000,325.000,-1,-1,-1,-1,750.000,900.000,-1,-1,2,0,2,0,2,0,0,0,0,2,2,2,2,0,0,2,2
178,6482.680,-5712.091,-211.659,47.069,0,0.55351,-0.24407,33.210,-0.488,-1,375.000,-1,425.000,-1,325.000,325.000,325.000,325.000,-1,-1,-1,-1,750.000,900.000,-1,-1,2,0,2,0,2,0,0,0,0,2,2,2,2,0,0,2,2
179,6508.805,-5684.482,-210.877,46.581,0,0.63351,-0.24407,38.010,-0.488,-1,375.000,-1,425.000,-1,325.000,325.000,325.000,325.000,-1,-1,-1,-1,775.000,900.000,-1,-1,2,0,2,0,2,0,0,0,0,2,2,2,2,0,0,2,2
180,6537.278,-5654.902,-210.040,46.093,0,0.68429,-0.24407,41.058,-0.488,-1,375.000,-1,425.000,-1,325.000,325.000,325.000,325.000,-1,-1,-1,-1,775.000,900.000,-1,-1,2,0,2,0,2,0,0,0,0,2,2,2,2,0,0,2,2
181,6566.002,-5625.565,-209.187,45.605,0,0.68429,-0.24407,41.058,-0.488,-1,375.000,-1,425.000,-1,325.000,325.000,325.000,325.000,-1,-1,-1,-1,775.000,900.000,-1,-1,2,0,2,0,2,0,0,0,0,2,2,2,2,0,0,2,2
182,6594.975,-5596.474,-208.323,45.117,0,0.68429,-0.24407,41.058,-0.488,-1,375.000,-1,425.000,-1,325.000,325.000,325.000,325.000,-1,-1,-1,-1,775.000,900.000,-1,-1,2,0,2,0,2,0,0,0,0,2,2,2,2,0,0,2,2
183,6624.195,-5567.630,-207.412,44.629,0,0.68429,-0.24407,41.058,-0.488,-1,375.000,-1,425.000,-1,325.000,325.000,325.000,325.000,-1,-1,-1,-1,775.000,875.000,-1,-1,2,0,2,0,2,0,0,0,0,2,2,2,2,0,0,2,2
184,6653.659,-5539.037,-206.494,44.140,0,0.68429,-0.24407,41.058,-0.488,-1,375.000,-1,425.000,-1,325.000,325.000,325.000,325.000,-1,-1,-1,-1,775.000,875.000,-1,-1,2,0,2,0,2,0,0,0,0,2,2,2,2,0,0,2,2
185,6683.366,-5510.696,-205.742,43.652,0,0.68429,-0.24407,41.058,-0.488,-1,400.000,-1,425.000,-1,325.000,325.000,325.000,325.000,-1,-1,-1,-1,775.000,875.000,-1,-1,2,0,2,0,2,0,0,0,0,2,2,2,2,0,0,2,2
186,6709.916,-5486.003,-205.050,42.924,0,0.60429,-0.36407,36.258,-0.728,-1,400.000,-1,425.000,-1,325.000,325.000,325.000,325.000,-1,-1,-1,-1,800.000,875.000,-1,-1,2,0,2,0,2,0,0,0,0,2,2,2,2,0,0,2,2
187,6733.308,-5464.970,-204.428,41.961,0,0.52429,-0.48172,31.458,-0.963,-1,400.000,-1,425.000,-1,325.000,325.000,325.000,325.000,-1,-1,-1,-1,800.000,875.000,-1,-1,2,0,2,0,2,0,0,0,0,2,2,2,2,0,0,2,2
188,6753.428,-5447.482,-203.885,40.997,0,0.44429,-0.48172,26.658,-0.963,-1,400.000,-1,425.000,-1,325.000,325.000,325.000,325.000,-1,-1,-1,-1,800.000,875.000,-1,-1,2,0,2,0,2,0,0,0,0,2,2,2,2,0,0,2,2
189,6770.163,-5433.422,-203.428,40.034,0,0.36429,-0.48172,21.858,-0.963,-1,400.000,-1,425.000,-1,325.000,325.000,325.000,325.000,-1,-1,-1,-1,800.000,875.000,-1,-1,2,0,2,0,2,0,0,0,0,2,2,2,2,0,0,2,2
190,6783.406,-5422.671,-203.064,39.070,0,0.28429,-0.48172,17.058,-0.963,-1,400.000,-1,425.000,-1,325.000,325.000,325.000,325.000,-1,-1,-1,-1,800.000,875.000,-1,-1,2,0,2,0,2,0,0,0,0,2,2,2,2,0,0,2,2
191,6793.051,-5415.107,-202.796,38.107,0,0.20429,-0.48172,12.258,-0.963,-1,400.000,-1,425.000,-1,325.000,325.000,325.000,325.000,-1,-1,-1,-1,800.000,900.000,-1,-1,2,0,2,0,2,0,0,0,0,2,2,2,2,0,0,2,2
192,6798.996,-5410.604,-202.715,37.144,0,0.12429,-0.48172,7.458,-0.963,-1,400.000,-1,425.000,-1,325.000,325.000,325.000,300.000,-1,-1,-1,-1,800.000,900.000,-1,-1,2,0,2,0,2,0,0,0,0,2,2,2,2,0,0,2,2
193,6801.141,-5409.035,-202.751,36.180,0,0.04429,-0.48172,2.658,-0.963,-1,400.000,-1,425.000,-1,325.000,325.000,325.000,300.000,-1,-1,-1,-1,800.000,900.000,-1,-1,2,0,2,0,2,0,0,0,0,2,2,2,2,0,0,2,2
194,6799.391,-5410.270,-202.845,35.217,0,-0.03571,-0.48172,-2.142,-0.963,-1,400.000,-1,425.000,-1,325.000,325.000,325.000,300.000,-1,-1,-1,-1,800.000,900.000,-1,-1,2,0,2,0,2,0,0,0,0,2,2,2,2,0,0,2,2
195,6793.653,-5414.178,-202.996,34.253,0,-0.11571,-0.48172,-6.942,-0.963,-1,400.000,-1,425.000,-1,325.000,325.000,325.000,300.000,-1,-1,-1,-1,800.000,900.000,-1,-1,2,0,2,0,2,0,0,0,0,2,2,2,2,0,0,2,2
196,6783.837,-5420.623,-203.200,33.290,0,-0.19571,-0.48172,-11.742,-0.963,-1,400.000,-1,425.000,-1,325.000,350.000,325.000,300.000,-1,-1,-1,-1,800.000,900.000,-1,-1,2,0,2,0,2,0,0,0,0,2,2,2,2,0,0,2,2
197,6769.859,-5429.469,-203.453,32.326,0,-0.27571,-0.48172,-16.542,-0.963,-1,400.000,-1,425.000,-1,325.000,350.000,325.000,300.000,-1,-1,-1,-1,800.000,900.000,-1,-1,2,0,2,0,2,0,0,0,0,2,2,2,2,0,0,2,2
198,6755.355,-5438.309,-203.703,31.363,0,-0.28309,-0.48172,-16.986,-0.963,-1,400.000,-1,425.000,-1,325.000,350.000,325.000,300.000,-1,-1,-1,-1,825.000,900.000,-1,-1,2,0,2,0,2,0,0,0,0,2,2,2,2,0,0,2,2
199,6740.704,-5446.904,-203.976,30.400,0,-0.28309,-0.48172,-16.986,-0.963,-1,400.000,-1,425.000,-1,325.000,350.000,325.000,300.000,-1,-1,-1,-1,825.000,925.000,-1,-1,2,0,2,0,2,0,0,0,0,2,2,2,2,0,0,2,2
200,6725.912,-5455.252,-204.299,29.436,0,-0.28309,-0.48172,-16.986,-0.963,-1,400.000,-1,425.000,-1,325.000,350.000,325.000,300.000,-1,-1,-1,-1,825.000,925.000,-1,-1,2,0,2,0,2,0,0,0,0,2,2,2,2,0,0,2,2
201,6710.981,-5463.349,-204.616,28.473,0,-0.28309,-0.48172,-16.986,-0.963,-1,400.000,-1,425.000,-1,325.000,350.000,325.000,300.000,-1,-1,-1,-1,825.000,925.000,-1,-1,2,0,2,0,2,0,0,0,0,2,2,2,2,0,0,2,2
202,6695.915,-5471.195,-204.926,27.509,0,-0.28309,-0.48172,-16.986,-0.963,-1,400.000,-1,425.000,-1,325.000,350.000,325.000,300.000,-1,-1,-1,-1,825.000,925.000,-1,-1,2,0,2,0,2,0,0,0,0,2,2,2,2,0,0,2,2
203,6685.037,-5476.686,-205.144,26.786,0,-0.20309,-0.36172,-12.186,-0.723,-1,400.000,-1,425.000,-1,325.000,350.000,325.000,300.000,-1,-1,-1,-1,825.000,925.000,-1,-1,2,0,2,0,2,0,0,0,0,2,2,2,2,0,0,2,2
204,6678.417,-5479.959,-205.274,26.302,0,-0.12309,-0.24172,-7.386,-0.483,-1,400.000,-1,425.000,-1,325.000,350.000,325.000,300.000,-1,-1,-1,-1,825.000,950.000,-1,-1,2,0,2,0,2,0,0,0,0,2,2,2,2,0,0,2,2
205,6676.094,-5481.095,-205.317,26.059,0,-0.04309,-0.12172,-2.586,-0.243,-1,400.000,-1,425.000,-1,325.000,350.000,325.000,300.000,-1,-1,-1,-1,825.000,950.000,-1,-1,2,0,2,0,2,0,0,0,0,2,2,2,2,0,0,2,2
206,6678.083,-5480.122,-205.276,26.055,0,0.03691,-0.00172,2.214,-0.003,-1,400.000,-1,425.000,-1,325.000,350.000,325.000,300.000,-1,-1,-1,-1,825.000,950.000,-1,-1,2,0,2,0,2,0,0,0,0,2,2,2,2,0,0,2,2
207,6684.372,-5477.015,-205.148,26.292,0,0.11691,0.11828,7.014,0.237,-1,400.000,-1,425.000,-1,325.000,350.000,325.000,300.000,-1,-1,-1,-1,825.000,950.000,-1,-1,2,0,2,0,2,0,0,0,0,2,2,2,2,0,0,2,2
208,6694.920,-5471.694,-204.933,26.769,0,0.19691,0.23828,11.814,0.477,-1,400.000,-1,425.000,-1,325.000,350.000,325.000,300.000,-1,-1,-1,-1,825.000,925.000,-1,-1,2,0,2,0,2,0,0,0,0,2,2,2,2,0,0,2,2
209,6709.660,-5464.026,-204.627,27.485,0,0.27691,0.35828,16.614,0.717,-1,400.000,-1,425.000,-1,325.000,350.000,325.000,300.000,-1,-1,-1,-1,825.000,925.000,-1,-1,2,0,2,0,2,0,0,0,0,2,2,2,2,0,0,2,2
210,6728.489,-5453.827,-204.224,28.442,0,0.35691,0.47828,21.414,0.957,-1,400.000,-1,425.000,-1,325.000,350.000,325.000,300.000,-1,-1,-1,-1,825.000,925.000,-1,-1,2,0,2,0,2,0,0,0,0,2,2,2,2,0,0,2,2
211,6751.274,-5440.864,-203.862,29.638,0,0.43691,0.59828,26.214,1.197,-1,400.000,-1,425.000,-1,325.000,350.000,325.000,300.000,-1,-1,-1,-1,825.000,925.000,-1,-1,2,0,2,0,2,0,0,0,0,2,2,2,2,0,0,2,2
212,6777.838,-5424.855,-203.431,31.075,0,0.51691,0.71828,31.014,1.437,-1,400.000,-1,425.000,-1,325.000,350.000,325.000,300.000,-1,-1,-1,-1,800.000,900.000,-1,-1,2,0,2,0,2,0,0,0,0,2,2,2,2,0,0,2,2
213,6807.958,-5405.480,-202.899,32.751,0,0.59691,0.83828,35.814,1.677,-1,400.000,-1,425.000,-1,325.000,325.000,325.000,300.000,-1,-1,-1,-1,800.000,900.000,-1,-1,2,0,2,0,2,0,0,0,0,2,2,2,2,0,0,2,2
214,6841.362,-5382.377,-202.252,34.668,0,0.67691,0.95828,40.614,1.917,-1,400.000,-1,425.000,-1,325.000,325.000,325.000,325.000,-1,-1,-1,-1,775.000,875.000,-1,-1,2,0,2,0,2,0,0,0,0,2,2,2,2,0,0,2,2
215,6877.790,-5355.257,-201.484,36.668,0,0.75691,1.00000,45.414,2.000,-1,400.000,-1,425.000,-1,325.000,325.000,325.000,325.000,-1,-1,-1,-1,775.000,875.000,-1,-1,2,0,2,0,2,0,0,0,0,2,2,2,2,0,0,2,2
216,6916.487,-5324.290,-200.619,38.668,0,0.82605,1.00000,49.563,2.000,-1,400.000,-1,425.000,-1,325.000,325.000,325.000,325.000,-1,-1,-1,-1,750.000,850.000,-1,-1,2,0,2,0,2,0,0,0,0,2,2,2,2,0,0,2,2
217,6954.081,-5291.991,-199.750,40.668,0,0.82605,1.00000,49.563,2.000,-1,400.000,-1,400.000,-1,325.000,325.000,325.000,325.000,-1,-1,-1,-1,750.000,825.000,-1,-1,2,0,2,0,2,0,0,0,0,2,2,2,2,0,0,2,2
218,6990.524,-5258.399,-199.179,42.668,0,0.82605,1.00000,49.563,2.000,-1,400.000,-1,400.000,-1,325.000,325.000,325.000,325.000,-1,-1,-1,-1,725.000,800.000,-1,-1,2,0,2,0,2,0,0,0,0,2,2,2,2,0,0,2,2
219,7029.346,-5220.345,-198.680,44.428,0,0.90605,0.88000,54.363,1.760,-1,375.000,-1,400.000,-1,325.000,325.000,325.000,325.000,-1,-1,-1,-1,725.000,800.000,-1,-1,2,0,2,0,2,0,0,0,0,2,2,2,2,0,0,2,2
220,7068.017,-5180.373,-198.109,45.948,0,0.92694,0.76000,55.616,1.520,-1,375.000,-1,400.000,-1,325.000,325.000,325.000,325.000,-1,-1,-1,-1,725.000,775.000,-1,-1,2,0,2,0,2,0,0,0,0,2,2,2,2,0,0,2,2
221,7105.785,-5139.547,-197.538,47.228,0,0.92694,0.64000,55.616,1.280,-1,375.000,-1,400.000,-1,325.000,325.000,325.000,325.000,-1,-1,-1,-1,700.000,750.000,-1,-1,2,0,2,0,2,0,0,0,0,2,2,2,2,0,0,2,2
222,7142.710,-5097.958,-196.904,48.399,0,0.92694,0.58552,55.616,1.171,-1,375.000,-1,400.000,-1,300.000,325.000,325.000,325.000,-1,-1,-1,-1,700.000,750.000,-1,-1,2,0,2,0,2,0,0,0,0,2,2,2,2,0,0,2,2
223,7178.778,-5055.623,-196.242,49.570,0,0.92694,0.58552,55.616,1.171,-1,375.000,-1,375.000,-1,300.000,325.000,325.000,325.000,-1,-1,-1,-1,700.000,725.000,-1,-1,2,0,2,0,2,0,0,0,0,2,2,2,2,0,0,2,2
224,7213.974,-5012.560,-195.515,50.741,0,0.92694,0.58552,55.616,1.171,-1,375.000,-1,375.000,-1,300.000,300.000,325.000,325.000,-1,-1,-1,-1,675.000,725.000,-1,-1,2,0,2,0,2,0,0,0,0,2,2,2,2,0,0,2,2
225,7248.282,-4968.786,-194.605,51.912,0,0.92694,0.58552,55.616,1.171,-1,375.000,-1,375.000,-1,300.000,300.000,325.000,325.000,-1,-1,-1,-1,675.000,700.000,-1,-1,2,0,2,0,2,0,0,0,0,2,2,2,2,0,0,2,2
226,7281.688,-4924.321,-193.608,53.083,0,0.92694,0.58552,55.616,1.171,-1,375.000,-1,375.000,-1,300.000,300.000,325.000,325.000,-1,-1,-1,-1,675.000,700.000,-1,-1,2,0,2,0,2,0,0,0,0,2,2,2,2,0,0,2,2
227,7314.178,-4879.182,-192.763,54.254,0,0.92694,0.58552,55.616,1.171,-1,375.000,-1,375.000,-1,300.000,300.000,325.000,325.000,-1,-1,-1,-1,675.000,675.000,-1,-1,2,0,2,0,2,0,0,0,0,2,2,2,2,0,0,2,2
228,7345.739,-4833.388,-191.984,55.425,0,0.92694,0.58552,55.616,1.171,-1,375.000,-1,375.000,-1,300.000,300.000,325.000,325.000,-1,-1,-1,-1,650.000,675.000,-1,-1,2,0,2,0,2,0,0,0,0,2,2,2,2,0,0,2,2
229,7376.358,-4786.959,-191.161,56.596,0,0.92694,0.58552,55.616,1.171,-1,375.000,-1,375.000,-1,300.000,300.000,325.000,325.000,-1,-1,-1,-1,650.000,675.000,-1,-1,2,0,2,0,2,0,0,0,0,2,2,2,2,0,0,2,2
230,7406.021,-4739.914,-190.312,57.767,0,0.92694,0.58552,55.616,1.171,-1,375.000,-1,375.000,-1,300.000,300.000,325.000,325.000,-1,-1,-1,-1,650.000,650.000,-1,-1,2,0,2,0,2,0,0,0,0,2,2,2,2,0,0,2,2
231,7434.716,-4692.273,-189.366,58.938,0,0.92694,0.58552,55.616,1.171,-1,375.000,-1,375.000,-1,300.000,300.000,325.000,325.000,-1,-1,-1,-1,650.000,650.000,-1,-1,2,0,2,0,2,0,0,0,0,2,2,2,2,0,0,2,2
232,7460.761,-4647.398,-188.294,59.869,0,0.86475,0.46552,51.885,0.931,-1,375.000,-1,375.000,-1,300.000,300.000,325.000,325.000,-1,-1,850.000,-1,650.000,650.000,-1,-1,2,0,2,0,2,0,0,0,0,2,2,0,2,0,0,2,2
233,7486.263,-4602.213,-187.100,60.561,0,0.86475,0.34552,51.885,0.691,-1,375.000,-1,375.000,-1,300.000,300.000,325.000,325.000,-1,650.000,725.000,-1,650.000,650.000,-1,-1,2,0,2,0,2,0,0,0,0,2,0,0,2,0,0,2,2
234,7511.408,-4556.828,-185.857,61.012,0,0.86475,0.22552,51.885,0.451,-1,375.000,-1,375.000,-1,300.000,300.000,325.000,325.000,-1,575.000,650.000,-1,650.000,650.000,-1,-1,2,0,2,0,2,0,0,0,0,2,0,0,2,0,0,2,2
235,7536.386,-4511.351,-184.514,61.223,0,0.86475,0.10552,51.885,0.211,-1,375.000,-1,375.000,-1,300.000,300.000,325.000,325.000,-1,525.000,575.000,-1,650.000,650.000,-1,-1,2,0,2,0,2,0,0,0,0,2,0,0,2,0,0,2,2
236,7561.387,-4465.887,-183.000,61.194,0,0.86475,-0.01448,51.885,-0.029,-1,375.000,-1,375.000,-1,300.000,300.000,325.000,325.000,-1,500.000,525.000,-1,650.000,650.000,-1,-1,2,0,2,0,2,0,0,0,0,2,0,0,2,0,0,2,2
237,7586.601,-4420.540,-181.334,60.925,0,0.86475,-0.13448,51.885,-0.269,-1,375.000,-1,350.000,-1,300.000,300.000,325.000,325.000,-1,450.000,500.000,-1,650.000,650.000,-1,-1,2,0,2,0,2,0,0,0,0,2,0,0,2,0,0,2,2
238,7612.217,-4375.419,-179.351,60.416,0,0.86475,-0.25448,51.885,-0.509,-1,375.000,-1,375.000,-1,300.000,300.000,325.000,325.000,-1,425.000,450.000,-1,650.000,650.000,-1,-1,2,0,2,0,2,0,0,0,0,2,0,0,2,0,0,2,2
239,7638.420,-4330.637,-177.377,59.667,0,0.86475,-0.37448,51.885,-0.749,-1,375.000,-1,375.000,-1,300.000,300.000,325.000,325.000,-1,400.000,400.000,-1,650.000,650.000,-1,-1,2,0,2,0,2,0,0,0,0,2,0,0,2,0,0,2,2
240,7665.578,-4286.009,-175.325,58.678,0,0.87070,-0.49448,52.242,-0.989,-1,375.000,-1,375.000,-1,300.000,300.000,325.000,325.000,-1,375.000,375.000,-1,650.000,675.000,-1,-1,2,0,2,0,2,0,0,0,0,2,0,0,2,0,0,2,2
241,7695.866,-4237.672,-172.963,57.929,0,0.95070,-0.37448,57.042,-0.749,-1,375.000,-1,375.000,-1,300.000,300.000,325.000,325.000,-1,350.000,375.000,-1,650.000,675.000,-1,-1,2,0,2,0,2,0,0,0,0,2,0,0,2,0,0,2,2
242,7727.118,-4188.768,-170.425,57.420,0,0.96729,-0.25448,58.038,-0.509,-1,375.000,-1,375.000,-1,300.000,300.000,325.000,325.000,-1,350.000,350.000,-1,650.000,700.000,-1,-1,2,0,2,0,2,0,0,0,0,2,0,0,2,0,0,2,2
243,7758.751,-4139.774,-167.731,57.151,0,0.97197,-0.13448,58.318,-0.269,-1,375.000,-1,375.000,-1,300.000,300.000,325.000,325.000,-1,325.000,325.000,-1,650.000,700.000,-1,-1,2,0,2,0,2,0,0,0,0,2,0,0,2,0,0,2,2
244,7790.542,-4090.592,-164.725,57.122,0,0.97605,-0.01448,58.563,-0.029,-1,375.000,-1,375.000,-1,300.000,300.000,325.000,325.000,-1,325.000,300.000,-1,650.000,725.000,-1,-1,2,0,2,0,2,0,0,0,0,2,0,0,2,0,0,2,2
245,7822.268,-4041.111,-161.585,57.333,0,0.97964,0.10552,58.778,0.211,-1,375.000,-1,375.000,-1,300.000,300.000,325.000,325.000,-1,325.000,300.000,-1,650.000,725.000,-1,-1,2,0,2,0,2,0,0,0,0,2,0,0,2,0,0,2,2
246,7853.707,-3991.218,-158.349,57.784,0,0.98287,0.22552,58.972,0.451,-1,375.000,-1,375.000,-1,300.000,300.000,325.000,325.000,-1,325.000,300.000,-1,650.000,725.000,-1,-1,2,0,2,0,2,0,0,0,0,2,0,0,2,0,0,2,2
247,7884.635,-3940.797,-154.945,58.475,0,0.98585,0.34552,59.151,0.691,-1,375.000,-1,375.000,-1,300.000,300.000,325.000,325.000,-1,325.000,325.000,-1,675.000,725.000,-1,-1,2,0,2,0,2,0,0,0,0,2,0,0,2,0,0,2,2
248,7914.827,-3889.732,-151.419,59.406,0,0.98871,0.46552,59.323,0.931,-1,375.000,-1,375.000,-1,300.000,300.000,350.000,325.000,-1,325.000,325.000,-1,675.000,725.000,-1,-1,2,0,2,0,2,0,0,0,0,2,0,0,2,0,0,2,2
249,7944.054,-3837.911,-147.633,60.577,0,0.99157,0.58552,59.494,1.171,-1,375.000,-1,375.000,-1,300.000,300.000,350.000,325.000,-1,350.000,350.000,-1,675.000,725.000,-1,-1,2,0,2,0,2,0,0,0,0,2,0,0,2,0,0,2,2
250,7972.079,-3785.229,-143.633,61.988,0,0.99454,0.70552,59.672,1.411,-1,375.000,-1,375.000,-1,300.000,300.000,325.000,325.000,-1,375.000,375.000,-1,700.000,725.000,-1,-1,2,0,2,0,2,0,0,0,0,2,0,0,2,0,0,2,2
251,7998.660,-3731.590,-139.351,63.639,0,0.99773,0.82552,59.864,1.651,-1,375.000,-1,375.000,-1,300.000,300.000,325.000,325.000,-1,400.000,400.000,-1,725.000,725.000,-1,-1,2,0,2,0,2,0,0,0,0,2,0,0,2,0,0,2,2
252,8023.513,-3676.980,-134.909,65.530,0,1.00000,0.94552,60.000,1.891,-1,375.000,-1,375.000,-1,300.000,300.000,325.000,325.000,-1,425.000,425.000,-1,725.000,750.000,-1,-1,2,0,2,0,2,0,0,0,0,2,0,0,2,0,0,2,2
253,8046.444,-3621.535,-130.342,67.530,0,1.00000,1.00000,60.000,2.000,-1,375.000,-1,375.000,-1,300.000,300.000,325.000,325.000,-1,450.000,475.000,-1,750.000,750.000,-1,-1,2,0,2,0,2,0,0,0,0,2,0,0,2,0,0,2,2
254,8067.427,-3565.323,-125.665,69.530,0,1.00000,1.00000,60.000,2.000,-1,375.000,-1,375.000,-1,300.000,300.000,325.000,325.000,-1,475.000,525.000,-1,775.000,775.000,-1,-1,2,0,2,0,2,0,0,0,0,2,0,0,2,0,0,2,2
255,8086.435,-3508.414,-121.008,71.530,0,1.00000,1.00000,60.000,2.000,-1,375.000,-1,375.000,-1,300.000,300.000,325.000,325.000,-1,525.000,550.000,-1,775.000,800.000,-1,-1,2,0,2,0,2,0,0,0,0,2,0,0,2,0,0,2,2
256,8103.446,-3450.876,-116.384,73.530,0,1.00000,1.00000,60.000,2.000,-1,400.000,-1,400.000,-1,300.000,300.000,325.000,325.000,-1,525.000,575.000,-1,800.000,800.000,-1,-1,2,0,2,0,2,0,0,0,0,2,0,0,2,0,0,2,2
257,8118.438,-3392.779,-111.726,75.530,0,1.00000,1.00000,60.000,2.000,-1,400.000,-1,400.000,-1,300.000,325.000,325.000,325.000,-1,525.000,625.000,-1,850.000,825.000,-1,-1,2,0,2,0,2,0,0,0,0,2,0,0,2,0,0,2,2
258,8131.393,-3334.194,-106.984,77.530,0,1.00000,1.00000,60.000,2.000,-1,400.000,-1,400.000,-1,325.000,325.000,325.000,325.000,-1,525.000,650.000,-1,900.000,850.000,-1,-1,2,0,2,0,2,0,0,0,0,2,0,0,2,0,0,2,2
259,8142.296,-3275.193,-102.376,79.530,0,1.00000,1.00000,60.000,2.000,-1,400.000,-1,400.000,-1,325.000,325.000,325.000,325.000,-1,575.000,725.000,-1,950.000,875.000,-1,-1,2,0,2,0,2,0,0,0,0,2,0,0,2,0,0,2,2
260,8151.133,-3215.847,-97.872,81.530,0,1.00000,1.00000,60.000,2.000,-1,400.000,-1,400.000,-1,325.000,325.000,325.000,325.000,-1,675.000,800.000,-1,975.000,900.000,-1,-1,2,0,2,0,2,0,0,0,0,2,0,0,2,0,0,2,2
261,8157.894,-3156.230,-93.675,83.530,0,1.00000,1.00000,60.000,2.000,-1,400.000,-1,400.000,-1,325.000,325.000,325.000,325.000,-1,850.000,950.000,-1,975.000,900.000,-1,-1,2,0,2,0,2,0,0,0,0,2,0,0,2,0,0,2,2
262,8162.570,-3096.412,-89.492,85.530,0,1.00000,1.00000,60.000,2.000,-1,400.000,-1,400.000,-1,325.000,325.000,325.000,325.000,-1,975.000,-1,-1,975.000,900.000,-1,-1,2,0,2,0,2,0,0,0,0,2,0,2,2,0,0,2,2
263,8165.155,-3036.468,-85.334,87.530,0,1.00000,1.00000,60.000,2.000,-1,400.000,-1,400.000,-1,325.000,325.000,325.000,325.000,-1,-1,-1,-1,1000.000,925.000,-1,-1,2,0,2,0,2,0,0,0,0,2,2,2,2,0,0,2,2
264,8165.647,-2976.470,-81.212,89.530,0,1.00000,1.00000,60.000,2.000,-1,400.000,-1,400.000,-1,325.000,325.000,325.000,325.000,-1,-1,-1,-1,1000.000,925.000,-1,-1,2,0,2,0,2,0,0,0,0,2,2,2,2,0,0,2,2
265,8164.045,-2916.491,-77.137,91.530,0,1.00000,1.00000,60.000,2.000,-1,400.000,-1,400.000,-1,325.000,325.000,325.000,325.000,-1,-1,-1,-1,1000.000,925.000,-1,-1,2,0,2,0,2,0,0,0,0,2,2,2,2,0,0,2,2
266,8160.350,-2856.605,-73.119,93.530,0,1.00000,1.00000,60.000,2.000,-1,425.000,-1,400.000,-1,325.000,325.000,325.000,325.000,-1,-1,-1,-1,1000.000,950.000,-1,-1,2,0,2,0,2,0,0,0,0,2,2,2,2,0,0,2,2
267,8154.568,-2796.884,-69.170,95.530,0,1.00000,1.00000,60.000,2.000,925.000,425.000,-1,400.000,-1,325.000,325.000,325.000,325.000,-1,-1,-1,-1,1000.000,950.000,-1,-1,1,0,2,0,2,0,0,0,0,2,2,2,2,0,0,2,2
268,8146.705,-2737.402,-65.300,97.530,0,1.00000,1.00000,60.000,2.000,850.000,425.000,-1,425.000,-1,325.000,325.000,325.000,325.000,-1,-1,-1,-1,1000.000,950.000,-1,-1,1,0,2,0,2,0,0,0,0,2,2,2,2,0,0,2,2
269,8137.782,-2682.859,-61.808,99.290,0,0.92112,0.88000,55.267,1.760,775.000,425.000,-1,425.000,-1,350.000,350.000,325.000,325.000,-1,-1,-1,-1,975.000,950.000,-1,-1,1,0,2,0,2,0,0,0,0,2,2,2,2,1,0,2,2
270,8127.394,-2628.457,-59.167,100.810,0,0.92309,0.76000,55.385,1.520,725.000,425.000,-1,425.000,-1,350.000,350.000,325.000,325.000,-1,-1,-1,-1,925.000,950.000,-1,-1,1,0,2,0,2,0,0,0,0,2,2,2,2,1,0,2,2
271,8115.787,-2574.270,-56.978,102.090,0,0.92360,0.64000,55.416,1.280,675.000,450.000,-1,425.000,-1,350.000,350.000,325.000,325.000,-1,-1,-1,-1,900.000,925.000,-1,-1,1,0,2,0,2,0,0,0,0,2,2,2,2,1,0,2,2
272,8103.214,-2520.369,-55.335,103.130,0,0.92247,0.52000,55.348,1.040,625.000,425.000,-1,425.000,-1,350.000,350.000,325.000,325.000,-1,-1,-1,-1,850.000,900.000,-1,-1,1,0,2,0,2,0,0,1,0,2,2,2,2,1,0,2,2
273,8089.932,-2466.819,-53.908,103.930,0,0.91953,0.40000,55.172,0.800,575.000,425.000,-1,425.000,-1,350.000,350.000,325.000,300.000,-1,-1,-1,-1,825.000,875.000,-1,-1,1,0,2,0,2,0,0,1,0,2,2,2,2,1,0,2,2
274,8076.178,-2413.693,-52.537,104.515,0,0.91463,0.29220,54.878,0.584,550.000,425.000,-1,425.000,-1,350.000,350.000,300.000,325.000,-1,-1,-1,-1,800.000,875.000,-1,-1,1,0,2,0,2,0,0,1,0,2,2,2,2,1,0,2,2
275,8061.955,-2361.118,-51.217,105.138,0,0.90775,0.31169,54.465,0.623,500.000,425.000,-1,425.000,-1,350.000,350.000,300.000,325.000,-1,-1,-1,-1,750.000,850.000,-1,-1,1,0,2,0,2,0,0,1,0,2,2,2,2,1,0,2,2
276,8047.268,-2309.144,-49.993,105.779,0,0.90017,0.32053,54.010,0.641,475.000,425.000,-1,425.000,-1,350.000,350.000,300.000,325.000,-1,-1,-1,-1,725.000,825.000,750.000,-1,1,0,2,0,2,0,0,1,0,2,2,2,2,1,0,1,2
277,8032.129,-2257.819,-48.952,106.434,0,0.89185,0.32749,53.511,0.655,425.000,425.000,-1,400.000,-1,325.000,325.000,275.000,325.000,-1,-1,-1,-1,700.000,800.000,650.000,-1,1,0,2,0,2,0,0,1,0,2,2,2,2,1,0,1,2
278,8016.552,-2207.189,-47.956,107.101,0,0.88287,0.33368,52.972,0.667,400.000,400.000,-1,400.000,-1,325.000,325.000,275.000,325.000,-1,-1,-1,-1,675.000,800.000,575.000,-1,1,0,2,0,2,0,0,1,0,2,2,2,2,1,0,1,2
279,8000.551,-2157.293,-47.004,107.780,0,0.87330,0.33909,52.398,0.678,350.000,400.000,-1,400.000,-1,325.000,325.000,250.000,325.000,-1,-1,-1,-1,650.000,775.000,500.000,-1,1,0,2,0,2,0,0,1,0,2,2,2,2,1,0,1,2
280,7985.671,-2112.081,-46.158,108.218,0,0.79330,0.21909,47.598,0.438,325.000,400.000,-1,400.000,-1,325.000,325.000,250.000,325.000,-1,-1,-1,-1,625.000,750.000,475.000,-1,1,0,2,0,2,0,0,1,0,2,2,2,2,1,0,1,2
281,7970.860,-2067.599,-45.355,108.416,0,0.78138,0.09909,46.883,0.198,300.000,400.000,-1,400.000,-1,325.000,325.000,250.000,325.000,-1,-1,-1,-1,625.000,750.000,425.000,-1,1,0,2,0,2,0,0,1,0,2,2,2,2,1,0,1,2
282,7956.314,-2023.807,-45.025,108.374,0,0.76907,-0.02091,46.144,-0.042,275.000,400.000,-1,375.000,-1,325.000,325.000,225.000,325.000,-1,-1,-1,-1,625.000,725.000,425.000,-1,1,0,2,0,2,0,0,1,0,2,2,2,2,1,0,1,2
283,7942.242,-1980.735,-44.506,108.092,0,0.75522,-0.14091,45.313,-0.282,275.000,400.000,-1,375.000,-1,325.000,325.000,225.000,325.000,-1,-1,-1,-1,625.000,725.000,425.000,-1,1,1,2,0,2,0,0,1,0,2,2,2,2,1,0,1,2
284,7928.839,-1938.408,-43.970,107.571,0,0.73997,-0.26091,44.398,-0.522,250.000,400.000,-1,375.000,-1,325.000,325.000,225.000,325.000,-1,-1,-1,-1,650.000,725.000,500.000,-1,1,1,2,0,2,0,0,1,0,2,2,2,2,1,0,1,2
285,7914.696,-1892.037,-43.535,106.962,0,0.80801,-0.30446,48.480,-0.609,250.000,375.000,-1,375.000,-1,325.000,325.000,225.000,325.000,-1,-1,-1,-1,700.000,725.000,-1,-1,1,1,2,0,2,0,0,1,0,2,2,2,2,1,0,2,2
286,7901.277,-1846.363,-43.296,106.373,0,0.79340,-0.29443,47.604,-0.589,275.000,375.000,-1,375.000,-1,325.000,325.000,200.000,325.000,-1,-1,-1,-1,750.000,750.000,-1,-1,1,1,2,0,2,0,0,1,0,2,2,2,2,0,0,2,2
287,7888.557,-1801.421,-42.767,105.803,0,0.77846,-0.28493,46.708,-0.570,300.000,375.000,-1,375.000,-1,325.000,325.000,200.000,325.000,-1,-1,-1,-1,775.000,750.000,-1,-1,1,1,2,0,2,0,0,1,0,2,2,2,2,0,0,2,2
288,7876.509,-1757.232,-41.780,105.251,0,0.76336,-0.27597,45.802,-0.552,-1,400.000,-1,400.000,-1,325.000,325.000,200.000,325.000,-1,-1,-1,-1,800.000,775.000,-1,-1,2,1,2,0,2,0,0,1,0,2,2,2,2,0,0,2,2
289,7865.105,-1713.809,-41.069,104.716,0,0.74826,-0.26759,44.895,-0.535,-1,400.000,-1,400.000,-1,325.000,325.000,200.000,325.000,-1,-1,-1,-1,825.000,800.000,-1,-1,2,1,2,0,2,0,0,1,0,2,2,2,2,0,0,2,2
290,7854.319,-1671.155,-40.493,104.191,0,0.73328,-0.26251,43.997,-0.525,-1,400.000,-1,400.000,-1,325.000,325.000,175.000,325.000,-1,-1,-1,-1,850.000,800.000,-1,-1,2,1,2,0,2,0,0,1,0,2,2,2,2,0,0,2,2
291,7844.135,-1629.263,-40.040,103.663,0,0.71853,-0.26390,43.112,-0.528,-1,425.000,-1,400.000,-1,325.000,325.000,175.000,325.000,-1,-1,-1,-1,850.000,825.000,-1,-1,2,1,2,0,2,0,0,1,0,2,2,2,2,0,0,2,2
292,7834.539,-1588.124,-39.694,103.131,0,0.70406,-0.26609,42.243,-0.532,-1,425.000,-1,400.000,-1,325.000,325.000,175.000,300.000,-1,-1,-1,-1,875.000,825.000,-1,-1,2,0,2,0,2,0,0,1,0,2,2,2,2,0,0,2,2
293,7825.513,-1547.723,-39.441,102.593,0,0.68995,-0.26903,41.397,-0.538,-1,425.000,-1,400.000,-1,325.000,325.000,175.000,300.000,550.000,-1,-1,-1,875.000,825.000,-1,-1,2,0,2,0,2,0,0,1,0,1,2,2,2,0,0,2,2
294,7817.044,-1508.037,-39.268,102.047,0,0.67632,-0.27268,40.579,-0.545,-1,425.000,-1,400.000,-1,350.000,325.000,175.000,300.000,525.000,-1,-1,-1,875.000,825.000,-1,-1,2,0,2,0,2,0,0,1,0,1,2,2,2,0,0,2,2
295,7809.115,-1469.041,-39.161,101.493,0,0.66323,-0.27699,39.794,-0.554,-1,425.000,-1,400.000,-1,350.000,325.000,175.000,300.000,475.000,-1,-1,-1,875.000,850.000,-1,-1,2,0,2,0,2,0,0,1,0,1,2,2,2,0,0,2,2
296,7801.370,-1429.852,-39.074,101.179,0,0.66578,-0.15699,39.947,-0.314,-1,425.000,-1,400.000,-1,325.000,325.000,175.000,300.000,450.000,-1,-1,-1,850.000,850.000,-1,-1,2,0,2,0,2,0,0,1,0,1,2,2,2,0,0,2,2
297,7793.799,-1391.282,-39.029,101.105,0,0.65511,-0.03699,39.306,-0.074,-1,425.000,-1,400.000,-1,325.000,325.000,175.000,300.000,425.000,-1,600.000,-1,850.000,875.000,-1,-1,2,0,2,0,2,0,0,1,0,1,2,0,2,0,0,2,2
298,7786.218,-1353.248,-38.955,101.271,0,0.64636,0.08301,38.782,0.166,-1,425.000,-1,400.000,-1,325.000,325.000,175.000,300.000,425.000,-1,650.000,-1,850.000,900.000,-1,-1,2,0,2,0,2,0,0,1,0,1,2,0,2,0,0,2,2
299,7778.453,-1315.676,-39.048,101.677,0,0.63944,0.20301,38.367,0.406,-1,400.000,-1,400.000,-1,325.000,325.000,175.000,300.000,400.000,-1,-1,-1,825.000,900.000,-1,-1,2,0,2,0,2,0,0,1,0,1,2,2,2,0,0,2,2
