timestep,x_cm,y_cm,z_cm,yaw_deg,teleport_flag,throttle_cmd,steering_cmd,cmd_move_cm,cmd_turn_deg,lidar_cm_0,lidar_cm_1,lidar_cm_2,lidar_cm_3,lidar_cm_4,lidar_cm_5,lidar_cm_6,lidar_cm_7,lidar_cm_8,lidar_cm_9,lidar_cm_10,lidar_cm_11,lidar_cm_12,lidar_cm_13,lidar_cm_14,lidar_cm_15,lidar_cm_16,lidar_class_0,lidar_class_1,lidar_class_2,lidar_class_3,lidar_class_4,lidar_class_5,lidar_class_6,lidar_class_7,lidar_class_8,lidar_class_9,lidar_class_10,lidar_class_11,lidar_class_12,lidar_class_13,lidar_class_14,lidar_class_15,lidar_class_16
0,-6230.886,9506.240,-198.020,-84.379,1,0.08000,0.12000,4.800,0.240,-1,375.000,-1,325.000,475.000,300.000,275.000,450.000,250.000,250.000,-1,-1,-1,675.000,525.000,-1,550.000,2,0,2,0,0,0,0,1,0,1,2,2,2,0,0,2,0
1,-6229.865,9496.694,-198.333,-83.899,0,0.16000,0.24000,9.600,0.480,-1,375.000,-1,325.000,500.000,300.000,275.000,450.000,250.000,250.000,-1,-1,-1,675.000,525.000,-1,550.000,2,0,2,0,0,0,0,1,0,1,2,2,2,0,0,2,0
2,-6228.155,9482.396,-198.777,-83.179,0,0.24000,0.36000,14.400,0.720,-1,375.000,-1,325.000,525.000,300.000,275.000,450.000,250.000,250.000,-1,-1,-1,675.000,525.000,-1,575.000,2,0,2,0,0,0,0,1,0,1,2,2,2,0,0,2,0
3,-6225.556,9463.373,-199.326,-82.219,0,0.32000,0.48000,19.200,0.960,-1,375.000,-1,325.000,550.000,300.000,275.000,450.000,275.000,250.000,-1,-1,-1,675.000,525.000,-1,625.000,2,0,2,0,0,0,0,1,0,1,2,2,2,0,0,2,0
4,-6221.809,9439.667,-199.946,-81.019,0,0.40000,0.60000,24.000,1.200,-1,375.000,-1,325.000,600.000,300.000,275.000,450.000,275.000,275.000,-1,-1,-1,675.000,550.000,-1,675.000,2,0,2,0,0,0,0,0,0,1,2,2,2,0,0,2,0
5,-6216.600,9411.342,-200.600,-79.579,0,0.48000,0.72000,28.800,1.440,-1,375.000,-1,325.000,675.000,300.000,275.000,450.000,275.000,275.000,-1,-1,-1,675.000,550.000,-1,750.000,2,0,2,0,0,0,0,0,0,1,2,2,2,0,0,2,0
6,-6209.556,9378.489,-201.253,-77.899,0,0.56000,0.84000,33.600,1.680,-1,375.000,-1,325.000,750.000,300.000,300.000,425.000,275.000,275.000,-1,-1,-1,675.000,575.000,-1,850.000,2,0,2,0,0,0,0,0,0,1,2,2,2,0,0,2,0
7,-6200.252,9341.233,-201.869,-75.979,0,0.64000,0.96000,38.400,1.920,-1,375.000,-1,350.000,875.000,300.000,300.000,400.000,275.000,300.000,-1,-1,-1,700.000,600.000,-1,950.000,2,0,2,0,0,0,0,0,0,1,2,2,2,0,0,2,0
8,-6189.016,9301.938,-202.394,-74.042,0,0.68117,0.96859,40.870,1.937,-1,375.000,-1,350.000,975.000,300.000,300.000,400.000,275.000,300.000,-1,-1,-1,700.000,600.000,-1,-1,2,0,2,0,0,0,0,0,0,1,2,2,2,0,0,2,2
9,-6176.418,9262.906,-202.840,-72.113,0,0.68358,0.96454,41.015,1.929,-1,375.000,-1,350.000,-1,300.000,300.000,375.000,300.000,325.000,-1,-1,-1,700.000,625.000,-1,-1,2,0,2,0,2,0,0,0,0,1,2,2,2,0,0,2,2
10,-6162.469,9224.180,-203.190,-70.192,0,0.68602,0.96050,41.161,1.921,-1,375.000,-1,350.000,-1,300.000,300.000,350.000,300.000,325.000,-1,-1,-1,700.000,650.000,-1,-1,2,0,2,0,2,0,0,0,0,1,2,2,2,0,0,2,2
11,-6147.181,9185.804,-203.447,-68.279,0,0.68849,0.95645,41.309,1.913,-1,375.000,-1,375.000,-1,300.000,300.000,350.000,300.000,325.000,-1,-1,-1,700.000,675.000,-1,-1,2,0,2,0,2,0,0,0,0,1,2,2,2,0,0,2,2
12,-6130.566,9147.820,-203.702,-66.374,0,0.69097,0.95241,41.458,1.905,-1,375.000,-1,375.000,-1,325.000,300.000,325.000,300.000,350.000,-1,-1,-1,700.000,700.000,-1,-1,2,0,2,0,2,0,0,0,0,1,2,2,2,0,0,2,2
13,-6112.638,9110.273,-203.998,-64.477,0,0.69346,0.94838,41.608,1.897,-1,375.000,-1,375.000,-1,325.000,325.000,325.000,300.000,350.000,-1,-1,-1,725.000,725.000,-1,-1,2,0,2,0,2,0,0,0,0,1,2,2,2,0,0,2,2
14,-6095.825,9077.529,-203.090,-62.820,0,0.61346,0.82838,36.808,1.657,-1,375.000,-1,375.000,-1,325.000,325.000,300.000,300.000,375.000,-1,-1,-1,725.000,725.000,-1,-1,2,0,2,0,2,0,0,0,0,1,2,2,2,0,0,2,2
15,-6080.505,9049.426,-202.104,-61.404,0,0.53346,0.70838,32.008,1.417,-1,375.000,-1,375.000,-1,325.000,325.000,300.000,300.000,400.000,-1,-1,-1,725.000,700.000,-1,-1,2,0,2,0,2,0,0,0,0,1,2,2,2,0,0,2,2
16,-6066.994,9025.810,-201.250,-60.227,0,0.45346,0.58838,27.208,1.177,-1,375.000,-1,375.000,-1,325.000,325.000,300.000,300.000,400.000,-1,-1,-1,700.000,700.000,-1,-1,2,0,2,0,2,0,0,0,0,1,2,2,2,0,0,2,2
17,-6053.563,9003.302,-200.414,-59.173,0,0.43685,0.52688,26.211,1.054,-1,375.000,-1,375.000,-1,325.000,325.000,300.000,300.000,425.000,-1,-1,-1,700.000,700.000,-1,-1,2,0,2,0,2,0,0,0,0,1,2,2,2,0,0,2,2
18,-6039.678,8980.973,-199.546,-58.124,0,0.43823,0.52437,26.294,1.049,-1,375.000,-1,375.000,-1,325.000,325.000,300.000,300.000,450.000,-1,-1,-1,700.000,700.000,-1,-1,2,0,2,0,2,0,0,0,0,1,2,2,2,0,0,2,2
19,-6025.343,8958.832,-198.648,-57.081,0,0.43960,0.52186,26.376,1.044,-1,375.000,-1,375.000,-1,325.000,325.000,300.000,300.000,450.000,-1,-1,-1,700.000,700.000,-1,-1,2,0,2,0,2,0,0,0,0,1,2,2,2,0,0,2,2
20,-6010.564,8936.886,-197.735,-56.042,0,0.44098,0.51934,26.459,1.039,-1,375.000,-1,375.000,-1,325.000,325.000,300.000,300.000,475.000,-1,-1,-1,700.000,700.000,-1,-1,2,0,2,0,2,0,0,0,0,1,2,2,2,0,0,2,2
21,-5995.343,8915.143,-196.807,-55.008,0,0.44236,0.51682,26.541,1.034,-1,375.000,-1,375.000,-1,325.000,325.000,300.000,300.000,500.000,-1,-1,-1,700.000,700.000,-1,-1,2,0,2,0,2,0,0,0,0,1,2,2,2,0,0,2,2
22,-5979.687,8893.609,-195.864,-53.980,0,0.44373,0.51430,26.624,1.029,-1,375.000,-1,375.000,-1,325.000,325.000,300.000,300.000,500.000,-1,-1,-1,700.000,700.000,-1,-1,2,0,2,0,2,0,0,0,0,1,2,2,2,0,0,2,2
23,-5963.598,8872.293,-194.904,-52.956,0,0.44511,0.51178,26.706,1.024,-1,375.000,-1,375.000,-1,325.000,325.000,300.000,300.000,525.000,-1,-1,-1,700.000,700.000,-1,-1,2,0,2,0,2,0,0,0,0,1,2,2,2,0,0,2,2
24,-5947.082,8851.201,-193.928,-51.938,0,0.44648,0.50925,26.789,1.019,-1,375.000,-1,375.000,-1,325.000,325.000,300.000,300.000,550.000,-1,-1,-1,700.000,700.000,-1,-1,2,0,2,0,2,0,0,0,0,1,2,2,2,0,0,2,2
25,-5930.144,8830.340,-192.938,-50.924,0,0.44785,0.50673,26.871,1.013,-1,375.000,-1,375.000,-1,325.000,325.000,300.000,300.000,550.000,-1,-1,-1,700.000,700.000,-1,-1,2,0,2,0,2,0,0,0,0,1,2,2,2,0,0,2,2
26,-5912.789,8809.719,-191.933,-49.916,0,0.44922,0.50420,26.953,1.008,-1,375.000,-1,375.000,-1,325.000,325.000,300.000,300.000,575.000,-1,-1,-1,700.000,700.000,-1,-1,2,0,2,0,2,0,0,0,0,1,2,2,2,0,0,2,2
27,-5895.021,8789.342,-190.914,-48.912,0,0.45058,0.50167,27.035,1.003,-1,375.000,-1,375.000,-1,325.000,325.000,300.000,300.000,600.000,-1,-1,-1,700.000,700.000,-1,-1,2,0,2,0,2,0,0,0,0,1,2,2,2,0,0,2,2
28,-5876.846,8769.218,-189.850,-47.914,0,0.45195,0.49914,27.117,0.998,-1,375.000,-1,375.000,-1,325.000,325.000,300.000,300.000,625.000,-1,-1,-1,700.000,700.000,-1,-1,2,0,2,0,2,0,0,0,0,1,2,2,2,0,0,2,2
29,-5858.270,8749.352,-188.737,-46.921,0,0.45330,0.49660,27.198,0.993,-1,375.000,-1,375.000,-1,325.000,325.000,300.000,300.000,625.000,-1,-1,-1,700.000,700.000,-1,-1,2,0,2,0,2,0,0,0,0,1,2,2,2,0,0,2,2
30,-5839.297,8729.751,-187.613,-45.933,0,0.45466,0.49407,27.279,0.988,-1,375.000,-1,375.000,-1,325.000,325.000,300.000,300.000,650.000,-1,-1,-1,700.000,700.000,-1,-1,2,0,2,0,2,0,0,0,0,1,2,2,2,0,0,2,2
31,-5816.496,8707.185,-186.303,-44.705,0,0.53466,0.61407,32.079,1.228,-1,375.000,-1,375.000,-1,300.000,300.000,300.000,300.000,675.000,-1,-1,-1,700.000,700.000,-1,-1,2,0,2,0,2,0,0,0,0,1,2,2,2,0,0,2,2
32,-5789.629,8681.922,-184.789,-43.237,0,0.61466,0.73407,36.879,1.468,-1,375.000,-1,375.000,-1,300.000,300.000,300.000,300.000,700.000,-1,-1,-1,700.000,675.000,-1,-1,2,0,2,0,2,0,0,0,0,1,2,2,2,0,0,2,2
33,-5758.426,8654.289,-183.053,-41.528,0,0.69466,0.85407,41.679,1.708,-1,375.000,-1,375.000,-1,300.000,300.000,300.000,300.000,725.000,-1,-1,-1,700.000,675.000,-1,-1,2,0,2,0,2,0,0,0,0,1,2,2,2,0,0,2,2
34,-5722.700,8624.557,-181.089,-39.768,0,0.77466,0.88020,46.479,1.760,-1,375.000,-1,375.000,-1,300.000,300.000,300.000,300.000,750.000,-1,-1,-1,700.000,675.000,-1,-1,2,0,2,0,2,0,0,0,0,1,2,2,2,0,0,2,2
35,-5682.300,8592.975,-178.887,-38.016,0,0.85466,0.87604,51.279,1.752,-1,375.000,-1,375.000,-1,300.000,300.000,300.000,300.000,800.000,-1,-1,-1,725.000,675.000,-1,-1,2,0,2,0,2,0,0,0,0,1,2,2,2,0,0,2,2
36,-5637.089,8559.796,-176.253,-36.273,0,0.93466,0.87149,56.079,1.743,-1,375.000,-1,375.000,-1,300.000,300.000,300.000,300.000,825.000,-1,-1,-1,725.000,675.000,-1,-1,2,0,2,0,2,0,0,0,0,1,2,2,2,0,0,2,2
37,-5590.330,8527.612,-173.548,-34.540,0,0.94608,0.86652,56.765,1.733,-1,375.000,-1,375.000,-1,325.000,300.000,300.000,300.000,850.000,-1,-1,-1,725.000,675.000,-1,-1,2,0,2,0,2,0,0,0,0,1,2,2,2,0,0,2,2
38,-5542.506,8496.772,-170.805,-32.817,0,0.94843,0.86150,56.906,1.723,-1,375.000,-1,375.000,-1,325.000,300.000,300.000,300.000,900.000,900.000,-1,-1,725.000,675.000,-1,-1,2,0,2,0,2,0,0,0,0,1,0,2,2,0,0,2,2
39,-5493.660,8467.301,-168.028,-31.104,0,0.95078,0.85647,57.047,1.713,-1,375.000,-1,375.000,-1,325.000,300.000,300.000,300.000,925.000,800.000,-1,-1,725.000,700.000,-1,-1,2,0,2,0,2,0,0,0,0,1,0,2,2,0,0,2,2
40,-5443.837,8439.226,-165.171,-29.401,0,0.95315,0.85144,57.189,1.703,-1,400.000,-1,375.000,-1,325.000,300.000,300.000,300.000,950.000,750.000,975.000,-1,750.000,700.000,-1,-1,2,0,2,0,2,0,0,0,0,1,0,0,2,0,0,2,2
41,-5393.081,8412.569,-162.269,-27.708,0,0.95552,0.84641,57.331,1.693,-1,400.000,-1,375.000,-1,325.000,300.000,300.000,300.000,1000.000,725.000,950.000,-1,750.000,700.000,-1,-1,2,0,2,0,2,0,0,0,0,1,0,0,2,0,0,2,2
42,-5341.436,8387.352,-159.343,-26.025,0,0.95788,0.84139,57.473,1.683,-1,400.000,-1,375.000,-1,325.000,325.000,300.000,300.000,-1,700.000,925.000,-1,750.000,700.000,-1,-1,2,0,2,0,2,0,0,0,0,2,0,0,2,0,0,2,2
43,-5288.948,8363.594,-156.381,-24.353,0,0.96024,0.83636,57.614,1.673,-1,400.000,-1,375.000,-1,325.000,325.000,300.000,300.000,-1,725.000,850.000,-1,750.000,700.000,-1,-1,2,0,2,0,2,0,0,0,0,2,0,0,2,0,0,2,2
44,-5235.662,8341.315,-153.406,-22.690,0,0.96259,0.83134,57.755,1.663,-1,400.000,-1,375.000,-1,325.000,325.000,300.000,300.000,-1,700.000,800.000,-1,775.000,700.000,-1,-1,2,0,2,0,2,0,0,0,0,2,0,0,2,0,0,2,2
45,-5180.811,8320.220,-150.367,-21.036,0,0.97946,0.82701,58.768,1.654,-1,400.000,-1,375.000,-1,325.000,325.000,300.000,300.000,-1,700.000,800.000,-1,775.000,725.000,-1,-1,2,0,2,0,2,0,0,0,0,2,0,0,2,0,0,2,2
46,-5125.360,8300.708,-147.192,-19.386,0,0.97973,0.82502,58.784,1.650,-1,400.000,-1,375.000,-1,325.000,325.000,300.000,300.000,-1,725.000,825.000,-1,775.000,725.000,-1,-1,2,0,2,0,2,0,0,0,0,2,0,0,2,0,0,2,2
47,-5069.355,8282.792,-144.057,-17.740,0,0.98002,0.82301,58.801,1.646,-1,400.000,-1,375.000,-1,325.000,325.000,300.000,300.000,-1,775.000,900.000,-1,775.000,725.000,-1,-1,2,0,2,0,2,0,0,0,0,2,0,0,2,0,0,2,2
48,-5012.842,8266.482,-140.944,-16.098,0,0.98032,0.82098,58.819,1.642,-1,400.000,-1,375.000,-1,325.000,325.000,300.000,300.000,-1,825.000,975.000,-1,775.000,725.000,-1,-1,2,0,2,0,2,0,0,0,0,2,0,0,2,0,0,2,2
49,-4955.867,8251.790,-137.858,-14.460,0,0.98064,0.81893,58.838,1.638,-1,400.000,-1,375.000,-1,325.000,325.000,300.000,300.000,-1,900.000,-1,-1,775.000,725.000,-1,-1,2,0,2,0,2,0,0,0,0,2,0,2,2,0,0,2,2
50,-4898.478,8238.723,-134.804,-12.826,0,0.98097,0.81687,58.858,1.634,-1,400.000,-1,375.000,-1,325.000,325.000,300.000,300.000,-1,975.000,-1,-1,775.000,725.000,-1,-1,2,0,2,0,2,0,0,0,0,2,0,2,2,0,0,2,2
51,-4840.720,8227.290,-131.788,-11.197,0,0.98131,0.81480,58.879,1.630,-1,400.000,-1,375.000,-1,325.000,325.000,300.000,300.000,-1,-1,-1,-1,775.000,725.000,-1,-1,2,0,2,0,2,0,0,0,0,2,2,2,2,0,0,2,2
52,-4787.431,8218.079,-129.051,-9.807,0,0.90131,0.69480,54.079,1.390,-1,400.000,-1,400.000,-1,325.000,325.000,300.000,300.000,-1,-1,-1,-1,775.000,750.000,-1,-1,2,0,2,0,2,0,0,0,0,2,2,2,2,0,0,2,2
53,-4738.689,8210.827,-126.591,-8.461,0,0.82131,0.67289,49.279,1.346,-1,400.000,-1,400.000,-1,325.000,325.000,300.000,300.000,-1,-1,-1,-1,775.000,750.000,-1,-1,2,0,2,0,2,0,0,0,0,2,2,2,2,0,0,2,2
54,-4689.974,8204.743,-124.178,-7.119,0,0.81823,0.67109,49.094,1.342,-1,400.000,-1,400.000,-1,325.000,325.000,300.000,300.000,-1,-1,-1,-1,775.000,750.000,-1,-1,2,0,2,0,2,0,0,0,0,2,2,2,2,0,0,2,2
55,-4641.110,8199.796,-121.805,-5.781,0,0.81855,0.66929,49.113,1.339,-1,400.000,-1,400.000,-1,325.000,325.000,300.000,300.000,-1,-1,-1,-1,775.000,750.000,-1,-1,2,0,2,0,2,0,0,0,0,2,2,2,2,0,0,2,2
56,-4592.125,8195.988,-119.466,-4.446,0,0.81888,0.66749,49.133,1.335,-1,400.000,-1,400.000,-1,325.000,325.000,300.000,300.000,-1,-1,-1,-1,775.000,750.000,-1,-1,2,0,2,0,2,0,0,0,0,2,2,2,2,0,0,2,2
57,-4543.045,8193.317,-117.255,-3.114,0,0.81922,0.66568,49.153,1.331,-1,400.000,-1,400.000,-1,325.000,325.000,300.000,300.000,-1,-1,-1,-1,775.000,750.000,-1,-1,2,0,2,0,2,0,0,0,0,2,2,2,2,0,0,2,2
58,-4493.895,8191.784,-115.131,-1.787,0,0.81955,0.66386,49.173,1.328,-1,400.000,-1,400.000,-1,325.000,325.000,300.000,300.000,-1,-1,-1,-1,775.000,750.000,-1,-1,2,0,2,0,2,0,0,0,0,2,2,2,2,0,0,2,2
59,-4444.703,8191.387,-113.062,-0.463,0,0.81990,0.66203,49.194,1.324,-1,400.000,-1,400.000,-1,325.000,325.000,300.000,300.000,-1,-1,-1,-1,775.000,750.000,-1,-1,2,0,2,0,2,0,0,0,0,2,2,2,2,0,0,2,2
60,-4395.494,8192.124,-111.051,0.858,0,0.82024,0.66020,49.215,1.320,-1,400.000,-1,400.000,-1,325.000,325.000,300.000,300.000,-1,-1,-1,-1,775.000,750.000,-1,-1,2,0,2,0,2,0,0,0,0,2,2,2,2,0,0,2,2
61,-4346.294,8193.992,-109.099,2.175,0,0.82059,0.65837,49.236,1.317,-1,400.000,-1,400.000,-1,325.000,325.000,300.000,300.000,-1,-1,-1,-1,775.000,750.000,-1,-1,2,0,2,0,2,0,0,0,0,2,2,2,2,0,0,2,2
62,-4297.128,8196.988,-107.208,3.488,0,0.82095,0.65653,49.257,1.313,-1,400.000,-1,400.000,-1,325.000,325.000,300.000,300.000,-1,-1,-1,-1,775.000,775.000,-1,-1,2,0,2,0,2,0,0,0,0,2,2,2,2,0,0,2,2
63,-4248.022,8201.109,-105.380,4.797,0,0.82131,0.65469,49.278,1.309,-1,400.000,-1,400.000,-1,325.000,325.000,300.000,300.000,-1,-1,-1,-1,775.000,775.000,-1,-1,2,0,2,0,2,0,0,0,0,2,2,2,2,0,0,2,2
64,-4199.002,8206.351,-103.618,6.103,0,0.82166,0.65284,49.300,1.306,-1,400.000,-1,400.000,-1,325.000,325.000,300.000,300.000,-1,-1,-1,-1,775.000,775.000,-1,-1,2,0,2,0,2,0,0,0,0,2,2,2,2,0,0,2,2
65,-4150.092,8212.707,-101.923,7.405,0,0.82203,0.65100,49.322,1.302,-1,400.000,-1,400.000,-1,325.000,325.000,300.000,300.000,-1,-1,-1,-1,775.000,775.000,-1,-1,2,0,2,0,2,0,0,0,0,2,2,2,2,0,0,2,2
66,-4104.215,8219.536,-100.381,8.467,0,0.77304,0.53100,46.383,1.062,-1,400.000,-1,400.000,-1,325.000,325.000,300.000,300.000,-1,-1,-1,-1,775.000,775.000,-1,-1,2,0,2,0,2,0,0,0,0,2,2,2,2,0,0,2,2
67,-4058.421,8227.026,-98.881,9.289,0,0.77336,0.41100,46.402,0.822,-1,400.000,-1,400.000,-1,325.000,325.000,300.000,300.000,-1,-1,-1,-1,775.000,775.000,-1,-1,2,0,2,0,2,0,0,0,0,2,2,2,2,0,0,2,2
68,-4012.689,8234.983,-97.412,9.871,0,0.77366,0.29100,46.419,0.582,-1,400.000,-1,400.000,-1,325.000,325.000,300.000,300.000,-1,-1,-1,-1,775.000,775.000,-1,-1,2,0,2,0,2,0,0,0,0,2,2,2,2,0,0,2,2
69,-3966.987,8243.217,-95.988,10.213,0,0.77396,0.17100,46.437,0.342,-1,400.000,-1,400.000,-1,325.000,325.000,300.000,300.000,-1,-1,-1,-1,775.000,775.000,-1,-1,2,0,2,0,2,0,0,0,0,2,2,2,2,0,0,2,2
70,-3921.281,8251.535,-94.611,10.315,0,0.77428,0.05100,46.457,0.102,-1,400.000,-1,400.000,-1,325.000,325.000,300.000,300.000,-1,-1,-1,-1,775.000,775.000,-1,-1,2,0,2,0,2,0,0,0,0,2,2,2,2,0,0,2,2
71,-3875.532,8259.747,-93.237,10.177,0,0.77467,-0.06900,46.480,-0.138,-1,400.000,-1,400.000,-1,325.000,325.000,300.000,300.000,-1,-1,-1,-1,775.000,775.000,-1,-1,2,0,2,0,2,0,0,0,0,2,2,2,2,0,0,2,2
72,-3829.706,8267.693,-91.900,9.837,0,0.77516,-0.16983,46.509,-0.340,-1,400.000,-1,400.000,-1,325.000,325.000,300.000,300.000,-1,-1,-1,-1,775.000,775.000,-1,-1,2,0,2,0,2,0,0,0,0,2,2,2,2,0,0,2,2
73,-3783.797,8275.369,-90.549,9.492,0,0.77577,-0.17233,46.546,-0.345,-1,400.000,-1,400.000,-1,325.000,325.000,300.000,300.000,-1,-1,-1,-1,775.000,775.000,-1,-1,2,0,2,0,2,0,0,0,0,2,2,2,2,0,0,2,2
74,-3737.398,8282.836,-89.170,9.141,0,0.78327,-0.17545,46.996,-0.351,-1,400.000,-1,400.000,-1,325.000,325.000,300.000,300.000,-1,-1,-1,-1,775.000,775.000,-1,-1,2,0,2,0,2,0,0,0,0,2,2,2,2,0,0,2,2
75,-3690.602,8290.070,-87.765,8.788,0,0.78920,-0.17665,47.352,-0.353,-1,400.000,-1,400.000,-1,325.000,325.000,300.000,300.000,-1,-1,-1,-1,775.000,775.000,-1,-1,2,0,2,0,2,0,0,0,0,2,2,2,2,0,0,2,2
76,-3643.407,8297.067,-86.334,8.432,0,0.79519,-0.17785,47.711,-0.356,-1,400.000,-1,400.000,-1,325.000,325.000,300.000,300.000,-1,-1,-1,-1,775.000,775.000,-1,-1,2,0,2,0,2,0,0,0,0,2,2,2,2,0,0,2,2
77,-3595.810,8303.819,-84.876,8.074,0,0.80122,-0.17903,48.073,-0.358,-1,400.000,-1,400.000,-1,325.000,325.000,300.000,300.000,-1,-1,-1,-1,775.000,775.000,-1,-1,2,0,2,0,2,0,0,0,0,2,2,2,2,0,0,2,2
78,-3547.810,8310.321,-83.391,7.714,0,0.80731,-0.18020,48.439,-0.360,-1,400.000,-1,400.000,-1,325.000,325.000,300.000,300.000,-1,-1,-1,-1,775.000,775.000,-1,-1,2,0,2,0,2,0,0,0,0,2,2,2,2,0,0,2,2
79,-3499.404,8316.566,-81.878,7.351,0,0.81345,-0.18136,48.807,-0.363,-1,400.000,-1,400.000,-1,325.000,325.000,300.000,300.000,-1,-1,-1,-1,775.000,775.000,-1,-1,2,0,2,0,2,0,0,0,0,2,2,2,2,0,0,2,2
80,-3450.590,8322.547,-80.337,6.986,0,0.81964,-0.18252,49.178,-0.365,-1,400.000,-1,400.000,-1,325.000,325.000,300.000,300.000,-1,-1,-1,-1,775.000,775.000,-1,-1,2,0,2,0,2,0,0,0,0,2,2,2,2,0,0,2,2
81,-3401.368,8328.259,-78.767,6.619,0,0.82588,-0.18367,49.553,-0.367,-1,400.000,-1,400.000,-1,325.000,325.000,300.000,300.000,-1,-1,-1,-1,775.000,775.000,-1,1000.000,2,0,2,0,2,0,0,0,0,2,2,2,2,0,0,2,1
82,-3351.734,8333.694,-77.167,6.249,0,0.83218,-0.18482,49.931,-0.370,-1,400.000,-1,400.000,-1,325.000,325.000,300.000,300.000,-1,-1,-1,-1,775.000,775.000,-1,950.000,2,0,2,0,2,0,0,0,0,2,2,2,2,0,1,2,1
83,-3301.687,8338.846,-75.543,5.877,0,0.83852,-0.18597,50.311,-0.372,-1,400.000,975.000,400.000,-1,325.000,325.000,300.000,300.000,-1,-1,-1,-1,775.000,725.000,-1,900.000,2,0,1,0,2,0,0,0,0,2,2,2,2,0,1,2,1
84,-3251.226,8343.707,-74.008,5.503,0,0.84492,-0.18712,50.695,-0.374,-1,400.000,925.000,400.000,-1,325.000,325.000,300.000,300.000,-1,-1,-1,-1,750.000,700.000,975.000,850.000,2,0,1,0,2,0,0,0,0,2,2,2,2,1,1,1,1
85,-3200.348,8348.272,-72.540,5.126,0,0.85136,-0.18828,51.082,-0.377,-1,400.000,850.000,400.000,-1,325.000,325.000,300.000,300.000,-1,-1,-1,-1,700.000,650.000,900.000,775.000,2,0,1,0,2,0,0,0,0,2,2,2,2,1,1,1,1
86,-3149.053,8352.532,-71.044,4.748,0,0.85786,-0.18945,51.471,-0.379,-1,400.000,800.000,400.000,-1,325.000,325.000,300.000,300.000,-1,-1,-1,-1,675.000,625.000,825.000,725.000,2,0,1,0,2,0,0,0,0,2,2,2,2,1,1,1,1
87,-3097.340,8356.480,-69.517,4.366,0,0.86440,-0.19063,51.864,-0.381,-1,400.000,750.000,400.000,-1,325.000,325.000,300.000,300.000,-1,-1,-1,-1,625.000,575.000,775.000,675.000,2,0,1,0,2,0,0,0,0,2,2,2,2,1,1,1,1
88,-3045.206,8360.110,-67.960,3.983,0,0.87100,-0.19184,52.260,-0.384,900.000,400.000,700.000,400.000,825.000,325.000,325.000,300.000,300.000,-1,-1,-1,-1,575.000,525.000,700.000,625.000,1,0,1,0,1,0,0,0,0,2,2,2,2,1,1,1,1
89,-2992.652,8363.413,-66.370,3.596,0,0.87764,-0.19307,52.658,-0.386,800.000,400.000,650.000,400.000,725.000,325.000,325.000,300.000,300.000,-1,-1,-1,-1,525.000,500.000,650.000,575.000,1,0,1,0,1,0,0,0,0,2,2,2,2,1,1,1,1
90,-2935.271,8366.391,-64.600,2.970,0,0.95764,-0.31307,57.458,-0.626,700.000,400.000,575.000,375.000,650.000,325.000,325.000,300.000,300.000,-1,-1,-1,-1,475.000,450.000,575.000,525.000,1,1,1,1,1,0,0,0,0,2,2,2,2,1,1,1,1
91,-2875.311,8368.594,-62.700,2.104,0,1.00000,-0.43307,60.000,-0.866,600.000,350.000,525.000,325.000,575.000,300.000,300.000,300.000,300.000,-1,-1,-1,-1,425.000,400.000,500.000,450.000,1,1,1,1,1,1,1,0,0,2,2,2,2,1,1,1,1
92,-2815.325,8369.885,-60.749,1.233,0,1.00000,-0.43545,60.000,-0.871,500.000,300.000,450.000,300.000,500.000,275.000,275.000,300.000,300.000,-1,-1,-1,-1,375.000,350.000,425.000,400.000,1,1,1,1,1,1,1,0,0,2,2,2,2,1,1,1,1
93,-2755.326,8370.264,-58.746,0.362,0,1.00000,-0.43583,60.000,-0.872,400.000,275.000,400.000,250.000,425.000,250.000,225.000,300.000,300.000,-1,-1,-1,-1,325.000,300.000,350.000,350.000,1,1,1,1,1,1,1,0,0,2,2,2,2,1,1,1,1
94,-2695.329,8369.729,-56.691,-0.511,0,1.00000,-0.43611,60.000,-0.872,325.000,225.000,325.000,225.000,350.000,200.000,200.000,300.000,300.000,-1,-1,-1,-1,275.000,250.000,275.000,275.000,1,1,1,1,1,1,1,0,0,2,2,2,2,1,1,1,1
95,-2635.346,8368.281,-54.588,-1.383,0,1.00000,-0.43627,60.000,-0.873,250.000,175.000,275.000,175.000,275.000,175.000,175.000,300.000,300.000,-1,-1,-1,-1,225.000,200.000,225.000,225.000,1,1,1,1,1,1,1,0,0,2,2,2,2,1,1,1,1
96,-2575.396,8365.842,-41.698,-2.330,0,1.00000,-0.47321,60.000,-0.946,250.000,175.000,275.000,175.000,300.000,175.000,150.000,350.000,325.000,-1,375.000,350.000,-1,225.000,200.000,225.000,225.000,1,1,1,1,1,1,1,0,0,2,0,0,2,1,1,1,1
97,-7543.220,-8199.153,212.722,-75.373,1,0.00000,0.00000,60.000,-0.945,-1,375.000,-1,275.000,225.000,275.000,250.000,300.000,225.000,150.000,-1,-1,-1,650.000,425.000,-1,250.000,2,0,2,0,0,0,0,1,0,1,2,2,2,0,0,2,0
98,-7544.452,-8194.513,212.856,-75.133,0,-0.08000,0.12000,-4.800,0.240,-1,375.000,-1,275.000,225.000,275.000,250.000,300.000,225.000,150.000,-1,-1,-1,650.000,425.000,-1,250.000,2,0,2,0,0,0,0,1,0,1,2,2,2,0,0,2,0
99,-7546.993,-8185.256,213.073,-74.653,0,-0.16000,0.24000,-9.600,0.480,-1,375.000,-1,275.000,225.000,275.000,250.000,275.000,225.000,150.000,-1,-1,-1,650.000,425.000,-1,250.000,2,0,2,0,0,0,0,1,0,1,2,2,2,0,0,2,0
100,-7550.978,-8171.418,213.273,-73.933,0,-0.24000,0.36000,-14.400,0.720,-1,375.000,-1,275.000,225.000,300.000,250.000,250.000,225.000,125.000,-1,-1,-1,675.000,425.000,-1,275.000,2,0,2,0,0,0,0,1,0,1,2,2,2,0,0,2,0
101,2295.763,-327.966,279.545,-177.434,1,0.00000,0.00000,-19.200,0.960,-1,400.000,-1,400.000,-1,325.000,325.000,300.000,300.000,-1,-1,-1,-1,875.000,825.000,-1,-1,2,0,2,0,2,0,0,0,0,2,2,2,2,0,0,2,2
102,2300.559,-327.771,279.445,-177.674,0,-0.08000,-0.12000,-4.800,-0.240,-1,400.000,-1,400.000,-1,325.000,325.000,300.000,300.000,-1,-1,-1,-1,875.000,825.000,-1,-1,2,0,2,0,2,0,0,0,0,2,2,2,2,0,0,2,2
103,2310.154,-327.462,279.248,-178.154,0,-0.16000,-0.24000,-9.600,-0.480,-1,400.000,-1,400.000,-1,325.000,325.000,300.000,300.000,-1,-1,-1,-1,875.000,825.000,-1,-1,2,0,2,0,2,0,0,0,0,2,2,2,2,0,0,2,2
104,2324.551,-327.179,278.956,-178.874,0,-0.24000,-0.36000,-14.400,-0.720,-1,400.000,-1,400.000,-1,325.000,325.000,300.000,300.000,-1,-1,-1,-1,875.000,825.000,-1,-1,2,0,2,0,2,0,0,0,0,2,2,2,2,0,0,2,2
105,2339.392,-327.136,278.663,-179.834,0,-0.24736,-0.48000,-14.842,-0.960,-1,400.000,-1,400.000,-1,325.000,325.000,300.000,300.000,-1,-1,-1,-1,875.000,825.000,-1,-1,2,0,2,0,2,0,0,0,0,2,2,2,2,0,0,2,2
106,2354.232,-327.404,278.381,-181.034,0,-0.24736,-0.60000,-14.842,-1.200,-1,400.000,-1,400.000,-1,325.000,325.000,300.000,300.000,-1,-1,-1,-1,875.000,825.000,-1,-1,2,0,2,0,2,0,0,0,0,2,2,2,2,0,0,2,2
107,2369.059,-328.045,278.111,-182.474,0,-0.24736,-0.72000,-14.842,-1.440,-1,400.000,-1,400.000,-1,325.000,325.000,300.000,300.000,-1,-1,-1,-1,875.000,800.000,-1,-1,2,0,2,0,2,0,0,0,0,2,2,2,2,0,0,2,2
108,2383.862,-329.120,277.858,-184.154,0,-0.24736,-0.84000,-14.842,-1.680,-1,400.000,-1,400.000,-1,325.000,325.000,300.000,300.000,-1,-1,-1,-1,875.000,800.000,-1,-1,2,0,2,0,2,0,0,0,0,2,2,2,2,0,0,2,2
109,2398.625,-330.642,277.622,-185.885,0,-0.24736,-0.86554,-14.842,-1.731,-1,400.000,-1,400.000,-1,325.000,325.000,300.000,300.000,-1,-1,-1,-1,875.000,800.000,-1,-1,2,0,2,0,2,0,0,0,0,2,2,2,2,0,0,2,2
110,2408.584,-331.931,277.475,-187.376,0,-0.16736,-0.74554,-10.042,-1.491,-1,400.000,-1,400.000,-1,325.000,325.000,300.000,300.000,-1,-1,-1,-1,875.000,800.000,-1,-1,2,0,2,0,2,0,0,0,0,2,2,2,2,0,0,2,2
111,2413.766,-332.717,277.408,-188.627,0,-0.08736,-0.62554,-5.242,-1.251,-1,400.000,-1,400.000,-1,325.000,325.000,300.000,300.000,-1,-1,-1,-1,875.000,800.000,-1,-1,2,0,2,0,2,0,0,0,0,2,2,2,2,0,0,2,2
112,2414.201,-332.791,277.416,-189.638,0,-0.00736,-0.50554,-0.442,-1.011,-1,400.000,-1,400.000,-1,325.000,325.000,300.000,300.000,-1,-1,-1,-1,875.000,800.000,-1,-1,2,0,2,0,2,0,0,0,0,2,2,2,2,0,0,2,2
113,2409.914,-332.003,277.492,-190.409,0,0.07264,-0.38554,4.358,-0.771,-1,400.000,-1,400.000,-1,325.000,325.000,300.000,300.000,-1,-1,-1,-1,850.000,800.000,-1,-1,2,0,2,0,2,0,0,0,0,2,2,2,2,0,0,2,2
114,2400.922,-330.265,277.634,-190.941,0,0.15264,-0.26554,9.158,-0.531,-1,400.000,-1,400.000,-1,325.000,325.000,300.000,300.000,-1,-1,-1,-1,850.000,800.000,-1,-1,2,0,2,0,2,0,0,0,0,2,2,2,2,0,0,2,2
115,2387.231,-327.546,277.840,-191.232,0,0.23264,-0.14554,13.958,-0.291,-1,400.000,-1,400.000,-1,325.000,325.000,300.000,300.000,-1,-1,-1,-1,850.000,800.000,-1,-1,2,0,2,0,2,0,0,0,0,2,2,2,2,0,0,2,2
116,2368.835,-323.876,278.112,-191.283,0,0.31264,-0.02554,18.758,-0.051,-1,400.000,-1,400.000,-1,325.000,325.000,300.000,300.000,-1,-1,-1,-1,850.000,800.000,-1,-1,2,0,2,0,2,0,0,0,0,2,2,2,2,0,0,2,2
117,2345.717,-319.343,278.453,-191.094,0,0.39264,0.09446,23.558,0.189,-1,400.000,-1,400.000,-1,325.000,325.000,300.000,300.000,-1,-1,-1,-1,850.000,800.000,-1,-1,2,0,2,0,2,0,0,0,0,2,2,2,2,0,0,2,2
118,2317.858,-314.042,278.870,-190.774,0,0.47264,0.16009,28.358,0.320,-1,400.000,-1,400.000,-1,325.000,325.000,300.000,300.000,-1,-1,-1,-1,850.000,800.000,-1,-1,2,0,2,0,2,0,0,0,0,2,2,2,2,0,0,2,2
119,2285.250,-308.026,279.366,-190.453,0,0.55264,0.16009,33.158,0.320,-1,400.000,-1,400.000,-1,325.000,325.000,300.000,300.000,-1,-1,-1,-1,850.000,800.000,-1,-1,2,0,2,0,2,0,0,0,0,2,2,2,2,0,0,2,2
120,2247.884,-301.348,279.945,-190.133,0,0.63264,0.16009,37.958,0.320,-1,400.000,-1,400.000,-1,325.000,325.000,300.000,300.000,-1,-1,-1,-1,850.000,800.000,-1,-1,2,0,2,0,2,0,0,0,0,2,2,2,2,0,0,2,2
121,2205.751,-294.060,280.610,-189.813,0,0.71264,0.16009,42.758,0.320,-1,400.000,-1,400.000,-1,325.000,325.000,300.000,300.000,-1,-1,-1,-1,850.000,775.000,-1,-1,2,0,2,0,2,0,0,0,0,2,2,2,2,0,0,2,2
122,2158.844,-286.217,281.364,-189.493,0,0.79264,0.16009,47.558,0.320,-1,400.000,-1,400.000,-1,325.000,325.000,300.000,300.000,-1,-1,-1,-1,850.000,775.000,-1,-1,2,0,2,0,2,0,0,0,0,2,2,2,2,0,0,2,2
123,2107.155,-277.870,282.210,-189.173,0,0.87264,0.16009,52.358,0.320,-1,400.000,-1,400.000,-1,325.000,325.000,300.000,300.000,-1,-1,-1,-1,825.000,775.000,-1,-1,2,0,2,0,2,0,0,0,0,2,2,2,2,0,0,2,2
124,2050.677,-269.074,283.151,-188.853,0,0.95264,0.16009,57.158,0.320,-1,400.000,-1,400.000,-1,325.000,325.000,300.000,300.000,-1,-1,-1,-1,825.000,775.000,-1,-1,2,0,2,0,2,0,0,0,0,2,2,2,2,0,0,2,2
125,1993.633,-260.516,283.953,-188.532,0,0.96137,0.16009,57.682,0.320,-1,400.000,-1,400.000,-1,325.000,325.000,325.000,300.000,-1,-1,-1,-1,825.000,775.000,-1,-1,2,0,2,0,2,0,0,0,0,2,2,2,2,0,0,2,2
126,1936.542,-252.277,284.446,-188.212,0,0.96137,0.16009,57.682,0.320,-1,400.000,-1,400.000,-1,325.000,325.000,300.000,300.000,-1,-1,-1,-1,825.000,775.000,-1,-1,2,0,2,0,2,0,0,0,0,2,2,2,2,0,0,2,2
127,1879.406,-244.357,284.559,-187.892,0,0.96137,0.16009,57.682,0.320,-1,400.000,-1,400.000,-1,325.000,325.000,300.000,300.000,-1,-1,-1,-1,825.000,775.000,-1,-1,2,0,2,0,2,0,0,0,0,2,2,2,2,0,0,2,2
128,1822.227,-236.756,284.662,-187.572,0,0.96137,0.16009,57.682,0.320,-1,400.000,-1,400.000,-1,325.000,325.000,300.000,300.000,-1,-1,-1,-1,800.000,775.000,-1,-1,2,0,2,0,2,0,0,0,0,2,2,2,2,0,0,2,2
129,1765.006,-229.475,284.783,-187.252,0,0.96137,0.16009,57.682,0.320,-1,400.000,-1,400.000,-1,325.000,325.000,300.000,300.000,-1,-1,-1,-1,800.000,775.000,-1,-1,2,0,2,0,2,0,0,0,0,2,2,2,2,0,0,2,2
130,1707.745,-222.513,284.922,-186.931,0,0.96137,0.16009,57.682,0.320,-1,400.000,-1,400.000,-1,325.000,325.000,300.000,300.000,-1,-1,-1,-1,800.000,775.000,-1,-1,2,0,2,0,2,0,0,0,0,2,2,2,2,0,0,2,2
131,1650.446,-215.872,285.077,-186.611,0,0.96137,0.16009,57.682,0.320,-1,400.000,-1,400.000,-1,325.000,325.000,300.000,300.000,-1,-1,-1,-1,800.000,775.000,-1,-1,2,0,2,0,2,0,0,0,0,2,2,2,2,0,0,2,2
132,1593.111,-209.551,285.249,-186.291,0,0.96137,0.16009,57.682,0.320,-1,400.000,-1,400.000,-1,325.000,325.000,300.000,300.000,-1,-1,-1,-1,800.000,750.000,-1,-1,2,0,2,0,2,0,0,0,0,2,2,2,2,0,0,2,2
133,1540.539,-203.830,285.420,-186.211,0,0.88137,0.04009,52.882,0.080,-1,400.000,-1,400.000,-1,325.000,325.000,300.000,300.000,-1,-1,-1,-1,800.000,750.000,-1,-1,2,0,2,0,2,0,0,0,0,2,2,2,2,0,0,2,2
134,1492.754,-198.495,285.582,-186.371,0,0.80137,-0.07991,48.082,-0.160,-1,400.000,-1,400.000,-1,325.000,325.000,300.000,300.000,-1,-1,-1,-1,775.000,750.000,-1,-1,2,0,2,0,2,0,0,0,0,2,2,2,2,0,0,2,2
135,1449.773,-193.392,285.733,-186.771,0,0.72137,-0.19991,43.282,-0.400,-1,400.000,-1,400.000,-1,325.000,325.000,325.000,300.000,-1,-1,-1,-1,775.000,750.000,-1,-1,2,0,2,0,2,0,0,0,0,2,2,2,2,0,0,2,2
136,1408.047,-187.965,285.881,-187.410,0,0.70129,-0.31991,42.077,-0.640,-1,400.000,-1,400.000,-1,325.000,325.000,325.000,300.000,-1,-1,-1,-1,775.000,750.000,-1,-1,2,0,2,0,2,0,0,0,0,2,2,2,2,0,0,2,2
137,1366.402,-181.949,286.028,-188.220,0,0.70129,-0.40468,42.077,-0.809,-1,400.000,-1,400.000,-1,325.000,325.000,325.000,300.000,-1,-1,-1,-1,775.000,750.000,-1,-1,2,0,2,0,2,0,0,0,0,2,2,2,2,0,0,2,2
138,1324.846,-175.346,286.071,-189.029,0,0.70129,-0.40468,42.077,-0.809,-1,400.000,-1,400.000,-1,325.000,325.000,325.000,300.000,-1,-1,-1,-1,775.000,750.000,-1,-1,2,0,2,0,2,0,0,0,0,2,2,2,2,0,0,2,2
139,1283.387,-168.156,286.104,-189.838,0,0.70129,-0.40468,42.077,-0.809,-1,400.000,-1,400.000,-1,325.000,325.000,325.000,300.000,-1,-1,-1,-1,750.000,750.000,-1,-1,2,0,2,0,2,0,0,0,0,2,2,2,2,0,0,2,2
140,1242.035,-160.381,286.010,-190.648,0,0.70129,-0.40468,42.077,-0.809,-1,400.000,-1,400.000,-1,325.000,325.000,325.000,300.000,-1,-1,-1,-1,750.000,750.000,-1,-1,2,0,2,0,2,0,0,0,0,2,2,2,2,0,0,2,2
141,1200.796,-152.023,285.893,-191.457,0,0.70129,-0.40468,42.077,-0.809,-1,400.000,-1,400.000,-1,325.000,325.000,325.000,300.000,-1,-1,-1,-1,750.000,750.000,-1,-1,2,0,2,0,2,0,0,0,0,2,2,2,2,0,0,2,2
142,1159.679,-143.084,285.773,-192.267,0,0.70129,-0.40468,42.077,-0.809,-1,400.000,-1,400.000,-1,325.000,325.000,325.000,300.000,-1,-1,-1,-1,750.000,750.000,-1,-1,2,0,2,0,2,0,0,0,0,2,2,2,2,0,0,2,2
143,1118.693,-133.564,285.638,-193.076,0,0.70129,-0.40468,42.077,-0.809,-1,400.000,-1,400.000,-1,325.000,325.000,325.000,300.000,-1,-1,-1,-1,750.000,750.000,-1,-1,2,0,2,0,2,0,0,0,0,2,2,2,2,0,0,2,2
144,1077.845,-123.466,285.469,-193.885,0,0.70129,-0.40468,42.077,-0.809,-1,400.000,-1,400.000,-1,325.000,325.000,325.000,300.000,-1,-1,-1,-1,750.000,750.000,-1,-1,2,0,2,0,2,0,0,0,0,2,2,2,2,0,0,2,2
145,1037.144,-112.793,285.297,-194.695,0,0.70129,-0.40468,42.077,-0.809,-1,400.000,-1,400.000,-1,325.000,325.000,325.000,300.000,-1,-1,-1,-1,750.000,750.000,-1,-1,2,0,2,0,2,0,0,0,0,2,2,2,2,0,0,2,2
146,996.597,-101.545,285.121,-195.504,0,0.70129,-0.40468,42.077,-0.809,-1,400.000,-1,400.000,-1,325.000,325.000,325.000,300.000,-1,-1,-1,-1,750.000,750.000,-1,-1,2,0,2,0,2,0,0,0,0,2,2,2,2,0,0,2,2
147,956.214,-89.726,284.943,-196.313,0,0.70129,-0.40468,42.077,-0.809,-1,400.000,-1,400.000,-1,325.000,325.000,325.000,300.000,-1,-1,-1,-1,750.000,750.000,-1,-1,2,0,2,0,2,0,0,0,0,2,2,2,2,0,0,2,2
148,916.002,-77.338,284.763,-197.123,0,0.70129,-0.40468,42.077,-0.809,-1,400.000,-1,400.000,-1,325.000,325.000,325.000,300.000,-1,-1,-1,-1,750.000,750.000,-1,-1,2,0,2,0,2,0,0,0,0,2,2,2,2,0,0,2,2
149,875.968,-64.383,284.581,-197.932,0,0.70129,-0.40468,42.077,-0.809,-1,400.000,-1,400.000,-1,325.000,325.000,325.000,300.000,-1,-1,-1,-1,725.000,775.000,-1,-1,2,0,2,0,2,0,0,0,0,2,2,2,2,0,0,2,2
150,836.122,-50.863,284.399,-198.741,0,0.70129,-0.40468,42.077,-0.809,-1,400.000,-1,400.000,-1,325.000,325.000,325.000,300.000,-1,-1,-1,-1,725.000,775.000,-1,-1,2,0,2,0,2,0,0,0,0,2,2,2,2,0,0,2,2
151,796.470,-36.782,284.217,-199.551,0,0.70129,-0.40468,42.077,-0.809,-1,375.000,-1,400.000,-1,325.000,325.000,325.000,300.000,-1,-1,-1,-1,725.000,775.000,-1,-1,2,0,2,0,2,0,0,0,0,2,2,2,2,0,0,2,2
152,757.022,-22.143,284.038,-200.360,0,0.70129,-0.40468,42.077,-0.809,-1,375.000,-1,400.000,-1,325.000,325.000,325.000,300.000,-1,-1,-1,-1,725.000,775.000,-1,-1,2,0,2,0,2,0,0,0,0,2,2,2,2,0,0,2,2
153,717.784,-6.948,283.848,-201.169,0,0.70129,-0.40468,42.077,-0.809,-1,375.000,-1,400.000,-1,325.000,325.000,325.000,300.000,-1,-1,-1,-1,725.000,775.000,-1,-1,2,0,2,0,2,0,0,0,0,2,2,2,2,0,0,2,2
154,678.765,8.800,283.700,-201.979,0,0.70129,-0.40468,42.077,-0.809,-1,375.000,-1,400.000,-1,325.000,325.000,325.000,300.000,-1,-1,-1,-1,725.000,775.000,-1,-1,2,0,2,0,2,0,0,0,0,2,2,2,2,0,0,2,2
155,639.972,25.098,283.546,-202.788,0,0.70129,-0.40468,42.077,-0.809,-1,375.000,-1,400.000,-1,325.000,325.000,325.000,300.000,-1,-1,-1,-1,725.000,775.000,-1,-1,2,0,2,0,2,0,0,0,0,2,2,2,2,0,0,2,2
156,596.936,43.683,283.380,-203.357,0,0.78129,-0.28468,46.877,-0.569,-1,375.000,-1,400.000,-1,325.000,325.000,325.000,300.000,-1,-1,-1,-1,725.000,775.000,-1,-1,2,0,2,0,2,0,0,0,0,2,2,2,2,0,0,2,2
157,549.612,64.444,283.113,-203.687,0,0.86129,-0.16468,51.677,-0.329,-1,375.000,-1,400.000,-1,325.000,325.000,325.000,300.000,-1,-1,-1,-1,725.000,750.000,-1,-1,2,0,2,0,2,0,0,0,0,2,2,2,2,0,0,2,2
158,498.515,86.955,282.873,-203.776,0,0.93060,-0.04468,55.836,-0.089,-1,375.000,-1,400.000,-1,325.000,325.000,325.000,300.000,-1,-1,-1,-1,725.000,775.000,-1,-1,2,0,2,0,2,0,0,0,0,2,2,2,2,0,0,2,2
159,447.414,109.458,282.687,-203.767,0,0.93060,0.00480,55.836,0.010,-1,375.000,-1,400.000,-1,325.000,325.000,300.000,300.000,-1,-1,-1,-1,725.000,775.000,-1,-1,2,0,2,0,2,0,0,0,0,2,2,2,2,0,0,2,2
160,396.310,131.952,282.505,-203.757,0,0.93060,0.00480,55.836,0.010,-1,375.000,-1,400.000,-1,325.000,325.000,300.000,325.000,-1,-1,-1,-1,725.000,775.000,-1,-1,2,0,2,0,2,0,0,0,0,2,2,2,2,0,0,2,2
161,345.201,154.437,282.327,-203.747,0,0.93060,0.00480,55.836,0.010,-1,375.000,-1,400.000,-1,325.000,325.000,300.000,325.000,-1,-1,-1,-1,725.000,775.000,-1,-1,2,0,2,0,2,0,0,0,0,2,2,2,2,0,0,2,2
162,294.089,176.914,282.153,-203.738,0,0.93060,0.00480,55.836,0.010,-1,375.000,-1,400.000,-1,325.000,325.000,300.000,325.000,-1,-1,-1,-1,725.000,775.000,-1,-1,2,0,2,0,2,0,0,0,0,2,2,2,2,0,0,2,2
163,242.973,199.382,281.984,-203.728,0,0.93060,0.00480,55.836,0.010,-1,375.000,-1,400.000,-1,325.000,325.000,300.000,325.000,-1,-1,-1,-1,700.000,750.000,-1,-1,2,0,2,0,2,0,0,0,0,2,2,2,2,0,0,2,2
164,191.854,221.842,281.818,-203.719,0,0.93060,0.00480,55.836,0.010,-1,375.000,-1,400.000,-1,325.000,325.000,300.000,325.000,-1,-1,-1,-1,700.000,750.000,-1,-1,2,0,2,0,2,0,0,0,0,2,2,2,2,0,0,2,2
165,140.730,244.293,281.616,-203.709,0,0.93060,0.00480,55.836,0.010,-1,375.000,-1,400.000,-1,325.000,325.000,300.000,325.000,-1,-1,-1,-1,700.000,750.000,-1,-1,2,0,2,0,2,0,0,0,0,2,2,2,2,0,0,2,2
166,89.603,266.736,281.495,-203.699,0,0.93060,0.00480,55.836,0.010,-1,375.000,-1,400.000,-1,325.000,325.000,300.000,325.000,-1,-1,-1,-1,725.000,750.000,-1,-1,2,0,2,0,2,0,0,0,0,2,2,2,2,0,0,2,2
167,38.472,289.170,281.466,-203.690,0,0.93060,0.00480,55.836,0.010,-1,375.000,-1,400.000,-1,325.000,325.000,300.000,325.000,-1,-1,-1,-1,725.000,750.000,-1,-1,2,0,2,0,2,0,0,0,0,2,2,2,2,0,0,2,2
168,-12.662,311.596,281.462,-203.680,0,0.93060,0.00480,55.836,0.010,-1,375.000,-1,400.000,-1,325.000,325.000,300.000,300.000,-1,-1,-1,-1,725.000,750.000,-1,-1,2,0,2,0,2,0,0,0,0,2,2,2,2,0,0,2,2
169,-63.801,334.013,281.456,-203.671,0,0.93060,0.00480,55.836,0.010,-1,375.000,-1,400.000,-1,325.000,325.000,300.000,300.000,-1,-1,-1,-1,725.000,750.000,-1,-1,2,0,2,0,2,0,0,0,0,2,2,2,2,0,0,2,2
170,-114.943,356.421,281.557,-203.661,0,0.93060,0.00480,55.836,0.010,-1,375.000,-1,400.000,-1,325.000,325.000,300.000,300.000,-1,-1,-1,-1,725.000,750.000,-1,-1,2,0,2,0,2,0,0,0,0,2,2,2,2,0,0,2,2
171,-166.089,378.821,281.741,-203.651,0,0.93060,0.00480,55.836,0.010,-1,375.000,-1,400.000,-1,325.000,325.000,300.000,300.000,-1,-1,-1,-1,725.000,775.000,-1,-1,2,0,2,0,2,0,0,0,0,2,2,2,2,0,0,2,2
172,-217.239,401.212,281.953,-203.642,0,0.93060,0.00480,55.836,0.010,-1,375.000,-1,400.000,-1,325.000,325.000,300.000,300.000,-1,-1,-1,-1,750.000,775.000,-1,-1,2,0,2,0,2,0,0,0,0,2,2,2,2,0,0,2,2
173,-268.392,423.595,282.163,-203.632,0,0.93060,0.00480,55.836,0.010,-1,375.000,-1,400.000,-1,325.000,325.000,300.000,300.000,-1,-1,-1,-1,750.000,775.000,-1,-1,2,0,2,0,2,0,0,0,0,2,2,2,2,0,0,2,2
174,-319.549,445.969,282.367,-203.623,0,0.93060,0.00480,55.836,0.010,-1,400.000,-1,400.000,-1,325.000,325.000,300.000,300.000,-1,-1,-1,-1,750.000,800.000,-1,-1,2,0,2,0,2,0,0,0,0,2,2,2,2,0,0,2,2
175,-370.710,468.335,282.518,-203.613,0,0.93060,0.00480,55.836,0.010,-1,400.000,-1,400.000,-1,325.000,325.000,300.000,300.000,-1,-1,-1,-1,750.000,800.000,-1,-1,2,0,2,0,2,0,0,0,0,2,2,2,2,0,0,2,2
176,-421.875,490.692,282.669,-203.604,0,0.93060,0.00480,55.836,0.010,-1,400.000,-1,400.000,-1,325.000,325.000,300.000,300.000,-1,-1,-1,-1,775.000,825.000,-1,-1,2,0,2,0,2,0,0,0,0,2,2,2,2,0,0,2,2
177,-473.043,513.040,282.820,-203.594,0,0.93060,0.00480,55.836,0.010,-1,400.000,-1,400.000,-1,325.000,325.000,300.000,300.000,-1,-1,-1,-1,775.000,825.000,-1,-1,2,0,2,0,2,0,0,0,0,2,2,2,2,0,0,2,2
178,-524.215,535.380,282.998,-203.584,0,0.93060,0.00480,55.836,0.010,-1,400.000,-1,400.000,-1,325.000,325.000,300.000,300.000,-1,-1,-1,-1,775.000,850.000,-1,-1,2,0,2,0,2,0,0,0,0,2,2,2,2,0,0,2,2
179,-575.391,557.712,283.272,-203.575,0,0.93060,0.00480,55.836,0.010,-1,400.000,-1,400.000,-1,325.000,325.000,300.000,300.000,-1,-1,-1,-1,775.000,850.000,-1,-1,2,0,2,0,2,0,0,0,0,2,2,2,2,0,0,2,2
180,-626.571,580.034,283.517,-203.565,0,0.93060,0.00480,55.836,0.010,-1,400.000,-1,400.000,-1,325.000,325.000,300.000,300.000,-1,-1,-1,-1,800.000,875.000,-1,-1,2,0,2,0,2,0,0,0,0,2,2,2,2,0,0,2,2
181,-677.754,602.348,283.747,-203.556,0,0.93060,0.00480,55.836,0.010,-1,400.000,-1,400.000,-1,325.000,325.000,300.000,300.000,-1,-1,-1,-1,800.000,875.000,-1,-1,2,0,2,0,2,0,0,0,0,2,2,2,2,0,0,2,2
182,-727.923,624.461,283.970,-203.786,0,0.91376,-0.11520,54.825,-0.230,-1,400.000,-1,400.000,-1,325.000,325.000,300.000,300.000,-1,-1,-1,-1,825.000,875.000,-1,-1,2,0,2,0,2,0,0,0,0,2,2,2,2,0,0,2,2
183,-777.908,646.984,284.196,-204.256,0,0.91376,-0.23520,54.825,-0.470,-1,400.000,-1,400.000,-1,325.000,325.000,300.000,300.000,-1,-1,-1,-1,825.000,900.000,-1,-1,2,0,2,0,2,0,0,0,0,2,2,2,2,0,0,2,2
184,-827.610,670.125,284.227,-204.967,0,0.91376,-0.35520,54.825,-0.710,-1,400.000,-1,425.000,-1,325.000,325.000,300.000,300.000,-1,-1,-1,-1,825.000,900.000,-1,-1,2,0,2,0,2,0,0,0,0,2,2,2,2,0,0,2,2
185,-876.921,694.088,284.155,-205.917,0,0.91376,-0.47520,54.825,-0.950,-1,400.000,-1,425.000,-1,325.000,325.000,300.000,300.000,-1,-1,-1,-1,825.000,900.000,-1,-1,2,0,2,0,2,0,0,0,0,2,2,2,2,0,0,2,2
186,-925.724,719.070,283.996,-207.108,0,0.91376,-0.59520,54.825,-1.190,-1,400.000,-1,425.000,-1,325.000,325.000,300.000,300.000,-1,-1,-1,-1,825.000,900.000,-1,-1,2,0,2,0,2,0,0,0,0,2,2,2,2,0,0,2,2
187,-973.888,745.262,283.713,-208.538,0,0.91376,-0.71520,54.825,-1.430,-1,400.000,-1,425.000,-1,325.000,325.000,300.000,300.000,-1,-1,-1,-1,825.000,925.000,-1,-1,2,0,2,0,2,0,0,0,0,2,2,2,2,0,0,2,2
188,-1021.268,772.847,283.337,-210.208,0,0.91376,-0.83520,54.825,-1.670,-1,400.000,-1,425.000,-1,325.000,325.000,300.000,300.000,-1,-1,-1,-1,850.000,925.000,-1,-1,2,0,2,0,2,0,0,0,0,2,2,2,2,0,0,2,2
189,-1067.759,801.906,282.864,-212.007,0,0.91376,-0.89931,54.825,-1.799,-1,400.000,-1,425.000,-1,325.000,325.000,300.000,300.000,-1,-1,-1,-1,850.000,925.000,-1,-1,2,0,2,0,2,0,0,0,0,2,2,2,2,0,0,2,2
190,-1109.443,829.565,282.350,-213.566,0,0.83376,-0.77931,50.025,-1.559,-1,400.000,-1,425.000,-1,325.000,325.000,300.000,300.000,-1,-1,-1,-1,875.000,900.000,-1,-1,2,0,2,0,2,0,0,0,0,2,2,2,2,0,0,2,2
191,-1147.545,856.130,281.785,-214.884,0,0.77415,-0.65931,46.449,-1.319,-1,400.000,-1,425.000,-1,325.000,325.000,300.000,300.000,-1,-1,-1,-1,875.000,900.000,-1,-1,2,0,2,0,2,0,0,0,0,2,2,2,2,0,0,2,2
192,-1185.141,883.407,281.152,-215.963,0,0.77415,-0.53931,46.449,-1.079,-1,400.000,-1,425.000,-1,325.000,325.000,300.000,300.000,-1,-1,-1,-1,875.000,900.000,-1,-1,2,0,2,0,2,0,0,0,0,2,2,2,2,0,0,2,2
193,-1222.333,911.232,280.445,-216.801,0,0.77415,-0.41931,46.449,-0.839,-1,425.000,-1,425.000,-1,325.000,325.000,300.000,300.000,-1,-1,-1,-1,875.000,900.000,-1,-1,2,0,2,0,2,0,0,0,0,2,2,2,2,0,0,2,2
194,-1259.233,939.444,279.589,-217.400,0,0.77415,-0.29931,46.449,-0.599,-1,425.000,-1,425.000,-1,325.000,325.000,300.000,300.000,-1,-1,-1,-1,875.000,900.000,-1,-1,2,0,2,0,2,0,0,0,0,2,2,2,2,0,0,2,2
195,-1295.955,967.887,278.685,-217.759,0,0.77415,-0.17931,46.449,-0.359,-1,425.000,-1,425.000,-1,325.000,325.000,300.000,300.000,-1,-1,-1,-1,875.000,900.000,-1,-1,2,0,2,0,2,0,0,0,0,2,2,2,2,0,0,2,2
196,-1332.619,996.405,277.713,-217.877,0,0.77415,-0.05931,46.449,-0.119,-1,425.000,-1,425.000,-1,325.000,325.000,300.000,300.000,-1,-1,-1,-1,875.000,900.000,-1,-1,2,0,2,0,2,0,0,0,0,2,2,2,2,0,0,2,2
197,-1369.345,1024.847,276.552,-217.756,0,0.77419,0.06069,46.451,0.121,-1,425.000,-1,425.000,-1,325.000,325.000,300.000,300.000,-1,-1,-1,-1,850.000,875.000,-1,-1,2,0,2,0,2,0,0,0,0,2,2,2,2,0,0,2,2
198,-1406.252,1053.070,275.283,-217.405,0,0.77436,0.17553,46.461,0.351,-1,425.000,-1,425.000,-1,325.000,325.000,300.000,300.000,-1,-1,-1,-1,850.000,875.000,-1,-1,2,0,2,0,2,0,0,0,0,2,2,2,2,0,0,2,2
199,-1443.334,1081.071,273.906,-217.056,0,0.77444,0.17443,46.467,0.349,-1,425.000,-1,425.000,-1,325.000,325.000,300.000,300.000,-1,-1,-1,-1,850.000,875.000,-1,-1,2,0,2,0,2,0,0,0,0,2,2,2,2,0,0,2,2
200,-1480.587,1108.847,272.489,-216.709,0,0.77446,0.17353,46.468,0.347,-1,400.000,-1,425.000,-1,325.000,325.000,300.000,300.000,-1,-1,-1,-1,825.000,875.000,-1,-1,2,0,2,0,2,0,0,0,0,2,2,2,2,0,0,2,2
201,-1518.005,1136.397,271.030,-216.363,0,0.77443,0.17284,46.466,0.346,-1,400.000,-1,425.000,-1,325.000,325.000,300.000,300.000,-1,-1,-1,-1,825.000,875.000,-1,-1,2,0,2,0,2,0,0,0,0,2,2,2,2,0,0,2,2
202,-1555.584,1163.718,269.445,-216.019,0,0.77436,0.17235,46.462,0.345,-1,400.000,-1,425.000,-1,325.000,325.000,300.000,300.000,-1,-1,-1,-1,825.000,850.000,-1,-1,2,0,2,0,2,0,0,0,0,2,2,2,2,0,0,2,2
203,-1593.322,1190.810,267.808,-215.674,0,0.77426,0.17207,46.456,0.344,-1,400.000,-1,425.000,-1,325.000,325.000,300.000,300.000,-1,-1,-1,-1,800.000,850.000,-1,-1,2,0,2,0,2,0,0,0,0,2,2,2,2,0,0,2,2
204,-1631.216,1217.671,266.133,-215.330,0,0.77415,0.17199,46.449,0.344,-1,400.000,-1,400.000,-1,325.000,325.000,300.000,300.000,-1,-1,-1,-1,800.000,850.000,-1,-1,2,0,2,0,2,0,0,0,0,2,2,2,2,0,0,2,2
205,-1669.266,1244.300,264.422,-214.986,0,0.77404,0.17212,46.442,0.344,-1,400.000,-1,400.000,-1,325.000,325.000,300.000,300.000,-1,-1,-1,-1,775.000,825.000,-1,-1,2,0,2,0,2,0,0,0,0,2,2,2,2,0,0,2,2
206,-1707.470,1270.696,262.694,-214.641,0,0.77394,0.17246,46.436,0.345,-1,400.000,-1,400.000,-1,325.000,325.000,300.000,300.000,-1,-1,-1,-1,775.000,800.000,-1,-1,2,0,2,0,2,0,0,0,0,2,2,2,2,0,0,2,2
207,-1745.830,1296.859,260.943,-214.295,0,0.77387,0.17300,46.432,0.346,-1,400.000,-1,400.000,-1,325.000,325.000,300.000,300.000,-1,-1,-1,-1,775.000,800.000,-1,-1,2,0,2,0,2,0,0,0,0,2,2,2,2,0,0,2,2
208,-1784.347,1322.788,259.074,-213.948,0,0.77385,0.17374,46.431,0.347,-1,400.000,-1,400.000,-1,325.000,325.000,300.000,300.000,-1,-1,-1,-1,750.000,775.000,-1,-1,2,0,2,0,2,0,0,0,0,2,2,2,2,0,0,2,2
209,-1823.022,1348.482,257.154,-213.598,0,0.77388,0.17469,46.433,0.349,-1,400.000,-1,400.000,-1,325.000,325.000,300.000,300.000,-1,-1,-1,-1,750.000,775.000,-1,-1,2,0,2,0,2,0,0,0,0,2,2,2,2,0,0,2,2
210,-1861.860,1373.942,255.201,-213.247,0,0.77398,0.17583,46.439,0.352,-1,400.000,-1,400.000,-1,325.000,325.000,300.000,300.000,-1,-1,-1,-1,750.000,775.000,-1,-1,2,0,2,0,2,0,0,0,0,2,2,2,2,0,0,2,2
211,-1900.863,1399.167,253.226,-212.893,0,0.77415,0.17710,46.449,0.354,-1,400.000,-1,400.000,-1,325.000,325.000,300.000,300.000,-1,-1,-1,-1,725.000,750.000,-1,-1,2,0,2,0,2,0,0,0,0,2,2,2,2,0,0,2,2
212,-1940.021,1424.150,251.228,-212.538,0,0.77415,0.17710,46.449,0.354,-1,400.000,-1,400.000,-1,325.000,325.000,300.000,300.000,-1,-1,-1,-1,725.000,750.000,-1,-1,2,0,2,0,2,0,0,0,0,2,2,2,2,0,0,2,2
213,-1979.332,1448.891,249.215,-212.184,0,0.77415,0.17710,46.449,0.354,-1,375.000,-1,400.000,-1,325.000,325.000,300.000,300.000,-1,-1,-1,-1,725.000,750.000,-1,-1,2,0,2,0,2,0,0,0,0,2,2,2,2,0,0,2,2
214,-2018.796,1473.388,247.186,-211.830,0,0.77415,0.17710,46.449,0.354,-1,375.000,-1,400.000,-1,325.000,325.000,300.000,300.000,-1,-1,-1,-1,725.000,725.000,-1,-1,2,0,2,0,2,0,0,0,0,2,2,2,2,0,0,2,2
215,-2058.411,1497.641,245.098,-211.476,0,0.77415,0.17710,46.449,0.354,-1,375.000,-1,400.000,-1,325.000,325.000,300.000,300.000,-1,-1,-1,-1,700.000,725.000,-1,-1,2,0,2,0,2,0,0,0,0,2,2,2,2,0,0,2,2
216,-2098.174,1521.648,242.940,-211.122,0,0.77415,0.17710,46.449,0.354,-1,375.000,-1,375.000,-1,325.000,325.000,300.000,300.000,-1,-1,-1,-1,700.000,725.000,-1,-1,2,0,2,0,2,0,0,0,0,2,2,2,2,0,0,2,2
217,-2138.086,1545.409,240.771,-210.767,0,0.77415,0.17710,46.449,0.354,-1,375.000,-1,375.000,-1,300.000,325.000,300.000,300.000,-1,-1,-1,-1,700.000,700.000,-1,-1,2,0,2,0,2,0,0,0,0,2,2,2,2,0,0,2,2
218,-2182.173,1571.538,238.626,-210.653,0,0.85415,0.05710,51.249,0.114,-1,375.000,-1,375.000,-1,300.000,325.000,300.000,300.000,-1,-1,-1,-1,700.000,700.000,-1,-1,2,0,2,0,2,0,0,0,0,2,2,2,2,0,0,2,2
219,-2228.529,1599.149,236.368,-210.779,0,0.89926,-0.06290,53.956,-0.126,-1,375.000,-1,375.000,-1,300.000,325.000,300.000,300.000,-1,-1,-1,-1,700.000,700.000,-1,-1,2,0,2,0,2,0,0,0,0,2,2,2,2,0,0,2,2
220,-2274.708,1627.055,234.091,-211.145,0,0.89926,-0.18290,53.956,-0.366,-1,375.000,-1,375.000,-1,325.000,325.000,300.000,300.000,-1,-1,-1,-1,700.000,700.000,-1,-1,2,0,2,0,2,0,0,0,0,2,2,2,2,0,0,2,2
221,-2320.589,1655.447,231.765,-211.750,0,0.89926,-0.30290,53.956,-0.606,-1,375.000,-1,375.000,-1,325.000,325.000,300.000,300.000,-1,-1,-1,-1,700.000,700.000,-1,-1,2,0,2,0,2,0,0,0,0,2,2,2,2,0,0,2,2
222,-2366.046,1684.514,229.379,-212.596,0,0.89926,-0.42290,53.956,-0.846,-1,375.000,-1,375.000,-1,325.000,325.000,300.000,300.000,-1,-1,-1,-1,700.000,700.000,-1,-1,2,0,2,0,2,0,0,0,0,2,2,2,2,0,0,2,2
223,-2410.944,1714.437,226.959,-213.682,0,0.89926,-0.54290,53.956,-1.086,-1,375.000,-1,375.000,-1,325.000,325.000,300.000,300.000,-1,-1,-1,-1,700.000,700.000,-1,-1,2,0,2,0,2,0,0,0,0,2,2,2,2,0,0,2,2
224,-2455.137,1745.391,224.598,-215.008,0,0.89926,-0.66290,53.956,-1.326,-1,375.000,-1,375.000,-1,325.000,325.000,300.000,300.000,-1,-1,-1,-1,700.000,700.000,-1,-1,2,0,2,0,2,0,0,0,0,2,2,2,2,0,0,2,2
225,-2498.583,1777.386,222.182,-216.369,0,0.89926,-0.68073,53.956,-1.361,-1,375.000,-1,375.000,-1,325.000,325.000,300.000,300.000,-1,-1,-1,-1,700.000,675.000,-1,-1,2,0,2,0,2,0,0,0,0,2,2,2,2,0,0,2,2
226,-2541.256,1810.404,219.744,-217.731,0,0.89926,-0.68073,53.956,-1.361,-1,375.000,-1,375.000,-1,325.000,325.000,300.000,300.000,-1,-1,-1,-1,700.000,675.000,-1,-1,2,0,2,0,2,0,0,0,0,2,2,2,2,0,0,2,2
227,-2583.133,1844.427,217.336,-219.092,0,0.89926,-0.68073,53.956,-1.361,-1,375.000,-1,375.000,-1,325.000,325.000,300.000,300.000,-1,-1,-1,-1,700.000,675.000,-1,-1,2,0,2,0,2,0,0,0,0,2,2,2,2,0,0,2,2
228,-2624.189,1879.435,214.878,-220.454,0,0.89926,-0.68073,53.956,-1.361,-1,375.000,-1,375.000,-1,325.000,325.000,300.000,300.000,-1,-1,-1,-1,700.000,675.000,-1,-1,2,0,2,0,2,0,0,0,0,2,2,2,2,0,0,2,2
229,-2664.402,1915.409,212.534,-221.815,0,0.89926,-0.68073,53.956,-1.361,-1,375.000,-1,375.000,-1,325.000,325.000,300.000,300.000,-1,-1,825.000,-1,700.000,675.000,-1,-1,2,0,2,0,2,0,0,0,0,2,2,0,2,0,0,2,2
230,-2703.749,1952.328,210.348,-223.177,0,0.89926,-0.68073,53.956,-1.361,-1,375.000,-1,375.000,-1,325.000,325.000,300.000,300.000,-1,750.000,675.000,-1,725.000,700.000,-1,-1,2,0,2,0,2,0,0,0,0,2,0,0,2,0,0,2,2
231,-2742.208,1990.171,208.326,-224.538,0,0.89926,-0.68073,53.956,-1.361,-1,375.000,-1,375.000,-1,325.000,325.000,300.000,300.000,-1,700.000,650.000,-1,725.000,700.000,-1,-1,2,0,2,0,2,0,0,0,0,2,0,0,2,0,0,2,2
232,-2779.757,2028.918,206.257,-225.900,0,0.89926,-0.68073,53.956,-1.361,-1,375.000,-1,375.000,-1,325.000,325.000,300.000,300.000,-1,675.000,650.000,-1,725.000,700.000,-1,-1,2,0,2,0,2,0,0,0,0,2,0,0,2,0,0,2,2
233,-2816.374,2068.546,204.155,-227.261,0,0.89926,-0.68073,53.956,-1.361,-1,375.000,-1,375.000,-1,325.000,325.000,300.000,300.000,-1,650.000,625.000,-1,750.000,700.000,-1,-1,2,0,2,0,2,0,0,0,0,2,0,0,2,0,0,2,2
234,-2852.040,2109.033,202.045,-228.622,0,0.89926,-0.68073,53.956,-1.361,-1,375.000,-1,375.000,-1,325.000,325.000,300.000,300.000,-1,650.000,650.000,-1,750.000,700.000,-1,-1,2,0,2,0,2,0,0,0,0,2,0,0,2,0,0,2,2
235,-2886.734,2150.355,199.887,-229.984,0,0.89926,-0.68073,53.956,-1.361,-1,375.000,-1,375.000,-1,325.000,325.000,300.000,300.000,-1,650.000,650.000,-1,750.000,700.000,-1,-1,2,0,2,0,2,0,0,0,0,2,0,0,2,0,0,2,2
236,-2920.435,2192.490,197.683,-231.345,0,0.89926,-0.68073,53.956,-1.361,-1,400.000,-1,375.000,-1,325.000,325.000,300.000,300.000,-1,625.000,650.000,-1,775.000,700.000,-1,-1,2,0,2,0,2,0,0,0,0,2,0,0,2,0,0,2,2
237,-2953.127,2235.415,195.619,-232.707,0,0.89926,-0.68073,53.956,-1.361,-1,400.000,-1,375.000,-1,325.000,325.000,300.000,300.000,-1,600.000,650.000,-1,775.000,700.000,-1,-1,2,0,2,0,2,0,0,0,0,2,0,0,2,0,0,2,2
238,-2984.789,2279.103,193.657,-234.068,0,0.89926,-0.68073,53.956,-1.361,-1,400.000,-1,375.000,-1,325.000,325.000,300.000,300.000,-1,600.000,625.000,-1,800.000,700.000,-1,-1,2,0,2,0,2,0,0,0,0,2,0,0,2,0,0,2,2
239,-3015.404,2323.532,191.625,-235.430,0,0.89926,-0.68073,53.956,-1.361,-1,400.000,-1,375.000,-1,325.000,325.000,300.000,300.000,-1,575.000,600.000,-1,800.000,725.000,-1,-1,2,0,2,0,2,0,0,0,0,2,0,0,2,0,0,2,2
240,-3044.955,2368.676,189.523,-236.791,0,0.89926,-0.68073,53.956,-1.361,-1,400.000,-1,375.000,-1,325.000,325.000,300.000,300.000,-1,575.000,600.000,-1,800.000,725.000,-1,-1,2,0,2,0,2,0,0,0,0,2,0,0,2,0,0,2,2
241,-3073.425,2414.509,187.356,-238.153,0,0.89926,-0.68073,53.956,-1.361,-1,400.000,-1,375.000,-1,325.000,325.000,300.000,300.000,-1,575.000,575.000,-1,825.000,725.000,-1,-1,2,0,2,0,2,0,0,0,0,2,0,0,2,0,0,2,2
242,-3100.798,2461.005,185.248,-239.514,0,0.89926,-0.68073,53.956,-1.361,-1,400.000,-1,375.000,-1,325.000,325.000,300.000,300.000,-1,575.000,575.000,-1,825.000,725.000,-1,-1,2,0,2,0,2,0,0,0,0,2,0,0,2,0,0,2,2
243,-3127.059,2508.139,183.291,-240.876,0,0.89926,-0.68073,53.956,-1.361,-1,400.000,-1,375.000,-1,325.000,325.000,300.000,300.000,-1,625.000,625.000,-1,825.000,700.000,-1,-1,2,0,2,0,2,0,0,0,0,2,0,0,2,0,0,2,2
244,-3152.192,2555.883,181.301,-242.237,0,0.89926,-0.68073,53.956,-1.361,-1,400.000,-1,375.000,-1,325.000,325.000,300.000,300.000,-1,650.000,675.000,-1,825.000,700.000,-1,-1,2,0,2,0,2,0,0,0,0,2,0,0,2,0,0,2,2
245,-3176.184,2604.211,179.462,-243.599,0,0.89926,-0.68073,53.956,-1.361,-1,400.000,-1,375.000,-1,325.000,325.000,300.000,300.000,-1,675.000,700.000,-1,825.000,700.000,-1,-1,2,0,2,0,2,0,0,0,0,2,0,0,2,0,0,2,2
246,-3197.175,2648.659,177.742,-244.720,0,0.81926,-0.56073,49.156,-1.121,-1,400.000,-1,375.000,-1,325.000,325.000,300.000,300.000,-1,700.000,725.000,-1,825.000,700.000,-1,-1,2,0,2,0,2,0,0,0,0,2,0,0,2,0,0,2,2
247,-3217.332,2693.098,175.997,-245.601,0,0.81327,-0.44073,48.796,-0.881,-1,400.000,-1,375.000,-1,325.000,325.000,300.000,300.000,-1,700.000,750.000,-1,825.000,700.000,-1,-1,2,0,2,0,2,0,0,0,0,2,0,0,2,0,0,2,2
248,-3236.807,2737.839,174.343,-246.477,0,0.81327,-0.43800,48.796,-0.876,-1,400.000,-1,375.000,-1,325.000,325.000,300.000,300.000,-1,750.000,800.000,-1,800.000,700.000,-1,-1,2,0,2,0,2,0,0,0,0,2,0,0,2,0,0,2,2
249,-3255.596,2782.873,172.743,-247.353,0,0.81327,-0.43800,48.796,-0.876,-1,400.000,-1,375.000,-1,325.000,325.000,300.000,300.000,-1,800.000,850.000,-1,800.000,700.000,-1,-1,2,0,2,0,2,0,0,0,0,2,0,0,2,0,0,2,2
250,-3273.694,2828.189,171.180,-248.229,0,0.81327,-0.43800,48.796,-0.876,-1,400.000,-1,375.000,-1,325.000,325.000,300.000,300.000,-1,825.000,875.000,-1,800.000,700.000,-1,-1,2,0,2,0,2,0,0,0,0,2,0,0,2,0,0,2,2
251,-3291.097,2873.776,169.571,-249.106,0,0.81327,-0.43800,48.796,-0.876,-1,400.000,-1,375.000,-1,325.000,325.000,300.000,300.000,-1,850.000,925.000,-1,800.000,700.000,-1,-1,2,0,2,0,2,0,0,0,0,2,0,0,2,0,0,2,2
252,-3307.801,2919.624,167.962,-249.982,0,0.81327,-0.43800,48.796,-0.876,-1,400.000,-1,375.000,-1,325.000,325.000,300.000,300.000,-1,875.000,950.000,-1,800.000,700.000,-1,-1,2,0,2,0,2,0,0,0,0,2,0,0,2,0,0,2,2
253,-3323.802,2965.722,166.317,-250.858,0,0.81327,-0.43800,48.796,-0.876,-1,400.000,-1,375.000,-1,325.000,325.000,300.000,300.000,-1,875.000,975.000,-1,775.000,700.000,-1,-1,2,0,2,0,2,0,0,0,0,2,0,0,2,0,0,2,2
254,-3339.097,3012.060,164.627,-251.734,0,0.81327,-0.43800,48.796,-0.876,-1,400.000,-1,375.000,-1,325.000,325.000,300.000,300.000,-1,875.000,1000.000,-1,775.000,700.000,-1,-1,2,0,2,0,2,0,0,0,0,2,0,0,2,0,0,2,2
255,-3353.681,3058.625,162.895,-252.610,0,0.81327,-0.43800,48.796,-0.876,-1,400.000,-1,375.000,-1,325.000,325.000,300.000,300.000,-1,875.000,1000.000,-1,775.000,700.000,-1,-1,2,0,2,0,2,0,0,0,0,2,0,0,2,0,0,2,2
256,-3367.552,3105.409,161.125,-253.486,0,0.81327,-0.43800,48.796,-0.876,-1,400.000,-1,375.000,-1,325.000,325.000,300.000,300.000,-1,875.000,-1,-1,750.000,675.000,-1,-1,2,0,2,0,2,0,0,0,0,2,0,2,2,0,0,2,2
257,-3380.706,3152.398,159.319,-254.362,0,0.81327,-0.43800,48.796,-0.876,-1,400.000,-1,375.000,-1,325.000,325.000,300.000,300.000,-1,850.000,-1,-1,750.000,675.000,-1,-1,2,0,2,0,2,0,0,0,0,2,0,2,2,0,0,2,2
258,-3393.140,3199.584,157.485,-255.238,0,0.81327,-0.43800,48.796,-0.876,-1,400.000,-1,375.000,-1,325.000,325.000,300.000,300.000,-1,825.000,1000.000,-1,750.000,675.000,-1,-1,2,0,2,0,2,0,0,0,0,2,0,0,2,0,0,2,2
259,-3404.851,3246.954,155.891,-256.114,0,0.81327,-0.43800,48.796,-0.876,-1,400.000,-1,375.000,-1,325.000,300.000,300.000,300.000,-1,850.000,-1,-1,750.000,675.000,-1,-1,2,0,2,0,2,0,0,0,0,2,0,2,2,0,0,2,2
260,-3415.836,3294.497,154.390,-256.990,0,0.81327,-0.43800,48.796,-0.876,-1,400.000,-1,375.000,-1,325.000,300.000,300.000,300.000,-1,850.000,-1,-1,725.000,675.000,-1,-1,2,0,2,0,2,0,0,0,0,2,0,2,2,0,0,2,2
261,-3426.093,3342.203,152.927,-257.866,0,0.81327,-0.43800,48.796,-0.876,-1,375.000,-1,375.000,-1,325.000,300.000,300.000,300.000,-1,850.000,-1,-1,725.000,700.000,-1,-1,2,0,2,0,2,0,0,0,0,2,0,2,2,0,0,2,2
262,-3435.620,3390.061,151.868,-258.742,0,0.81327,-0.43800,48.796,-0.876,-1,375.000,-1,375.000,-1,325.000,300.000,300.000,300.000,-1,825.000,-1,-1,725.000,700.000,-1,-1,2,0,2,0,2,0,0,0,0,2,0,2,2,0,0,2,2
263,-3444.414,3438.058,150.829,-259.618,0,0.81327,-0.43800,48.796,-0.876,-1,375.000,-1,375.000,-1,325.000,300.000,300.000,300.000,-1,775.000,1000.000,-1,725.000,700.000,-1,-1,2,0,2,0,2,0,0,0,0,2,0,0,2,0,0,2,2
264,-3452.473,3486.184,149.782,-260.494,0,0.81327,-0.43800,48.796,-0.876,-1,400.000,-1,375.000,-1,325.000,300.000,300.000,300.000,-1,725.000,975.000,-1,750.000,725.000,-1,-1,2,0,2,0,2,0,0,0,0,2,0,0,2,0,0,2,2
265,-3459.795,3534.428,148.729,-261.370,0,0.81327,-0.43800,48.796,-0.876,-1,400.000,-1,375.000,-1,325.000,325.000,300.000,300.000,-1,675.000,950.000,-1,750.000,725.000,-1,-1,2,0,2,0,2,0,0,0,0,2,0,0,2,0,0,2,2
266,-3466.379,3582.778,147.673,-262.246,0,0.81327,-0.43800,48.796,-0.876,-1,400.000,-1,375.000,-1,325.000,325.000,325.000,300.000,-1,650.000,875.000,-1,750.000,725.000,-1,-1,2,0,2,0,2,0,0,0,0,2,0,0,2,0,0,2,2
267,-3472.223,3631.223,146.615,-263.122,0,0.81327,-0.43800,48.796,-0.876,-1,400.000,-1,375.000,-1,325.000,325.000,325.000,300.000,-1,625.000,800.000,-1,775.000,750.000,-1,-1,2,0,2,0,2,0,0,0,0,2,0,0,2,0,0,2,2
268,-3477.326,3679.751,145.557,-263.998,0,0.81327,-0.43800,48.796,-0.876,-1,400.000,-1,375.000,-1,325.000,325.000,325.000,300.000,-1,600.000,750.000,-1,775.000,750.000,-1,-1,2,0,2,0,2,0,0,0,0,2,0,0,2,0,0,2,2
269,-3481.686,3728.352,144.501,-264.874,0,0.81327,-0.43800,48.796,-0.876,-1,400.000,-1,400.000,-1,325.000,325.000,300.000,300.000,-1,575.000,700.000,-1,775.000,775.000,-1,-1,2,0,2,0,2,0,0,0,0,2,0,0,2,0,0,2,2
270,-3485.302,3777.014,143.449,-265.750,0,0.81327,-0.43800,48.796,-0.876,-1,400.000,-1,400.000,-1,325.000,325.000,300.000,300.000,-1,575.000,675.000,-1,800.000,775.000,-1,-1,2,0,2,0,2,0,0,0,0,2,0,0,2,0,0,2,2
271,-3488.175,3825.726,142.403,-266.626,0,0.81327,-0.43800,48.796,-0.876,-1,400.000,-1,400.000,-1,325.000,325.000,300.000,300.000,-1,550.000,650.000,-1,800.000,800.000,-1,-1,2,0,2,0,2,0,0,0,0,2,0,0,2,0,0,2,2
272,-3490.302,3874.476,141.365,-267.502,0,0.81327,-0.43800,48.796,-0.876,-1,400.000,-1,400.000,-1,325.000,325.000,300.000,300.000,-1,500.000,625.000,-1,825.000,800.000,-1,-1,2,0,2,0,2,0,0,0,0,2,0,0,2,0,0,2,2
273,-3491.731,3918.448,140.435,-268.138,0,0.73327,-0.31800,43.996,-0.636,-1,400.000,-1,400.000,-1,325.000,325.000,300.000,300.000,-1,450.000,575.000,-1,850.000,850.000,-1,-1,2,0,2,0,2,0,0,0,0,2,0,0,2,0,0,2,2
274,-3492.735,3957.632,139.750,-268.534,0,0.65327,-0.19800,39.196,-0.396,-1,400.000,-1,400.000,-1,325.000,325.000,300.000,300.000,-1,500.000,600.000,-1,875.000,850.000,-1,-1,2,0,2,0,2,0,0,0,0,2,0,0,2,0,0,2,2
275,-3493.521,3992.019,139.125,-268.690,0,0.57327,-0.07800,34.396,-0.156,-1,400.000,-1,400.000,-1,325.000,325.000,300.000,300.000,-1,550.000,675.000,-1,875.000,850.000,-1,-1,2,0,2,0,2,0,0,0,0,2,0,0,2,0,0,2,2
276,-3494.241,4021.606,138.584,-268.606,0,0.49327,0.04200,29.596,0.084,-1,400.000,-1,400.000,-1,325.000,325.000,300.000,300.000,-1,600.000,725.000,-1,875.000,875.000,-1,-1,2,0,2,0,2,0,0,0,0,2,0,0,2,0,0,2,2
277,-3494.985,4046.391,138.126,-268.282,0,0.41327,0.16200,24.796,0.324,-1,400.000,-1,400.000,-1,325.000,325.000,300.000,300.000,-1,650.000,800.000,-1,875.000,875.000,-1,-1,2,0,2,0,2,0,0,0,0,2,0,0,2,0,0,2,2
278,-3495.781,4066.372,137.751,-267.718,0,0.33327,0.28200,19.996,0.564,-1,400.000,-1,400.000,-1,325.000,325.000,300.000,300.000,-1,675.000,850.000,-1,900.000,875.000,-1,-1,2,0,2,0,2,0,0,0,0,2,0,0,2,0,0,2,2
279,-3496.599,4081.546,137.459,-266.914,0,0.25327,0.40200,15.196,0.804,-1,400.000,-1,400.000,-1,325.000,325.000,300.000,300.000,-1,725.000,875.000,-1,900.000,875.000,-1,-1,2,0,2,0,2,0,0,0,0,2,0,0,2,0,0,2,2
280,-3497.348,4091.915,137.254,-265.870,0,0.17327,0.52200,10.396,1.044,-1,400.000,-1,400.000,-1,325.000,325.000,300.000,300.000,-1,775.000,925.000,-1,900.000,875.000,-1,-1,2,0,2,0,2,0,0,0,0,2,0,0,2,0,0,2,2
281,-3497.876,4097.486,137.139,-264.586,0,0.09327,0.64200,5.596,1.284,-1,400.000,-1,400.000,-1,325.000,325.000,300.000,300.000,-1,825.000,950.000,-1,875.000,900.000,-1,-1,2,0,2,0,2,0,0,0,0,2,0,0,2,0,0,2,2
282,-3497.972,4098.277,137.121,-263.062,0,0.01327,0.76200,0.796,1.524,-1,400.000,-1,400.000,-1,325.000,325.000,300.000,300.000,-1,850.000,1000.000,-1,875.000,900.000,-1,-1,2,0,2,0,2,0,0,0,0,2,0,0,2,0,0,2,2
283,-3497.367,4094.319,137.206,-261.298,0,-0.06673,0.88200,-4.004,1.764,-1,400.000,-1,400.000,-1,325.000,325.000,300.000,300.000,-1,875.000,-1,-1,875.000,900.000,-1,-1,2,0,2,0,2,0,0,0,0,2,0,2,2,0,0,2,2
284,-3495.732,4085.668,137.403,-259.298,0,-0.14673,1.00000,-8.804,2.000,-1,400.000,-1,400.000,-1,325.000,325.000,300.000,300.000,-1,900.000,-1,-1,850.000,900.000,-1,-1,2,0,2,0,2,0,0,0,0,2,0,2,2,0,0,2,2
285,-3492.740,4072.397,137.720,-257.298,0,-0.22673,1.00000,-13.604,2.000,-1,400.000,-1,400.000,-1,325.000,325.000,300.000,300.000,-1,925.000,-1,-1,850.000,900.000,-1,-1,2,0,2,0,2,0,0,0,0,2,0,2,2,0,0,2,2
286,-3488.069,4054.596,138.163,-255.298,0,-0.30673,1.00000,-18.404,2.000,-1,400.000,-1,400.000,-1,325.000,325.000,300.000,300.000,-1,950.000,-1,-1,825.000,925.000,-1,-1,2,0,2,0,2,0,0,0,0,2,0,2,2,0,0,2,2
287,-3481.401,4032.371,138.738,-253.298,0,-0.38673,1.00000,-23.204,2.000,-1,400.000,-1,400.000,-1,325.000,325.000,300.000,300.000,-1,975.000,-1,-1,825.000,925.000,-1,-1,2,0,2,0,2,0,0,0,0,2,0,2,2,0,0,2,2
288,-3473.308,4008.464,139.273,-251.298,0,-0.42066,1.00000,-25.240,2.000,-1,400.000,-1,400.000,-1,325.000,325.000,300.000,300.000,-1,-1,-1,-1,800.000,900.000,-1,-1,2,0,2,0,2,0,0,0,0,2,2,2,2,0,0,2,2
289,-3464.385,3984.854,139.927,-249.298,0,-0.42066,1.00000,-25.240,2.000,-1,400.000,-1,400.000,-1,325.000,325.000,300.000,300.000,-1,-1,-1,-1,800.000,900.000,-1,-1,2,0,2,0,2,0,0,0,0,2,2,2,2,0,0,2,2
290,-3454.644,3961.570,140.685,-247.298,0,-0.42066,1.00000,-25.240,2.000,-1,400.000,-1,400.000,-1,325.000,325.000,300.000,300.000,-1,-1,-1,-1,800.000,900.000,-1,-1,2,0,2,0,2,0,0,0,0,2,2,2,2,0,0,2,2
291,-3444.096,3938.640,141.445,-245.298,0,-0.42066,1.00000,-25.240,2.000,-1,400.000,-1,400.000,-1,325.000,325.000,300.000,300.000,-1,-1,-1,-1,775.000,875.000,-1,-1,2,0,2,0,2,0,0,0,0,2,2,2,2,0,0,2,2
292,-3432.755,3916.092,142.205,-243.298,0,-0.42066,1.00000,-25.240,2.000,-1,400.000,-1,400.000,-1,325.000,325.000,300.000,300.000,-1,-1,-1,-1,775.000,875.000,-1,-1,2,0,2,0,2,0,0,0,0,2,2,2,2,0,0,2,2
293,-3420.633,3893.954,142.965,-241.298,0,-0.42066,1.00000,-25.240,2.000,-1,400.000,-1,400.000,-1,325.000,325.000,300.000,300.000,-1,-1,-1,-1,775.000,850.000,-1,-1,2,0,2,0,2,0,0,0,0,2,2,2,2,0,0,2,2
294,-3407.746,3872.252,143.724,-239.298,0,-0.42066,1.00000,-25.240,2.000,-1,400.000,-1,400.000,-1,325.000,325.000,300.000,300.000,-1,-1,-1,-1,775.000,825.000,-1,-1,2,0,2,0,2,0,0,0,0,2,2,2,2,0,0,2,2
295,-3394.110,3851.013,144.453,-237.298,0,-0.42066,1.00000,-25.240,2.000,-1,400.000,-1,400.000,-1,325.000,325.000,300.000,300.000,-1,-1,-1,-1,775.000,825.000,-1,-1,2,0,2,0,2,0,0,0,0,2,2,2,2,0,0,2,2
296,-3382.479,3834.205,144.995,-235.317,0,-0.34066,0.99031,-20.440,1.981,-1,400.000,-1,400.000,-1,325.000,325.000,300.000,300.000,-1,-1,-1,-1,775.000,800.000,-1,-1,2,0,2,0,2,0,0,0,0,2,2,2,2,0,0,2,2
297,-3373.140,3821.660,145.406,-233.336,0,-0.26066,0.99031,-15.640,1.981,-1,400.000,-1,400.000,-1,325.000,325.000,300.000,300.000,-1,-1,-1,-1,750.000,800.000,-1,-1,2,0,2,0,2,0,0,0,0,2,2,2,2,0,0,2,2
298,-3366.371,3813.193,145.685,-231.356,0,-0.18066,0.99031,-10.840,1.981,-1,400.000,-1,400.000,-1,325.000,325.000,300.000,300.000,-1,-1,-1,-1,750.000,800.000,-1,-1,2,0,2,0,2,0,0,0,0,2,2,2,2,0,0,2,2
299,-3362.439,3808.609,145.831,-229.375,0,-0.10066,0.99031,-6.040,1.981,-1,400.000,-1,400.000,-1,325.000,325.000,300.000,300.000,-1,-1,-1,-1,750.000,800.000,-1,-1,2,0,2,0,2,0,0,0,0,2,2,2,2,0,0,2,2
