timestep,x_cm,y_cm,z_cm,yaw_deg,teleport_flag,throttle_cmd,steering_cmd,cmd_move_cm,cmd_turn_deg,lidar_cm_0,lidar_cm_1,lidar_cm_2,lidar_cm_3,lidar_cm_4,lidar_cm_5,lidar_cm_6,lidar_cm_7,lidar_cm_8,lidar_cm_9,lidar_cm_10,lidar_cm_11,lidar_cm_12,lidar_cm_13,lidar_cm_14,lidar_cm_15,lidar_cm_16,lidar_class_0,lidar_class_1,lidar_class_2,lidar_class_3,lidar_class_4,lidar_class_5,lidar_class_6,lidar_class_7,lidar_class_8,lidar_class_9,lidar_class_10,lidar_class_11,lidar_class_12,lidar_class_13,lidar_class_14,lidar_class_15,lidar_class_16
0,-984.823,9506.307,-118.970,-101.108,1,0.08000,-0.12000,4.800,-0.240,-1,400.000,-1,400.000,-1,325.000,325.000,300.000,300.000,900.000,-1,-1,-1,750.000,775.000,-1,-1,2,0,2,0,2,0,0,0,0,1,2,2,2,0,0,2,2
1,-986.716,9496.895,-119.034,-101.370,0,0.16000,-0.13129,9.600,-0.263,-1,400.000,-1,400.000,-1,325.000,325.000,300.000,300.000,900.000,-1,-1,-1,750.000,775.000,-1,-1,2,0,2,0,2,0,0,0,0,1,2,2,2,0,0,2,2
2,-989.620,9482.791,-119.130,-101.638,0,0.24000,-0.13381,14.400,-0.268,-1,400.000,-1,400.000,-1,325.000,325.000,300.000,300.000,900.000,-1,-1,-1,775.000,775.000,-1,-1,2,0,2,0,2,0,0,0,0,1,2,2,2,0,0,2,2
3,-993.584,9464.005,-119.259,-101.913,0,0.32000,-0.13764,19.200,-0.275,-1,400.000,-1,400.000,-1,325.000,325.000,300.000,300.000,925.000,-1,-1,-1,775.000,775.000,-1,-1,2,0,2,0,2,0,0,0,0,1,2,2,2,0,0,2,2
4,-998.655,9440.547,-119.422,-102.199,0,0.40000,-0.14284,24.000,-0.286,-1,400.000,-1,400.000,-1,325.000,325.000,300.000,300.000,925.000,-1,-1,-1,775.000,775.000,-1,-1,2,0,2,0,2,0,0,0,0,1,2,2,2,0,0,2,2
5,-1004.887,9412.429,-119.621,-102.498,0,0.48000,-0.14946,28.800,-0.299,-1,400.000,-1,400.000,-1,325.000,325.000,300.000,300.000,950.000,-1,-1,-1,775.000,775.000,-1,-1,2,0,2,0,2,0,0,0,0,1,2,2,2,0,0,2,2
6,-1012.339,9379.666,-119.857,-102.813,0,0.56000,-0.15757,33.600,-0.315,-1,400.000,-1,400.000,-1,325.000,325.000,300.000,300.000,975.000,-1,-1,-1,775.000,775.000,-1,-1,2,0,2,0,2,0,0,0,0,1,2,2,2,0,0,2,2
7,-1021.073,9342.272,-120.132,-103.147,0,0.64000,-0.16725,38.400,-0.335,-1,400.000,-1,400.000,-1,325.000,325.000,300.000,300.000,1000.000,-1,-1,-1,775.000,775.000,-1,-1,2,0,2,0,2,0,0,0,0,1,2,2,2,0,0,2,2
8,-1031.161,9300.267,-120.447,-103.504,0,0.72000,-0.17859,43.200,-0.357,-1,400.000,-1,400.000,-1,325.000,325.000,300.000,300.000,-1,-1,-1,-1,775.000,800.000,-1,-1,2,0,2,0,2,0,0,0,0,2,2,2,2,0,0,2,2
9,-1042.582,9254.075,-120.788,-103.888,0,0.79305,-0.19166,47.583,-0.383,-1,400.000,-1,400.000,-1,325.000,325.000,300.000,300.000,-1,-1,-1,-1,775.000,800.000,-1,-1,2,0,2,0,2,0,0,0,0,2,2,2,2,0,0,2,2
10,-1054.403,9207.703,-121.105,-104.301,0,0.79758,-0.20642,47.855,-0.413,-1,400.000,-1,400.000,-1,325.000,325.000,300.000,300.000,-1,-1,-1,-1,775.000,800.000,-1,-1,2,0,2,0,2,0,0,0,0,2,2,2,2,0,0,2,2
11,-1066.662,9161.117,-121.445,-104.744,0,0.80286,-0.22163,48.172,-0.443,-1,400.000,-1,400.000,-1,325.000,325.000,300.000,300.000,-1,-1,-1,-1,775.000,775.000,-1,-1,2,0,2,0,2,0,0,0,0,2,2,2,2,0,0,2,2
12,-1079.402,9114.286,-121.818,-105.218,0,0.80888,-0.23729,48.533,-0.475,-1,400.000,-1,400.000,-1,325.000,325.000,300.000,300.000,-1,-1,-1,-1,775.000,775.000,-1,-1,2,0,2,0,2,0,0,0,0,2,2,2,2,0,1,2,2
13,-1092.665,9067.181,-122.235,-105.725,0,0.81561,-0.25341,48.937,-0.507,-1,400.000,-1,400.000,-1,325.000,325.000,300.000,300.000,-1,-1,-1,-1,775.000,775.000,-1,-1,2,0,2,0,2,0,0,0,0,2,2,2,2,0,1,2,2
14,-1106.497,9019.774,-122.677,-106.265,0,0.82307,-0.26999,49.384,-0.540,-1,400.000,-1,400.000,-1,325.000,325.000,300.000,300.000,-1,-1,-1,-1,775.000,750.000,-1,-1,2,0,2,0,2,0,0,0,0,2,2,2,2,0,1,2,2
15,-1120.945,8972.039,-123.142,-106.839,0,0.83123,-0.28703,49.874,-0.574,-1,400.000,-1,400.000,-1,325.000,325.000,300.000,300.000,-1,-1,-1,-1,775.000,750.000,-1,1000.000,2,0,2,0,2,0,0,0,0,2,2,2,2,0,1,2,1
16,-1137.176,8921.034,-123.668,-107.653,0,0.89208,-0.40703,53.525,-0.814,-1,400.000,-1,400.000,1000.000,325.000,325.000,300.000,300.000,-1,-1,-1,-1,775.000,725.000,-1,950.000,2,0,2,0,1,0,0,0,0,2,2,2,2,0,1,2,1
17,-1154.810,8868.124,-124.205,-108.432,0,0.92952,-0.38914,55.771,-0.778,-1,400.000,-1,400.000,950.000,325.000,325.000,300.000,300.000,-1,-1,-1,-1,775.000,700.000,-1,900.000,2,0,2,0,1,0,0,0,0,2,2,2,2,0,1,2,1
18,-1173.440,8814.747,-124.765,-109.240,0,0.94225,-0.40429,56.535,-0.809,-1,400.000,-1,400.000,900.000,325.000,325.000,300.000,300.000,-1,-1,-1,-1,750.000,675.000,-1,850.000,2,0,2,0,1,0,0,0,0,2,2,2,2,0,1,2,1
19,-1193.124,8760.898,-125.361,-110.080,0,0.95556,-0.41984,57.334,-0.840,-1,400.000,-1,400.000,850.000,325.000,325.000,300.000,300.000,-1,-1,-1,-1,750.000,650.000,-1,800.000,2,0,2,0,1,0,0,0,0,2,2,2,2,0,1,2,1
20,-1213.924,8706.576,-125.996,-110.951,0,0.96946,-0.43577,58.168,-0.872,-1,400.000,-1,400.000,775.000,325.000,325.000,300.000,300.000,-1,-1,-1,-1,750.000,625.000,-1,725.000,2,0,2,1,1,0,0,0,0,2,2,2,2,0,1,2,1
21,-1235.901,8651.783,-126.678,-111.856,0,0.98393,-0.45211,59.036,-0.904,-1,400.000,-1,400.000,725.000,325.000,325.000,300.000,300.000,-1,-1,-1,-1,750.000,600.000,-1,675.000,2,0,2,1,1,0,0,0,0,2,2,2,2,0,1,2,1
22,-1259.122,8596.526,-127.431,-112.793,0,0.99897,-0.46885,59.938,-0.938,-1,400.000,-1,375.000,675.000,325.000,325.000,300.000,300.000,-1,-1,-1,-1,750.000,550.000,-1,625.000,2,0,2,1,1,0,0,0,0,2,2,2,2,0,1,2,1
23,-1283.285,8541.606,-128.218,-113.748,0,1.00000,-0.47740,60.000,-0.955,-1,400.000,-1,375.000,600.000,325.000,325.000,300.000,300.000,-1,-1,-1,-1,750.000,525.000,-1,575.000,2,0,2,1,1,0,0,0,0,2,2,2,2,0,1,2,1
24,-1308.364,8487.099,-128.787,-114.708,0,1.00000,-0.48003,60.000,-0.960,-1,400.000,-1,350.000,550.000,325.000,325.000,300.000,300.000,-1,-1,-1,-1,750.000,500.000,-1,500.000,2,0,2,1,1,0,0,0,0,2,2,2,2,0,1,2,1
25,-1334.359,8433.023,-129.356,-115.674,0,1.00000,-0.48269,60.000,-0.965,-1,400.000,-1,325.000,500.000,325.000,300.000,300.000,300.000,-1,-1,-1,-1,750.000,475.000,-1,450.000,2,0,2,1,1,0,1,0,0,2,2,2,2,0,1,2,1
26,-1361.266,8379.394,-129.931,-116.644,0,1.00000,-0.48540,60.000,-0.971,-1,400.000,-1,325.000,450.000,325.000,300.000,300.000,300.000,-1,-1,-1,-1,750.000,425.000,-1,400.000,2,0,2,1,1,0,1,0,0,2,2,2,2,0,1,2,1
27,-1389.083,8326.232,-129.538,-117.621,0,1.00000,-0.48817,60.000,-0.976,-1,400.000,-1,300.000,400.000,325.000,275.000,300.000,300.000,-1,-1,-1,-1,750.000,400.000,-1,375.000,2,0,2,1,1,0,1,0,0,2,2,2,2,0,1,2,1
28,-1417.807,8273.554,-128.703,-118.603,0,1.00000,-0.49103,60.000,-0.982,-1,400.000,1000.000,300.000,375.000,325.000,275.000,300.000,300.000,-1,-1,-1,-1,775.000,400.000,-1,350.000,2,0,1,1,1,1,1,0,0,2,2,2,2,0,1,2,1
29,-1447.435,8221.380,-127.435,-119.591,0,1.00000,-0.49400,60.000,-0.988,-1,425.000,950.000,275.000,325.000,325.000,250.000,300.000,325.000,-1,650.000,875.000,-1,750.000,375.000,-1,300.000,2,0,1,1,1,1,1,0,0,2,0,0,2,1,1,2,1
30,-1477.964,8169.728,-125.726,-120.585,0,1.00000,-0.49712,60.000,-0.994,-1,425.000,950.000,275.000,300.000,300.000,250.000,300.000,350.000,-1,375.000,550.000,-1,700.000,350.000,-1,275.000,2,1,1,1,1,1,1,0,0,2,0,0,2,1,1,2,1
31,-1507.303,8121.549,-123.688,-121.339,0,0.94015,-0.37712,56.409,-0.754,1000.000,400.000,975.000,250.000,300.000,275.000,225.000,275.000,375.000,-1,250.000,400.000,-1,675.000,325.000,1000.000,275.000,1,1,1,1,1,1,1,0,0,2,0,0,2,1,1,1,1
32,-1537.260,8073.334,-121.195,-121.854,0,0.94606,-0.25712,56.764,-0.514,950.000,375.000,-1,250.000,275.000,275.000,225.000,275.000,400.000,875.000,175.000,325.000,-1,675.000,325.000,975.000,250.000,1,1,2,1,1,1,1,0,0,0,0,0,2,1,1,1,1
33,-1567.621,8024.985,-118.230,-122.128,0,0.95152,-0.13712,57.091,-0.274,900.000,375.000,-1,225.000,250.000,275.000,225.000,275.000,425.000,675.000,125.000,275.000,-1,675.000,300.000,925.000,225.000,1,1,2,1,1,1,1,0,0,0,0,0,2,1,1,1,1
34,-1598.167,7976.408,-114.763,-122.162,0,0.95638,-0.01712,57.383,-0.034,875.000,375.000,-1,225.000,225.000,275.000,200.000,250.000,475.000,550.000,75.000,225.000,-1,675.000,275.000,875.000,200.000,1,1,2,1,1,1,1,0,0,0,0,0,2,1,1,1,1
35,-6887.288,6887.288,-286.656,-65.023,1,0.00000,0.00000,57.625,0.206,-1,400.000,-1,400.000,-1,325.000,325.000,300.000,300.000,-1,-1,-1,-1,750.000,725.000,-1,-1,2,0,2,0,2,0,0,0,0,2,2,2,2,0,0,2,2
36,-6885.243,6882.946,-286.546,-64.783,0,0.08000,0.12000,4.800,0.240,-1,400.000,-1,400.000,-1,325.000,325.000,300.000,300.000,-1,-1,-1,-1,750.000,725.000,-1,-1,2,0,2,0,2,0,0,0,0,2,2,2,2,0,0,2,2
37,-6881.080,6874.295,-286.324,-64.303,0,0.16000,0.24000,9.600,0.480,-1,400.000,-1,375.000,-1,325.000,325.000,300.000,300.000,-1,-1,-1,-1,750.000,725.000,-1,-1,2,0,2,0,2,0,0,0,0,2,2,2,2,0,0,2,2
38,-6874.674,6861.399,-285.991,-63.583,0,0.24000,0.36000,14.400,0.720,-1,400.000,-1,375.000,-1,325.000,325.000,300.000,300.000,-1,-1,-1,-1,750.000,725.000,-1,-1,2,0,2,0,2,0,0,0,0,2,2,2,2,0,0,2,2
39,-6865.913,6844.314,-285.538,-62.853,0,0.32000,0.36534,19.200,0.731,-1,400.000,-1,375.000,-1,325.000,325.000,300.000,300.000,-1,-1,-1,-1,750.000,725.000,-1,-1,2,0,2,0,2,0,0,0,0,2,2,2,2,0,0,2,2
40,-6854.691,6823.099,-284.968,-62.122,0,0.40000,0.36529,24.000,0.731,-1,400.000,-1,375.000,1000.000,325.000,325.000,300.000,300.000,-1,-1,-1,-1,750.000,725.000,-1,-1,2,0,2,0,1,0,0,0,0,2,2,2,2,0,0,2,2
41,-6840.901,6797.815,-284.279,-61.391,0,0.48000,0.36523,28.800,0.730,-1,400.000,-1,375.000,975.000,325.000,325.000,300.000,300.000,-1,-1,-1,-1,750.000,725.000,-1,-1,2,0,2,0,1,0,0,0,0,2,2,2,2,0,0,2,2
42,-6824.438,6768.525,-283.458,-60.661,0,0.56000,0.36512,33.600,0.730,-1,400.000,-1,375.000,950.000,325.000,325.000,300.000,300.000,-1,-1,-1,-1,750.000,725.000,-1,-1,2,0,2,0,1,0,0,0,0,2,2,2,2,0,0,2,2
43,-6805.198,6735.293,-282.497,-59.931,0,0.64000,0.36495,38.400,0.730,-1,400.000,-1,375.000,900.000,325.000,325.000,300.000,300.000,-1,-1,-1,-1,750.000,725.000,-1,1000.000,2,0,2,0,1,0,0,0,0,2,2,2,2,0,0,2,1
44,-6783.079,6698.185,-281.300,-59.202,0,0.72000,0.36468,43.200,0.729,-1,400.000,-1,375.000,875.000,325.000,325.000,300.000,300.000,-1,-1,-1,-1,750.000,725.000,-1,975.000,2,0,2,0,1,0,0,0,0,2,2,2,2,0,0,2,1
45,-6757.980,6657.270,-279.977,-58.473,0,0.80000,0.36427,48.000,0.729,-1,400.000,-1,375.000,850.000,325.000,325.000,300.000,300.000,-1,-1,-1,-1,750.000,725.000,-1,950.000,2,0,2,0,1,0,0,0,0,2,2,2,2,0,0,2,1
46,-6730.465,6613.667,-278.490,-57.746,0,0.85932,0.36368,51.559,0.727,-1,400.000,-1,375.000,800.000,325.000,325.000,300.000,300.000,-1,-1,-1,-1,750.000,725.000,-1,950.000,2,0,2,0,1,0,0,0,0,2,2,2,2,0,0,2,1
47,-6702.464,6570.516,-276.950,-57.020,0,0.85732,0.36287,51.439,0.726,-1,400.000,-1,375.000,775.000,325.000,325.000,300.000,300.000,-1,-1,-1,-1,750.000,725.000,-1,950.000,2,0,2,0,1,0,0,0,0,2,2,2,2,0,1,2,1
48,-6673.985,6527.819,-275.434,-56.297,0,0.85540,0.36188,51.324,0.724,-1,400.000,-1,375.000,750.000,325.000,325.000,300.000,300.000,-1,-1,-1,-1,750.000,700.000,-1,950.000,2,0,2,0,1,0,0,0,0,2,2,2,2,0,1,2,1
49,-6645.032,6485.574,-273.941,-55.575,0,0.85357,0.36071,51.214,0.721,-1,400.000,-1,375.000,725.000,325.000,325.000,300.000,300.000,-1,-1,-1,-1,750.000,700.000,-1,-1,2,0,2,0,1,0,0,0,0,2,2,2,2,0,1,2,2
50,-6615.612,6443.780,-272.320,-54.856,0,0.85184,0.35938,51.110,0.719,-1,400.000,-1,375.000,700.000,325.000,325.000,300.000,300.000,-1,-1,-1,-1,750.000,700.000,-1,-1,2,0,2,0,1,0,0,0,0,2,2,2,2,0,1,2,2
51,-6585.729,6402.436,-270.662,-54.141,0,0.85022,0.35787,51.013,0.716,-1,400.000,-1,375.000,675.000,325.000,325.000,300.000,300.000,-1,-1,-1,-1,750.000,725.000,-1,-1,2,0,2,0,1,0,0,0,0,2,2,2,2,0,1,2,2
52,-6552.696,6357.525,-268.885,-53.665,0,0.92919,0.23787,55.751,0.476,-1,400.000,-1,400.000,675.000,325.000,325.000,300.000,300.000,-1,-1,-1,-1,750.000,750.000,-1,-1,2,0,2,0,1,0,0,0,0,2,2,2,2,0,0,2,2
53,-6519.380,6312.770,-267.079,-53.336,0,0.92989,0.16435,55.793,0.329,-1,400.000,-1,400.000,650.000,325.000,325.000,300.000,300.000,-1,-1,-1,-1,775.000,750.000,-1,-1,2,0,2,0,1,0,0,0,0,2,2,2,2,0,0,2,2
54,-6485.810,6268.183,-265.197,-53.023,0,0.93020,0.15676,55.812,0.314,-1,400.000,-1,400.000,650.000,325.000,325.000,300.000,300.000,-1,-1,-1,-1,775.000,750.000,-1,-1,2,0,2,0,1,0,0,0,0,2,2,2,2,0,0,2,2
55,-6452.017,6223.783,-263.319,-52.725,0,0.92995,0.14890,55.797,0.298,-1,400.000,-1,400.000,675.000,325.000,325.000,300.000,300.000,-1,-1,-1,-1,775.000,750.000,-1,-1,2,0,2,0,1,0,0,0,0,2,2,2,2,0,0,2,2
56,-6418.037,6179.591,-261.487,-52.443,0,0.92910,0.14077,55.746,0.282,-1,400.000,-1,400.000,775.000,325.000,325.000,300.000,300.000,-1,-1,-1,-1,775.000,750.000,-1,-1,2,0,2,0,1,0,0,0,0,2,2,2,2,0,0,2,2
57,-6383.907,6135.624,-259.701,-52.179,0,0.92765,0.13242,55.659,0.265,-1,400.000,-1,400.000,-1,325.000,325.000,300.000,300.000,-1,-1,-1,-1,775.000,750.000,-1,-1,2,0,2,0,2,0,0,0,0,2,2,2,2,0,0,2,2
58,-6349.663,6091.903,-257.821,-51.931,0,0.92559,0.12387,55.535,0.248,-1,400.000,-1,400.000,-1,325.000,325.000,300.000,300.000,-1,-1,-1,-1,800.000,775.000,-1,-1,2,0,2,0,2,0,0,0,0,2,2,2,2,0,0,2,2
59,-6315.343,6048.446,-255.965,-51.701,0,0.92291,0.11516,55.375,0.230,-1,400.000,-1,400.000,-1,325.000,325.000,300.000,300.000,-1,-1,-1,-1,775.000,775.000,-1,-1,2,0,2,0,2,0,0,0,0,2,2,2,2,0,0,2,2
60,-6280.985,6005.270,-254.159,-51.488,0,0.91963,0.10633,55.178,0.213,-1,400.000,-1,400.000,-1,325.000,325.000,300.000,300.000,-1,-1,-1,-1,775.000,775.000,-1,-1,2,0,2,0,2,0,0,0,0,2,2,2,2,0,0,2,2
61,-6246.625,5962.393,-252.374,-51.293,0,0.91577,0.09745,54.946,0.195,-1,400.000,-1,400.000,-1,325.000,325.000,300.000,300.000,-1,-1,-1,-1,775.000,775.000,-1,-1,2,0,2,0,2,0,0,0,0,2,2,2,2,0,0,2,2
62,-6214.970,5923.500,-250.678,-50.858,0,0.83577,0.21745,50.146,0.435,-1,400.000,-1,400.000,-1,325.000,325.000,300.000,300.000,-1,-1,-1,-1,775.000,775.000,-1,-1,2,0,2,0,2,0,0,0,1,2,2,2,2,0,0,2,2
63,-6185.933,5888.669,-249.159,-50.183,0,0.75577,0.33745,45.346,0.675,-1,400.000,-1,400.000,-1,325.000,325.000,300.000,275.000,-1,-1,-1,-1,775.000,775.000,-1,-1,2,0,2,0,2,0,0,0,1,2,2,2,2,0,0,2,2
64,-6159.476,5857.944,-247.835,-49.268,0,0.67577,0.45745,40.546,0.915,-1,400.000,-1,400.000,-1,325.000,325.000,300.000,275.000,-1,-1,-1,-1,775.000,800.000,-1,-1,2,0,2,0,2,0,0,0,1,2,2,2,2,0,0,2,2
65,-6135.609,5831.332,-246.695,-48.113,0,0.59577,0.57745,35.746,1.155,-1,400.000,-1,400.000,-1,325.000,325.000,300.000,250.000,-1,-1,-1,-1,775.000,800.000,-1,-1,2,0,2,0,2,0,0,0,1,2,2,2,2,0,0,2,2
66,-6114.456,5808.745,-245.715,-46.878,0,0.51577,0.61775,30.946,1.235,-1,400.000,-1,400.000,-1,325.000,325.000,300.000,250.000,-1,-1,-1,-1,775.000,800.000,-1,-1,2,0,2,0,2,0,0,0,1,2,2,2,2,0,0,2,2
67,-6096.176,5790.050,-244.847,-45.643,0,0.43577,0.61717,26.146,1.234,-1,400.000,-1,400.000,-1,325.000,325.000,300.000,250.000,-1,-1,-1,-1,775.000,800.000,-1,-1,2,0,2,0,2,0,0,0,1,2,2,2,2,0,0,2,2
68,-6080.927,5775.112,-244.150,-44.410,0,0.35577,0.61688,21.346,1.234,-1,400.000,-1,400.000,-1,325.000,325.000,300.000,250.000,-1,-1,-1,-1,775.000,800.000,-1,-1,2,0,2,0,2,0,0,0,1,2,2,2,2,0,0,2,2
69,-6068.861,5763.790,-243.619,-43.176,0,0.27577,0.61678,16.546,1.234,-1,400.000,-1,400.000,-1,325.000,325.000,300.000,250.000,-1,-1,-1,-1,775.000,800.000,-1,-1,2,0,2,0,2,0,0,0,1,2,2,2,2,0,0,2,2
70,-6060.124,5755.939,-243.247,-41.943,0,0.19577,0.61680,11.746,1.234,-1,400.000,-1,400.000,-1,325.000,325.000,300.000,250.000,-1,-1,-1,-1,775.000,800.000,-1,-1,2,0,2,0,2,0,0,0,1,2,2,2,2,0,0,2,2
71,-6054.858,5751.408,-243.030,-40.709,0,0.11577,0.61688,6.946,1.234,-1,400.000,-1,400.000,-1,325.000,325.000,300.000,250.000,-1,-1,-1,-1,775.000,800.000,-1,-1,2,0,2,0,2,0,0,0,1,2,2,2,2,0,0,2,2
72,-6053.201,5750.044,-242.965,-39.475,0,0.03577,0.61697,2.146,1.234,-1,400.000,-1,400.000,-1,325.000,325.000,300.000,250.000,-1,-1,-1,-1,775.000,800.000,-1,-1,2,0,2,0,2,0,0,0,1,2,2,2,2,0,0,2,2
73,-6055.285,5751.686,-243.051,-38.241,0,-0.04423,0.61700,-2.654,1.234,-1,400.000,-1,400.000,-1,325.000,325.000,300.000,250.000,-1,-1,-1,-1,775.000,800.000,-1,-1,2,0,2,0,2,0,0,0,1,2,2,2,2,0,0,2,2
74,-6061.237,5756.173,-243.286,-37.007,0,-0.12423,0.61695,-7.454,1.234,-1,400.000,-1,400.000,-1,325.000,325.000,300.000,250.000,-1,-1,-1,-1,775.000,800.000,-1,-1,2,0,2,0,2,0,0,0,1,2,2,2,2,0,0,2,2
75,-6071.179,5763.336,-243.671,-35.773,0,-0.20423,0.61678,-12.254,1.234,-1,400.000,-1,400.000,-1,325.000,325.000,300.000,250.000,-1,-1,-1,-1,775.000,800.000,-1,-1,2,0,2,0,2,0,0,0,1,2,2,2,2,0,0,2,2
76,-6085.227,5773.005,-244.206,-34.540,0,-0.28423,0.61649,-17.054,1.233,-1,400.000,-1,400.000,-1,325.000,325.000,300.000,250.000,-1,-1,-1,-1,775.000,800.000,-1,-1,2,0,2,0,2,0,0,0,1,2,2,2,2,0,0,2,2
77,-6103.490,5785.006,-244.894,-33.308,0,-0.36423,0.61605,-21.854,1.232,-1,400.000,-1,400.000,-1,325.000,325.000,300.000,250.000,-1,-1,-1,-1,750.000,800.000,-1,-1,2,0,2,0,2,0,0,0,1,2,2,2,2,0,0,2,2
78,-6122.562,5796.959,-245.553,-32.077,0,-0.37514,0.61548,-22.509,1.231,-1,400.000,-1,400.000,-1,325.000,325.000,300.000,250.000,-1,-1,-1,-1,750.000,800.000,-1,-1,2,0,2,0,2,0,0,0,1,2,2,2,2,0,0,2,2
79,-6141.908,5808.513,-246.188,-30.848,0,-0.37555,0.61488,-22.533,1.230,-1,400.000,-1,400.000,-1,325.000,325.000,300.000,250.000,-1,-1,-1,-1,750.000,800.000,-1,-1,2,0,2,0,2,0,0,0,1,2,2,2,2,0,0,2,2
80,-6157.287,5817.341,-246.689,-29.858,0,-0.29555,0.49488,-17.733,0.990,-1,400.000,-1,400.000,-1,325.000,325.000,300.000,250.000,-1,-1,-1,-1,750.000,800.000,-1,-1,2,0,2,0,2,0,0,0,1,2,2,2,2,0,0,2,2
81,-6168.586,5823.633,-247.054,-29.108,0,-0.21555,0.37488,-12.933,0.750,-1,400.000,-1,400.000,-1,325.000,325.000,300.000,250.000,-1,-1,-1,-1,750.000,800.000,-1,-1,2,0,2,0,2,0,0,0,1,2,2,2,2,0,0,2,2
82,-6175.727,5827.526,-247.283,-28.598,0,-0.13555,0.25488,-8.133,0.510,-1,400.000,-1,400.000,-1,325.000,325.000,300.000,250.000,-1,-1,-1,-1,750.000,800.000,-1,-1,2,0,2,0,2,0,0,0,1,2,2,2,2,0,0,2,2
83,-6178.660,5829.107,-247.377,-28.329,0,-0.05555,0.13488,-3.333,0.270,-1,400.000,-1,400.000,-1,325.000,325.000,300.000,250.000,-1,-1,-1,-1,750.000,800.000,-1,-1,2,0,2,0,2,0,0,0,1,2,2,2,2,0,0,2,2
84,-6177.368,5828.411,-247.333,-28.299,0,0.02445,0.01488,1.467,0.030,-1,400.000,-1,400.000,-1,325.000,325.000,300.000,250.000,-1,-1,-1,-1,750.000,800.000,-1,-1,2,0,2,0,2,0,0,0,1,2,2,2,2,0,0,2,2
85,-6171.861,5825.420,-247.154,-28.509,0,0.10445,-0.10512,6.267,-0.210,-1,400.000,-1,400.000,-1,325.000,325.000,300.000,250.000,-1,-1,-1,-1,750.000,800.000,-1,-1,2,0,2,0,2,0,0,0,1,2,2,2,2,0,0,2,2
86,-6162.178,5820.062,-246.837,-28.959,0,0.18445,-0.22512,11.067,-0.450,-1,400.000,-1,400.000,-1,325.000,325.000,300.000,250.000,-1,-1,-1,-1,750.000,800.000,-1,-1,2,0,2,0,2,0,0,0,1,2,2,2,2,0,0,2,2
87,-6148.388,5812.212,-246.385,-29.650,0,0.26445,-0.34512,15.867,-0.690,-1,400.000,-1,400.000,-1,325.000,325.000,300.000,250.000,-1,-1,-1,-1,750.000,800.000,-1,-1,2,0,2,0,2,0,0,0,1,2,2,2,2,0,0,2,2
88,-6130.552,5801.770,-245.795,-30.347,0,0.34445,-0.34855,20.667,-0.697,-1,400.000,-1,400.000,-1,325.000,325.000,300.000,250.000,-1,-1,-1,-1,750.000,800.000,-1,-1,2,0,2,0,2,0,0,0,1,2,2,2,2,0,0,2,2
89,-6108.733,5788.637,-245.069,-31.043,0,0.42445,-0.34798,25.467,-0.696,-1,400.000,-1,400.000,-1,325.000,325.000,300.000,250.000,-1,-1,-1,-1,750.000,800.000,-1,-1,2,0,2,0,2,0,0,0,1,2,2,2,2,0,0,2,2
90,-6082.991,5772.716,-244.161,-31.737,0,0.50445,-0.34725,30.267,-0.695,-1,400.000,-1,400.000,-1,325.000,325.000,300.000,275.000,-1,-1,-1,-1,750.000,800.000,-1,-1,2,0,2,0,2,0,0,0,1,2,2,2,2,0,0,2,2
91,-6053.393,5753.911,-243.084,-32.430,0,0.58445,-0.34633,35.067,-0.693,-1,400.000,-1,400.000,-1,325.000,325.000,300.000,275.000,-1,-1,-1,-1,750.000,800.000,-1,-1,2,0,2,0,2,0,0,0,1,2,2,2,2,0,0,2,2
92,-6020.003,5732.127,-241.881,-33.120,0,0.66445,-0.34518,39.867,-0.690,-1,400.000,-1,400.000,-1,325.000,325.000,300.000,275.000,-1,-1,-1,-1,750.000,800.000,-1,-1,2,0,2,0,2,0,0,0,1,2,2,2,2,0,0,2,2
93,-5982.888,5707.274,-240.535,-33.808,0,0.74445,-0.34376,44.667,-0.688,-1,400.000,-1,400.000,-1,325.000,325.000,300.000,300.000,-1,-1,-1,-1,750.000,800.000,-1,-1,2,0,2,0,2,0,0,0,1,2,2,2,2,0,0,2,2
94,-5942.117,5679.262,-239.022,-34.492,0,0.82445,-0.34200,49.467,-0.684,-1,400.000,-1,400.000,-1,325.000,325.000,300.000,300.000,-1,-1,-1,-1,750.000,800.000,-1,-1,2,0,2,0,2,0,0,0,0,2,2,2,2,0,0,2,2
95,-5905.595,5653.546,-237.688,-35.150,0,0.74445,-0.32902,44.667,-0.658,-1,400.000,-1,400.000,-1,325.000,325.000,300.000,300.000,-1,-1,-1,-1,750.000,775.000,-1,-1,2,0,2,0,2,0,0,0,0,2,2,2,2,0,0,2,2
96,-5871.964,5629.288,-236.477,-35.804,0,0.69111,-0.32690,41.467,-0.654,-1,400.000,-1,400.000,-1,325.000,325.000,300.000,300.000,-1,-1,-1,-1,750.000,775.000,-1,-1,2,0,2,0,2,0,0,0,0,2,2,2,2,0,0,2,2
97,-5838.704,5604.718,-235.296,-36.453,0,0.68919,-0.32480,41.351,-0.650,-1,400.000,-1,400.000,-1,325.000,325.000,300.000,300.000,-1,-1,-1,-1,750.000,775.000,-1,-1,2,0,2,0,2,0,0,0,0,2,2,2,2,0,0,2,2
98,-5805.805,5579.839,-234.122,-37.098,0,0.68745,-0.32257,41.247,-0.645,-1,400.000,-1,400.000,-1,325.000,325.000,300.000,300.000,-1,-1,-1,-1,750.000,775.000,-1,-1,2,0,2,0,2,0,0,0,0,2,2,2,2,0,0,2,2
99,-5773.261,5554.650,-232.942,-37.739,0,0.68589,-0.32022,41.154,-0.640,-1,400.000,-1,400.000,-1,325.000,325.000,300.000,300.000,-1,-1,-1,-1,750.000,775.000,-1,-1,2,0,2,0,2,0,0,0,0,2,2,2,2,0,0,2,2
100,-5741.062,5529.153,-231.748,-38.374,0,0.68453,-0.31776,41.072,-0.636,-1,400.000,-1,400.000,-1,325.000,325.000,300.000,300.000,-1,-1,-1,-1,725.000,775.000,-1,-1,2,0,2,0,2,0,0,0,0,2,2,2,2,0,0,2,2
101,-5709.201,5503.348,-230.585,-39.005,0,0.68334,-0.31519,41.000,-0.630,-1,400.000,-1,400.000,-1,325.000,325.000,300.000,300.000,-1,-1,-1,900.000,725.000,775.000,-1,-1,2,0,2,0,2,0,0,0,0,2,2,2,1,0,0,2,2
102,-5677.669,5477.236,-229.452,-39.630,0,0.68233,-0.31251,40.940,-0.625,-1,400.000,-1,400.000,-1,325.000,325.000,300.000,300.000,-1,-1,-1,850.000,725.000,775.000,-1,-1,2,0,2,0,2,0,0,0,0,2,2,2,1,0,0,2,2
103,-5646.460,5450.816,-228.289,-40.249,0,0.68150,-0.30974,40.890,-0.619,-1,400.000,-1,400.000,-1,325.000,325.000,300.000,300.000,-1,-1,-1,825.000,725.000,750.000,-1,-1,2,0,2,0,2,0,0,0,0,2,2,2,1,0,0,2,2
104,-5615.566,5424.090,-227.130,-40.863,0,0.68084,-0.30686,40.850,-0.614,-1,400.000,-1,400.000,-1,325.000,325.000,300.000,300.000,-1,-1,-1,825.000,725.000,750.000,-1,-1,2,0,2,0,2,0,0,0,0,2,2,2,1,0,0,2,2
105,-5584.979,5397.057,-226.001,-41.471,0,0.68035,-0.30389,40.821,-0.608,-1,400.000,-1,400.000,-1,325.000,325.000,300.000,300.000,-1,-1,-1,800.000,725.000,750.000,-1,-1,2,0,2,0,2,0,0,0,0,2,2,2,1,0,0,2,2
106,-5550.990,5366.626,-224.768,-41.838,0,0.76035,-0.18389,45.621,-0.368,-1,400.000,-1,400.000,-1,325.000,325.000,300.000,300.000,-1,-1,-1,800.000,700.000,750.000,-1,-1,2,0,2,0,2,0,0,0,0,2,2,2,1,0,0,2,2
107,-5514.073,5333.425,-223.455,-41.966,0,0.82751,-0.06389,49.650,-0.128,-1,400.000,-1,400.000,-1,325.000,325.000,300.000,300.000,-1,-1,-1,775.000,700.000,750.000,-1,-1,2,0,2,0,2,0,0,0,0,2,2,2,1,0,0,2,2
108,-5477.126,5300.328,-222.084,-41.854,0,0.82672,0.05611,49.603,0.112,-1,400.000,-1,400.000,-1,325.000,325.000,300.000,300.000,-1,-1,-1,775.000,700.000,750.000,-1,-1,2,0,2,0,2,0,0,0,0,2,2,2,1,0,0,2,2
109,-5440.010,5267.489,-220.727,-41.502,0,0.82598,0.17611,49.559,0.352,-1,375.000,-1,400.000,-1,325.000,325.000,300.000,300.000,-1,-1,-1,775.000,700.000,750.000,-1,-1,2,0,2,0,2,0,0,0,0,2,2,2,1,0,0,2,2
110,-5402.585,5235.059,-219.407,-40.910,0,0.82534,0.29611,49.521,0.592,-1,375.000,-1,400.000,-1,325.000,325.000,300.000,300.000,-1,-1,-1,775.000,675.000,750.000,-1,-1,2,0,2,0,2,0,0,0,0,2,2,2,1,0,0,2,2
111,-5364.715,5203.195,-218.123,-40.077,0,0.82488,0.41611,49.493,0.832,-1,375.000,-1,400.000,-1,325.000,325.000,300.000,300.000,-1,-1,-1,775.000,675.000,750.000,-1,-1,2,0,2,0,2,0,0,0,0,2,2,2,1,0,0,2,2
112,-5326.265,5172.053,-216.765,-39.005,0,0.82466,0.53611,49.480,1.072,-1,375.000,-1,400.000,-1,325.000,325.000,300.000,300.000,-1,-1,-1,775.000,675.000,725.000,-1,-1,2,0,2,0,2,0,0,0,0,2,2,2,1,0,0,2,2
113,-5287.188,5141.692,-215.230,-37.846,0,0.82475,0.57976,49.485,1.160,-1,375.000,-1,400.000,-1,325.000,325.000,300.000,300.000,-1,-1,-1,800.000,675.000,725.000,-1,-1,2,0,2,0,2,0,0,0,0,2,2,2,1,0,0,2,2
114,-5247.471,5112.115,-213.704,-36.675,0,0.82534,0.58527,49.520,1.171,-1,375.000,-1,400.000,-1,325.000,325.000,300.000,300.000,-1,-1,-1,825.000,675.000,725.000,-1,-1,2,0,2,0,2,0,0,0,0,2,2,2,1,0,0,2,2
115,-5207.095,5083.323,-212.202,-35.493,0,0.82651,0.59103,49.590,1.182,-1,375.000,-1,375.000,-1,300.000,325.000,300.000,300.000,-1,-1,-1,850.000,675.000,725.000,-1,-1,2,0,2,0,2,0,0,0,0,2,2,2,1,0,0,2,2
116,-5165.709,5054.825,-210.681,-34.551,0,0.83748,0.47103,50.249,0.942,-1,375.000,-1,375.000,-1,300.000,325.000,300.000,300.000,-1,-1,-1,875.000,675.000,700.000,-1,-1,2,0,2,0,2,0,0,0,0,2,2,2,1,0,0,2,2
117,-5123.856,5026.755,-209.061,-33.849,0,0.83991,0.35103,50.394,0.702,-1,375.000,-1,375.000,-1,300.000,300.000,300.000,300.000,-1,-1,-1,925.000,675.000,700.000,-1,-1,2,0,2,0,2,0,0,0,0,2,2,2,1,0,0,2,2
118,-5081.627,4998.924,-207.450,-33.387,0,0.84291,0.23103,50.575,0.462,-1,375.000,-1,375.000,-1,300.000,300.000,300.000,300.000,-1,-1,-1,950.000,675.000,700.000,-1,-1,2,0,2,0,2,0,0,0,0,2,2,2,1,0,0,2,2
119,-5039.116,4971.143,-205.674,-33.165,0,0.84640,0.11103,50.784,0.222,-1,375.000,-1,375.000,-1,300.000,300.000,300.000,300.000,-1,-1,-1,1000.000,675.000,700.000,-1,-1,2,0,2,0,2,0,0,0,0,2,2,2,1,0,0,2,2
120,-4996.418,4943.221,-203.666,-33.183,0,0.85028,-0.00897,51.017,-0.018,-1,375.000,-1,375.000,-1,300.000,300.000,300.000,300.000,-1,-1,-1,-1,675.000,700.000,-1,-1,2,0,2,0,2,0,0,0,0,2,2,2,2,0,0,2,2
121,-4953.637,4914.968,-201.640,-33.441,0,0.85448,-0.12897,51.269,-0.258,-1,375.000,-1,375.000,-1,300.000,300.000,300.000,300.000,-1,-1,900.000,-1,675.000,700.000,-1,-1,2,0,2,0,2,0,0,0,0,2,2,0,2,0,0,2,2
122,-4910.881,4886.195,-199.628,-33.939,0,0.85893,-0.24897,51.536,-0.498,-1,375.000,-1,375.000,-1,300.000,300.000,300.000,300.000,-1,925.000,750.000,-1,675.000,725.000,-1,-1,2,0,2,0,2,0,0,0,0,2,0,0,2,0,0,2,2
123,-4868.271,4856.716,-197.598,-34.676,0,0.86356,-0.36897,51.813,-0.738,-1,375.000,-1,375.000,-1,300.000,325.000,300.000,300.000,-1,800.000,675.000,-1,675.000,725.000,-1,-1,2,0,2,0,2,0,0,0,0,2,0,0,2,0,0,2,2
124,-4825.938,4826.348,-195.579,-35.654,0,0.86831,-0.48897,52.099,-0.978,-1,375.000,-1,400.000,-1,325.000,325.000,300.000,300.000,-1,700.000,600.000,-1,675.000,725.000,-1,-1,2,0,2,0,2,0,0,0,0,2,0,0,2,0,0,2,2
125,-4783.782,4794.854,-193.280,-36.764,0,0.87702,-0.55458,52.621,-1.109,-1,375.000,-1,400.000,-1,325.000,325.000,300.000,300.000,-1,700.000,600.000,-1,700.000,725.000,-1,-1,2,0,2,0,2,0,0,0,0,2,0,0,2,0,0,2,2
126,-4742.140,4762.455,-190.927,-37.884,0,0.87936,-0.56004,52.762,-1.120,-1,375.000,-1,400.000,-1,325.000,325.000,300.000,300.000,-1,675.000,600.000,-1,700.000,725.000,-1,-1,2,0,2,0,2,0,0,0,0,2,0,0,2,0,0,2,2
127,-4701.016,4729.136,-188.582,-39.015,0,0.88213,-0.56576,52.928,-1.132,-1,375.000,-1,400.000,-1,325.000,325.000,300.000,300.000,-1,675.000,575.000,-1,700.000,750.000,-1,-1,2,0,2,0,2,0,0,0,0,2,0,0,2,0,0,2,2
128,-4660.420,4694.879,-186.168,-40.159,0,0.88531,-0.57173,53.118,-1.143,-1,375.000,-1,400.000,-1,325.000,325.000,300.000,300.000,-1,650.000,575.000,-1,700.000,750.000,-1,-1,2,0,2,0,2,0,0,0,0,2,0,0,2,0,0,2,2
129,-4620.392,4659.700,-183.718,-41.312,0,0.88816,-0.57671,53.289,-1.153,-1,375.000,-1,400.000,-1,325.000,325.000,300.000,300.000,-1,650.000,575.000,-1,725.000,750.000,-1,-1,2,0,2,0,2,0,0,0,0,2,0,0,2,0,0,2,2
130,-4581.082,4623.722,-181.230,-42.465,0,0.88816,-0.57671,53.289,-1.153,-1,375.000,-1,400.000,-1,325.000,325.000,300.000,300.000,-1,650.000,550.000,-1,725.000,750.000,-1,-1,2,0,2,0,2,0,0,0,0,2,0,0,2,0,0,2,2
131,-4542.503,4586.960,-178.766,-43.619,0,0.88816,-0.57671,53.289,-1.153,-1,375.000,-1,400.000,-1,325.000,325.000,300.000,300.000,-1,650.000,550.000,-1,725.000,750.000,-1,-1,2,0,2,0,2,0,0,0,0,2,0,0,2,0,0,2,2
132,-4504.672,4549.428,-176.183,-44.772,0,0.88816,-0.57671,53.289,-1.153,-1,400.000,-1,400.000,-1,325.000,325.000,300.000,300.000,-1,650.000,575.000,-1,750.000,750.000,-1,-1,2,0,2,0,2,0,0,0,0,2,0,0,2,0,0,2,2
133,-4467.605,4511.143,-173.405,-45.926,0,0.88816,-0.57671,53.289,-1.153,-1,400.000,-1,400.000,-1,325.000,325.000,300.000,300.000,-1,700.000,625.000,-1,750.000,750.000,-1,-1,2,0,2,0,2,0,0,0,0,2,0,0,2,0,0,2,2
134,-4431.315,4472.119,-170.623,-47.079,0,0.88816,-0.57671,53.289,-1.153,-1,400.000,-1,400.000,-1,325.000,325.000,300.000,300.000,-1,750.000,675.000,-1,775.000,750.000,-1,-1,2,0,2,0,2,0,0,0,0,2,0,0,2,0,0,2,2
135,-4395.819,4432.373,-167.869,-48.233,0,0.88816,-0.57671,53.289,-1.153,-1,400.000,-1,400.000,-1,325.000,325.000,300.000,300.000,-1,825.000,725.000,-1,775.000,750.000,-1,-1,2,0,2,0,2,0,0,0,0,2,0,0,2,0,0,2,2
136,-4361.129,4391.921,-165.158,-49.386,0,0.88816,-0.57671,53.289,-1.153,-1,400.000,-1,400.000,-1,325.000,325.000,300.000,300.000,-1,875.000,775.000,-1,775.000,750.000,-1,-1,2,0,2,0,2,0,0,0,0,2,0,0,2,0,0,2,2
137,-4329.192,4353.453,-162.648,-50.299,0,0.83330,-0.45671,49.998,-0.913,-1,400.000,-1,400.000,-1,325.000,325.000,300.000,300.000,-1,925.000,825.000,-1,775.000,750.000,-1,-1,2,0,2,0,2,0,0,0,0,2,0,0,2,0,0,2,2
138,-4297.709,4314.612,-160.167,-50.973,0,0.83330,-0.33671,49.998,-0.673,-1,400.000,-1,400.000,-1,325.000,325.000,300.000,300.000,-1,975.000,875.000,-1,800.000,750.000,-1,-1,2,0,2,0,2,0,0,0,0,2,0,0,2,0,0,2,2
139,-4266.521,4275.534,-157.668,-51.406,0,0.83330,-0.21671,49.998,-0.433,-1,400.000,-1,400.000,-1,325.000,325.000,300.000,300.000,-1,-1,925.000,-1,800.000,750.000,-1,-1,2,0,2,0,2,0,0,0,0,2,2,0,2,0,0,2,2
140,-4235.560,4236.275,-155.067,-51.740,0,0.83330,-0.16668,49.998,-0.333,-1,400.000,-1,400.000,-1,325.000,325.000,300.000,300.000,-1,-1,975.000,-1,800.000,750.000,-1,-1,2,0,2,0,2,0,0,0,0,2,2,0,2,0,0,2,2
141,-4204.829,4196.837,-152.499,-52.073,0,0.83330,-0.16668,49.998,-0.333,-1,400.000,-1,400.000,-1,325.000,325.000,300.000,300.000,-1,-1,-1,-1,825.000,750.000,-1,-1,2,0,2,0,2,0,0,0,0,2,2,2,2,0,0,2,2
142,-4174.327,4157.221,-149.958,-52.406,0,0.83330,-0.16668,49.998,-0.333,-1,400.000,-1,400.000,-1,325.000,325.000,300.000,300.000,-1,-1,-1,-1,825.000,750.000,-1,-1,2,0,2,0,2,0,0,0,0,2,2,2,2,0,0,2,2
143,-4144.057,4117.428,-147.390,-52.740,0,0.83330,-0.16668,49.998,-0.333,-1,400.000,-1,400.000,-1,325.000,325.000,300.000,300.000,-1,-1,-1,-1,825.000,750.000,-1,-1,2,0,2,0,2,0,0,0,0,2,2,2,2,0,0,2,2
144,-4114.018,4077.460,-144.857,-53.073,0,0.83330,-0.16668,49.998,-0.333,-1,400.000,-1,400.000,-1,325.000,325.000,300.000,300.000,-1,-1,-1,-1,825.000,750.000,-1,-1,2,0,2,0,2,0,0,0,0,2,2,2,2,0,0,2,2
145,-4084.213,4037.317,-142.361,-53.407,0,0.83330,-0.16668,49.998,-0.333,-1,400.000,-1,400.000,-1,325.000,325.000,300.000,300.000,-1,-1,-1,-1,825.000,750.000,-1,-1,2,0,2,0,2,0,0,0,0,2,2,2,2,0,0,2,2
146,-4054.804,3996.870,-139.856,-53.980,0,0.83347,-0.28668,50.008,-0.573,-1,400.000,-1,400.000,-1,325.000,325.000,300.000,300.000,-1,-1,-1,-1,850.000,750.000,-1,-1,2,0,2,0,2,0,0,0,0,2,2,2,2,0,0,2,2
147,-4025.876,3956.078,-137.333,-54.656,0,0.83347,-0.33824,50.008,-0.676,-1,400.000,-1,400.000,-1,325.000,325.000,300.000,300.000,-1,-1,-1,-1,850.000,750.000,-1,-1,2,0,2,0,2,0,0,0,0,2,2,2,2,0,0,2,2
148,-3997.430,3914.948,-134.929,-55.333,0,0.83347,-0.33824,50.008,-0.676,-1,400.000,-1,400.000,-1,325.000,325.000,300.000,300.000,-1,-1,-1,-1,850.000,750.000,-1,-1,2,0,2,0,2,0,0,0,0,2,2,2,2,0,0,2,2
149,-3969.473,3873.485,-132.609,-56.009,0,0.83347,-0.33824,50.008,-0.676,-1,400.000,-1,400.000,-1,325.000,325.000,300.000,300.000,-1,-1,-1,-1,850.000,750.000,-1,-1,2,0,2,0,2,0,0,0,0,2,2,2,2,0,0,2,2
150,-3942.007,3831.694,-130.333,-56.686,0,0.83347,-0.33824,50.008,-0.676,-1,400.000,-1,400.000,-1,325.000,325.000,300.000,300.000,-1,-1,-1,-1,850.000,750.000,-1,-1,2,0,2,0,2,0,0,0,0,2,2,2,2,0,0,2,2
151,-3915.036,3789.583,-128.104,-57.362,0,0.83347,-0.33824,50.008,-0.676,-1,400.000,-1,400.000,-1,325.000,325.000,300.000,300.000,-1,-1,-1,-1,850.000,750.000,-1,-1,2,0,2,0,2,0,0,0,0,2,2,2,2,0,0,2,2
152,-3888.564,3747.155,-125.927,-58.039,0,0.83347,-0.33824,50.008,-0.676,-1,400.000,-1,400.000,-1,325.000,325.000,300.000,300.000,-1,-1,-1,-1,850.000,750.000,-1,-1,2,0,2,0,2,0,0,0,0,2,2,2,2,0,0,2,2
153,-3862.596,3704.418,-123.666,-58.715,0,0.83347,-0.33824,50.008,-0.676,-1,400.000,-1,400.000,-1,325.000,325.000,300.000,300.000,-1,-1,-1,-1,850.000,750.000,-1,-1,2,0,2,0,2,0,0,0,0,2,2,2,2,0,0,2,2
154,-3837.133,3661.378,-121.444,-59.392,0,0.83347,-0.33824,50.008,-0.676,-1,400.000,-1,400.000,-1,325.000,325.000,300.000,300.000,-1,-1,-1,-1,850.000,750.000,-1,-1,2,0,2,0,2,0,0,0,0,2,2,2,2,0,0,2,2
155,-3812.180,3618.040,-119.279,-60.068,0,0.83347,-0.33824,50.008,-0.676,-1,400.000,-1,400.000,-1,325.000,325.000,300.000,300.000,-1,-1,-1,-1,850.000,750.000,-1,-1,2,0,2,0,2,0,0,0,0,2,2,2,2,0,0,2,2
156,-3787.741,3574.410,-117.168,-60.745,0,0.83347,-0.33824,50.008,-0.676,-1,400.000,-1,375.000,-1,325.000,325.000,300.000,300.000,-1,-1,-1,-1,850.000,750.000,-1,-1,2,0,2,0,2,0,0,0,0,2,2,2,2,0,0,2,2
157,-3763.819,3530.495,-115.112,-61.421,0,0.83347,-0.33824,50.008,-0.676,-1,400.000,-1,375.000,-1,325.000,325.000,300.000,300.000,-1,-1,-1,-1,850.000,725.000,-1,-1,2,0,2,0,2,0,0,0,0,2,2,2,2,0,0,2,2
158,-3740.417,3486.300,-113.110,-62.098,0,0.83347,-0.33824,50.008,-0.676,-1,400.000,-1,375.000,-1,325.000,325.000,300.000,300.000,-1,-1,-1,-1,850.000,725.000,-1,-1,2,0,2,0,2,0,0,0,0,2,2,2,2,0,0,2,2
159,-3717.538,3441.833,-111.162,-62.774,0,0.83347,-0.33824,50.008,-0.676,-1,400.000,-1,375.000,-1,325.000,325.000,300.000,300.000,-1,-1,-1,-1,825.000,725.000,-1,-1,2,0,2,0,2,0,0,0,0,2,2,2,2,0,0,2,2
160,-3695.186,3397.098,-109.212,-63.451,0,0.83347,-0.33824,50.008,-0.676,-1,400.000,-1,375.000,-1,325.000,325.000,300.000,300.000,-1,-1,-1,-1,825.000,725.000,-1,-1,2,0,2,0,2,0,0,0,0,2,2,2,2,0,0,2,2
161,-3673.363,3352.102,-107.362,-64.127,0,0.83347,-0.33824,50.008,-0.676,-1,400.000,-1,375.000,-1,325.000,325.000,300.000,300.000,-1,-1,-1,-1,825.000,725.000,-1,-1,2,0,2,0,2,0,0,0,0,2,2,2,2,0,0,2,2
162,-3652.073,3306.852,-105.448,-64.803,0,0.83347,-0.33824,50.008,-0.676,-1,400.000,-1,375.000,-1,325.000,325.000,300.000,300.000,-1,-1,-1,-1,825.000,725.000,-1,-1,2,0,2,0,2,0,0,0,0,2,2,2,2,0,0,2,2
163,-3631.319,3261.354,-103.584,-65.480,0,0.83347,-0.33824,50.008,-0.676,-1,400.000,-1,375.000,-1,325.000,325.000,300.000,300.000,-1,-1,-1,-1,825.000,725.000,-1,-1,2,0,2,0,2,0,0,0,0,2,2,2,2,0,0,2,2
164,-3611.104,3215.614,-101.771,-66.156,0,0.83347,-0.33824,50.008,-0.676,-1,400.000,-1,375.000,-1,325.000,325.000,300.000,300.000,-1,-1,-1,-1,825.000,725.000,-1,-1,2,0,2,0,2,0,0,0,0,2,2,2,2,0,0,2,2
165,-3591.430,3169.638,-99.949,-66.833,0,0.83347,-0.33824,50.008,-0.676,-1,400.000,-1,375.000,-1,325.000,325.000,300.000,300.000,-1,-1,-1,-1,825.000,725.000,-1,-1,2,0,2,0,2,0,0,0,0,2,2,2,2,0,0,2,2
166,-3572.300,3123.433,-98.115,-67.509,0,0.83347,-0.33824,50.008,-0.676,-1,400.000,-1,375.000,-1,325.000,325.000,300.000,300.000,-1,-1,-1,-1,825.000,725.000,-1,-1,2,0,2,0,2,0,0,0,0,2,2,2,2,0,0,2,2
167,-3553.717,3077.006,-96.283,-68.186,0,0.83347,-0.33824,50.008,-0.676,-1,400.000,-1,375.000,-1,325.000,325.000,300.000,300.000,-1,-1,-1,-1,825.000,725.000,-1,-1,2,0,2,0,2,0,0,0,0,2,2,2,2,0,0,2,2
168,-3535.684,3030.362,-94.500,-68.862,0,0.83347,-0.33824,50.008,-0.676,-1,400.000,-1,375.000,-1,325.000,325.000,300.000,300.000,-1,-1,-1,-1,825.000,725.000,-1,-1,2,0,2,0,2,0,0,0,0,2,2,2,2,0,0,2,2
169,-3518.202,2983.509,-92.765,-69.539,0,0.83347,-0.33824,50.008,-0.676,-1,400.000,-1,400.000,-1,325.000,325.000,300.000,300.000,-1,-1,-1,-1,800.000,725.000,-1,-1,2,0,2,0,2,0,0,0,0,2,2,2,2,0,0,2,2
170,-3501.275,2936.453,-91.076,-70.215,0,0.83347,-0.33824,50.008,-0.676,-1,400.000,-1,400.000,-1,325.000,325.000,300.000,300.000,-1,-1,-1,-1,800.000,750.000,-1,-1,2,0,2,0,2,0,0,0,0,2,2,2,2,0,0,2,2
171,-3484.905,2889.200,-89.433,-70.892,0,0.83347,-0.33824,50.008,-0.676,-1,400.000,-1,400.000,-1,325.000,325.000,300.000,300.000,-1,-1,-1,-1,800.000,750.000,-1,-1,2,0,2,0,2,0,0,0,0,2,2,2,2,0,0,2,2
172,-3469.093,2841.757,-87.843,-71.568,0,0.83347,-0.33824,50.008,-0.676,-1,400.000,-1,400.000,-1,325.000,325.000,300.000,300.000,-1,-1,-1,-1,800.000,750.000,-1,-1,2,0,2,0,2,0,0,0,0,2,2,2,2,0,0,2,2
173,-3453.837,2794.112,-86.293,-72.244,0,0.83381,-0.33815,50.029,-0.676,-1,400.000,-1,375.000,-1,325.000,325.000,300.000,300.000,-1,-1,-1,-1,800.000,725.000,-1,-1,2,0,2,0,2,0,0,0,0,2,2,2,2,0,0,2,2
174,-3439.033,2745.938,-84.769,-72.917,0,0.83995,-0.33649,50.397,-0.673,-1,400.000,-1,375.000,-1,325.000,325.000,300.000,300.000,-1,-1,-1,-1,800.000,725.000,-1,-1,2,0,2,0,2,0,0,0,0,2,2,2,2,0,0,2,2
175,-3424.689,2697.244,-83.227,-73.587,0,0.84604,-0.33458,50.763,-0.669,-1,400.000,-1,375.000,-1,325.000,325.000,300.000,300.000,-1,-1,-1,-1,800.000,725.000,-1,-1,2,0,2,0,2,0,0,0,0,2,2,2,2,0,0,2,2
176,-3412.032,2653.059,-81.771,-74.016,0,0.76604,-0.21458,45.963,-0.429,-1,400.000,-1,375.000,-1,325.000,325.000,300.000,300.000,-1,-1,-1,-1,800.000,725.000,-1,-1,2,0,2,0,2,0,0,0,0,2,2,2,2,0,0,2,2
177,-3399.652,2609.293,-80.337,-74.205,0,0.75805,-0.09458,45.483,-0.189,-1,400.000,-1,375.000,-1,325.000,325.000,300.000,300.000,-1,-1,-1,-1,800.000,725.000,-1,-1,2,0,2,0,2,0,0,0,0,2,2,2,2,0,0,2,2
178,-3387.146,2565.232,-78.908,-74.154,0,0.76335,0.02542,45.801,0.051,-1,400.000,-1,375.000,-1,325.000,325.000,300.000,300.000,-1,-1,-1,-1,800.000,725.000,-1,-1,2,0,2,0,2,0,0,0,0,2,2,2,2,1,0,2,2
179,-3374.327,2520.929,-77.399,-73.863,0,0.76868,0.14542,46.121,0.291,-1,400.000,-1,375.000,-1,325.000,325.000,300.000,300.000,-1,-1,-1,-1,775.000,725.000,-1,-1,2,0,2,0,2,0,0,0,0,2,2,2,2,1,0,2,2
180,-3361.006,2476.435,-75.859,-73.332,0,0.77408,0.26542,46.445,0.531,-1,400.000,-1,400.000,-1,325.000,325.000,300.000,300.000,-1,-1,-1,-1,750.000,725.000,-1,-1,2,0,2,0,2,0,0,0,0,2,2,2,2,1,0,2,2
181,-3346.989,2431.811,-74.330,-72.562,0,0.77957,0.38542,46.774,0.771,-1,400.000,-1,400.000,-1,325.000,325.000,300.000,300.000,-1,-1,-1,-1,725.000,725.000,975.000,-1,2,0,2,0,2,0,0,0,0,2,2,2,2,1,0,1,2
182,-3332.080,2387.122,-72.812,-71.551,0,0.78518,0.50542,47.111,1.011,-1,400.000,-1,400.000,-1,325.000,325.000,300.000,300.000,-1,-1,-1,-1,700.000,750.000,925.000,-1,2,0,2,0,2,0,0,0,0,2,2,2,2,1,0,1,2
183,-3316.182,2342.407,-71.303,-70.428,0,0.79094,0.56153,47.456,1.123,-1,400.000,-1,400.000,-1,325.000,325.000,300.000,300.000,-1,-1,-1,-1,700.000,750.000,900.000,-1,2,0,2,0,2,0,0,0,0,2,2,2,2,1,0,1,2
184,-3299.285,2297.683,-69.790,-69.302,0,0.79683,0.56265,47.810,1.125,-1,400.000,-1,400.000,-1,325.000,325.000,300.000,300.000,-1,-1,-1,-1,675.000,750.000,850.000,-1,2,0,2,0,2,0,0,0,0,2,2,2,2,1,0,1,2
185,-3281.377,2252.966,-68.283,-68.175,0,0.80283,0.56365,48.170,1.127,-1,400.000,-1,400.000,-1,325.000,325.000,300.000,300.000,-1,-1,-1,-1,650.000,750.000,800.000,-1,2,0,2,0,2,0,0,0,0,2,2,2,2,1,0,1,2
186,-3264.632,2212.959,-66.944,-67.288,0,0.72283,0.44365,43.370,0.887,1000.000,400.000,-1,400.000,-1,325.000,325.000,300.000,300.000,-1,-1,-1,-1,625.000,750.000,775.000,-1,1,0,2,0,2,0,0,0,0,2,2,2,2,1,0,1,2
187,-3249.217,2177.604,-65.774,-66.443,0,0.64283,0.42223,38.570,0.844,975.000,400.000,-1,400.000,-1,325.000,325.000,300.000,300.000,-1,-1,-1,-1,600.000,750.000,750.000,-1,1,1,2,0,2,1,0,0,0,2,2,2,2,1,0,1,2
188,-3235.266,2146.851,-64.766,-65.598,0,0.56283,0.42283,33.770,0.846,950.000,400.000,-1,400.000,-1,325.000,325.000,300.000,300.000,-1,-1,-1,-1,575.000,750.000,700.000,-1,1,1,2,0,2,1,0,0,0,2,2,2,2,1,0,1,2
189,-3222.909,2120.649,-63.911,-64.752,0,0.48283,0.42311,28.970,0.846,925.000,375.000,975.000,400.000,-1,325.000,325.000,300.000,300.000,-1,-1,-1,-1,575.000,750.000,700.000,1000.000,1,1,1,0,2,1,0,0,0,2,2,2,2,1,0,1,1
190,-3212.278,2098.943,-63.188,-63.905,0,0.40283,0.42307,24.170,0.846,925.000,375.000,950.000,400.000,-1,325.000,325.000,300.000,300.000,-1,-1,-1,-1,550.000,750.000,675.000,975.000,1,1,1,0,2,1,0,0,0,2,2,2,2,1,0,1,1
191,-3203.502,2081.676,-62.606,-63.060,0,0.32283,0.42273,19.370,0.845,950.000,375.000,900.000,400.000,-1,325.000,325.000,300.000,300.000,-1,-1,-1,-1,550.000,750.000,650.000,950.000,1,1,1,0,2,1,0,0,0,2,2,2,2,1,0,1,1
192,-3196.711,2068.786,-62.171,-62.216,0,0.24283,0.42210,14.570,0.844,1000.000,375.000,875.000,400.000,-1,300.000,325.000,300.000,300.000,-1,-1,-1,-1,525.000,750.000,650.000,925.000,1,1,1,0,2,1,0,0,0,2,2,2,2,1,0,1,1
193,-3192.030,2060.211,-61.883,-61.373,0,0.16283,0.42120,9.770,0.842,-1,375.000,850.000,400.000,975.000,300.000,325.000,300.000,300.000,-1,-1,-1,-1,525.000,750.000,650.000,925.000,2,1,1,0,1,1,0,0,0,2,2,2,2,1,0,1,1
194,-3189.586,2055.884,-61.739,-60.533,0,0.08283,0.42005,4.970,0.840,-1,375.000,850.000,400.000,975.000,300.000,325.000,300.000,300.000,-1,-1,-1,-1,525.000,750.000,650.000,900.000,2,1,1,0,1,1,1,0,0,2,2,2,2,1,0,1,1
195,-3189.500,2055.738,-61.737,-59.696,0,0.00283,0.41868,0.170,0.837,-1,375.000,825.000,400.000,950.000,300.000,325.000,300.000,300.000,-1,-1,-1,-1,525.000,750.000,675.000,900.000,2,1,1,0,1,1,1,0,0,2,2,2,2,1,0,1,1
196,-3191.171,2058.504,-61.837,-58.862,0,-0.05387,0.41713,-3.232,0.834,-1,375.000,825.000,400.000,950.000,300.000,325.000,300.000,300.000,-1,-1,-1,-1,550.000,750.000,700.000,900.000,2,1,1,0,1,1,1,0,0,2,2,2,2,1,1,1,1
197,-3192.888,2061.255,-61.937,-58.031,0,-0.05403,0.41548,-3.242,0.831,-1,375.000,825.000,400.000,950.000,300.000,325.000,300.000,300.000,-1,-1,-1,-1,550.000,725.000,700.000,900.000,2,1,1,0,1,1,1,0,0,2,2,2,2,1,1,1,1
198,-3194.650,2063.990,-62.037,-57.203,0,-0.05423,0.41386,-3.254,0.828,-1,375.000,825.000,400.000,925.000,325.000,325.000,300.000,300.000,-1,-1,-1,-1,550.000,700.000,725.000,925.000,2,1,1,0,1,1,1,0,0,2,2,2,2,1,1,1,1
199,-3196.459,2066.710,-62.138,-56.378,0,-0.05445,0.41225,-3.267,0.824,-1,400.000,825.000,400.000,925.000,325.000,325.000,300.000,300.000,-1,-1,-1,-1,550.000,675.000,750.000,925.000,2,1,1,0,1,1,1,0,0,2,2,2,2,1,1,1,1
200,-3198.316,2069.417,-62.239,-55.557,0,-0.05470,0.41066,-3.282,0.821,-1,400.000,800.000,400.000,925.000,325.000,325.000,300.000,300.000,-1,-1,-1,-1,575.000,675.000,775.000,925.000,2,1,1,0,1,1,1,0,0,2,2,2,2,1,1,1,1
201,-3200.220,2072.110,-62.340,-54.739,0,-0.05498,0.40910,-3.299,0.818,-1,400.000,800.000,400.000,925.000,325.000,325.000,300.000,300.000,-1,-1,-1,-1,575.000,650.000,800.000,925.000,2,1,1,0,1,1,1,0,0,2,2,2,2,1,1,1,1
202,-3202.173,2074.791,-62.442,-53.924,0,-0.05528,0.40756,-3.317,0.815,-1,400.000,800.000,400.000,925.000,325.000,325.000,300.000,300.000,-1,-1,-1,-1,575.000,650.000,850.000,925.000,2,0,1,0,1,1,1,0,0,2,2,2,2,1,1,1,1
203,-3204.176,2077.460,-62.544,-53.112,0,-0.05561,0.40604,-3.337,0.812,-1,400.000,800.000,400.000,925.000,325.000,325.000,300.000,300.000,-1,-1,-1,-1,600.000,650.000,900.000,900.000,2,0,1,0,1,1,1,0,0,2,2,2,2,1,1,1,1
204,-3206.229,2080.117,-62.647,-52.303,0,-0.05596,0.40454,-3.358,0.809,-1,400.000,800.000,400.000,925.000,325.000,325.000,300.000,300.000,-1,-1,-1,-1,600.000,625.000,950.000,900.000,2,0,1,0,1,1,1,0,0,2,2,2,2,1,1,1,1
205,-3208.334,2082.762,-62.750,-51.496,0,-0.05634,0.40306,-3.381,0.806,-1,400.000,800.000,400.000,925.000,325.000,325.000,300.000,300.000,-1,-1,-1,-1,625.000,625.000,1000.000,900.000,2,0,1,1,1,0,1,0,0,2,2,2,2,1,1,1,1
206,-3210.491,2085.397,-62.854,-50.693,0,-0.05675,0.40160,-3.405,0.803,-1,400.000,825.000,400.000,925.000,325.000,325.000,300.000,300.000,-1,-1,-1,-1,625.000,625.000,-1,900.000,2,0,1,1,1,0,1,0,0,2,2,2,2,1,1,2,1
207,-3212.701,2088.021,-62.958,-49.893,0,-0.05717,0.40017,-3.430,0.800,-1,400.000,825.000,400.000,925.000,325.000,325.000,300.000,300.000,-1,-1,-1,-1,650.000,600.000,-1,875.000,2,0,1,1,1,0,1,0,0,2,2,2,2,1,1,2,1
208,-3214.965,2090.634,-63.062,-49.095,0,-0.05762,0.39875,-3.457,0.798,-1,400.000,825.000,375.000,925.000,325.000,325.000,300.000,300.000,-1,-1,-1,-1,650.000,600.000,-1,875.000,2,0,1,1,1,0,1,0,0,2,2,2,2,1,1,2,1
209,-3214.076,2089.628,-63.027,-48.538,0,0.02238,0.27875,1.343,0.558,-1,400.000,825.000,375.000,925.000,325.000,325.000,300.000,300.000,-1,-1,-1,-1,650.000,600.000,-1,875.000,2,0,1,1,1,0,1,0,0,2,2,2,2,1,1,2,1
210,-3209.983,2085.047,-62.852,-48.220,0,0.10238,0.15875,6.143,0.318,-1,400.000,825.000,375.000,925.000,325.000,325.000,300.000,300.000,-1,-1,-1,-1,650.000,600.000,-1,850.000,2,0,1,1,1,0,1,0,0,2,2,2,2,1,1,2,1
211,-3202.681,2076.897,-62.540,-48.143,0,0.18238,0.03875,10.943,0.078,-1,400.000,800.000,375.000,900.000,325.000,325.000,300.000,300.000,-1,-1,-1,-1,650.000,575.000,-1,850.000,2,0,1,1,1,0,1,0,0,2,2,2,2,1,1,2,1
212,-3192.184,2065.165,-62.092,-48.180,0,0.26238,-0.01862,15.743,-0.037,-1,400.000,775.000,375.000,900.000,325.000,300.000,300.000,300.000,-1,-1,-1,-1,625.000,575.000,-1,825.000,2,0,1,1,1,0,1,0,0,2,2,2,2,1,1,2,1
213,-3178.497,2049.847,-61.511,-48.217,0,0.34238,-0.01867,20.543,-0.037,-1,400.000,775.000,375.000,875.000,325.000,300.000,300.000,300.000,-1,-1,-1,-1,625.000,550.000,-1,800.000,2,0,1,1,1,1,1,0,0,2,2,2,2,1,1,2,1
214,-3161.623,2030.938,-60.773,-48.255,0,0.42238,-0.01876,25.343,-0.038,-1,400.000,750.000,350.000,850.000,325.000,300.000,300.000,300.000,-1,-1,-1,-1,600.000,550.000,-1,750.000,2,0,1,1,1,1,1,0,0,2,2,2,2,1,1,2,1
215,-3141.569,2008.435,-59.892,-48.293,0,0.50238,-0.01889,30.143,-0.038,-1,400.000,700.000,350.000,825.000,300.000,300.000,300.000,300.000,-1,-1,-1,-1,575.000,525.000,-1,725.000,2,1,1,1,1,1,1,0,0,2,2,2,2,1,1,2,1
216,-3118.338,1982.333,-58.879,-48.331,0,0.58238,-0.01906,34.943,-0.038,-1,375.000,675.000,350.000,800.000,300.000,275.000,300.000,300.000,-1,-1,-1,-1,550.000,500.000,-1,675.000,2,1,1,1,1,1,1,0,0,2,2,2,2,1,1,2,1
217,-3091.936,1952.628,-57.739,-48.369,0,0.66238,-0.01928,39.743,-0.039,-1,350.000,625.000,325.000,775.000,300.000,275.000,300.000,300.000,-1,-1,-1,-1,500.000,475.000,-1,625.000,2,1,1,1,1,1,1,0,0,2,2,2,2,1,1,2,1
218,-3062.368,1919.315,-56.477,-48.409,0,0.74238,-0.01954,44.543,-0.039,-1,350.000,600.000,300.000,725.000,275.000,250.000,300.000,300.000,-1,-1,-1,-1,475.000,450.000,875.000,575.000,2,1,1,1,1,1,1,0,0,2,2,2,2,1,1,1,1
219,-3029.639,1882.389,-55.098,-48.448,0,0.82238,-0.01986,49.343,-0.040,-1,325.000,550.000,300.000,650.000,250.000,250.000,300.000,300.000,-1,-1,-1,-1,425.000,400.000,750.000,525.000,2,1,1,1,1,1,1,0,0,2,2,2,2,1,1,1,1
220,-2993.755,1841.845,-53.555,-48.489,0,0.90238,-0.02025,54.143,-0.041,-1,300.000,475.000,275.000,600.000,225.000,225.000,300.000,300.000,-1,-1,-1,-1,400.000,375.000,650.000,450.000,2,1,1,1,1,1,1,0,0,2,2,2,2,1,1,1,1
221,-2961.234,1804.737,-51.252,-48.769,0,0.82238,-0.14025,49.343,-0.281,-1,275.000,450.000,250.000,550.000,225.000,225.000,300.000,300.000,-1,-1,-1,-1,350.000,350.000,550.000,400.000,2,1,1,1,1,1,1,0,0,2,2,2,2,1,1,1,1
222,-2932.182,1770.973,-48.598,-49.290,0,0.74238,-0.26025,44.543,-0.521,-1,250.000,400.000,225.000,525.000,200.000,200.000,300.000,325.000,-1,-1,-1,-1,325.000,325.000,475.000,375.000,2,1,1,1,1,1,1,0,0,2,2,2,2,1,1,1,1
223,-2906.663,1740.506,-46.104,-50.050,0,0.66238,-0.38025,39.743,-0.761,-1,225.000,375.000,225.000,500.000,200.000,200.000,300.000,325.000,-1,-1,-1,-1,300.000,300.000,400.000,375.000,2,1,1,1,1,1,1,0,0,2,2,2,2,1,1,1,1
224,-2884.697,1713.331,-43.153,-51.051,0,0.58238,-0.50025,34.943,-1.001,-1,200.000,350.000,225.000,475.000,175.000,175.000,300.000,350.000,-1,600.000,825.000,-1,275.000,300.000,350.000,350.000,2,1,1,1,1,1,1,0,0,2,0,0,2,1,1,1,1
225,-2866.260,1689.484,-38.667,-52.291,0,0.50238,-0.62025,30.143,-1.241,-1,200.000,350.000,225.000,475.000,175.000,175.000,325.000,350.000,-1,375.000,400.000,-1,275.000,300.000,325.000,375.000,2,1,1,1,1,1,1,0,0,2,0,0,2,1,1,1,1
226,-2851.283,1669.041,-34.666,-53.772,0,0.42238,-0.74025,25.343,-1.481,-1,200.000,350.000,225.000,475.000,175.000,175.000,350.000,325.000,-1,275.000,275.000,-1,275.000,300.000,325.000,400.000,2,1,1,1,1,1,1,0,0,2,0,0,2,1,1,1,1
227,-2839.645,1652.113,-31.292,-55.492,0,0.34238,-0.86025,20.543,-1.721,-1,200.000,375.000,225.000,500.000,175.000,200.000,375.000,325.000,-1,250.000,225.000,-1,250.000,325.000,300.000,400.000,2,1,1,1,1,1,1,0,0,2,0,0,2,1,1,1,1
228,4919.492,-1639.831,217.577,65.951,1,0.00000,0.00000,15.743,-1.961,-1,475.000,-1,375.000,-1,375.000,350.000,250.000,250.000,550.000,175.000,400.000,-1,775.000,-1,-1,-1,2,1,2,1,2,1,1,0,1,0,0,0,2,1,2,2,2
229,-9509.887,6226.691,-352.182,-76.380,1,0.08000,0.12000,4.800,0.240,-1,375.000,-1,375.000,-1,300.000,325.000,300.000,300.000,-1,500.000,450.000,-1,675.000,675.000,-1,-1,2,0,2,0,2,0,0,0,0,2,0,0,2,0,0,2,2
230,-9507.556,6217.378,-351.918,-75.947,0,0.16000,0.21628,9.600,0.433,-1,375.000,-1,375.000,-1,300.000,325.000,300.000,300.000,-1,500.000,450.000,-1,675.000,675.000,-1,-1,2,0,2,0,2,0,0,0,0,2,0,0,2,0,0,2,2
231,-9503.954,6203.436,-351.511,-75.515,0,0.24000,0.21628,14.400,0.433,-1,375.000,-1,375.000,-1,300.000,325.000,300.000,300.000,-1,500.000,450.000,-1,675.000,675.000,-1,-1,2,0,2,0,2,0,0,0,0,2,0,0,2,0,0,2,2
232,-9499.011,6184.883,-350.962,-75.082,0,0.32000,0.21628,19.200,0.433,-1,375.000,-1,375.000,-1,300.000,325.000,300.000,300.000,-1,500.000,475.000,-1,675.000,675.000,-1,-1,2,0,2,0,2,0,0,0,0,2,0,0,2,0,0,2,2
233,-9492.658,6161.739,-350.267,-74.650,0,0.40000,0.21628,24.000,0.433,-1,375.000,-1,375.000,-1,300.000,325.000,300.000,300.000,-1,500.000,475.000,-1,675.000,675.000,-1,-1,2,0,2,0,2,0,0,0,0,2,0,0,2,0,0,2,2
234,-9484.824,6134.025,-349.426,-74.217,0,0.48000,0.21628,28.800,0.433,-1,375.000,-1,375.000,-1,325.000,325.000,300.000,300.000,-1,500.000,450.000,-1,675.000,675.000,-1,-1,2,0,2,0,2,0,0,0,0,2,0,0,2,0,0,2,2
235,-9475.442,6101.762,-348.435,-73.785,0,0.56000,0.21628,33.600,0.433,-1,375.000,-1,375.000,-1,300.000,325.000,300.000,300.000,-1,500.000,425.000,-1,675.000,675.000,-1,-1,2,0,2,0,2,0,0,0,0,2,0,0,2,0,0,2,2
236,-9464.440,6064.971,-347.293,-73.352,0,0.64000,0.21628,38.400,0.433,-1,375.000,-1,375.000,-1,300.000,325.000,300.000,300.000,-1,500.000,400.000,-1,675.000,675.000,-1,-1,2,0,2,0,2,0,0,0,0,2,0,0,2,0,0,2,2
237,-9451.752,6023.677,-345.997,-72.919,0,0.72000,0.21628,43.200,0.433,-1,375.000,-1,375.000,-1,300.000,300.000,300.000,275.000,-1,475.000,375.000,-1,675.000,675.000,-1,-1,2,0,2,0,2,0,0,0,0,2,0,0,2,0,0,2,2
238,-9437.307,5977.902,-344.342,-72.487,0,0.80000,0.21628,48.000,0.433,-1,375.000,-1,375.000,-1,300.000,300.000,300.000,275.000,-1,475.000,375.000,-1,700.000,675.000,-1,-1,2,0,2,0,2,0,0,0,0,2,0,0,2,0,0,2,2
239,-9421.025,5927.675,-342.076,-72.038,0,0.88000,0.22422,52.800,0.448,-1,375.000,-1,375.000,-1,300.000,300.000,300.000,275.000,-1,475.000,400.000,-1,700.000,675.000,-1,-1,2,0,2,0,2,0,0,0,0,2,0,0,2,0,0,2,2
240,-9403.036,5873.694,-339.512,-71.569,0,0.94832,0.23451,56.899,0.469,-1,375.000,-1,375.000,-1,300.000,300.000,300.000,300.000,-1,475.000,425.000,-1,700.000,675.000,-1,-1,2,0,2,0,2,0,0,0,0,2,0,0,2,0,0,2,2
241,-9384.415,5819.375,-336.737,-71.078,0,0.95704,0.24580,57.423,0.492,-1,375.000,-1,375.000,-1,300.000,300.000,300.000,300.000,-1,500.000,450.000,-1,700.000,675.000,-1,-1,2,0,2,0,2,0,0,0,0,2,0,0,2,0,0,2,2
242,-9365.136,5764.743,-333.390,-70.563,0,0.96557,0.25740,57.934,0.515,-1,375.000,-1,375.000,-1,300.000,300.000,300.000,300.000,-1,525.000,475.000,-1,700.000,675.000,-1,-1,2,0,2,0,2,0,0,0,0,2,0,0,2,0,0,2,2
243,-9345.175,5709.827,-329.929,-70.024,0,0.97386,0.26931,58.432,0.539,-1,375.000,-1,375.000,-1,300.000,300.000,300.000,300.000,-1,550.000,500.000,-1,725.000,675.000,-1,-1,2,0,2,0,2,0,0,0,0,2,0,0,2,0,0,2,2
244,-9324.505,5654.657,-326.444,-69.461,0,0.98191,0.28154,58.914,0.563,-1,375.000,-1,375.000,-1,325.000,300.000,300.000,300.000,-1,575.000,525.000,-1,725.000,700.000,-1,-1,2,0,2,0,2,0,0,0,0,2,0,0,2,0,0,2,2
245,-9303.103,5599.268,-322.936,-68.873,0,0.98968,0.29409,59.381,0.588,-1,375.000,-1,375.000,-1,325.000,325.000,300.000,300.000,-1,600.000,550.000,-1,725.000,700.000,-1,-1,2,0,2,0,2,0,0,0,0,2,0,0,2,0,0,2,2
246,-9280.942,5543.694,-319.408,-68.259,0,0.99715,0.30698,59.829,0.614,-1,400.000,-1,375.000,-1,325.000,325.000,300.000,300.000,-1,625.000,575.000,-1,750.000,700.000,-1,-1,2,0,2,0,2,0,0,0,0,2,0,0,2,0,0,2,2
247,-9258.096,5488.214,-315.876,-67.619,0,1.00000,0.32021,60.000,0.640,-1,400.000,-1,375.000,-1,325.000,325.000,300.000,300.000,-1,650.000,600.000,-1,750.000,700.000,-1,-1,2,0,2,0,2,0,0,0,0,2,0,0,2,0,0,2,2
248,-9234.605,5433.004,-312.351,-66.951,0,1.00000,0.33372,60.000,0.667,-1,400.000,-1,375.000,-1,325.000,325.000,300.000,300.000,-1,650.000,625.000,-1,775.000,700.000,-1,-1,2,0,2,0,2,0,0,0,0,2,0,0,2,0,0,2,2
249,-9210.446,5378.082,-308.798,-66.256,0,1.00000,0.34747,60.000,0.695,1000.000,400.000,-1,375.000,-1,325.000,325.000,300.000,300.000,-1,675.000,625.000,-1,775.000,700.000,-1,-1,1,0,2,0,2,0,0,0,0,2,0,0,2,0,0,2,2
250,-9185.596,5323.470,-304.958,-65.533,0,1.00000,0.36147,60.000,0.723,975.000,400.000,-1,375.000,-1,325.000,325.000,300.000,300.000,-1,725.000,650.000,-1,775.000,700.000,-1,-1,1,0,2,0,2,0,0,0,0,2,0,0,2,0,0,2,2
251,-9160.033,5269.189,-300.925,-64.782,0,1.00000,0.37571,60.000,0.751,925.000,400.000,-1,375.000,-1,325.000,325.000,300.000,300.000,-1,750.000,650.000,-1,800.000,725.000,-1,-1,1,0,2,0,2,0,0,0,0,2,0,0,2,0,0,2,2
252,-9133.732,5215.260,-296.743,-64.002,0,1.00000,0.39020,60.000,0.780,900.000,400.000,-1,375.000,-1,325.000,325.000,300.000,300.000,-1,775.000,675.000,-1,800.000,725.000,-1,-1,1,0,2,0,2,0,0,0,0,2,0,0,2,0,0,2,2
253,-9106.672,5161.709,-292.512,-63.192,0,1.00000,0.40495,60.000,0.810,850.000,400.000,-1,375.000,-1,325.000,325.000,300.000,300.000,-1,800.000,700.000,-1,800.000,725.000,-1,-1,1,0,2,0,2,0,0,0,0,2,0,0,2,0,0,2,2
254,-9078.829,5108.560,-288.157,-62.352,0,1.00000,0.41994,60.000,0.840,800.000,400.000,-1,375.000,-1,325.000,325.000,300.000,300.000,-1,850.000,750.000,-1,825.000,750.000,-1,-1,1,0,2,0,2,0,0,0,0,2,0,0,2,0,0,2,2
255,-9050.183,5055.840,-283.815,-61.481,0,1.00000,0.43520,60.000,0.870,750.000,400.000,-1,400.000,-1,325.000,325.000,300.000,300.000,-1,900.000,800.000,-1,825.000,750.000,950.000,-1,1,0,2,0,2,0,0,0,0,2,0,0,2,0,0,1,2
256,-9020.710,5003.578,-279.487,-60.580,0,1.00000,0.45070,60.000,0.901,725.000,400.000,-1,400.000,-1,325.000,325.000,300.000,300.000,-1,925.000,850.000,-1,825.000,750.000,900.000,-1,1,0,2,0,2,0,0,0,0,2,0,0,2,1,0,1,2
257,-8990.391,4951.802,-275.226,-59.647,0,1.00000,0.46646,60.000,0.933,675.000,400.000,-1,400.000,-1,325.000,325.000,300.000,300.000,-1,975.000,900.000,-1,775.000,775.000,825.000,-1,1,0,2,0,2,0,0,0,0,2,0,0,2,1,0,1,2
258,-8959.204,4900.544,-271.037,-58.682,0,1.00000,0.48246,60.000,0.965,625.000,400.000,-1,400.000,-1,325.000,325.000,300.000,300.000,-1,-1,950.000,-1,750.000,775.000,775.000,-1,1,0,2,0,2,0,0,0,0,2,2,0,2,1,0,1,2
259,-8927.129,4849.837,-266.922,-57.685,0,1.00000,0.49871,60.000,0.997,575.000,400.000,-1,400.000,-1,325.000,325.000,300.000,300.000,-1,-1,1000.000,-1,725.000,800.000,725.000,-1,1,0,2,0,2,0,0,0,0,2,2,0,2,1,0,1,2
260,-8894.148,4799.715,-262.874,-56.654,0,1.00000,0.51520,60.000,1.030,550.000,400.000,-1,400.000,-1,325.000,325.000,300.000,300.000,-1,-1,-1,-1,675.000,800.000,650.000,-1,1,0,2,0,2,0,0,0,0,2,2,2,2,1,0,1,2
261,-8862.790,4754.286,-259.044,-55.384,0,0.92000,0.63520,55.200,1.270,500.000,425.000,-1,400.000,-1,325.000,325.000,300.000,300.000,-1,-1,-1,-1,650.000,825.000,600.000,-1,1,0,2,0,2,0,0,0,0,2,2,2,2,1,0,1,2
262,-8833.076,4713.577,-255.591,-53.874,0,0.84000,0.75520,50.400,1.510,450.000,425.000,-1,400.000,-1,325.000,325.000,300.000,300.000,-1,-1,-1,-1,600.000,825.000,550.000,-1,1,0,2,0,2,0,0,0,0,2,2,2,2,1,0,1,2
263,-8803.283,4675.275,-252.373,-52.123,0,0.80876,0.87520,48.525,1.750,400.000,425.000,-1,400.000,-1,325.000,325.000,300.000,300.000,-1,-1,-1,-1,575.000,825.000,475.000,-1,1,0,2,0,2,0,0,0,0,2,2,2,2,1,0,1,2
264,-8772.082,4637.915,-249.257,-50.133,0,0.81124,0.99520,48.675,1.990,375.000,400.000,-1,400.000,-1,325.000,325.000,300.000,300.000,-1,-1,-1,-1,525.000,850.000,425.000,-1,1,1,2,0,2,0,0,0,0,2,2,2,2,1,0,1,2
265,-8739.462,4601.517,-246.231,-48.133,0,0.81461,1.00000,48.876,2.000,325.000,375.000,-1,400.000,-1,325.000,325.000,300.000,300.000,-1,-1,-1,-1,500.000,850.000,375.000,-1,1,1,2,0,2,0,0,0,0,2,2,2,2,1,0,1,2
266,-8705.456,4566.140,-243.297,-46.133,0,0.81785,1.00000,49.071,2.000,275.000,350.000,-1,400.000,-1,325.000,325.000,300.000,300.000,-1,-1,-1,-1,450.000,875.000,325.000,-1,1,1,2,0,2,0,0,0,0,2,2,2,2,1,0,1,2
267,-8667.817,4529.622,-240.281,-44.133,0,0.87405,1.00000,52.443,2.000,250.000,325.000,-1,400.000,-1,325.000,325.000,300.000,300.000,-1,-1,-1,-1,425.000,875.000,275.000,-1,1,1,2,0,2,1,0,0,0,2,2,2,2,1,0,1,2
268,-8628.600,4494.147,-237.343,-42.133,0,0.88136,1.00000,52.882,2.000,200.000,275.000,-1,425.000,-1,300.000,325.000,300.000,300.000,-1,-1,-1,-1,375.000,875.000,225.000,-1,1,1,2,0,2,1,0,0,0,2,2,2,2,1,0,1,2
269,-8587.840,4459.784,-231.092,-40.133,0,0.88854,1.00000,53.312,2.000,200.000,275.000,-1,425.000,-1,275.000,325.000,325.000,275.000,-1,-1,-1,-1,375.000,950.000,200.000,-1,1,1,2,1,2,1,1,1,0,2,2,2,2,1,0,1,2
270,-8549.807,4429.668,-224.806,-38.373,0,0.80854,0.88000,48.512,1.760,175.000,275.000,-1,450.000,-1,275.000,325.000,325.000,275.000,-1,-1,1000.000,-1,375.000,-1,200.000,-1,1,1,2,1,2,1,1,1,0,2,2,0,2,1,2,1,2
271,-8514.829,4403.452,-219.196,-36.853,0,0.72854,0.76000,43.712,1.520,175.000,275.000,-1,450.000,-1,275.000,325.000,325.000,275.000,-1,800.000,450.000,-1,375.000,-1,200.000,-1,1,1,2,1,2,1,1,1,0,2,0,0,2,1,2,1,2
272,-8483.179,4380.815,-214.245,-35.573,0,0.64854,0.64000,38.912,1.280,175.000,275.000,-1,450.000,-1,275.000,325.000,325.000,250.000,-1,575.000,250.000,825.000,375.000,-1,200.000,-1,1,1,2,1,2,1,1,1,0,2,0,0,0,1,2,1,2
273,-8455.078,4361.477,-209.936,-34.533,0,0.56854,0.52000,34.112,1.040,175.000,275.000,-1,475.000,-1,275.000,325.000,325.000,250.000,-1,450.000,175.000,650.000,375.000,-1,175.000,-1,1,1,2,1,2,1,1,1,0,2,0,0,0,1,2,1,2
274,-8430.640,4345.291,-206.285,-33.518,0,0.48854,0.50755,29.312,1.015,175.000,275.000,-1,475.000,-1,275.000,325.000,325.000,250.000,-1,375.000,125.000,550.000,375.000,-1,175.000,-1,1,1,2,1,2,1,1,1,0,2,0,0,0,1,2,1,2
275,-8409.964,4332.124,-203.270,-32.491,0,0.40854,0.51361,24.512,1.027,175.000,275.000,-1,500.000,-1,275.000,325.000,350.000,250.000,-1,350.000,100.000,500.000,375.000,-1,175.000,-1,1,1,2,1,2,1,1,1,0,2,0,0,0,1,2,1,2
276,-8393.149,4321.838,-200.881,-31.456,0,0.32854,0.51746,19.712,1.035,175.000,250.000,-1,500.000,-1,250.000,325.000,350.000,250.000,-1,325.000,100.000,450.000,375.000,-1,175.000,-1,1,1,2,1,2,1,1,1,0,2,0,0,0,1,2,1,2
277,-8380.289,4314.288,-199.114,-30.418,0,0.24854,0.51904,14.912,1.038,175.000,250.000,-1,525.000,-1,250.000,325.000,350.000,250.000,-1,300.000,75.000,425.000,375.000,-1,175.000,-1,1,1,2,1,2,1,1,1,0,2,0,0,0,1,2,1,2
278,-8371.477,4309.327,-197.970,-29.381,0,0.16854,0.51832,10.112,1.037,175.000,250.000,-1,500.000,-1,250.000,325.000,350.000,250.000,-1,300.000,75.000,400.000,350.000,-1,175.000,-1,1,1,2,1,2,1,1,1,0,2,0,0,0,1,2,1,2
279,8199.153,-7543.220,222.461,-32.303,1,0.00000,0.00000,5.312,1.031,-1,400.000,-1,400.000,-1,325.000,325.000,300.000,300.000,-1,-1,-1,-1,750.000,725.000,-1,-1,2,0,2,0,2,0,0,0,0,2,2,2,2,0,0,2,2
280,8203.220,-7545.768,222.076,-32.063,0,0.08000,0.12000,4.800,0.240,-1,400.000,-1,400.000,-1,325.000,325.000,300.000,300.000,-1,-1,-1,-1,750.000,725.000,-1,-1,2,0,2,0,2,0,0,0,0,2,2,2,2,0,0,2,2
281,8211.398,-7550.796,221.304,-31.583,0,0.16000,0.24000,9.600,0.480,-1,400.000,-1,400.000,-1,325.000,325.000,300.000,300.000,-1,-1,-1,-1,750.000,725.000,-1,-1,2,0,2,0,2,0,0,0,0,2,2,2,2,0,0,2,2
282,8223.759,-7558.183,220.141,-30.863,0,0.24000,0.36000,14.400,0.720,-1,400.000,-1,400.000,-1,325.000,325.000,300.000,300.000,-1,-1,-1,-1,750.000,725.000,-1,-1,2,0,2,0,2,0,0,0,0,2,2,2,2,0,0,2,2
283,8240.367,-7567.818,218.586,-30.120,0,0.32000,0.37156,19.200,0.743,-1,400.000,-1,400.000,-1,325.000,325.000,300.000,300.000,-1,-1,-1,-1,750.000,725.000,-1,-1,2,0,2,0,2,0,0,0,0,2,2,2,2,0,0,2,2
284,8261.281,-7579.591,216.635,-29.376,0,0.40000,0.37156,24.000,0.743,-1,400.000,-1,400.000,-1,325.000,325.000,300.000,300.000,-1,-1,-1,-1,750.000,725.000,-1,-1,2,0,2,0,2,0,0,0,0,2,2,2,2,0,0,2,2
285,8286.559,-7593.392,214.286,-28.633,0,0.48000,0.37156,28.800,0.743,-1,400.000,-1,400.000,-1,325.000,325.000,300.000,300.000,-1,-1,-1,-1,750.000,725.000,-1,-1,2,0,2,0,2,0,0,0,0,2,2,2,2,0,0,2,2
286,8316.256,-7609.109,211.534,-27.890,0,0.56000,0.37156,33.600,0.743,-1,400.000,-1,400.000,-1,325.000,325.000,300.000,300.000,-1,-1,-1,-1,725.000,725.000,-1,-1,2,0,2,0,2,0,0,0,0,2,2,2,2,0,0,2,2
287,8350.426,-7626.630,208.377,-27.147,0,0.64000,0.37156,38.400,0.743,-1,400.000,-1,400.000,-1,325.000,325.000,300.000,300.000,-1,-1,-1,-1,725.000,700.000,-1,-1,2,0,2,0,2,0,0,0,0,2,2,2,2,0,0,2,2
288,8387.626,-7645.100,204.890,-26.404,0,0.69221,0.37156,41.533,0.743,-1,375.000,-1,375.000,-1,325.000,325.000,300.000,300.000,-1,-1,-1,-1,725.000,700.000,-1,-1,2,0,2,0,2,0,0,0,0,2,2,2,2,0,0,2,2
289,8425.062,-7663.085,201.383,-25.661,0,0.69221,0.37156,41.533,0.743,-1,375.000,-1,375.000,-1,325.000,325.000,300.000,300.000,-1,-1,-1,-1,725.000,700.000,-1,-1,2,0,2,0,2,0,0,0,0,2,2,2,2,0,0,2,2
290,8462.729,-7680.584,197.902,-24.918,0,0.69221,0.37156,41.533,0.743,-1,375.000,-1,375.000,-1,325.000,325.000,300.000,300.000,-1,-1,-1,-1,725.000,700.000,-1,-1,2,0,2,0,2,0,0,0,0,2,2,2,2,0,0,2,2
291,8500.619,-7697.592,194.459,-24.175,0,0.69221,0.37156,41.533,0.743,-1,375.000,-1,375.000,-1,325.000,325.000,300.000,300.000,-1,-1,-1,-1,725.000,700.000,-1,-1,2,0,2,0,2,0,0,0,0,2,2,2,2,0,0,2,2
292,8538.727,-7714.107,191.010,-23.431,0,0.69221,0.37156,41.533,0.743,-1,375.000,-1,375.000,-1,325.000,325.000,300.000,300.000,-1,-1,-1,-1,725.000,700.000,-1,-1,2,0,2,0,2,0,0,0,0,2,2,2,2,0,0,2,2
293,8581.399,-7732.158,187.161,-22.928,0,0.77221,0.25156,46.333,0.503,-1,375.000,-1,375.000,-1,325.000,325.000,300.000,300.000,-1,-1,-1,-1,700.000,700.000,-1,-1,2,0,2,0,2,0,0,0,0,2,2,2,2,0,0,2,2
294,8625.845,-7750.718,183.119,-22.665,0,0.80277,0.13156,48.166,0.263,-1,375.000,-1,375.000,-1,325.000,300.000,300.000,300.000,-1,-1,-1,-1,700.000,700.000,-1,-1,2,0,2,0,2,0,0,0,0,2,2,2,2,0,0,2,2
295,8670.299,-7769.261,179.143,-22.642,0,0.80277,0.01156,48.166,0.023,-1,375.000,-1,375.000,-1,325.000,300.000,300.000,300.000,-1,-1,-1,-1,700.000,700.000,-1,-1,2,0,2,0,2,0,0,0,0,2,2,2,2,0,0,2,2
296,8714.683,-7787.972,175.249,-22.859,0,0.80277,-0.10844,48.166,-0.217,-1,375.000,-1,375.000,-1,325.000,325.000,300.000,300.000,-1,-1,-1,-1,700.000,700.000,-1,-1,2,0,2,0,2,0,0,0,0,2,2,2,2,0,0,2,2
297,8758.916,-7807.036,171.365,-23.316,0,0.80277,-0.22844,48.166,-0.457,-1,375.000,-1,375.000,-1,325.000,325.000,300.000,300.000,-1,-1,-1,-1,675.000,700.000,-1,-1,2,0,2,0,2,0,0,0,0,2,2,2,2,0,0,2,2
298,8802.913,-7826.637,167.492,-24.013,0,0.80277,-0.34844,48.166,-0.697,-1,375.000,-1,375.000,-1,325.000,325.000,300.000,300.000,-1,-1,-1,-1,675.000,675.000,-1,-1,2,0,2,0,2,0,0,0,0,2,2,2,2,0,0,2,2
299,8846.585,-7846.954,163.672,-24.950,0,0.80277,-0.46844,48.166,-0.937,-1,375.000,-1,375.000,-1,325.000,325.000,300.000,300.000,-1,-1,-1,-1,675.000,675.000,-1,-1,2,0,2,0,2,0,0,0,0,2,2,2,2,0,0,2,2
