timestep,x_cm,y_cm,z_cm,yaw_deg,teleport_flag,throttle_cmd,steering_cmd,cmd_move_cm,cmd_turn_deg,lidar_cm_0,lidar_cm_1,lidar_cm_2,lidar_cm_3,lidar_cm_4,lidar_cm_5,lidar_cm_6,lidar_cm_7,lidar_cm_8,lidar_cm_9,lidar_cm_10,lidar_cm_11,lidar_cm_12,lidar_cm_13,lidar_cm_14,lidar_cm_15,lidar_cm_16,lidar_class_0,lidar_class_1,lidar_class_2,lidar_class_3,lidar_class_4,lidar_class_5,lidar_class_6,lidar_class_7,lidar_class_8,lidar_class_9,lidar_class_10,lidar_class_11,lidar_class_12,lidar_class_13,lidar_class_14,lidar_class_15,lidar_class_16
0,3612.415,-4263.221,-251.415,-175.960,1,-0.08000,-0.12000,-4.800,-0.240,-1,400.000,-1,400.000,-1,325.000,325.000,300.000,300.000,-1,850.000,725.000,-1,775.000,775.000,-1,-1,2,0,2,0,2,0,0,0,0,2,0,0,2,0,0,2,2
1,3621.994,-4262.586,-251.740,-176.205,0,-0.16000,-0.12258,-9.600,-0.245,-1,400.000,-1,400.000,-1,325.000,325.000,300.000,300.000,-1,850.000,725.000,-1,775.000,775.000,-1,-1,2,0,2,0,2,0,0,0,0,2,0,0,2,0,0,2,2
2,3636.366,-4261.694,-252.230,-176.450,0,-0.24000,-0.12236,-14.400,-0.245,-1,400.000,-1,400.000,-1,325.000,325.000,300.000,300.000,-1,825.000,700.000,-1,775.000,775.000,-1,-1,2,0,2,0,2,0,0,0,0,2,0,0,2,0,0,2,2
3,3655.535,-4260.587,-252.887,-176.694,0,-0.32000,-0.12211,-19.200,-0.244,-1,400.000,-1,400.000,-1,325.000,325.000,300.000,300.000,-1,825.000,700.000,-1,750.000,775.000,-1,-1,2,0,2,0,2,0,0,0,0,2,0,0,2,0,0,2,2
4,3679.500,-4259.304,-253.713,-176.937,0,-0.40000,-0.12184,-24.000,-0.244,-1,400.000,-1,400.000,-1,325.000,325.000,300.000,300.000,-1,800.000,675.000,-1,750.000,775.000,-1,-1,2,0,2,0,2,0,0,0,0,2,0,0,2,0,0,2,2
5,3708.267,-4257.918,-254.714,-177.241,0,-0.48000,-0.15201,-28.800,-0.304,-1,400.000,-1,400.000,-1,325.000,325.000,300.000,300.000,-1,775.000,650.000,-1,750.000,775.000,-1,-1,2,0,2,0,2,0,0,0,0,2,0,0,2,0,0,2,2
6,3737.311,-4256.678,-255.732,-177.554,0,-0.48451,-0.15648,-29.071,-0.313,-1,400.000,-1,400.000,-1,325.000,325.000,300.000,300.000,-1,775.000,625.000,-1,750.000,775.000,-1,-1,2,0,2,0,2,0,0,0,0,2,0,0,2,0,0,2,2
7,3766.567,-4255.593,-256.768,-177.876,0,-0.48792,-0.16098,-29.275,-0.322,-1,400.000,-1,400.000,-1,325.000,325.000,300.000,300.000,-1,750.000,600.000,-1,750.000,775.000,-1,-1,2,0,2,0,2,0,0,0,0,2,0,0,2,0,0,2,2
8,3796.031,-4254.671,-257.820,-178.207,0,-0.49132,-0.16549,-29.479,-0.331,-1,400.000,-1,400.000,-1,325.000,325.000,300.000,300.000,-1,725.000,575.000,-1,750.000,775.000,-1,-1,2,0,2,0,2,0,0,0,0,2,0,0,2,0,0,2,2
9,3825.704,-4253.918,-258.891,-178.547,0,-0.49470,-0.17002,-29.682,-0.340,-1,400.000,-1,400.000,-1,325.000,325.000,300.000,300.000,-1,700.000,575.000,-1,750.000,775.000,-1,-1,2,0,2,0,2,0,0,0,0,2,0,0,2,0,0,2,2
10,3855.581,-4253.343,-259.980,-178.896,0,-0.49805,-0.17456,-29.883,-0.349,-1,400.000,-1,400.000,-1,325.000,325.000,300.000,300.000,-1,700.000,550.000,-1,750.000,775.000,-1,-1,2,0,2,0,2,0,0,0,0,2,0,0,2,0,0,2,2
11,3885.662,-4252.951,-261.087,-179.255,0,-0.50138,-0.17912,-30.083,-0.358,-1,400.000,-1,400.000,-1,325.000,325.000,300.000,300.000,-1,675.000,525.000,-1,750.000,775.000,-1,-1,2,0,2,0,2,0,0,0,0,2,0,0,2,0,0,2,2
12,3915.941,-4252.752,-262.214,-179.622,0,-0.50467,-0.18369,-30.280,-0.367,-1,375.000,-1,400.000,-1,325.000,325.000,300.000,300.000,-1,650.000,500.000,-1,750.000,775.000,-1,-1,2,0,2,0,2,0,0,0,0,2,0,0,2,0,0,2,2
13,3946.417,-4252.751,-263.335,-179.999,0,-0.50793,-0.18827,-30.476,-0.377,-1,375.000,-1,400.000,-1,325.000,325.000,300.000,300.000,-1,650.000,475.000,-1,750.000,775.000,-1,-1,2,0,2,0,2,0,0,0,0,2,0,0,2,0,0,2,2
14,3977.084,-4252.957,-264.219,-180.384,0,-0.51113,-0.19285,-30.668,-0.386,-1,375.000,-1,400.000,-1,325.000,325.000,300.000,300.000,-1,650.000,500.000,-1,750.000,775.000,-1,-1,2,0,2,0,2,0,0,0,0,2,0,0,2,0,0,2,2
15,4007.938,-4253.376,-265.123,-180.779,0,-0.51429,-0.19744,-30.857,-0.395,-1,375.000,-1,400.000,-1,325.000,325.000,300.000,300.000,-1,650.000,525.000,1000.000,725.000,775.000,-1,-1,2,0,2,0,2,0,0,0,0,2,0,0,1,0,0,2,2
16,4038.974,-4254.017,-266.047,-181.183,0,-0.51738,-0.20203,-31.043,-0.404,-1,375.000,-1,400.000,-1,325.000,325.000,300.000,300.000,-1,650.000,550.000,950.000,725.000,775.000,-1,-1,2,0,2,0,2,0,0,0,0,2,0,0,1,0,0,2,2
17,4070.186,-4254.887,-266.993,-181.597,0,-0.52040,-0.20662,-31.224,-0.413,-1,375.000,-1,400.000,-1,325.000,325.000,300.000,325.000,-1,625.000,550.000,925.000,725.000,775.000,-1,-1,2,0,2,0,2,0,0,0,0,2,0,1,1,0,0,2,2
18,4101.568,-4255.994,-267.962,-182.019,0,-0.52335,-0.21121,-31.401,-0.422,-1,375.000,-1,400.000,-1,325.000,325.000,300.000,325.000,-1,625.000,525.000,875.000,725.000,775.000,-1,-1,2,0,2,0,2,0,0,0,0,2,0,1,1,0,0,2,2
19,4133.111,-4257.344,-268.954,-182.451,0,-0.52620,-0.21579,-31.572,-0.432,-1,375.000,-1,400.000,-1,325.000,325.000,300.000,325.000,-1,625.000,525.000,850.000,725.000,775.000,-1,-1,2,0,2,0,2,0,0,0,0,2,0,1,1,0,0,2,2
20,4164.808,-4258.944,-269.970,-182.891,0,-0.52896,-0.22036,-31.738,-0.441,-1,375.000,-1,400.000,-1,325.000,325.000,300.000,325.000,-1,625.000,525.000,800.000,725.000,775.000,-1,-1,2,0,2,0,2,0,0,0,0,2,0,1,1,0,0,2,2
21,4196.650,-4260.803,-271.011,-183.341,0,-0.53160,-0.22491,-31.896,-0.450,-1,375.000,-1,400.000,-1,325.000,325.000,300.000,325.000,-1,625.000,500.000,775.000,725.000,775.000,-1,-1,2,0,2,0,2,0,0,0,0,2,0,1,1,0,0,2,2
22,4228.627,-4262.927,-272.079,-183.800,0,-0.53413,-0.22945,-32.048,-0.459,-1,375.000,-1,400.000,-1,300.000,325.000,300.000,325.000,-1,600.000,500.000,725.000,700.000,775.000,-1,-1,2,0,2,0,2,0,0,0,0,2,0,0,1,0,0,2,2
23,4255.791,-4265.065,-273.017,-184.499,0,-0.45413,-0.34945,-27.248,-0.699,-1,375.000,-1,400.000,-1,300.000,325.000,300.000,325.000,-1,625.000,500.000,700.000,700.000,775.000,-1,-1,2,0,2,0,2,0,0,0,0,2,0,0,1,0,0,2,2
24,4278.137,-4267.192,-273.825,-185.438,0,-0.37413,-0.46945,-22.448,-0.939,-1,375.000,-1,400.000,-1,300.000,325.000,300.000,325.000,-1,625.000,500.000,675.000,700.000,775.000,-1,-1,2,0,2,0,2,0,0,0,0,2,0,0,1,0,0,2,2
25,4296.548,-4269.327,-274.529,-186.617,0,-0.30890,-0.58945,-18.534,-1.179,-1,375.000,-1,400.000,-1,300.000,325.000,300.000,325.000,-1,650.000,500.000,650.000,700.000,775.000,-1,-1,2,0,2,0,2,0,0,0,0,2,0,0,1,0,0,2,2
26,4314.911,-4271.920,-275.273,-188.036,0,-0.30909,-0.70945,-18.545,-1.419,-1,375.000,-1,400.000,-1,300.000,325.000,300.000,325.000,-1,675.000,500.000,625.000,700.000,775.000,-1,-1,2,0,2,0,2,0,0,0,0,2,0,0,1,0,0,2,2
27,4333.177,-4275.040,-276.062,-189.694,0,-0.30885,-0.82945,-18.531,-1.659,-1,375.000,-1,400.000,-1,300.000,325.000,300.000,300.000,-1,725.000,525.000,600.000,700.000,775.000,-1,-1,2,0,2,0,2,0,0,0,0,2,0,0,1,0,0,2,2
28,4351.300,-4278.691,-276.891,-191.389,0,-0.30811,-0.84743,-18.487,-1.695,-1,375.000,-1,400.000,-1,300.000,325.000,300.000,300.000,-1,800.000,550.000,575.000,700.000,775.000,-1,-1,2,0,2,0,2,0,0,0,0,2,0,0,1,0,0,2,2
29,4369.245,-4282.863,-277.758,-193.089,0,-0.30705,-0.84972,-18.423,-1.699,-1,375.000,-1,400.000,-1,300.000,325.000,300.000,300.000,-1,925.000,575.000,550.000,700.000,775.000,-1,-1,2,0,2,0,2,0,0,0,0,2,0,0,1,0,0,2,2
30,4386.979,-4287.546,-278.662,-194.793,0,-0.30570,-0.85193,-18.342,-1.704,-1,375.000,-1,400.000,-1,300.000,325.000,300.000,300.000,-1,-1,600.000,525.000,700.000,775.000,-1,-1,2,0,2,0,2,0,0,0,0,2,2,0,1,0,0,2,2
31,4404.470,-4292.728,-279.602,-196.501,0,-0.30404,-0.85405,-18.243,-1.708,-1,375.000,-1,400.000,-1,325.000,325.000,300.000,300.000,-1,-1,675.000,525.000,700.000,775.000,-1,-1,2,0,2,0,2,0,0,0,0,2,2,0,1,0,0,2,2
32,4421.687,-4298.393,-280.576,-198.213,0,-0.30208,-0.85608,-18.125,-1.712,-1,375.000,-1,400.000,-1,325.000,325.000,300.000,300.000,-1,-1,800.000,525.000,700.000,800.000,-1,-1,2,0,2,0,2,0,0,0,0,2,2,0,1,0,0,2,2
33,4438.599,-4304.524,-281.581,-199.929,0,-0.29982,-0.85801,-17.989,-1.716,-1,375.000,-1,400.000,-1,325.000,325.000,300.000,300.000,-1,-1,975.000,525.000,700.000,800.000,-1,-1,2,0,2,0,2,0,0,0,0,2,2,0,1,0,0,2,2
34,4450.838,-4309.440,-282.371,-201.885,0,-0.21982,-0.97801,-13.189,-1.956,-1,375.000,-1,400.000,-1,325.000,325.000,300.000,300.000,-1,-1,-1,525.000,700.000,800.000,-1,-1,2,0,2,0,2,0,0,0,0,2,2,2,1,0,0,2,2
35,4458.509,-4312.837,-282.915,-203.885,0,-0.13982,-1.00000,-8.389,-2.000,-1,375.000,-1,400.000,-1,325.000,325.000,300.000,300.000,-1,-1,-1,525.000,700.000,800.000,-1,-1,2,0,2,0,2,0,0,0,0,2,2,2,1,0,0,2,2
36,4461.738,-4314.404,-283.118,-205.885,0,-0.05982,-1.00000,-3.589,-2.000,-1,375.000,-1,400.000,-1,325.000,325.000,300.000,300.000,-1,-1,-1,550.000,725.000,800.000,-1,-1,2,0,2,0,2,0,0,0,0,2,2,2,1,0,0,2,2
37,4460.668,-4313.838,-283.039,-207.885,0,0.02018,-1.00000,1.211,-2.000,-1,375.000,-1,400.000,-1,325.000,325.000,300.000,300.000,-1,-1,-1,575.000,725.000,800.000,-1,-1,2,0,2,0,2,0,0,0,0,2,2,2,1,0,0,2,2
38,4455.456,-4310.843,-282.676,-209.885,0,0.10018,-1.00000,6.011,-2.000,-1,375.000,-1,400.000,-1,325.000,325.000,300.000,300.000,-1,-1,-1,625.000,725.000,800.000,-1,-1,2,0,2,0,2,0,0,0,0,2,2,2,1,0,0,2,2
39,4446.277,-4305.133,-282.020,-211.885,0,0.18018,-1.00000,10.811,-2.000,-1,375.000,-1,400.000,-1,325.000,325.000,300.000,300.000,-1,-1,-1,675.000,725.000,800.000,-1,-1,2,0,2,0,2,0,0,0,0,2,2,2,1,0,0,2,2
40,4433.317,-4296.429,-281.058,-213.885,0,0.26018,-1.00000,15.611,-2.000,-1,375.000,-1,400.000,-1,325.000,325.000,300.000,300.000,-1,-1,-1,725.000,750.000,800.000,-1,-1,2,0,2,0,2,0,0,0,0,2,2,2,1,0,0,2,2
41,4416.781,-4284.465,-279.771,-215.885,0,0.34018,-1.00000,20.411,-2.000,-1,400.000,-1,400.000,-1,325.000,325.000,300.000,300.000,-1,-1,-1,800.000,750.000,800.000,-1,-1,2,0,2,0,2,0,0,0,0,2,2,2,1,0,0,2,2
42,4396.883,-4268.984,-278.154,-217.885,0,0.42018,-1.00000,25.211,-2.000,-1,400.000,-1,400.000,-1,325.000,325.000,300.000,300.000,-1,-1,-1,900.000,750.000,800.000,-1,-1,2,0,2,0,2,0,0,0,0,2,2,2,1,0,0,2,2
43,4373.855,-4249.740,-276.229,-219.885,0,0.50018,-1.00000,30.011,-2.000,-1,400.000,-1,400.000,-1,325.000,325.000,300.000,300.000,-1,-1,-1,-1,750.000,775.000,-1,-1,2,0,2,0,2,0,0,0,0,2,2,2,2,0,0,2,2
44,4347.939,-4226.499,-274.020,-221.885,0,0.58018,-1.00000,34.811,-2.000,-1,400.000,-1,400.000,-1,325.000,325.000,300.000,300.000,-1,-1,-1,-1,750.000,775.000,-1,-1,2,0,2,0,2,0,0,0,0,2,2,2,2,0,0,2,2
45,4319.390,-4199.040,-271.449,-223.885,0,0.66018,-1.00000,39.611,-2.000,-1,400.000,-1,400.000,-1,325.000,325.000,300.000,300.000,-1,-1,-1,-1,750.000,775.000,-1,-1,2,0,2,0,2,0,0,0,0,2,2,2,2,0,0,2,2
46,4288.475,-4167.156,-268.520,-225.885,0,0.74018,-1.00000,44.411,-2.000,-1,400.000,-1,400.000,-1,325.000,325.000,300.000,300.000,-1,-1,-1,-1,775.000,775.000,-1,-1,2,0,2,0,2,0,0,0,0,2,2,2,2,0,0,2,2
47,4255.544,-4130.729,-265.285,-227.885,0,0.81843,-1.00000,49.106,-2.000,-1,400.000,-1,400.000,-1,325.000,325.000,300.000,300.000,-1,-1,-1,-1,775.000,750.000,-1,-1,2,0,2,0,2,0,0,0,0,2,2,2,2,0,0,2,2
48,4223.866,-4093.131,-261.926,-229.885,0,0.81940,-1.00000,49.164,-2.000,-1,400.000,-1,400.000,-1,325.000,325.000,300.000,300.000,-1,-1,-1,-1,775.000,750.000,-1,-1,2,0,2,0,2,0,0,0,0,2,2,2,2,0,0,2,2
49,4193.484,-4054.404,-258.560,-231.885,0,0.82038,-1.00000,49.223,-2.000,-1,400.000,-1,400.000,-1,325.000,325.000,300.000,300.000,-1,-1,-1,-1,775.000,750.000,-1,-1,2,0,2,0,2,0,0,0,0,2,2,2,2,0,0,2,2
50,4164.437,-4014.592,-255.210,-233.885,0,0.82137,-1.00000,49.282,-2.000,-1,400.000,-1,375.000,-1,325.000,325.000,300.000,300.000,-1,-1,-1,-1,750.000,725.000,-1,-1,2,0,2,0,2,0,0,0,0,2,2,2,2,0,0,2,2
51,4136.763,-3973.741,-251.636,-235.885,0,0.82238,-1.00000,49.343,-2.000,-1,400.000,-1,375.000,-1,325.000,325.000,300.000,300.000,-1,-1,-1,-1,775.000,725.000,-1,-1,2,0,2,0,2,0,0,0,0,2,2,2,2,0,0,2,2
52,4110.499,-3931.897,-248.085,-237.885,0,0.82339,-1.00000,49.403,-2.000,-1,400.000,-1,375.000,-1,325.000,325.000,300.000,300.000,-1,-1,-1,-1,775.000,725.000,-1,-1,2,0,2,0,2,0,0,0,0,2,2,2,2,0,0,2,2
53,4085.681,-3889.110,-244.560,-239.885,0,0.82440,-1.00000,49.464,-2.000,-1,400.000,-1,375.000,-1,325.000,325.000,300.000,300.000,-1,-1,-1,-1,775.000,725.000,-1,-1,2,0,2,0,2,0,0,0,0,2,2,2,2,0,0,2,2
54,4062.342,-3845.428,-241.076,-241.885,0,0.82542,-1.00000,49.525,-2.000,-1,400.000,-1,375.000,-1,325.000,325.000,300.000,300.000,-1,-1,-1,-1,775.000,700.000,-1,-1,2,0,2,0,2,0,0,0,0,2,2,2,2,0,0,2,2
55,4040.516,-3800.905,-237.685,-243.885,0,0.82643,-1.00000,49.586,-2.000,-1,400.000,-1,375.000,-1,325.000,325.000,300.000,300.000,-1,-1,-1,-1,775.000,700.000,-1,-1,2,0,2,0,2,0,0,0,0,2,2,2,2,0,0,2,2
56,4020.232,-3755.591,-234.201,-245.885,0,0.82744,-1.00000,49.646,-2.000,-1,400.000,-1,375.000,-1,325.000,325.000,300.000,300.000,-1,-1,-1,-1,775.000,700.000,-1,-1,2,0,2,0,2,0,0,0,0,2,2,2,2,0,0,2,2
57,4001.519,-3709.541,-230.685,-247.885,0,0.82845,-1.00000,49.707,-2.000,-1,400.000,-1,375.000,-1,325.000,325.000,300.000,300.000,-1,-1,-1,-1,775.000,700.000,-1,-1,2,0,2,0,2,0,0,0,0,2,2,2,2,0,0,2,2
58,3984.404,-3662.810,-227.204,-249.885,0,0.82944,-1.00000,49.766,-2.000,-1,400.000,-1,375.000,-1,325.000,325.000,300.000,300.000,-1,-1,-1,-1,775.000,675.000,-1,-1,2,0,2,0,2,0,0,0,0,2,2,2,2,0,0,2,2
59,3968.912,-3615.454,-223.755,-251.885,0,0.83043,-1.00000,49.826,-2.000,-1,400.000,-1,375.000,-1,325.000,325.000,300.000,300.000,-1,-1,-1,-1,775.000,675.000,-1,-1,2,0,2,0,2,0,0,0,0,2,2,2,2,0,0,2,2
60,3955.066,-3567.531,-220.330,-253.885,0,0.83140,-1.00000,49.884,-2.000,-1,400.000,-1,375.000,-1,325.000,325.000,300.000,300.000,-1,-1,-1,-1,775.000,675.000,-1,-1,2,0,2,0,2,0,0,0,0,2,2,2,2,0,0,2,2
61,3942.886,-3519.097,-216.895,-255.885,0,0.83236,-1.00000,49.942,-2.000,-1,400.000,-1,375.000,-1,325.000,325.000,300.000,300.000,-1,-1,-1,-1,775.000,675.000,-1,-1,2,0,2,0,2,0,0,0,0,2,2,2,2,0,0,2,2
62,3933.412,-3474.961,-213.729,-257.885,0,0.75236,-1.00000,45.142,-2.000,-1,400.000,-1,375.000,1000.000,325.000,325.000,300.000,300.000,-1,-1,-1,-1,775.000,650.000,-1,-1,2,0,2,0,0,0,0,0,0,2,2,2,2,0,0,2,2
63,3926.327,-3435.246,-210.925,-259.885,0,0.67236,-1.00000,40.342,-2.000,-1,400.000,-1,375.000,975.000,325.000,300.000,300.000,300.000,-1,-1,-1,-1,775.000,650.000,-1,-1,2,0,2,0,0,0,0,0,0,2,2,2,2,0,0,2,2
64,3921.310,-3400.060,-208.471,-261.885,0,0.59236,-1.00000,35.542,-2.000,-1,400.000,-1,375.000,950.000,325.000,300.000,300.000,300.000,-1,-1,-1,-1,775.000,650.000,-1,-1,2,0,2,0,0,0,0,0,0,2,2,2,2,0,0,2,2
65,3918.035,-3369.494,-206.338,-263.885,0,0.51236,-1.00000,30.742,-2.000,-1,400.000,-1,375.000,925.000,325.000,300.000,300.000,300.000,-1,750.000,-1,-1,775.000,625.000,-1,-1,2,0,2,0,0,0,0,0,0,2,0,2,2,0,0,2,2
66,3916.174,-3343.619,-204.537,-265.885,0,0.43236,-1.00000,25.942,-2.000,-1,400.000,-1,350.000,900.000,325.000,300.000,300.000,300.000,-1,575.000,-1,-1,775.000,625.000,-1,-1,2,0,2,0,0,0,0,0,0,2,0,2,2,0,0,2,2
67,3915.393,-3322.492,-203.066,-267.885,0,0.35236,-1.00000,21.142,-2.000,-1,400.000,-1,350.000,875.000,325.000,300.000,300.000,300.000,-1,525.000,800.000,-1,775.000,625.000,-1,-1,2,0,2,0,0,0,0,0,0,2,0,0,2,0,0,2,2
68,3915.361,-3306.150,-201.920,-269.885,0,0.27236,-1.00000,16.342,-2.000,-1,400.000,-1,350.000,875.000,300.000,300.000,300.000,300.000,-1,500.000,650.000,-1,750.000,625.000,-1,-1,2,0,2,0,0,0,0,0,0,2,0,0,2,0,0,2,2
69,3915.740,-3294.615,-201.090,-271.885,0,0.19236,-1.00000,11.542,-2.000,-1,375.000,-1,350.000,875.000,300.000,300.000,300.000,300.000,-1,475.000,600.000,-1,750.000,625.000,-1,1000.000,2,0,2,0,0,0,0,0,0,2,0,0,2,0,0,2,0
70,3916.197,-3287.889,-200.508,-273.885,0,0.11236,-1.00000,6.742,-2.000,-1,375.000,-1,350.000,875.000,300.000,300.000,300.000,300.000,-1,450.000,575.000,-1,750.000,600.000,-1,975.000,2,0,2,0,0,0,0,0,0,2,0,0,2,0,0,2,0
71,3916.396,-3285.958,-200.240,-275.885,0,0.03236,-1.00000,1.942,-2.000,-1,375.000,-1,350.000,850.000,300.000,300.000,300.000,300.000,-1,450.000,550.000,-1,725.000,600.000,-1,950.000,2,0,2,0,0,0,0,0,0,2,0,0,2,0,0,2,0
72,3916.004,-3288.789,-200.314,-277.885,0,-0.04764,-1.00000,-2.858,-2.000,-1,375.000,-1,350.000,850.000,300.000,300.000,300.000,300.000,-1,425.000,525.000,-1,725.000,600.000,-1,925.000,2,0,2,0,0,0,0,0,0,2,0,0,2,0,0,2,0
73,3914.689,-3296.334,-200.714,-279.885,0,-0.12764,-1.00000,-7.658,-2.000,-1,375.000,-1,350.000,875.000,300.000,300.000,300.000,300.000,-1,425.000,525.000,-1,700.000,600.000,-1,925.000,2,0,2,0,0,0,0,0,0,2,0,0,2,0,0,2,0
74,3912.123,-3308.525,-201.446,-281.885,0,-0.20764,-1.00000,-12.458,-2.000,-1,375.000,-1,350.000,875.000,300.000,300.000,300.000,300.000,-1,425.000,500.000,-1,700.000,600.000,-1,900.000,2,0,2,0,0,0,0,0,0,2,0,0,2,0,0,2,0
75,3908.804,-3321.955,-202.264,-283.885,0,-0.23056,-1.00000,-13.834,-2.000,-1,375.000,-1,350.000,875.000,300.000,300.000,300.000,300.000,-1,425.000,500.000,-1,700.000,600.000,-1,900.000,2,0,2,0,0,0,0,0,0,2,0,0,2,0,0,2,0
76,3905.065,-3335.094,-203.062,-285.885,0,-0.22769,-1.00000,-13.661,-2.000,-1,375.000,-1,350.000,900.000,300.000,300.000,300.000,300.000,-1,425.000,500.000,-1,675.000,600.000,-1,900.000,2,0,2,0,0,0,0,0,0,2,0,0,2,0,0,2,0
77,3900.921,-3347.933,-203.819,-287.885,0,-0.22485,-1.00000,-13.491,-2.000,-1,375.000,-1,350.000,900.000,300.000,300.000,300.000,300.000,-1,425.000,500.000,-1,675.000,600.000,-1,900.000,2,0,2,0,0,0,0,0,0,2,0,0,2,0,0,2,0
78,3896.389,-3360.463,-204.539,-289.885,0,-0.22207,-1.00000,-13.324,-2.000,-1,375.000,-1,350.000,925.000,300.000,300.000,300.000,300.000,-1,425.000,500.000,-1,675.000,600.000,-1,900.000,2,0,2,0,1,0,0,0,0,2,0,0,2,0,0,2,0
79,3891.483,-3372.676,-205.234,-291.885,0,-0.21936,-1.00000,-13.161,-2.000,-1,375.000,-1,350.000,925.000,300.000,300.000,300.000,300.000,-1,425.000,500.000,-1,650.000,600.000,-1,900.000,2,0,2,0,1,0,0,0,0,2,0,0,2,0,0,2,0
80,3886.218,-3384.566,-205.904,-293.885,0,-0.21672,-1.00000,-13.003,-2.000,-1,375.000,-1,350.000,900.000,300.000,300.000,300.000,325.000,-1,425.000,475.000,-1,650.000,600.000,-1,925.000,2,0,2,0,1,0,0,0,0,2,0,0,2,0,0,2,0
81,3880.608,-3396.128,-206.549,-295.885,0,-0.21418,-1.00000,-12.851,-2.000,-1,375.000,-1,350.000,900.000,300.000,300.000,300.000,325.000,-1,425.000,475.000,-1,650.000,600.000,-1,925.000,2,0,2,0,1,0,0,0,0,2,0,0,2,0,0,2,0
82,3874.666,-3407.357,-207.168,-297.885,0,-0.21174,-1.00000,-12.705,-2.000,-1,375.000,-1,375.000,875.000,300.000,300.000,300.000,325.000,-1,450.000,475.000,-1,650.000,600.000,-1,950.000,2,0,2,0,1,0,0,0,0,2,0,0,2,0,0,2,0
83,3868.406,-3418.251,-207.762,-299.885,0,-0.20942,-1.00000,-12.565,-2.000,-1,375.000,-1,375.000,875.000,300.000,300.000,300.000,325.000,-1,450.000,475.000,-1,650.000,600.000,-1,950.000,2,0,2,0,1,0,0,0,0,2,0,0,2,0,0,2,0
84,3861.838,-3428.808,-208.329,-301.885,0,-0.20721,-1.00000,-12.433,-2.000,-1,375.000,-1,375.000,875.000,300.000,300.000,300.000,325.000,-1,450.000,475.000,-1,625.000,600.000,-1,975.000,2,0,2,0,1,0,0,0,0,2,0,0,2,0,0,2,0
85,3857.583,-3435.145,-208.655,-303.885,0,-0.12721,-1.00000,-7.633,-2.000,-1,375.000,-1,375.000,850.000,300.000,300.000,300.000,325.000,-1,450.000,475.000,-1,625.000,625.000,-1,975.000,2,0,2,0,1,0,0,0,0,2,0,0,2,0,0,2,1
86,3855.922,-3437.440,-208.758,-305.885,0,-0.04721,-1.00000,-2.833,-2.000,-1,375.000,-1,350.000,850.000,300.000,300.000,325.000,325.000,-1,475.000,475.000,-1,625.000,625.000,-1,950.000,2,0,2,0,1,0,0,0,0,2,0,0,2,0,0,2,1
87,3857.130,-3435.887,-208.659,-307.885,0,0.03279,-1.00000,1.967,-2.000,-1,375.000,-1,350.000,825.000,300.000,300.000,325.000,325.000,-1,475.000,475.000,-1,625.000,625.000,-1,925.000,2,0,2,0,1,0,0,0,0,2,0,0,2,0,0,2,1
88,3861.470,-3430.695,-208.376,-309.885,0,0.11279,-1.00000,6.767,-2.000,-1,350.000,-1,350.000,825.000,300.000,300.000,325.000,325.000,-1,475.000,475.000,-1,625.000,625.000,-1,900.000,2,0,2,0,1,0,0,0,0,2,0,0,2,0,0,2,1
89,3869.192,-3422.083,-207.894,-311.885,0,0.19279,-1.00000,11.567,-2.000,-1,350.000,-1,350.000,800.000,300.000,300.000,325.000,325.000,-1,475.000,475.000,-1,625.000,625.000,-1,875.000,2,0,2,0,1,0,0,0,0,2,0,0,2,0,0,2,1
90,3880.538,-3410.287,-207.206,-313.885,0,0.27279,-1.00000,16.367,-2.000,-1,350.000,-1,350.000,800.000,300.000,300.000,325.000,325.000,-1,475.000,450.000,-1,625.000,625.000,-1,850.000,2,0,2,0,1,0,0,0,0,2,0,0,2,0,0,2,1
91,3895.735,-3395.553,-206.363,-315.885,0,0.35279,-1.00000,21.167,-2.000,-1,350.000,-1,350.000,775.000,300.000,300.000,325.000,325.000,-1,450.000,450.000,-1,600.000,625.000,-1,825.000,2,0,2,0,1,0,0,0,0,2,0,0,2,0,0,2,1
92,3914.997,-3378.138,-205.378,-317.885,0,0.43279,-1.00000,25.967,-2.000,-1,350.000,-1,350.000,750.000,300.000,300.000,325.000,325.000,-1,450.000,425.000,-1,600.000,625.000,1000.000,800.000,2,0,2,0,1,0,0,0,0,2,0,0,2,0,0,0,1
93,3938.526,-3358.314,-204.210,-319.885,0,0.51279,-1.00000,30.767,-2.000,-1,350.000,-1,375.000,725.000,300.000,300.000,325.000,325.000,-1,450.000,425.000,-1,600.000,625.000,975.000,775.000,2,0,2,0,1,0,0,0,0,2,0,0,2,0,0,0,1
94,3966.417,-3336.244,-202.846,-321.645,0,0.59279,-0.88000,35.567,-1.760,-1,350.000,-1,375.000,700.000,300.000,300.000,325.000,325.000,-1,425.000,400.000,-1,600.000,650.000,975.000,750.000,2,0,2,0,1,0,0,0,0,2,0,0,2,0,0,0,1
95,3998.726,-3312.043,-201.325,-323.165,0,0.67279,-0.76000,40.367,-1.520,-1,350.000,-1,375.000,675.000,300.000,300.000,325.000,325.000,-1,400.000,375.000,-1,600.000,650.000,975.000,700.000,2,0,2,0,1,0,0,0,0,2,0,0,2,0,0,0,1
96,4035.472,-3285.779,-199.598,-324.445,0,0.75279,-0.64000,45.167,-1.280,-1,350.000,-1,375.000,650.000,300.000,300.000,325.000,325.000,-1,400.000,350.000,-1,600.000,625.000,975.000,675.000,2,0,2,0,1,0,0,0,0,2,0,0,2,0,1,0,1
97,4076.644,-3257.467,-197.565,-325.485,0,0.83279,-0.52000,49.967,-1.040,-1,350.000,975.000,375.000,600.000,300.000,300.000,325.000,325.000,-1,375.000,350.000,-1,600.000,600.000,1000.000,625.000,2,0,1,0,1,0,0,0,0,2,0,0,2,0,1,0,1
98,4122.199,-3227.067,-195.287,-326.285,0,0.91279,-0.40000,54.767,-0.800,-1,350.000,925.000,375.000,575.000,300.000,300.000,300.000,325.000,-1,375.000,350.000,-1,600.000,575.000,-1,600.000,2,0,1,0,1,0,0,0,0,2,0,0,2,0,1,2,1
99,4172.068,-3194.490,-192.409,-326.845,0,0.99279,-0.28000,59.567,-0.560,-1,350.000,875.000,375.000,525.000,300.000,300.000,300.000,325.000,-1,350.000,325.000,-1,600.000,525.000,-1,550.000,2,0,1,0,1,0,0,0,0,2,0,0,2,0,1,2,1
100,4222.483,-3161.956,-189.330,-327.165,0,1.00000,-0.16000,60.000,-0.320,-1,350.000,825.000,375.000,475.000,300.000,300.000,325.000,325.000,-1,350.000,300.000,-1,625.000,500.000,1000.000,500.000,2,0,1,0,1,0,0,0,0,2,0,0,2,0,1,1,1
101,4272.942,-3129.493,-186.150,-327.245,0,1.00000,-0.04000,60.000,-0.080,-1,350.000,800.000,375.000,425.000,300.000,300.000,325.000,325.000,-1,325.000,300.000,-1,625.000,475.000,975.000,450.000,2,0,1,1,1,0,0,0,0,2,0,0,2,0,1,1,1
102,4323.311,-3096.890,-182.850,-327.085,0,1.00000,0.08000,60.000,0.160,-1,350.000,750.000,350.000,375.000,300.000,300.000,325.000,300.000,-1,300.000,275.000,-1,625.000,425.000,925.000,400.000,2,0,1,1,1,0,0,0,0,2,0,0,2,1,1,1,1
103,4373.450,-3063.935,-179.409,-326.685,0,1.00000,0.20000,60.000,0.400,-1,375.000,700.000,325.000,325.000,300.000,300.000,325.000,300.000,-1,300.000,250.000,-1,600.000,400.000,900.000,350.000,2,0,1,1,1,0,0,0,0,2,0,0,2,1,1,1,1
104,4423.219,-3030.423,-175.602,-326.045,0,1.00000,0.32000,60.000,0.640,-1,375.000,650.000,300.000,275.000,300.000,300.000,325.000,300.000,-1,275.000,250.000,-1,550.000,375.000,900.000,300.000,2,0,1,1,1,0,1,0,0,2,0,0,2,1,1,1,1
105,4472.467,-2996.150,-171.460,-325.165,0,1.00000,0.44000,60.000,0.880,-1,375.000,625.000,275.000,250.000,300.000,275.000,325.000,300.000,-1,300.000,275.000,-1,525.000,350.000,925.000,250.000,2,0,1,1,1,1,1,0,0,2,0,0,2,1,1,1,1
106,4521.036,-2960.921,-166.050,-324.045,0,1.00000,0.56000,60.000,1.120,-1,375.000,600.000,250.000,200.000,300.000,250.000,300.000,325.000,-1,275.000,275.000,-1,500.000,325.000,-1,200.000,2,1,1,1,1,1,1,0,0,2,0,0,2,1,1,2,1
107,4568.777,-2924.578,-155.901,-322.720,0,1.00000,0.66241,60.000,1.325,-1,375.000,650.000,250.000,200.000,275.000,250.000,300.000,350.000,-1,200.000,250.000,-1,525.000,325.000,-1,200.000,2,1,1,1,1,1,1,0,1,2,0,0,2,1,1,2,1
108,4615.701,-2887.187,-145.672,-321.451,0,1.00000,0.63478,60.000,1.270,-1,375.000,800.000,250.000,200.000,275.000,250.000,275.000,325.000,950.000,150.000,225.000,-1,575.000,325.000,-1,200.000,2,1,1,1,1,1,1,0,1,0,0,0,2,1,1,2,1
109,4661.810,-2848.795,-135.483,-320.218,0,1.00000,0.61620,60.000,1.232,-1,375.000,-1,250.000,200.000,275.000,250.000,275.000,325.000,725.000,125.000,200.000,-1,650.000,350.000,-1,200.000,2,1,2,1,1,1,1,0,1,0,0,0,2,1,1,2,1
110,4706.641,-2809.855,-125.331,-319.023,0,0.98968,0.59751,59.381,1.195,1000.000,375.000,-1,250.000,200.000,275.000,250.000,275.000,300.000,575.000,100.000,200.000,-1,-1,350.000,-1,200.000,1,1,2,1,1,1,1,0,1,0,0,0,2,2,1,2,1
111,4749.896,-2770.724,-115.326,-317.865,0,0.97215,0.57888,58.329,1.158,950.000,400.000,-1,250.000,200.000,275.000,250.000,250.000,275.000,475.000,75.000,175.000,-1,-1,375.000,-1,200.000,1,1,2,1,1,1,1,0,1,0,0,0,2,2,1,2,1
112,4791.520,-2731.561,-105.581,-316.744,0,0.95252,0.56047,57.151,1.121,925.000,425.000,-1,275.000,200.000,300.000,250.000,250.000,275.000,400.000,75.000,175.000,-1,-1,375.000,-1,200.000,1,1,2,1,1,1,1,0,1,0,0,0,2,2,1,2,1
113,4831.475,-2692.515,-96.204,-315.660,0,0.93109,0.54238,55.866,1.085,900.000,450.000,-1,275.000,175.000,300.000,250.000,250.000,250.000,350.000,50.000,175.000,-1,-1,400.000,-1,200.000,1,1,2,1,1,1,1,0,1,0,0,0,2,2,1,2,1
114,6887.288,8855.085,149.132,176.676,1,0.00000,0.00000,54.494,1.050,250.000,375.000,725.000,450.000,900.000,400.000,400.000,350.000,275.000,750.000,325.000,225.000,-1,475.000,600.000,300.000,-1,1,1,1,1,1,1,1,1,0,1,0,0,2,1,1,1,2
115,6882.497,8855.383,149.307,176.436,0,0.08000,-0.12000,4.800,-0.240,250.000,375.000,725.000,450.000,900.000,375.000,400.000,350.000,275.000,750.000,325.000,225.000,-1,475.000,600.000,300.000,-1,1,1,1,1,1,1,1,1,0,1,0,0,2,1,1,1,2
116,6872.921,8856.060,149.638,175.956,0,0.16000,-0.24000,9.600,-0.480,250.000,375.000,725.000,425.000,900.000,375.000,400.000,325.000,275.000,775.000,325.000,225.000,-1,475.000,600.000,300.000,-1,1,1,1,1,1,1,1,1,0,1,0,0,2,1,1,1,2
117,6858.570,8857.248,150.099,175.267,0,0.24000,-0.34430,14.400,-0.689,250.000,375.000,725.000,425.000,875.000,375.000,375.000,325.000,275.000,825.000,325.000,200.000,-1,450.000,600.000,325.000,-1,1,1,1,1,1,1,1,1,0,1,0,0,2,1,1,1,2
118,6839.456,8859.059,150.691,174.589,0,0.32000,-0.33911,19.200,-0.678,250.000,375.000,725.000,425.000,850.000,375.000,375.000,300.000,250.000,875.000,300.000,200.000,-1,450.000,600.000,325.000,-1,1,1,1,1,1,1,1,1,0,1,0,0,2,1,1,1,2
119,6815.591,8861.600,151.389,173.923,0,0.40000,-0.33279,24.000,-0.666,225.000,350.000,700.000,425.000,850.000,375.000,375.000,275.000,250.000,925.000,300.000,175.000,-1,450.000,600.000,325.000,-1,1,1,1,1,1,1,1,1,0,1,0,0,2,1,1,1,2
120,6786.989,8864.973,152.162,173.273,0,0.48000,-0.32525,28.800,-0.651,225.000,350.000,700.000,400.000,825.000,350.000,350.000,275.000,250.000,975.000,300.000,175.000,-1,425.000,575.000,325.000,-1,1,1,1,1,1,1,1,1,0,1,0,0,2,1,1,1,2
121,6753.666,8869.278,152.978,172.640,0,0.56000,-0.31641,33.600,-0.633,225.000,325.000,675.000,400.000,800.000,325.000,350.000,250.000,250.000,-1,275.000,175.000,-1,400.000,575.000,300.000,-1,1,1,1,1,1,1,1,1,0,2,0,0,2,1,1,1,2
122,6715.637,8874.604,153.802,172.028,0,0.64000,-0.30616,38.400,-0.612,225.000,325.000,650.000,375.000,775.000,300.000,325.000,225.000,250.000,-1,275.000,175.000,-1,400.000,550.000,275.000,-1,1,1,1,1,1,1,1,1,0,2,0,0,2,1,1,1,2
123,6672.918,8881.035,154.594,171.439,0,0.72000,-0.29444,43.200,-0.589,200.000,300.000,625.000,350.000,750.000,275.000,300.000,200.000,250.000,-1,275.000,150.000,975.000,350.000,550.000,250.000,-1,1,1,1,1,1,1,1,1,0,2,0,0,0,1,1,1,2
124,6625.526,8888.646,155.312,170.876,0,0.80000,-0.28116,48.000,-0.562,175.000,275.000,575.000,325.000,725.000,250.000,275.000,175.000,250.000,-1,275.000,150.000,950.000,325.000,525.000,200.000,-1,1,1,1,1,1,1,1,1,0,2,0,0,0,1,1,1,2
125,-9511.017,8855.085,-91.934,79.197,1,0.00000,0.00000,52.800,-0.533,725.000,400.000,-1,400.000,675.000,325.000,325.000,300.000,300.000,-1,-1,-1,-1,600.000,650.000,775.000,925.000,0,0,2,0,1,0,0,0,0,2,2,2,2,0,0,0,1
126,-9510.098,8859.796,-92.614,78.957,0,0.08000,-0.12000,4.800,-0.240,700.000,400.000,-1,400.000,650.000,325.000,325.000,300.000,300.000,-1,-1,-1,-1,600.000,650.000,750.000,925.000,0,0,2,0,1,0,0,0,0,2,2,2,2,0,0,0,1
127,-9508.180,8869.202,-93.973,78.477,0,0.16000,-0.24000,9.600,-0.480,700.000,375.000,-1,400.000,650.000,325.000,325.000,275.000,300.000,-1,-1,-1,-1,600.000,650.000,750.000,900.000,0,0,2,0,1,0,0,0,0,2,2,2,2,0,0,0,1
128,-9505.126,8883.275,-96.010,77.757,0,0.24000,-0.36000,14.400,-0.720,700.000,375.000,-1,400.000,625.000,325.000,325.000,275.000,300.000,-1,-1,-1,-1,600.000,650.000,750.000,875.000,0,0,2,0,1,0,0,0,0,2,2,2,2,0,0,0,1
129,-9500.741,8901.967,-98.723,76.797,0,0.32000,-0.48000,19.200,-0.960,675.000,375.000,-1,400.000,600.000,325.000,325.000,275.000,300.000,-1,-1,-1,-1,600.000,650.000,750.000,850.000,0,0,2,0,1,0,0,0,0,2,2,2,2,0,0,0,1
130,-9494.771,8925.213,-102.108,75.597,0,0.40000,-0.60000,24.000,-1.200,675.000,375.000,-1,400.000,575.000,325.000,325.000,275.000,300.000,-1,-1,-1,-1,600.000,625.000,725.000,800.000,0,0,2,0,1,0,0,0,0,2,2,2,2,0,0,0,1
131,-9486.908,8952.919,-106.162,74.157,0,0.48000,-0.72000,28.800,-1.440,650.000,375.000,-1,375.000,550.000,325.000,325.000,275.000,300.000,-1,-1,-1,-1,600.000,625.000,725.000,750.000,0,0,2,0,1,0,0,0,0,2,2,2,2,0,0,0,1
132,-9476.792,8984.960,-110.880,72.477,0,0.56000,-0.84000,33.600,-1.680,625.000,375.000,-1,375.000,525.000,300.000,325.000,275.000,300.000,-1,-1,-1,-1,575.000,625.000,700.000,700.000,0,0,2,0,1,0,0,0,0,2,2,2,2,0,0,0,1
133,-9464.009,9021.170,-116.253,70.557,0,0.64000,-0.96000,38.400,-1.920,600.000,350.000,-1,375.000,475.000,300.000,300.000,275.000,300.000,-1,-1,-1,-1,550.000,625.000,675.000,625.000,0,0,2,0,1,0,0,0,0,2,2,2,2,0,0,0,1
134,-9448.216,9061.380,-122.227,68.557,0,0.72000,-1.00000,43.200,-2.000,575.000,350.000,-1,375.000,450.000,300.000,300.000,275.000,300.000,-1,-1,-1,-1,550.000,600.000,650.000,575.000,0,0,2,0,1,0,0,0,0,2,2,2,2,0,0,0,1
135,-9429.120,9105.417,-128.560,66.557,0,0.80000,-1.00000,48.000,-2.000,525.000,325.000,-1,350.000,400.000,275.000,300.000,275.000,300.000,-1,-1,-1,-1,525.000,575.000,600.000,500.000,0,0,2,0,1,0,0,0,0,2,2,2,2,0,1,0,1
136,-9406.636,9153.191,-134.293,64.797,0,0.88000,-0.88000,52.800,-1.760,550.000,325.000,-1,350.000,350.000,275.000,300.000,275.000,300.000,-1,-1,-1,-1,525.000,550.000,600.000,450.000,0,0,2,0,1,0,0,0,0,2,2,2,2,0,1,0,1
137,-9382.826,9200.486,-139.533,63.277,0,0.88251,-0.76000,52.950,-1.520,625.000,325.000,-1,350.000,325.000,275.000,300.000,300.000,300.000,-1,-1,-1,-1,525.000,525.000,650.000,400.000,0,0,2,0,1,0,0,0,0,2,2,2,2,0,1,0,1
138,-9356.330,9250.309,-145.109,61.997,0,0.94050,-0.64000,56.430,-1.280,625.000,325.000,-1,350.000,300.000,275.000,300.000,300.000,275.000,-1,675.000,550.000,-1,550.000,475.000,650.000,350.000,0,0,2,0,1,0,0,0,0,2,0,0,2,0,1,0,1
139,-9328.978,9299.567,-150.410,60.957,0,0.93904,-0.52000,56.342,-1.040,625.000,325.000,-1,350.000,250.000,275.000,300.000,300.000,275.000,-1,575.000,500.000,-1,550.000,450.000,650.000,325.000,0,0,2,0,1,0,0,0,0,2,0,0,2,0,1,0,1
140,-9301.035,9348.272,-155.704,60.157,0,0.93586,-0.40000,56.152,-0.800,625.000,325.000,-1,325.000,225.000,275.000,300.000,300.000,275.000,-1,525.000,450.000,-1,550.000,450.000,650.000,275.000,0,0,2,1,1,0,0,0,1,2,0,0,2,0,1,0,1
141,-9272.770,9396.444,-160.079,59.597,0,0.93086,-0.28000,55.852,-0.560,625.000,350.000,-1,325.000,200.000,275.000,300.000,300.000,250.000,-1,450.000,425.000,-1,550.000,450.000,650.000,250.000,0,0,2,1,1,0,0,0,1,2,0,0,2,0,1,0,1
142,-9244.448,9444.099,-164.391,59.277,0,0.92393,-0.16000,55.436,-0.320,625.000,350.000,-1,300.000,175.000,300.000,300.000,300.000,250.000,-1,400.000,400.000,-1,550.000,450.000,650.000,225.000,0,0,2,1,1,0,0,0,1,2,0,0,2,0,1,0,1
143,-9216.334,9491.254,-166.355,59.197,0,0.91499,-0.04000,54.900,-0.080,650.000,375.000,-1,325.000,175.000,300.000,325.000,275.000,225.000,-1,300.000,300.000,-1,600.000,550.000,725.000,225.000,0,0,2,1,1,0,1,0,1,2,0,0,2,0,1,0,1
144,-9188.689,9537.920,-167.136,59.357,0,0.90400,0.08000,54.240,0.160,700.000,375.000,-1,350.000,175.000,325.000,325.000,275.000,225.000,875.000,225.000,225.000,-1,625.000,800.000,850.000,250.000,0,0,2,1,1,0,1,0,1,0,0,0,2,0,0,0,1
145,-9162.014,9582.804,-168.525,59.277,0,0.87022,-0.04000,52.213,-0.080,725.000,400.000,-1,400.000,200.000,350.000,350.000,275.000,225.000,725.000,175.000,175.000,-1,675.000,925.000,975.000,-1,0,0,2,1,1,0,1,0,1,0,0,0,2,0,0,0,2
146,-9135.462,9626.919,-170.460,58.957,0,0.85816,-0.16000,51.489,-0.320,775.000,425.000,-1,500.000,250.000,375.000,400.000,250.000,200.000,625.000,125.000,150.000,-1,700.000,950.000,-1,-1,0,0,2,1,1,0,0,0,1,0,0,0,2,0,1,2,2
147,-9108.831,9670.202,-172.141,58.397,0,0.84698,-0.28000,50.819,-0.560,825.000,425.000,-1,525.000,850.000,375.000,400.000,250.000,200.000,575.000,125.000,150.000,-1,725.000,950.000,-1,-1,0,0,2,0,1,0,0,0,1,0,0,0,2,0,1,2,2
148,-9081.925,9712.592,-173.456,57.597,0,0.83681,-0.40000,50.208,-0.800,875.000,425.000,-1,550.000,825.000,375.000,425.000,250.000,175.000,575.000,125.000,150.000,-1,750.000,950.000,-1,-1,0,0,2,0,1,0,0,0,1,0,0,0,2,0,1,2,2
149,-9054.555,9754.034,-175.025,56.557,0,0.82773,-0.52000,49.664,-1.040,925.000,425.000,-1,550.000,800.000,375.000,425.000,250.000,175.000,575.000,150.000,175.000,-1,775.000,925.000,-1,-1,0,0,2,0,1,0,0,0,1,0,0,0,2,0,1,2,2
150,-9026.536,9794.463,-176.417,55.277,0,0.81982,-0.64000,49.189,-1.280,-1,450.000,-1,575.000,750.000,400.000,425.000,250.000,150.000,575.000,175.000,200.000,-1,800.000,900.000,-1,-1,2,0,2,0,1,0,0,0,1,0,0,0,2,0,1,2,2
151,-8997.693,9833.811,-178.080,53.757,0,0.81312,-0.76000,48.787,-1.520,-1,450.000,-1,575.000,700.000,400.000,425.000,275.000,150.000,575.000,200.000,200.000,-1,825.000,875.000,-1,-1,2,0,2,0,1,0,0,0,1,0,0,0,2,0,1,2,2
152,-8967.857,9871.995,-179.954,51.997,0,0.80763,-0.88000,48.458,-1.760,-1,450.000,-1,575.000,650.000,400.000,425.000,275.000,125.000,575.000,225.000,225.000,1000.000,850.000,825.000,-1,-1,2,0,2,0,1,0,0,0,1,0,0,0,0,0,1,2,2
153,-8936.913,9908.954,-182.027,50.063,0,0.80338,-0.96676,48.203,-1.934,-1,450.000,-1,575.000,600.000,400.000,425.000,250.000,125.000,600.000,175.000,225.000,950.000,875.000,775.000,-1,825.000,2,0,2,0,1,0,0,0,1,0,0,0,0,0,1,2,1
154,-8904.879,9944.698,-183.659,48.132,0,0.79997,-0.96547,47.998,-1.931,-1,450.000,-1,550.000,525.000,400.000,425.000,250.000,100.000,625.000,175.000,275.000,975.000,875.000,725.000,-1,700.000,2,0,2,1,1,0,0,0,1,0,0,0,0,0,1,2,1
155,-8871.808,9979.189,-185.396,46.204,0,0.79640,-0.96399,47.784,-1.928,-1,450.000,-1,500.000,475.000,400.000,425.000,250.000,100.000,650.000,175.000,300.000,975.000,875.000,650.000,-1,625.000,2,0,2,1,1,0,0,0,1,0,0,0,0,0,1,2,1
156,-8841.158,10009.326,-187.083,44.516,0,0.71640,-0.84399,42.984,-1.688,-1,450.000,-1,475.000,425.000,400.000,400.000,250.000,100.000,700.000,200.000,300.000,975.000,875.000,600.000,-1,550.000,2,0,2,1,1,0,0,0,1,0,0,0,0,0,1,2,1
157,-8811.543,10037.009,-189.013,43.068,0,0.67565,-0.72399,40.539,-1.448,-1,450.000,-1,450.000,375.000,375.000,400.000,250.000,75.000,750.000,200.000,325.000,975.000,875.000,575.000,-1,475.000,2,0,2,1,1,0,0,0,1,0,0,0,0,0,1,2,1
158,-8781.550,10063.883,-191.372,41.860,0,0.67118,-0.60399,40.271,-1.208,-1,450.000,-1,400.000,325.000,375.000,400.000,250.000,75.000,825.000,225.000,325.000,975.000,850.000,525.000,-1,425.000,2,0,2,1,1,0,0,0,1,0,0,0,0,0,1,2,1
159,-8751.344,10089.986,-191.116,40.832,0,0.66537,-0.51417,39.922,-1.028,-1,425.000,-1,375.000,300.000,350.000,375.000,250.000,75.000,950.000,625.000,600.000,-1,775.000,475.000,-1,375.000,2,0,2,1,1,0,1,0,1,0,0,0,2,0,1,2,1
160,-8720.986,10115.286,-191.205,39.809,0,0.65864,-0.51177,39.518,-1.024,-1,400.000,-1,350.000,275.000,325.000,350.000,250.000,75.000,-1,825.000,825.000,-1,700.000,425.000,-1,325.000,2,0,2,1,1,0,1,0,1,2,0,0,2,0,1,2,1
161,-8690.493,10139.795,-191.801,38.790,0,0.65202,-0.50909,39.121,-1.018,850.000,375.000,-1,300.000,225.000,325.000,300.000,250.000,75.000,-1,-1,-1,-1,650.000,375.000,-1,275.000,0,0,2,1,1,0,1,0,1,2,2,2,2,0,1,2,1
162,-8659.878,10163.523,-192.320,37.778,0,0.64557,-0.50614,38.734,-1.012,650.000,350.000,-1,275.000,200.000,300.000,275.000,250.000,75.000,-1,-1,-1,-1,600.000,350.000,850.000,225.000,0,0,2,1,1,0,1,0,1,2,2,2,2,0,1,0,1
163,-8629.152,10186.487,-190.460,36.772,0,0.63932,-0.50293,38.359,-1.006,575.000,350.000,-1,250.000,175.000,300.000,250.000,250.000,100.000,-1,-1,-1,-1,575.000,325.000,750.000,200.000,0,0,2,1,1,1,1,0,1,2,2,2,2,0,1,0,1
164,-8598.323,10208.699,-187.474,35.773,0,0.63329,-0.49948,37.997,-0.999,550.000,350.000,-1,250.000,175.000,275.000,250.000,250.000,100.000,-1,-1,-1,-1,575.000,300.000,700.000,175.000,0,1,2,1,1,1,1,0,1,2,2,2,2,0,1,0,1
165,-6231.356,-6887.288,-75.063,-64.398,1,0.00000,0.00000,37.650,-0.992,875.000,325.000,725.000,250.000,150.000,250.000,225.000,450.000,250.000,-1,0.000,-1,650.000,475.000,350.000,650.000,175.000,0,0,0,0,0,0,0,1,0,2,1,2,1,0,0,0,0
166,4919.492,-7543.220,-505.116,80.850,1,0.00000,0.00000,4.800,0.240,-1,400.000,-1,375.000,900.000,325.000,325.000,300.000,300.000,-1,-1,-1,-1,700.000,625.000,-1,975.000,2,0,2,0,0,0,0,0,0,2,2,2,2,0,0,2,0
167,4920.275,-7538.485,-505.232,80.610,0,0.08000,-0.12000,4.800,-0.240,-1,400.000,-1,375.000,900.000,325.000,325.000,300.000,300.000,-1,-1,-1,-1,700.000,625.000,-1,975.000,2,0,2,0,0,0,0,0,0,2,2,2,2,0,0,2,0
168,4921.901,-7529.023,-505.468,80.248,0,0.16000,-0.18064,9.600,-0.361,-1,400.000,-1,375.000,875.000,325.000,325.000,300.000,300.000,-1,-1,-1,-1,700.000,625.000,-1,975.000,2,0,2,0,0,0,0,0,0,2,2,2,2,0,0,2,0
169,4924.429,-7514.847,-505.828,79.887,0,0.24000,-0.18064,14.400,-0.361,-1,400.000,-1,375.000,875.000,325.000,325.000,300.000,300.000,-1,-1,-1,-1,675.000,625.000,-1,950.000,2,0,2,0,0,0,0,0,0,2,2,2,2,0,0,2,0
170,4927.920,-7495.967,-506.315,79.526,0,0.32000,-0.18064,19.200,-0.361,-1,400.000,-1,375.000,875.000,325.000,325.000,300.000,300.000,-1,-1,-1,-1,675.000,625.000,-1,950.000,2,0,2,0,0,0,0,0,0,2,2,2,2,0,0,2,0
171,4932.431,-7472.395,-506.931,79.165,0,0.40000,-0.18064,24.000,-0.361,-1,400.000,-1,375.000,875.000,325.000,325.000,300.000,300.000,-1,-1,-1,-1,675.000,625.000,-1,950.000,2,0,2,0,0,0,0,0,0,2,2,2,2,0,0,2,0
172,4938.024,-7444.143,-507.680,78.803,0,0.48000,-0.18064,28.800,-0.361,-1,400.000,-1,375.000,850.000,325.000,325.000,300.000,300.000,-1,950.000,-1,-1,675.000,625.000,-1,925.000,2,0,2,0,0,0,0,0,0,2,0,2,2,0,0,2,0
173,4944.756,-7411.224,-508.561,78.442,0,0.56000,-0.18064,33.600,-0.361,-1,375.000,-1,375.000,850.000,325.000,300.000,300.000,300.000,-1,875.000,-1,-1,675.000,600.000,-1,900.000,2,0,2,0,0,0,0,0,0,2,0,2,2,0,0,2,0
174,4952.687,-7373.652,-509.575,78.081,0,0.64000,-0.18064,38.400,-0.361,-1,375.000,-1,350.000,825.000,325.000,300.000,300.000,300.000,-1,800.000,-1,-1,650.000,600.000,-1,900.000,2,0,2,0,0,0,0,0,0,2,0,2,2,0,0,2,0
175,4961.553,-7332.923,-510.681,77.719,0,0.69472,-0.18064,41.683,-0.361,-1,375.000,-1,350.000,825.000,300.000,300.000,300.000,300.000,-1,725.000,-1,-1,650.000,600.000,-1,875.000,2,0,2,0,0,0,0,0,0,2,0,2,2,0,0,2,0
176,4970.675,-7292.250,-511.793,77.358,0,0.69472,-0.18064,41.683,-0.361,-1,375.000,-1,350.000,800.000,300.000,300.000,300.000,300.000,-1,675.000,-1,-1,650.000,600.000,-1,850.000,2,0,2,0,0,0,0,0,0,2,0,2,2,0,0,2,0
177,4980.054,-7251.636,-512.697,76.997,0,0.69472,-0.18064,41.683,-0.361,-1,375.000,-1,350.000,775.000,300.000,300.000,300.000,300.000,-1,650.000,950.000,-1,650.000,575.000,975.000,825.000,2,0,2,0,0,0,0,0,0,2,0,0,2,0,0,0,0
178,4989.689,-7211.081,-513.290,76.636,0,0.69472,-0.18064,41.683,-0.361,-1,375.000,-1,350.000,775.000,300.000,300.000,300.000,300.000,-1,600.000,850.000,-1,650.000,575.000,975.000,825.000,2,0,2,0,0,0,0,0,0,2,0,0,2,0,0,0,0
179,4999.579,-7170.588,-513.874,76.274,0,0.69472,-0.18064,41.683,-0.361,-1,375.000,-1,350.000,750.000,300.000,300.000,300.000,300.000,-1,575.000,775.000,-1,650.000,575.000,950.000,825.000,2,0,2,0,0,0,0,0,0,2,0,0,2,0,0,0,0
180,5009.725,-7130.159,-514.216,75.913,0,0.69472,-0.18064,41.683,-0.361,-1,375.000,-1,350.000,750.000,300.000,300.000,300.000,300.000,-1,550.000,725.000,-1,625.000,575.000,950.000,825.000,2,0,2,0,0,0,0,0,0,2,0,0,2,0,0,0,0
181,5020.125,-7089.794,-514.264,75.552,0,0.69472,-0.18064,41.683,-0.361,1000.000,375.000,-1,350.000,775.000,300.000,300.000,300.000,300.000,-1,500.000,675.000,-1,625.000,600.000,950.000,825.000,0,0,2,0,0,0,0,0,0,2,0,0,2,0,0,0,0
182,5030.779,-7049.495,-514.312,75.190,0,0.69472,-0.18064,41.683,-0.361,1000.000,375.000,-1,350.000,800.000,300.000,300.000,300.000,300.000,-1,475.000,625.000,-1,625.000,600.000,925.000,825.000,0,0,2,0,0,0,0,0,0,2,0,0,2,0,0,0,0
183,5041.688,-7009.265,-514.362,74.829,0,0.69472,-0.18064,41.683,-0.361,975.000,375.000,-1,350.000,825.000,300.000,300.000,300.000,300.000,-1,450.000,600.000,-1,625.000,600.000,925.000,825.000,0,0,2,0,0,0,0,0,0,2,0,0,2,0,0,0,0
184,5052.850,-6969.104,-514.410,74.468,0,0.69472,-0.18064,41.683,-0.361,975.000,375.000,-1,350.000,850.000,300.000,300.000,300.000,300.000,-1,425.000,575.000,-1,600.000,600.000,925.000,825.000,0,0,2,0,0,0,0,0,0,2,0,0,2,0,0,0,0
185,5064.264,-6929.014,-514.458,74.107,0,0.69472,-0.18064,41.683,-0.361,950.000,375.000,-1,350.000,850.000,300.000,300.000,300.000,300.000,-1,425.000,550.000,-1,600.000,600.000,925.000,825.000,0,0,2,0,0,0,0,0,0,2,0,0,2,0,0,0,0
186,5075.932,-6888.997,-514.504,73.745,0,0.69472,-0.18064,41.683,-0.361,950.000,375.000,-1,350.000,850.000,300.000,300.000,300.000,300.000,-1,400.000,525.000,-1,600.000,600.000,900.000,825.000,0,0,2,0,0,0,0,0,0,2,0,0,2,0,0,0,0
187,5087.851,-6849.054,-514.524,73.384,0,0.69472,-0.18064,41.683,-0.361,925.000,375.000,-1,350.000,850.000,300.000,300.000,300.000,325.000,-1,375.000,500.000,-1,600.000,600.000,900.000,825.000,0,0,2,0,0,0,0,0,0,2,0,0,2,0,0,0,0
188,5100.022,-6809.187,-514.432,73.023,0,0.69472,-0.18064,41.683,-0.361,925.000,350.000,-1,350.000,850.000,300.000,300.000,300.000,325.000,-1,350.000,475.000,-1,600.000,600.000,900.000,825.000,0,0,2,0,0,0,0,0,0,2,0,0,2,0,0,0,0
189,5112.445,-6769.398,-514.336,72.662,0,0.69472,-0.18064,41.683,-0.361,925.000,350.000,-1,375.000,850.000,300.000,300.000,300.000,325.000,-1,325.000,425.000,-1,575.000,600.000,900.000,825.000,0,0,2,0,0,0,0,0,0,2,0,0,2,0,0,0,0
190,5125.118,-6729.688,-514.237,72.300,0,0.69472,-0.18064,41.683,-0.361,900.000,350.000,-1,350.000,850.000,300.000,300.000,300.000,325.000,-1,325.000,400.000,-1,575.000,600.000,875.000,825.000,0,0,2,0,0,0,0,0,0,2,0,0,2,0,0,0,0
191,5138.041,-6690.059,-514.134,71.939,0,0.69472,-0.18064,41.683,-0.361,900.000,350.000,-1,350.000,875.000,300.000,300.000,300.000,300.000,-1,300.000,350.000,-1,575.000,575.000,875.000,825.000,0,0,2,0,0,0,0,0,0,2,0,0,2,0,0,0,0
192,5151.213,-6650.512,-513.823,71.578,0,0.69472,-0.18064,41.683,-0.361,900.000,350.000,-1,350.000,850.000,300.000,300.000,300.000,300.000,-1,300.000,325.000,-1,575.000,575.000,850.000,825.000,0,0,2,0,0,0,0,0,0,2,0,0,2,0,0,0,0
193,5164.635,-6611.048,-513.043,71.216,0,0.69472,-0.18064,41.683,-0.361,900.000,350.000,-1,350.000,850.000,300.000,300.000,300.000,300.000,-1,300.000,325.000,-1,575.000,575.000,850.000,800.000,0,0,2,0,0,0,0,0,0,2,0,0,2,0,0,0,0
194,5178.305,-6571.670,-511.902,70.855,0,0.69472,-0.18064,41.683,-0.361,975.000,350.000,-1,350.000,825.000,300.000,300.000,300.000,300.000,-1,325.000,300.000,-1,575.000,575.000,900.000,800.000,0,0,2,0,0,0,0,0,0,2,0,0,2,0,0,0,0
195,5192.224,-6532.380,-510.759,70.494,0,0.69472,-0.18064,41.683,-0.361,-1,350.000,-1,350.000,825.000,300.000,300.000,300.000,300.000,-1,325.000,300.000,-1,600.000,575.000,925.000,800.000,2,0,2,0,0,0,0,0,0,2,0,0,2,0,0,0,0
196,5206.389,-6493.177,-509.496,70.133,0,0.69472,-0.18064,41.683,-0.361,-1,350.000,-1,350.000,800.000,300.000,300.000,325.000,300.000,-1,325.000,300.000,-1,600.000,575.000,975.000,800.000,2,0,2,0,0,0,0,0,0,2,0,0,2,0,0,0,0
197,5222.644,-6449.629,-507.703,69.531,0,0.77472,-0.30064,46.483,-0.601,-1,350.000,-1,350.000,800.000,300.000,300.000,325.000,275.000,-1,350.000,300.000,-1,600.000,575.000,975.000,800.000,2,0,2,0,0,0,0,0,0,2,0,0,2,0,0,0,0
198,5241.163,-6401.806,-505.003,68.832,0,0.85472,-0.34960,51.283,-0.699,-1,350.000,-1,350.000,875.000,300.000,300.000,325.000,300.000,-1,350.000,325.000,-1,600.000,575.000,-1,850.000,2,0,2,0,0,0,0,0,0,2,0,0,2,0,0,2,0
199,5260.264,-6354.210,-502.237,68.133,0,0.85476,-0.34960,51.286,-0.699,-1,350.000,-1,350.000,900.000,300.000,300.000,300.000,300.000,-1,350.000,325.000,-1,600.000,600.000,-1,900.000,2,0,2,0,0,0,0,0,0,2,0,0,2,0,0,2,0
200,5279.946,-6306.851,-499.490,67.434,0,0.85476,-0.34960,51.286,-0.699,-1,350.000,-1,350.000,950.000,300.000,300.000,300.000,300.000,-1,350.000,325.000,-1,625.000,600.000,-1,975.000,2,0,2,0,0,0,0,0,0,2,0,0,2,0,0,2,0
201,5300.203,-6259.735,-496.701,66.735,0,0.85476,-0.34960,51.286,-0.699,-1,375.000,-1,350.000,975.000,300.000,300.000,300.000,300.000,-1,300.000,300.000,-1,625.000,625.000,-1,-1,2,0,2,0,0,0,0,0,0,2,0,0,2,0,0,2,2
202,5321.034,-6212.871,-493.817,66.035,0,0.85476,-0.34960,51.286,-0.699,-1,375.000,-1,375.000,-1,300.000,300.000,300.000,300.000,-1,275.000,275.000,-1,650.000,625.000,-1,-1,2,0,2,0,2,0,0,0,0,2,0,0,2,0,0,2,2
203,5342.435,-6166.264,-490.949,65.336,0,0.85476,-0.34960,51.286,-0.699,-1,375.000,-1,375.000,-1,300.000,300.000,300.000,300.000,-1,250.000,250.000,-1,650.000,625.000,-1,-1,2,0,2,0,2,0,0,0,0,2,0,0,2,0,0,2,2
204,5364.404,-6119.921,-488.095,64.637,0,0.85476,-0.34960,51.286,-0.699,-1,375.000,-1,375.000,-1,300.000,300.000,300.000,300.000,-1,225.000,225.000,-1,650.000,650.000,-1,-1,2,0,2,0,2,0,0,0,0,2,0,0,2,0,0,2,2
205,5386.936,-6073.850,-485.256,63.938,0,0.85476,-0.34960,51.286,-0.699,-1,375.000,-1,375.000,-1,325.000,300.000,300.000,325.000,-1,200.000,200.000,-1,675.000,650.000,-1,-1,2,0,2,0,2,0,0,0,0,2,0,0,2,0,0,2,2
206,5410.029,-6028.058,-481.872,63.238,0,0.85476,-0.34960,51.286,-0.699,-1,375.000,-1,375.000,-1,300.000,300.000,300.000,325.000,-1,225.000,200.000,-1,675.000,650.000,-1,-1,2,0,2,0,2,0,0,0,0,2,0,0,2,0,0,2,2
207,5433.679,-5982.550,-478.324,62.539,0,0.85476,-0.34960,51.286,-0.699,-1,375.000,-1,375.000,-1,300.000,300.000,300.000,300.000,-1,250.000,225.000,-1,675.000,650.000,-1,-1,2,0,2,0,2,0,0,0,0,2,0,0,2,0,0,2,2
208,5457.882,-5937.335,-474.638,61.840,0,0.85476,-0.34960,51.286,-0.699,-1,375.000,-1,375.000,-1,300.000,300.000,300.000,300.000,-1,250.000,250.000,-1,675.000,650.000,-1,-1,2,0,2,0,2,0,0,0,0,2,0,0,2,0,0,2,2
209,5482.636,-5892.419,-470.966,61.141,0,0.85476,-0.34960,51.286,-0.699,-1,375.000,-1,375.000,-1,300.000,300.000,300.000,300.000,-1,275.000,250.000,-1,700.000,650.000,-1,-1,2,0,2,0,2,0,0,0,0,2,0,0,2,0,0,2,2
210,5507.936,-5847.807,-467.310,60.442,0,0.85476,-0.34960,51.286,-0.699,-1,375.000,-1,375.000,-1,300.000,300.000,300.000,300.000,-1,300.000,250.000,-1,700.000,650.000,-1,-1,2,0,2,0,2,0,0,0,0,2,0,0,2,0,0,2,2
211,5533.778,-5803.508,-463.172,59.742,0,0.85476,-0.34960,51.286,-0.699,-1,375.000,-1,375.000,-1,300.000,300.000,300.000,300.000,-1,325.000,300.000,-1,700.000,650.000,-1,-1,2,0,2,0,2,0,0,0,0,2,0,0,2,0,0,2,2
212,5560.172,-5759.506,-458.709,59.044,0,0.85519,-0.34935,51.311,-0.699,-1,375.000,-1,375.000,-1,300.000,300.000,300.000,300.000,-1,375.000,325.000,-1,700.000,650.000,-1,-1,2,0,2,0,2,0,0,0,0,2,0,0,2,0,0,2,2
213,5587.253,-5715.569,-454.196,58.351,0,0.86020,-0.34621,51.612,-0.692,-1,375.000,-1,375.000,-1,300.000,300.000,300.000,300.000,-1,400.000,375.000,-1,700.000,650.000,-1,-1,2,0,2,0,2,0,0,0,0,2,0,0,2,0,0,2,2
214,5615.012,-5671.716,-449.503,57.666,0,0.86501,-0.34281,51.901,-0.686,-1,375.000,-1,375.000,-1,300.000,300.000,300.000,300.000,-1,450.000,425.000,-1,700.000,650.000,-1,-1,2,0,2,0,2,0,0,0,0,2,0,0,2,0,0,2,2
215,5643.440,-5627.963,-444.700,56.987,0,0.86962,-0.33914,52.177,-0.678,-1,375.000,-1,375.000,-1,300.000,300.000,300.000,300.000,-1,475.000,450.000,-1,700.000,650.000,-1,-1,2,0,2,0,2,0,0,0,0,2,0,0,2,0,0,2,2
216,5672.522,-5584.328,-439.813,56.317,0,0.87398,-0.33520,52.439,-0.670,-1,375.000,-1,375.000,-1,300.000,300.000,300.000,300.000,-1,475.000,475.000,-1,700.000,650.000,-1,-1,2,0,2,0,2,0,0,0,0,2,0,0,2,0,0,2,2
217,5702.246,-5540.828,-434.924,55.655,0,0.87808,-0.33099,52.685,-0.662,-1,375.000,-1,375.000,-1,300.000,300.000,300.000,300.000,-1,475.000,500.000,-1,700.000,650.000,-1,-1,2,0,2,0,2,0,0,0,0,2,0,0,2,0,0,2,2
218,5732.594,-5497.482,-430.035,55.002,0,0.88190,-0.32650,52.914,-0.653,-1,375.000,-1,375.000,-1,300.000,300.000,300.000,300.000,-1,450.000,500.000,-1,700.000,650.000,-1,-1,2,0,2,0,2,0,0,0,0,2,0,0,2,0,0,2,2
219,5763.551,-5454.309,-425.076,54.359,0,0.88542,-0.32174,53.125,-0.643,975.000,375.000,-1,375.000,-1,300.000,300.000,300.000,300.000,-1,450.000,500.000,-1,700.000,650.000,-1,-1,1,0,2,0,2,0,0,0,0,2,0,0,2,0,0,2,2
220,5795.095,-5411.326,-420.001,53.725,0,0.88859,-0.31670,53.316,-0.633,925.000,375.000,-1,375.000,-1,300.000,300.000,300.000,300.000,-1,450.000,500.000,-1,700.000,650.000,975.000,-1,1,0,2,0,2,0,0,0,0,2,0,0,2,0,0,1,2
221,5827.207,-5368.554,-414.925,53.102,0,0.89141,-0.31139,53.485,-0.623,900.000,375.000,-1,375.000,-1,300.000,300.000,300.000,300.000,-1,450.000,500.000,-1,700.000,650.000,925.000,-1,1,0,2,0,2,0,0,0,0,2,0,0,2,0,0,1,2
222,5859.862,-5326.011,-409.648,52.491,0,0.89385,-0.30581,53.631,-0.612,850.000,375.000,-1,375.000,-1,300.000,300.000,300.000,300.000,-1,450.000,500.000,-1,700.000,650.000,900.000,-1,1,0,2,0,2,0,0,0,0,2,0,0,2,0,0,1,2
223,5893.036,-5283.717,-404.228,51.891,0,0.89587,-0.29998,53.752,-0.600,825.000,375.000,-1,375.000,-1,325.000,300.000,300.000,300.000,-1,450.000,475.000,-1,700.000,650.000,850.000,-1,1,0,2,0,2,0,0,0,0,2,0,0,2,0,0,1,2
224,5926.702,-5241.690,-398.802,51.303,0,0.89747,-0.29389,53.848,-0.588,775.000,375.000,-1,375.000,-1,325.000,300.000,300.000,300.000,-1,425.000,475.000,-1,700.000,650.000,825.000,-1,1,0,2,0,2,0,0,0,0,2,0,0,2,0,0,1,2
225,5958.728,-5202.204,-393.674,50.955,0,0.84736,-0.17389,50.842,-0.348,750.000,375.000,-1,375.000,-1,325.000,300.000,300.000,300.000,-1,425.000,475.000,-1,700.000,675.000,800.000,-1,1,0,2,0,2,0,0,0,0,2,0,0,2,1,0,1,2
226,5990.995,-5162.574,-388.422,50.848,0,0.85174,-0.05389,51.104,-0.108,700.000,375.000,-1,375.000,-1,325.000,300.000,300.000,300.000,-1,425.000,475.000,-1,675.000,675.000,750.000,-1,1,0,2,0,2,0,0,0,0,2,0,0,2,1,0,1,2
227,6023.334,-5122.668,-382.784,50.980,0,0.85608,0.06611,51.365,0.132,675.000,375.000,-1,375.000,-1,300.000,300.000,300.000,300.000,-1,450.000,500.000,-1,650.000,675.000,725.000,-1,1,0,2,0,2,0,0,0,0,2,0,0,2,1,0,1,2
228,6055.576,-5082.349,-377.070,51.352,0,0.86042,0.18611,51.625,0.372,625.000,375.000,-1,375.000,-1,300.000,300.000,325.000,300.000,-1,475.000,525.000,-1,625.000,675.000,675.000,-1,1,0,2,0,2,0,0,0,0,2,0,0,2,1,0,1,2
229,6087.547,-5041.479,-371.267,51.964,0,0.86482,0.30611,51.889,0.612,575.000,375.000,-1,375.000,-1,300.000,300.000,325.000,300.000,-1,500.000,525.000,-1,625.000,675.000,625.000,-1,1,0,2,0,2,0,0,0,0,2,0,0,2,1,0,1,2
230,6119.071,-4999.924,-365.233,52.816,0,0.86932,0.42611,52.159,0.852,550.000,375.000,-1,375.000,-1,300.000,300.000,325.000,300.000,-1,525.000,525.000,-1,600.000,675.000,600.000,-1,1,0,2,0,2,0,0,0,0,2,0,0,2,1,0,1,2
231,6149.961,-4957.550,-358.995,53.909,0,0.87397,0.54611,52.438,1.092,500.000,375.000,-1,375.000,-1,300.000,300.000,325.000,300.000,-1,550.000,525.000,-1,575.000,700.000,550.000,-1,1,0,2,0,2,0,0,0,0,2,0,0,2,1,0,1,2
232,6180.023,-4914.230,-352.613,55.241,0,0.87881,0.66611,52.729,1.332,475.000,375.000,-1,375.000,-1,325.000,300.000,325.000,300.000,-1,525.000,525.000,-1,550.000,700.000,500.000,-1,1,0,2,0,2,0,0,0,0,2,0,0,2,1,0,1,2
233,6209.052,-4869.847,-346.000,56.813,0,0.88391,0.78611,53.034,1.572,425.000,375.000,-1,375.000,-1,325.000,300.000,325.000,300.000,-1,500.000,550.000,-1,525.000,700.000,450.000,-1,1,1,2,0,2,0,0,0,0,2,0,0,2,1,0,1,2
234,6236.832,-4824.291,-338.913,58.625,0,0.88930,0.90611,53.358,1.812,375.000,350.000,-1,375.000,-1,325.000,325.000,325.000,300.000,-1,525.000,575.000,-1,475.000,725.000,400.000,-1,1,1,2,0,2,1,0,0,0,2,0,0,2,1,0,1,2
235,6263.174,-4777.494,-331.683,60.625,0,0.89503,1.00000,53.702,2.000,350.000,325.000,-1,375.000,-1,300.000,325.000,300.000,300.000,-1,550.000,625.000,-1,450.000,725.000,350.000,-1,1,1,2,0,2,1,0,0,0,2,0,0,2,1,0,1,2
236,6288.033,-4729.484,-324.294,62.625,0,0.90107,1.00000,54.064,2.000,300.000,300.000,-1,375.000,-1,275.000,300.000,300.000,300.000,-1,575.000,650.000,-1,425.000,750.000,300.000,-1,1,1,2,1,2,1,1,0,0,2,0,0,2,1,0,1,2
237,6311.359,-4680.303,-316.764,64.625,0,0.90720,1.00000,54.432,2.000,250.000,275.000,-1,375.000,-1,275.000,300.000,300.000,300.000,-1,600.000,700.000,-1,400.000,775.000,250.000,-1,1,1,2,1,2,1,1,0,0,2,0,0,2,1,0,1,2
238,6333.103,-4629.996,-305.959,66.625,0,0.91341,1.00000,54.805,2.000,250.000,275.000,-1,375.000,-1,275.000,300.000,350.000,300.000,-1,450.000,475.000,-1,400.000,850.000,250.000,-1,1,1,2,1,2,1,1,0,0,2,0,0,2,1,0,1,2
239,6353.214,-4578.611,-294.402,68.625,0,0.91968,1.00000,55.181,2.000,250.000,275.000,-1,400.000,-1,275.000,300.000,375.000,275.000,-1,375.000,350.000,-1,400.000,950.000,250.000,-1,1,1,2,1,2,1,1,0,0,2,0,0,2,1,0,1,2
240,6371.646,-4526.197,-282.656,70.625,0,0.92600,1.00000,55.560,2.000,250.000,275.000,-1,425.000,-1,275.000,300.000,425.000,275.000,-1,325.000,250.000,875.000,400.000,950.000,250.000,-1,1,1,2,1,2,1,1,1,0,2,0,0,0,1,1,1,2
241,6388.351,-4472.809,-269.980,72.625,0,0.93234,1.00000,55.941,2.000,250.000,275.000,-1,475.000,-1,275.000,325.000,425.000,275.000,-1,300.000,200.000,700.000,400.000,950.000,250.000,-1,1,1,2,1,2,1,1,1,0,2,0,0,0,1,1,1,2
242,6403.283,-4418.503,-256.443,74.625,0,0.93869,1.00000,56.322,2.000,250.000,300.000,-1,525.000,-1,275.000,325.000,450.000,275.000,-1,275.000,150.000,575.000,425.000,950.000,250.000,-1,1,1,2,1,2,1,1,1,0,2,0,0,0,1,1,1,2
243,6416.399,-4363.341,-242.837,76.625,0,0.94501,1.00000,56.701,2.000,275.000,300.000,-1,600.000,-1,275.000,350.000,450.000,275.000,-1,225.000,100.000,500.000,425.000,950.000,250.000,-1,1,1,2,1,2,1,1,1,0,2,0,0,0,1,1,1,2
244,-4263.559,983.898,-263.982,85.069,1,0.00000,0.00000,57.076,2.000,100.000,175.000,325.000,225.000,425.000,175.000,200.000,375.000,625.000,-1,0.000,0.000,350.000,225.000,300.000,100.000,350.000,0,0,0,0,0,0,0,0,1,2,1,1,1,0,0,0,0
245,-2300.081,-1637.734,-161.839,154.104,1,0.08000,-0.12000,4.800,-0.240,-1,400.000,-1,475.000,-1,350.000,350.000,300.000,300.000,-1,-1,-1,-1,900.000,875.000,-1,-1,2,0,2,0,2,0,0,0,0,2,2,2,2,0,1,2,2
246,-2308.681,-1633.469,-162.705,153.624,0,0.16000,-0.24000,9.600,-0.480,-1,400.000,-1,475.000,-1,350.000,375.000,300.000,300.000,-1,-1,-1,-1,900.000,850.000,-1,-1,2,0,2,0,2,0,0,0,0,2,2,2,2,0,1,2,2
247,-2321.501,-1626.911,-164.007,152.904,0,0.24000,-0.36000,14.400,-0.720,-1,425.000,-1,475.000,-1,350.000,375.000,300.000,300.000,-1,-1,-1,-1,925.000,850.000,-1,-1,2,0,2,0,2,0,0,0,0,2,2,2,2,0,1,2,2
248,-2338.445,-1617.880,-165.751,151.944,0,0.32000,-0.48000,19.200,-0.960,-1,425.000,-1,475.000,-1,350.000,375.000,300.000,300.000,-1,-1,-1,-1,925.000,825.000,-1,1000.000,2,0,2,0,2,0,0,0,0,2,2,2,2,0,1,2,1
249,-2359.384,-1606.151,-167.945,150.744,0,0.40000,-0.60000,24.000,-1.200,-1,425.000,-1,475.000,-1,350.000,375.000,300.000,300.000,-1,-1,-1,-1,950.000,800.000,-1,1000.000,2,0,2,0,2,0,0,0,0,2,2,2,2,0,1,2,1
250,-2384.148,-1591.450,-170.597,149.304,0,0.48000,-0.72000,28.800,-1.440,-1,425.000,-1,475.000,-1,350.000,375.000,300.000,300.000,-1,-1,-1,-1,950.000,800.000,-1,975.000,2,0,2,0,2,0,0,0,0,2,2,2,2,0,1,2,1
251,-2412.526,-1573.458,-173.886,147.624,0,0.56000,-0.84000,33.600,-1.680,-1,425.000,-1,475.000,-1,350.000,375.000,300.000,300.000,-1,-1,-1,-1,975.000,775.000,-1,950.000,2,0,2,0,2,0,0,0,0,2,2,2,2,0,1,2,1
252,-2444.249,-1551.821,-178.161,145.704,0,0.64000,-0.96000,38.400,-1.920,-1,425.000,-1,475.000,-1,350.000,375.000,300.000,300.000,-1,-1,-1,-1,975.000,750.000,-1,925.000,2,0,2,0,2,0,0,0,0,2,2,2,2,0,1,2,1
253,-2479.067,-1526.249,-183.080,143.704,0,0.72000,-1.00000,43.200,-2.000,-1,425.000,975.000,475.000,-1,350.000,375.000,300.000,275.000,-1,-1,-1,-1,950.000,700.000,-1,900.000,2,0,1,0,2,0,0,0,0,2,2,2,2,0,1,2,1
254,-2516.739,-1496.502,-188.622,141.704,0,0.80000,-1.00000,48.000,-2.000,-1,425.000,875.000,450.000,-1,350.000,350.000,275.000,275.000,-1,-1,-1,-1,950.000,675.000,-1,875.000,2,0,1,0,2,0,0,0,0,2,2,2,2,0,1,2,1
255,-2557.011,-1462.355,-194.871,139.704,0,0.88000,-1.00000,52.800,-2.000,-1,425.000,800.000,450.000,-1,350.000,350.000,275.000,275.000,-1,-1,-1,-1,925.000,650.000,-1,850.000,2,0,1,1,2,0,0,0,0,2,2,2,2,0,1,2,1
256,-2599.616,-1423.593,-201.804,137.704,0,0.96000,-1.00000,57.600,-2.000,-1,425.000,725.000,425.000,-1,350.000,350.000,275.000,275.000,-1,-1,-1,-1,800.000,600.000,-1,800.000,2,0,1,1,2,0,1,0,0,2,2,2,2,1,1,2,1
257,-2641.880,-1382.355,-209.005,135.704,0,0.98414,-1.00000,59.048,-2.000,-1,425.000,650.000,400.000,-1,350.000,325.000,275.000,275.000,-1,-1,-1,-1,675.000,550.000,-1,775.000,2,0,1,1,2,0,1,0,0,2,2,2,2,1,1,2,1
258,-2683.008,-1339.324,-216.315,133.704,0,0.99209,-1.00000,59.525,-2.000,-1,425.000,575.000,375.000,-1,325.000,300.000,275.000,275.000,-1,-1,-1,-1,550.000,525.000,825.000,750.000,2,1,1,1,2,1,1,0,0,2,2,2,2,1,1,1,1
259,-2722.926,-1294.529,-223.942,131.704,0,1.00000,-1.00000,60.000,-2.000,-1,350.000,500.000,350.000,-1,300.000,275.000,275.000,275.000,-1,-1,-1,-1,475.000,475.000,675.000,700.000,2,1,1,1,2,1,1,0,0,2,2,2,2,1,1,1,1
260,-2761.258,-1248.370,-231.688,129.708,0,1.00000,-0.99843,60.000,-1.997,875.000,300.000,450.000,325.000,-1,250.000,250.000,275.000,275.000,-1,-1,-1,-1,375.000,450.000,550.000,675.000,1,1,1,1,2,1,1,0,0,2,2,2,2,1,1,1,1
261,-2797.966,-1200.909,-239.763,127.720,0,1.00000,-0.99366,60.000,-1.987,650.000,250.000,375.000,300.000,-1,225.000,225.000,300.000,275.000,-1,-1,-1,-1,325.000,400.000,425.000,650.000,1,1,1,1,2,1,1,0,0,2,2,2,2,1,1,1,1
262,-2833.016,-1152.211,-248.262,125.744,0,1.00000,-0.98805,60.000,-1.976,450.000,200.000,325.000,275.000,975.000,175.000,225.000,300.000,275.000,-1,-1,-1,-1,250.000,375.000,325.000,625.000,1,1,1,1,0,1,1,0,0,2,2,2,2,1,1,1,1
263,-2866.378,-1102.341,-256.624,123.781,0,1.00000,-0.98155,60.000,-1.963,300.000,175.000,275.000,250.000,900.000,150.000,200.000,300.000,275.000,-1,-1,-1,-1,200.000,325.000,225.000,625.000,1,1,1,1,0,1,1,0,0,2,2,2,2,1,1,1,1
264,-2898.024,-1051.366,-257.349,121.833,0,1.00000,-0.97404,60.000,-1.948,250.000,150.000,250.000,250.000,950.000,150.000,175.000,375.000,275.000,-1,-1,-1,-1,175.000,325.000,200.000,625.000,1,1,1,1,0,1,1,0,0,2,2,2,2,1,1,1,1
265,327.966,6887.288,144.699,-8.527,1,0.00000,0.00000,60.000,-1.931,-1,400.000,-1,400.000,-1,325.000,325.000,300.000,275.000,-1,-1,-1,-1,800.000,775.000,-1,-1,2,0,2,0,2,0,0,0,0,2,2,2,2,0,0,2,2
266,323.222,6888.020,144.965,-8.767,0,-0.08000,-0.12000,-4.800,-0.240,-1,400.000,-1,400.000,-1,325.000,325.000,300.000,275.000,-1,-1,-1,-1,800.000,775.000,-1,-1,2,0,2,0,2,0,0,0,0,2,2,2,2,0,0,2,2
267,313.741,6889.525,145.498,-9.022,0,-0.16000,-0.12769,-9.600,-0.255,-1,400.000,-1,400.000,-1,325.000,325.000,300.000,275.000,-1,-1,-1,-1,800.000,775.000,-1,-1,2,0,2,0,2,0,0,0,0,2,2,2,2,0,0,2,2
268,299.529,6891.847,146.299,-9.279,0,-0.24000,-0.12838,-14.400,-0.257,-1,400.000,-1,400.000,-1,325.000,325.000,300.000,275.000,-1,-1,-1,-1,800.000,775.000,-1,-1,2,0,2,0,2,0,0,0,0,2,2,2,2,0,0,2,2
269,280.595,6895.028,147.369,-9.538,0,-0.32000,-0.12941,-19.200,-0.259,-1,425.000,-1,400.000,-1,325.000,325.000,300.000,275.000,-1,-1,-1,-1,800.000,775.000,-1,-1,2,0,2,0,2,0,0,0,0,2,2,2,2,0,0,2,2
270,256.945,6899.113,148.711,-9.799,0,-0.40000,-0.13082,-24.000,-0.262,-1,425.000,-1,400.000,-1,325.000,325.000,300.000,275.000,-1,-1,-1,-1,825.000,775.000,-1,-1,2,0,2,0,2,0,0,0,0,2,2,2,2,0,0,2,2
271,232.087,6903.525,150.124,-10.065,0,-0.42078,-0.13263,-25.247,-0.265,-1,425.000,-1,400.000,-1,350.000,325.000,275.000,275.000,-1,-1,-1,-1,825.000,775.000,-1,-1,2,0,2,0,2,0,0,0,0,2,2,2,2,0,0,2,2
272,207.248,6908.055,151.541,-10.334,0,-0.42081,-0.13461,-25.248,-0.269,-1,425.000,-1,400.000,-1,350.000,325.000,275.000,300.000,-1,-1,-1,-1,825.000,775.000,-1,-1,2,0,2,0,2,0,0,0,0,2,2,2,2,0,0,2,2
273,182.427,6912.703,152.962,-10.607,0,-0.42087,-0.13667,-25.252,-0.273,-1,425.000,-1,400.000,-1,350.000,325.000,275.000,300.000,-1,-1,-1,-1,825.000,775.000,-1,-1,2,0,2,0,2,0,0,0,0,2,2,2,2,0,0,2,2
274,157.624,6917.472,154.385,-10.885,0,-0.42096,-0.13880,-25.258,-0.278,-1,425.000,-1,400.000,-1,350.000,325.000,300.000,300.000,-1,-1,-1,-1,825.000,800.000,-1,-1,2,0,2,0,2,0,0,0,0,2,2,2,2,0,0,2,2
275,132.837,6922.365,155.813,-11.167,0,-0.42109,-0.14101,-25.266,-0.282,-1,425.000,-1,400.000,-1,350.000,325.000,300.000,300.000,-1,-1,-1,-1,850.000,800.000,-1,-1,2,0,2,0,2,0,0,0,0,2,2,2,2,0,0,2,2
276,108.065,6927.384,157.244,-11.453,0,-0.42126,-0.14328,-25.276,-0.287,-1,425.000,-1,400.000,-1,350.000,325.000,300.000,300.000,-1,-1,-1,-1,850.000,800.000,-1,-1,2,0,2,0,2,0,0,0,0,2,2,2,2,0,0,2,2
277,83.306,6932.532,158.679,-11.745,0,-0.42146,-0.14563,-25.288,-0.291,-1,425.000,-1,400.000,-1,350.000,325.000,300.000,300.000,-1,-1,-1,-1,850.000,800.000,-1,-1,2,0,2,0,2,0,0,0,0,2,2,2,2,0,0,2,2
278,58.561,6937.810,160.104,-12.041,0,-0.42170,-0.14805,-25.302,-0.296,-1,425.000,-1,400.000,-1,350.000,325.000,300.000,300.000,-1,-1,-1,-1,850.000,800.000,-1,-1,2,0,2,0,2,0,0,0,0,2,2,2,2,0,0,2,2
279,33.827,6943.222,161.386,-12.342,0,-0.42198,-0.15054,-25.319,-0.301,-1,425.000,-1,400.000,-1,350.000,325.000,300.000,300.000,-1,-1,-1,-1,850.000,800.000,-1,-1,2,0,2,0,2,0,0,0,0,2,2,2,2,0,0,2,2
280,9.105,6948.770,162.525,-12.648,0,-0.42229,-0.15309,-25.337,-0.306,-1,425.000,-1,400.000,-1,350.000,325.000,300.000,300.000,-1,-1,-1,-1,875.000,800.000,-1,-1,2,0,2,0,2,0,0,0,0,2,2,2,2,0,0,2,2
281,-15.608,6954.457,163.668,-12.959,0,-0.42264,-0.15571,-25.358,-0.311,-1,425.000,-1,400.000,-1,350.000,325.000,300.000,275.000,-1,-1,-1,-1,875.000,800.000,-1,-1,2,0,2,0,2,0,0,0,0,2,2,2,2,0,0,2,2
282,-40.311,6960.285,164.816,-13.276,0,-0.42302,-0.15839,-25.381,-0.317,-1,425.000,-1,400.000,-1,350.000,325.000,300.000,275.000,-1,-1,-1,-1,875.000,800.000,-1,-1,2,0,2,0,2,0,0,0,0,2,2,2,2,0,0,2,2
283,-65.005,6966.259,165.905,-13.599,0,-0.42345,-0.16114,-25.407,-0.322,-1,425.000,-1,400.000,-1,350.000,325.000,300.000,275.000,-1,-1,-1,-1,875.000,800.000,-1,-1,2,0,2,0,2,0,0,0,0,2,2,2,2,0,0,2,2
284,-89.692,6972.380,166.907,-13.926,0,-0.42390,-0.16395,-25.434,-0.328,-1,425.000,-1,400.000,-1,350.000,325.000,300.000,275.000,-1,-1,-1,-1,875.000,800.000,-1,-1,2,0,2,0,2,0,0,0,0,2,2,2,2,0,0,2,2
285,-114.371,6978.653,167.821,-14.260,0,-0.42440,-0.16683,-25.464,-0.334,-1,425.000,-1,400.000,-1,350.000,325.000,300.000,275.000,-1,-1,-1,-1,875.000,800.000,-1,-1,2,0,2,0,2,0,0,0,0,2,2,2,2,0,0,2,2
286,-139.043,6985.079,168.741,-14.600,0,-0.42492,-0.16976,-25.495,-0.340,-1,425.000,-1,400.000,-1,350.000,325.000,300.000,275.000,-1,-1,-1,-1,900.000,800.000,-1,-1,2,0,2,0,2,0,0,0,0,2,2,2,2,0,0,2,2
287,-163.709,6991.663,169.667,-14.945,0,-0.42549,-0.17275,-25.529,-0.346,-1,425.000,-1,400.000,-1,350.000,325.000,300.000,275.000,-1,-1,-1,-1,900.000,800.000,-1,-1,2,0,2,0,2,0,0,0,0,2,2,2,2,0,0,2,2
288,-188.368,6998.408,170.598,-15.297,0,-0.42609,-0.17580,-25.565,-0.352,-1,425.000,-1,400.000,-1,350.000,325.000,300.000,275.000,-1,-1,-1,-1,900.000,800.000,-1,-1,2,0,2,0,2,0,0,0,0,2,2,2,2,0,0,2,2
289,-213.022,7005.316,171.535,-15.655,0,-0.42672,-0.17891,-25.603,-0.358,-1,425.000,-1,400.000,-1,350.000,325.000,300.000,275.000,-1,-1,-1,-1,900.000,800.000,-1,-1,2,0,2,0,2,0,0,0,0,2,2,2,2,0,0,2,2
290,-237.652,7012.386,172.477,-16.016,0,-0.42709,-0.18070,-25.625,-0.361,-1,425.000,-1,400.000,-1,350.000,325.000,300.000,275.000,-1,-1,-1,-1,900.000,800.000,-1,-1,2,0,2,0,2,0,0,0,0,2,2,2,2,0,0,2,2
291,-262.238,7019.612,173.424,-16.377,0,-0.42709,-0.18070,-25.625,-0.361,-1,425.000,-1,400.000,-1,325.000,325.000,300.000,275.000,-1,-1,-1,-1,900.000,800.000,-1,-1,2,0,2,0,2,0,0,0,0,2,2,2,2,0,0,2,2
292,-282.202,7025.537,174.195,-16.531,0,-0.34709,-0.07686,-20.825,-0.154,-1,425.000,-1,400.000,-1,325.000,325.000,300.000,275.000,-1,-1,-1,-1,900.000,800.000,-1,-1,2,0,2,0,2,0,0,0,0,2,2,2,2,0,0,2,2
293,-297.553,7030.138,174.790,-16.685,0,-0.26709,-0.07686,-16.025,-0.154,-1,425.000,-1,400.000,-1,325.000,325.000,300.000,275.000,-1,-1,-1,-1,925.000,800.000,-1,-1,2,0,2,0,2,0,0,0,0,2,2,2,2,0,0,2,2
294,-308.297,7033.390,175.242,-16.839,0,-0.18709,-0.07686,-11.225,-0.154,-1,425.000,-1,400.000,-1,325.000,325.000,300.000,275.000,-1,-1,-1,-1,925.000,800.000,-1,-1,2,0,2,0,2,0,0,0,0,2,2,2,2,0,0,2,2
295,-314.442,7035.268,175.505,-16.992,0,-0.10709,-0.07686,-6.425,-0.154,-1,425.000,-1,400.000,-1,325.000,325.000,300.000,275.000,-1,-1,-1,-1,925.000,775.000,-1,-1,2,0,2,0,2,0,0,0,0,2,2,2,2,0,0,2,2
296,-315.995,7035.747,175.578,-17.146,0,-0.02709,-0.07686,-1.625,-0.154,-1,425.000,-1,400.000,-1,325.000,325.000,300.000,275.000,-1,-1,-1,-1,925.000,775.000,-1,-1,2,0,2,0,2,0,0,0,0,2,2,2,2,0,0,2,2
297,-312.964,7034.803,175.460,-17.300,0,0.05291,-0.07686,3.175,-0.154,-1,425.000,-1,400.000,-1,325.000,325.000,300.000,275.000,-1,-1,-1,-1,925.000,775.000,-1,-1,2,0,2,0,2,0,0,0,0,2,2,2,2,0,0,2,2
298,-305.357,7032.411,175.150,-17.453,0,0.13291,-0.07686,7.975,-0.154,-1,425.000,-1,400.000,-1,325.000,325.000,300.000,275.000,-1,-1,-1,-1,925.000,775.000,-1,-1,2,0,2,0,2,0,0,0,0,2,2,2,2,0,0,2,2
299,-293.180,7028.547,174.649,-17.607,0,0.21291,-0.07686,12.775,-0.154,-1,425.000,-1,400.000,-1,325.000,325.000,300.000,275.000,-1,-1,-1,-1,925.000,775.000,-1,-1,2,0,2,0,2,0,0,0,0,2,2,2,2,0,0,2,2
