timestep,x_cm,y_cm,z_cm,yaw_deg,teleport_flag,throttle_cmd,steering_cmd,cmd_move_cm,cmd_turn_deg,lidar_cm_0,lidar_cm_1,lidar_cm_2,lidar_cm_3,lidar_cm_4,lidar_cm_5,lidar_cm_6,lidar_cm_7,lidar_cm_8,lidar_cm_9,lidar_cm_10,lidar_cm_11,lidar_cm_12,lidar_cm_13,lidar_cm_14,lidar_cm_15,lidar_cm_16,lidar_class_0,lidar_class_1,lidar_class_2,lidar_class_3,lidar_class_4,lidar_class_5,lidar_class_6,lidar_class_7,lidar_class_8,lidar_class_9,lidar_class_10,lidar_class_11,lidar_class_12,lidar_class_13,lidar_class_14,lidar_class_15,lidar_class_16
0,-7547.525,1637.707,-87.825,-153.740,1,0.08000,0.12000,4.800,0.240,-1,425.000,-1,400.000,-1,325.000,325.000,300.000,300.000,-1,-1,-1,-1,975.000,925.000,-1,-1,2,0,2,0,2,0,0,0,0,2,2,2,2,0,0,2,2
1,-7556.098,1633.387,-87.370,-153.260,0,0.16000,0.24000,9.600,0.480,-1,425.000,-1,400.000,-1,325.000,325.000,300.000,300.000,-1,-1,-1,-1,975.000,950.000,-1,-1,2,0,2,0,2,0,0,0,0,2,2,2,2,0,0,2,2
2,-7568.876,1626.747,-86.680,-152.540,0,0.24000,0.36000,14.400,0.720,-1,425.000,-1,425.000,-1,325.000,325.000,300.000,300.000,-1,-1,-1,-1,975.000,950.000,-1,-1,2,0,2,0,2,0,0,0,0,2,2,2,2,0,0,2,2
3,-7585.762,1617.610,-85.746,-151.580,0,0.32000,0.48000,19.200,0.960,-1,425.000,-1,425.000,-1,325.000,325.000,300.000,300.000,-1,-1,-1,-1,975.000,950.000,-1,-1,2,0,2,0,2,0,0,0,0,2,2,2,2,0,0,2,2
4,-7606.626,1605.748,-84.558,-150.380,0,0.40000,0.60000,24.000,1.200,-1,425.000,-1,425.000,-1,325.000,325.000,300.000,300.000,-1,-1,-1,-1,975.000,950.000,-1,-1,2,0,2,0,2,0,0,0,0,2,2,2,2,0,0,2,2
5,-7631.354,1590.985,-83.115,-149.162,0,0.48000,0.60928,28.800,1.219,-1,400.000,-1,425.000,-1,325.000,325.000,300.000,300.000,-1,-1,-1,-1,950.000,950.000,-1,-1,2,0,2,0,2,0,0,0,0,2,2,2,2,0,0,2,2
6,-7659.832,1573.153,-81.417,-147.948,0,0.56000,0.60705,33.600,1.214,-1,400.000,-1,425.000,-1,325.000,325.000,300.000,300.000,-1,-1,-1,-1,950.000,975.000,-1,-1,2,0,2,0,2,0,0,0,0,2,2,2,2,0,0,2,2
7,-7691.942,1552.093,-79.504,-146.739,0,0.64000,0.60448,38.400,1.209,-1,400.000,-1,425.000,-1,325.000,325.000,300.000,300.000,-1,-1,-1,-1,950.000,975.000,-1,-1,2,0,2,0,2,0,0,0,0,2,2,2,2,0,0,2,2
8,-7727.559,1527.646,-77.426,-145.536,0,0.72000,0.60156,43.200,1.203,-1,400.000,-1,425.000,-1,325.000,325.000,300.000,300.000,-1,-1,-1,-1,950.000,1000.000,-1,-1,2,0,2,0,2,0,0,0,0,2,2,2,2,0,0,2,2
9,-7766.558,1499.663,-75.105,-144.339,0,0.80000,0.59829,48.000,1.197,-1,400.000,-1,425.000,-1,325.000,350.000,300.000,300.000,-1,-1,-1,-1,950.000,1000.000,-1,-1,2,0,2,0,2,0,0,0,0,2,2,2,2,0,0,2,2
10,-7808.938,1468.169,-72.681,-143.383,0,0.88000,0.47829,52.800,0.957,-1,425.000,-1,425.000,-1,325.000,350.000,300.000,300.000,-1,-1,-1,-1,950.000,1000.000,-1,-1,2,0,2,0,2,0,0,0,0,2,2,2,2,0,0,2,2
11,-7851.187,1435.944,-70.462,-142.666,0,0.88560,0.35829,53.136,0.717,-1,425.000,-1,425.000,-1,325.000,350.000,300.000,300.000,-1,-1,-1,-1,950.000,1000.000,-1,-1,2,0,2,0,2,0,0,0,0,2,2,2,2,0,0,2,2
12,-7893.166,1403.369,-68.287,-142.189,0,0.88560,0.23829,53.136,0.477,-1,425.000,-1,425.000,-1,325.000,350.000,300.000,300.000,-1,-1,-1,-1,950.000,1000.000,-1,-1,2,0,2,0,2,0,0,0,0,2,2,2,2,0,0,2,2
13,-7935.011,1370.621,-66.266,-141.953,0,0.88560,0.11829,53.136,0.237,-1,425.000,-1,425.000,-1,325.000,350.000,300.000,300.000,-1,-1,-1,-1,950.000,1000.000,-1,-1,2,0,2,0,2,0,0,0,0,2,2,2,2,0,0,2,2
14,-7976.857,1337.875,-64.417,-141.956,0,0.88560,-0.00171,53.136,-0.003,-1,425.000,-1,425.000,-1,350.000,350.000,300.000,300.000,-1,-1,-1,-1,950.000,975.000,-1,-1,2,0,2,0,2,0,0,0,0,2,2,2,2,0,0,2,2
15,-8018.843,1305.308,-62.787,-142.200,0,0.88560,-0.12171,53.136,-0.243,-1,425.000,-1,425.000,-1,350.000,350.000,300.000,300.000,-1,-1,-1,-1,950.000,975.000,-1,-1,2,0,2,0,2,0,0,0,0,2,2,2,2,0,0,2,2
16,-8060.971,1272.925,-61.240,-142.451,0,0.88560,-0.12558,53.136,-0.251,-1,425.000,-1,425.000,-1,350.000,350.000,300.000,300.000,-1,-1,-1,-1,975.000,975.000,-1,-1,2,0,2,0,2,0,0,0,0,2,2,2,2,0,0,2,2
17,-8103.240,1240.726,-59.782,-142.702,0,0.88560,-0.12558,53.136,-0.251,-1,425.000,-1,425.000,-1,350.000,350.000,300.000,300.000,-1,-1,-1,-1,975.000,975.000,-1,-1,2,0,2,0,2,0,0,0,0,2,2,2,2,0,0,2,2
18,-8145.650,1208.714,-58.777,-142.953,0,0.88560,-0.12558,53.136,-0.251,-1,425.000,-1,425.000,-1,350.000,350.000,300.000,300.000,-1,-1,-1,-1,950.000,975.000,-1,-1,2,0,2,0,2,0,0,0,0,2,2,2,2,0,0,2,2
19,-8188.200,1176.887,-57.845,-143.204,0,0.88560,-0.12558,53.136,-0.251,-1,425.000,-1,425.000,-1,350.000,350.000,300.000,300.000,-1,-1,-1,-1,950.000,950.000,-1,-1,2,0,2,0,2,0,0,0,0,2,2,2,2,0,0,2,2
20,-8230.889,1145.248,-56.978,-143.455,0,0.88560,-0.12558,53.136,-0.251,-1,425.000,-1,425.000,-1,350.000,350.000,300.000,300.000,-1,-1,-1,-1,925.000,950.000,-1,-1,2,0,2,0,2,0,0,0,0,2,2,2,2,0,0,2,2
21,-8273.716,1113.795,-56.176,-143.707,0,0.88560,-0.12558,53.136,-0.251,-1,425.000,-1,425.000,-1,325.000,325.000,300.000,300.000,-1,-1,-1,-1,925.000,925.000,-1,-1,2,0,2,0,2,0,0,0,0,2,2,2,2,0,0,2,2
22,-8316.681,1082.531,-55.462,-143.958,0,0.88560,-0.12558,53.136,-0.251,-1,425.000,-1,425.000,-1,325.000,325.000,300.000,300.000,-1,-1,-1,-1,900.000,925.000,-1,-1,2,0,2,0,2,0,0,0,0,2,2,2,2,0,0,2,2
23,-8359.782,1051.456,-55.110,-144.209,0,0.88560,-0.12558,53.136,-0.251,-1,425.000,-1,425.000,-1,325.000,325.000,300.000,300.000,-1,-1,-1,-1,900.000,900.000,-1,-1,2,0,2,0,2,0,0,0,0,2,2,2,2,0,0,2,2
24,-8403.019,1020.569,-54.834,-144.460,0,0.88560,-0.12558,53.136,-0.251,-1,400.000,-1,425.000,-1,325.000,325.000,300.000,300.000,-1,-1,-1,-1,900.000,900.000,-1,-1,2,0,2,0,2,0,0,0,0,2,2,2,2,0,0,2,2
25,-8446.392,989.873,-54.745,-144.711,0,0.88560,-0.12558,53.136,-0.251,-1,400.000,-1,425.000,-1,325.000,325.000,300.000,300.000,-1,-1,-1,-1,900.000,875.000,-1,-1,2,0,2,0,2,0,0,0,0,2,2,2,2,0,0,2,2
26,-8489.898,959.367,-54.862,-144.962,0,0.88560,-0.12558,53.136,-0.251,-1,400.000,-1,425.000,-1,325.000,325.000,300.000,300.000,-1,-1,-1,-1,900.000,875.000,-1,-1,2,0,2,0,2,0,0,0,0,2,2,2,2,0,0,2,2
27,-8533.538,929.052,-55.077,-145.214,0,0.88560,-0.12558,53.136,-0.251,-1,400.000,-1,425.000,-1,325.000,325.000,300.000,300.000,-1,-1,-1,-1,900.000,850.000,-1,-1,2,0,2,0,2,0,0,0,0,2,2,2,2,0,0,2,2
28,-8577.310,898.928,-55.360,-145.465,0,0.88560,-0.12558,53.136,-0.251,-1,400.000,-1,400.000,-1,325.000,325.000,300.000,300.000,-1,-1,-1,-1,875.000,850.000,-1,-1,2,0,2,0,2,0,0,0,0,2,2,2,2,0,0,2,2
29,-8621.213,868.997,-55.760,-145.716,0,0.88560,-0.12558,53.136,-0.251,-1,400.000,-1,400.000,-1,325.000,325.000,300.000,300.000,-1,-1,-1,-1,875.000,825.000,-1,-1,2,0,2,0,2,0,0,0,0,2,2,2,2,0,0,2,2
30,-8665.248,839.258,-56.563,-145.967,0,0.88560,-0.12558,53.136,-0.251,-1,425.000,-1,400.000,-1,325.000,325.000,300.000,300.000,-1,-1,-1,-1,875.000,825.000,-1,-1,2,0,2,0,2,0,0,0,0,2,2,2,2,0,0,2,2
31,-8707.828,810.642,-57.396,-146.096,0,0.85505,-0.06475,51.303,-0.129,-1,425.000,-1,400.000,-1,325.000,325.000,300.000,300.000,-1,-1,-1,-1,875.000,825.000,-1,-1,2,0,2,0,2,0,0,0,0,2,2,2,2,0,0,2,2
32,-8750.473,782.122,-58.340,-146.226,0,0.85505,-0.06475,51.303,-0.129,-1,425.000,-1,400.000,-1,325.000,325.000,300.000,300.000,-1,-1,-1,-1,875.000,825.000,-1,-1,2,0,2,0,2,0,0,0,0,2,2,2,2,0,0,2,2
33,-8793.182,753.698,-59.440,-146.355,0,0.85505,-0.06475,51.303,-0.129,-1,425.000,-1,400.000,-1,325.000,325.000,300.000,300.000,-1,-1,-1,-1,875.000,825.000,-1,-1,2,0,2,0,2,0,0,0,0,2,2,2,2,0,0,2,2
34,-8835.956,725.370,-60.623,-146.485,0,0.85505,-0.06475,51.303,-0.129,-1,425.000,-1,400.000,-1,325.000,325.000,300.000,300.000,-1,-1,-1,-1,850.000,825.000,-1,-1,2,0,2,0,2,0,0,0,0,2,2,2,2,0,0,2,2
35,-8878.793,697.140,-61.924,-146.614,0,0.85505,-0.06475,51.303,-0.129,-1,400.000,-1,400.000,-1,325.000,325.000,300.000,300.000,-1,-1,-1,-1,825.000,800.000,-1,-1,2,0,2,0,2,0,0,0,0,2,2,2,2,0,0,2,2
36,-8921.694,669.006,-63.271,-146.744,0,0.85505,-0.06475,51.303,-0.129,-1,400.000,-1,400.000,-1,325.000,325.000,300.000,300.000,-1,-1,-1,-1,825.000,800.000,-1,-1,2,0,2,0,2,0,0,0,0,2,2,2,2,0,0,2,2
37,-8964.659,640.970,-64.664,-146.873,0,0.85505,-0.06475,51.303,-0.129,-1,400.000,-1,400.000,-1,325.000,325.000,300.000,300.000,-1,-1,-1,-1,800.000,800.000,-1,-1,2,0,2,0,2,0,0,0,0,2,2,2,2,0,0,2,2
38,-9007.686,613.031,-66.149,-147.003,0,0.85505,-0.06475,51.303,-0.129,-1,400.000,-1,400.000,-1,325.000,325.000,300.000,300.000,-1,-1,-1,-1,800.000,775.000,-1,-1,2,0,2,0,2,0,0,0,0,2,2,2,2,0,0,2,2
39,-9050.777,585.189,-67.767,-147.132,0,0.85505,-0.06475,51.303,-0.129,-1,400.000,-1,400.000,-1,325.000,325.000,300.000,300.000,-1,-1,-1,-1,800.000,775.000,-1,-1,2,0,2,0,2,0,0,0,0,2,2,2,2,0,0,2,2
40,-9093.931,557.444,-69.436,-147.262,0,0.85505,-0.06475,51.303,-0.129,-1,400.000,-1,400.000,-1,325.000,325.000,300.000,300.000,-1,-1,-1,-1,775.000,775.000,-1,-1,2,0,2,0,2,0,0,0,0,2,2,2,2,0,0,2,2
41,-9141.059,527.572,-71.255,-147.631,0,0.92997,-0.18475,55.798,-0.369,-1,400.000,-1,400.000,-1,325.000,325.000,300.000,300.000,-1,-1,-1,-1,775.000,750.000,-1,-1,2,0,2,0,2,0,0,0,0,2,2,2,2,0,0,2,2
42,-9188.503,498.202,-73.120,-148.241,0,0.92997,-0.30475,55.798,-0.609,-1,400.000,-1,400.000,-1,325.000,325.000,300.000,300.000,-1,-1,-1,-1,775.000,750.000,-1,-1,2,0,2,0,2,0,0,0,0,2,2,2,2,0,0,2,2
43,-9236.377,469.539,-75.057,-149.090,0,0.92997,-0.42475,55.798,-0.849,-1,400.000,-1,400.000,-1,325.000,325.000,300.000,300.000,-1,-1,-1,-1,750.000,750.000,-1,-1,2,0,2,0,2,0,0,0,0,2,2,2,2,0,0,2,2
44,-9284.787,441.792,-77.140,-150.180,0,0.92997,-0.54475,55.798,-1.089,-1,400.000,-1,400.000,-1,325.000,325.000,300.000,300.000,-1,-1,-1,-1,750.000,725.000,-1,-1,2,0,2,0,2,0,0,0,0,2,2,2,2,0,0,2,2
45,-9333.828,415.176,-79.438,-151.509,0,0.92997,-0.66475,55.798,-1.329,-1,400.000,-1,400.000,-1,325.000,325.000,300.000,300.000,-1,-1,-1,-1,750.000,725.000,-1,-1,2,0,2,0,2,0,0,0,0,2,2,2,2,0,0,2,2
46,-9383.580,389.912,-81.867,-153.079,0,0.92997,-0.78475,55.798,-1.569,-1,400.000,-1,400.000,-1,325.000,325.000,300.000,300.000,-1,-1,-1,-1,750.000,725.000,-1,-1,2,0,2,0,2,0,0,0,0,2,2,2,2,0,0,2,2
47,-9434.104,366.232,-84.356,-154.888,0,0.92997,-0.90475,55.798,-1.809,-1,400.000,-1,400.000,-1,325.000,325.000,300.000,300.000,-1,-1,-1,-1,725.000,725.000,-1,-1,2,0,2,0,2,0,0,0,0,2,2,2,2,0,0,2,2
48,-9485.425,344.330,-86.945,-156.888,0,0.92997,-1.00000,55.798,-2.000,-1,400.000,-1,400.000,-1,325.000,325.000,300.000,300.000,-1,-1,-1,-1,725.000,725.000,-1,-1,2,0,2,0,2,0,0,0,0,2,2,2,2,0,0,2,2
49,-9537.478,324.233,-89.632,-158.888,0,0.92997,-1.00000,55.798,-2.000,-1,400.000,-1,400.000,-1,325.000,325.000,300.000,300.000,-1,-1,-1,-1,725.000,725.000,-1,-1,2,0,2,0,2,0,0,0,0,2,2,2,2,0,0,2,2
50,-9593.316,304.622,-92.575,-160.648,0,0.98635,-0.88000,59.181,-1.760,-1,400.000,-1,400.000,-1,325.000,325.000,300.000,300.000,-1,-1,-1,-1,725.000,725.000,-1,-1,2,0,2,0,2,0,0,0,0,2,2,2,2,0,0,2,2
51,-9649.654,286.500,-95.597,-162.168,0,0.98635,-0.76000,59.181,-1.520,-1,400.000,-1,400.000,-1,325.000,325.000,300.000,300.000,-1,-1,-1,-1,725.000,725.000,-1,-1,2,0,2,0,2,0,0,0,0,2,2,2,2,0,0,2,2
52,-9706.383,269.640,-98.686,-163.448,0,0.98635,-0.64000,59.181,-1.280,-1,375.000,-1,375.000,-1,325.000,325.000,300.000,300.000,-1,-1,-1,-1,725.000,725.000,-1,-1,2,0,2,0,2,0,0,0,0,2,2,2,2,0,0,2,2
53,-9763.409,253.813,-101.817,-164.488,0,0.98635,-0.52000,59.181,-1.040,-1,375.000,-1,375.000,-1,325.000,325.000,300.000,300.000,-1,-1,-1,-1,725.000,725.000,-1,-1,2,0,2,0,2,0,0,0,0,2,2,2,2,0,0,2,2
54,-9820.650,238.784,-104.856,-165.288,0,0.98635,-0.40000,59.181,-0.800,-1,375.000,-1,375.000,-1,325.000,325.000,300.000,300.000,-1,-1,-1,-1,725.000,725.000,-1,-1,2,0,2,0,2,0,0,0,0,2,2,2,2,0,0,2,2
55,-9878.035,224.315,-107.860,-165.848,0,0.98635,-0.28000,59.181,-0.560,-1,375.000,-1,375.000,-1,325.000,325.000,300.000,300.000,-1,-1,-1,-1,725.000,725.000,-1,-1,2,0,2,0,2,0,0,0,0,2,2,2,2,0,0,2,2
56,-9935.537,210.318,-110.728,-166.319,0,0.98635,-0.23536,59.181,-0.471,-1,375.000,-1,375.000,-1,325.000,325.000,300.000,300.000,-1,-1,-1,-1,700.000,725.000,-1,-1,2,0,2,0,2,0,0,0,0,2,2,2,2,0,0,2,2
57,-9993.153,196.794,-113.505,-166.790,0,0.98635,-0.23536,59.181,-0.471,-1,375.000,-1,375.000,-1,325.000,325.000,300.000,300.000,-1,-1,-1,-1,700.000,725.000,-1,-1,2,0,2,0,2,0,0,0,0,2,2,2,2,0,0,2,2
58,-10050.877,183.743,-116.300,-167.261,0,0.98635,-0.23536,59.181,-0.471,-1,375.000,-1,400.000,-1,325.000,325.000,300.000,300.000,-1,-1,-1,-1,700.000,725.000,-1,-1,2,0,2,0,2,0,0,0,0,2,2,2,2,0,0,2,2
59,-10108.707,171.168,-119.113,-167.731,0,0.98635,-0.23536,59.181,-0.471,-1,375.000,-1,400.000,-1,325.000,325.000,300.000,300.000,-1,-1,-1,-1,700.000,725.000,-1,-1,2,0,2,0,2,0,0,0,0,2,2,2,2,0,0,2,2
60,-10166.638,159.067,-121.943,-168.202,0,0.98635,-0.23536,59.181,-0.471,-1,375.000,-1,400.000,-1,325.000,325.000,300.000,300.000,-1,1000.000,-1,-1,700.000,725.000,-1,-1,2,0,2,0,2,0,0,0,0,2,0,2,2,0,0,2,2
61,-10224.666,147.444,-124.769,-168.673,0,0.98635,-0.23536,59.181,-0.471,-1,375.000,-1,375.000,-1,325.000,325.000,300.000,300.000,-1,950.000,-1,-1,700.000,725.000,-1,-1,2,0,2,0,2,0,0,0,0,2,0,2,2,0,0,2,2
62,-10282.788,136.297,-127.589,-169.144,0,0.98635,-0.23536,59.181,-0.471,-1,375.000,-1,375.000,-1,325.000,325.000,300.000,300.000,-1,950.000,975.000,-1,700.000,725.000,-1,-1,2,0,2,0,2,0,0,0,0,2,0,0,2,0,0,2,2
63,-10341.000,125.628,-130.424,-169.614,0,0.98635,-0.23536,59.181,-0.471,-1,375.000,-1,375.000,-1,325.000,325.000,300.000,300.000,-1,925.000,925.000,-1,700.000,725.000,-1,-1,2,0,2,0,2,0,0,0,0,2,0,0,2,0,0,2,2
64,-10399.297,115.438,-133.275,-170.085,0,0.98635,-0.23536,59.181,-0.471,-1,375.000,-1,375.000,-1,325.000,325.000,300.000,300.000,-1,900.000,875.000,-1,700.000,725.000,-1,-1,2,0,2,0,2,0,0,0,0,2,0,0,2,0,0,2,2
65,-10457.677,105.727,-136.105,-170.556,0,0.98635,-0.23536,59.181,-0.471,-1,375.000,-1,375.000,-1,300.000,300.000,300.000,300.000,-1,900.000,875.000,-1,700.000,725.000,-1,-1,2,0,2,0,2,0,0,0,0,2,0,0,2,0,0,2,2
66,-10516.133,96.496,-138.655,-171.026,0,0.98635,-0.23536,59.181,-0.471,-1,375.000,-1,375.000,-1,300.000,325.000,300.000,300.000,-1,875.000,850.000,-1,700.000,700.000,-1,-1,2,0,2,0,2,0,0,0,0,2,0,0,2,0,0,2,2
67,-10574.664,87.746,-141.012,-171.497,0,0.98635,-0.23536,59.181,-0.471,-1,375.000,-1,375.000,-1,325.000,325.000,300.000,300.000,-1,875.000,850.000,-1,700.000,700.000,-1,-1,2,0,2,0,2,0,0,0,0,2,0,0,2,0,0,2,2
68,-10633.265,79.476,-143.303,-171.968,0,0.98635,-0.23536,59.181,-0.471,-1,375.000,-1,375.000,-1,325.000,325.000,300.000,300.000,-1,875.000,850.000,-1,725.000,700.000,-1,-1,2,0,2,0,2,0,0,0,0,2,0,0,2,0,0,2,2
69,-10691.932,71.689,-145.611,-172.439,0,0.98635,-0.23536,59.181,-0.471,-1,375.000,-1,375.000,-1,325.000,325.000,300.000,300.000,-1,875.000,850.000,-1,725.000,700.000,-1,-1,2,0,2,0,2,0,0,0,0,2,0,0,2,0,0,2,2
70,-10750.660,64.384,-147.935,-172.909,0,0.98635,-0.23536,59.181,-0.471,-1,375.000,-1,375.000,-1,325.000,325.000,300.000,300.000,-1,875.000,825.000,-1,725.000,700.000,-1,-1,2,0,2,0,2,0,0,0,0,2,0,0,2,0,0,2,2
71,-10809.447,57.561,-150.276,-173.380,0,0.98635,-0.23536,59.181,-0.471,-1,375.000,-1,375.000,-1,325.000,325.000,300.000,300.000,-1,850.000,800.000,-1,725.000,700.000,-1,-1,2,0,2,0,2,0,0,0,0,2,0,0,2,0,0,2,2
72,-10868.288,51.222,-152.634,-173.851,0,0.98635,-0.23536,59.181,-0.471,-1,375.000,-1,375.000,-1,325.000,325.000,300.000,300.000,-1,825.000,775.000,-1,725.000,700.000,-1,-1,2,0,2,0,2,0,0,0,0,2,0,0,2,0,0,2,2
73,-10927.179,45.366,-154.969,-174.322,0,0.98635,-0.23536,59.181,-0.471,-1,375.000,-1,375.000,-1,325.000,325.000,300.000,300.000,-1,800.000,775.000,-1,725.000,700.000,-1,-1,2,0,2,0,2,0,0,0,0,2,0,0,2,0,0,2,2
74,-10986.116,39.994,-157.312,-174.792,0,0.98635,-0.23536,59.181,-0.471,-1,375.000,-1,375.000,-1,325.000,325.000,300.000,300.000,-1,800.000,750.000,-1,725.000,700.000,-1,-1,2,0,2,0,2,0,0,0,0,2,0,0,2,0,0,2,2
75,-11045.095,35.107,-159.671,-175.263,0,0.98635,-0.23536,59.181,-0.471,-1,375.000,-1,375.000,-1,325.000,300.000,300.000,300.000,-1,775.000,750.000,-1,725.000,675.000,-1,-1,2,0,2,0,2,0,0,0,0,2,0,0,2,0,0,2,2
76,-11104.112,30.704,-162.045,-175.734,0,0.98635,-0.23536,59.181,-0.471,-1,375.000,-1,375.000,-1,300.000,300.000,300.000,300.000,-1,775.000,750.000,-1,725.000,675.000,-1,-1,2,0,2,0,2,0,0,0,0,2,0,0,2,0,0,2,2
77,-11163.164,26.787,-164.146,-176.204,0,0.98635,-0.23536,59.181,-0.471,-1,375.000,-1,375.000,-1,300.000,300.000,300.000,300.000,-1,775.000,750.000,-1,725.000,675.000,-1,-1,2,0,2,0,2,0,0,0,0,2,0,0,2,0,0,2,2
78,-11222.245,23.355,-165.728,-176.675,0,0.98635,-0.23536,59.181,-0.471,-1,375.000,-1,375.000,-1,300.000,300.000,300.000,300.000,-1,775.000,775.000,-1,725.000,675.000,-1,-1,2,0,2,0,2,0,0,0,0,2,0,0,2,0,0,2,2
79,-11281.353,20.408,-167.303,-177.146,0,0.98635,-0.23536,59.181,-0.471,-1,375.000,-1,375.000,-1,325.000,300.000,300.000,300.000,-1,775.000,750.000,-1,725.000,675.000,-1,-1,2,0,2,0,2,0,0,0,0,2,0,0,2,0,0,2,2
80,-11340.538,17.945,-168.896,-177.617,0,0.98728,-0.23554,59.237,-0.471,-1,375.000,-1,375.000,-1,325.000,300.000,300.000,300.000,-1,750.000,750.000,-1,725.000,675.000,-1,-1,2,0,2,0,2,0,0,0,0,2,0,0,2,0,0,2,2
81,-11399.990,15.962,-170.513,-178.090,0,0.99141,-0.23634,59.485,-0.473,-1,400.000,-1,375.000,-1,325.000,300.000,300.000,300.000,-1,725.000,725.000,-1,750.000,675.000,-1,-1,2,0,2,0,2,0,0,0,0,2,0,0,2,0,0,2,2
82,-11454.651,14.361,-172.008,-178.322,0,0.91141,-0.11634,54.685,-0.233,-1,400.000,-1,375.000,-1,325.000,325.000,300.000,300.000,-1,700.000,725.000,-1,750.000,675.000,-1,-1,2,0,2,0,2,0,0,0,0,2,0,0,2,0,0,2,2
83,-11504.516,12.978,-173.376,-178.412,0,0.83141,-0.04480,49.885,-0.090,-1,400.000,-1,375.000,-1,325.000,325.000,300.000,300.000,-1,675.000,700.000,-1,750.000,675.000,-1,-1,2,0,2,0,2,0,0,0,0,2,0,0,2,0,0,2,2
84,-11549.586,11.801,-174.615,-178.503,0,0.75141,-0.04551,45.085,-0.091,-1,400.000,-1,375.000,-1,325.000,325.000,300.000,300.000,-1,675.000,700.000,-1,750.000,675.000,-1,-1,2,0,2,0,2,0,0,0,0,2,0,0,2,0,0,2,2
85,-11589.858,10.813,-175.725,-178.595,0,0.67141,-0.04618,40.285,-0.092,-1,400.000,-1,375.000,-1,325.000,325.000,300.000,300.000,-1,650.000,675.000,-1,750.000,675.000,-1,-1,2,0,2,0,2,0,0,0,0,2,0,0,2,0,0,2,2
86,-11625.333,10.001,-176.704,-178.689,0,0.59141,-0.04678,35.485,-0.094,-1,400.000,-1,375.000,-1,325.000,300.000,300.000,300.000,-1,650.000,675.000,-1,750.000,675.000,-1,975.000,2,0,2,0,2,0,0,0,0,2,0,0,2,0,0,2,1
87,-11656.011,9.350,-177.553,-178.784,0,0.51141,-0.04732,30.685,-0.095,-1,400.000,-1,375.000,-1,325.000,300.000,300.000,300.000,-1,650.000,675.000,-1,750.000,675.000,-1,950.000,2,0,2,0,2,0,0,0,0,2,0,0,2,0,0,2,1
88,-11681.890,8.843,-178.269,-178.879,0,0.43141,-0.04780,25.885,-0.096,-1,400.000,-1,375.000,-1,325.000,300.000,300.000,300.000,-1,650.000,675.000,-1,750.000,675.000,-1,925.000,2,0,2,0,2,0,0,0,0,2,0,0,2,0,0,2,1
89,-11702.972,8.466,-178.854,-178.976,0,0.35141,-0.04820,21.085,-0.096,-1,400.000,-1,375.000,1000.000,325.000,300.000,300.000,300.000,-1,625.000,675.000,-1,750.000,675.000,-1,900.000,2,0,2,0,1,0,0,0,0,2,0,0,2,0,0,2,1
90,-11719.254,8.203,-179.306,-179.073,0,0.27141,-0.04851,16.285,-0.097,-1,400.000,-1,375.000,975.000,325.000,300.000,300.000,300.000,-1,625.000,675.000,-1,750.000,675.000,-1,900.000,2,0,2,0,1,0,0,0,0,2,0,0,2,0,0,2,1
91,-11730.737,8.037,-179.624,-179.170,0,0.19141,-0.04875,11.485,-0.097,-1,400.000,-1,375.000,975.000,325.000,300.000,300.000,300.000,-1,625.000,650.000,-1,750.000,675.000,-1,875.000,2,0,2,0,1,0,0,0,0,2,0,0,2,0,0,2,1
92,-11737.421,7.951,-179.809,-179.268,0,0.11141,-0.04890,6.685,-0.098,-1,400.000,-1,375.000,950.000,325.000,300.000,300.000,300.000,-1,625.000,650.000,-1,750.000,675.000,-1,875.000,2,0,2,0,1,0,0,0,0,2,0,0,2,0,0,2,1
93,-11739.306,7.930,-179.859,-179.366,0,0.03141,-0.04896,1.885,-0.098,-1,400.000,-1,375.000,950.000,325.000,300.000,300.000,300.000,-1,625.000,650.000,-1,750.000,675.000,-1,875.000,2,0,2,0,1,0,0,0,0,2,0,0,2,0,0,2,1
94,-11736.390,7.958,-179.775,-179.464,0,-0.04859,-0.04894,-2.915,-0.098,-1,400.000,-1,375.000,975.000,325.000,300.000,300.000,300.000,-1,625.000,650.000,-1,750.000,675.000,-1,875.000,2,0,2,0,1,0,0,0,0,2,0,0,2,0,0,2,1
95,-11728.675,8.017,-179.556,-179.561,0,-0.12859,-0.04883,-7.715,-0.098,-1,400.000,-1,375.000,975.000,325.000,300.000,300.000,300.000,-1,625.000,650.000,-1,750.000,675.000,-1,900.000,2,0,2,0,1,0,0,0,0,2,0,0,2,0,0,2,1
96,-11720.479,8.065,-179.324,-179.659,0,-0.13661,-0.04864,-8.196,-0.097,-1,400.000,-1,375.000,975.000,325.000,300.000,300.000,300.000,-1,625.000,650.000,-1,750.000,675.000,-1,900.000,2,0,2,0,1,0,0,0,0,2,0,0,2,0,0,2,1
97,-11712.249,8.101,-179.090,-179.755,0,-0.13716,-0.04844,-8.230,-0.097,-1,400.000,-1,375.000,1000.000,325.000,300.000,300.000,300.000,-1,625.000,650.000,-1,750.000,675.000,-1,900.000,2,0,2,0,1,0,0,0,0,2,0,0,2,0,0,2,1
98,-11703.986,8.122,-178.855,-179.852,0,-0.13772,-0.04825,-8.263,-0.096,-1,400.000,-1,375.000,1000.000,325.000,300.000,300.000,300.000,-1,625.000,675.000,-1,750.000,675.000,-1,925.000,2,0,2,0,1,0,0,0,0,2,0,0,2,0,0,2,1
99,-11695.689,8.129,-178.618,-179.948,0,-0.13828,-0.04806,-8.297,-0.096,-1,400.000,-1,375.000,-1,325.000,300.000,300.000,300.000,-1,625.000,675.000,-1,750.000,675.000,-1,925.000,2,0,2,0,2,0,0,0,0,2,0,0,2,0,0,2,1
100,-11687.359,8.123,-178.381,-180.044,0,-0.13885,-0.04787,-8.331,-0.096,-1,400.000,-1,375.000,-1,325.000,300.000,300.000,300.000,-1,625.000,675.000,-1,750.000,675.000,-1,925.000,2,0,2,0,2,0,0,0,0,2,0,0,2,0,0,2,1
101,-11678.994,8.103,-178.142,-180.139,0,-0.13941,-0.04769,-8.365,-0.095,-1,400.000,-1,375.000,-1,325.000,300.000,300.000,300.000,-1,650.000,675.000,-1,750.000,675.000,-1,950.000,2,0,2,0,2,0,0,0,0,2,0,0,2,0,0,2,1
102,-11670.595,8.068,-177.902,-180.234,0,-0.13999,-0.04751,-8.399,-0.095,-1,400.000,-1,375.000,-1,325.000,300.000,300.000,300.000,-1,650.000,675.000,-1,750.000,675.000,-1,950.000,2,0,2,0,2,0,0,0,0,2,0,0,2,0,0,2,1
103,-11662.161,8.020,-177.660,-180.329,0,-0.14056,-0.04733,-8.434,-0.095,-1,400.000,-1,375.000,-1,325.000,300.000,300.000,300.000,-1,650.000,675.000,-1,750.000,675.000,-1,950.000,2,0,2,0,2,0,0,0,0,2,0,0,2,0,0,2,1
104,-11653.693,7.957,-177.417,-180.423,0,-0.14114,-0.04716,-8.469,-0.094,-1,400.000,-1,375.000,-1,325.000,300.000,300.000,300.000,-1,650.000,675.000,-1,750.000,675.000,-1,975.000,2,0,2,0,2,0,0,0,0,2,0,0,2,0,0,2,1
105,-11645.189,7.881,-177.173,-180.517,0,-0.14173,-0.04699,-8.504,-0.094,-1,400.000,-1,375.000,-1,325.000,300.000,300.000,300.000,-1,650.000,675.000,-1,750.000,675.000,-1,975.000,2,0,2,0,2,0,0,0,0,2,0,0,2,0,0,2,1
106,-11641.486,7.857,-177.070,-180.371,0,-0.06173,0.07301,-3.704,0.146,-1,400.000,-1,375.000,-1,325.000,300.000,300.000,300.000,-1,650.000,675.000,-1,750.000,675.000,-1,975.000,2,0,2,0,2,0,0,0,0,2,0,0,2,0,0,2,1
107,-11642.583,7.856,-177.108,-179.985,0,0.01827,0.19301,1.096,0.386,-1,400.000,-1,375.000,-1,325.000,300.000,300.000,300.000,-1,650.000,675.000,-1,750.000,675.000,-1,975.000,2,0,2,0,2,0,0,0,0,2,0,0,2,0,0,2,1
108,-11648.479,7.790,-177.283,-179.359,0,0.09827,0.31301,5.896,0.626,-1,400.000,-1,375.000,-1,325.000,300.000,300.000,300.000,-1,650.000,675.000,-1,750.000,675.000,-1,975.000,2,0,2,0,2,0,0,0,0,2,0,0,2,0,0,2,1
109,-11659.171,7.509,-177.594,-178.493,0,0.17827,0.43301,10.696,0.866,-1,400.000,-1,375.000,-1,325.000,300.000,300.000,300.000,-1,650.000,675.000,-1,750.000,675.000,-1,950.000,2,0,2,0,2,0,0,0,0,2,0,0,2,0,0,2,1
110,-11674.652,6.803,-178.035,-177.387,0,0.25827,0.55301,15.496,1.106,-1,400.000,-1,375.000,1000.000,325.000,300.000,300.000,300.000,-1,650.000,675.000,-1,750.000,675.000,-1,925.000,2,0,2,0,1,0,0,0,0,2,0,0,2,0,0,2,1
111,-11694.900,5.401,-178.600,-176.041,0,0.33827,0.67301,20.296,1.346,-1,400.000,-1,375.000,975.000,325.000,300.000,300.000,300.000,-1,650.000,675.000,-1,750.000,675.000,-1,900.000,2,0,2,0,1,0,0,0,0,2,0,0,2,0,0,2,1
112,-11719.879,2.976,-179.283,-174.455,0,0.41827,0.79301,25.096,1.586,-1,400.000,-1,375.000,925.000,325.000,300.000,300.000,300.000,-1,650.000,675.000,-1,775.000,675.000,-1,875.000,2,0,2,0,1,0,0,0,0,2,0,0,2,0,0,2,1
113,-11749.528,-0.859,-180.074,-172.629,0,0.49827,0.91301,29.896,1.826,-1,400.000,-1,375.000,875.000,325.000,300.000,300.000,300.000,-1,650.000,675.000,-1,775.000,675.000,-1,825.000,2,0,2,0,1,0,0,0,0,2,0,0,2,0,0,2,1
114,-11783.764,-6.496,-180.750,-170.651,0,0.57827,0.98902,34.696,1.978,-1,400.000,-1,375.000,825.000,325.000,300.000,300.000,300.000,-1,675.000,725.000,-1,775.000,675.000,-1,800.000,2,0,2,0,1,0,0,0,0,2,0,0,2,0,0,2,1
115,-11822.492,-14.250,-181.183,-168.677,0,0.65827,0.98674,39.496,1.973,-1,400.000,-1,375.000,775.000,325.000,325.000,300.000,300.000,-1,675.000,750.000,-1,775.000,675.000,-1,750.000,2,0,2,0,1,0,0,0,0,2,0,0,2,0,1,2,1
116,-11865.602,-24.433,-181.604,-166.709,0,0.73827,0.98407,44.296,1.968,-1,400.000,-1,375.000,725.000,325.000,325.000,300.000,300.000,-1,700.000,800.000,-1,800.000,650.000,-1,725.000,2,0,2,0,1,0,0,0,0,2,0,0,2,0,1,2,1
117,-11912.969,-37.349,-181.929,-164.747,0,0.81827,0.98095,49.096,1.962,-1,400.000,-1,375.000,675.000,325.000,325.000,300.000,300.000,-1,750.000,850.000,-1,800.000,625.000,-1,675.000,2,0,2,0,1,0,0,0,0,2,0,0,2,0,1,2,1
118,-11964.453,-53.293,-182.243,-162.793,0,0.89827,0.97732,53.896,1.955,-1,400.000,-1,375.000,625.000,325.000,325.000,300.000,300.000,-1,800.000,900.000,-1,800.000,600.000,-1,650.000,2,0,2,0,1,0,0,0,0,2,0,0,2,0,1,2,1
119,-12017.985,-71.886,-182.578,-160.847,0,0.94447,0.97310,56.668,1.946,-1,400.000,-1,375.000,575.000,325.000,325.000,300.000,300.000,-1,875.000,925.000,-1,800.000,600.000,-1,600.000,2,0,2,0,1,0,0,0,0,2,0,0,2,0,1,2,1
120,-12070.931,-92.306,-182.927,-158.910,0,0.94579,0.96835,56.748,1.937,-1,400.000,-1,400.000,525.000,325.000,325.000,300.000,300.000,-1,950.000,975.000,-1,800.000,575.000,-1,575.000,2,0,2,0,1,0,0,0,0,2,0,0,2,0,1,2,1
121,-12123.205,-114.513,-183.296,-156.984,0,0.94659,0.96318,56.796,1.926,-1,400.000,-1,375.000,475.000,325.000,325.000,300.000,300.000,-1,-1,1000.000,-1,800.000,600.000,-1,550.000,2,0,2,1,1,0,0,0,0,2,2,0,2,0,1,2,1
122,-12174.720,-138.460,-183.691,-155.068,0,0.94682,0.95760,56.809,1.915,-1,400.000,-1,375.000,450.000,325.000,325.000,300.000,300.000,-1,-1,-1,-1,825.000,625.000,-1,550.000,2,0,2,1,1,0,0,0,0,2,2,2,2,0,1,2,1
123,-12225.390,-164.094,-184.116,-153.165,0,0.94641,0.95162,56.785,1.903,-1,400.000,-1,375.000,425.000,325.000,325.000,300.000,300.000,-1,-1,-1,-1,825.000,750.000,-1,600.000,2,0,2,1,1,0,0,0,0,2,2,2,2,0,0,2,1
124,-12275.130,-191.355,-184.574,-151.275,0,0.94534,0.94528,56.720,1.891,-1,425.000,-1,400.000,400.000,325.000,325.000,300.000,300.000,-1,-1,-1,-1,800.000,750.000,-1,-1,2,0,2,0,1,0,0,0,0,2,2,2,2,0,0,2,2
125,-12319.923,-217.609,-184.888,-149.624,0,0.86534,0.82528,51.920,1.651,-1,425.000,-1,400.000,400.000,325.000,325.000,275.000,275.000,-1,-1,-1,-1,800.000,750.000,-1,-1,2,0,2,0,1,0,0,0,0,2,2,2,2,0,0,2,2
126,-12359.976,-242.430,-185.128,-148.213,0,0.78534,0.70528,47.120,1.411,-1,400.000,-1,400.000,425.000,325.000,325.000,275.000,275.000,-1,-1,-1,-1,800.000,725.000,-1,-1,2,0,2,0,1,0,0,0,0,2,2,2,2,0,0,2,2
127,-12396.455,-266.081,-185.112,-147.043,0,0.72458,0.58528,43.475,1.171,-1,400.000,-1,400.000,550.000,325.000,325.000,275.000,300.000,-1,-1,-1,-1,800.000,750.000,-1,-1,2,0,2,0,1,0,0,0,0,2,2,2,2,0,0,2,2
128,-12432.388,-290.287,-184.855,-146.034,0,0.72209,0.50445,43.325,1.009,-1,400.000,-1,400.000,-1,325.000,325.000,275.000,300.000,-1,-1,-1,-1,800.000,750.000,-1,-1,2,0,2,0,2,0,0,0,0,2,2,2,2,0,0,2,2
129,-12467.761,-315.023,-185.117,-145.035,0,0.71942,0.49927,43.165,0.999,-1,400.000,-1,400.000,-1,325.000,325.000,275.000,300.000,-1,-1,-1,-1,775.000,750.000,-1,-1,2,0,2,0,2,0,0,0,1,2,2,2,2,0,0,2,2
130,-12502.558,-340.261,-185.796,-144.047,0,0.71642,0.49405,42.985,0.988,-1,400.000,-1,375.000,-1,325.000,325.000,275.000,275.000,-1,-1,-1,-1,775.000,725.000,-1,-1,2,0,2,0,2,0,0,0,1,2,2,2,2,0,0,2,2
131,-12536.760,-365.972,-185.918,-143.066,0,0.71313,0.49049,42.788,0.981,-1,400.000,-1,375.000,-1,325.000,325.000,275.000,250.000,-1,-1,-1,-1,750.000,725.000,-1,-1,2,0,2,0,2,0,0,0,1,2,2,2,2,0,0,2,2
132,-12570.349,-392.132,-186.027,-142.088,0,0.70958,0.48940,42.575,0.979,-1,400.000,-1,375.000,-1,325.000,325.000,275.000,225.000,-1,-1,-1,-1,750.000,725.000,-1,-1,2,0,2,0,2,0,0,0,1,2,2,2,2,0,0,2,2
133,-12603.311,-418.719,-186.131,-141.111,0,0.70579,0.48850,42.348,0.977,-1,400.000,-1,375.000,-1,325.000,325.000,275.000,225.000,-1,-1,-1,-1,750.000,700.000,-1,-1,2,0,2,0,2,0,0,0,1,2,2,2,2,0,0,2,2
134,-12635.632,-445.710,-186.267,-140.135,0,0.70182,0.48780,42.109,0.976,-1,400.000,-1,375.000,-1,325.000,325.000,275.000,225.000,-1,-1,-1,-1,725.000,700.000,-1,-1,2,0,2,0,2,0,0,0,1,2,2,2,2,0,0,2,2
135,-12667.303,-473.086,-186.435,-139.160,0,0.69771,0.48731,41.862,0.975,-1,400.000,-1,375.000,-1,325.000,325.000,275.000,225.000,-1,-1,-1,-1,725.000,700.000,-1,-1,2,0,2,0,2,0,0,0,1,2,2,2,2,0,0,2,2
136,-12698.316,-500.828,-186.635,-138.186,0,0.69350,0.48702,41.610,0.974,-1,400.000,-1,375.000,-1,325.000,325.000,275.000,225.000,-1,-1,-1,-1,725.000,700.000,-1,-1,2,0,2,0,2,0,0,0,1,2,2,2,2,0,0,2,2
137,-12728.666,-528.920,-186.867,-137.212,0,0.68927,0.48694,41.356,0.974,-1,375.000,-1,375.000,-1,325.000,325.000,275.000,225.000,-1,-1,-1,-1,700.000,700.000,-1,-1,2,0,2,0,2,0,0,0,1,2,2,2,2,0,0,2,2
138,-12758.351,-557.349,-186.977,-136.238,0,0.68505,0.48705,41.103,0.974,-1,375.000,-1,375.000,-1,325.000,325.000,275.000,250.000,-1,-1,-1,-1,700.000,675.000,-1,-1,2,0,2,0,2,0,0,0,1,2,2,2,2,0,0,2,2
139,-12787.372,-586.104,-187.010,-135.264,0,0.68090,0.48736,40.854,0.975,-1,375.000,-1,375.000,-1,325.000,325.000,275.000,250.000,-1,-1,-1,-1,700.000,675.000,-1,-1,2,0,2,0,2,0,0,0,1,2,2,2,2,0,0,2,2
140,-12815.730,-615.176,-187.052,-134.288,0,0.67687,0.48786,40.612,0.976,-1,375.000,-1,375.000,-1,325.000,325.000,275.000,275.000,-1,-1,-1,-1,700.000,675.000,-1,-1,2,0,2,0,2,0,0,0,1,2,2,2,2,0,0,2,2
141,-12843.428,-644.558,-186.851,-133.311,0,0.67300,0.48854,40.380,0.977,-1,375.000,-1,375.000,-1,325.000,325.000,275.000,300.000,-1,-1,-1,-1,700.000,675.000,-1,-1,2,0,2,0,2,0,0,0,1,2,2,2,2,0,0,2,2
142,-12870.473,-674.246,-186.458,-132.332,0,0.66933,0.48941,40.160,0.979,-1,375.000,-1,375.000,-1,300.000,325.000,275.000,300.000,-1,-1,-1,-1,700.000,650.000,-1,-1,2,0,2,0,2,0,0,0,0,2,2,2,2,0,0,2,2
143,-12896.869,-704.238,-186.538,-131.351,0,0.66589,0.49044,39.953,0.981,-1,375.000,-1,375.000,-1,300.000,300.000,275.000,300.000,-1,-1,-1,650.000,700.000,650.000,-1,-1,2,0,2,0,2,0,0,0,0,2,2,2,1,0,0,2,2
144,-12922.623,-734.533,-186.974,-130.368,0,0.66271,0.49164,39.762,0.983,-1,375.000,-1,375.000,-1,325.000,300.000,300.000,300.000,-1,-1,-1,525.000,700.000,650.000,-1,-1,2,0,2,0,2,0,0,0,0,2,2,2,1,0,0,2,2
145,-12947.741,-765.132,-186.890,-129.382,0,0.65980,0.49299,39.588,0.986,-1,375.000,-1,375.000,-1,300.000,300.000,300.000,300.000,-1,-1,-1,475.000,700.000,650.000,-1,-1,2,0,2,0,2,0,0,0,0,2,2,2,1,0,0,2,2
146,-12972.230,-796.038,-186.812,-128.393,0,0.65720,0.49449,39.432,0.989,-1,375.000,-1,375.000,-1,300.000,300.000,300.000,300.000,-1,-1,-1,450.000,675.000,625.000,-1,-1,2,0,2,0,2,0,0,0,0,2,2,2,1,0,0,2,2
147,-12996.096,-827.253,-186.738,-127.401,0,0.65489,0.49613,39.293,0.992,-1,375.000,-1,375.000,-1,300.000,300.000,300.000,300.000,-1,-1,-1,450.000,675.000,625.000,-1,-1,2,0,2,0,2,0,0,0,0,2,2,2,1,0,0,2,2
148,-13019.345,-858.781,-186.668,-126.405,0,0.65289,0.49790,39.173,0.996,-1,375.000,-1,375.000,-1,300.000,300.000,300.000,300.000,-1,-1,-1,450.000,675.000,625.000,-1,-1,2,0,2,0,2,0,0,0,0,2,2,2,1,0,0,2,2
149,-13041.981,-890.627,-186.467,-125.405,0,0.65120,0.49980,39.072,1.000,-1,375.000,-1,375.000,1000.000,300.000,300.000,300.000,300.000,-1,-1,-1,475.000,675.000,625.000,-1,1000.000,2,0,2,0,0,0,0,0,0,2,2,2,1,0,0,2,0
150,-13064.009,-922.797,-186.194,-124.402,0,0.64981,0.50182,38.989,1.004,-1,375.000,-1,375.000,1000.000,300.000,300.000,300.000,300.000,-1,-1,-1,475.000,650.000,625.000,-1,1000.000,2,0,2,0,0,0,0,0,0,2,2,2,1,0,0,2,1
151,-13085.432,-955.294,-185.778,-123.394,0,0.64872,0.50395,38.923,1.008,-1,375.000,-1,375.000,1000.000,300.000,300.000,300.000,300.000,-1,-1,-1,500.000,650.000,625.000,-1,975.000,2,0,2,0,0,0,0,0,0,2,2,2,1,0,0,2,1
152,-13106.252,-988.125,-185.357,-122.381,0,0.64792,0.50618,38.875,1.012,-1,375.000,-1,375.000,1000.000,325.000,300.000,300.000,300.000,-1,-1,-1,525.000,650.000,625.000,-1,950.000,2,0,2,0,0,0,0,0,0,2,2,2,1,0,0,2,1
153,-13126.470,-1021.293,-184.932,-121.364,0,0.64741,0.50852,38.844,1.017,-1,375.000,-1,375.000,1000.000,325.000,300.000,300.000,300.000,-1,-1,-1,550.000,650.000,625.000,-1,925.000,2,0,2,0,0,0,0,0,0,2,2,2,1,0,0,2,1
154,-13146.085,-1054.804,-184.504,-120.342,0,0.64716,0.51095,38.830,1.022,-1,375.000,-1,375.000,1000.000,325.000,300.000,300.000,300.000,-1,-1,-1,575.000,650.000,625.000,-1,925.000,2,0,2,0,1,0,0,0,0,2,2,2,1,0,0,2,1
155,-13165.097,-1088.662,-184.072,-119.315,0,0.64718,0.51346,38.831,1.027,-1,375.000,-1,375.000,950.000,325.000,300.000,300.000,300.000,-1,825.000,875.000,600.000,650.000,625.000,-1,900.000,2,0,2,0,1,0,0,0,0,2,0,0,1,0,0,2,1
156,-13185.934,-1126.996,-183.520,-118.526,0,0.72718,0.39464,43.631,0.789,-1,375.000,-1,375.000,900.000,325.000,300.000,300.000,300.000,-1,700.000,750.000,625.000,650.000,600.000,-1,900.000,2,0,2,0,1,0,0,0,0,2,0,0,1,0,0,2,1
157,-13208.469,-1169.864,-182.658,-117.731,0,0.80718,0.39764,48.431,0.795,-1,375.000,-1,375.000,850.000,300.000,300.000,300.000,300.000,-1,650.000,725.000,675.000,650.000,600.000,-1,875.000,2,0,2,0,1,0,0,0,0,2,0,0,1,0,0,2,1
158,-13232.577,-1217.322,-181.665,-116.929,0,0.88718,0.40106,53.231,0.802,-1,375.000,-1,350.000,800.000,300.000,300.000,300.000,300.000,-1,625.000,675.000,725.000,625.000,600.000,-1,850.000,2,0,2,0,1,0,0,0,0,2,0,1,1,0,0,2,1
159,-13256.852,-1266.833,-180.276,-116.119,0,0.91902,0.40492,55.141,0.810,-1,375.000,-1,350.000,750.000,300.000,300.000,300.000,300.000,-1,575.000,600.000,775.000,650.000,600.000,-1,825.000,2,0,2,0,1,0,0,0,0,2,0,0,1,0,0,2,1
160,-13280.467,-1316.789,-178.752,-115.301,0,0.92095,0.40901,55.257,0.818,-1,375.000,-1,350.000,725.000,300.000,300.000,300.000,300.000,-1,475.000,500.000,825.000,650.000,575.000,-1,800.000,2,0,2,0,1,0,0,0,0,2,0,0,1,0,0,2,1
161,-13303.414,-1367.201,-177.186,-114.475,0,0.92314,0.41320,55.388,0.826,-1,375.000,-1,350.000,675.000,300.000,300.000,325.000,300.000,-1,425.000,425.000,875.000,650.000,575.000,-1,775.000,2,0,2,0,1,0,0,0,0,2,0,0,1,0,0,2,1
162,-13325.682,-1418.074,-175.380,-113.640,0,0.92555,0.41747,55.533,0.835,-1,375.000,-1,350.000,650.000,300.000,300.000,325.000,300.000,-1,400.000,400.000,950.000,650.000,575.000,-1,750.000,2,0,2,0,1,0,0,0,0,2,0,0,1,0,0,2,1
163,-13348.612,-1472.724,-172.881,-112.762,0,0.98776,0.43879,59.266,0.878,-1,375.000,-1,350.000,625.000,300.000,300.000,325.000,300.000,-1,375.000,375.000,1000.000,650.000,575.000,-1,750.000,2,0,2,0,1,0,0,0,0,2,0,0,1,0,0,2,1
164,-13370.518,-1527.294,-169.874,-111.872,0,0.98005,0.44501,58.803,0.890,-1,375.000,-1,350.000,600.000,300.000,300.000,325.000,300.000,-1,350.000,375.000,-1,675.000,575.000,-1,725.000,2,0,2,0,1,0,0,0,0,2,0,0,2,0,0,2,1
165,-13391.616,-1582.286,-166.802,-110.990,0,0.98166,0.44114,58.900,0.882,-1,375.000,-1,350.000,600.000,300.000,300.000,300.000,300.000,-1,350.000,375.000,-1,675.000,600.000,-1,725.000,2,0,2,0,1,0,0,0,0,2,0,0,2,0,0,2,1
166,-13411.899,-1637.664,-163.671,-110.116,0,0.98293,0.43701,58.976,0.874,-1,375.000,-1,350.000,575.000,300.000,300.000,300.000,300.000,-1,325.000,375.000,-1,675.000,600.000,-1,725.000,2,0,2,0,1,0,0,0,0,2,0,0,2,0,0,2,1
167,-13431.361,-1693.394,-160.486,-109.250,0,0.98383,0.43261,59.030,0.865,-1,375.000,-1,350.000,575.000,300.000,300.000,300.000,300.000,-1,300.000,375.000,-1,700.000,600.000,-1,725.000,2,0,2,0,1,0,0,0,0,2,0,0,2,0,0,2,1
168,-13449.998,-1749.436,-157.252,-108.395,0,0.98433,0.42795,59.060,0.856,-1,375.000,-1,350.000,550.000,300.000,300.000,300.000,325.000,1000.000,275.000,350.000,-1,700.000,600.000,-1,725.000,2,0,2,0,1,0,0,0,0,0,0,0,2,0,0,2,1
169,-13467.806,-1805.752,-153.975,-107.549,0,0.98440,0.42304,59.064,0.846,-1,375.000,-1,350.000,550.000,300.000,300.000,300.000,325.000,950.000,275.000,350.000,-1,700.000,625.000,-1,750.000,2,0,2,0,1,0,0,0,0,0,0,0,2,0,0,2,1
170,-13484.785,-1862.299,-150.662,-106.713,0,0.98402,0.41789,59.041,0.836,-1,400.000,-1,350.000,550.000,300.000,300.000,300.000,300.000,900.000,250.000,325.000,-1,725.000,625.000,-1,800.000,2,0,2,0,1,0,0,0,0,0,0,0,2,0,0,2,1
171,-13500.934,-1919.034,-146.890,-105.888,0,0.98315,0.41251,58.989,0.825,-1,400.000,-1,350.000,550.000,325.000,300.000,300.000,300.000,900.000,275.000,350.000,-1,725.000,625.000,-1,-1,2,0,2,0,1,0,0,0,0,0,0,0,2,0,0,2,2
172,-13516.253,-1975.915,-142.916,-105.074,0,0.98180,0.40693,58.908,0.814,-1,400.000,-1,350.000,550.000,325.000,300.000,300.000,300.000,925.000,275.000,350.000,-1,750.000,625.000,-1,-1,2,0,2,0,1,0,0,0,0,0,0,0,2,0,0,2,2
173,-13530.748,-2032.897,-138.649,-104.271,0,0.97994,0.40119,58.796,0.802,-1,400.000,-1,350.000,575.000,325.000,300.000,300.000,300.000,925.000,300.000,375.000,-1,775.000,650.000,-1,-1,2,0,2,0,1,0,0,0,0,0,0,0,2,0,0,2,2
174,-13544.421,-2089.936,-133.824,-103.481,0,0.97759,0.39532,58.655,0.791,-1,400.000,-1,375.000,650.000,325.000,300.000,300.000,300.000,925.000,350.000,425.000,-1,775.000,650.000,-1,-1,2,0,2,0,1,0,0,0,0,0,0,0,2,0,0,2,2
175,-13557.281,-2146.990,-128.967,-102.702,0,0.97476,0.38936,58.485,0.779,-1,400.000,-1,375.000,-1,325.000,300.000,300.000,300.000,925.000,400.000,475.000,-1,775.000,650.000,-1,-1,2,0,2,0,2,0,0,0,0,0,0,0,2,0,0,2,2
176,-13569.806,-2205.428,-123.973,-102.097,0,0.99609,0.30270,59.765,0.605,-1,400.000,-1,375.000,-1,325.000,300.000,300.000,300.000,950.000,425.000,525.000,-1,800.000,675.000,-1,-1,2,0,2,0,2,0,0,0,0,0,0,0,2,0,0,2,2
177,-13581.673,-2263.785,-118.969,-101.495,0,0.99252,0.30107,59.551,0.602,-1,400.000,-1,375.000,-1,325.000,300.000,300.000,300.000,950.000,475.000,575.000,-1,800.000,675.000,-1,-1,2,0,2,0,2,0,0,0,1,0,0,0,2,0,0,2,2
178,-13592.884,-2322.032,-113.962,-100.895,0,0.98860,0.29975,59.316,0.600,-1,400.000,-1,375.000,-1,325.000,300.000,300.000,300.000,950.000,525.000,600.000,-1,800.000,700.000,-1,-1,2,0,2,0,2,0,0,0,1,0,0,0,2,0,0,2,2
179,-13603.442,-2380.143,-108.957,-100.298,0,0.98438,0.29874,59.063,0.597,-1,400.000,-1,375.000,-1,325.000,300.000,300.000,300.000,975.000,550.000,625.000,-1,825.000,725.000,-1,-1,2,0,2,0,2,0,0,0,1,0,0,0,2,0,0,2,2
180,-13613.350,-2438.099,-103.959,-99.701,0,0.97994,0.29805,58.796,0.596,-1,400.000,-1,375.000,-1,325.000,325.000,300.000,300.000,975.000,600.000,675.000,-1,825.000,725.000,-1,-1,2,0,2,0,2,0,0,0,1,0,0,0,2,0,0,2,2
181,-13622.612,-2495.884,-98.974,-99.106,0,0.97537,0.29768,58.522,0.595,-1,400.000,-1,375.000,-1,325.000,325.000,300.000,275.000,975.000,625.000,700.000,-1,825.000,750.000,-1,-1,2,0,2,0,2,0,0,0,1,0,0,0,2,0,0,2,2
182,-13631.232,-2553.487,-94.005,-98.511,0,0.97075,0.29763,58.245,0.595,-1,400.000,-1,400.000,-1,325.000,325.000,300.000,275.000,975.000,675.000,750.000,-1,850.000,775.000,-1,-1,2,0,2,0,2,0,0,0,1,0,0,0,2,0,0,2,2
183,-13639.215,-2610.906,-89.016,-97.915,0,0.96618,0.29789,57.971,0.596,-1,425.000,-1,400.000,-1,325.000,325.000,275.000,275.000,1000.000,725.000,775.000,-1,850.000,775.000,-1,-1,2,0,2,0,2,0,0,0,1,0,0,0,2,0,0,2,2
184,-13646.566,-2668.140,-84.101,-97.318,0,0.96174,0.29847,57.704,0.597,-1,425.000,-1,400.000,-1,325.000,325.000,275.000,275.000,1000.000,775.000,850.000,-1,850.000,800.000,-1,-1,2,0,2,0,2,0,0,0,1,0,0,0,2,0,0,2,2
185,-13653.288,-2725.196,-79.496,-96.719,0,0.95751,0.29934,57.451,0.599,-1,425.000,-1,400.000,-1,325.000,325.000,275.000,275.000,-1,850.000,925.000,-1,850.000,825.000,-1,-1,2,0,2,0,2,0,0,0,1,2,0,0,2,0,0,2,2
186,-13659.386,-2782.084,-74.925,-96.118,0,0.95356,0.30050,57.214,0.601,-1,400.000,-1,400.000,-1,325.000,325.000,275.000,275.000,-1,950.000,1000.000,-1,850.000,825.000,-1,-1,2,0,2,0,2,0,0,0,1,2,0,0,2,0,0,2,2
187,-13664.863,-2838.816,-70.391,-95.515,0,0.94994,0.30194,56.997,0.604,-1,400.000,-1,400.000,-1,325.000,325.000,275.000,275.000,-1,-1,-1,-1,825.000,825.000,-1,-1,2,0,2,0,2,0,0,0,1,2,2,2,2,0,0,2,2
188,-13669.722,-2895.410,-65.892,-94.907,0,0.94670,0.30364,56.802,0.607,-1,400.000,-1,400.000,-1,325.000,325.000,275.000,275.000,-1,-1,-1,-1,825.000,850.000,-1,-1,2,0,2,0,2,0,0,0,1,2,2,2,2,0,0,2,2
189,-13673.965,-2951.884,-61.430,-94.296,0,0.94388,0.30559,56.633,0.611,-1,400.000,-1,400.000,-1,325.000,325.000,275.000,300.000,-1,-1,-1,-1,825.000,850.000,-1,-1,2,0,2,0,2,0,0,0,0,2,2,2,2,0,0,2,2
190,-13677.591,-3008.256,-57.006,-93.681,0,0.94147,0.30778,56.488,0.616,-1,400.000,-1,400.000,-1,325.000,325.000,275.000,300.000,-1,-1,-1,675.000,825.000,850.000,-1,-1,2,0,2,0,2,0,0,0,0,2,2,2,1,0,0,2,2
191,-13680.601,-3064.546,-52.618,-93.060,0,0.93951,0.31018,56.371,0.620,-1,400.000,-1,400.000,-1,325.000,325.000,275.000,300.000,-1,-1,-1,650.000,800.000,875.000,-1,-1,2,0,2,0,2,0,0,0,0,2,2,2,1,0,0,2,2
192,-13683.012,-3116.060,-48.617,-92.680,0,0.85951,0.19018,51.571,0.380,-1,400.000,-1,400.000,-1,325.000,325.000,275.000,300.000,-1,-1,-1,650.000,800.000,875.000,-1,-1,2,0,2,0,2,0,0,0,0,2,2,2,1,0,0,2,2
193,-13685.084,-3162.785,-44.990,-92.539,0,0.77951,0.07018,46.771,0.140,-1,400.000,-1,400.000,-1,325.000,325.000,275.000,300.000,-1,-1,-1,675.000,800.000,875.000,975.000,-1,2,0,2,0,2,0,0,0,0,2,2,2,1,0,1,1,2
194,-13686.907,-3204.716,-41.736,-92.489,0,0.69951,0.02511,41.971,0.050,1000.000,400.000,-1,400.000,-1,325.000,325.000,275.000,300.000,-1,-1,-1,700.000,800.000,900.000,925.000,-1,1,0,2,0,2,0,0,0,0,2,2,2,1,1,0,1,2
195,-13688.486,-3241.853,-38.853,-92.435,0,0.61951,0.02737,37.171,0.055,950.000,400.000,-1,425.000,-1,325.000,325.000,275.000,300.000,-1,-1,-1,725.000,775.000,900.000,900.000,-1,1,0,2,0,2,0,0,0,0,2,2,2,1,1,0,1,2
196,-13689.828,-3274.196,-36.384,-92.376,0,0.53951,0.02942,32.371,0.059,900.000,400.000,-1,425.000,-1,325.000,325.000,275.000,300.000,-1,-1,-1,725.000,750.000,925.000,850.000,-1,1,0,2,0,2,0,0,0,0,2,2,2,1,1,0,1,2
197,-13690.940,-3301.744,-34.574,-92.313,0,0.45951,0.03125,27.571,0.063,875.000,400.000,-1,425.000,-1,325.000,325.000,275.000,300.000,-1,-1,-1,750.000,725.000,925.000,825.000,-1,1,0,2,0,2,0,0,0,0,2,2,2,1,1,0,1,2
198,-13691.833,-3324.497,-33.226,-92.247,0,0.37951,0.03285,22.771,0.066,850.000,400.000,-1,425.000,-1,325.000,325.000,275.000,300.000,-1,-1,-1,750.000,700.000,925.000,800.000,-1,1,0,2,0,2,0,0,0,0,2,2,2,1,1,0,1,2
199,-13692.517,-3342.454,-32.164,-92.179,0,0.29951,0.03419,17.971,0.068,850.000,400.000,-1,425.000,-1,325.000,325.000,275.000,300.000,-1,-1,-1,775.000,675.000,925.000,775.000,-1,1,0,2,0,2,0,0,0,0,2,2,2,1,1,0,1,2
200,-13693.001,-3355.616,-31.387,-92.109,0,0.21951,0.03526,13.171,0.071,825.000,400.000,-1,425.000,-1,325.000,325.000,275.000,300.000,-1,-1,-1,775.000,675.000,925.000,775.000,-1,1,0,2,0,2,0,0,0,0,2,2,2,1,1,0,1,2
201,-13693.299,-3363.981,-30.895,-92.037,0,0.13951,0.03605,8.371,0.072,825.000,400.000,-1,425.000,-1,325.000,325.000,275.000,300.000,-1,-1,-1,775.000,675.000,925.000,775.000,-1,1,0,2,0,2,0,0,0,0,2,2,2,1,1,0,1,2
202,-13693.421,-3367.550,-30.686,-91.963,0,0.05951,0.03656,3.571,0.073,800.000,400.000,-1,425.000,-1,325.000,325.000,275.000,300.000,-1,-1,-1,775.000,675.000,925.000,750.000,-1,1,0,2,0,2,0,0,0,0,2,2,2,1,1,0,1,2
203,-13693.381,-3366.321,-30.759,-91.890,0,-0.02049,0.03677,-1.229,0.074,825.000,400.000,-1,425.000,-1,325.000,325.000,275.000,300.000,-1,-1,-1,775.000,675.000,925.000,750.000,-1,1,0,2,0,2,0,0,0,0,2,2,2,1,1,0,1,2
204,-13693.189,-3360.295,-31.114,-91.816,0,-0.10049,0.03670,-6.029,0.073,825.000,400.000,-1,425.000,-1,325.000,325.000,275.000,300.000,-1,-1,-1,775.000,675.000,925.000,775.000,-1,1,0,2,0,2,0,0,0,0,2,2,2,1,1,0,1,2
205,-13692.860,-3349.470,-31.751,-91.744,0,-0.18049,0.03633,-10.829,0.073,825.000,400.000,-1,425.000,-1,325.000,325.000,275.000,300.000,-1,-1,-1,775.000,675.000,925.000,775.000,-1,1,0,2,0,2,0,0,0,0,2,2,2,1,1,0,1,2
206,-13692.404,-3333.847,-32.667,-91.672,0,-0.26049,0.03567,-15.629,0.071,850.000,400.000,-1,425.000,-1,325.000,325.000,275.000,300.000,-1,-1,-1,750.000,700.000,925.000,800.000,-1,1,0,2,0,2,0,0,0,0,2,2,2,1,1,0,1,2
207,-13691.832,-3313.426,-33.863,-91.603,0,-0.34049,0.03473,-20.429,0.069,875.000,400.000,-1,425.000,-1,325.000,325.000,275.000,300.000,-1,-1,-1,750.000,700.000,925.000,825.000,-1,1,0,2,0,2,0,0,0,0,2,2,2,1,1,0,1,2
208,-13691.156,-3288.206,-35.346,-91.536,0,-0.42049,0.03351,-25.229,0.067,900.000,400.000,-1,425.000,-1,325.000,325.000,275.000,300.000,-1,-1,-1,725.000,725.000,925.000,850.000,-1,1,0,2,0,2,0,0,0,0,2,2,2,1,1,0,1,2
209,-13690.385,-3258.186,-37.485,-91.472,0,-0.50049,0.03201,-30.029,0.064,950.000,400.000,-1,425.000,-1,325.000,325.000,275.000,300.000,-1,-1,-1,725.000,750.000,900.000,875.000,-1,1,0,2,0,2,0,0,0,0,2,2,2,1,1,1,1,2
210,-13689.547,-3224.186,-40.083,-91.411,0,-0.56684,0.03026,-34.010,0.061,975.000,400.000,-1,425.000,-1,325.000,325.000,275.000,300.000,-1,-1,-1,700.000,775.000,900.000,925.000,-1,1,0,2,0,2,0,0,0,0,2,2,2,1,1,1,1,2
211,-13688.742,-3190.168,-42.680,-91.355,0,-0.56712,0.02831,-34.027,0.057,-1,400.000,-1,400.000,-1,325.000,325.000,275.000,300.000,-1,-1,-1,675.000,800.000,875.000,950.000,-1,2,0,2,0,2,0,0,0,0,2,2,2,1,0,1,1,2
212,-13687.969,-3156.139,-45.274,-91.302,0,-0.56730,0.02641,-34.038,0.053,-1,400.000,-1,400.000,-1,325.000,325.000,275.000,300.000,-1,-1,-1,650.000,800.000,875.000,975.000,-1,2,0,2,0,2,0,0,0,0,2,2,2,1,0,1,1,2
213,-13687.225,-3122.104,-47.866,-91.253,0,-0.56738,0.02454,-34.043,0.049,-1,400.000,-1,400.000,-1,325.000,325.000,275.000,300.000,-1,-1,-1,650.000,800.000,875.000,-1,-1,2,0,2,0,2,0,0,0,0,2,2,2,1,0,0,2,2
214,-13686.507,-3088.071,-50.456,-91.207,0,-0.56735,0.02272,-34.041,0.045,-1,400.000,-1,400.000,-1,325.000,325.000,275.000,300.000,-1,-1,-1,625.000,800.000,875.000,-1,-1,2,0,2,0,2,0,0,0,0,2,2,2,1,0,0,2,2
215,-13686.037,-3058.834,-52.671,-90.922,0,-0.48735,0.14272,-29.241,0.285,-1,400.000,-1,400.000,-1,325.000,325.000,275.000,300.000,-1,-1,-1,600.000,800.000,875.000,-1,-1,2,0,2,0,2,0,0,0,0,2,2,2,1,0,0,2,2
216,-13685.868,-3034.394,-54.510,-90.397,0,-0.40735,0.26272,-24.441,0.525,-1,400.000,-1,400.000,-1,325.000,325.000,275.000,300.000,-1,-1,-1,600.000,800.000,875.000,-1,-1,2,0,2,0,2,0,0,0,0,2,2,2,1,0,0,2,2
217,-13685.994,-3014.754,-55.974,-89.631,0,-0.32735,0.38272,-19.641,0.765,-1,400.000,-1,400.000,-1,325.000,325.000,275.000,300.000,-1,-1,-1,575.000,800.000,875.000,-1,-1,2,0,2,0,2,0,0,0,0,2,2,2,1,0,0,2,2
218,-13686.350,-2999.917,-57.069,-88.626,0,-0.24735,0.50272,-14.841,1.005,-1,400.000,-1,400.000,-1,325.000,325.000,275.000,300.000,-1,-1,-1,575.000,800.000,875.000,-1,-1,2,0,2,0,2,0,0,0,0,2,2,2,1,0,0,2,2
219,-13686.809,-2989.887,-57.803,-87.380,0,-0.16735,0.62272,-10.041,1.245,-1,400.000,-1,400.000,-1,325.000,325.000,275.000,300.000,-1,-1,-1,550.000,800.000,875.000,-1,-1,2,0,2,0,2,0,0,0,0,2,2,2,1,0,0,2,2
220,-13687.530,-2979.842,-58.526,-85.895,0,-0.16785,0.74272,-10.071,1.485,-1,400.000,-1,400.000,-1,325.000,325.000,275.000,300.000,-1,-1,-1,525.000,800.000,875.000,-1,-1,2,0,2,0,2,0,0,0,0,2,2,2,1,0,0,2,2
221,-13688.561,-2969.745,-59.187,-84.169,0,-0.16916,0.86272,-10.150,1.725,-1,400.000,-1,400.000,-1,325.000,325.000,275.000,300.000,-1,-1,-1,525.000,800.000,875.000,-1,-1,2,0,2,0,2,0,0,0,0,2,2,2,1,0,0,2,2
222,-13689.917,-2959.592,-59.780,-82.395,0,-0.17071,0.88733,-10.243,1.775,-1,400.000,-1,400.000,-1,325.000,325.000,275.000,300.000,-1,-1,-1,500.000,800.000,875.000,-1,-1,2,0,2,0,2,0,0,0,0,2,2,2,1,0,0,2,2
223,-13691.602,-2949.391,-60.352,-80.621,0,-0.17232,0.88675,-10.339,1.773,-1,400.000,-1,400.000,-1,325.000,325.000,275.000,300.000,-1,-1,-1,475.000,800.000,875.000,-1,-1,2,0,2,0,2,0,0,0,0,2,2,2,1,0,0,2,2
224,-13693.620,-2939.153,-60.904,-78.849,0,-0.17392,0.88614,-10.435,1.772,-1,400.000,-1,400.000,-1,325.000,325.000,275.000,300.000,-1,-1,-1,475.000,775.000,875.000,-1,-1,2,0,2,0,2,0,0,0,0,2,2,2,1,0,0,2,2
225,-13695.975,-2928.887,-61.434,-77.078,0,-0.17554,0.88552,-10.532,1.771,-1,400.000,-1,400.000,-1,325.000,325.000,275.000,300.000,-1,-1,-1,450.000,775.000,875.000,-1,-1,2,0,2,0,2,0,0,0,0,2,2,2,1,0,0,2,2
226,-13698.671,-2918.606,-61.941,-75.308,0,-0.17715,0.88487,-10.629,1.770,-1,400.000,-1,400.000,-1,325.000,325.000,275.000,300.000,-1,-1,-1,450.000,775.000,875.000,-1,-1,2,0,2,0,2,0,0,0,0,2,2,2,1,0,0,2,2
227,-13701.710,-2908.319,-62.425,-73.540,0,-0.17877,0.88420,-10.726,1.768,-1,400.000,-1,400.000,-1,325.000,325.000,275.000,300.000,-1,-1,-1,450.000,775.000,875.000,-1,-1,2,0,2,0,2,0,0,0,0,2,2,2,1,0,0,2,2
228,-13705.096,-2898.038,-62.884,-71.773,0,-0.18040,0.88350,-10.824,1.767,-1,400.000,-1,400.000,-1,325.000,325.000,275.000,300.000,-1,-1,-1,425.000,775.000,875.000,-1,-1,2,0,2,0,2,0,0,0,0,2,2,2,1,0,0,2,2
229,-13708.830,-2887.775,-63.318,-70.007,0,-0.18202,0.88279,-10.921,1.766,-1,400.000,-1,400.000,-1,325.000,325.000,275.000,300.000,-1,-1,-1,425.000,775.000,875.000,-1,-1,2,0,2,0,2,0,0,0,0,2,2,2,1,0,0,2,2
230,-13712.914,-2877.541,-63.726,-68.243,0,-0.18365,0.88205,-11.019,1.764,-1,400.000,-1,400.000,-1,325.000,325.000,275.000,300.000,-1,-1,-1,425.000,775.000,875.000,-1,-1,2,0,2,0,2,0,0,0,0,2,2,2,1,0,0,2,2
231,-13715.372,-2871.828,-63.921,-66.719,0,-0.10365,0.76205,-6.219,1.524,-1,400.000,-1,400.000,-1,325.000,325.000,275.000,300.000,-1,-1,-1,425.000,750.000,875.000,-1,-1,2,0,2,0,2,0,0,0,0,2,2,2,1,0,0,2,2
232,-13715.962,-2870.538,-63.927,-65.435,0,-0.02365,0.64205,-1.419,1.284,-1,400.000,-1,400.000,-1,325.000,325.000,275.000,300.000,-1,-1,-1,425.000,750.000,875.000,-1,-1,2,0,2,0,2,0,0,0,0,2,2,2,1,0,0,2,2
233,-13714.501,-2873.586,-63.765,-64.391,0,0.05635,0.52205,3.381,1.044,-1,400.000,-1,400.000,-1,325.000,325.000,275.000,300.000,-1,-1,650.000,425.000,750.000,875.000,-1,-1,2,0,2,0,2,0,0,0,0,2,2,1,1,0,0,2,2
234,-13710.862,-2880.913,-63.447,-63.587,0,0.13635,0.40205,8.181,0.804,-1,400.000,-1,400.000,-1,325.000,325.000,275.000,300.000,-1,-1,600.000,450.000,750.000,875.000,-1,-1,2,0,2,0,2,0,0,0,0,2,2,1,1,0,0,2,2
235,-13704.973,-2892.481,-62.985,-63.023,0,0.21635,0.28205,12.981,0.564,-1,400.000,-1,400.000,-1,325.000,325.000,275.000,300.000,-1,-1,600.000,450.000,750.000,850.000,-1,-1,2,0,2,0,2,0,0,0,0,2,2,1,1,0,0,2,2
236,-13696.817,-2908.282,-62.382,-62.698,0,0.29635,0.16205,17.781,0.324,-1,400.000,-1,400.000,-1,325.000,325.000,275.000,300.000,-1,-1,600.000,475.000,750.000,850.000,-1,-1,2,0,2,0,2,0,0,0,0,2,2,1,1,0,0,2,2
237,-13686.431,-2928.332,-61.637,-62.614,0,0.37635,0.04205,22.581,0.084,-1,400.000,-1,400.000,-1,325.000,325.000,275.000,300.000,-1,-1,625.000,500.000,750.000,850.000,-1,-1,2,0,2,0,2,0,0,0,0,2,2,1,1,0,0,2,2
238,-13673.891,-2952.672,-60.747,-62.744,0,0.45635,-0.06476,27.381,-0.130,-1,400.000,-1,425.000,-1,325.000,325.000,275.000,300.000,-1,-1,675.000,525.000,750.000,850.000,-1,-1,2,0,2,0,2,0,0,0,0,2,2,1,1,0,0,2,2
239,-13659.216,-2981.312,-59.703,-62.869,0,0.53635,-0.06269,32.181,-0.125,-1,400.000,-1,425.000,-1,325.000,325.000,275.000,300.000,-1,-1,725.000,575.000,750.000,850.000,-1,-1,2,0,2,0,2,0,0,0,0,2,2,1,1,0,0,2,2
240,-13642.421,-3014.260,-58.511,-62.990,0,0.61635,-0.06024,36.981,-0.120,1000.000,400.000,-1,425.000,-1,325.000,325.000,275.000,300.000,-1,-1,775.000,600.000,725.000,850.000,1000.000,-1,1,0,2,0,2,0,0,0,0,2,2,1,1,0,0,1,2
241,-13623.521,-3051.521,-57.175,-63.105,0,0.69635,-0.05742,41.781,-0.115,950.000,400.000,-1,425.000,-1,325.000,325.000,275.000,300.000,-1,-1,850.000,675.000,725.000,850.000,975.000,-1,1,0,2,0,2,0,0,0,0,2,2,1,1,0,0,1,2
242,-13602.528,-3093.103,-55.701,-63.213,0,0.77635,-0.05420,46.581,-0.108,900.000,375.000,-1,425.000,-1,325.000,325.000,275.000,300.000,-1,-1,925.000,725.000,725.000,850.000,925.000,-1,1,0,2,0,2,0,0,0,0,2,2,1,1,0,0,1,2
243,-13579.453,-3139.011,-54.174,-63.314,0,0.85635,-0.05058,51.381,-0.101,850.000,375.000,-1,425.000,-1,325.000,325.000,275.000,300.000,-1,-1,-1,800.000,725.000,825.000,875.000,975.000,1,0,2,0,2,0,0,0,0,2,2,2,1,0,1,1,1
244,-13555.246,-3187.367,-52.824,-63.407,0,0.90128,-0.04655,54.077,-0.093,800.000,375.000,-1,425.000,-1,325.000,325.000,275.000,300.000,-1,-1,-1,850.000,725.000,800.000,850.000,925.000,1,0,2,0,2,0,0,0,0,2,2,2,1,0,1,1,1
245,-13531.037,-3235.905,-51.469,-63.492,0,0.90400,-0.04228,54.240,-0.085,750.000,375.000,-1,425.000,950.000,325.000,325.000,275.000,300.000,-1,-1,-1,925.000,725.000,750.000,800.000,875.000,1,0,2,0,1,0,0,0,0,2,2,2,1,0,1,1,1
246,-13506.817,-3284.626,-50.099,-63.568,0,0.90682,-0.03797,54.409,-0.076,700.000,375.000,1000.000,400.000,875.000,325.000,325.000,300.000,300.000,-1,-1,-1,1000.000,725.000,725.000,750.000,800.000,1,0,1,0,1,0,0,0,0,2,2,2,1,1,1,1,1
247,-13482.577,-3333.533,-48.724,-63.635,0,0.90974,-0.03361,54.585,-0.067,650.000,375.000,950.000,400.000,800.000,325.000,325.000,300.000,300.000,-1,-1,-1,-1,700.000,675.000,700.000,750.000,1,0,1,0,1,0,0,0,0,2,2,2,2,1,1,1,1
248,-13456.213,-3386.721,-47.297,-63.634,0,0.98940,0.00062,59.364,0.001,600.000,375.000,900.000,400.000,725.000,325.000,325.000,300.000,300.000,-1,-1,-1,-1,675.000,625.000,675.000,700.000,1,0,1,0,1,0,0,0,0,2,2,2,2,1,1,1,1
249,-13429.768,-3440.082,-45.906,-63.637,0,0.99256,-0.00188,59.554,-0.004,550.000,375.000,825.000,400.000,650.000,325.000,325.000,300.000,300.000,-1,-1,-1,-1,650.000,600.000,625.000,625.000,1,0,1,0,1,0,0,0,0,2,2,2,2,1,1,1,1
250,-13403.251,-3493.610,-44.504,-63.647,0,0.99561,-0.00456,59.737,-0.009,525.000,375.000,775.000,400.000,600.000,325.000,325.000,300.000,300.000,-1,-1,-1,-1,625.000,550.000,575.000,575.000,1,0,1,0,1,0,0,0,0,2,2,2,2,1,1,1,1
251,-13376.669,-3547.302,-43.064,-63.661,0,0.99853,-0.00744,59.912,-0.015,475.000,375.000,700.000,400.000,525.000,300.000,325.000,300.000,300.000,-1,-1,-1,-1,600.000,500.000,525.000,525.000,1,0,1,0,1,0,0,0,0,2,2,2,2,1,1,1,1
252,-13350.069,-3601.083,-41.457,-63.683,0,1.00000,-0.01053,60.000,-0.021,425.000,375.000,650.000,375.000,475.000,300.000,325.000,300.000,300.000,-1,-1,-1,-1,575.000,450.000,475.000,450.000,1,0,1,1,1,0,0,0,0,2,2,2,2,1,1,1,1
253,-13323.494,-3654.877,-39.793,-63.710,0,1.00000,-0.01386,60.000,-0.028,400.000,375.000,575.000,350.000,400.000,300.000,325.000,300.000,300.000,-1,-1,-1,-1,525.000,425.000,450.000,400.000,1,0,1,1,1,0,0,0,0,2,2,2,2,1,1,1,1
254,-13296.952,-3708.687,-38.107,-63.745,0,1.00000,-0.01743,60.000,-0.035,350.000,375.000,525.000,325.000,350.000,300.000,300.000,300.000,300.000,-1,-1,-1,-1,500.000,375.000,400.000,350.000,1,0,1,1,1,0,1,0,0,2,2,2,2,1,1,1,1
255,-13270.450,-3762.517,-36.398,-63.788,0,1.00000,-0.02129,60.000,-0.043,300.000,375.000,475.000,275.000,300.000,300.000,275.000,300.000,300.000,-1,-1,-1,-1,450.000,325.000,350.000,300.000,1,1,1,1,1,1,1,0,0,2,2,2,2,1,1,1,1
256,-13245.898,-3811.956,-34.920,-63.590,0,0.92000,0.09871,55.200,0.197,275.000,350.000,425.000,250.000,250.000,275.000,250.000,300.000,300.000,-1,-1,-1,-1,400.000,300.000,325.000,250.000,1,1,1,1,1,1,1,0,0,2,2,2,2,1,1,1,1
257,-13223.137,-3856.924,-33.655,-63.153,0,0.84000,0.21871,50.400,0.437,250.000,300.000,375.000,225.000,200.000,250.000,200.000,300.000,300.000,-1,-1,-1,-1,350.000,250.000,275.000,200.000,1,1,1,1,1,1,1,1,0,2,2,2,2,1,1,1,1
258,-13202.087,-3897.374,-27.528,-62.508,0,0.76000,0.32235,45.600,0.645,225.000,300.000,350.000,200.000,175.000,250.000,200.000,275.000,350.000,-1,650.000,600.000,-1,325.000,250.000,250.000,175.000,1,1,1,1,1,1,1,1,0,2,0,0,2,1,1,1,1
259,-13182.234,-3934.514,-20.980,-61.873,0,0.70188,0.31739,42.113,0.635,200.000,275.000,350.000,200.000,175.000,225.000,200.000,250.000,400.000,-1,325.000,375.000,-1,325.000,250.000,250.000,175.000,1,1,1,1,1,1,1,1,1,2,0,0,2,1,1,1,1
260,-13161.991,-3971.408,-12.141,-61.248,0,0.70138,0.31247,42.083,0.625,200.000,250.000,350.000,200.000,175.000,225.000,200.000,250.000,425.000,900.000,150.000,250.000,-1,300.000,250.000,250.000,175.000,1,1,1,1,1,1,1,1,1,0,0,0,2,1,1,1,1
261,-13141.381,-4008.037,-2.923,-60.634,0,0.70049,0.30728,42.030,0.615,200.000,250.000,350.000,200.000,175.000,225.000,200.000,250.000,425.000,675.000,100.000,175.000,-1,300.000,250.000,250.000,175.000,1,1,1,1,1,1,1,1,1,0,0,0,2,1,1,1,1
262,-13120.424,-4044.379,6.641,-60.030,0,0.69920,0.30182,41.952,0.604,200.000,250.000,375.000,200.000,175.000,225.000,200.000,250.000,425.000,525.000,75.000,150.000,-1,325.000,250.000,250.000,175.000,1,1,1,1,1,1,1,1,1,0,0,0,2,1,1,1,1
263,-4263.559,8855.085,-87.987,-13.783,1,0.00000,0.00000,41.848,0.592,-1,350.000,800.000,275.000,250.000,275.000,250.000,250.000,300.000,-1,175.000,175.000,-1,525.000,375.000,775.000,250.000,2,1,0,0,0,0,0,1,1,2,1,1,2,0,0,0,0
264,-4924.288,-2295.942,94.090,-177.857,1,0.08000,-0.12000,4.800,-0.240,375.000,300.000,-1,375.000,-1,275.000,300.000,250.000,575.000,-1,450.000,400.000,225.000,500.000,675.000,425.000,-1,0,0,2,0,2,0,0,0,0,2,1,1,1,0,0,0,2
265,-4933.884,-2296.221,93.652,-178.337,0,0.16000,-0.24000,9.600,-0.480,400.000,300.000,-1,375.000,-1,275.000,300.000,250.000,550.000,-1,450.000,400.000,225.000,500.000,700.000,450.000,-1,0,0,2,0,2,0,0,0,0,2,1,1,1,0,0,0,2
266,-4948.282,-2296.474,93.033,-178.993,0,0.24000,-0.32772,14.400,-0.655,425.000,300.000,-1,375.000,-1,275.000,300.000,250.000,550.000,-1,475.000,425.000,225.000,525.000,700.000,500.000,-1,0,0,2,0,2,0,0,0,0,2,1,1,1,0,0,0,2
267,-4967.482,-2296.592,92.280,-179.646,0,0.32000,-0.32679,19.200,-0.654,500.000,325.000,-1,375.000,-1,275.000,300.000,250.000,525.000,-1,475.000,450.000,225.000,525.000,700.000,600.000,-1,0,0,2,0,2,0,0,0,0,2,1,1,1,0,0,0,2
268,-4991.481,-2296.468,91.414,-180.297,0,0.40000,-0.32554,24.000,-0.651,600.000,325.000,-1,375.000,-1,275.000,300.000,250.000,500.000,-1,500.000,475.000,250.000,550.000,700.000,725.000,-1,0,0,2,0,2,0,0,0,0,2,1,1,1,0,0,0,2
269,-5020.277,-2295.993,90.451,-180.945,0,0.48000,-0.32398,28.800,-0.648,775.000,325.000,-1,375.000,-1,275.000,300.000,275.000,475.000,-1,525.000,500.000,250.000,575.000,725.000,925.000,-1,0,0,2,0,2,0,0,0,0,2,1,1,1,0,0,0,2
270,-5053.864,-2295.061,89.401,-181.589,0,0.56000,-0.32209,33.600,-0.644,-1,350.000,-1,375.000,-1,275.000,300.000,275.000,450.000,-1,550.000,525.000,250.000,600.000,725.000,-1,-1,2,0,2,0,2,0,0,0,0,2,1,1,1,0,0,2,2
271,-5092.235,-2293.567,88.267,-182.229,0,0.64000,-0.31987,38.400,-0.640,-1,350.000,-1,400.000,-1,300.000,300.000,275.000,400.000,-1,575.000,575.000,275.000,650.000,750.000,-1,-1,2,0,2,0,2,0,0,0,0,2,1,1,1,0,0,2,2
272,-5135.381,-2291.409,87.044,-182.864,0,0.72000,-0.31730,43.200,-0.635,-1,375.000,-1,400.000,-1,300.000,300.000,275.000,375.000,-1,625.000,600.000,275.000,675.000,750.000,-1,-1,2,0,2,0,2,0,0,0,0,2,1,1,1,0,0,2,2
273,-5183.292,-2288.485,85.714,-183.493,0,0.80000,-0.31437,48.000,-0.629,-1,375.000,-1,400.000,-1,300.000,325.000,300.000,350.000,-1,650.000,650.000,300.000,750.000,775.000,-1,-1,2,0,2,0,2,0,0,0,0,2,1,1,1,0,0,2,2
274,-5235.918,-2284.699,84.246,-184.115,0,0.87936,-0.31108,52.762,-0.622,-1,400.000,-1,400.000,-1,325.000,325.000,300.000,325.000,-1,700.000,675.000,325.000,850.000,800.000,-1,-1,2,0,2,0,2,0,0,0,0,2,1,1,1,0,0,2,2
275,-5288.590,-2280.341,84.562,-184.729,0,0.88087,-0.30741,52.852,-0.615,-1,400.000,-1,400.000,-1,325.000,325.000,300.000,300.000,-1,750.000,725.000,350.000,900.000,825.000,-1,-1,2,0,2,0,2,0,0,0,0,2,1,1,1,0,0,2,2
276,-5341.314,-2275.416,86.154,-185.337,0,0.88256,-0.30368,52.953,-0.607,-1,400.000,-1,400.000,-1,325.000,325.000,300.000,300.000,-1,800.000,775.000,400.000,900.000,825.000,-1,-1,2,0,2,0,2,0,0,0,0,2,1,1,1,0,0,2,2
277,-5389.229,-2270.630,87.600,-185.704,0,0.80256,-0.18368,48.153,-0.367,-1,400.000,-1,400.000,-1,325.000,325.000,300.000,300.000,-1,850.000,825.000,450.000,900.000,825.000,-1,-1,2,0,2,0,2,0,0,0,0,2,1,1,1,0,0,2,2
278,-5436.006,-2265.852,89.013,-185.832,0,0.78368,-0.06368,47.021,-0.127,-1,400.000,-1,400.000,-1,325.000,325.000,300.000,300.000,-1,900.000,875.000,500.000,925.000,825.000,-1,-1,2,0,2,0,2,0,0,0,0,2,1,1,1,0,0,2,2
279,-5482.891,-2261.157,90.433,-185.719,0,0.78533,0.05632,47.120,0.113,-1,400.000,-1,400.000,-1,325.000,325.000,300.000,300.000,-1,950.000,925.000,550.000,925.000,825.000,-1,-1,2,0,2,0,2,0,0,0,0,2,1,1,1,0,0,2,2
280,-5529.904,-2256.741,91.863,-185.366,0,0.78699,0.17632,47.219,0.353,-1,400.000,-1,400.000,-1,325.000,325.000,300.000,300.000,-1,1000.000,975.000,600.000,925.000,850.000,-1,-1,2,0,2,0,2,0,0,0,0,2,1,1,1,0,0,2,2
281,-5577.061,-2252.803,93.305,-184.774,0,0.78870,0.29632,47.322,0.593,-1,400.000,-1,400.000,-1,325.000,325.000,300.000,300.000,-1,-1,-1,650.000,950.000,850.000,-1,-1,2,0,2,0,2,0,0,0,0,2,2,2,1,0,0,2,2
282,-5624.377,-2249.543,94.761,-183.941,0,0.79047,0.41632,47.428,0.833,-1,400.000,-1,400.000,-1,325.000,325.000,300.000,300.000,-1,-1,-1,750.000,950.000,850.000,-1,-1,2,0,2,0,2,0,0,0,0,2,2,2,1,0,0,2,2
283,-5671.858,-2247.164,96.233,-182.868,0,0.79234,0.53632,47.541,1.073,-1,425.000,-1,400.000,-1,325.000,325.000,300.000,300.000,-1,-1,800.000,850.000,950.000,875.000,-1,-1,2,0,2,0,2,0,0,0,0,2,2,1,1,0,0,2,2
284,-5719.501,-2245.870,97.722,-181.556,0,0.79433,0.65632,47.660,1.313,-1,425.000,-1,400.000,-1,325.000,325.000,300.000,300.000,-1,-1,700.000,-1,975.000,875.000,-1,-1,2,0,2,0,2,0,0,0,0,2,2,1,2,0,0,2,2
285,-5767.288,-2245.868,99.230,-180.003,0,0.79646,0.77632,47.788,1.553,-1,425.000,-1,400.000,-1,325.000,325.000,300.000,300.000,-1,-1,700.000,-1,1000.000,875.000,-1,-1,2,0,2,0,2,0,0,0,0,2,2,1,2,0,0,2,2
286,-5815.192,-2247.284,100.757,-178.306,0,0.79875,0.84837,47.925,1.697,-1,425.000,-1,425.000,-1,325.000,325.000,300.000,300.000,-1,-1,725.000,-1,-1,925.000,-1,-1,2,0,2,0,2,0,0,0,0,2,2,1,2,2,0,2,2
287,-5863.181,-2250.134,102.303,-176.602,0,0.80122,0.85237,48.073,1.705,-1,425.000,-1,425.000,-1,350.000,350.000,300.000,300.000,-1,-1,750.000,-1,-1,950.000,-1,-1,2,0,2,0,2,0,0,0,0,2,2,1,2,2,0,2,2
288,-5911.223,-2254.431,103.516,-174.889,0,0.80390,0.85644,48.234,1.713,-1,425.000,-1,425.000,-1,350.000,350.000,325.000,300.000,-1,975.000,800.000,-1,-1,950.000,-1,-1,2,0,2,0,2,0,0,0,0,2,1,1,2,2,0,2,2
289,-5959.286,-2260.190,104.127,-173.168,0,0.80677,0.86057,48.406,1.721,-1,425.000,-1,425.000,-1,350.000,350.000,325.000,300.000,-1,950.000,850.000,-1,-1,950.000,-1,-1,2,0,2,0,2,0,0,0,0,2,1,1,2,2,0,2,2
290,-6007.331,-2267.423,104.548,-171.438,0,0.80979,0.86476,48.587,1.730,-1,425.000,-1,425.000,-1,350.000,325.000,300.000,300.000,-1,975.000,900.000,-1,-1,950.000,-1,-1,2,0,2,0,2,0,0,0,0,2,1,1,2,2,0,2,2
291,-6055.322,-2276.145,104.980,-169.700,0,0.81295,0.86899,48.777,1.738,-1,425.000,-1,425.000,-1,350.000,325.000,300.000,300.000,-1,1000.000,950.000,-1,-1,950.000,-1,-1,2,0,2,0,2,0,0,0,0,2,1,1,2,2,0,2,2
292,-6105.066,-2286.535,105.428,-168.202,0,0.84696,0.74899,50.817,1.498,-1,425.000,-1,425.000,-1,350.000,325.000,300.000,300.000,-1,-1,-1,-1,-1,950.000,-1,-1,2,0,2,0,2,0,0,0,0,2,2,2,2,2,0,2,2
293,-6154.775,-2298.062,105.868,-166.944,0,0.85047,0.62899,51.028,1.258,-1,425.000,-1,400.000,-1,350.000,325.000,300.000,300.000,-1,-1,-1,-1,-1,950.000,-1,-1,2,0,2,0,2,0,0,0,0,2,2,2,2,2,0,2,2
294,-6204.481,-2310.523,106.295,-165.926,0,0.85406,0.50899,51.244,1.018,-1,425.000,-1,400.000,-1,325.000,325.000,300.000,300.000,-1,-1,-1,-1,1000.000,950.000,-1,-1,2,0,2,0,2,0,0,0,0,2,2,2,2,0,0,2,2
295,-6254.224,-2323.714,106.704,-165.148,0,0.85770,0.38899,51.462,0.778,-1,425.000,-1,400.000,-1,325.000,325.000,300.000,300.000,-1,-1,-1,-1,1000.000,950.000,-1,-1,2,0,2,0,2,0,0,0,0,2,2,2,2,0,0,2,2
296,-6304.054,-2337.430,107.090,-164.610,0,0.86139,0.26899,51.683,0.538,-1,425.000,-1,425.000,-1,325.000,325.000,300.000,300.000,-1,-1,-1,-1,975.000,925.000,-1,-1,2,0,2,0,2,0,0,0,0,2,2,2,2,0,0,2,2
297,-6354.026,-2351.465,107.452,-164.312,0,0.86510,0.14899,51.906,0.298,-1,425.000,-1,425.000,-1,325.000,325.000,300.000,300.000,-1,-1,-1,-1,975.000,925.000,-1,-1,2,0,2,0,2,0,0,0,0,2,2,2,2,0,0,2,2
298,-6404.166,-2365.602,107.787,-164.254,0,0.86824,0.02899,52.095,0.058,-1,425.000,-1,425.000,-1,325.000,325.000,300.000,300.000,-1,-1,-1,-1,975.000,925.000,-1,-1,2,0,2,0,2,0,0,0,0,2,2,2,2,0,0,2,2
299,-6454.418,-2379.598,108.094,-164.436,0,0.86942,-0.09101,52.165,-0.182,-1,425.000,-1,425.000,-1,350.000,350.000,300.000,325.000,-1,-1,-1,-1,950.000,925.000,-1,-1,2,0,2,0,2,0,0,0,0,2,2,2,2,0,0,2,2
