timestep,x_cm,y_cm,z_cm,yaw_deg,teleport_flag,throttle_cmd,steering_cmd,cmd_move_cm,cmd_turn_deg,lidar_cm_0,lidar_cm_1,lidar_cm_2,lidar_cm_3,lidar_cm_4,lidar_cm_5,lidar_cm_6,lidar_cm_7,lidar_cm_8,lidar_cm_9,lidar_cm_10,lidar_cm_11,lidar_cm_12,lidar_cm_13,lidar_cm_14,lidar_cm_15,lidar_cm_16,lidar_class_0,lidar_class_1,lidar_class_2,lidar_class_3,lidar_class_4,lidar_class_5,lidar_class_6,lidar_class_7,lidar_class_8,lidar_class_9,lidar_class_10,lidar_class_11,lidar_class_12,lidar_class_13,lidar_class_14,lidar_class_15,lidar_class_16
0,-7538.982,2953.948,-346.278,27.997,1,0.08000,0.12000,4.800,0.240,-1,350.000,-1,325.000,375.000,300.000,275.000,175.000,300.000,250.000,-1,-1,-1,625.000,425.000,-1,375.000,2,0,2,0,1,0,0,1,0,1,2,2,2,0,1,2,1
1,-7530.544,2958.526,-345.966,28.477,0,0.16000,0.24000,9.600,0.480,-1,350.000,-1,325.000,350.000,300.000,275.000,175.000,300.000,250.000,-1,-1,-1,625.000,400.000,-1,375.000,2,0,2,0,1,0,0,1,0,1,2,2,2,0,1,2,1
2,-7517.973,2965.550,-345.486,29.197,0,0.24000,0.36000,14.400,0.720,-1,350.000,-1,325.000,350.000,300.000,275.000,200.000,300.000,275.000,-1,-1,-1,625.000,400.000,-1,350.000,2,0,2,0,1,0,0,1,0,1,2,2,2,0,1,2,1
3,-7501.372,2975.196,-344.829,30.157,0,0.32000,0.48000,19.200,0.960,-1,350.000,-1,325.000,325.000,300.000,275.000,200.000,275.000,275.000,-1,-1,-1,625.000,400.000,-1,350.000,2,0,2,1,1,0,0,1,0,1,2,2,2,0,1,2,1
4,-7480.877,2987.685,-343.985,31.357,0,0.40000,0.60000,24.000,1.200,-1,350.000,-1,325.000,300.000,300.000,275.000,200.000,275.000,275.000,-1,-1,-1,625.000,400.000,-1,325.000,2,0,2,1,1,0,0,1,0,1,2,2,2,0,1,2,1
5,-7456.668,3003.285,-342.943,32.797,0,0.48000,0.72000,28.800,1.440,-1,350.000,-1,300.000,275.000,300.000,275.000,200.000,275.000,300.000,-1,-1,-1,625.000,375.000,-1,300.000,2,0,2,1,1,0,0,1,0,1,2,2,2,0,1,2,1
6,-7428.970,3022.305,-341.709,34.477,0,0.56000,0.84000,33.600,1.680,-1,375.000,-1,300.000,250.000,300.000,275.000,225.000,275.000,300.000,-1,-1,-1,650.000,375.000,-1,275.000,2,0,2,1,1,0,0,1,0,1,2,2,2,0,1,2,1
7,-7398.061,3045.091,-340.111,36.397,0,0.64000,0.96000,38.400,1.920,-1,375.000,-1,300.000,225.000,300.000,275.000,225.000,275.000,325.000,-1,-1,-1,650.000,375.000,-1,250.000,2,0,2,1,1,0,0,1,0,1,2,2,2,0,1,2,1
8,-7365.294,3071.059,-338.299,38.397,0,0.69682,1.00000,41.809,2.000,-1,375.000,-1,275.000,200.000,300.000,275.000,250.000,300.000,325.000,-1,-1,-1,650.000,375.000,-1,225.000,2,0,2,1,1,0,1,1,0,1,2,2,2,0,1,2,1
9,-7333.485,3098.128,-336.561,40.397,0,0.69613,1.00000,41.768,2.000,-1,375.000,-1,275.000,175.000,300.000,275.000,250.000,300.000,350.000,-1,-1,-1,675.000,375.000,-1,200.000,2,0,2,1,1,0,1,1,0,1,2,2,2,0,1,2,1
10,-7302.658,3126.273,-334.921,42.397,0,0.69571,1.00000,41.743,2.000,-1,375.000,-1,275.000,175.000,300.000,275.000,250.000,300.000,350.000,-1,-1,-1,675.000,425.000,-1,200.000,2,0,2,1,1,0,1,1,0,1,2,2,2,0,1,2,1
11,-7272.840,3155.471,-331.533,44.397,0,0.69555,1.00000,41.733,2.000,-1,375.000,-1,300.000,175.000,300.000,275.000,275.000,300.000,325.000,900.000,875.000,-1,700.000,550.000,-1,200.000,2,0,2,1,1,0,1,1,1,1,0,0,2,0,1,2,1
12,-7244.055,3185.695,-327.927,46.397,0,0.69563,1.00000,41.738,2.000,-1,400.000,-1,350.000,175.000,325.000,325.000,275.000,275.000,300.000,700.000,725.000,-1,750.000,750.000,-1,250.000,2,0,2,1,1,0,1,1,1,1,0,0,2,0,0,2,1
13,-7213.156,3220.494,-324.912,48.397,0,0.77563,1.00000,46.538,2.000,-1,425.000,-1,400.000,200.000,350.000,350.000,275.000,250.000,275.000,550.000,600.000,-1,800.000,825.000,-1,975.000,2,0,2,1,1,0,0,1,1,1,0,0,2,0,1,2,1
14,-7181.960,3258.199,-322.913,50.397,0,0.81562,1.00000,48.937,2.000,-1,425.000,-1,450.000,325.000,350.000,350.000,275.000,225.000,275.000,425.000,500.000,-1,825.000,850.000,-1,-1,2,0,2,0,1,0,0,1,1,1,0,0,2,0,1,2,2
15,-7152.481,3296.439,-322.128,52.371,0,0.80472,0.98692,48.283,1.974,-1,425.000,-1,450.000,850.000,350.000,350.000,300.000,200.000,250.000,325.000,400.000,-1,850.000,875.000,-1,-1,2,0,2,0,1,0,0,1,1,1,0,0,2,0,1,2,2
16,-7121.358,3339.441,-321.158,54.105,0,0.88472,0.86692,53.083,1.734,-1,425.000,-1,450.000,875.000,350.000,350.000,300.000,200.000,275.000,250.000,350.000,-1,825.000,875.000,-1,-1,2,0,2,0,1,0,0,1,1,1,0,0,2,0,1,2,2
17,-7091.821,3382.577,-319.663,55.599,0,0.87132,0.74692,52.279,1.494,-1,425.000,-1,450.000,850.000,350.000,350.000,300.000,175.000,300.000,325.000,400.000,-1,825.000,850.000,-1,-1,2,0,2,0,1,0,0,0,1,1,0,0,2,0,1,2,2
18,-7063.699,3425.637,-318.844,56.853,0,0.85715,0.62692,51.429,1.254,-1,400.000,-1,425.000,800.000,325.000,325.000,300.000,150.000,325.000,425.000,475.000,-1,775.000,800.000,-1,-1,2,0,2,0,1,0,0,0,1,1,0,0,2,0,1,2,2
19,-7036.793,3468.474,-318.277,57.866,0,0.84310,0.50692,50.586,1.014,-1,375.000,-1,400.000,750.000,325.000,325.000,325.000,150.000,350.000,575.000,625.000,-1,750.000,750.000,-1,-1,2,0,2,0,1,0,0,0,1,1,0,0,2,0,1,2,2
20,-7010.892,3510.973,-315.395,58.640,0,0.82950,0.38692,49.770,0.774,-1,375.000,-1,400.000,775.000,325.000,325.000,325.000,150.000,375.000,625.000,675.000,900.000,750.000,750.000,-1,-1,2,0,2,0,1,0,0,0,1,1,0,0,1,0,1,2,2
21,-6985.784,3553.049,-312.521,59.174,0,0.81663,0.26692,48.998,0.534,-1,375.000,-1,400.000,-1,325.000,325.000,325.000,150.000,400.000,650.000,700.000,675.000,750.000,750.000,-1,-1,2,0,2,0,2,0,0,0,1,1,0,0,1,0,1,2,2
22,-6961.255,3594.637,-309.649,59.468,0,0.80471,0.14692,48.283,0.294,-1,375.000,-1,400.000,-1,325.000,325.000,325.000,175.000,400.000,700.000,750.000,525.000,750.000,750.000,-1,-1,2,0,2,0,2,0,0,0,1,1,0,0,1,0,0,2,2
23,-6937.096,3635.688,-306.772,59.522,0,0.79388,0.02692,47.633,0.054,-1,400.000,-1,400.000,-1,325.000,325.000,325.000,175.000,425.000,750.000,800.000,375.000,750.000,775.000,-1,-1,2,0,2,0,2,0,0,0,1,1,0,0,1,0,0,2,2
24,-6913.097,3676.163,-302.011,59.336,0,0.78425,-0.09308,47.055,-0.186,-1,375.000,-1,400.000,-1,300.000,325.000,300.000,200.000,450.000,1000.000,-1,375.000,725.000,750.000,-1,-1,2,0,2,0,2,0,0,0,1,1,0,2,1,0,0,2,2
25,-6889.058,3716.028,-297.747,58.909,0,0.77587,-0.21308,46.552,-0.426,-1,375.000,-1,400.000,-1,300.000,325.000,300.000,225.000,475.000,-1,-1,375.000,700.000,750.000,-1,-1,2,0,2,0,2,0,0,0,1,1,2,2,1,0,0,2,2
26,-6864.883,3755.312,-293.934,58.392,0,0.76878,-0.25850,46.127,-0.517,-1,375.000,-1,400.000,-1,300.000,325.000,300.000,250.000,475.000,-1,-1,375.000,675.000,750.000,-1,-1,2,0,2,0,2,0,0,0,1,1,2,2,1,0,0,2,2
27,-6842.912,3790.314,-290.847,57.882,0,0.68878,-0.25511,41.327,-0.510,-1,375.000,-1,400.000,-1,300.000,325.000,300.000,275.000,500.000,-1,-1,375.000,675.000,750.000,-1,-1,2,0,2,0,2,0,0,0,1,1,2,2,1,0,0,2,2
28,-6822.065,3822.864,-288.289,57.363,0,0.64422,-0.25960,38.653,-0.519,-1,375.000,-1,400.000,-1,300.000,325.000,300.000,300.000,525.000,-1,-1,375.000,675.000,775.000,-1,-1,2,0,2,0,2,0,0,0,1,1,2,2,1,0,0,2,2
29,-6801.025,3855.061,-286.043,56.835,0,0.64104,-0.26388,38.462,-0.528,-1,375.000,-1,400.000,-1,300.000,325.000,300.000,325.000,550.000,-1,-1,375.000,675.000,775.000,-1,-1,2,0,2,0,2,0,0,0,1,1,2,2,1,0,0,2,2
30,-6779.764,3886.939,-284.055,56.299,0,0.63863,-0.26823,38.318,-0.536,-1,375.000,-1,400.000,-1,300.000,325.000,300.000,350.000,550.000,-1,-1,375.000,675.000,775.000,-1,-1,2,0,2,0,2,0,0,0,1,1,2,2,1,0,0,2,2
31,-6758.256,3918.531,-282.328,55.754,0,0.63697,-0.27264,38.218,-0.545,-1,375.000,-1,400.000,-1,300.000,325.000,300.000,350.000,575.000,-1,-1,375.000,675.000,775.000,-1,-1,2,0,2,0,2,0,0,0,0,1,2,2,1,0,0,2,2
32,-6736.476,3949.868,-280.862,55.199,0,0.63603,-0.27712,38.162,-0.554,-1,375.000,-1,400.000,-1,300.000,325.000,300.000,350.000,600.000,-1,-1,350.000,700.000,800.000,-1,-1,2,0,2,0,2,0,0,0,0,1,2,2,1,0,0,2,2
33,-6714.398,3980.975,-279.658,54.636,0,0.63577,-0.28166,38.146,-0.563,-1,375.000,-1,400.000,-1,325.000,325.000,300.000,325.000,625.000,-1,-1,350.000,725.000,800.000,-1,-1,2,0,2,0,2,0,0,0,0,1,2,2,1,0,0,2,2
34,-6691.997,4011.880,-278.643,54.063,0,0.63616,-0.28626,38.170,-0.573,-1,400.000,-1,400.000,-1,325.000,325.000,325.000,325.000,650.000,-1,-1,350.000,725.000,800.000,-1,-1,2,0,2,0,2,0,0,0,1,1,2,2,1,0,0,2,2
35,-6669.247,4042.605,-276.161,53.482,0,0.63718,-0.29094,38.231,-0.582,-1,400.000,-1,400.000,-1,325.000,325.000,325.000,300.000,675.000,-1,-1,350.000,725.000,825.000,-1,-1,2,0,2,0,2,0,0,0,1,1,2,2,1,0,0,2,2
36,-6646.593,4072.299,-273.705,52.660,0,0.62248,-0.41094,37.349,-0.822,-1,375.000,-1,400.000,-1,325.000,325.000,325.000,300.000,675.000,-1,-1,375.000,725.000,825.000,-1,-1,2,0,2,0,2,0,0,0,1,1,2,2,1,0,0,2,2
37,-6620.518,4105.414,-270.874,51.783,0,0.70248,-0.43813,42.149,-0.876,-1,375.000,-1,400.000,-1,325.000,325.000,325.000,275.000,700.000,-1,-1,400.000,725.000,825.000,-1,-1,2,0,2,0,2,0,0,0,1,1,2,2,1,0,0,2,2
38,-6592.931,4139.343,-267.985,50.886,0,0.72881,-0.44885,43.729,-0.898,-1,375.000,-1,400.000,-1,325.000,325.000,300.000,275.000,725.000,-1,-1,425.000,725.000,825.000,-1,-1,2,0,2,0,2,0,0,0,1,1,2,2,1,0,0,2,2
39,-6564.758,4172.878,-265.392,49.966,0,0.72997,-0.46002,43.798,-0.920,-1,375.000,-1,400.000,-1,325.000,325.000,325.000,250.000,775.000,-1,-1,450.000,725.000,825.000,-1,-1,2,0,2,0,2,0,0,0,1,1,2,2,1,0,0,2,2
40,-6535.979,4206.011,-262.563,49.023,0,0.73143,-0.47125,43.886,-0.942,-1,375.000,-1,400.000,-1,325.000,325.000,300.000,250.000,800.000,-1,-1,475.000,725.000,825.000,-1,-1,2,0,2,0,2,0,0,0,1,1,2,2,1,0,0,2,2
41,-6506.577,4238.732,-259.691,48.058,0,0.73318,-0.48252,43.991,-0.965,-1,375.000,-1,400.000,-1,325.000,325.000,300.000,250.000,825.000,-1,-1,500.000,750.000,825.000,-1,-1,2,0,2,0,2,0,0,0,1,1,2,2,1,0,0,2,2
42,-6476.532,4271.031,-256.776,47.071,0,0.73520,-0.49383,44.112,-0.988,-1,375.000,-1,400.000,-1,325.000,325.000,325.000,225.000,850.000,-1,-1,525.000,750.000,825.000,-1,-1,2,0,2,0,2,0,0,0,1,1,2,2,1,0,0,2,2
43,-6445.827,4302.894,-253.922,46.060,0,0.73750,-0.50517,44.250,-1.010,-1,375.000,-1,400.000,-1,325.000,325.000,325.000,225.000,900.000,-1,-1,550.000,750.000,825.000,-1,-1,2,0,2,0,2,0,0,0,1,1,2,2,1,0,0,2,2
44,-6414.444,4334.307,-251.036,45.027,0,0.74006,-0.51653,44.404,-1.033,-1,400.000,-1,400.000,-1,325.000,325.000,325.000,225.000,925.000,-1,-1,575.000,750.000,850.000,-1,-1,2,0,2,0,2,0,0,0,1,1,2,2,1,0,0,2,2
45,-6381.401,4366.478,-248.005,44.234,0,0.76863,-0.39653,46.118,-0.793,-1,400.000,-1,400.000,-1,325.000,325.000,325.000,225.000,975.000,-1,-1,600.000,775.000,850.000,-1,-1,2,0,2,0,2,0,0,0,1,1,2,2,1,0,0,2,2
46,-6347.940,4398.433,-244.933,43.681,0,0.77113,-0.27653,46.268,-0.553,-1,400.000,-1,400.000,-1,325.000,325.000,325.000,225.000,-1,-1,-1,625.000,775.000,850.000,-1,-1,2,0,2,0,2,0,0,0,1,2,2,2,1,0,0,2,2
47,-6314.214,4430.290,-241.823,43.368,0,0.77322,-0.15653,46.393,-0.313,-1,400.000,-1,400.000,-1,325.000,325.000,325.000,225.000,-1,-1,-1,650.000,775.000,850.000,-1,-1,2,0,2,0,2,0,0,0,1,2,2,2,1,0,0,2,2
48,-6280.376,4462.172,-238.695,43.295,0,0.77487,-0.03653,46.492,-0.073,-1,400.000,-1,400.000,-1,325.000,325.000,325.000,225.000,-1,-1,-1,675.000,775.000,875.000,-1,-1,2,0,2,0,2,0,0,0,1,2,2,2,1,0,0,2,2
49,-6246.577,4494.203,-235.752,43.462,0,0.77608,0.08347,46.565,0.167,-1,400.000,-1,400.000,-1,325.000,325.000,325.000,250.000,-1,-1,-1,700.000,775.000,875.000,-1,-1,2,0,2,0,2,0,0,0,1,2,2,2,1,0,0,2,2
50,-6212.973,4526.505,-232.734,43.869,0,0.77687,0.20347,46.612,0.407,-1,400.000,-1,400.000,-1,325.000,325.000,325.000,275.000,-1,-1,-1,725.000,775.000,875.000,-1,-1,2,0,2,0,2,0,0,0,1,2,2,2,1,0,0,2,2
51,-6179.585,4559.065,-229.691,44.280,0,0.77728,0.20551,46.637,0.411,-1,400.000,-1,400.000,-1,325.000,325.000,300.000,275.000,-1,-1,-1,750.000,775.000,875.000,-1,-1,2,0,2,0,2,0,0,0,1,2,2,2,1,0,0,2,2
52,-6146.624,4591.668,-226.403,44.688,0,0.77269,0.20387,46.361,0.408,-1,400.000,-1,400.000,-1,325.000,325.000,300.000,300.000,-1,-1,-1,750.000,775.000,875.000,-1,-1,2,0,2,0,2,0,0,0,1,2,2,2,1,0,0,2,2
53,-6114.545,4623.586,-223.599,44.855,0,0.75422,0.08387,45.253,0.168,-1,400.000,-1,400.000,-1,325.000,325.000,300.000,325.000,-1,-1,-1,750.000,775.000,875.000,-1,-1,2,0,2,0,2,0,0,0,1,2,2,2,1,0,0,2,2
54,-6082.639,4655.250,-221.275,44.783,0,0.74919,-0.03613,44.951,-0.072,-1,400.000,-1,400.000,-1,325.000,325.000,300.000,325.000,-1,-1,-1,775.000,775.000,900.000,-1,-1,2,0,2,0,2,0,0,0,0,2,2,2,1,0,0,2,2
55,-6050.737,4686.569,-218.731,44.471,0,0.74509,-0.15613,44.705,-0.312,-1,400.000,-1,400.000,-1,325.000,325.000,300.000,325.000,-1,-1,-1,775.000,800.000,900.000,-1,-1,2,0,2,0,2,0,0,0,0,2,2,2,1,0,0,2,2
56,-6018.673,4717.445,-216.036,43.919,0,0.74189,-0.27613,44.513,-0.552,-1,400.000,-1,425.000,-1,325.000,325.000,300.000,325.000,-1,-1,-1,675.000,800.000,900.000,-1,-1,2,0,2,0,2,0,0,0,0,2,2,2,1,0,0,2,2
57,-5986.289,4747.777,-213.348,43.126,0,0.73952,-0.39613,44.371,-0.792,-1,400.000,-1,425.000,-1,325.000,325.000,300.000,325.000,-1,-1,-1,625.000,800.000,900.000,-1,-1,2,0,2,0,2,0,0,0,0,2,2,2,1,0,0,2,2
58,-5953.514,4777.546,-210.814,42.248,0,0.73793,-0.43894,44.276,-0.878,-1,400.000,-1,425.000,-1,325.000,325.000,300.000,300.000,-1,-1,-1,625.000,825.000,900.000,-1,-1,2,0,2,0,2,0,0,0,0,2,2,2,1,0,0,2,2
59,-5920.343,4806.765,-208.322,41.376,0,0.73675,-0.43610,44.205,-0.872,-1,400.000,-1,425.000,-1,325.000,325.000,300.000,300.000,-1,-1,-1,600.000,825.000,900.000,-1,-1,2,0,2,0,2,0,0,0,0,2,2,2,1,0,0,2,2
60,-5886.779,4835.441,-205.837,40.510,0,0.73577,-0.43315,44.146,-0.866,-1,400.000,-1,425.000,-1,325.000,325.000,300.000,300.000,-1,-1,-1,600.000,825.000,900.000,-1,-1,2,0,2,0,2,0,0,0,0,2,2,2,1,0,0,2,2
61,-5852.824,4863.581,-203.360,39.650,0,0.73500,-0.43010,44.100,-0.860,-1,400.000,-1,425.000,-1,325.000,325.000,300.000,300.000,-1,-1,-1,625.000,850.000,900.000,-1,-1,2,0,2,0,2,0,0,0,0,2,2,2,1,0,0,2,2
62,-5818.480,4891.191,-200.890,38.796,0,0.73443,-0.42694,44.066,-0.854,-1,400.000,-1,425.000,-1,325.000,325.000,300.000,300.000,-1,-1,-1,625.000,850.000,900.000,-1,-1,2,0,2,0,2,0,0,0,0,2,2,2,1,0,0,2,2
63,-5783.749,4918.275,-198.634,37.948,0,0.73405,-0.42368,44.043,-0.847,-1,400.000,-1,425.000,-1,325.000,325.000,300.000,300.000,-1,-1,-1,625.000,850.000,900.000,-1,-1,2,0,2,0,2,0,0,0,0,2,2,2,1,0,0,2,2
64,-5748.635,4944.839,-196.457,37.108,0,0.73384,-0.42033,44.031,-0.841,-1,400.000,-1,425.000,-1,325.000,325.000,300.000,300.000,-1,-1,-1,650.000,850.000,875.000,-1,-1,2,0,2,0,2,0,0,0,0,2,2,2,1,0,0,2,2
65,-5713.139,4970.889,-194.309,36.274,0,0.73382,-0.41689,44.029,-0.834,-1,425.000,-1,425.000,-1,325.000,325.000,300.000,300.000,-1,-1,-1,650.000,875.000,875.000,-1,-1,2,0,2,0,2,0,0,0,0,2,2,2,1,0,0,2,2
66,-5677.264,4996.428,-192.227,35.447,0,0.73396,-0.41336,44.037,-0.827,-1,425.000,-1,425.000,-1,325.000,350.000,300.000,300.000,-1,-1,-1,675.000,875.000,875.000,-1,-1,2,0,2,0,2,0,0,0,0,2,2,2,1,0,0,2,2
67,-5641.012,5021.462,-190.397,34.628,0,0.73426,-0.40976,44.055,-0.820,-1,425.000,-1,425.000,-1,325.000,325.000,300.000,300.000,-1,-1,-1,700.000,875.000,875.000,-1,-1,2,0,2,0,2,0,0,0,0,2,2,2,1,0,0,2,2
68,-5604.387,5045.995,-188.598,33.816,0,0.73471,-0.40607,44.083,-0.812,-1,425.000,-1,425.000,-1,325.000,325.000,300.000,300.000,-1,-1,-1,725.000,850.000,850.000,-1,-1,2,0,2,0,2,0,0,0,0,2,2,2,1,0,0,2,2
69,-5567.390,5070.031,-186.830,33.011,0,0.73531,-0.40230,44.119,-0.805,-1,425.000,-1,425.000,-1,325.000,325.000,300.000,300.000,-1,-1,-1,750.000,850.000,850.000,-1,-1,2,0,2,0,2,0,0,0,0,2,2,2,1,0,0,2,2
70,-5530.025,5093.574,-185.092,32.214,0,0.73606,-0.39846,44.163,-0.797,-1,400.000,-1,400.000,-1,325.000,325.000,300.000,300.000,-1,-1,-1,775.000,850.000,850.000,-1,-1,2,0,2,0,2,0,0,0,0,2,2,2,1,0,0,2,2
71,-5492.295,5116.628,-183.385,31.425,0,0.73694,-0.39455,44.216,-0.789,-1,400.000,-1,400.000,-1,325.000,325.000,300.000,300.000,-1,-1,-1,800.000,825.000,825.000,-1,-1,2,0,2,0,2,0,0,0,0,2,2,2,1,0,0,2,2
72,-5454.201,5139.195,-181.707,30.644,0,0.73794,-0.39056,44.277,-0.781,-1,400.000,-1,400.000,-1,325.000,325.000,300.000,300.000,-1,-1,-1,825.000,825.000,825.000,-1,-1,2,0,2,0,2,0,0,0,0,2,2,2,1,0,0,2,2
73,-5415.748,5161.281,-180.082,29.871,0,0.73907,-0.38651,44.344,-0.773,-1,400.000,-1,400.000,-1,325.000,325.000,300.000,300.000,-1,-1,-1,850.000,825.000,825.000,-1,-1,2,0,2,0,2,0,0,0,0,2,2,2,1,0,0,2,2
74,-5376.938,5182.888,-178.652,29.106,0,0.74032,-0.38239,44.419,-0.765,-1,400.000,-1,400.000,-1,325.000,325.000,300.000,300.000,-1,-1,-1,875.000,800.000,800.000,-1,-1,2,0,2,0,2,0,0,0,0,2,2,2,1,0,0,2,2
75,-5337.774,5204.019,-177.244,28.350,0,0.74168,-0.37821,44.501,-0.756,-1,400.000,-1,400.000,-1,325.000,325.000,300.000,300.000,-1,-1,-1,900.000,800.000,800.000,-1,-1,2,0,2,0,2,0,0,0,0,2,2,2,1,0,0,2,2
76,-5298.260,5224.678,-175.875,27.602,0,0.74315,-0.37396,44.589,-0.748,-1,400.000,-1,400.000,-1,325.000,325.000,300.000,300.000,-1,-1,-1,925.000,800.000,800.000,-1,-1,2,0,2,0,2,0,0,0,0,2,2,2,1,0,0,2,2
77,-5258.398,5244.869,-174.541,26.862,0,0.74473,-0.36966,44.684,-0.739,-1,400.000,-1,400.000,-1,325.000,325.000,300.000,300.000,-1,-1,-1,950.000,800.000,775.000,-1,-1,2,0,2,0,2,0,0,0,0,2,2,2,1,0,0,2,2
78,-5218.191,5264.593,-173.234,26.132,0,0.74640,-0.36529,44.784,-0.731,-1,400.000,-1,400.000,-1,325.000,325.000,300.000,300.000,-1,-1,-1,975.000,800.000,775.000,-1,-1,2,0,2,0,2,0,0,0,0,2,2,2,1,0,0,2,2
79,-5177.643,5283.855,-171.970,25.410,0,0.74817,-0.36087,44.890,-0.722,-1,400.000,-1,400.000,-1,325.000,325.000,300.000,300.000,-1,-1,-1,1000.000,775.000,775.000,-1,-1,2,0,2,0,2,0,0,0,0,2,2,2,1,0,0,2,2
80,-5136.758,5302.659,-171.000,24.697,0,0.75004,-0.35638,45.002,-0.713,-1,400.000,-1,400.000,-1,325.000,325.000,300.000,300.000,-1,-1,-1,-1,775.000,750.000,-1,-1,2,0,2,0,2,0,0,0,0,2,2,2,2,0,0,2,2
81,-5095.537,5321.006,-170.101,23.994,0,0.75199,-0.35184,45.119,-0.704,-1,400.000,-1,400.000,-1,325.000,325.000,300.000,300.000,-1,-1,-1,-1,775.000,750.000,-1,-1,2,0,2,0,2,0,0,0,0,2,2,2,2,0,0,2,2
82,-5053.985,5338.900,-169.202,23.299,0,0.75403,-0.34724,45.242,-0.694,-1,400.000,-1,400.000,-1,325.000,325.000,300.000,300.000,-1,-1,-1,-1,775.000,750.000,-1,-1,2,0,2,0,2,0,0,0,0,2,2,2,2,0,0,2,2
83,-5012.104,5356.345,-168.338,22.614,0,0.75615,-0.34259,45.369,-0.685,-1,400.000,-1,400.000,-1,325.000,325.000,300.000,300.000,-1,-1,-1,-1,775.000,750.000,-1,-1,2,0,2,0,2,0,0,0,0,2,2,2,2,0,0,2,2
84,-4974.474,5371.503,-167.597,21.939,0,0.67615,-0.33727,40.569,-0.675,-1,400.000,-1,400.000,-1,325.000,325.000,300.000,300.000,-1,-1,-1,-1,775.000,750.000,-1,-1,2,0,2,0,2,0,0,0,0,2,2,2,2,0,0,2,2
85,-4940.401,5384.769,-166.956,21.273,0,0.60940,-0.33303,36.564,-0.666,-1,400.000,-1,400.000,-1,325.000,325.000,300.000,300.000,-1,-1,-1,-1,775.000,750.000,-1,-1,2,0,2,0,2,0,0,0,0,2,2,2,2,0,0,2,2
86,-4906.070,5397.683,-166.337,20.615,0,0.61134,-0.32920,36.680,-0.658,-1,400.000,-1,400.000,-1,325.000,325.000,300.000,300.000,-1,-1,-1,-1,775.000,750.000,-1,-1,2,0,2,0,2,0,0,0,0,2,2,2,2,0,0,2,2
87,-4871.483,5410.248,-165.742,19.964,0,0.61330,-0.32533,36.798,-0.651,-1,400.000,-1,400.000,-1,325.000,325.000,300.000,300.000,-1,-1,-1,-1,775.000,750.000,-1,-1,2,0,2,0,2,0,0,0,0,2,2,2,2,0,0,2,2
88,-4836.644,5422.463,-165.170,19.321,0,0.61530,-0.32144,36.918,-0.643,-1,400.000,-1,400.000,-1,325.000,325.000,300.000,300.000,-1,-1,-1,-1,775.000,750.000,-1,-1,2,0,2,0,2,0,0,0,0,2,2,2,2,0,0,2,2
89,-4801.557,5434.330,-164.609,18.686,0,0.61733,-0.31752,37.040,-0.635,-1,400.000,-1,400.000,-1,325.000,325.000,300.000,300.000,-1,-1,-1,-1,775.000,750.000,-1,-1,2,0,2,0,2,0,0,0,0,2,2,2,2,0,0,2,2
90,-4766.224,5445.850,-164.065,18.059,0,0.61939,-0.31357,37.163,-0.627,-1,400.000,-1,400.000,-1,325.000,325.000,300.000,300.000,-1,-1,-1,-1,775.000,750.000,-1,-1,2,0,2,0,2,0,0,0,0,2,2,2,2,0,0,2,2
91,-4730.649,5457.026,-163.539,17.440,0,0.62148,-0.30960,37.289,-0.619,-1,400.000,-1,400.000,-1,325.000,325.000,300.000,300.000,-1,-1,-1,-1,775.000,750.000,-1,-1,2,0,2,0,2,0,0,0,0,2,2,2,2,0,0,2,2
92,-4694.836,5467.859,-163.032,16.829,0,0.62360,-0.30560,37.416,-0.611,-1,400.000,-1,400.000,-1,325.000,325.000,300.000,300.000,-1,-1,-1,-1,775.000,750.000,-1,-1,2,0,2,0,2,0,0,0,0,2,2,2,2,0,0,2,2
93,-4658.787,5478.349,-162.550,16.226,0,0.62575,-0.30157,37.545,-0.603,-1,400.000,-1,400.000,-1,325.000,325.000,300.000,300.000,-1,-1,-1,-1,750.000,750.000,-1,-1,2,0,2,0,2,0,0,0,0,2,2,2,2,0,0,2,2
94,-4622.505,5488.500,-162.076,15.631,0,0.62792,-0.29751,37.675,-0.595,-1,400.000,-1,400.000,-1,325.000,325.000,300.000,300.000,-1,-1,-1,-1,750.000,750.000,-1,-1,2,0,2,0,2,0,0,0,0,2,2,2,2,0,0,2,2
95,-4585.993,5498.314,-161.607,15.044,0,0.63013,-0.29343,37.808,-0.587,-1,400.000,-1,400.000,-1,325.000,325.000,300.000,300.000,-1,-1,-1,-1,750.000,750.000,-1,-1,2,0,2,0,2,0,0,0,0,2,2,2,2,0,0,2,2
96,-4549.253,5507.791,-161.152,14.465,0,0.63237,-0.28932,37.942,-0.579,-1,400.000,-1,400.000,-1,325.000,325.000,300.000,300.000,-1,-1,-1,-1,750.000,750.000,-1,-1,2,0,2,0,2,0,0,0,0,2,2,2,2,0,0,2,2
97,-4512.289,5516.936,-160.675,13.895,0,0.63464,-0.28518,38.078,-0.570,-1,400.000,-1,400.000,-1,325.000,325.000,300.000,300.000,-1,-1,-1,-1,750.000,750.000,-1,-1,2,0,2,0,2,0,0,0,0,2,2,2,2,0,0,2,2
98,-4475.103,5525.749,-160.152,13.333,0,0.63694,-0.28101,38.216,-0.562,-1,400.000,-1,400.000,-1,325.000,325.000,300.000,300.000,-1,-1,-1,-1,750.000,750.000,-1,-1,2,0,2,0,2,0,0,0,0,2,2,2,2,0,0,2,2
99,-4437.756,5534.217,-159.643,12.776,0,0.63825,-0.27864,38.295,-0.557,-1,400.000,-1,400.000,-1,325.000,325.000,300.000,300.000,-1,-1,-1,-1,750.000,750.000,-1,-1,2,0,2,0,2,0,0,0,0,2,2,2,2,0,0,2,2
100,-4400.328,5542.321,-159.147,12.218,0,0.63825,-0.27864,38.295,-0.557,-1,400.000,-1,400.000,-1,325.000,325.000,300.000,300.000,-1,-1,-1,-1,775.000,750.000,-1,-1,2,0,2,0,2,0,0,0,0,2,2,2,2,0,0,2,2
101,-4362.788,5550.068,-158.665,11.660,0,0.63885,-0.27899,38.331,-0.558,-1,400.000,-1,400.000,-1,325.000,325.000,300.000,300.000,-1,-1,-1,-1,775.000,750.000,-1,-1,2,0,2,0,2,0,0,0,0,2,2,2,2,0,0,2,2
102,-4324.945,5557.491,-158.193,11.098,0,0.64274,-0.28121,38.564,-0.562,-1,400.000,-1,400.000,-1,325.000,325.000,300.000,300.000,-1,-1,-1,-1,775.000,750.000,-1,-1,2,0,2,0,2,0,0,0,0,2,2,2,2,0,0,2,2
103,-4286.800,5564.583,-157.732,10.531,0,0.64666,-0.28345,38.799,-0.567,-1,400.000,-1,400.000,-1,325.000,325.000,300.000,300.000,-1,-1,-1,-1,775.000,750.000,-1,-1,2,0,2,0,2,0,0,0,0,2,2,2,2,0,0,2,2
104,-4248.351,5571.334,-157.281,9.960,0,0.65061,-0.28568,39.036,-0.571,-1,400.000,-1,400.000,-1,325.000,325.000,300.000,300.000,-1,-1,-1,-1,775.000,750.000,-1,-1,2,0,2,0,2,0,0,0,0,2,2,2,2,0,0,2,2
105,-4205.132,5578.666,-156.787,9.628,0,0.73061,-0.16568,43.836,-0.331,-1,400.000,-1,400.000,-1,325.000,325.000,300.000,300.000,-1,-1,-1,-1,775.000,750.000,-1,-1,2,0,2,0,2,0,0,0,0,2,2,2,2,0,0,2,2
106,-4157.520,5586.665,-156.249,9.537,0,0.80466,-0.04568,48.280,-0.091,-1,400.000,-1,400.000,-1,325.000,325.000,300.000,300.000,-1,-1,-1,-1,775.000,750.000,-1,-1,2,0,2,0,2,0,0,0,0,2,2,2,2,0,0,2,2
107,-4109.649,5594.835,-155.706,9.686,0,0.80939,0.07432,48.563,0.149,-1,400.000,-1,400.000,-1,325.000,325.000,300.000,300.000,-1,-1,-1,-1,775.000,775.000,-1,-1,2,0,2,0,2,0,0,0,0,2,2,2,2,0,0,2,2
108,-4061.564,5603.378,-155.155,10.074,0,0.81396,0.19432,48.838,0.389,-1,400.000,-1,400.000,-1,325.000,325.000,300.000,300.000,-1,-1,-1,-1,775.000,775.000,-1,-1,2,0,2,0,2,0,0,0,0,2,2,2,2,0,0,2,2
109,-4013.320,5612.497,-154.587,10.703,0,0.81832,0.31432,49.099,0.629,-1,400.000,-1,400.000,-1,325.000,325.000,300.000,300.000,-1,-1,-1,-1,775.000,775.000,-1,-1,2,0,2,0,2,0,0,0,0,2,2,2,2,0,1,2,2
110,-3964.980,5622.394,-153.991,11.571,0,0.82237,0.43432,49.342,0.869,-1,400.000,-1,400.000,-1,325.000,325.000,300.000,300.000,-1,-1,-1,-1,800.000,775.000,-1,-1,2,0,2,0,2,0,0,0,0,2,2,2,2,0,1,2,2
111,-3916.582,5633.074,-153.406,12.444,0,0.82604,0.43649,49.563,0.873,-1,400.000,-1,400.000,-1,325.000,325.000,300.000,300.000,-1,-1,-1,-1,800.000,775.000,-1,-1,2,0,2,0,2,0,0,0,0,2,2,2,2,0,1,2,2
112,-3868.155,5644.529,-152.776,13.307,0,0.82938,0.43151,49.763,0.863,-1,400.000,-1,400.000,1000.000,325.000,325.000,300.000,300.000,-1,-1,-1,-1,800.000,775.000,-1,-1,2,0,2,0,1,0,0,0,0,2,2,2,2,0,1,2,2
113,-3819.731,5656.746,-152.139,14.160,0,0.83236,0.42620,49.941,0.852,-1,400.000,-1,400.000,1000.000,325.000,325.000,300.000,300.000,-1,-1,-1,-1,800.000,800.000,-1,-1,2,0,2,0,1,0,0,0,0,2,2,2,2,0,0,2,2
114,-3771.342,5669.712,-151.494,15.001,0,0.83494,0.42057,50.097,0.841,-1,400.000,-1,400.000,975.000,325.000,325.000,300.000,300.000,-1,-1,-1,-1,800.000,800.000,-1,-1,2,0,2,0,1,0,0,0,0,2,2,2,2,0,0,2,2
115,-3723.021,5683.414,-150.834,15.830,0,0.83711,0.41462,50.227,0.829,-1,400.000,-1,400.000,975.000,325.000,325.000,300.000,300.000,-1,-1,-1,-1,800.000,800.000,-1,-1,2,0,2,0,1,0,0,0,0,2,2,2,2,0,0,2,2
116,-3674.800,5697.832,-150.160,16.647,0,0.83882,0.40835,50.329,0.817,-1,400.000,-1,400.000,975.000,325.000,325.000,300.000,300.000,-1,-1,-1,-1,800.000,800.000,-1,-1,2,0,2,0,1,0,0,0,0,2,2,2,2,0,0,2,2
117,-3626.716,5712.947,-149.475,17.450,0,0.84006,0.40178,50.404,0.804,-1,400.000,-1,400.000,1000.000,325.000,325.000,300.000,300.000,-1,-1,-1,-1,800.000,800.000,-1,-1,2,0,2,0,1,0,0,0,0,2,2,2,2,0,0,2,2
118,-3578.804,5728.737,-148.800,18.240,0,0.84079,0.39491,50.448,0.790,-1,400.000,-1,400.000,-1,325.000,325.000,300.000,300.000,-1,-1,-1,-1,800.000,800.000,-1,-1,2,0,2,0,2,0,0,0,0,2,2,2,2,0,0,2,2
119,-3531.098,5745.178,-148.114,19.016,0,0.84099,0.38776,50.460,0.776,-1,400.000,-1,400.000,-1,325.000,325.000,300.000,300.000,-1,-1,-1,-1,800.000,800.000,-1,-1,2,0,2,0,2,0,0,0,0,2,2,2,2,0,0,2,2
120,-3483.634,5762.244,-147.418,19.777,0,0.84065,0.38036,50.439,0.761,-1,400.000,-1,400.000,-1,325.000,325.000,300.000,300.000,-1,-1,-1,-1,800.000,800.000,-1,-1,2,0,2,0,2,0,0,0,0,2,2,2,2,0,0,2,2
121,-3436.447,5779.907,-146.714,20.522,0,0.83974,0.37273,50.384,0.745,-1,400.000,-1,400.000,-1,325.000,325.000,300.000,300.000,-1,-1,-1,-1,800.000,800.000,-1,-1,2,0,2,0,2,0,0,0,0,2,2,2,2,0,0,2,2
122,-3389.572,5798.138,-146.011,21.252,0,0.83826,0.36491,50.295,0.730,-1,400.000,-1,400.000,-1,325.000,325.000,300.000,300.000,-1,-1,-1,-1,800.000,800.000,-1,-1,2,0,2,0,2,0,0,0,0,2,2,2,2,0,0,2,2
123,-3343.042,5816.905,-145.351,21.966,0,0.83620,0.35692,50.172,0.714,-1,400.000,-1,400.000,-1,325.000,325.000,300.000,300.000,-1,-1,-1,-1,800.000,800.000,-1,-1,2,0,2,0,2,0,0,0,0,2,2,2,2,0,0,2,2
124,-3296.888,5836.176,-144.825,22.663,0,0.83359,0.34882,50.015,0.698,-1,400.000,-1,400.000,-1,325.000,325.000,300.000,300.000,-1,-1,-1,-1,800.000,800.000,-1,-1,2,0,2,0,2,0,0,0,0,2,2,2,2,0,0,2,2
125,-3251.142,5855.920,-144.301,23.345,0,0.83043,0.34065,49.826,0.681,-1,400.000,-1,400.000,-1,325.000,325.000,300.000,300.000,-1,-1,-1,-1,800.000,800.000,-1,-1,2,0,2,0,2,0,0,0,0,2,2,2,2,0,0,2,2
126,-3205.828,5876.104,-143.812,24.010,0,0.82675,0.33246,49.605,0.665,-1,400.000,-1,400.000,-1,325.000,325.000,300.000,300.000,-1,-1,-1,-1,800.000,800.000,-1,-1,2,0,2,0,2,0,0,0,0,2,2,2,2,0,0,2,2
127,-3160.974,5896.697,-143.369,24.660,0,0.82259,0.32521,49.356,0.650,-1,400.000,-1,400.000,-1,325.000,325.000,300.000,300.000,-1,-1,-1,-1,775.000,800.000,-1,-1,2,0,2,0,2,0,0,0,1,2,2,2,2,0,0,2,2
128,-3116.604,5917.676,-142.953,25.305,0,0.81800,0.32276,49.080,0.646,-1,400.000,-1,400.000,-1,325.000,325.000,300.000,300.000,-1,-1,-1,-1,775.000,800.000,-1,-1,2,0,2,0,2,0,0,0,1,2,2,2,2,0,0,2,2
129,-3072.740,5939.019,-142.591,25.947,0,0.81301,0.32068,48.780,0.641,-1,400.000,-1,400.000,-1,325.000,325.000,300.000,300.000,-1,-1,-1,-1,775.000,775.000,-1,-1,2,0,2,0,2,0,0,0,1,2,2,2,2,0,0,2,2
130,-3029.403,5960.706,-142.236,26.585,0,0.80767,0.31899,48.460,0.638,-1,400.000,-1,400.000,-1,325.000,325.000,300.000,300.000,-1,-1,-1,-1,750.000,775.000,-1,-1,2,0,2,0,2,0,0,0,1,2,2,2,2,0,0,2,2
131,-2986.609,5982.719,-141.871,27.220,0,0.80207,0.31767,48.124,0.635,-1,400.000,-1,400.000,-1,325.000,325.000,300.000,300.000,-1,-1,-1,-1,750.000,775.000,-1,-1,2,0,2,0,2,0,0,0,1,2,2,2,2,0,0,2,2
132,-2944.367,6005.040,-141.497,27.854,0,0.79627,0.31674,47.776,0.633,-1,400.000,-1,400.000,-1,325.000,325.000,300.000,300.000,-1,-1,-1,-1,750.000,775.000,-1,-1,2,0,2,0,2,0,0,0,1,2,2,2,2,0,0,2,2
133,-2902.107,6027.745,-141.114,28.247,0,0.79955,0.19674,47.973,0.393,-1,400.000,-1,400.000,-1,325.000,325.000,300.000,300.000,-1,-1,-1,-1,750.000,775.000,-1,-1,2,0,2,0,2,0,0,0,0,2,2,2,2,0,0,2,2
134,-2860.199,6050.405,-140.730,28.401,0,0.79405,0.07674,47.643,0.153,-1,400.000,-1,400.000,-1,325.000,325.000,300.000,300.000,-1,-1,-1,-1,725.000,775.000,-1,-1,2,0,2,0,2,0,0,0,0,2,2,2,2,0,0,2,2
135,-2818.518,6072.861,-140.349,28.314,0,0.78908,-0.04326,47.345,-0.087,-1,400.000,-1,400.000,-1,325.000,325.000,300.000,300.000,-1,-1,-1,-1,725.000,750.000,-1,-1,2,0,2,0,2,0,0,0,0,2,2,2,2,0,0,2,2
136,-2776.942,6094.956,-139.997,27.988,0,0.78470,-0.16326,47.082,-0.327,-1,375.000,-1,400.000,-1,325.000,325.000,300.000,300.000,-1,-1,-1,-1,725.000,750.000,-1,-1,2,0,2,0,2,0,0,0,0,2,2,2,2,0,0,2,2
137,-2735.351,6116.534,-139.745,27.421,0,0.78093,-0.28326,46.856,-0.567,-1,375.000,-1,400.000,-1,325.000,325.000,300.000,300.000,-1,-1,-1,-1,725.000,750.000,-1,-1,2,0,2,0,2,0,0,0,0,2,2,2,2,0,0,2,2
138,-2693.690,6137.560,-139.504,26.780,0,0.77777,-0.32055,46.666,-0.641,-1,375.000,-1,400.000,-1,325.000,325.000,300.000,300.000,-1,-1,-1,-1,725.000,750.000,-1,-1,2,0,2,0,2,0,0,0,0,2,2,2,2,0,0,2,2
139,-2651.952,6158.044,-139.251,26.141,0,0.77489,-0.31955,46.493,-0.639,-1,375.000,-1,400.000,-1,325.000,325.000,300.000,300.000,-1,-1,-1,-1,725.000,750.000,-1,-1,2,0,2,0,2,0,0,0,0,2,2,2,2,0,0,2,2
140,-2610.138,6177.992,-139.002,25.504,0,0.77213,-0.31836,46.328,-0.637,-1,375.000,-1,400.000,-1,325.000,325.000,300.000,300.000,-1,-1,-1,-1,725.000,725.000,-1,-1,2,0,2,0,2,0,0,0,0,2,2,2,2,0,0,2,2
141,-2568.249,6197.410,-138.755,24.870,0,0.76952,-0.31700,46.171,-0.634,-1,375.000,-1,400.000,-1,325.000,325.000,300.000,300.000,-1,-1,-1,-1,700.000,725.000,-1,-1,2,0,2,0,2,0,0,0,0,2,2,2,2,0,0,2,2
142,-2526.283,6216.304,-138.558,24.239,0,0.76705,-0.31547,46.023,-0.631,-1,375.000,-1,400.000,-1,325.000,325.000,300.000,300.000,-1,-1,-1,-1,700.000,725.000,-1,-1,2,0,2,0,2,0,0,0,0,2,2,2,2,0,0,2,2
143,-2484.240,6234.683,-138.399,23.612,0,0.76475,-0.31377,45.885,-0.628,-1,375.000,-1,400.000,-1,325.000,325.000,300.000,300.000,-1,-1,-1,-1,700.000,700.000,-1,-1,2,0,2,0,2,0,0,0,0,2,2,2,2,0,0,2,2
144,-2442.116,6252.553,-138.206,22.988,0,0.76262,-0.31192,45.757,-0.624,-1,375.000,-1,400.000,-1,325.000,325.000,300.000,300.000,-1,-1,-1,-1,700.000,700.000,-1,-1,2,0,2,0,2,0,0,0,0,2,2,2,2,0,0,2,2
145,-2399.911,6269.921,-138.012,22.368,0,0.76066,-0.30991,45.639,-0.620,-1,375.000,-1,400.000,-1,325.000,325.000,300.000,300.000,-1,-1,-1,-1,700.000,700.000,-1,-1,2,0,2,0,2,0,0,0,0,2,2,2,2,0,0,2,2
146,-2357.621,6286.795,-137.816,21.752,0,0.75888,-0.30775,45.533,-0.615,-1,375.000,-1,400.000,-1,325.000,325.000,300.000,300.000,-1,-1,-1,-1,700.000,700.000,-1,-1,2,0,2,0,2,0,0,0,0,2,2,2,2,0,0,2,2
147,-2315.242,6303.183,-137.621,21.142,0,0.75728,-0.30544,45.437,-0.611,-1,375.000,-1,400.000,-1,325.000,325.000,300.000,300.000,-1,-1,-1,-1,700.000,675.000,-1,-1,2,0,2,0,2,0,0,0,0,2,2,2,2,0,0,2,2
148,-2272.772,6319.092,-137.424,20.536,0,0.75587,-0.30300,45.352,-0.606,-1,375.000,-1,375.000,-1,325.000,325.000,300.000,300.000,-1,-1,-1,-1,675.000,675.000,-1,-1,2,0,2,0,2,0,0,0,0,2,2,2,2,0,0,2,2
149,-2230.207,6334.530,-137.228,19.935,0,0.75464,-0.30042,45.278,-0.601,-1,375.000,-1,375.000,-1,325.000,325.000,300.000,300.000,-1,-1,-1,-1,675.000,675.000,-1,-1,2,0,2,0,2,0,0,0,0,2,2,2,2,0,0,2,2
150,-2187.542,6349.504,-137.033,19.339,0,0.75360,-0.29771,45.216,-0.595,-1,375.000,-1,375.000,-1,325.000,325.000,300.000,300.000,-1,-1,-1,-1,675.000,675.000,-1,-1,2,0,2,0,2,0,0,0,0,2,2,2,2,0,0,2,2
151,-2144.775,6364.021,-136.816,18.750,0,0.75274,-0.29487,45.164,-0.590,-1,375.000,-1,375.000,-1,300.000,300.000,300.000,300.000,-1,-1,-1,-1,675.000,650.000,-1,-1,2,0,2,0,2,0,0,0,0,2,2,2,2,0,0,2,2
152,-2101.900,6378.089,-136.576,18.166,0,0.75206,-0.29191,45.124,-0.584,-1,375.000,-1,375.000,-1,300.000,300.000,300.000,300.000,-1,-1,-1,-1,650.000,650.000,-1,-1,2,0,2,0,2,0,0,0,0,2,2,2,2,0,0,2,2
153,-2058.914,6391.715,-136.328,17.588,0,0.75157,-0.28884,45.094,-0.578,-1,375.000,-1,375.000,-1,300.000,300.000,300.000,300.000,-1,-1,-1,-1,650.000,650.000,-1,-1,2,0,2,0,2,0,0,0,0,2,2,2,2,0,0,2,2
154,-2015.813,6404.906,-135.965,17.017,0,0.75125,-0.28565,45.075,-0.571,-1,375.000,-1,375.000,-1,300.000,300.000,300.000,300.000,-1,-1,-1,-1,650.000,650.000,-1,-1,2,0,2,0,2,0,0,0,0,2,2,2,2,0,0,2,2
155,-1972.592,6417.670,-135.258,16.452,0,0.75110,-0.28235,45.066,-0.565,-1,375.000,-1,375.000,-1,300.000,300.000,300.000,300.000,-1,-1,-1,-1,650.000,650.000,-1,-1,2,0,2,0,2,0,0,0,0,2,2,2,2,0,0,2,2
156,-1928.202,6430.203,-134.543,15.767,0,0.76875,-0.34247,46.125,-0.685,-1,375.000,-1,375.000,-1,300.000,300.000,300.000,300.000,-1,-1,-1,-1,650.000,650.000,-1,-1,2,0,2,0,2,0,0,0,0,2,2,2,2,0,0,2,2
157,-1881.669,6442.745,-133.760,15.084,0,0.80322,-0.34160,48.193,-0.683,-1,350.000,-1,375.000,-1,300.000,300.000,300.000,300.000,-1,1000.000,825.000,-1,650.000,650.000,-1,-1,2,0,2,0,2,0,0,0,0,2,0,0,2,0,0,2,2
158,-1835.084,6454.708,-132.580,14.402,0,0.80162,-0.34090,48.097,-0.682,-1,375.000,-1,375.000,-1,300.000,300.000,300.000,300.000,-1,750.000,700.000,-1,650.000,650.000,-1,-1,2,0,2,0,2,0,0,0,0,2,0,0,2,0,0,2,2
159,-1788.450,6466.095,-131.411,13.722,0,0.80007,-0.34005,48.004,-0.680,-1,375.000,-1,375.000,-1,300.000,300.000,300.000,300.000,-1,675.000,625.000,-1,650.000,675.000,-1,-1,2,0,2,0,2,0,0,0,0,2,0,0,2,0,0,2,2
160,-1741.771,6476.909,-130.254,13.044,0,0.79858,-0.33906,47.915,-0.678,-1,375.000,-1,375.000,-1,300.000,300.000,300.000,300.000,-1,600.000,575.000,-1,675.000,675.000,-1,-1,2,0,2,0,2,0,0,0,0,2,0,0,2,0,0,2,2
161,-1695.051,6487.154,-129.108,12.368,0,0.79717,-0.33792,47.830,-0.676,-1,375.000,-1,375.000,-1,300.000,300.000,300.000,300.000,-1,550.000,525.000,-1,675.000,700.000,-1,-1,2,0,2,0,2,0,0,0,0,2,0,0,2,0,0,2,2
162,-1648.291,6496.833,-127.973,11.695,0,0.79584,-0.33665,47.750,-0.673,-1,375.000,-1,375.000,-1,300.000,300.000,300.000,300.000,-1,500.000,500.000,-1,700.000,700.000,-1,-1,2,0,2,0,2,0,0,0,0,2,0,0,2,0,0,2,2
163,-1601.496,6505.950,-126.852,11.024,0,0.79459,-0.33524,47.676,-0.670,-1,375.000,-1,375.000,-1,300.000,300.000,325.000,300.000,-1,475.000,450.000,-1,700.000,725.000,-1,-1,2,0,2,0,2,0,0,0,0,2,0,0,2,0,0,2,2
164,-1554.665,6514.509,-125.743,10.357,0,0.79344,-0.33370,47.606,-0.667,-1,375.000,-1,375.000,-1,300.000,300.000,325.000,300.000,-1,425.000,425.000,-1,725.000,725.000,-1,-1,2,0,2,0,2,0,0,0,0,2,0,0,2,0,0,2,2
165,-1507.801,6522.513,-124.647,9.693,0,0.79238,-0.33202,47.543,-0.664,-1,375.000,-1,375.000,-1,325.000,325.000,325.000,300.000,-1,400.000,375.000,-1,725.000,725.000,-1,-1,2,0,2,0,2,0,0,0,0,2,0,0,2,0,0,2,2
166,-1460.905,6529.968,-123.537,9.032,0,0.79142,-0.33022,47.485,-0.660,-1,375.000,-1,400.000,-1,325.000,325.000,300.000,300.000,-1,350.000,350.000,-1,750.000,750.000,-1,-1,2,0,2,0,2,0,0,0,0,2,0,0,2,0,0,2,2
167,-1413.977,6536.878,-122.421,8.376,0,0.79056,-0.32829,47.434,-0.657,-1,400.000,-1,400.000,-1,325.000,325.000,300.000,300.000,-1,325.000,325.000,-1,750.000,750.000,-1,-1,2,0,2,0,2,0,0,0,0,2,0,0,2,0,0,2,2
168,-1367.018,6543.246,-121.320,7.723,0,0.78981,-0.32624,47.389,-0.652,-1,400.000,-1,400.000,-1,325.000,325.000,300.000,300.000,-1,300.000,300.000,-1,775.000,775.000,-1,-1,2,0,2,0,2,0,0,0,0,2,0,0,2,0,0,2,2
169,-1320.028,6549.078,-119.934,7.075,0,0.78917,-0.32406,47.350,-0.648,-1,400.000,-1,400.000,-1,325.000,325.000,300.000,300.000,-1,300.000,300.000,-1,775.000,800.000,-1,-1,2,0,2,0,2,0,0,0,0,2,0,0,2,0,0,2,2
170,-1273.008,6554.379,-118.340,6.432,0,0.78864,-0.32178,47.319,-0.644,-1,400.000,-1,400.000,-1,325.000,325.000,300.000,300.000,-1,350.000,325.000,-1,800.000,825.000,-1,-1,2,0,2,0,2,0,0,0,0,2,0,0,2,0,0,2,2
171,-1225.955,6559.153,-116.592,5.793,0,0.78823,-0.31937,47.294,-0.639,-1,400.000,-1,400.000,-1,325.000,325.000,300.000,300.000,-1,400.000,375.000,-1,800.000,825.000,-1,-1,2,0,2,0,2,0,0,0,0,2,0,0,2,0,0,2,2
172,-1178.871,6563.404,-114.860,5.159,0,0.78793,-0.31686,47.276,-0.634,-1,400.000,-1,400.000,-1,325.000,325.000,300.000,300.000,-1,450.000,425.000,-1,825.000,825.000,-1,-1,2,0,2,0,2,0,0,0,0,2,0,0,2,0,0,2,2
173,-1131.755,6567.137,-113.145,4.531,0,0.78774,-0.31424,47.264,-0.628,-1,400.000,-1,400.000,-1,325.000,325.000,300.000,300.000,-1,500.000,500.000,-1,825.000,850.000,-1,-1,2,0,2,0,2,0,0,0,0,2,0,0,2,0,0,2,2
174,-1084.605,6570.358,-111.447,3.908,0,0.78767,-0.31151,47.260,-0.623,-1,400.000,-1,400.000,-1,325.000,325.000,300.000,300.000,-1,550.000,550.000,-1,850.000,850.000,-1,-1,2,0,2,0,2,0,0,0,0,2,0,0,2,0,0,2,2
175,-1037.420,6573.071,-109.765,3.290,0,0.78771,-0.30868,47.263,-0.617,-1,400.000,-1,400.000,-1,325.000,325.000,300.000,300.000,-1,625.000,600.000,-1,850.000,850.000,-1,-1,2,0,2,0,2,0,0,0,0,2,0,0,2,0,0,2,2
176,-987.048,6575.634,-107.980,2.913,0,0.84061,-0.18868,50.436,-0.377,-1,400.000,-1,400.000,-1,325.000,325.000,300.000,300.000,-1,675.000,675.000,-1,875.000,850.000,-1,-1,2,0,2,0,2,0,0,0,0,2,0,0,2,0,0,2,2
177,-936.667,6578.077,-106.198,2.776,0,0.84068,-0.06868,50.441,-0.137,-1,400.000,-1,400.000,-1,325.000,325.000,300.000,300.000,-1,750.000,725.000,-1,875.000,875.000,-1,-1,2,0,2,0,2,0,0,0,0,2,0,0,2,0,0,2,2
178,-883.906,6580.730,-104.326,2.878,0,0.88047,0.05132,52.828,0.103,-1,400.000,-1,400.000,-1,325.000,325.000,300.000,300.000,-1,825.000,800.000,-1,900.000,875.000,-1,-1,2,0,2,0,2,0,0,0,0,2,0,0,2,0,0,2,2
179,-831.229,6583.694,-102.443,3.221,0,0.87933,0.17132,52.760,0.343,-1,400.000,-1,400.000,-1,325.000,325.000,300.000,300.000,-1,900.000,875.000,-1,900.000,875.000,-1,-1,2,0,2,0,2,0,0,0,0,2,0,0,2,0,0,2,2
180,-778.682,6587.188,-100.543,3.804,0,0.87772,0.29132,52.663,0.583,-1,425.000,-1,425.000,-1,325.000,325.000,300.000,300.000,-1,975.000,950.000,-1,900.000,875.000,-1,-1,2,0,2,0,2,0,0,0,0,2,0,0,2,1,1,2,2
181,-726.314,6591.425,-98.619,4.626,0,0.87565,0.41132,52.539,0.823,-1,425.000,-1,425.000,-1,350.000,350.000,300.000,300.000,-1,-1,-1,-1,900.000,850.000,-1,-1,2,0,2,0,2,0,0,0,0,2,2,2,2,1,1,2,2
182,-674.178,6596.547,-96.714,5.611,0,0.87312,0.49213,52.387,0.984,-1,425.000,-1,425.000,-1,350.000,350.000,300.000,300.000,-1,-1,-1,-1,875.000,825.000,-1,-1,2,0,2,0,2,0,0,0,0,2,2,2,2,1,1,2,2
183,-618.699,6603.124,-95.211,6.761,0,0.93112,0.57508,55.867,1.150,-1,425.000,-1,425.000,975.000,350.000,350.000,300.000,300.000,-1,-1,-1,-1,850.000,775.000,-1,-1,2,0,2,0,1,0,0,0,0,2,2,2,2,1,1,2,2
184,-562.924,6610.872,-94.133,7.909,0,0.93851,0.57426,56.311,1.149,-1,425.000,-1,425.000,925.000,350.000,350.000,300.000,300.000,-1,-1,-1,-1,825.000,750.000,-1,-1,2,0,2,0,1,0,0,0,0,2,2,2,2,1,1,2,2
185,-506.874,6619.806,-93.008,9.056,0,0.94597,0.57313,56.758,1.146,-1,425.000,-1,425.000,875.000,350.000,350.000,300.000,300.000,-1,-1,-1,-1,825.000,700.000,-1,-1,2,0,2,0,1,0,0,0,0,2,2,2,2,1,1,2,2
186,-450.570,6629.935,-91.835,10.199,0,0.95346,0.57167,57.208,1.143,-1,425.000,-1,425.000,825.000,325.000,325.000,300.000,300.000,-1,-1,-1,-1,800.000,675.000,-1,925.000,2,0,2,0,1,0,0,0,0,2,2,2,2,1,1,2,1
187,-394.036,6641.271,-90.616,11.339,0,0.96099,0.56986,57.659,1.140,-1,425.000,-1,425.000,800.000,325.000,325.000,300.000,300.000,-1,-1,-1,-1,775.000,625.000,-1,850.000,2,0,2,1,1,0,0,0,0,2,2,2,2,1,1,2,1
188,-337.295,6653.823,-89.351,12.474,0,0.96854,0.56766,58.112,1.135,-1,400.000,-1,400.000,775.000,325.000,325.000,300.000,300.000,-1,-1,-1,-1,750.000,600.000,-1,775.000,2,0,2,1,1,0,0,0,0,2,2,2,2,1,1,2,1
189,-280.373,6667.598,-88.040,13.604,0,0.97608,0.56505,58.565,1.130,-1,400.000,-1,375.000,700.000,325.000,325.000,300.000,300.000,-1,-1,-1,-1,750.000,575.000,-1,700.000,2,1,2,1,1,0,1,0,0,2,2,2,2,1,1,2,1
190,-224.428,6682.562,-86.698,14.974,0,0.96520,0.68505,57.912,1.370,-1,400.000,-1,350.000,625.000,325.000,300.000,300.000,300.000,-1,-1,-1,-1,725.000,550.000,-1,625.000,2,1,2,1,1,1,1,0,0,2,2,2,2,1,1,2,1
191,-168.496,6699.180,-85.293,16.548,0,0.97247,0.78680,58.348,1.574,-1,375.000,-1,350.000,550.000,300.000,300.000,300.000,300.000,-1,-1,-1,-1,750.000,500.000,-1,550.000,2,1,2,1,1,1,1,0,0,2,2,2,2,1,1,2,1
192,-111.450,6717.775,-83.804,18.054,0,1.00000,0.75332,60.000,1.507,-1,375.000,-1,325.000,475.000,300.000,275.000,300.000,300.000,-1,-1,-1,-1,750.000,475.000,-1,500.000,2,1,2,1,1,1,1,0,0,2,2,2,2,1,1,2,1
193,-54.902,6737.833,-82.507,19.530,0,1.00000,0.73761,60.000,1.475,-1,375.000,-1,300.000,425.000,300.000,275.000,300.000,300.000,-1,-1,-1,-1,800.000,450.000,-1,425.000,2,1,2,1,1,1,1,0,0,2,2,2,2,1,1,2,1
194,1.124,6759.305,-79.212,20.969,0,1.00000,0.71976,60.000,1.440,-1,375.000,-1,300.000,425.000,300.000,275.000,300.000,325.000,-1,-1,-1,-1,1000.000,450.000,-1,425.000,2,1,2,1,1,1,1,0,0,2,2,2,2,0,1,2,1
195,56.610,6782.138,-75.954,22.368,0,1.00000,0.69958,60.000,1.399,-1,400.000,-1,300.000,425.000,300.000,275.000,300.000,350.000,-1,-1,-1,-1,-1,475.000,-1,425.000,2,1,2,1,1,1,1,0,0,2,2,2,2,2,1,2,1
196,111.540,6806.276,-73.054,23.722,0,1.00000,0.67679,60.000,1.354,-1,400.000,-1,300.000,450.000,300.000,275.000,300.000,350.000,-1,-1,-1,-1,-1,475.000,-1,450.000,2,1,2,1,1,1,1,0,1,2,2,2,2,2,1,2,1
197,165.908,6831.656,-70.094,25.024,0,1.00000,0.65109,60.000,1.302,-1,425.000,-1,325.000,450.000,325.000,275.000,275.000,325.000,-1,-1,-1,-1,-1,500.000,-1,475.000,2,1,2,1,1,1,1,0,1,2,2,2,2,2,1,2,1
198,219.712,6858.210,-66.973,26.268,0,1.00000,0.62208,60.000,1.244,-1,475.000,-1,325.000,-1,350.000,300.000,275.000,325.000,-1,225.000,-1,-1,-1,-1,-1,-1,2,1,2,1,2,1,1,0,1,2,0,2,2,2,2,2,2
199,272.959,6885.865,-64.082,27.447,0,1.00000,0.58931,60.000,1.179,-1,525.000,-1,350.000,-1,375.000,325.000,275.000,325.000,-1,175.000,350.000,-1,-1,-1,-1,-1,2,1,2,1,2,1,1,0,1,2,0,0,2,2,2,2,2
200,325.662,6914.542,-61.426,28.551,0,1.00000,0.55219,60.000,1.104,-1,600.000,-1,375.000,-1,400.000,350.000,275.000,300.000,-1,150.000,325.000,-1,-1,-1,-1,-1,2,0,2,1,2,1,1,0,1,2,0,0,2,2,2,2,2
201,377.847,6944.152,-59.130,29.571,0,1.00000,0.51002,60.000,1.020,-1,600.000,-1,625.000,-1,425.000,375.000,275.000,300.000,-1,125.000,300.000,-1,-1,-1,-1,-1,2,0,2,1,2,1,1,0,1,2,0,0,2,2,2,2,2
202,6231.356,-7543.220,-157.451,48.575,1,0.00000,0.00000,60.000,0.924,-1,400.000,-1,400.000,-1,325.000,325.000,275.000,300.000,-1,-1,-1,-1,750.000,825.000,-1,-1,2,0,2,0,2,0,0,0,0,2,2,2,2,0,0,2,2
203,6234.517,-7539.608,-157.503,48.815,0,0.08000,0.12000,4.800,0.240,-1,400.000,-1,400.000,-1,325.000,325.000,275.000,300.000,-1,-1,-1,-1,725.000,825.000,-1,-1,2,0,2,0,2,0,0,0,0,2,2,2,2,0,0,2,2
204,6240.778,-7532.330,-157.610,49.295,0,0.16000,0.24000,9.600,0.480,-1,400.000,-1,400.000,-1,325.000,325.000,275.000,300.000,-1,-1,-1,-1,725.000,825.000,-1,-1,2,0,2,0,2,0,0,0,0,2,2,2,2,0,0,2,2
205,6250.031,-7521.297,-157.783,50.015,0,0.24000,0.36000,14.400,0.720,-1,400.000,-1,400.000,-1,325.000,325.000,275.000,300.000,-1,-1,-1,-1,725.000,825.000,-1,-1,2,0,2,0,2,0,0,0,0,2,2,2,2,0,0,2,2
206,6262.136,-7506.393,-158.124,50.916,0,0.32000,0.45089,19.200,0.902,-1,400.000,-1,400.000,-1,325.000,325.000,275.000,300.000,-1,-1,-1,-1,725.000,825.000,-1,-1,2,0,2,0,2,0,0,0,0,2,2,2,2,0,0,2,2
207,6276.973,-7487.529,-158.570,51.814,0,0.40000,0.44890,24.000,0.898,-1,400.000,-1,400.000,-1,325.000,325.000,275.000,300.000,-1,-1,-1,-1,725.000,825.000,-1,-1,2,0,2,0,2,0,0,0,0,2,2,2,2,0,0,2,2
208,6294.422,-7464.617,-159.127,52.707,0,0.48000,0.44643,28.800,0.893,-1,400.000,-1,400.000,-1,325.000,325.000,275.000,300.000,-1,-1,-1,-1,725.000,800.000,-1,-1,2,0,2,0,2,0,0,0,0,2,2,2,2,0,0,2,2
209,6314.364,-7437.575,-159.758,53.594,0,0.56000,0.44349,33.600,0.887,-1,400.000,-1,400.000,-1,325.000,325.000,275.000,300.000,-1,-1,-1,-1,725.000,800.000,-1,-1,2,0,2,0,2,0,0,0,0,2,2,2,2,0,0,2,2
210,6336.732,-7406.362,-160.422,54.373,0,0.64000,0.38939,38.400,0.779,-1,375.000,-1,400.000,-1,325.000,325.000,275.000,300.000,-1,-1,-1,-1,725.000,800.000,-1,-1,2,0,2,0,2,0,0,0,0,2,2,2,2,0,0,2,2
211,6361.419,-7370.911,-161.206,55.149,0,0.72000,0.38798,43.200,0.776,-1,375.000,-1,400.000,-1,325.000,325.000,275.000,300.000,-1,-1,-1,-1,725.000,800.000,-1,-1,2,0,2,0,2,0,0,0,0,2,2,2,2,0,0,2,2
212,6388.314,-7331.154,-162.121,55.922,0,0.80000,0.38662,48.000,0.773,-1,375.000,-1,400.000,-1,325.000,325.000,300.000,300.000,-1,-1,-1,-1,725.000,775.000,-1,-1,2,0,2,0,2,0,0,0,0,2,2,2,2,0,0,2,2
213,6417.308,-7287.027,-163.093,56.693,0,0.88000,0.38539,52.800,0.771,-1,375.000,-1,400.000,-1,325.000,325.000,300.000,300.000,-1,-1,-1,-1,725.000,775.000,-1,-1,2,0,2,0,2,0,0,0,0,2,2,2,2,0,0,2,2
214,6445.989,-7242.072,-164.024,57.462,0,0.88874,0.38436,53.325,0.769,-1,375.000,-1,400.000,-1,325.000,325.000,300.000,300.000,-1,-1,-1,-1,725.000,775.000,-1,-1,2,0,2,0,2,0,0,0,0,2,2,2,2,0,0,2,2
215,6474.035,-7196.789,-165.007,58.229,0,0.88775,0.38366,53.265,0.767,-1,375.000,-1,400.000,-1,325.000,325.000,300.000,300.000,-1,-1,-1,-1,725.000,775.000,-1,-1,2,0,2,0,2,0,0,0,0,2,2,2,2,0,0,2,2
216,6501.439,-7151.188,-166.042,58.996,0,0.88669,0.38330,53.201,0.767,-1,375.000,-1,400.000,-1,325.000,325.000,300.000,300.000,-1,-1,-1,-1,725.000,750.000,-1,-1,2,0,2,0,2,0,0,0,0,2,2,2,2,0,0,2,2
217,6528.198,-7105.281,-166.932,59.762,0,0.88561,0.38329,53.137,0.767,-1,375.000,-1,400.000,-1,325.000,325.000,300.000,300.000,-1,-1,-1,-1,725.000,750.000,-1,-1,2,0,2,0,2,0,0,0,0,2,2,2,2,0,0,2,2
218,6555.169,-7058.018,-167.836,60.289,0,0.90696,0.26329,54.418,0.527,-1,375.000,-1,400.000,-1,325.000,325.000,300.000,300.000,-1,-1,-1,-1,700.000,750.000,-1,-1,2,0,2,0,2,0,0,0,0,2,2,2,2,0,0,2,2
219,6581.876,-7010.668,-168.599,60.575,0,0.90604,0.14329,54.363,0.287,-1,375.000,-1,400.000,-1,325.000,325.000,300.000,300.000,-1,-1,-1,-1,700.000,750.000,-1,-1,2,0,2,0,2,0,0,0,0,2,2,2,2,0,0,2,2
220,6608.523,-6963.335,-169.378,60.622,0,0.90530,0.02329,54.318,0.047,-1,375.000,-1,400.000,-1,325.000,325.000,300.000,300.000,-1,-1,-1,-1,700.000,750.000,-1,-1,2,0,2,0,2,0,0,0,0,2,2,2,2,0,0,2,2
221,6635.314,-6916.121,-170.221,60.428,0,0.90475,-0.09671,54.285,-0.193,-1,400.000,-1,400.000,-1,325.000,325.000,300.000,300.000,-1,-1,-1,-1,725.000,750.000,-1,-1,2,0,2,0,2,0,0,0,0,2,2,2,2,0,0,2,2
222,6662.449,-6869.130,-171.121,59.995,0,0.90438,-0.21671,54.263,-0.433,-1,400.000,-1,400.000,-1,325.000,325.000,300.000,300.000,-1,-1,-1,-1,725.000,750.000,-1,-1,2,0,2,0,2,0,0,0,0,2,2,2,2,0,0,2,2
223,6690.126,-6822.469,-172.077,59.326,0,0.90419,-0.33448,54.251,-0.669,-1,400.000,-1,400.000,-1,325.000,325.000,300.000,300.000,-1,-1,-1,-1,725.000,750.000,-1,-1,2,0,2,0,2,0,0,0,0,2,2,2,2,0,0,2,2
224,6718.341,-6776.135,-173.082,58.660,0,0.90415,-0.33281,54.249,-0.666,-1,400.000,-1,400.000,-1,325.000,325.000,300.000,300.000,-1,-1,-1,-1,725.000,775.000,-1,-1,2,0,2,0,2,0,0,0,0,2,2,2,2,0,0,2,2
225,6747.091,-6730.129,-174.007,57.998,0,0.90418,-0.33102,54.251,-0.662,-1,375.000,-1,400.000,-1,325.000,325.000,300.000,300.000,-1,-1,-1,-1,725.000,750.000,-1,-1,2,0,2,0,2,0,0,0,0,2,2,2,2,0,0,2,2
226,6776.370,-6684.451,-174.887,57.340,0,0.90427,-0.32911,54.256,-0.658,-1,375.000,-1,400.000,-1,325.000,325.000,300.000,300.000,-1,-1,-1,-1,725.000,750.000,-1,-1,2,0,2,0,2,0,0,0,0,2,2,2,2,0,0,2,2
227,6806.175,-6639.102,-175.771,56.686,0,0.90444,-0.32708,54.266,-0.654,-1,375.000,-1,400.000,-1,325.000,325.000,300.000,300.000,-1,-1,-1,-1,725.000,750.000,-1,-1,2,0,2,0,2,0,0,0,0,2,2,2,2,0,0,2,2
228,6836.500,-6594.083,-176.568,56.036,0,0.90467,-0.32493,54.280,-0.650,-1,375.000,-1,400.000,-1,325.000,325.000,300.000,300.000,-1,-1,-1,-1,725.000,750.000,-1,-1,2,0,2,0,2,0,0,0,0,2,2,2,2,0,0,2,2
229,6867.340,-6549.392,-177.407,55.391,0,0.90498,-0.32266,54.299,-0.645,-1,375.000,-1,400.000,-1,325.000,325.000,300.000,300.000,-1,-1,-1,-1,725.000,750.000,-1,-1,2,0,2,0,2,0,0,0,0,2,2,2,2,0,0,2,2
230,6898.692,-6505.030,-178.238,54.750,0,0.90537,-0.32027,54.322,-0.641,-1,375.000,-1,400.000,-1,325.000,325.000,300.000,300.000,-1,-1,-1,-1,725.000,750.000,-1,-1,2,0,2,0,2,0,0,0,0,2,2,2,2,0,0,2,2
231,6930.550,-6460.996,-178.947,54.115,0,0.90584,-0.31777,54.350,-0.636,-1,375.000,-1,400.000,-1,325.000,325.000,300.000,300.000,-1,-1,-1,-1,725.000,750.000,-1,-1,2,0,2,0,2,0,0,0,0,2,2,2,2,0,0,2,2
232,6962.910,-6417.288,-179.554,53.484,0,0.90639,-0.31516,54.383,-0.630,-1,375.000,-1,400.000,-1,325.000,325.000,300.000,300.000,-1,-1,-1,-1,750.000,750.000,-1,-1,2,0,2,0,2,0,0,0,0,2,2,2,2,0,0,2,2
233,6995.768,-6373.906,-180.213,52.860,0,0.90702,-0.31244,54.421,-0.625,-1,375.000,-1,400.000,-1,325.000,325.000,300.000,300.000,-1,-1,-1,-1,750.000,725.000,-1,-1,2,0,2,0,2,0,0,0,0,2,2,2,2,0,0,2,2
234,7029.120,-6330.847,-180.892,52.240,0,0.90774,-0.30961,54.464,-0.619,-1,375.000,-1,400.000,-1,325.000,325.000,300.000,300.000,-1,-1,-1,-1,750.000,725.000,-1,-1,2,0,2,0,2,0,0,0,0,2,2,2,2,0,0,2,2
235,7062.954,-6288.120,-181.503,51.626,0,0.90834,-0.30738,54.501,-0.615,-1,400.000,-1,400.000,-1,325.000,325.000,300.000,300.000,-1,-1,-1,-1,750.000,750.000,-1,-1,2,0,2,0,2,0,0,0,0,2,2,2,2,0,0,2,2
236,7097.244,-6245.759,-182.171,51.011,0,0.90834,-0.30738,54.501,-0.615,-1,400.000,-1,400.000,-1,325.000,325.000,300.000,300.000,-1,-1,-1,-1,775.000,750.000,-1,-1,2,0,2,0,2,0,0,0,0,2,2,2,2,0,0,2,2
237,7131.987,-6203.768,-182.897,50.396,0,0.90834,-0.30738,54.501,-0.615,-1,400.000,-1,400.000,-1,325.000,325.000,300.000,300.000,-1,-1,-1,-1,775.000,750.000,-1,-1,2,0,2,0,2,0,0,0,0,2,2,2,2,0,0,2,2
238,7167.178,-6162.152,-183.579,49.781,0,0.90834,-0.30738,54.501,-0.615,-1,400.000,-1,400.000,-1,325.000,325.000,300.000,300.000,-1,-1,-1,-1,775.000,750.000,-1,-1,2,0,2,0,2,0,0,0,0,2,2,2,2,0,0,2,2
239,7202.814,-6120.916,-184.062,49.167,0,0.90834,-0.30738,54.501,-0.615,-1,400.000,-1,400.000,-1,325.000,325.000,300.000,300.000,-1,-1,-1,-1,775.000,750.000,-1,-1,2,0,2,0,2,0,0,0,0,2,2,2,2,0,0,2,2
240,7238.890,-6080.065,-184.594,48.552,0,0.90834,-0.30738,54.501,-0.615,-1,400.000,-1,400.000,-1,325.000,325.000,300.000,300.000,-1,-1,-1,-1,775.000,775.000,-1,-1,2,0,2,0,2,0,0,0,0,2,2,2,2,0,0,2,2
241,7275.403,-6039.604,-185.177,47.937,0,0.90834,-0.30738,54.501,-0.615,-1,400.000,-1,400.000,-1,325.000,325.000,300.000,300.000,-1,-1,-1,-1,800.000,775.000,-1,-1,2,0,2,0,2,0,0,0,0,2,2,2,2,0,0,2,2
242,7312.347,-5999.536,-185.789,47.322,0,0.90834,-0.30738,54.501,-0.615,-1,400.000,-1,400.000,-1,325.000,325.000,300.000,300.000,-1,-1,-1,-1,800.000,775.000,-1,-1,2,0,2,0,2,0,0,0,0,2,2,2,2,0,0,2,2
243,7349.720,-5959.867,-186.429,46.707,0,0.90834,-0.30738,54.501,-0.615,-1,400.000,-1,400.000,-1,325.000,325.000,300.000,300.000,-1,-1,-1,-1,800.000,775.000,-1,-1,2,0,2,0,2,0,0,0,0,2,2,2,2,0,0,2,2
244,7387.515,-5920.602,-187.122,46.093,0,0.90834,-0.30738,54.501,-0.615,-1,400.000,-1,400.000,-1,325.000,325.000,300.000,300.000,-1,-1,-1,-1,800.000,750.000,-1,-1,2,0,2,0,2,0,0,0,0,2,2,2,2,0,0,2,2
245,7425.730,-5881.744,-187.865,45.478,0,0.90834,-0.30738,54.501,-0.615,-1,400.000,-1,400.000,-1,325.000,325.000,300.000,300.000,-1,-1,-1,-1,800.000,750.000,-1,-1,2,0,2,0,2,0,0,0,0,2,2,2,2,0,0,2,2
246,7464.360,-5843.298,-188.659,44.863,0,0.90834,-0.30738,54.501,-0.615,-1,400.000,-1,400.000,-1,325.000,325.000,300.000,300.000,-1,-1,-1,-1,800.000,750.000,-1,-1,2,0,2,0,2,0,0,0,0,2,2,2,2,0,0,2,2
247,7503.400,-5805.269,-189.382,44.248,0,0.90834,-0.30738,54.501,-0.615,-1,400.000,-1,400.000,-1,325.000,325.000,300.000,300.000,-1,-1,-1,-1,800.000,750.000,-1,-1,2,0,2,0,2,0,0,0,0,2,2,2,2,0,0,2,2
248,7539.515,-5771.125,-189.961,43.394,0,0.82834,-0.42738,49.701,-0.855,-1,400.000,-1,400.000,-1,325.000,325.000,300.000,300.000,-1,-1,-1,-1,800.000,750.000,-1,-1,2,0,2,0,2,0,0,0,0,2,2,2,2,0,0,2,2
249,7575.089,-5738.756,-190.573,42.299,0,0.80161,-0.54738,48.097,-1.095,-1,400.000,-1,400.000,-1,325.000,325.000,300.000,300.000,-1,-1,-1,-1,825.000,750.000,-1,-1,2,0,2,0,2,0,0,0,0,2,2,2,2,0,0,2,2
250,7611.406,-5707.222,-191.239,40.968,0,0.80161,-0.66542,48.097,-1.331,-1,400.000,-1,400.000,-1,325.000,325.000,300.000,300.000,-1,-1,-1,-1,825.000,725.000,-1,-1,2,0,2,0,2,0,0,0,0,2,2,2,2,0,0,2,2
251,7648.445,-5676.539,-191.890,39.637,0,0.80161,-0.66542,48.097,-1.331,-1,400.000,-1,400.000,-1,325.000,325.000,300.000,300.000,-1,-1,-1,-1,800.000,725.000,-1,-1,2,0,2,0,2,0,0,0,0,2,2,2,2,0,0,2,2
252,7686.187,-5646.726,-192.537,38.306,0,0.80161,-0.66542,48.097,-1.331,-1,400.000,-1,400.000,-1,325.000,325.000,300.000,300.000,-1,-1,-1,-1,800.000,725.000,-1,-1,2,0,2,0,2,0,0,0,0,2,2,2,2,0,0,2,2
253,7724.612,-5617.797,-193.242,36.975,0,0.80161,-0.66542,48.097,-1.331,-1,400.000,-1,375.000,-1,325.000,325.000,300.000,300.000,-1,-1,-1,-1,800.000,725.000,-1,-1,2,0,2,0,2,0,0,0,0,2,2,2,2,0,0,2,2
254,7763.697,-5589.768,-194.023,35.645,0,0.80161,-0.66542,48.097,-1.331,-1,400.000,-1,375.000,-1,325.000,325.000,300.000,300.000,-1,-1,-1,-1,800.000,700.000,-1,-1,2,0,2,0,2,0,0,0,0,2,2,2,2,0,0,2,2
255,7803.424,-5562.655,-194.800,34.314,0,0.80161,-0.66542,48.097,-1.331,-1,400.000,-1,375.000,-1,325.000,325.000,300.000,300.000,-1,-1,-1,-1,775.000,700.000,-1,-1,2,0,2,0,2,0,0,0,0,2,2,2,2,0,0,2,2
256,7843.769,-5536.471,-195.429,32.983,0,0.80161,-0.66542,48.097,-1.331,-1,400.000,-1,375.000,-1,325.000,325.000,300.000,300.000,-1,-1,-1,-1,775.000,700.000,-1,-1,2,0,2,0,2,0,0,0,0,2,2,2,2,0,0,2,2
257,7884.711,-5511.232,-196.090,31.652,0,0.80161,-0.66542,48.097,-1.331,-1,400.000,-1,375.000,-1,325.000,325.000,300.000,300.000,-1,-1,-1,-1,775.000,700.000,-1,-1,2,0,2,0,2,0,0,0,0,2,2,2,2,0,0,2,2
258,7926.229,-5486.950,-196.785,30.321,0,0.80161,-0.66542,48.097,-1.331,-1,400.000,-1,375.000,-1,325.000,325.000,300.000,300.000,-1,-1,-1,-1,775.000,700.000,-1,-1,2,0,2,0,2,0,0,0,0,2,2,2,2,0,0,2,2
259,7968.299,-5463.640,-197.477,28.990,0,0.80161,-0.66542,48.097,-1.331,-1,400.000,-1,375.000,-1,325.000,325.000,300.000,300.000,-1,-1,-1,-1,775.000,700.000,-1,-1,2,0,2,0,2,0,0,0,0,2,2,2,2,0,0,2,2
260,8010.899,-5441.312,-198.133,27.660,0,0.80161,-0.66542,48.097,-1.331,-1,400.000,-1,375.000,-1,325.000,325.000,300.000,300.000,-1,-1,-1,-1,775.000,700.000,-1,-1,2,0,2,0,2,0,0,0,0,2,2,2,2,0,0,2,2
261,8054.007,-5419.980,-198.674,26.329,0,0.80161,-0.66542,48.097,-1.331,-1,400.000,-1,375.000,-1,325.000,325.000,300.000,300.000,-1,-1,-1,-1,775.000,700.000,-1,-1,2,0,2,0,2,0,0,0,0,2,2,2,2,0,0,2,2
262,8097.598,-5399.655,-199.098,24.998,0,0.80161,-0.66542,48.097,-1.331,-1,400.000,-1,375.000,-1,325.000,325.000,300.000,300.000,-1,-1,-1,-1,775.000,725.000,-1,-1,2,0,2,0,2,0,0,0,0,2,2,2,2,0,0,2,2
263,8141.650,-5380.348,-199.554,23.667,0,0.80161,-0.66542,48.097,-1.331,-1,400.000,-1,375.000,-1,325.000,325.000,300.000,300.000,-1,-1,-1,-1,775.000,725.000,-1,-1,2,0,2,0,2,0,0,0,0,2,2,2,2,0,0,2,2
264,8186.138,-5362.069,-200.039,22.336,0,0.80161,-0.66542,48.097,-1.331,-1,400.000,-1,375.000,-1,325.000,325.000,300.000,300.000,-1,-1,-1,-1,800.000,725.000,-1,-1,2,0,2,0,2,0,0,0,0,2,2,2,2,0,0,2,2
265,8231.038,-5344.829,-200.550,21.005,0,0.80161,-0.66542,48.097,-1.331,-1,400.000,-1,375.000,-1,325.000,325.000,300.000,300.000,-1,-1,-1,-1,800.000,725.000,-1,-1,2,0,2,0,2,0,0,0,0,2,2,2,2,0,0,2,2
266,8276.327,-5328.636,-201.084,19.675,0,0.80161,-0.66542,48.097,-1.331,-1,400.000,-1,375.000,-1,325.000,325.000,300.000,300.000,-1,875.000,-1,-1,800.000,725.000,-1,-1,2,0,2,0,2,0,0,0,0,2,0,2,2,0,0,2,2
267,8321.980,-5313.499,-201.637,18.344,0,0.80161,-0.66542,48.097,-1.331,-1,400.000,-1,375.000,-1,325.000,325.000,300.000,300.000,-1,775.000,-1,-1,800.000,725.000,-1,-1,2,0,2,0,2,0,0,0,0,2,0,2,2,0,0,2,2
268,8367.972,-5299.426,-202.207,17.013,0,0.80161,-0.66542,48.097,-1.331,-1,400.000,-1,375.000,-1,325.000,325.000,300.000,300.000,-1,700.000,900.000,-1,825.000,750.000,-1,-1,2,0,2,0,2,0,0,0,0,2,0,0,2,0,0,2,2
269,8414.279,-5286.426,-202.790,15.682,0,0.80161,-0.66542,48.097,-1.331,-1,400.000,-1,400.000,-1,325.000,325.000,300.000,300.000,-1,650.000,825.000,-1,825.000,750.000,-1,-1,2,0,2,0,2,0,0,0,0,2,0,0,2,0,0,2,2
270,8460.875,-5274.504,-203.303,14.351,0,0.80161,-0.66542,48.097,-1.331,-1,400.000,-1,400.000,-1,325.000,325.000,300.000,300.000,-1,625.000,775.000,-1,825.000,750.000,-1,-1,2,0,2,0,2,0,0,0,0,2,0,0,2,0,0,2,2
271,8507.735,-5263.668,-203.665,13.020,0,0.80161,-0.66542,48.097,-1.331,-1,400.000,-1,400.000,-1,325.000,325.000,300.000,300.000,-1,575.000,750.000,-1,825.000,750.000,-1,-1,2,0,2,0,2,0,0,0,0,2,0,0,2,0,0,2,2
272,8554.834,-5253.924,-204.033,11.689,0,0.80161,-0.66542,48.097,-1.331,-1,400.000,-1,400.000,-1,325.000,325.000,300.000,300.000,-1,550.000,750.000,-1,825.000,750.000,-1,-1,2,0,2,0,2,0,0,0,0,2,0,0,2,0,0,2,2
273,8602.147,-5245.275,-204.177,10.359,0,0.80161,-0.66542,48.097,-1.331,-1,400.000,-1,400.000,-1,325.000,325.000,300.000,300.000,-1,575.000,775.000,-1,825.000,750.000,-1,-1,2,0,2,0,2,0,0,0,0,2,0,0,2,0,0,2,2
274,8649.648,-5237.728,-204.270,9.028,0,0.80161,-0.66542,48.097,-1.331,-1,400.000,-1,400.000,-1,325.000,325.000,300.000,300.000,-1,625.000,825.000,-1,825.000,750.000,-1,-1,2,0,2,0,2,0,0,0,0,2,0,0,2,0,0,2,2
275,8697.312,-5231.287,-204.349,7.697,0,0.80161,-0.66542,48.097,-1.331,-1,400.000,-1,400.000,-1,325.000,325.000,300.000,300.000,-1,675.000,875.000,-1,825.000,750.000,-1,-1,2,0,2,0,2,0,0,0,0,2,0,0,2,0,0,2,2
276,8745.112,-5225.954,-204.410,6.366,0,0.80161,-0.66542,48.097,-1.331,-1,400.000,-1,400.000,-1,325.000,325.000,300.000,300.000,-1,700.000,900.000,-1,800.000,750.000,-1,-1,2,0,2,0,2,0,0,0,0,2,0,0,2,0,0,2,2
277,8793.023,-5221.732,-204.449,5.035,0,0.80161,-0.66542,48.097,-1.331,-1,400.000,-1,400.000,-1,325.000,325.000,300.000,300.000,-1,750.000,950.000,-1,800.000,750.000,-1,-1,2,0,2,0,2,0,0,0,0,2,0,0,2,0,0,2,2
278,8841.020,-5218.625,-204.464,3.704,0,0.80161,-0.66542,48.097,-1.331,-1,400.000,-1,375.000,-1,325.000,325.000,300.000,300.000,-1,800.000,975.000,-1,800.000,750.000,-1,-1,2,0,2,0,2,0,0,0,0,2,0,0,2,0,0,2,2
279,8888.407,-5216.578,-204.453,2.473,0,0.79053,-0.61556,47.432,-1.231,-1,400.000,-1,375.000,-1,325.000,325.000,300.000,300.000,-1,825.000,1000.000,-1,800.000,750.000,-1,-1,2,0,2,0,2,0,0,0,0,2,0,0,2,0,0,2,2
280,8935.828,-5215.549,-204.413,1.242,0,0.79053,-0.61556,47.432,-1.231,-1,400.000,-1,400.000,-1,325.000,325.000,300.000,300.000,-1,850.000,-1,-1,800.000,775.000,-1,-1,2,0,2,0,2,0,0,0,0,2,0,2,2,0,0,2,2
281,8983.259,-5215.540,-204.341,0.011,0,0.79053,-0.61556,47.432,-1.231,-1,400.000,-1,400.000,-1,325.000,325.000,300.000,300.000,-1,900.000,-1,-1,800.000,775.000,-1,-1,2,0,2,0,2,0,0,0,0,2,0,2,2,0,0,2,2
282,9030.680,-5216.550,-204.233,-1.220,0,0.79053,-0.61556,47.432,-1.231,-1,400.000,-1,400.000,-1,325.000,325.000,300.000,300.000,-1,925.000,-1,-1,800.000,775.000,-1,-1,2,0,2,0,2,0,0,0,0,2,0,2,2,0,0,2,2
283,9078.069,-5218.579,-204.086,-2.451,0,0.79053,-0.61556,47.432,-1.231,-1,400.000,-1,400.000,-1,325.000,325.000,300.000,300.000,-1,950.000,-1,-1,800.000,775.000,-1,-1,2,0,2,0,2,0,0,0,0,2,0,2,2,0,0,2,2
284,9125.402,-5221.625,-203.897,-3.682,0,0.79053,-0.61556,47.432,-1.231,-1,400.000,-1,400.000,-1,325.000,325.000,300.000,300.000,-1,975.000,-1,-1,800.000,775.000,-1,-1,2,0,2,0,2,0,0,0,0,2,0,2,2,0,0,2,2
285,9172.660,-5225.688,-203.684,-4.913,0,0.79053,-0.61556,47.432,-1.231,-1,400.000,-1,400.000,-1,325.000,325.000,300.000,300.000,-1,1000.000,-1,-1,800.000,775.000,-1,-1,2,0,2,0,2,0,0,0,0,2,0,2,2,0,0,2,2
286,9219.819,-5230.765,-203.503,-6.145,0,0.79053,-0.61556,47.432,-1.231,-1,400.000,-1,400.000,-1,325.000,325.000,300.000,300.000,-1,-1,-1,-1,800.000,800.000,-1,-1,2,0,2,0,2,0,0,0,0,2,2,2,2,0,0,2,2
287,9266.858,-5236.854,-203.444,-7.376,0,0.79053,-0.61556,47.432,-1.231,-1,400.000,-1,400.000,-1,325.000,325.000,300.000,300.000,-1,-1,-1,-1,775.000,800.000,-1,-1,2,0,2,0,2,0,0,0,0,2,2,2,2,0,0,2,2
288,9313.756,-5243.952,-203.347,-8.607,0,0.79053,-0.61556,47.432,-1.231,-1,400.000,-1,400.000,-1,325.000,325.000,300.000,300.000,-1,-1,-1,-1,775.000,800.000,-1,-1,2,0,2,0,2,0,0,0,0,2,2,2,2,0,0,2,2
289,9360.490,-5252.056,-203.212,-9.838,0,0.79053,-0.61556,47.432,-1.231,-1,400.000,-1,400.000,-1,325.000,325.000,300.000,300.000,-1,-1,-1,-1,775.000,800.000,-1,-1,2,0,2,0,2,0,0,0,0,2,2,2,2,0,0,2,2
290,9407.040,-5261.163,-203.037,-11.069,0,0.79053,-0.61556,47.432,-1.231,-1,400.000,-1,400.000,-1,325.000,325.000,300.000,300.000,-1,-1,-1,-1,775.000,825.000,-1,-1,2,0,2,0,2,0,0,0,0,2,2,2,2,0,0,2,2
291,9453.382,-5271.267,-202.844,-12.300,0,0.79053,-0.61556,47.432,-1.231,-1,400.000,-1,400.000,-1,325.000,325.000,300.000,300.000,-1,-1,-1,-1,775.000,825.000,-1,-1,2,0,2,0,2,0,0,0,0,2,2,2,2,0,0,2,2
292,9499.498,-5282.365,-202.673,-13.531,0,0.79053,-0.61556,47.432,-1.231,-1,400.000,-1,400.000,-1,325.000,325.000,300.000,300.000,-1,-1,-1,-1,775.000,825.000,-1,-1,2,0,2,0,2,0,0,0,0,2,2,2,2,0,0,2,2
293,9544.946,-5294.138,-202.471,-14.522,0,0.78247,-0.49556,46.948,-0.991,-1,400.000,-1,400.000,-1,325.000,325.000,300.000,300.000,-1,-1,-1,-1,775.000,825.000,-1,-1,2,0,2,0,2,0,0,0,0,2,2,2,2,0,0,2,2
294,9590.236,-5306.505,-202.239,-15.274,0,0.78247,-0.37556,46.948,-0.751,-1,400.000,-1,400.000,-1,325.000,325.000,300.000,300.000,-1,-1,-1,-1,750.000,825.000,-1,-1,2,0,2,0,2,0,0,0,0,2,2,2,2,0,0,2,2
295,9635.414,-5319.276,-201.982,-15.785,0,0.78247,-0.25556,46.948,-0.511,-1,400.000,-1,400.000,-1,325.000,325.000,300.000,300.000,-1,-1,-1,-1,750.000,825.000,-1,-1,2,0,2,0,2,0,0,0,0,2,2,2,2,0,0,2,2
296,9680.531,-5332.261,-201.704,-16.056,0,0.78247,-0.13556,46.948,-0.271,-1,400.000,-1,400.000,-1,325.000,325.000,300.000,300.000,-1,-1,-1,-1,750.000,825.000,-1,-1,2,0,2,0,2,0,0,0,0,2,2,2,2,0,0,2,2
297,9725.641,-5345.270,-201.412,-16.087,0,0.78247,-0.01556,46.948,-0.031,-1,400.000,-1,400.000,-1,325.000,325.000,300.000,300.000,-1,-1,-1,-1,750.000,825.000,-1,-1,2,0,2,0,2,0,0,0,0,2,2,2,2,0,0,2,2
298,9770.798,-5358.115,-201.117,-15.878,0,0.78247,0.10444,46.948,0.209,-1,400.000,-1,400.000,-1,325.000,325.000,300.000,300.000,-1,-1,-1,-1,750.000,825.000,-1,-1,2,0,2,0,2,0,0,0,0,2,2,2,2,0,0,2,2
299,9816.055,-5370.605,-200.782,-15.429,0,0.78247,0.22444,46.948,0.449,-1,375.000,-1,400.000,-1,325.000,325.000,300.000,325.000,-1,-1,-1,-1,725.000,825.000,-1,-1,2,0,2,0,2,0,0,0,0,2,2,2,2,0,0,2,2
