timestep,x_cm,y_cm,z_cm,yaw_deg,teleport_flag,throttle_cmd,steering_cmd,cmd_move_cm,cmd_turn_deg,lidar_cm_0,lidar_cm_1,lidar_cm_2,lidar_cm_3,lidar_cm_4,lidar_cm_5,lidar_cm_6,lidar_cm_7,lidar_cm_8,lidar_cm_9,lidar_cm_10,lidar_cm_11,lidar_cm_12,lidar_cm_13,lidar_cm_14,lidar_cm_15,lidar_cm_16,lidar_class_0,lidar_class_1,lidar_class_2,lidar_class_3,lidar_class_4,lidar_class_5,lidar_class_6,lidar_class_7,lidar_class_8,lidar_class_9,lidar_class_10,lidar_class_11,lidar_class_12,lidar_class_13,lidar_class_14,lidar_class_15,lidar_class_16
0,-1635.631,-325.642,-81.761,28.957,1,0.08000,-0.12000,4.800,-0.240,-1,400.000,-1,400.000,-1,325.000,325.000,300.000,300.000,-1,-1,-1,-1,775.000,800.000,-1,-1,2,0,2,0,2,0,0,0,0,2,2,2,2,0,0,2,2
1,-1627.198,-321.054,-82.043,28.550,0,0.16000,-0.20329,9.600,-0.407,-1,400.000,-1,400.000,-1,325.000,325.000,300.000,300.000,-1,-1,-1,-1,775.000,800.000,-1,-1,2,0,2,0,2,0,0,0,0,2,2,2,2,0,0,2,2
2,-1614.501,-314.262,-82.468,28.144,0,0.24000,-0.20329,14.400,-0.407,-1,400.000,-1,400.000,-1,325.000,325.000,300.000,300.000,-1,-1,-1,-1,750.000,775.000,-1,-1,2,0,2,0,2,0,0,0,0,2,2,2,2,0,0,2,2
3,-1597.507,-305.326,-83.041,27.737,0,0.32000,-0.20329,19.200,-0.407,-1,400.000,-1,400.000,-1,325.000,325.000,300.000,300.000,-1,-1,-1,-1,750.000,775.000,-1,-1,2,0,2,0,2,0,0,0,0,2,2,2,2,0,0,2,2
4,-1576.186,-294.307,-83.766,27.331,0,0.40000,-0.20329,24.000,-0.407,-1,400.000,-1,400.000,-1,325.000,325.000,300.000,300.000,-1,-1,-1,-1,750.000,775.000,-1,-1,2,0,2,0,2,0,0,0,0,2,2,2,2,0,0,2,2
5,-1550.508,-281.266,-84.649,26.924,0,0.48000,-0.20329,28.800,-0.407,-1,400.000,-1,400.000,-1,325.000,325.000,300.000,300.000,-1,-1,-1,-1,750.000,775.000,-1,-1,2,0,2,0,2,0,0,0,0,2,2,2,2,0,0,2,2
6,-1520.442,-266.265,-85.694,26.517,0,0.56000,-0.20329,33.600,-0.407,-1,400.000,-1,400.000,-1,325.000,325.000,300.000,300.000,-1,-1,-1,-1,750.000,775.000,-1,-1,2,0,2,0,2,0,0,0,0,2,2,2,2,0,0,2,2
7,-1485.961,-249.364,-86.902,26.111,0,0.64000,-0.20329,38.400,-0.407,-1,400.000,-1,400.000,-1,325.000,325.000,300.000,300.000,-1,-1,-1,-1,725.000,750.000,-1,-1,2,0,2,0,2,0,0,0,0,2,2,2,2,0,0,2,2
8,-1447.036,-230.627,-88.300,25.704,0,0.72000,-0.20329,43.200,-0.407,-1,400.000,-1,400.000,-1,325.000,325.000,300.000,300.000,-1,-1,-1,-1,725.000,750.000,-1,-1,2,0,2,0,2,0,0,0,0,2,2,2,2,0,0,2,2
9,-1403.639,-210.116,-90.038,25.298,0,0.80000,-0.20329,48.000,-0.407,-1,400.000,-1,400.000,-1,325.000,325.000,300.000,300.000,-1,-1,-1,-1,725.000,750.000,-1,-1,2,0,2,0,2,0,0,0,0,2,2,2,2,0,0,2,2
10,-1357.400,-188.661,-91.860,24.891,0,0.84957,-0.20329,50.974,-0.407,-1,375.000,-1,400.000,-1,325.000,325.000,300.000,300.000,-1,-1,-1,-1,725.000,750.000,-1,-1,2,0,2,0,2,0,0,0,0,2,2,2,2,0,0,2,2
11,-1311.010,-167.535,-93.665,24.485,0,0.84957,-0.20329,50.974,-0.407,-1,375.000,-1,400.000,-1,325.000,325.000,300.000,300.000,-1,-1,-1,-1,725.000,725.000,-1,-1,2,0,2,0,2,0,0,0,0,2,2,2,2,0,0,2,2
12,-1264.471,-146.739,-95.495,24.078,0,0.84957,-0.20329,50.974,-0.407,-1,375.000,-1,375.000,-1,325.000,325.000,300.000,300.000,-1,-1,-1,-1,700.000,725.000,-1,-1,2,0,2,0,2,0,0,0,0,2,2,2,2,0,0,2,2
13,-1222.259,-128.023,-97.238,23.911,0,0.76957,-0.08329,46.174,-0.167,-1,375.000,-1,375.000,-1,325.000,325.000,300.000,300.000,-1,-1,-1,-1,700.000,700.000,-1,-1,2,0,2,0,2,0,0,0,0,2,2,2,2,0,0,2,2
14,-1180.378,-109.390,-99.093,23.985,0,0.76399,0.03671,45.839,0.073,-1,375.000,-1,375.000,-1,325.000,325.000,300.000,300.000,-1,-1,-1,-1,700.000,700.000,-1,-1,2,0,2,0,2,0,0,0,0,2,2,2,2,0,0,2,2
15,-1138.600,-90.528,-100.878,24.298,0,0.76399,0.15671,45.839,0.313,-1,375.000,-1,375.000,-1,325.000,325.000,300.000,300.000,-1,-1,-1,-1,700.000,675.000,-1,-1,2,0,2,0,2,0,0,0,0,2,2,2,2,0,0,2,2
16,-1097.005,-71.263,-102.621,24.852,0,0.76399,0.27671,45.839,0.553,-1,375.000,-1,375.000,-1,325.000,325.000,300.000,300.000,-1,-1,-1,-1,700.000,675.000,-1,-1,2,0,2,0,2,0,0,0,0,2,2,2,2,0,0,2,2
17,-1055.682,-51.424,-104.311,25.645,0,0.76399,0.39671,45.839,0.793,-1,375.000,-1,375.000,-1,325.000,325.000,300.000,300.000,-1,-1,-1,-1,700.000,675.000,-1,-1,2,0,2,0,2,0,0,0,0,2,2,2,2,0,0,2,2
18,-1014.723,-30.843,-105.891,26.678,0,0.76399,0.51671,45.839,1.033,-1,375.000,-1,400.000,-1,325.000,325.000,300.000,300.000,-1,-1,-1,-1,700.000,675.000,-1,-1,2,0,2,0,2,0,0,0,0,2,2,2,2,0,0,2,2
19,-974.231,-9.357,-107.400,27.952,0,0.76399,0.63671,45.839,1.273,-1,375.000,-1,375.000,-1,325.000,325.000,300.000,300.000,-1,-1,-1,-1,700.000,650.000,-1,-1,2,0,2,0,2,0,0,0,0,2,2,2,2,0,0,2,2
20,-934.321,13.191,-108.826,29.465,0,0.76399,0.75671,45.839,1.513,-1,375.000,-1,375.000,-1,325.000,325.000,300.000,300.000,-1,-1,-1,-1,700.000,650.000,-1,-1,2,0,2,0,2,0,0,0,0,2,2,2,2,0,0,2,2
21,-895.120,36.950,-110.157,31.219,0,0.76399,0.87671,45.839,1.753,-1,375.000,-1,375.000,-1,325.000,325.000,300.000,300.000,-1,-1,-1,-1,675.000,650.000,-1,-1,2,0,2,0,2,0,0,0,0,2,2,2,2,0,0,2,2
22,-856.769,62.058,-111.349,33.212,0,0.76399,0.99671,45.839,1.993,-1,375.000,-1,375.000,1000.000,325.000,325.000,300.000,300.000,-1,-1,-1,-1,675.000,650.000,-1,-1,2,0,2,0,0,0,0,0,0,2,2,2,2,0,0,2,2
23,-819.317,88.489,-112.301,35.212,0,0.76399,1.00000,45.839,2.000,-1,375.000,-1,375.000,975.000,325.000,325.000,300.000,300.000,-1,-1,-1,-1,675.000,650.000,-1,-1,2,0,2,0,0,0,0,0,0,2,2,2,2,0,0,2,2
24,-782.811,116.211,-113.122,37.212,0,0.76399,1.00000,45.839,2.000,-1,375.000,-1,375.000,950.000,325.000,300.000,300.000,300.000,-1,-1,-1,-1,675.000,625.000,-1,-1,2,0,2,0,0,0,0,0,0,2,2,2,2,0,0,2,2
25,-747.294,145.190,-113.822,39.212,0,0.76399,1.00000,45.839,2.000,-1,375.000,-1,375.000,925.000,325.000,300.000,300.000,300.000,-1,-1,-1,-1,675.000,625.000,-1,1000.000,2,0,2,0,0,0,0,0,0,2,2,2,2,0,0,2,0
26,-712.770,175.427,-114.132,41.212,0,0.76489,1.00000,45.893,2.000,-1,375.000,-1,375.000,925.000,325.000,300.000,300.000,300.000,-1,-1,850.000,-1,675.000,625.000,-1,975.000,2,0,2,0,0,0,0,0,0,2,2,0,2,0,0,2,0
27,-679.159,207.003,-114.185,43.212,0,0.76861,1.00000,46.117,2.000,-1,375.000,-1,350.000,925.000,325.000,300.000,300.000,300.000,-1,800.000,775.000,-1,675.000,625.000,-1,1000.000,2,0,2,0,0,0,0,0,0,2,0,0,2,0,0,2,0
28,-646.504,239.901,-114.141,45.212,0,0.77255,1.00000,46.353,2.000,-1,375.000,-1,350.000,925.000,300.000,300.000,300.000,300.000,-1,725.000,725.000,-1,700.000,625.000,-1,1000.000,2,0,2,0,0,0,0,0,0,2,0,0,2,0,0,2,0
29,-614.848,274.101,-113.908,47.212,0,0.77669,1.00000,46.602,2.000,-1,375.000,-1,350.000,925.000,300.000,300.000,300.000,300.000,-1,675.000,675.000,-1,700.000,625.000,-1,-1,2,0,2,0,0,0,0,0,0,2,0,0,2,0,0,2,2
30,-584.234,309.582,-113.417,49.212,0,0.78105,1.00000,46.863,2.000,-1,375.000,-1,375.000,950.000,325.000,300.000,300.000,300.000,-1,625.000,625.000,-1,700.000,650.000,-1,-1,2,0,2,0,0,0,0,0,0,2,0,0,2,0,0,2,2
31,-554.706,346.324,-112.786,51.212,0,0.78561,1.00000,47.137,2.000,-1,400.000,-1,375.000,975.000,325.000,300.000,300.000,300.000,-1,575.000,600.000,-1,700.000,650.000,-1,-1,2,0,2,0,0,0,0,0,0,2,0,0,2,0,0,2,2
32,-526.307,384.303,-112.024,53.212,0,0.79038,1.00000,47.423,2.000,-1,400.000,-1,375.000,1000.000,325.000,300.000,300.000,300.000,-1,525.000,575.000,-1,725.000,650.000,-1,-1,2,0,2,0,0,0,0,0,0,2,0,0,2,0,0,2,2
33,-499.080,423.495,-111.155,55.212,0,0.79535,1.00000,47.721,2.000,-1,400.000,-1,375.000,-1,325.000,300.000,300.000,300.000,-1,500.000,550.000,-1,725.000,675.000,-1,-1,2,0,2,0,2,0,0,0,0,2,0,0,2,0,0,2,2
34,-473.069,463.874,-110.136,57.212,0,0.80053,1.00000,48.032,2.000,-1,400.000,-1,375.000,-1,325.000,300.000,300.000,300.000,-1,475.000,500.000,-1,750.000,675.000,-1,-1,2,0,2,0,2,0,0,0,0,2,0,0,2,0,0,2,2
35,-448.319,505.413,-108.960,59.212,0,0.80590,1.00000,48.354,2.000,-1,400.000,-1,375.000,-1,325.000,300.000,300.000,300.000,-1,450.000,475.000,-1,750.000,675.000,1000.000,-1,2,0,2,0,2,0,0,0,0,2,0,0,2,0,0,1,2
36,-424.872,548.084,-107.668,61.212,0,0.81147,1.00000,48.688,2.000,-1,400.000,-1,375.000,-1,325.000,325.000,300.000,300.000,-1,425.000,475.000,-1,775.000,675.000,950.000,-1,2,0,2,0,2,0,0,0,0,2,0,0,2,0,0,1,2
37,-402.774,591.855,-106.260,63.212,0,0.81723,1.00000,49.034,2.000,-1,400.000,-1,375.000,-1,325.000,325.000,300.000,300.000,-1,400.000,450.000,-1,750.000,700.000,925.000,-1,2,0,2,0,2,0,0,0,0,2,0,0,2,1,0,1,2
38,-382.066,636.695,-104.299,65.212,0,0.82317,1.00000,49.390,2.000,1000.000,400.000,-1,375.000,-1,325.000,325.000,300.000,275.000,-1,425.000,500.000,-1,725.000,700.000,875.000,-1,1,0,2,0,2,0,0,0,0,2,0,0,2,1,0,1,2
39,-362.794,682.569,-102.244,67.212,0,0.82930,1.00000,49.758,2.000,975.000,400.000,-1,375.000,-1,325.000,325.000,300.000,275.000,-1,475.000,525.000,-1,700.000,700.000,850.000,-1,1,0,2,0,2,0,0,0,0,2,0,0,2,1,0,1,2
40,-346.662,724.533,-100.280,68.972,0,0.74930,0.88000,44.958,1.760,975.000,400.000,-1,375.000,-1,325.000,325.000,300.000,275.000,-1,500.000,575.000,-1,675.000,700.000,825.000,-1,1,0,2,0,2,0,0,0,0,2,0,0,2,1,0,1,2
41,-333.252,762.386,-98.320,70.492,0,0.66930,0.76000,40.158,1.520,950.000,400.000,-1,375.000,-1,325.000,325.000,300.000,300.000,-1,550.000,650.000,-1,650.000,725.000,775.000,-1,1,0,2,0,2,0,0,0,0,2,0,0,2,1,0,1,2
42,-322.192,795.970,-96.570,71.772,0,0.58930,0.64000,35.358,1.280,950.000,400.000,-1,375.000,-1,325.000,325.000,300.000,300.000,-1,600.000,700.000,-1,625.000,725.000,750.000,1000.000,1,0,2,0,2,0,0,0,0,2,0,0,2,1,1,1,1
43,-313.162,825.163,-95.036,72.812,0,0.50930,0.52000,30.558,1.040,950.000,400.000,-1,375.000,-1,325.000,325.000,300.000,300.000,-1,625.000,750.000,-1,600.000,700.000,725.000,950.000,1,0,2,0,2,0,0,0,0,2,0,0,2,1,1,1,1
44,-305.894,849.875,-93.729,73.612,0,0.42930,0.40000,25.758,0.800,925.000,400.000,1000.000,375.000,-1,325.000,325.000,300.000,300.000,-1,675.000,775.000,-1,600.000,675.000,725.000,925.000,1,0,1,0,2,0,0,0,0,2,0,0,2,1,1,1,1
45,-300.178,870.039,-92.658,74.172,0,0.34930,0.28000,20.958,0.560,900.000,400.000,975.000,375.000,-1,325.000,325.000,300.000,300.000,-1,700.000,825.000,-1,575.000,675.000,700.000,875.000,1,0,1,0,2,0,0,0,0,2,0,0,2,1,1,1,1
46,-295.858,885.608,-91.831,74.492,0,0.26930,0.16000,16.158,0.320,900.000,400.000,950.000,375.000,1000.000,325.000,325.000,300.000,300.000,-1,725.000,850.000,-1,575.000,650.000,675.000,875.000,1,0,1,0,1,0,0,0,0,2,0,0,2,1,1,1,1
47,-292.836,896.557,-91.251,74.572,0,0.18930,0.04000,11.358,0.080,875.000,400.000,950.000,375.000,975.000,325.000,325.000,300.000,300.000,-1,725.000,850.000,-1,550.000,650.000,675.000,850.000,1,0,1,0,1,0,0,0,0,2,0,0,2,1,1,1,1
48,-291.082,902.876,-90.920,74.480,0,0.10930,-0.04594,6.558,-0.092,850.000,400.000,950.000,375.000,975.000,325.000,325.000,300.000,300.000,-1,725.000,850.000,-1,550.000,650.000,650.000,850.000,1,0,1,0,1,0,0,0,0,2,0,0,2,1,1,1,1
49,-290.609,904.569,-90.832,74.390,0,0.02930,-0.04538,1.758,-0.091,825.000,400.000,950.000,375.000,975.000,325.000,325.000,300.000,300.000,-1,725.000,850.000,-1,550.000,650.000,650.000,850.000,1,0,1,0,1,0,0,0,0,2,0,0,2,1,1,1,1
50,-291.432,901.641,-90.989,74.299,0,-0.05070,-0.04510,-3.042,-0.090,850.000,400.000,950.000,375.000,975.000,325.000,325.000,300.000,300.000,-1,725.000,850.000,-1,550.000,650.000,650.000,850.000,1,0,1,0,1,0,0,0,0,2,0,0,2,1,1,1,1
51,-293.566,894.095,-91.387,74.209,0,-0.13070,-0.04512,-7.842,-0.090,850.000,400.000,950.000,375.000,1000.000,325.000,325.000,300.000,300.000,-1,725.000,850.000,-1,575.000,650.000,675.000,850.000,1,0,1,0,1,0,0,0,0,2,0,0,2,1,1,1,1
52,-297.025,881.936,-92.028,74.118,0,-0.21070,-0.04543,-12.642,-0.091,875.000,400.000,975.000,375.000,1000.000,325.000,325.000,300.000,300.000,-1,700.000,825.000,-1,575.000,650.000,675.000,875.000,1,0,1,0,1,0,0,0,0,2,0,0,2,1,1,1,1
53,-299.215,874.406,-92.429,73.787,0,-0.13070,-0.16543,-7.842,-0.331,875.000,400.000,975.000,375.000,-1,325.000,325.000,300.000,300.000,-1,700.000,800.000,-1,575.000,675.000,700.000,875.000,1,0,1,0,2,0,0,0,0,2,0,0,2,1,1,1,1
54,-300.093,871.493,-92.593,73.216,0,-0.05070,-0.28543,-3.042,-0.571,850.000,400.000,975.000,375.000,-1,325.000,325.000,300.000,300.000,-1,675.000,800.000,-1,575.000,675.000,675.000,900.000,1,0,1,0,2,0,0,0,0,2,0,0,2,1,1,1,1
55,-299.562,873.169,-92.525,72.406,0,0.02930,-0.40543,1.758,-0.811,825.000,400.000,1000.000,375.000,-1,325.000,325.000,300.000,300.000,-1,675.000,775.000,-1,575.000,675.000,675.000,900.000,1,0,1,0,2,0,0,0,0,2,0,0,2,1,1,1,1
56,-297.465,879.383,-92.233,71.355,0,0.10930,-0.52543,6.558,-1.051,775.000,400.000,1000.000,375.000,-1,325.000,325.000,300.000,300.000,-1,650.000,775.000,-1,575.000,675.000,650.000,900.000,1,0,1,0,2,0,0,0,0,2,0,0,2,1,1,1,1
57,-293.592,890.061,-91.728,70.064,0,0.18930,-0.64543,11.358,-1.291,725.000,400.000,1000.000,375.000,-1,325.000,325.000,300.000,300.000,-1,650.000,750.000,-1,575.000,675.000,650.000,925.000,1,0,1,0,2,0,0,0,0,2,0,0,2,1,1,1,1
58,-287.734,905.119,-91.014,68.743,0,0.26930,-0.66064,16.158,-1.321,675.000,400.000,1000.000,375.000,-1,325.000,325.000,300.000,300.000,-1,650.000,750.000,-1,550.000,675.000,625.000,925.000,1,0,1,0,2,0,0,0,0,2,0,0,2,1,1,1,1
59,-279.690,924.472,-90.099,67.429,0,0.34930,-0.65696,20.958,-1.314,650.000,400.000,1000.000,375.000,-1,325.000,325.000,300.000,300.000,-1,650.000,750.000,-1,550.000,675.000,575.000,900.000,1,0,1,0,2,0,0,0,0,2,0,0,2,1,1,1,1
60,-269.263,948.026,-88.994,66.123,0,0.42930,-0.65275,25.758,-1.305,600.000,400.000,975.000,375.000,-1,325.000,325.000,300.000,300.000,-1,650.000,750.000,-1,525.000,650.000,550.000,900.000,1,1,1,0,2,0,0,0,0,2,0,0,2,1,1,1,1
61,-256.266,975.682,-87.708,64.827,0,0.50930,-0.64793,30.558,-1.296,550.000,375.000,975.000,375.000,-1,325.000,325.000,300.000,300.000,-1,675.000,750.000,-1,525.000,650.000,525.000,900.000,1,1,1,0,2,0,0,0,0,2,0,0,2,1,1,1,1
62,-240.512,1007.337,-86.248,63.543,0,0.58930,-0.64242,35.358,-1.285,500.000,375.000,950.000,375.000,-1,325.000,325.000,300.000,300.000,-1,675.000,775.000,-1,500.000,625.000,475.000,875.000,1,1,1,0,2,0,0,0,0,2,0,0,2,1,1,1,1
63,-221.827,1042.883,-84.488,62.270,0,0.66930,-0.63610,40.158,-1.272,450.000,350.000,925.000,375.000,-1,325.000,325.000,300.000,300.000,-1,700.000,775.000,-1,475.000,625.000,450.000,850.000,1,1,1,0,2,0,0,0,0,2,0,0,2,1,1,1,1
64,-200.039,1082.209,-82.487,61.013,0,0.74930,-0.62886,44.958,-1.258,400.000,350.000,900.000,375.000,-1,325.000,325.000,300.000,300.000,-1,700.000,800.000,-1,450.000,600.000,400.000,825.000,1,1,1,0,2,1,0,0,0,2,0,0,2,1,1,1,1
65,-174.989,1125.201,-80.323,59.772,0,0.82930,-0.62056,49.758,-1.241,350.000,325.000,875.000,375.000,-1,300.000,325.000,300.000,300.000,-1,725.000,800.000,-1,425.000,575.000,375.000,800.000,1,1,1,0,2,1,0,0,0,2,0,0,2,1,1,1,1
66,-146.522,1171.744,-78.011,58.549,0,0.90930,-0.61107,54.558,-1.222,300.000,300.000,825.000,375.000,-1,275.000,325.000,300.000,300.000,-1,725.000,800.000,-1,400.000,550.000,325.000,775.000,1,1,1,0,2,1,1,0,0,2,0,0,2,1,1,1,1
67,-116.738,1218.225,-75.726,57.349,0,0.92008,-0.60020,55.205,-1.200,250.000,275.000,800.000,375.000,1000.000,275.000,300.000,300.000,300.000,-1,725.000,825.000,-1,375.000,525.000,275.000,725.000,1,1,1,1,1,1,1,0,0,2,0,0,2,1,1,1,1
68,-86.047,1264.022,-70.450,56.172,0,0.91883,-0.58846,55.130,-1.177,250.000,275.000,825.000,375.000,-1,275.000,300.000,325.000,300.000,-1,525.000,575.000,-1,375.000,525.000,275.000,725.000,1,1,1,1,2,1,1,0,0,2,0,0,2,1,1,1,1
69,-57.349,1305.368,-65.628,55.235,0,0.83883,-0.46846,50.330,-0.937,250.000,275.000,850.000,350.000,-1,275.000,300.000,350.000,275.000,-1,425.000,425.000,-1,400.000,525.000,275.000,750.000,1,1,1,1,2,1,1,1,0,2,0,0,2,1,1,1,1
70,-28.440,1345.954,-60.737,54.538,0,0.83049,-0.34846,49.829,-0.697,250.000,275.000,-1,350.000,-1,275.000,300.000,325.000,275.000,-1,350.000,350.000,-1,400.000,550.000,275.000,750.000,1,1,2,1,2,1,1,1,0,2,0,0,2,1,1,1,1
71,0.661,1386.128,-55.975,54.081,0,0.82678,-0.22846,49.607,-0.457,250.000,275.000,-1,350.000,-1,275.000,300.000,325.000,275.000,-1,325.000,250.000,-1,400.000,525.000,275.000,750.000,1,1,2,1,2,1,1,1,0,2,0,0,2,1,1,1,1
72,32.242,1428.975,-50.979,53.607,0,0.88712,-0.23707,53.227,-0.474,250.000,275.000,-1,350.000,-1,275.000,275.000,325.000,275.000,-1,300.000,175.000,850.000,425.000,525.000,275.000,750.000,1,1,2,1,2,1,1,1,0,2,0,0,0,1,1,1,1
73,64.354,1471.815,-46.061,53.145,0,0.89232,-0.23095,53.539,-0.462,275.000,300.000,-1,350.000,-1,250.000,275.000,300.000,250.000,-1,275.000,125.000,725.000,425.000,525.000,300.000,-1,1,1,2,1,2,1,1,1,0,2,0,0,0,1,1,1,2
74,96.977,1514.634,-41.098,52.697,0,0.89718,-0.22408,53.831,-0.448,275.000,300.000,-1,325.000,-1,250.000,275.000,275.000,250.000,-1,250.000,100.000,600.000,425.000,525.000,300.000,-1,1,1,2,1,2,1,1,1,0,2,0,0,0,1,1,1,2
75,-4263.559,-983.898,2.540,73.838,1,0.00000,0.00000,54.095,-0.433,675.000,425.000,-1,325.000,325.000,325.000,275.000,275.000,225.000,-1,-1,-1,-1,725.000,500.000,800.000,400.000,1,1,2,0,0,0,0,1,0,2,2,2,2,1,0,1,0
76,-4258.769,6231.656,312.718,3.579,1,0.08000,-0.12000,4.800,-0.240,650.000,400.000,-1,400.000,-1,325.000,325.000,325.000,325.000,800.000,-1,-1,-1,550.000,775.000,600.000,-1,1,1,2,0,2,0,0,0,0,1,2,2,2,1,0,1,2
77,-4249.183,6232.175,312.204,3.099,0,0.16000,-0.24000,9.600,-0.480,625.000,400.000,-1,400.000,-1,325.000,325.000,325.000,325.000,800.000,-1,-1,-1,550.000,775.000,600.000,-1,1,1,2,0,2,0,0,0,0,1,2,2,2,1,0,1,2
78,-4234.795,6232.773,311.433,2.379,0,0.24000,-0.36000,14.400,-0.720,600.000,375.000,-1,400.000,-1,325.000,325.000,325.000,325.000,800.000,800.000,-1,-1,550.000,775.000,575.000,-1,1,1,2,0,2,0,0,0,0,1,1,2,2,1,0,1,2
79,-4215.601,6233.248,310.402,1.419,0,0.32000,-0.48000,19.200,-0.960,575.000,375.000,-1,400.000,-1,325.000,325.000,325.000,325.000,825.000,650.000,-1,-1,525.000,775.000,550.000,-1,1,1,2,0,2,1,0,0,0,1,1,2,2,1,0,1,2
80,-4191.601,6233.340,309.109,0.219,0,0.40000,-0.60000,24.000,-1.200,550.000,375.000,-1,400.000,-1,325.000,325.000,325.000,325.000,825.000,600.000,-1,-1,525.000,775.000,525.000,-1,1,1,2,0,2,1,0,0,0,1,1,2,2,1,0,1,2
81,-4162.808,6232.727,307.552,-1.221,0,0.48000,-0.72000,28.800,-1.440,500.000,350.000,-1,400.000,-1,300.000,325.000,325.000,325.000,850.000,600.000,-1,-1,525.000,775.000,500.000,-1,1,1,2,0,2,1,0,0,0,1,1,2,2,1,0,1,2
82,-4129.251,6231.026,305.730,-2.901,0,0.56000,-0.84000,33.600,-1.680,475.000,350.000,-1,400.000,-1,300.000,325.000,325.000,325.000,875.000,625.000,-1,-1,500.000,775.000,475.000,-1,1,1,2,0,2,1,0,0,0,1,1,2,2,1,0,1,2
83,-4090.975,6227.936,303.640,-4.616,0,0.64000,-0.85762,38.400,-1.715,425.000,350.000,-1,400.000,-1,300.000,325.000,325.000,325.000,875.000,650.000,900.000,-1,500.000,775.000,425.000,-1,1,1,2,0,2,1,0,0,0,1,1,1,2,1,0,1,2
84,-4048.051,6223.065,301.282,-6.474,0,0.72000,-0.92925,43.200,-1.859,375.000,350.000,-1,400.000,-1,300.000,325.000,325.000,325.000,850.000,700.000,800.000,-1,500.000,775.000,400.000,-1,1,1,2,0,2,0,0,0,0,1,1,1,2,1,0,1,2
85,-4000.555,6216.124,298.654,-8.315,0,0.80000,-0.92012,48.000,-1.840,325.000,350.000,-1,400.000,975.000,325.000,325.000,325.000,325.000,825.000,750.000,800.000,-1,525.000,775.000,375.000,-1,1,1,2,0,1,0,0,0,0,1,1,1,2,1,0,1,2
86,-3948.579,6206.833,296.607,-10.134,0,0.88000,-0.90977,52.800,-1.820,300.000,350.000,-1,400.000,925.000,325.000,325.000,325.000,325.000,825.000,775.000,800.000,-1,575.000,775.000,375.000,-1,1,1,2,0,1,0,0,0,0,1,1,1,2,1,0,1,2
87,-3892.223,6194.926,295.109,-11.930,0,0.96000,-0.89809,57.600,-1.796,300.000,400.000,-1,425.000,875.000,325.000,325.000,350.000,300.000,825.000,825.000,775.000,-1,650.000,825.000,400.000,-1,1,1,2,0,1,0,0,0,0,1,1,1,2,1,0,1,2
88,-3835.840,6181.181,292.997,-13.700,0,0.96724,-0.88493,58.035,-1.770,300.000,425.000,-1,425.000,825.000,350.000,350.000,350.000,300.000,825.000,875.000,800.000,-1,775.000,825.000,475.000,-1,1,0,2,0,1,0,0,0,0,1,1,1,2,1,0,1,2
89,-3780.155,6165.799,290.260,-15.442,0,0.96284,-0.87095,57.771,-1.742,325.000,425.000,-1,425.000,775.000,350.000,350.000,350.000,300.000,825.000,925.000,575.000,-1,900.000,825.000,-1,-1,1,0,2,0,1,0,0,1,0,1,1,0,2,0,1,2,2
90,-3725.295,6148.864,286.855,-17.155,0,0.95691,-0.85634,57.414,-1.713,325.000,425.000,-1,425.000,725.000,350.000,350.000,275.000,300.000,825.000,1000.000,725.000,-1,875.000,775.000,-1,-1,1,0,2,0,1,0,0,1,0,1,1,0,2,0,1,2,2
91,-3671.379,6130.471,282.765,-18.837,0,0.94944,-0.84124,56.967,-1.682,350.000,425.000,-1,425.000,675.000,350.000,350.000,250.000,300.000,850.000,-1,-1,-1,850.000,750.000,-1,-1,1,0,2,0,1,0,0,1,0,1,2,2,2,0,1,2,2
92,-3618.517,6110.719,277.982,-20.489,0,0.94053,-0.82583,56.432,-1.652,450.000,400.000,-1,400.000,600.000,325.000,325.000,200.000,300.000,900.000,-1,-1,-1,800.000,700.000,-1,-1,1,0,2,0,1,0,0,1,0,1,2,2,2,0,1,2,2
93,-3570.612,6091.460,273.794,-21.901,0,0.86053,-0.70583,51.632,-1.412,750.000,400.000,-1,400.000,550.000,325.000,325.000,175.000,325.000,950.000,-1,-1,-1,750.000,650.000,-1,800.000,1,0,2,0,1,0,0,1,1,1,2,2,2,0,1,2,1
94,-3526.161,6072.526,271.014,-23.072,0,0.80526,-0.58583,48.316,-1.172,950.000,400.000,-1,400.000,525.000,325.000,325.000,175.000,300.000,1000.000,-1,-1,-1,750.000,625.000,-1,700.000,1,0,2,0,1,0,0,1,1,1,2,2,2,0,1,2,1
95,-3482.567,6053.113,268.278,-24.004,0,0.79535,-0.46583,47.721,-0.932,950.000,400.000,-1,400.000,475.000,325.000,325.000,175.000,300.000,-1,-1,-1,-1,750.000,625.000,-1,625.000,1,0,2,0,1,0,0,1,1,2,2,2,2,0,1,2,1
96,-3439.741,6033.419,265.586,-24.696,0,0.78562,-0.34583,47.137,-0.692,950.000,400.000,-1,400.000,450.000,325.000,325.000,175.000,300.000,-1,-1,-1,-1,750.000,600.000,-1,600.000,1,0,2,1,1,0,0,1,1,2,2,2,2,0,1,2,1
97,-3397.579,6013.627,263.995,-25.147,0,0.77627,-0.22583,46.576,-0.452,925.000,400.000,-1,375.000,400.000,325.000,325.000,175.000,300.000,-1,-1,-1,-1,725.000,575.000,-1,525.000,1,0,2,1,1,0,0,1,1,2,2,2,2,0,1,2,1
98,-3355.968,5993.905,262.412,-25.359,0,0.76748,-0.10583,46.049,-0.212,900.000,375.000,-1,375.000,350.000,325.000,325.000,175.000,275.000,-1,-1,-1,-1,725.000,575.000,975.000,475.000,1,0,2,1,1,0,0,1,1,2,2,2,2,0,1,1,1
99,-3314.786,5974.412,260.538,-25.331,0,0.75937,0.01417,45.562,0.028,850.000,375.000,-1,350.000,325.000,325.000,300.000,200.000,275.000,-1,-1,-1,-1,725.000,550.000,950.000,425.000,1,0,2,1,1,0,0,1,1,2,2,2,2,1,1,1,1
100,-3273.912,5955.298,258.352,-25.062,0,0.75204,0.13417,45.123,0.268,825.000,375.000,-1,350.000,300.000,325.000,300.000,200.000,250.000,-1,-1,-1,-1,700.000,550.000,900.000,425.000,1,0,2,1,1,0,0,1,1,2,2,2,2,1,1,1,1
101,-3233.224,5936.709,255.871,-24.554,0,0.74556,0.25417,44.734,0.508,800.000,375.000,-1,350.000,275.000,300.000,300.000,200.000,250.000,-1,-1,-1,-1,700.000,575.000,875.000,425.000,1,0,2,1,1,0,0,1,1,2,2,2,2,1,1,1,1
102,-3192.604,5918.788,253.886,-23.806,0,0.73995,0.37417,44.397,0.748,750.000,400.000,-1,350.000,300.000,325.000,325.000,200.000,250.000,-1,-1,-1,-1,675.000,600.000,850.000,-1,1,0,2,1,1,0,0,1,1,2,2,2,2,1,1,1,2
103,-3151.942,5901.681,251.790,-22.817,0,0.73523,0.49417,44.114,0.988,725.000,400.000,-1,350.000,350.000,325.000,325.000,225.000,250.000,-1,-1,-1,-1,675.000,675.000,825.000,-1,1,0,2,1,1,0,0,1,1,2,2,2,2,1,1,1,2
104,-3106.612,5883.304,249.160,-22.069,0,0.81523,0.37417,48.914,0.748,700.000,400.000,-1,375.000,-1,325.000,325.000,225.000,250.000,-1,-1,-1,-1,675.000,800.000,775.000,-1,1,0,2,1,2,0,0,1,1,2,2,2,2,1,0,1,2
105,-3059.435,5864.662,246.057,-21.560,0,0.84544,0.25417,50.727,0.508,650.000,400.000,-1,375.000,-1,325.000,325.000,225.000,225.000,-1,-1,775.000,-1,650.000,850.000,750.000,-1,1,0,2,1,2,0,1,1,1,2,2,0,2,1,0,1,2
106,-3012.503,5846.400,243.750,-21.263,0,0.83934,0.14895,50.360,0.298,625.000,400.000,-1,400.000,-1,350.000,350.000,225.000,225.000,400.000,600.000,675.000,-1,650.000,875.000,725.000,-1,1,0,2,1,2,0,1,1,1,1,0,0,2,1,0,1,2
107,-2965.851,5828.502,241.419,-20.989,0,0.83278,0.13681,49.967,0.274,575.000,400.000,-1,400.000,-1,350.000,350.000,250.000,225.000,350.000,525.000,625.000,-1,650.000,875.000,700.000,-1,1,1,2,1,2,0,1,1,1,1,0,0,2,1,0,1,2
108,-2919.539,5810.965,238.953,-20.740,0,0.82537,0.12450,49.522,0.249,550.000,400.000,-1,425.000,-1,350.000,350.000,250.000,225.000,350.000,500.000,625.000,-1,650.000,900.000,650.000,-1,1,1,2,1,2,1,1,1,1,1,0,0,2,1,0,1,2
109,-2873.615,5793.788,236.362,-20.508,0,0.81719,0.11613,49.031,0.232,500.000,400.000,-1,450.000,-1,350.000,350.000,275.000,200.000,350.000,500.000,600.000,-1,625.000,900.000,625.000,-1,1,1,2,0,2,1,1,1,1,1,0,0,2,1,0,1,2
110,-2828.122,5776.978,233.651,-20.280,0,0.80831,0.11382,48.499,0.228,475.000,375.000,-1,450.000,-1,325.000,350.000,275.000,200.000,350.000,500.000,600.000,-1,625.000,900.000,575.000,-1,1,1,2,0,2,1,0,1,1,1,0,0,2,1,0,1,2
111,-2778.131,5758.493,230.559,-20.292,0,0.88831,-0.00618,53.299,-0.012,425.000,375.000,-1,425.000,-1,325.000,350.000,275.000,200.000,350.000,500.000,625.000,-1,625.000,900.000,550.000,-1,1,1,2,0,2,1,0,1,1,1,0,0,2,1,0,1,2
112,-2723.728,5738.104,227.063,-20.545,0,0.96831,-0.12618,58.099,-0.252,400.000,375.000,-1,425.000,-1,325.000,350.000,300.000,200.000,350.000,550.000,650.000,-1,650.000,875.000,525.000,-1,1,1,2,0,2,1,0,1,1,1,0,0,2,1,0,1,2
113,-2668.717,5716.946,224.272,-21.037,0,0.98231,-0.24618,58.939,-0.492,375.000,375.000,-1,425.000,-1,350.000,350.000,300.000,200.000,375.000,525.000,600.000,-1,675.000,875.000,550.000,-1,1,1,2,0,2,0,0,0,1,1,0,0,2,1,0,1,2
114,-2614.581,5695.327,222.024,-21.769,0,0.97157,-0.36618,58.294,-0.732,400.000,400.000,-1,425.000,-1,350.000,350.000,325.000,200.000,400.000,500.000,500.000,-1,775.000,900.000,800.000,-1,1,1,2,0,2,0,0,0,1,1,0,0,2,1,0,1,2
115,-2561.371,5673.023,219.551,-22.742,0,0.96159,-0.48618,57.695,-0.972,400.000,425.000,-1,425.000,-1,350.000,350.000,350.000,200.000,450.000,525.000,500.000,-1,900.000,875.000,-1,-1,1,1,2,0,2,0,0,1,1,1,0,0,2,0,0,2,2
116,-2509.141,5649.818,217.146,-23.954,0,0.95255,-0.60618,57.153,-1.212,425.000,425.000,-1,425.000,-1,350.000,350.000,300.000,200.000,475.000,750.000,675.000,-1,900.000,850.000,-1,-1,1,0,2,0,2,0,0,1,1,1,0,0,2,0,0,2,2
117,-2457.947,5625.503,214.734,-25.407,0,0.94457,-0.72618,56.674,-1.452,450.000,425.000,-1,425.000,-1,350.000,350.000,275.000,200.000,500.000,950.000,850.000,-1,875.000,850.000,-1,-1,1,0,2,0,2,0,0,1,1,1,1,0,2,0,0,2,2
118,-2407.860,5599.873,212.085,-27.099,0,0.93772,-0.84618,56.263,-1.692,550.000,425.000,-1,425.000,-1,350.000,350.000,250.000,200.000,525.000,-1,-1,-1,850.000,850.000,-1,-1,1,0,2,0,2,0,0,1,1,1,2,2,2,0,0,2,2
119,-2358.966,5572.736,208.720,-29.031,0,0.93201,-0.96618,55.921,-1.932,800.000,425.000,-1,425.000,-1,325.000,325.000,225.000,225.000,550.000,-1,-1,-1,825.000,825.000,-1,-1,1,0,2,0,2,0,0,1,1,1,2,2,2,0,0,2,2
120,-2311.284,5544.050,204.708,-31.031,0,0.92743,-1.00000,55.646,-2.000,-1,400.000,-1,400.000,-1,325.000,325.000,200.000,225.000,575.000,-1,-1,-1,775.000,800.000,-1,-1,2,0,2,0,2,0,0,1,1,1,2,2,2,0,0,2,2
121,-2264.832,5513.848,200.684,-33.031,0,0.92345,-1.00000,55.407,-2.000,-1,375.000,-1,400.000,-1,325.000,325.000,175.000,250.000,600.000,-1,-1,-1,725.000,775.000,-1,-1,2,0,2,0,2,0,0,1,1,1,2,2,2,0,0,2,2
122,-2219.638,5482.166,198.028,-35.031,0,0.91988,-1.00000,55.193,-2.000,-1,375.000,-1,400.000,-1,300.000,325.000,175.000,250.000,650.000,-1,-1,-1,725.000,775.000,-1,-1,2,0,2,0,2,0,0,1,1,1,2,2,2,0,0,2,2
123,-2175.729,5449.040,196.214,-37.031,0,0.91672,-1.00000,55.003,-2.000,-1,375.000,-1,400.000,-1,300.000,325.000,200.000,250.000,700.000,-1,-1,-1,725.000,775.000,-1,-1,2,0,2,0,2,0,0,1,1,1,2,2,2,0,0,2,2
124,-2133.131,5414.507,194.998,-39.031,0,0.91396,-1.00000,54.837,-2.000,-1,375.000,-1,375.000,-1,300.000,300.000,200.000,250.000,750.000,-1,-1,-1,725.000,750.000,-1,-1,2,0,2,0,2,0,0,1,1,1,2,2,2,0,0,2,2
125,-2090.230,5377.487,193.099,-40.791,0,0.94442,-0.88000,56.665,-1.760,-1,375.000,-1,375.000,-1,300.000,300.000,225.000,275.000,750.000,-1,-1,-1,725.000,725.000,-1,-1,2,0,2,0,2,0,0,1,1,1,2,2,2,0,0,2,2
126,-2048.997,5339.847,190.540,-42.392,0,0.93050,-0.80046,55.830,-1.601,-1,375.000,-1,375.000,-1,300.000,300.000,250.000,275.000,725.000,-1,-1,-1,725.000,725.000,-1,-1,2,0,2,0,2,0,0,1,1,1,2,2,2,0,0,2,2
127,-2009.369,5301.580,187.256,-43.998,0,0.91814,-0.80298,55.088,-1.606,-1,375.000,-1,375.000,-1,300.000,300.000,275.000,300.000,675.000,-1,-1,-1,725.000,725.000,-1,-1,2,0,2,0,2,0,0,1,1,1,2,2,2,0,0,2,2
128,-1971.296,5262.688,183.291,-45.610,0,0.90709,-0.80614,54.425,-1.612,-1,375.000,-1,375.000,-1,325.000,300.000,300.000,300.000,600.000,-1,-1,-1,750.000,725.000,-1,-1,2,0,2,0,2,0,0,1,1,1,2,2,2,0,0,2,2
129,-1934.731,5223.159,178.691,-47.230,0,0.89747,-0.80991,53.848,-1.620,-1,400.000,-1,375.000,-1,325.000,325.000,325.000,300.000,475.000,-1,-1,-1,775.000,750.000,-1,-1,2,0,2,0,2,0,0,1,0,1,2,2,2,0,0,2,2
130,-1899.624,5182.974,173.493,-48.859,0,0.88933,-0.81421,53.360,-1.628,-1,400.000,-1,400.000,-1,325.000,325.000,325.000,300.000,425.000,-1,-1,-1,800.000,775.000,-1,-1,2,0,2,0,2,0,0,0,0,1,2,2,2,0,0,2,2
131,-1865.934,5142.110,169.586,-50.497,0,0.88269,-0.81900,52.961,-1.638,-1,400.000,-1,400.000,-1,325.000,325.000,300.000,300.000,400.000,-1,-1,-1,825.000,800.000,-1,-1,2,0,2,0,2,0,0,0,0,1,2,2,2,0,0,2,2
132,-1832.975,5099.350,166.779,-52.375,0,0.89980,-0.93900,53.988,-1.878,-1,400.000,-1,400.000,-1,325.000,325.000,300.000,300.000,425.000,-1,-1,-1,825.000,800.000,-1,-1,2,0,2,0,2,0,0,0,0,1,2,2,2,0,0,2,2
133,-1801.518,5055.453,164.000,-54.375,0,0.90008,-1.00000,54.005,-2.000,-1,400.000,-1,400.000,-1,325.000,325.000,300.000,300.000,450.000,-1,-1,-1,825.000,800.000,-1,-1,2,0,2,0,2,0,0,0,0,1,2,2,2,0,0,2,2
134,-1771.587,5010.447,161.187,-56.375,0,0.90083,-1.00000,54.050,-2.000,-1,400.000,-1,400.000,-1,325.000,325.000,300.000,300.000,475.000,-1,-1,-1,825.000,800.000,-1,-1,2,0,2,0,2,0,0,0,0,1,2,2,2,0,0,2,2
135,-1743.216,4964.376,158.349,-58.375,0,0.90176,-1.00000,54.106,-2.000,-1,400.000,-1,400.000,-1,325.000,325.000,300.000,300.000,525.000,-1,-1,-1,825.000,800.000,-1,-1,2,0,2,0,2,0,0,0,0,1,2,2,2,0,0,2,2
136,-1716.438,4917.286,155.553,-60.375,0,0.90286,-1.00000,54.171,-2.000,-1,400.000,-1,400.000,-1,325.000,325.000,300.000,300.000,550.000,575.000,-1,-1,800.000,800.000,-1,-1,2,0,2,0,2,0,0,0,0,1,1,2,2,0,0,2,2
137,-1691.285,4869.225,152.729,-62.375,0,0.90409,-1.00000,54.246,-2.000,-1,400.000,-1,400.000,-1,325.000,325.000,300.000,300.000,600.000,600.000,-1,-1,800.000,800.000,-1,-1,2,0,2,0,2,0,0,0,0,1,1,2,2,0,0,2,2
138,-1667.789,4820.241,149.947,-64.375,0,0.90546,-1.00000,54.327,-2.000,-1,400.000,-1,400.000,-1,325.000,325.000,300.000,300.000,650.000,625.000,-1,-1,800.000,800.000,-1,-1,2,0,2,0,2,0,0,0,0,1,1,2,2,0,0,2,2
139,-1645.982,4770.386,147.212,-66.375,0,0.90693,-1.00000,54.416,-2.000,-1,400.000,-1,400.000,-1,325.000,325.000,300.000,300.000,700.000,650.000,-1,-1,800.000,800.000,-1,-1,2,0,2,0,2,0,0,0,0,1,1,2,2,0,0,2,2
140,-1625.893,4719.712,144.528,-68.375,0,0.90851,-1.00000,54.510,-2.000,-1,400.000,-1,400.000,-1,325.000,325.000,300.000,300.000,775.000,675.000,900.000,-1,800.000,800.000,-1,-1,2,0,2,0,2,0,0,0,0,1,1,1,2,0,0,2,2
141,-1609.001,4672.959,142.063,-70.135,0,0.82851,-0.88000,49.710,-1.760,-1,400.000,-1,400.000,-1,325.000,325.000,300.000,300.000,825.000,725.000,850.000,-1,800.000,800.000,-1,-1,2,0,2,0,2,0,0,0,0,1,1,1,2,0,0,2,2
142,-1594.866,4630.331,139.829,-71.655,0,0.74851,-0.76000,44.910,-1.520,-1,400.000,-1,400.000,-1,325.000,325.000,300.000,300.000,875.000,750.000,850.000,-1,800.000,800.000,-1,-1,2,0,2,0,2,0,0,0,0,1,1,1,2,0,0,2,2
143,-1583.095,4591.987,137.832,-72.935,0,0.66851,-0.64000,40.110,-1.280,-1,400.000,-1,400.000,-1,325.000,325.000,300.000,300.000,925.000,775.000,875.000,-1,800.000,775.000,-1,-1,2,0,2,0,2,0,0,0,0,1,1,1,2,0,0,2,2
144,-1572.818,4556.208,135.999,-73.975,0,0.62042,-0.52000,37.225,-1.040,-1,400.000,-1,400.000,-1,325.000,325.000,300.000,300.000,975.000,825.000,900.000,-1,800.000,775.000,-1,-1,2,0,2,0,2,0,0,0,0,1,1,1,2,0,0,2,2
145,-1562.325,4517.653,133.995,-74.775,0,0.66597,-0.40000,39.958,-0.800,-1,400.000,-1,400.000,-1,325.000,325.000,300.000,300.000,-1,850.000,925.000,-1,800.000,775.000,-1,-1,2,0,2,0,2,0,0,0,0,2,1,1,2,1,0,2,2
146,-1552.230,4479.080,131.937,-75.335,0,0.66453,-0.28000,39.872,-0.560,-1,400.000,-1,400.000,-1,325.000,325.000,300.000,300.000,-1,875.000,975.000,-1,775.000,775.000,-1,-1,2,0,2,0,2,0,0,0,0,2,1,1,2,1,0,2,2
147,-1542.379,4440.558,129.880,-75.655,0,0.66269,-0.16000,39.761,-0.320,-1,400.000,-1,400.000,-1,325.000,325.000,300.000,300.000,-1,925.000,1000.000,-1,775.000,775.000,-1,-1,2,0,2,0,2,0,0,0,0,2,1,1,2,1,0,2,2
148,-1532.614,4402.151,127.829,-75.735,0,0.66048,-0.04000,39.629,-0.080,-1,400.000,-1,400.000,-1,325.000,325.000,300.000,300.000,-1,975.000,-1,-1,775.000,775.000,-1,-1,2,0,2,0,2,0,0,0,0,2,1,2,2,1,0,2,2
149,-1522.779,4363.920,125.778,-75.575,0,0.65794,0.08000,39.476,0.160,-1,400.000,-1,400.000,-1,325.000,325.000,300.000,300.000,-1,1000.000,-1,-1,775.000,775.000,-1,-1,2,0,2,0,2,0,0,0,0,2,1,2,2,1,0,2,2
150,-1512.722,4325.923,123.720,-75.175,0,0.65508,0.20000,39.305,0.400,-1,400.000,-1,400.000,-1,325.000,325.000,300.000,300.000,-1,-1,-1,-1,750.000,775.000,-1,-1,2,0,2,0,2,0,0,0,0,2,2,2,2,1,0,2,2
151,-1501.318,4283.318,121.400,-75.015,0,0.73508,0.08000,44.105,0.160,1000.000,400.000,-1,400.000,-1,325.000,325.000,300.000,300.000,-1,-1,-1,-1,750.000,775.000,975.000,-1,1,0,2,0,2,0,0,0,0,2,2,2,2,1,0,1,2
152,-1488.739,4236.059,118.824,-75.095,0,0.81508,-0.04000,48.905,-0.080,925.000,400.000,-1,400.000,-1,325.000,325.000,300.000,300.000,-1,-1,-1,-1,725.000,775.000,925.000,-1,1,0,2,0,2,0,0,0,0,2,2,2,2,1,0,1,2
153,-1475.215,4184.084,115.993,-75.415,0,0.89508,-0.16000,53.705,-0.320,875.000,400.000,-1,400.000,-1,325.000,325.000,300.000,300.000,-1,-1,-1,-1,725.000,775.000,900.000,-1,1,0,2,0,2,0,0,0,0,2,2,2,2,1,0,1,2
154,-1461.833,4130.515,113.100,-75.975,0,0.92025,-0.28000,55.215,-0.560,825.000,400.000,-1,400.000,-1,325.000,325.000,300.000,300.000,-1,-1,-1,-1,700.000,775.000,850.000,-1,1,0,2,0,2,0,0,0,0,2,2,2,2,1,0,1,2
155,-1449.222,4076.855,110.243,-76.775,0,0.91870,-0.40000,55.122,-0.800,750.000,400.000,-1,400.000,-1,325.000,325.000,300.000,300.000,-1,-1,-1,-1,700.000,775.000,800.000,-1,1,0,2,0,2,0,0,0,0,2,2,2,2,1,0,1,2
156,-1437.600,4023.032,107.432,-77.815,0,0.91773,-0.52000,55.064,-1.040,700.000,400.000,-1,400.000,-1,325.000,325.000,300.000,300.000,-1,-1,-1,-1,700.000,775.000,775.000,-1,1,0,2,0,2,0,0,0,0,2,2,2,2,1,0,1,2
157,-1427.187,3968.987,104.633,-79.095,0,0.91731,-0.64000,55.039,-1.280,650.000,400.000,-1,400.000,-1,325.000,325.000,300.000,300.000,-1,-1,-1,-1,700.000,775.000,750.000,-1,1,0,2,0,2,0,0,0,0,2,2,2,2,1,0,1,2
158,-1417.076,3910.009,101.567,-80.272,0,0.99731,-0.58868,59.839,-1.177,600.000,400.000,-1,400.000,-1,325.000,325.000,300.000,300.000,-1,-1,-1,-1,700.000,775.000,725.000,-1,1,0,2,0,2,0,0,0,0,2,2,2,2,1,0,1,2
159,-1408.138,3850.678,98.491,-81.432,0,1.00000,-0.58021,60.000,-1.160,575.000,400.000,-1,400.000,-1,325.000,325.000,300.000,300.000,-1,-1,-1,-1,700.000,775.000,700.000,-1,1,0,2,0,2,0,0,0,0,2,2,2,2,1,0,1,2
160,-1400.384,3791.181,95.459,-82.575,0,1.00000,-0.57111,60.000,-1.142,550.000,400.000,-1,400.000,-1,325.000,325.000,300.000,300.000,-1,-1,-1,-1,725.000,775.000,700.000,-1,1,0,2,0,2,0,0,0,0,2,2,2,2,1,0,1,2
161,-1393.797,3731.544,92.484,-83.698,0,1.00000,-0.56141,60.000,-1.123,525.000,400.000,-1,400.000,-1,325.000,325.000,300.000,300.000,-1,-1,-1,-1,725.000,775.000,725.000,-1,1,0,2,0,2,0,0,0,0,2,2,2,2,1,0,1,2
162,-1388.359,3671.791,89.566,-84.800,0,1.00000,-0.55111,60.000,-1.102,500.000,400.000,-1,400.000,-1,325.000,325.000,300.000,300.000,-1,-1,-1,-1,750.000,775.000,750.000,-1,1,0,2,0,2,0,0,0,0,2,2,2,2,1,0,1,2
163,-1384.048,3611.946,86.704,-85.880,0,1.00000,-0.54024,60.000,-1.080,475.000,400.000,-1,400.000,-1,325.000,325.000,300.000,300.000,-1,-1,-1,-1,750.000,775.000,800.000,-1,1,0,2,0,2,0,0,0,0,2,2,2,2,0,0,1,2
164,-1380.843,3552.032,83.898,-86.938,0,1.00000,-0.52884,60.000,-1.058,475.000,400.000,-1,400.000,-1,325.000,325.000,300.000,300.000,-1,-1,-1,-1,750.000,775.000,850.000,-1,1,0,2,0,2,0,0,1,0,2,2,2,2,0,0,1,2
165,-1378.720,3492.069,81.143,-87.972,0,1.00000,-0.51697,60.000,-1.034,500.000,400.000,-1,400.000,-1,325.000,325.000,275.000,300.000,-1,-1,-1,-1,750.000,775.000,900.000,-1,1,0,2,0,2,0,0,1,0,2,2,2,2,0,0,1,2
166,-1377.653,3432.079,78.444,-88.981,0,1.00000,-0.50469,60.000,-1.009,525.000,400.000,-1,400.000,-1,325.000,325.000,275.000,300.000,-1,-1,-1,-1,750.000,775.000,-1,-1,1,0,2,0,2,0,0,1,0,2,2,2,2,0,0,2,2
167,-1377.617,3372.079,75.801,-89.965,0,1.00000,-0.49211,60.000,-0.984,550.000,400.000,-1,400.000,-1,325.000,325.000,250.000,300.000,-1,-1,-1,-1,750.000,775.000,-1,-1,1,0,2,0,2,0,0,1,0,2,2,2,2,0,0,2,2
168,-1378.584,3312.087,73.215,-90.924,0,1.00000,-0.47933,60.000,-0.959,575.000,400.000,-1,400.000,-1,325.000,325.000,250.000,300.000,-1,-1,-1,-1,750.000,775.000,-1,-1,1,0,2,0,2,0,0,1,0,2,2,2,2,0,0,2,2
169,-1380.526,3252.525,70.652,-91.867,0,0.99322,-0.47151,59.593,-0.943,600.000,400.000,-1,400.000,-1,325.000,325.000,250.000,300.000,-1,-1,-1,-1,750.000,775.000,-1,-1,1,0,2,0,2,0,0,1,0,2,2,2,2,0,0,2,2
170,-1382.983,3197.787,68.280,-92.570,0,0.91322,-0.35151,54.793,-0.703,625.000,400.000,-1,400.000,-1,325.000,325.000,250.000,300.000,-1,-1,-1,-1,750.000,775.000,-1,-1,1,0,2,0,2,0,0,1,0,2,2,2,2,0,0,2,2
171,-1385.792,3144.773,66.005,-93.033,0,0.88480,-0.23151,53.088,-0.463,650.000,400.000,-1,400.000,-1,325.000,325.000,250.000,300.000,-1,-1,-1,-1,750.000,775.000,-1,-1,1,0,2,0,2,0,0,1,0,2,2,2,2,0,0,2,2
172,-1388.864,3090.782,63.698,-93.256,0,0.90130,-0.11151,54.078,-0.223,725.000,400.000,-1,400.000,-1,325.000,325.000,225.000,300.000,-1,-1,-1,-1,750.000,775.000,-1,-1,1,0,2,0,2,0,0,1,0,2,2,2,2,0,0,2,2
173,-1391.857,3037.882,61.434,-93.239,0,0.88309,0.00849,52.985,0.017,-1,400.000,-1,400.000,-1,325.000,325.000,225.000,300.000,-1,-1,-1,-1,750.000,775.000,-1,-1,2,0,2,0,2,0,0,1,0,2,2,2,2,0,0,2,2
174,-1394.561,2985.976,59.198,-92.982,0,0.86627,0.12849,51.976,0.257,-1,400.000,-1,400.000,-1,325.000,325.000,225.000,300.000,-1,-1,-1,-1,750.000,775.000,-1,-1,2,0,2,0,2,0,0,1,0,2,2,2,2,0,0,2,2
175,-1396.776,2934.959,56.975,-92.485,0,0.85109,0.24849,51.065,0.497,-1,400.000,-1,400.000,-1,325.000,325.000,225.000,300.000,-1,-1,-1,-1,750.000,775.000,-1,-1,2,0,2,0,2,0,0,1,0,2,2,2,2,0,0,2,2
176,-1398.309,2884.720,54.751,-91.748,0,0.83771,0.36849,50.262,0.737,-1,400.000,-1,400.000,-1,325.000,325.000,250.000,300.000,-1,-1,-1,-1,750.000,775.000,-1,-1,2,0,2,0,2,0,0,1,0,2,2,2,2,0,0,2,2
177,-1398.976,2835.152,52.514,-90.771,0,0.82620,0.48849,49.572,0.977,-1,400.000,-1,400.000,-1,325.000,325.000,250.000,300.000,-1,-1,-1,-1,750.000,775.000,-1,-1,2,0,2,0,2,0,0,1,0,2,2,2,2,0,0,2,2
178,-1398.685,2786.159,50.256,-89.660,0,0.81658,0.55582,48.995,1.112,-1,400.000,-1,400.000,-1,325.000,325.000,225.000,300.000,-1,-1,-1,-1,750.000,775.000,-1,-1,2,0,2,0,2,0,0,1,0,2,2,2,2,0,0,2,2
179,-1397.461,2737.681,47.975,-88.553,0,0.80822,0.55323,48.493,1.106,-1,400.000,-1,400.000,-1,325.000,325.000,225.000,300.000,-1,-1,-1,-1,750.000,775.000,-1,-1,2,0,2,0,2,0,0,1,0,2,2,2,2,0,0,2,2
180,-1395.327,2689.709,45.673,-87.453,0,0.80031,0.55015,48.019,1.100,-1,400.000,-1,400.000,-1,325.000,325.000,225.000,300.000,-1,-1,-1,-1,750.000,775.000,-1,-1,2,0,2,0,2,0,0,1,0,2,2,2,2,0,0,2,2
181,-1392.306,2642.233,43.345,-86.360,0,0.79288,0.54661,47.573,1.093,-1,400.000,-1,400.000,-1,325.000,325.000,225.000,300.000,-1,-1,-1,-1,750.000,775.000,-1,-1,2,0,2,0,2,0,0,1,0,2,2,2,2,0,0,2,2
182,-1388.421,2595.237,40.955,-85.274,0,0.78593,0.54263,47.156,1.085,-1,400.000,-1,400.000,-1,325.000,325.000,225.000,300.000,-1,-1,-1,-1,750.000,775.000,-1,-1,2,0,2,0,2,0,0,1,0,2,2,2,2,0,0,2,2
183,-1383.178,2543.665,38.245,-84.195,0,0.86396,0.53971,51.837,1.079,-1,400.000,-1,400.000,-1,325.000,325.000,225.000,300.000,-1,-1,-1,-1,750.000,775.000,-1,-1,2,0,2,0,2,0,0,1,0,2,2,2,2,0,0,2,2
184,-1377.012,2492.606,35.514,-83.114,0,0.85717,0.54056,51.430,1.081,-1,400.000,-1,400.000,-1,325.000,325.000,225.000,300.000,-1,-1,-1,-1,750.000,775.000,-1,-1,2,0,2,0,2,0,0,1,0,2,2,2,2,0,0,2,2
185,-1369.940,2442.069,32.765,-82.034,0,0.85048,0.53963,51.029,1.079,-1,400.000,-1,400.000,-1,325.000,325.000,225.000,300.000,-1,-1,-1,-1,750.000,775.000,-1,-1,2,0,2,0,2,0,0,1,0,2,2,2,2,0,0,2,2
186,-1361.983,2392.065,29.999,-80.958,0,0.84389,0.53819,50.633,1.076,-1,400.000,-1,400.000,-1,325.000,325.000,225.000,300.000,-1,-1,-1,-1,750.000,775.000,-1,-1,2,0,2,0,2,0,0,1,0,2,2,2,2,0,0,2,2
187,-1353.159,2342.602,27.219,-79.886,0,0.83740,0.53625,50.244,1.073,-1,400.000,-1,400.000,-1,325.000,325.000,225.000,300.000,-1,-1,-1,-1,750.000,775.000,-1,-1,2,0,2,0,2,0,0,1,0,2,2,2,2,0,0,2,2
188,-1343.490,2293.688,24.428,-78.818,0,0.83102,0.53383,49.861,1.068,-1,400.000,-1,400.000,-1,325.000,325.000,200.000,300.000,-1,-1,-1,-1,750.000,775.000,-1,-1,2,0,2,0,2,0,0,1,0,2,2,2,2,0,0,2,2
189,-1333.745,2249.693,21.871,-77.510,0,0.75102,0.65383,45.061,1.308,-1,400.000,-1,400.000,-1,325.000,325.000,200.000,300.000,-1,-1,-1,-1,775.000,775.000,-1,-1,2,0,2,0,2,0,0,1,0,2,2,2,2,0,0,2,2
190,-1323.979,2210.634,19.579,-75.963,0,0.67102,0.77383,40.261,1.548,-1,400.000,-1,400.000,-1,325.000,325.000,200.000,300.000,-1,-1,-1,-1,775.000,775.000,-1,-1,2,0,2,0,2,0,0,1,0,2,2,2,2,0,0,2,2
191,-1313.183,2172.373,17.898,-74.243,0,0.66259,0.85974,39.755,1.719,-1,400.000,-1,400.000,-1,325.000,325.000,200.000,300.000,-1,-1,-1,-1,800.000,775.000,-1,-1,2,0,2,0,2,0,0,1,0,2,2,2,2,0,0,2,2
192,-1301.253,2134.467,16.092,-72.529,0,0.66231,0.85696,39.738,1.714,-1,400.000,-1,400.000,-1,325.000,325.000,200.000,300.000,-1,-1,-1,-1,800.000,800.000,-1,-1,2,0,2,0,2,0,0,1,0,2,2,2,2,0,0,2,2
193,-1288.205,2096.954,14.161,-70.821,0,0.66197,0.85412,39.718,1.708,-1,400.000,-1,400.000,-1,325.000,325.000,200.000,300.000,-1,-1,-1,-1,825.000,800.000,-1,-1,2,0,2,0,2,0,0,1,0,2,2,2,2,0,0,2,2
194,-1274.056,2059.866,12.101,-69.119,0,0.66158,0.85123,39.695,1.702,-1,425.000,-1,400.000,-1,350.000,325.000,200.000,300.000,-1,-1,-1,-1,850.000,825.000,-1,-1,2,0,2,0,2,0,0,1,0,2,2,2,2,0,0,2,2
195,-1258.826,2023.239,9.906,-67.422,0,0.66113,0.84829,39.668,1.697,-1,425.000,-1,425.000,-1,350.000,350.000,200.000,300.000,-1,-1,925.000,-1,850.000,825.000,-1,-1,2,0,2,0,2,0,0,1,0,2,2,0,2,0,0,2,2
196,-1242.535,1987.104,7.565,-65.731,0,0.66062,0.84529,39.637,1.691,-1,425.000,-1,425.000,-1,350.000,350.000,200.000,300.000,-1,-1,875.000,-1,850.000,825.000,-1,-1,2,0,2,0,2,0,0,1,0,2,2,0,2,0,0,2,2
197,-1225.203,1951.495,5.092,-64.047,0,0.66005,0.84224,39.603,1.684,-1,425.000,-1,425.000,-1,350.000,350.000,200.000,300.000,-1,-1,850.000,-1,850.000,825.000,-1,-1,2,0,2,0,2,0,0,1,0,2,2,0,2,0,0,2,2
198,-1206.853,1916.442,2.488,-62.369,0,0.65943,0.83914,39.566,1.678,-1,425.000,-1,425.000,-1,350.000,350.000,200.000,300.000,-1,-1,850.000,-1,850.000,825.000,-1,-1,2,0,2,0,2,0,0,1,0,2,2,0,2,0,0,2,2
199,-1187.508,1881.975,-0.247,-60.697,0,0.65875,0.83598,39.525,1.672,-1,425.000,-1,425.000,-1,350.000,350.000,200.000,300.000,-1,-1,900.000,-1,850.000,825.000,-1,-1,2,0,2,0,2,0,0,1,0,2,2,0,2,0,0,2,2
200,-1167.192,1848.121,-3.126,-59.031,0,0.65802,0.83277,39.481,1.666,-1,425.000,-1,425.000,-1,325.000,325.000,200.000,300.000,-1,-1,950.000,-1,850.000,825.000,-1,-1,2,0,2,0,2,0,0,1,0,2,2,0,2,0,0,2,2
201,-1145.930,1814.910,-6.126,-57.372,0,0.65725,0.82950,39.435,1.659,-1,400.000,-1,400.000,-1,325.000,325.000,200.000,300.000,-1,-1,-1,-1,825.000,825.000,-1,-1,2,0,2,0,2,0,0,1,0,2,2,2,2,0,0,2,2
202,-1123.746,1782.365,-9.242,-55.720,0,0.65643,0.82618,39.386,1.652,-1,400.000,-1,400.000,-1,325.000,325.000,200.000,300.000,-1,-1,-1,-1,800.000,800.000,-1,-1,2,0,2,0,2,0,0,1,0,2,2,2,2,0,0,2,2
203,-1100.667,1750.513,-12.469,-54.074,0,0.65557,0.82282,39.334,1.646,-1,400.000,-1,400.000,-1,325.000,325.000,175.000,300.000,-1,-1,-1,-1,775.000,800.000,-1,-1,2,0,2,0,2,0,0,1,0,2,2,2,2,0,0,2,2
204,-1076.719,1719.377,-15.340,-52.435,0,0.65468,0.81940,39.281,1.639,-1,400.000,-1,400.000,-1,325.000,325.000,175.000,300.000,-1,-1,-1,-1,750.000,800.000,-1,-1,2,0,2,0,2,0,0,1,0,2,2,2,2,0,0,2,2
205,-1051.929,1688.977,-18.032,-50.803,0,0.65376,0.81593,39.226,1.632,-1,400.000,-1,400.000,-1,325.000,325.000,175.000,300.000,-1,-1,-1,-1,750.000,800.000,-1,-1,2,0,2,0,2,0,0,1,0,2,2,2,2,0,0,2,2
206,-1026.324,1659.336,-20.729,-49.179,0,0.65282,0.81241,39.169,1.625,-1,400.000,-1,400.000,-1,325.000,325.000,175.000,300.000,-1,-1,-1,-1,750.000,800.000,-1,-1,2,0,2,0,2,0,0,1,0,2,2,2,2,0,0,2,2
207,-999.931,1630.471,-23.389,-47.561,0,0.65187,0.80884,39.112,1.618,-1,400.000,-1,400.000,-1,325.000,325.000,175.000,300.000,-1,-1,-1,-1,725.000,800.000,-1,-1,2,0,2,0,2,0,0,1,0,2,2,2,2,0,0,2,2
208,-972.777,1602.402,-26.021,-45.951,0,0.65090,0.80522,39.054,1.610,-1,400.000,-1,400.000,-1,325.000,325.000,175.000,300.000,-1,-1,-1,-1,725.000,800.000,-1,-1,2,0,2,0,2,0,0,1,0,2,2,2,2,0,0,2,2
209,-944.891,1575.143,-28.657,-44.347,0,0.64993,0.80156,38.996,1.603,-1,400.000,-1,400.000,-1,325.000,325.000,175.000,300.000,-1,-1,-1,-1,725.000,800.000,-1,-1,2,0,2,0,2,0,0,1,0,2,2,2,2,0,0,2,2
210,-916.299,1548.712,-30.668,-42.752,0,0.64896,0.79786,38.937,1.596,-1,400.000,-1,400.000,-1,325.000,325.000,200.000,300.000,-1,-1,-1,-1,700.000,800.000,-1,-1,2,0,2,0,2,0,0,1,0,2,2,2,2,0,0,2,2
211,-887.029,1523.121,-32.712,-41.163,0,0.64799,0.79411,38.880,1.588,-1,400.000,-1,400.000,-1,325.000,325.000,200.000,300.000,-1,-1,-1,-1,700.000,775.000,-1,-1,2,0,2,0,2,0,0,1,0,2,2,2,2,0,0,2,2
212,-857.109,1498.384,-34.837,-39.583,0,0.64704,0.79031,38.823,1.581,-1,375.000,-1,400.000,-1,325.000,325.000,200.000,300.000,-1,-1,-1,-1,700.000,750.000,-1,-1,2,0,2,0,2,0,0,1,0,2,2,2,2,0,0,2,2
213,-826.564,1474.511,-37.047,-38.010,0,0.64611,0.78648,38.767,1.573,-1,375.000,-1,400.000,-1,325.000,325.000,200.000,300.000,-1,-1,-1,-1,675.000,750.000,-1,-1,2,0,2,0,2,0,0,1,0,2,2,2,2,0,0,2,2
214,-791.406,1448.782,-39.641,-36.197,0,0.72611,0.90648,43.567,1.813,-1,375.000,-1,400.000,-1,325.000,325.000,225.000,300.000,-1,-1,-1,-1,675.000,725.000,-1,-1,2,0,2,0,2,0,0,1,0,2,2,2,2,0,0,2,2
215,-751.402,1421.598,-42.645,-34.197,0,0.80611,1.00000,48.367,2.000,-1,375.000,-1,375.000,-1,300.000,325.000,225.000,300.000,-1,-1,-1,-1,650.000,700.000,-1,-1,2,0,2,0,2,0,0,1,0,2,2,2,2,0,0,2,2
216,-707.484,1393.945,-45.708,-32.197,0,0.86498,1.00000,51.899,2.000,-1,375.000,-1,375.000,-1,300.000,300.000,225.000,300.000,-1,-1,-1,-1,650.000,700.000,-1,-1,2,0,2,0,2,0,0,1,0,2,2,2,2,0,0,2,2
217,-662.703,1367.885,-48.901,-30.197,0,0.86353,1.00000,51.812,2.000,-1,375.000,-1,375.000,-1,300.000,300.000,225.000,300.000,-1,-1,-1,-1,650.000,675.000,-1,-1,2,0,2,0,2,0,0,1,0,2,2,2,2,0,0,2,2
218,-617.108,1343.441,-52.242,-28.197,0,0.86224,1.00000,51.734,2.000,-1,375.000,-1,375.000,-1,300.000,300.000,225.000,300.000,-1,-1,-1,-1,650.000,675.000,-1,-1,2,0,2,0,2,0,0,1,0,2,2,2,2,0,0,2,2
219,-570.748,1320.632,-55.691,-26.197,0,0.86112,1.00000,51.667,2.000,-1,375.000,-1,375.000,-1,300.000,300.000,250.000,300.000,-1,-1,-1,-1,650.000,675.000,-1,-1,2,0,2,0,2,0,0,1,0,2,2,2,2,0,0,2,2
220,-523.673,1299.478,-59.209,-24.197,0,0.86016,1.00000,51.609,2.000,-1,375.000,-1,375.000,-1,300.000,300.000,250.000,300.000,-1,-1,-1,-1,650.000,675.000,-1,-1,2,0,2,0,2,0,0,1,0,2,2,2,2,0,0,2,2
221,-475.932,1279.999,-62.246,-22.197,0,0.85936,1.00000,51.562,2.000,-1,375.000,-1,375.000,-1,300.000,300.000,250.000,300.000,-1,-1,-1,-1,650.000,675.000,-1,-1,2,0,2,0,2,0,0,1,0,2,2,2,2,0,0,2,2
222,-427.577,1262.210,-64.853,-20.197,0,0.85873,1.00000,51.524,2.000,-1,375.000,-1,375.000,-1,300.000,300.000,250.000,300.000,-1,-1,950.000,-1,650.000,700.000,-1,-1,2,0,2,0,2,0,0,1,0,2,2,0,2,0,0,2,2
223,-378.656,1246.129,-67.015,-18.197,0,0.85826,1.00000,51.496,2.000,-1,375.000,-1,375.000,-1,300.000,300.000,250.000,300.000,-1,900.000,725.000,-1,650.000,675.000,-1,-1,2,0,2,0,2,0,0,1,0,2,0,0,2,0,0,2,2
224,-329.222,1231.770,-69.107,-16.197,0,0.85795,1.00000,51.477,2.000,-1,375.000,-1,375.000,-1,300.000,300.000,250.000,325.000,-1,725.000,625.000,-1,650.000,675.000,-1,-1,2,0,2,0,2,0,0,1,0,2,0,0,2,0,0,2,2
225,-279.326,1219.147,-71.127,-14.197,0,0.85780,1.00000,51.468,2.000,-1,375.000,-1,375.000,-1,300.000,300.000,250.000,325.000,-1,600.000,525.000,-1,650.000,675.000,-1,-1,2,0,2,0,2,0,0,1,0,2,0,0,2,0,0,2,2
226,-229.021,1208.274,-73.072,-12.197,0,0.85779,1.00000,51.467,2.000,-1,375.000,-1,375.000,-1,300.000,300.000,275.000,325.000,-1,550.000,475.000,-1,650.000,650.000,-1,-1,2,0,2,0,2,0,0,1,0,2,0,0,2,0,0,2,2
227,-178.358,1199.161,-74.939,-10.197,0,0.85792,1.00000,51.475,2.000,950.000,375.000,-1,375.000,-1,300.000,300.000,275.000,325.000,-1,475.000,425.000,-1,650.000,650.000,-1,-1,1,0,2,0,2,0,0,1,0,2,0,0,2,0,0,2,2
228,-127.393,1191.820,-76.726,-8.197,0,0.85819,1.00000,51.492,2.000,900.000,375.000,-1,375.000,-1,300.000,300.000,275.000,325.000,-1,400.000,375.000,-1,650.000,650.000,-1,-1,1,0,2,0,2,0,0,1,0,2,0,0,2,0,0,2,2
229,-76.178,1186.259,-78.429,-6.197,0,0.85859,1.00000,51.516,2.000,850.000,375.000,-1,375.000,-1,300.000,300.000,275.000,300.000,-1,350.000,350.000,-1,650.000,650.000,-1,-1,1,0,2,0,2,0,0,1,0,2,0,0,2,0,0,2,2
230,-24.770,1182.486,-80.021,-4.197,0,0.85911,1.00000,51.547,2.000,800.000,375.000,-1,350.000,-1,300.000,300.000,275.000,300.000,-1,325.000,300.000,-1,650.000,625.000,-1,-1,1,0,2,0,2,0,0,1,0,2,0,0,2,0,0,2,2
231,26.777,1180.509,-80.580,-2.197,0,0.85974,1.00000,51.584,2.000,775.000,375.000,-1,350.000,-1,300.000,300.000,275.000,300.000,-1,325.000,325.000,-1,650.000,625.000,-1,-1,1,0,2,0,2,0,0,1,0,2,0,0,2,0,0,2,2
232,82.999,1180.316,-80.120,-0.197,0,0.93704,1.00000,56.222,2.000,725.000,375.000,-1,350.000,-1,300.000,300.000,275.000,300.000,-1,350.000,350.000,-1,675.000,650.000,-1,-1,1,0,2,0,2,0,0,1,0,2,0,0,2,0,0,2,2
233,139.160,1182.084,-79.558,1.803,0,0.93648,1.00000,56.189,2.000,700.000,375.000,-1,375.000,-1,300.000,300.000,275.000,325.000,-1,375.000,375.000,-1,675.000,650.000,-1,-1,1,0,2,0,2,0,0,1,0,2,0,0,2,0,0,2,2
234,195.181,1185.808,-78.900,3.803,0,0.93575,1.00000,56.145,2.000,650.000,375.000,-1,375.000,-1,300.000,300.000,275.000,325.000,-1,375.000,400.000,-1,700.000,650.000,-1,-1,1,0,2,0,2,0,0,1,0,2,0,0,2,0,0,2,2
235,250.985,1191.479,-78.150,5.803,0,0.93485,1.00000,56.091,2.000,625.000,375.000,-1,375.000,-1,300.000,300.000,275.000,325.000,-1,400.000,425.000,-1,700.000,650.000,-1,-1,1,0,2,0,2,0,0,1,0,2,0,0,2,0,0,2,2
236,306.493,1199.086,-77.314,7.803,0,0.93378,1.00000,56.027,2.000,575.000,375.000,-1,375.000,-1,300.000,300.000,275.000,325.000,-1,425.000,450.000,-1,700.000,650.000,-1,-1,1,0,2,0,2,0,0,1,0,2,0,0,2,0,0,2,2
237,361.629,1208.613,-76.395,9.803,0,0.93255,1.00000,55.953,2.000,550.000,375.000,-1,375.000,-1,325.000,300.000,275.000,325.000,-1,425.000,450.000,-1,700.000,675.000,-1,-1,1,0,2,0,2,0,0,1,0,2,0,0,2,1,0,2,2
238,416.318,1220.041,-75.396,11.803,0,0.93117,1.00000,55.870,2.000,500.000,400.000,-1,375.000,-1,325.000,300.000,250.000,300.000,-1,450.000,475.000,-1,700.000,675.000,-1,-1,1,0,2,0,2,0,0,1,0,2,0,0,2,1,0,2,2
239,470.485,1233.349,-74.320,13.803,0,0.92964,1.00000,55.778,2.000,475.000,400.000,-1,375.000,-1,325.000,300.000,250.000,300.000,-1,400.000,450.000,-1,675.000,675.000,-1,-1,1,0,2,0,2,0,0,1,0,2,0,0,2,1,0,2,2
240,524.059,1248.511,-73.172,15.803,0,0.92797,1.00000,55.678,2.000,425.000,400.000,-1,375.000,-1,325.000,325.000,250.000,300.000,-1,375.000,425.000,-1,675.000,700.000,-1,-1,1,0,2,0,2,0,0,1,0,2,0,0,2,1,0,2,2
241,576.969,1265.502,-71.756,17.803,0,0.92618,1.00000,55.571,2.000,375.000,400.000,-1,375.000,-1,325.000,325.000,250.000,300.000,-1,375.000,425.000,-1,675.000,700.000,-1,-1,1,1,2,0,2,0,0,1,0,2,0,0,2,1,0,2,2
242,629.147,1284.290,-69.213,19.803,0,0.92429,1.00000,55.457,2.000,350.000,375.000,-1,375.000,-1,325.000,325.000,225.000,300.000,-1,375.000,425.000,-1,675.000,700.000,-1,-1,1,1,2,0,2,0,0,1,0,2,0,0,2,1,0,2,2
243,677.568,1303.426,-65.732,21.563,0,0.86775,0.88000,52.065,1.760,375.000,375.000,-1,400.000,-1,325.000,325.000,225.000,300.000,-1,350.000,400.000,-1,750.000,750.000,-1,-1,1,1,2,0,2,0,0,1,0,2,0,0,2,1,0,2,2
244,729.880,1325.721,-61.928,23.083,0,0.94775,0.76000,56.865,1.520,450.000,400.000,-1,400.000,-1,350.000,350.000,225.000,300.000,-1,350.000,375.000,-1,950.000,775.000,-1,-1,1,1,2,0,2,1,0,1,0,2,0,0,2,0,0,2,2
245,782.141,1349.387,-57.726,24.363,0,0.95616,0.64000,57.369,1.280,-1,400.000,-1,425.000,-1,350.000,350.000,225.000,300.000,-1,375.000,375.000,-1,-1,800.000,-1,-1,2,1,2,0,2,1,0,1,0,2,0,0,2,2,0,2,2
246,833.950,1373.991,-53.736,25.403,0,0.95591,0.52000,57.355,1.040,-1,425.000,-1,425.000,-1,350.000,350.000,225.000,275.000,-1,375.000,375.000,-1,-1,825.000,-1,-1,2,1,2,0,2,1,0,1,0,2,0,0,2,2,0,2,2
247,885.323,1399.273,-50.088,26.203,0,0.95427,0.40000,57.256,0.800,-1,425.000,-1,425.000,-1,350.000,375.000,225.000,275.000,-1,400.000,375.000,-1,-1,850.000,-1,-1,2,1,2,0,2,1,0,1,0,2,0,0,2,2,0,2,2
248,936.275,1424.969,-46.731,26.763,0,0.95108,0.28000,57.065,0.560,-1,450.000,-1,450.000,-1,375.000,375.000,225.000,275.000,-1,425.000,400.000,-1,-1,875.000,-1,-1,2,1,2,0,2,1,1,1,0,2,0,0,2,2,0,2,2
249,986.821,1450.816,-43.693,27.083,0,0.94620,0.16000,56.772,0.320,-1,475.000,-1,450.000,-1,375.000,375.000,200.000,275.000,1000.000,425.000,350.000,-1,-1,875.000,-1,-1,2,1,2,0,2,1,1,1,0,1,0,0,2,2,0,2,2
250,1036.952,1476.596,-40.980,27.214,0,0.93950,0.06559,56.370,0.131,-1,500.000,-1,450.000,-1,400.000,375.000,200.000,275.000,950.000,450.000,350.000,-1,-1,900.000,-1,-1,2,1,2,0,2,1,0,1,0,1,0,0,2,2,0,2,2
251,1086.565,1502.276,-38.545,27.366,0,0.93109,0.07607,55.866,0.152,-1,525.000,-1,450.000,-1,400.000,375.000,200.000,275.000,925.000,475.000,350.000,-1,-1,900.000,-1,-1,2,0,2,0,2,0,0,1,0,1,0,0,2,2,0,2,2
252,1135.603,1527.846,-36.384,27.539,0,0.92174,0.08651,55.304,0.173,-1,525.000,-1,450.000,-1,400.000,375.000,175.000,275.000,875.000,475.000,350.000,-1,-1,875.000,-1,-1,2,0,2,0,2,0,0,1,0,1,0,0,2,2,0,2,2
253,1184.024,1553.278,-34.180,27.709,0,0.91156,0.08495,54.693,0.170,-1,500.000,-1,450.000,-1,400.000,375.000,175.000,275.000,850.000,525.000,400.000,-1,-1,875.000,-1,-1,2,0,2,0,2,0,0,1,0,1,0,0,2,2,0,2,2
254,1231.792,1578.542,-31.002,27.874,0,0.90063,0.08254,54.038,0.165,-1,500.000,-1,425.000,-1,375.000,350.000,175.000,275.000,875.000,775.000,775.000,-1,-1,825.000,-1,-1,2,0,2,0,2,0,0,1,0,1,0,0,2,2,0,2,2
255,1278.883,1603.616,-28.064,28.033,0,0.88918,0.07931,53.351,0.159,-1,475.000,-1,400.000,-1,375.000,350.000,175.000,275.000,925.000,-1,-1,-1,-1,775.000,-1,-1,2,0,2,0,2,0,0,1,0,1,2,2,2,2,0,2,2
256,1325.287,1628.481,-25.395,28.184,0,0.87744,0.07527,52.646,0.151,-1,450.000,-1,400.000,-1,350.000,350.000,175.000,275.000,975.000,-1,-1,-1,975.000,750.000,-1,-1,2,0,2,0,2,0,0,1,0,1,2,2,2,0,0,2,2
257,1371.010,1653.125,-22.993,28.324,0,0.86568,0.07044,51.941,0.141,-1,450.000,-1,375.000,-1,350.000,325.000,175.000,275.000,1000.000,-1,-1,-1,900.000,700.000,-1,-1,2,0,2,0,2,0,0,1,0,1,2,2,2,0,0,2,2
258,1416.069,1677.544,-21.016,28.454,0,0.85417,0.06486,51.250,0.130,-1,425.000,-1,375.000,-1,325.000,325.000,200.000,275.000,-1,-1,-1,-1,825.000,675.000,-1,-1,2,0,2,0,2,0,0,1,0,2,2,2,2,0,0,2,2
259,1460.498,1701.739,-19.592,28.571,0,0.84317,0.05856,50.590,0.117,-1,400.000,-1,350.000,-1,325.000,300.000,200.000,275.000,-1,-1,-1,-1,775.000,625.000,-1,-1,2,0,2,0,2,0,0,1,0,2,2,2,2,0,0,2,2
260,1504.343,1725.717,-17.706,28.674,0,0.83289,0.05158,49.974,0.103,-1,400.000,-1,350.000,1000.000,300.000,300.000,200.000,275.000,-1,-1,-1,-1,725.000,600.000,-1,-1,2,0,2,0,0,0,0,1,0,2,2,2,2,0,0,2,2
261,1547.637,1749.484,-15.054,28.765,0,0.82314,0.04518,49.388,0.090,-1,400.000,-1,350.000,975.000,300.000,300.000,200.000,275.000,-1,-1,-1,-1,725.000,600.000,-1,-1,2,0,2,0,0,0,0,1,0,2,2,2,2,0,0,2,2
262,1590.356,1773.018,-12.628,28.851,0,0.81287,0.04307,48.772,0.086,-1,375.000,-1,350.000,950.000,300.000,300.000,225.000,275.000,-1,-1,-1,-1,725.000,600.000,-1,-1,2,0,2,0,0,0,0,1,0,2,2,2,2,0,0,2,2
263,1632.555,1796.344,-10.417,28.932,0,0.80361,0.04053,48.216,0.081,-1,375.000,-1,350.000,950.000,300.000,300.000,250.000,275.000,950.000,-1,-1,-1,725.000,600.000,-1,-1,2,0,2,0,0,0,0,1,0,1,2,2,2,0,0,2,2
264,1674.290,1819.486,-8.415,29.007,0,0.79537,0.03763,47.722,0.075,-1,375.000,-1,350.000,-1,300.000,300.000,250.000,275.000,800.000,-1,-1,-1,750.000,600.000,-1,-1,2,0,2,0,2,0,0,1,0,1,2,2,2,0,0,2,2
265,1715.621,1842.467,-6.615,29.076,0,0.78817,0.03438,47.290,0.069,-1,400.000,-1,350.000,-1,300.000,300.000,275.000,275.000,625.000,-1,-1,-1,750.000,625.000,-1,-1,2,0,2,0,2,0,0,1,0,1,2,2,2,0,0,2,2
266,1756.601,1865.312,-5.009,29.138,0,0.78197,0.03082,46.918,0.062,-1,400.000,-1,350.000,-1,300.000,300.000,300.000,275.000,475.000,-1,-1,-1,750.000,625.000,-1,-1,2,0,2,0,2,0,0,1,0,1,2,2,2,0,0,2,2
267,1797.287,1888.043,-3.595,29.192,0,0.77675,0.02698,46.605,0.054,-1,400.000,-1,350.000,-1,300.000,300.000,325.000,275.000,450.000,-1,-1,-1,750.000,625.000,-1,-1,2,0,2,0,2,0,0,1,0,1,2,2,2,0,0,2,2
268,1837.729,1910.680,-2.336,29.237,0,0.77243,0.02289,46.346,0.046,-1,400.000,-1,350.000,-1,300.000,300.000,350.000,275.000,450.000,-1,-1,-1,750.000,650.000,-1,-1,2,0,2,0,2,0,0,1,0,1,2,2,2,0,0,2,2
269,1877.975,1933.241,-1.273,29.275,0,0.76898,0.01856,46.139,0.037,-1,400.000,-1,375.000,-1,325.000,300.000,350.000,275.000,450.000,-1,-1,-1,775.000,675.000,-1,-1,2,0,2,0,2,0,0,1,0,1,2,2,2,0,0,2,2
270,1918.070,1955.744,-0.424,29.303,0,0.76631,0.01401,45.979,0.028,-1,400.000,-1,375.000,-1,325.000,300.000,350.000,275.000,425.000,-1,-1,-1,775.000,675.000,-1,-1,2,0,2,0,2,0,0,0,0,1,2,2,2,0,0,2,2
271,1958.057,1978.203,0.226,29.321,0,0.76437,0.00927,45.862,0.019,-1,400.000,-1,375.000,-1,325.000,300.000,350.000,300.000,425.000,-1,-1,-1,775.000,700.000,-1,-1,2,0,2,0,2,0,0,0,0,1,2,2,2,0,0,2,2
272,1997.974,2000.631,0.701,29.330,0,0.76310,0.00434,45.786,0.009,-1,400.000,-1,375.000,-1,325.000,325.000,325.000,300.000,425.000,-1,-1,-1,775.000,750.000,-1,-1,2,0,2,0,2,0,0,0,0,1,2,2,2,0,0,2,2
273,2037.858,2023.038,0.975,29.328,0,0.76245,-0.00076,45.747,-0.002,-1,400.000,-1,400.000,-1,325.000,325.000,300.000,300.000,400.000,-1,-1,-1,800.000,800.000,-1,-1,2,0,2,0,2,0,0,0,0,1,2,2,2,0,0,2,2
274,2077.741,2045.435,2.302,29.316,0,0.76236,-0.00601,45.742,-0.012,-1,400.000,-1,400.000,-1,325.000,325.000,300.000,300.000,425.000,325.000,-1,-1,800.000,825.000,-1,-1,2,0,2,0,2,0,0,0,0,1,1,2,2,0,0,2,2
275,2113.359,2065.623,4.009,29.544,0,0.68236,0.11399,40.942,0.228,-1,400.000,-1,400.000,-1,325.000,325.000,300.000,300.000,450.000,400.000,-1,-1,800.000,825.000,-1,-1,2,0,2,0,2,0,0,0,0,1,1,2,2,0,0,2,2
276,2144.698,2083.624,5.513,29.874,0,0.60236,0.16484,36.142,0.330,-1,400.000,-1,400.000,-1,325.000,325.000,300.000,300.000,475.000,-1,-1,-1,800.000,825.000,-1,-1,2,0,2,0,2,0,0,0,0,1,2,2,2,0,0,2,2
277,2171.787,2099.387,6.787,30.195,0,0.52236,0.16042,31.342,0.321,-1,400.000,-1,400.000,-1,325.000,325.000,300.000,300.000,500.000,-1,-1,-1,800.000,825.000,-1,-1,2,0,2,0,2,0,0,0,0,1,2,2,2,0,0,2,2
278,2196.595,2114.004,7.951,30.508,0,0.47989,0.15654,28.793,0.313,-1,400.000,-1,400.000,-1,325.000,325.000,300.000,300.000,525.000,-1,-1,-1,800.000,825.000,-1,-1,2,0,2,0,2,0,0,0,0,1,2,2,2,0,0,2,2
279,2221.399,2128.799,9.116,30.814,0,0.48136,0.15295,28.882,0.306,-1,400.000,-1,400.000,-1,325.000,325.000,300.000,300.000,575.000,-1,-1,-1,800.000,850.000,-1,-1,2,0,2,0,2,0,0,0,0,1,2,2,2,0,0,2,2
280,2246.207,2143.771,10.284,31.112,0,0.48292,0.14931,28.975,0.299,-1,400.000,-1,400.000,-1,325.000,325.000,300.000,300.000,600.000,-1,-1,-1,800.000,850.000,-1,-1,2,0,2,0,2,0,0,0,0,1,2,2,2,0,0,2,2
281,2271.022,2158.921,11.454,31.404,0,0.48457,0.14564,29.074,0.291,-1,400.000,-1,400.000,-1,325.000,325.000,300.000,300.000,625.000,-1,-1,-1,800.000,850.000,-1,-1,2,0,2,0,2,0,0,0,0,1,2,2,2,0,0,2,2
282,2295.851,2174.248,12.627,31.687,0,0.48631,0.14193,29.178,0.284,-1,400.000,-1,400.000,-1,325.000,325.000,300.000,300.000,650.000,-1,-1,-1,825.000,850.000,-1,-1,2,0,2,0,2,0,0,0,0,1,2,2,2,0,0,2,2
283,2320.697,2189.752,13.801,31.964,0,0.48812,0.13819,29.287,0.276,-1,400.000,-1,400.000,-1,325.000,325.000,300.000,300.000,700.000,-1,-1,-1,825.000,850.000,-1,-1,2,0,2,0,2,0,0,0,0,1,2,2,2,0,0,2,2
284,2345.567,2205.433,14.978,32.233,0,0.49001,0.13440,29.401,0.269,-1,400.000,-1,400.000,-1,325.000,325.000,300.000,300.000,725.000,-1,-1,-1,825.000,850.000,-1,-1,2,0,2,0,2,0,0,0,0,1,2,2,2,0,0,2,2
285,2370.464,2221.290,16.158,32.494,0,0.49198,0.13058,29.519,0.261,-1,400.000,-1,400.000,-1,325.000,325.000,300.000,300.000,775.000,-1,-1,-1,825.000,875.000,-1,-1,2,0,2,0,2,0,0,0,0,1,2,2,2,0,0,2,2
286,2395.394,2237.324,17.340,32.747,0,0.49401,0.12671,29.641,0.253,-1,400.000,-1,400.000,-1,325.000,325.000,300.000,300.000,800.000,-1,-1,-1,825.000,875.000,-1,-1,2,0,2,0,2,0,0,0,0,1,2,2,2,0,0,2,2
287,2420.361,2253.534,18.512,32.993,0,0.49612,0.12281,29.767,0.246,-1,400.000,-1,400.000,-1,325.000,325.000,300.000,300.000,825.000,-1,-1,-1,850.000,875.000,-1,-1,2,0,2,0,2,0,0,0,0,1,2,2,2,0,0,2,2
288,2445.370,2269.918,19.656,33.231,0,0.49830,0.11887,29.898,0.238,-1,400.000,-1,400.000,-1,325.000,325.000,300.000,300.000,875.000,-1,-1,-1,850.000,875.000,-1,-1,2,0,2,0,2,0,0,0,0,1,2,2,2,0,0,2,2
289,2470.425,2286.477,20.787,33.460,0,0.50054,0.11489,30.033,0.230,-1,400.000,-1,400.000,-1,325.000,325.000,300.000,300.000,900.000,-1,-1,-1,850.000,900.000,-1,-1,2,0,2,0,2,0,0,0,0,1,2,2,2,0,0,2,2
290,2495.532,2303.209,21.921,33.682,0,0.50285,0.11087,30.171,0.222,-1,400.000,-1,425.000,-1,325.000,325.000,300.000,300.000,950.000,-1,-1,-1,850.000,900.000,-1,-1,2,0,2,0,2,0,0,0,0,1,2,2,2,0,0,2,2
291,2520.693,2320.115,23.054,33.896,0,0.50522,0.10682,30.313,0.214,-1,400.000,-1,425.000,-1,325.000,325.000,300.000,300.000,1000.000,-1,-1,-1,875.000,925.000,-1,-1,2,0,2,0,2,0,0,0,0,1,2,2,2,0,0,2,2
292,2545.915,2337.192,24.157,34.101,0,0.50766,0.10272,30.460,0.205,-1,400.000,-1,425.000,-1,325.000,325.000,300.000,300.000,-1,-1,-1,-1,875.000,925.000,-1,-1,2,0,2,0,2,0,0,0,0,2,2,2,2,0,0,2,2
293,2571.202,2354.440,25.097,34.298,0,0.51016,0.09859,30.609,0.197,-1,400.000,-1,425.000,-1,325.000,325.000,300.000,300.000,-1,-1,-1,-1,875.000,925.000,-1,-1,2,0,2,0,2,0,0,0,0,2,2,2,2,0,0,2,2
294,2596.558,2371.859,26.037,34.487,0,0.51271,0.09442,30.763,0.189,-1,400.000,-1,425.000,-1,325.000,325.000,300.000,300.000,-1,-1,-1,-1,875.000,925.000,-1,-1,2,0,2,0,2,0,0,0,0,2,2,2,2,0,0,2,2
295,2621.989,2389.447,26.977,34.668,0,0.51533,0.09020,30.920,0.180,-1,400.000,-1,425.000,-1,325.000,325.000,300.000,300.000,-1,-1,-1,-1,875.000,925.000,-1,-1,2,0,2,0,2,0,0,0,0,2,2,2,2,0,0,2,2
296,2647.498,2407.202,27.917,34.840,0,0.51800,0.08595,31.080,0.172,-1,400.000,-1,425.000,-1,325.000,325.000,300.000,300.000,-1,-1,-1,-1,875.000,925.000,-1,-1,2,0,2,0,2,0,0,0,0,2,2,2,2,0,0,2,2
297,2673.091,2425.124,28.856,35.003,0,0.52073,0.08166,31.244,0.163,-1,400.000,-1,425.000,-1,325.000,325.000,300.000,300.000,-1,-1,-1,-1,875.000,925.000,-1,-1,2,0,2,0,2,0,0,0,0,2,2,2,2,0,0,2,2
298,2698.772,2443.212,29.795,35.158,0,0.52352,0.07733,31.411,0.155,-1,400.000,-1,425.000,-1,325.000,325.000,300.000,300.000,-1,-1,-1,-1,900.000,950.000,-1,-1,2,0,2,0,2,0,0,0,0,2,2,2,2,0,0,2,2
299,2724.546,2461.463,30.717,35.303,0,0.52637,0.07295,31.582,0.146,-1,400.000,-1,425.000,-1,325.000,325.000,300.000,300.000,-1,-1,-1,-1,900.000,950.000,-1,-1,2,0,2,0,2,0,0,0,0,2,2,2,2,0,0,2,2
