timestep,x_cm,y_cm,z_cm,yaw_deg,teleport_flag,throttle_cmd,steering_cmd,cmd_move_cm,cmd_turn_deg,lidar_cm_0,lidar_cm_1,lidar_cm_2,lidar_cm_3,lidar_cm_4,lidar_cm_5,lidar_cm_6,lidar_cm_7,lidar_cm_8,lidar_cm_9,lidar_cm_10,lidar_cm_11,lidar_cm_12,lidar_cm_13,lidar_cm_14,lidar_cm_15,lidar_cm_16,lidar_class_0,lidar_class_1,lidar_class_2,lidar_class_3,lidar_class_4,lidar_class_5,lidar_class_6,lidar_class_7,lidar_class_8,lidar_class_9,lidar_class_10,lidar_class_11,lidar_class_12,lidar_class_13,lidar_class_14,lidar_class_15,lidar_class_16
0,-4262.648,8194.440,-7.895,-79.055,1,0.08000,-0.12000,4.800,-0.240,-1,375.000,-1,375.000,-1,300.000,300.000,325.000,325.000,775.000,350.000,375.000,-1,725.000,650.000,-1,-1,2,0,2,0,2,0,0,0,0,1,1,1,2,0,0,2,2
1,-4260.866,8185.007,-7.821,-79.302,0,0.16000,-0.12346,9.600,-0.247,-1,375.000,-1,375.000,-1,300.000,300.000,325.000,325.000,800.000,375.000,400.000,-1,725.000,650.000,-1,-1,2,0,2,0,2,0,0,0,0,1,1,1,2,0,0,2,2
2,-4258.255,8170.845,-7.717,-79.552,0,0.24000,-0.12499,14.400,-0.250,-1,375.000,-1,375.000,-1,300.000,300.000,325.000,325.000,800.000,375.000,400.000,-1,725.000,650.000,-1,-1,2,0,2,0,2,0,0,0,0,1,1,1,2,0,0,2,2
3,-4254.857,8151.949,-7.586,-79.806,0,0.32000,-0.12728,19.200,-0.255,-1,375.000,-1,375.000,-1,325.000,300.000,325.000,325.000,825.000,400.000,425.000,-1,725.000,650.000,-1,-1,2,0,2,0,2,0,0,0,0,1,1,1,2,0,0,2,2
4,-4250.717,8128.308,-7.431,-80.067,0,0.40000,-0.13034,24.000,-0.261,-1,375.000,-1,375.000,-1,325.000,300.000,325.000,325.000,850.000,375.000,400.000,-1,725.000,650.000,-1,-1,2,0,2,0,2,0,0,0,0,1,0,0,2,0,0,2,2
5,-4245.882,8099.917,-7.258,-80.335,0,0.48000,-0.13416,28.800,-0.268,-1,375.000,-1,375.000,-1,325.000,300.000,325.000,325.000,900.000,375.000,375.000,-1,725.000,675.000,-1,-1,2,0,2,0,2,0,0,0,0,1,0,0,2,0,0,2,2
6,-4240.402,8066.767,-7.069,-80.613,0,0.56000,-0.13876,33.600,-0.278,-1,375.000,-1,375.000,-1,325.000,300.000,325.000,325.000,975.000,350.000,350.000,-1,725.000,675.000,-1,-1,2,0,2,0,2,0,0,0,0,1,0,0,2,0,0,2,2
7,-4234.329,8028.850,-6.868,-80.901,0,0.64000,-0.14413,38.400,-0.288,-1,375.000,-1,375.000,-1,325.000,300.000,325.000,300.000,-1,325.000,350.000,-1,750.000,675.000,-1,-1,2,0,2,0,2,0,0,0,0,2,0,0,2,0,0,2,2
8,-4227.721,7986.158,-6.660,-81.202,0,0.72000,-0.15027,43.200,-0.301,-1,400.000,-1,375.000,-1,325.000,300.000,300.000,300.000,-1,300.000,325.000,-1,750.000,675.000,-1,-1,2,0,2,0,2,0,0,0,0,2,0,0,2,0,0,2,2
9,-4220.994,7941.060,-6.461,-81.516,0,0.75996,-0.15719,45.598,-0.314,-1,400.000,-1,375.000,-1,325.000,300.000,300.000,300.000,-1,275.000,300.000,-1,750.000,675.000,-1,-1,2,0,2,0,2,0,0,0,0,2,0,0,2,0,0,2,2
10,-4214.477,7895.579,-6.014,-81.845,0,0.76576,-0.16451,45.946,-0.329,-1,400.000,-1,375.000,-1,325.000,300.000,300.000,300.000,-1,275.000,300.000,-1,750.000,675.000,-1,-1,2,0,2,0,2,0,0,0,0,2,0,0,2,0,0,2,2
11,-4208.185,7849.711,-5.135,-82.189,0,0.77163,-0.17189,46.298,-0.344,-1,400.000,-1,375.000,-1,325.000,300.000,300.000,300.000,-1,300.000,325.000,-1,775.000,675.000,-1,-1,2,0,2,0,2,0,0,0,0,2,0,0,2,0,0,2,2
12,-4202.134,7803.450,-3.917,-82.548,0,0.77757,-0.17933,46.654,-0.359,-1,400.000,-1,375.000,-1,325.000,300.000,300.000,300.000,-1,325.000,375.000,-1,775.000,700.000,-1,-1,2,0,2,0,2,0,0,0,0,2,0,0,2,0,0,2,2
13,-4196.340,7756.794,-2.636,-82.921,0,0.78358,-0.18683,47.015,-0.374,-1,400.000,-1,375.000,-1,325.000,300.000,300.000,300.000,-1,375.000,400.000,-1,775.000,700.000,-1,-1,2,0,2,0,2,0,0,0,0,2,0,0,2,0,0,2,2
14,-4190.820,7709.737,-1.382,-83.310,0,0.78966,-0.19440,47.379,-0.389,-1,400.000,-1,375.000,-1,325.000,300.000,300.000,325.000,-1,400.000,425.000,-1,800.000,700.000,-1,-1,2,0,2,0,2,0,0,0,0,2,0,0,2,0,0,2,2
15,-4185.592,7662.276,-0.156,-83.714,0,0.79580,-0.20204,47.748,-0.404,-1,400.000,-1,375.000,-1,325.000,300.000,300.000,325.000,-1,425.000,475.000,-1,800.000,725.000,-1,-1,2,0,2,0,2,0,0,0,0,2,0,0,2,0,0,2,2
16,-4180.674,7614.408,1.043,-84.134,0,0.80201,-0.20974,48.120,-0.419,-1,400.000,-1,375.000,-1,325.000,300.000,300.000,325.000,-1,475.000,500.000,-1,800.000,725.000,-1,-1,2,0,2,0,2,0,0,0,0,2,0,0,2,0,0,2,2
17,-4176.084,7566.129,2.212,-84.569,0,0.80828,-0.21750,48.497,-0.435,-1,400.000,-1,375.000,-1,325.000,300.000,300.000,325.000,-1,500.000,525.000,-1,825.000,750.000,-1,-1,2,0,2,0,2,0,0,0,0,2,0,0,2,0,0,2,2
18,-4172.096,7522.614,3.245,-84.764,0,0.72828,-0.09750,43.697,-0.195,-1,400.000,-1,375.000,-1,325.000,325.000,300.000,325.000,-1,525.000,550.000,-1,825.000,750.000,-1,-1,2,0,2,0,2,0,0,0,0,2,0,0,2,0,0,2,2
19,-4167.846,7475.648,4.346,-84.830,0,0.78596,-0.03327,47.158,-0.067,-1,400.000,-1,375.000,-1,325.000,325.000,300.000,300.000,-1,550.000,575.000,-1,825.000,750.000,-1,-1,2,0,2,0,2,0,0,0,0,2,0,0,2,0,0,2,2
20,-4163.621,7428.315,5.443,-84.899,0,0.79202,-0.03421,47.521,-0.068,-1,400.000,-1,375.000,-1,325.000,325.000,300.000,300.000,-1,575.000,600.000,-1,850.000,775.000,-1,-1,2,0,2,0,2,0,0,0,0,2,0,0,2,0,0,2,2
21,-4159.421,7380.612,6.536,-84.969,0,0.79813,-0.03520,47.888,-0.070,-1,400.000,-1,400.000,-1,325.000,325.000,300.000,300.000,-1,600.000,625.000,-1,850.000,775.000,-1,-1,2,0,2,0,2,0,0,0,0,2,0,0,2,0,0,2,2
22,-4155.250,7332.537,7.626,-85.041,0,0.80427,-0.03622,48.256,-0.072,-1,400.000,-1,400.000,-1,325.000,325.000,300.000,300.000,-1,600.000,650.000,-1,875.000,800.000,-1,-1,2,0,2,0,2,0,0,0,0,2,0,0,2,0,0,2,2
23,-4151.110,7284.086,8.712,-85.116,0,0.81045,-0.03730,48.627,-0.075,-1,425.000,-1,400.000,-1,325.000,325.000,300.000,300.000,-1,625.000,675.000,-1,850.000,775.000,-1,-1,2,0,2,0,2,0,0,0,0,2,0,0,2,1,1,2,2
24,-4147.004,7235.259,9.841,-85.193,0,0.81667,-0.03842,49.000,-0.077,-1,425.000,-1,400.000,-1,325.000,325.000,300.000,300.000,-1,650.000,700.000,-1,825.000,750.000,-1,-1,2,0,2,0,2,0,0,0,0,2,0,0,2,1,1,2,2
25,-4142.934,7186.051,10.934,-85.272,0,0.82292,-0.03961,49.375,-0.079,-1,425.000,-1,400.000,-1,325.000,325.000,300.000,300.000,-1,700.000,775.000,-1,775.000,725.000,-1,-1,2,0,2,0,2,0,0,0,0,2,0,0,2,1,1,2,2
26,-4138.904,7136.462,11.946,-85.354,0,0.82921,-0.04085,49.753,-0.082,-1,425.000,-1,400.000,-1,325.000,325.000,300.000,300.000,-1,775.000,850.000,-1,750.000,700.000,-1,-1,2,0,2,0,2,0,0,0,0,2,0,0,2,1,1,2,2
27,-4134.917,7086.489,12.953,-85.438,0,0.83554,-0.04217,50.132,-0.084,-1,425.000,-1,400.000,-1,325.000,325.000,300.000,300.000,-1,875.000,925.000,-1,700.000,650.000,-1,975.000,2,0,2,0,2,0,0,0,0,2,0,0,2,1,1,2,1
28,-4130.976,7036.129,13.954,-85.525,0,0.84190,-0.04356,50.514,-0.087,-1,425.000,1000.000,400.000,-1,325.000,325.000,300.000,300.000,-1,950.000,-1,-1,675.000,625.000,975.000,900.000,2,0,1,0,2,0,0,0,0,2,0,2,2,1,1,1,1
29,-4127.085,6985.381,14.949,-85.615,0,0.84829,-0.04504,50.897,-0.090,-1,400.000,950.000,400.000,-1,325.000,325.000,300.000,300.000,-1,-1,-1,-1,625.000,600.000,900.000,825.000,2,0,1,0,2,0,0,0,0,2,2,2,2,1,1,1,1
30,-4123.247,6934.242,15.938,-85.709,0,0.85470,-0.04662,51.282,-0.093,-1,400.000,875.000,400.000,-1,325.000,325.000,300.000,300.000,-1,-1,-1,-1,600.000,550.000,800.000,750.000,2,0,1,0,2,0,0,0,0,2,2,2,2,1,1,1,1
31,-4120.039,6887.871,16.811,-86.042,0,0.77470,-0.16662,46.482,-0.333,-1,400.000,825.000,375.000,-1,325.000,325.000,300.000,300.000,-1,-1,-1,-1,575.000,525.000,725.000,675.000,2,1,1,1,2,0,0,0,0,2,2,2,2,1,1,1,1
32,-4117.455,6846.269,17.568,-86.447,0,0.69470,-0.20262,41.682,-0.405,-1,375.000,775.000,375.000,-1,325.000,325.000,300.000,300.000,-1,-1,-1,-1,525.000,500.000,675.000,650.000,2,1,1,1,2,0,1,0,0,2,2,2,2,1,1,1,1
33,-4115.158,6804.471,18.302,-86.854,0,0.69768,-0.20340,41.861,-0.407,-1,375.000,725.000,350.000,-1,325.000,300.000,300.000,300.000,-1,-1,-1,-1,500.000,475.000,625.000,600.000,2,1,1,1,2,1,1,0,0,2,2,2,2,1,1,1,1
34,-4113.143,6762.336,19.016,-87.262,0,0.70305,-0.20419,42.183,-0.408,775.000,350.000,675.000,325.000,-1,300.000,300.000,300.000,300.000,-1,-1,-1,-1,475.000,425.000,550.000,550.000,1,1,1,1,2,1,1,0,0,2,2,2,2,1,1,1,1
35,-4111.417,6719.864,19.710,-87.672,0,0.70845,-0.20499,42.507,-0.410,650.000,325.000,625.000,300.000,-1,275.000,275.000,300.000,300.000,-1,-1,-1,-1,450.000,400.000,500.000,500.000,1,1,1,1,2,1,1,0,0,2,2,2,2,1,1,1,1
36,-4109.984,6677.055,20.385,-88.084,0,0.71389,-0.20581,42.834,-0.412,550.000,300.000,575.000,275.000,-1,250.000,250.000,300.000,300.000,-1,-1,-1,-1,400.000,375.000,450.000,450.000,1,1,1,1,2,1,1,0,0,2,2,2,2,1,1,1,1
37,-4108.852,6633.907,21.041,-88.497,0,0.71938,-0.20665,43.163,-0.413,475.000,275.000,550.000,250.000,-1,250.000,225.000,300.000,300.000,-1,-1,-1,-1,375.000,350.000,400.000,400.000,1,1,1,1,2,1,1,0,0,2,2,2,2,1,1,1,1
38,-4108.027,6590.421,21.677,-88.912,0,0.72490,-0.20753,43.494,-0.415,400.000,250.000,500.000,250.000,-1,225.000,225.000,300.000,300.000,-1,-1,-1,-1,350.000,325.000,350.000,350.000,1,1,1,1,2,1,1,0,0,2,2,2,2,1,1,1,1
39,-4107.513,6546.597,23.375,-89.329,0,0.73045,-0.20845,43.827,-0.417,350.000,225.000,450.000,225.000,-1,200.000,200.000,300.000,325.000,-1,-1,-1,-1,325.000,300.000,300.000,325.000,1,1,1,1,2,1,1,0,0,2,2,2,2,1,1,1,1
40,-4107.319,6502.434,29.368,-89.748,0,0.73605,-0.20943,44.163,-0.419,375.000,250.000,475.000,225.000,-1,200.000,200.000,325.000,325.000,-1,950.000,-1,-1,325.000,300.000,325.000,375.000,1,1,1,1,2,1,1,0,0,2,0,2,2,1,1,1,1
41,-4107.450,6457.934,35.357,-90.169,0,0.74167,-0.21047,44.500,-0.421,400.000,250.000,525.000,225.000,-1,200.000,200.000,350.000,350.000,-1,325.000,375.000,-1,350.000,325.000,350.000,450.000,1,1,1,1,2,1,1,0,0,2,0,0,2,1,1,1,1
42,-4107.914,6413.097,41.337,-90.592,0,0.74733,-0.21160,44.840,-0.423,450.000,250.000,-1,225.000,-1,225.000,200.000,375.000,375.000,-1,175.000,175.000,-1,350.000,350.000,375.000,-1,1,1,2,1,2,1,1,0,0,2,0,0,2,1,1,1,2
43,-6887.288,-5575.424,58.982,97.970,1,0.00000,0.00000,45.180,-0.426,-1,400.000,-1,400.000,-1,325.000,325.000,300.000,275.000,-1,-1,-1,-1,725.000,700.000,-1,-1,2,0,2,0,2,0,0,0,0,2,2,2,2,0,0,2,2
44,-6887.974,-5570.673,58.706,98.210,0,0.08000,0.12000,4.800,0.240,-1,400.000,-1,400.000,-1,325.000,325.000,300.000,275.000,-1,-1,-1,-1,725.000,700.000,-1,-1,2,0,2,0,2,0,0,0,0,2,2,2,2,0,0,2,2
45,-6889.424,-5561.183,58.152,98.690,0,0.16000,0.24000,9.600,0.480,-1,400.000,-1,400.000,-1,325.000,325.000,300.000,275.000,-1,-1,-1,-1,725.000,700.000,-1,-1,2,0,2,0,2,0,0,0,0,2,2,2,2,0,0,2,2
46,-6891.779,-5546.977,57.320,99.410,0,0.24000,0.36000,14.400,0.720,-1,400.000,-1,400.000,-1,325.000,325.000,300.000,275.000,-1,-1,-1,-1,725.000,700.000,-1,-1,2,0,2,0,2,0,0,0,0,2,2,2,2,0,0,2,2
47,-6895.235,-5528.091,56.208,100.370,0,0.32000,0.48000,19.200,0.960,-1,400.000,-1,400.000,-1,325.000,325.000,300.000,275.000,-1,-1,-1,-1,725.000,700.000,-1,-1,2,0,2,0,2,0,0,0,0,2,2,2,2,0,0,2,2
48,-6900.048,-5504.578,54.813,101.570,0,0.40000,0.60000,24.000,1.200,-1,400.000,-1,400.000,-1,325.000,325.000,300.000,275.000,-1,-1,-1,-1,725.000,700.000,-1,-1,2,0,2,0,2,0,0,0,0,2,2,2,2,0,0,2,2
49,-6906.532,-5476.518,53.133,103.010,0,0.48000,0.72000,28.800,1.440,-1,400.000,-1,400.000,-1,325.000,325.000,300.000,275.000,-1,-1,-1,-1,725.000,700.000,-1,-1,2,0,2,0,2,0,0,0,0,2,2,2,2,0,0,2,2
50,-6915.053,-5444.016,51.163,104.690,0,0.56000,0.84000,33.600,1.680,-1,400.000,-1,400.000,-1,325.000,325.000,300.000,275.000,-1,-1,-1,-1,725.000,700.000,-1,-1,2,0,2,0,2,0,0,0,0,2,2,2,2,0,0,2,2
51,-6926.030,-5407.218,48.903,106.610,0,0.64000,0.96000,38.400,1.920,-1,375.000,-1,400.000,-1,325.000,325.000,300.000,275.000,-1,-1,-1,-1,700.000,700.000,-1,-1,2,0,2,0,2,0,0,0,0,2,2,2,2,0,0,2,2
52,-6939.816,-5366.277,46.353,108.610,0,0.72000,1.00000,43.200,2.000,-1,375.000,-1,375.000,-1,325.000,325.000,300.000,275.000,-1,-1,-1,-1,700.000,700.000,-1,-1,2,0,2,0,2,0,0,0,0,2,2,2,2,0,0,2,2
53,-6956.713,-5321.349,43.533,110.610,0,0.80000,1.00000,48.000,2.000,-1,375.000,-1,375.000,-1,325.000,300.000,300.000,275.000,-1,-1,-1,-1,700.000,675.000,-1,-1,2,0,2,0,2,0,0,0,0,2,2,2,2,0,0,2,2
54,-6977.005,-5272.605,40.670,112.602,0,0.88000,0.99595,52.800,1.992,-1,375.000,-1,375.000,-1,300.000,300.000,300.000,275.000,-1,-1,-1,-1,675.000,675.000,-1,-1,2,0,2,0,2,0,0,0,0,2,2,2,2,0,0,2,2
55,-7000.967,-5220.225,37.874,114.582,0,0.96000,0.98978,57.600,1.980,-1,375.000,-1,375.000,-1,300.000,300.000,300.000,275.000,-1,-1,-1,-1,675.000,675.000,-1,1000.000,2,0,2,0,2,0,0,0,0,2,2,2,2,0,1,2,1
56,-7027.781,-5166.550,35.079,116.546,0,1.00000,0.98188,60.000,1.964,-1,375.000,-1,375.000,-1,300.000,300.000,300.000,300.000,-1,-1,-1,-1,675.000,650.000,-1,900.000,2,0,2,0,2,0,0,0,0,2,2,2,2,0,1,2,1
57,-7056.401,-5113.816,32.295,118.490,0,1.00000,0.97210,60.000,1.944,-1,375.000,-1,375.000,-1,300.000,300.000,300.000,300.000,-1,-1,-1,-1,675.000,625.000,-1,825.000,2,0,2,0,2,0,0,0,0,2,2,2,2,0,1,2,1
58,-7086.773,-5062.071,29.514,120.411,0,1.00000,0.96044,60.000,1.921,-1,375.000,-1,375.000,1000.000,300.000,300.000,275.000,300.000,-1,-1,-1,-1,675.000,600.000,-1,750.000,2,0,2,0,1,0,0,0,0,2,2,2,2,0,1,2,1
59,-7118.838,-5011.358,26.982,122.304,0,1.00000,0.94682,60.000,1.894,-1,375.000,1000.000,375.000,825.000,300.000,300.000,300.000,300.000,-1,-1,-1,-1,675.000,575.000,-1,675.000,2,0,1,0,1,0,0,0,0,2,2,2,2,0,1,2,1
60,-7152.534,-4961.713,24.511,124.167,0,1.00000,0.93117,60.000,1.862,-1,375.000,975.000,375.000,700.000,325.000,300.000,300.000,300.000,-1,1000.000,850.000,-1,700.000,550.000,-1,625.000,2,0,1,0,1,0,0,0,0,2,0,0,2,0,1,2,1
61,-7187.795,-4913.168,22.138,125.993,0,1.00000,0.91340,60.000,1.827,-1,375.000,975.000,375.000,600.000,325.000,325.000,300.000,300.000,-1,825.000,700.000,-1,700.000,525.000,-1,550.000,2,0,1,0,1,0,0,0,0,2,0,0,2,0,1,2,1
62,-7224.553,-4865.746,19.765,127.780,0,1.00000,0.89342,60.000,1.787,-1,375.000,950.000,375.000,525.000,325.000,325.000,300.000,300.000,-1,725.000,600.000,-1,725.000,500.000,-1,500.000,2,0,1,1,1,0,0,0,0,2,0,0,2,0,1,2,1
63,-7262.736,-4819.464,17.449,129.523,0,1.00000,0.87115,60.000,1.742,-1,375.000,925.000,350.000,450.000,325.000,325.000,300.000,300.000,-1,650.000,550.000,-1,725.000,475.000,-1,450.000,2,0,1,1,1,0,0,0,0,2,0,0,2,1,1,2,1
64,-7302.270,-4774.329,15.627,131.215,0,1.00000,0.84649,60.000,1.693,-1,375.000,925.000,325.000,400.000,325.000,325.000,300.000,300.000,-1,650.000,550.000,-1,700.000,450.000,-1,400.000,2,0,1,1,1,0,1,0,0,2,0,0,2,1,1,2,1
65,-7343.078,-4730.344,14.001,132.854,0,1.00000,0.81938,60.000,1.639,-1,375.000,900.000,325.000,325.000,325.000,300.000,300.000,300.000,-1,650.000,575.000,-1,700.000,425.000,-1,350.000,2,0,1,1,1,0,1,0,0,2,0,0,2,1,1,2,1
66,-7385.083,-4687.500,12.390,134.434,0,1.00000,0.78971,60.000,1.579,-1,375.000,900.000,300.000,275.000,325.000,300.000,300.000,300.000,-1,675.000,600.000,-1,675.000,400.000,-1,300.000,2,0,1,1,1,0,1,0,0,2,0,0,2,1,1,2,1
67,-7428.206,-4645.782,12.249,135.949,0,1.00000,0.75743,60.000,1.515,-1,400.000,-1,300.000,250.000,325.000,275.000,300.000,300.000,-1,625.000,575.000,-1,675.000,375.000,-1,250.000,2,0,2,1,1,0,1,0,1,2,0,0,2,1,1,2,1
68,-7472.367,-4605.165,13.894,137.394,0,1.00000,0.72249,60.000,1.445,-1,425.000,-1,300.000,225.000,325.000,275.000,300.000,300.000,-1,425.000,500.000,-1,700.000,400.000,-1,250.000,2,0,2,1,1,1,1,0,1,2,0,0,2,1,1,2,1
69,-7517.487,-4565.614,15.553,138.763,0,1.00000,0.68488,60.000,1.370,-1,425.000,-1,300.000,225.000,325.000,275.000,275.000,325.000,-1,300.000,450.000,-1,725.000,400.000,-1,275.000,2,1,2,1,1,1,1,0,1,2,0,0,2,1,1,2,1
70,-7563.377,-4526.961,17.140,139.893,0,1.00000,0.56488,60.000,1.130,-1,425.000,-1,300.000,250.000,325.000,275.000,275.000,300.000,875.000,225.000,375.000,-1,775.000,400.000,-1,275.000,2,1,2,1,1,1,1,0,1,0,0,0,2,1,1,2,1
71,-7609.862,-4489.026,18.805,140.783,0,1.00000,0.44488,60.000,0.890,-1,425.000,-1,300.000,250.000,325.000,275.000,275.000,300.000,725.000,175.000,300.000,-1,850.000,425.000,-1,275.000,2,1,2,1,1,1,1,0,1,0,0,0,2,1,1,2,1
72,-7656.775,-4451.620,20.706,141.433,0,1.00000,0.32488,60.000,0.650,-1,425.000,-1,300.000,250.000,325.000,275.000,250.000,300.000,625.000,125.000,275.000,-1,975.000,425.000,-1,275.000,2,1,2,1,1,1,1,0,1,0,0,0,2,0,1,2,1
73,-7703.954,-4414.550,22.632,141.842,0,1.00000,0.20488,60.000,0.410,-1,450.000,-1,300.000,225.000,325.000,275.000,250.000,275.000,550.000,125.000,250.000,-1,-1,425.000,-1,275.000,2,1,2,1,1,1,1,0,1,0,0,0,2,2,1,2,1
74,-7751.242,-4377.620,24.549,142.012,0,1.00000,0.08488,60.000,0.170,-1,450.000,-1,300.000,225.000,325.000,275.000,250.000,250.000,475.000,100.000,225.000,-1,-1,425.000,-1,275.000,2,1,2,1,1,1,1,0,1,0,0,0,2,2,1,2,1
75,-7798.485,-4340.633,26.528,141.942,0,1.00000,-0.03512,60.000,-0.070,-1,450.000,-1,300.000,225.000,325.000,275.000,250.000,250.000,425.000,75.000,225.000,-1,-1,450.000,-1,275.000,2,1,2,1,1,1,1,0,1,0,0,0,2,2,1,2,1
76,-7845.528,-4303.390,28.588,141.632,0,1.00000,-0.15512,60.000,-0.310,-1,475.000,-1,275.000,225.000,350.000,275.000,250.000,225.000,400.000,75.000,200.000,-1,-1,-1,-1,275.000,2,1,2,1,1,1,1,0,1,0,0,0,2,2,2,2,1
77,-5575.424,-9511.017,261.879,-79.284,1,0.00000,0.00000,60.000,-0.550,-1,375.000,-1,275.000,-1,275.000,225.000,200.000,350.000,-1,225.000,150.000,450.000,-1,-1,-1,-1,2,1,2,1,2,1,1,1,1,2,0,0,0,2,2,2,2
78,-4915.267,4261.280,-91.202,-28.355,1,0.08000,0.12000,4.800,0.240,-1,425.000,-1,425.000,-1,350.000,350.000,200.000,275.000,-1,775.000,600.000,-1,875.000,850.000,-1,-1,2,0,2,0,2,0,0,1,0,2,0,0,2,0,0,2,2
79,-4906.781,4256.791,-90.858,-27.875,0,0.16000,0.24000,9.600,0.480,-1,425.000,-1,425.000,-1,350.000,350.000,200.000,275.000,-1,750.000,575.000,-1,875.000,850.000,-1,-1,2,0,2,0,2,0,0,1,0,2,0,0,2,0,0,2,2
80,-4893.996,4250.166,-90.418,-27.393,0,0.24000,0.24111,14.400,0.482,-1,425.000,-1,425.000,-1,350.000,350.000,200.000,275.000,-1,750.000,600.000,-1,875.000,850.000,-1,-1,2,0,2,0,2,0,0,1,0,2,0,0,2,0,0,2,2
81,-4876.875,4241.476,-89.891,-26.910,0,0.32000,0.24176,19.200,0.484,-1,425.000,-1,425.000,-1,350.000,350.000,200.000,300.000,-1,775.000,600.000,-1,850.000,850.000,-1,-1,2,0,2,0,2,0,0,1,0,2,0,0,2,0,0,2,2
82,-4855.382,4230.796,-89.291,-26.425,0,0.40000,0.24261,24.000,0.485,-1,425.000,-1,425.000,-1,350.000,350.000,200.000,300.000,-1,775.000,625.000,-1,850.000,850.000,-1,-1,2,0,2,0,2,0,0,1,0,2,0,0,2,0,0,2,2
83,-4829.483,4218.199,-88.638,-25.937,0,0.48000,0.24361,28.800,0.487,-1,425.000,-1,425.000,-1,350.000,350.000,200.000,300.000,-1,825.000,650.000,-1,850.000,850.000,-1,-1,2,0,2,0,2,0,0,1,0,2,0,0,2,0,0,2,2
84,-4799.143,4203.761,-87.955,-25.448,0,0.56000,0.24473,33.600,0.489,-1,425.000,-1,425.000,-1,350.000,350.000,175.000,300.000,-1,875.000,700.000,-1,825.000,850.000,-1,-1,2,0,2,0,2,0,0,1,0,2,0,0,2,0,0,2,2
85,-4764.329,4187.559,-87.273,-24.956,0,0.64000,0.24589,38.400,0.492,-1,400.000,-1,425.000,-1,325.000,350.000,175.000,300.000,-1,950.000,800.000,-1,800.000,825.000,-1,-1,2,0,2,0,2,0,0,1,0,2,0,0,2,0,0,2,2
86,-4725.007,4169.671,-86.120,-24.462,0,0.72000,0.24704,43.200,0.494,800.000,400.000,-1,425.000,-1,325.000,325.000,175.000,300.000,-1,-1,-1,-1,775.000,825.000,-1,-1,1,0,2,0,2,0,0,1,0,2,2,2,2,0,0,2,2
87,-4683.615,4151.272,-84.387,-23.966,0,0.75494,0.24807,45.296,0.496,750.000,400.000,-1,400.000,-1,325.000,325.000,175.000,300.000,-1,-1,-1,-1,750.000,775.000,-1,-1,1,0,2,0,2,0,0,1,0,2,2,2,2,0,0,2,2
88,-4642.468,4133.407,-82.028,-23.468,0,0.74764,0.24886,44.858,0.498,-1,375.000,-1,400.000,-1,325.000,325.000,175.000,300.000,-1,-1,-1,-1,725.000,750.000,-1,-1,2,0,2,0,2,0,0,1,0,2,2,2,2,0,0,2,2
89,-4601.573,4116.074,-79.665,-22.969,0,0.74027,0.24933,44.416,0.499,-1,375.000,-1,400.000,-1,325.000,325.000,175.000,275.000,-1,-1,-1,-1,725.000,750.000,-1,-1,2,0,2,0,2,0,0,1,0,2,2,2,2,0,0,2,2
90,-4560.936,4099.267,-77.477,-22.470,0,0.73292,0.24950,43.975,0.499,-1,375.000,-1,400.000,-1,325.000,325.000,175.000,275.000,-1,-1,-1,-1,725.000,725.000,-1,-1,2,0,2,0,2,0,0,1,0,2,2,2,2,0,0,2,2
91,-4520.560,4082.977,-75.428,-21.972,0,0.72565,0.24936,43.539,0.499,-1,375.000,-1,375.000,-1,325.000,325.000,175.000,275.000,-1,-1,-1,-1,725.000,725.000,-1,-1,2,0,2,0,2,0,0,1,0,2,2,2,2,0,0,2,2
92,-4480.440,4067.194,-73.466,-21.474,0,0.71854,0.24894,43.112,0.498,-1,375.000,-1,375.000,-1,325.000,325.000,175.000,275.000,-1,-1,-1,-1,725.000,725.000,-1,-1,2,0,2,0,2,0,0,1,0,2,2,2,2,0,0,2,2
93,-4440.571,4051.908,-71.625,-20.977,0,0.71166,0.24823,42.699,0.496,-1,375.000,-1,375.000,-1,325.000,325.000,200.000,275.000,-1,-1,-1,-1,725.000,700.000,-1,-1,2,0,2,0,2,0,0,1,0,2,2,2,2,0,0,2,2
94,-4400.942,4037.105,-69.933,-20.483,0,0.70505,0.24726,42.303,0.495,-1,375.000,-1,375.000,-1,325.000,325.000,200.000,275.000,-1,-1,-1,-1,725.000,700.000,-1,-1,2,0,2,0,2,0,0,1,0,2,2,2,2,0,0,2,2
95,-4361.542,4022.772,-68.387,-19.991,0,0.69877,0.24604,41.926,0.492,-1,375.000,-1,375.000,-1,325.000,325.000,200.000,275.000,-1,-1,-1,-1,725.000,700.000,-1,-1,2,0,2,0,2,0,0,1,0,2,2,2,2,0,0,2,2
96,-4322.355,4008.894,-66.979,-19.502,0,0.69286,0.24458,41.571,0.489,-1,375.000,-1,400.000,-1,325.000,325.000,200.000,275.000,-1,-1,-1,-1,725.000,700.000,-1,-1,2,0,2,0,2,0,0,1,0,2,2,2,2,0,0,2,2
97,-4283.366,3995.457,-65.700,-19.016,0,0.68733,0.24289,41.240,0.486,-1,375.000,-1,400.000,-1,325.000,325.000,200.000,275.000,-1,-1,-1,1000.000,725.000,700.000,-1,-1,2,0,2,0,2,0,0,1,0,2,2,2,1,0,0,2,2
98,-4244.557,3982.446,-64.543,-18.534,0,0.68220,0.24099,40.932,0.482,-1,375.000,-1,400.000,-1,325.000,325.000,200.000,275.000,-1,-1,-1,975.000,725.000,725.000,-1,-1,2,0,2,0,2,0,0,1,0,2,2,2,1,0,0,2,2
99,-4205.909,3969.847,-63.500,-18.056,0,0.67750,0.23889,40.650,0.478,-1,375.000,-1,400.000,-1,325.000,325.000,200.000,275.000,-1,-1,-1,950.000,725.000,725.000,-1,-1,2,0,2,0,2,0,0,1,0,2,2,2,1,0,0,2,2
100,-4167.404,3957.645,-62.567,-17.583,0,0.67321,0.23661,40.393,0.473,-1,375.000,-1,400.000,-1,325.000,325.000,200.000,275.000,-1,-1,-1,950.000,725.000,725.000,-1,-1,2,0,2,0,2,0,0,1,0,2,2,2,1,0,0,2,2
101,-4129.022,3945.826,-61.735,-17.115,0,0.66934,0.23414,40.160,0.468,-1,375.000,-1,400.000,-1,325.000,325.000,225.000,275.000,-1,-1,-1,950.000,725.000,725.000,-1,-1,2,0,2,0,2,0,0,1,0,2,2,2,1,0,0,2,2
102,-4095.101,3935.839,-61.133,-16.406,0,0.58934,0.35414,35.360,0.708,-1,375.000,-1,400.000,-1,325.000,325.000,225.000,275.000,-1,-1,-1,950.000,725.000,750.000,-1,-1,2,0,2,0,2,0,0,1,0,2,2,2,1,0,0,2,2
103,-4065.650,3927.680,-60.685,-15.484,0,0.50934,0.46104,30.560,0.922,-1,375.000,-1,400.000,-1,325.000,325.000,225.000,275.000,-1,-1,-1,925.000,725.000,750.000,-1,-1,2,0,2,0,2,0,0,1,0,2,2,2,1,0,0,2,2
104,-4040.717,3921.201,-60.316,-14.566,0,0.42934,0.45888,25.760,0.918,-1,375.000,-1,400.000,-1,325.000,325.000,225.000,275.000,-1,-1,-1,950.000,725.000,775.000,-1,-1,2,0,2,0,2,0,0,1,0,2,2,2,1,0,0,2,2
105,-4020.349,3916.254,-59.495,-13.652,0,0.34934,0.45702,20.960,0.914,-1,375.000,-1,400.000,-1,325.000,325.000,225.000,275.000,-1,-1,-1,950.000,725.000,775.000,-1,-1,2,0,2,0,2,0,0,1,0,2,2,2,1,0,0,2,2
106,-4004.587,3912.690,-58.847,-12.741,0,0.26934,0.45550,16.160,0.911,-1,375.000,-1,400.000,-1,325.000,325.000,225.000,275.000,-1,-1,-1,950.000,725.000,775.000,-1,-1,2,0,2,0,2,0,0,1,0,2,2,2,1,0,0,2,2
107,-3993.468,3910.360,-58.390,-11.833,0,0.18934,0.45432,11.360,0.909,-1,375.000,-1,400.000,-1,325.000,325.000,225.000,275.000,-1,-1,-1,950.000,725.000,775.000,-1,-1,2,0,2,0,2,0,0,1,0,2,2,2,1,0,0,2,2
108,-3987.026,3909.117,-58.135,-10.926,0,0.10934,0.45350,6.560,0.907,-1,375.000,-1,400.000,-1,325.000,325.000,225.000,275.000,-1,-1,-1,950.000,725.000,775.000,-1,-1,2,0,2,0,2,0,0,1,0,2,2,2,1,0,0,2,2
109,-3985.293,3908.810,-58.050,-10.020,0,0.02934,0.45303,1.760,0.906,-1,375.000,-1,400.000,-1,325.000,325.000,225.000,275.000,-1,-1,-1,950.000,725.000,775.000,-1,-1,2,0,2,0,2,0,0,1,0,2,2,2,1,0,0,2,2
110,-3988.294,3909.292,-58.162,-9.114,0,-0.05066,0.45291,-3.040,0.906,-1,375.000,-1,400.000,-1,325.000,325.000,225.000,275.000,-1,-1,-1,950.000,725.000,775.000,-1,-1,2,0,2,0,2,0,0,1,0,2,2,2,1,0,0,2,2
111,-3996.053,3910.411,-58.465,-8.208,0,-0.13066,0.45312,-7.840,0.906,-1,375.000,-1,400.000,-1,325.000,325.000,200.000,275.000,-1,-1,-1,950.000,725.000,775.000,-1,-1,2,0,2,0,2,0,0,1,0,2,2,2,1,0,0,2,2
112,-4006.384,3911.734,-58.881,-7.300,0,-0.17359,0.45362,-10.416,0.907,-1,375.000,-1,400.000,-1,325.000,325.000,200.000,275.000,-1,-1,-1,950.000,700.000,775.000,-1,-1,2,0,2,0,2,0,0,1,0,2,2,2,1,0,0,2,2
113,-4016.536,3912.872,-59.298,-6.392,0,-0.17025,0.45424,-10.215,0.908,-1,375.000,-1,400.000,-1,325.000,325.000,200.000,275.000,-1,-1,-1,950.000,700.000,775.000,-1,-1,2,0,2,0,2,0,0,1,0,2,2,2,1,0,0,2,2
114,-4026.501,3913.828,-59.714,-5.482,0,-0.16685,0.45482,-10.011,0.910,-1,375.000,-1,400.000,-1,325.000,325.000,200.000,275.000,-1,-1,-1,950.000,700.000,775.000,-1,-1,2,0,2,0,2,0,0,1,0,2,2,2,1,0,0,2,2
115,-4036.273,3914.609,-60.129,-4.572,0,-0.16338,0.45535,-9.803,0.911,-1,375.000,-1,400.000,-1,325.000,325.000,200.000,275.000,-1,-1,-1,950.000,700.000,775.000,-1,-1,2,0,2,0,2,0,0,1,0,2,2,2,1,0,0,2,2
116,-4045.845,3915.222,-60.543,-3.660,0,-0.15986,0.45582,-9.592,0.912,-1,375.000,-1,400.000,-1,325.000,325.000,200.000,275.000,-1,-1,-1,950.000,700.000,775.000,-1,-1,2,0,2,0,2,0,0,1,0,2,2,2,1,0,0,2,2
117,-4055.212,3915.671,-60.954,-2.747,0,-0.15630,0.45626,-9.378,0.913,-1,375.000,-1,400.000,-1,325.000,325.000,200.000,275.000,-1,-1,-1,950.000,700.000,800.000,-1,-1,2,0,2,0,2,0,0,1,0,2,2,2,1,0,0,2,2
118,-4064.369,3915.964,-61.362,-1.834,0,-0.15270,0.45664,-9.162,0.913,-1,375.000,-1,400.000,-1,325.000,325.000,200.000,275.000,-1,-1,-1,950.000,700.000,800.000,-1,-1,2,0,2,0,2,0,0,1,0,2,2,2,1,0,0,2,2
119,-4073.312,3916.108,-61.766,-0.920,0,-0.14907,0.45698,-8.944,0.914,525.000,375.000,-1,400.000,-1,325.000,325.000,200.000,275.000,-1,-1,-1,950.000,700.000,800.000,-1,-1,1,0,2,0,2,0,0,1,0,2,2,2,1,0,0,2,2
120,-4082.036,3916.109,-62.165,-0.006,0,-0.14541,0.45728,-8.725,0.915,475.000,375.000,-1,400.000,-1,325.000,325.000,200.000,275.000,-1,-1,975.000,950.000,700.000,800.000,-1,-1,1,0,2,0,2,0,0,1,0,2,2,0,1,0,0,2,2
121,-4090.540,3915.974,-62.560,0.909,0,-0.14175,0.45754,-8.505,0.915,425.000,375.000,-1,400.000,-1,325.000,325.000,200.000,300.000,-1,-1,950.000,950.000,700.000,800.000,-1,-1,1,0,2,0,2,0,0,1,0,2,2,0,1,0,0,2,2
122,-4098.821,3915.710,-62.950,1.825,0,-0.13808,0.45775,-8.285,0.916,400.000,375.000,-1,400.000,-1,325.000,325.000,200.000,300.000,-1,-1,900.000,950.000,700.000,800.000,-1,-1,1,0,2,0,2,0,0,1,0,2,2,0,1,0,0,2,2
123,-4106.876,3915.324,-63.334,2.741,0,-0.13440,0.45793,-8.064,0.916,375.000,375.000,-1,400.000,-1,325.000,325.000,200.000,300.000,-1,-1,875.000,950.000,700.000,800.000,-1,-1,1,0,2,0,2,0,0,1,0,2,2,0,1,1,0,2,2
124,-4114.704,3914.824,-63.711,3.657,0,-0.13073,0.45808,-7.844,0.916,350.000,375.000,-1,400.000,-1,325.000,325.000,200.000,300.000,-1,-1,850.000,950.000,675.000,800.000,-1,-1,1,0,2,0,2,0,0,1,0,2,2,0,1,1,0,2,2
125,-4122.304,3914.216,-64.082,4.573,0,-0.12708,0.45819,-7.625,0.916,325.000,375.000,-1,400.000,-1,325.000,325.000,200.000,300.000,-1,-1,800.000,975.000,675.000,800.000,-1,-1,1,0,2,0,2,0,0,1,0,2,2,0,1,1,0,2,2
126,-4129.676,3913.508,-64.446,5.490,0,-0.12344,0.45827,-7.406,0.917,325.000,375.000,-1,400.000,-1,325.000,325.000,225.000,300.000,-1,-1,775.000,975.000,650.000,775.000,-1,-1,1,0,2,0,2,0,0,1,0,2,2,0,1,1,0,2,2
127,-4136.821,3912.705,-64.802,6.407,0,-0.11982,0.45832,-7.189,0.917,325.000,375.000,-1,400.000,-1,300.000,325.000,225.000,300.000,-1,975.000,750.000,975.000,650.000,775.000,625.000,-1,1,0,2,0,2,0,0,1,0,2,0,0,1,1,0,1,2
128,-4143.737,3911.817,-65.151,7.323,0,-0.11623,0.45834,-6.974,0.917,300.000,375.000,-1,400.000,-1,300.000,325.000,225.000,300.000,-1,950.000,750.000,1000.000,650.000,775.000,525.000,-1,1,0,2,0,2,0,0,1,0,2,0,0,1,1,0,1,2
129,-4150.428,3910.848,-65.492,8.240,0,-0.11267,0.45833,-6.760,0.917,300.000,375.000,-1,400.000,-1,300.000,325.000,225.000,300.000,-1,925.000,725.000,1000.000,625.000,775.000,475.000,-1,1,0,2,0,2,0,0,1,0,2,0,0,1,1,0,1,2
130,-4156.893,3909.806,-65.825,9.156,0,-0.10915,0.45830,-6.549,0.917,300.000,375.000,-1,400.000,-1,300.000,325.000,225.000,300.000,-1,900.000,700.000,-1,625.000,775.000,425.000,-1,1,0,2,0,2,0,0,1,0,2,0,0,2,1,0,1,2
131,-4163.135,3908.697,-66.150,10.073,0,-0.10566,0.45824,-6.340,0.916,275.000,375.000,-1,400.000,-1,300.000,325.000,225.000,300.000,-1,875.000,675.000,-1,600.000,775.000,400.000,-1,1,0,2,0,2,0,0,1,0,2,0,0,2,1,0,1,2
132,-4169.155,3907.528,-66.456,10.989,0,-0.10221,0.45817,-6.133,0.916,275.000,375.000,-1,400.000,-1,300.000,325.000,225.000,300.000,-1,850.000,675.000,-1,600.000,775.000,375.000,-1,1,0,2,0,2,0,0,1,0,2,0,0,2,1,0,1,2
133,-4174.957,3906.305,-66.727,11.905,0,-0.09881,0.45807,-5.929,0.916,275.000,375.000,-1,400.000,-1,300.000,325.000,225.000,300.000,-1,825.000,650.000,-1,575.000,750.000,375.000,-1,1,0,2,0,2,0,0,1,0,2,0,0,2,1,0,1,2
134,-4185.408,3903.880,-67.249,13.062,0,-0.17881,0.57807,-10.729,1.156,275.000,375.000,-1,400.000,-1,300.000,325.000,225.000,300.000,-1,825.000,650.000,-1,575.000,750.000,350.000,-1,1,0,2,0,2,0,0,1,0,2,0,0,2,1,0,1,2
135,-4200.451,3900.027,-68.029,14.365,0,-0.25881,0.65168,-15.529,1.303,275.000,375.000,-1,400.000,-1,300.000,325.000,225.000,300.000,-1,800.000,650.000,-1,550.000,750.000,350.000,-1,1,0,2,0,2,0,0,1,0,2,0,0,2,1,0,1,2
136,-4217.623,3895.211,-68.940,15.667,0,-0.29724,0.65123,-17.835,1.302,250.000,375.000,-1,400.000,-1,300.000,325.000,225.000,300.000,-1,800.000,600.000,-1,525.000,750.000,350.000,-1,1,0,2,0,2,0,0,1,0,2,0,1,2,1,0,1,2
137,-4234.343,3890.109,-69.835,16.969,0,-0.29134,0.65060,-17.481,1.301,250.000,375.000,-1,400.000,-1,300.000,325.000,250.000,300.000,-1,800.000,550.000,-1,525.000,750.000,325.000,-1,1,1,2,0,2,0,0,1,0,2,0,1,2,1,0,1,2
138,-4250.618,3884.737,-70.715,18.268,0,-0.28565,0.64987,-17.139,1.300,250.000,375.000,-1,400.000,-1,300.000,325.000,250.000,300.000,-1,800.000,525.000,-1,500.000,750.000,325.000,-1,1,1,2,0,2,0,0,1,0,2,0,1,2,1,0,1,2
139,-4266.457,3879.107,-71.579,19.566,0,-0.28016,0.64906,-16.810,1.298,250.000,375.000,-1,400.000,-1,300.000,300.000,250.000,300.000,-1,750.000,500.000,-1,500.000,725.000,325.000,-1,1,1,2,0,2,0,0,1,0,2,1,1,2,1,0,1,2
140,-4281.870,3873.233,-72.426,20.863,0,-0.27491,0.64816,-16.494,1.296,250.000,350.000,-1,375.000,-1,300.000,300.000,250.000,300.000,-1,675.000,475.000,-1,500.000,725.000,325.000,-1,1,1,2,0,2,0,0,1,0,2,1,1,2,1,0,1,2
141,-4296.868,3867.128,-73.257,22.147,0,-0.26989,0.64222,-16.193,1.284,250.000,350.000,-1,375.000,-1,300.000,300.000,250.000,300.000,-1,625.000,450.000,-1,475.000,725.000,325.000,-1,1,1,2,0,2,0,0,1,0,2,1,1,2,1,0,1,2
142,-4307.303,3862.554,-73.821,23.672,0,-0.18989,0.76222,-11.393,1.524,250.000,350.000,-1,375.000,-1,300.000,300.000,275.000,300.000,-1,575.000,450.000,-1,475.000,725.000,325.000,-1,1,1,2,0,2,0,0,1,0,2,1,1,2,1,0,1,2
143,-4313.270,3859.748,-74.126,25.184,0,-0.10989,0.75631,-6.593,1.513,250.000,350.000,-1,375.000,-1,300.000,300.000,275.000,300.000,-1,525.000,425.000,-1,475.000,725.000,300.000,-1,1,1,2,0,2,0,0,1,0,2,1,1,2,1,0,1,2
144,-4314.872,3858.943,-74.175,26.686,0,-0.02989,0.75105,-1.793,1.502,250.000,350.000,-1,375.000,-1,300.000,300.000,275.000,300.000,-1,500.000,425.000,-1,450.000,700.000,300.000,-1,1,1,2,0,2,0,0,1,0,2,1,1,2,1,0,1,2
145,-4312.221,3860.363,-73.968,28.180,0,0.05011,0.74676,3.007,1.494,250.000,325.000,-1,375.000,-1,300.000,300.000,275.000,300.000,-1,475.000,425.000,-1,450.000,700.000,300.000,-1,1,1,2,0,2,0,0,1,0,2,1,1,2,1,0,1,2
146,-4305.438,3864.227,-73.502,29.667,0,0.13011,0.74341,7.807,1.487,225.000,325.000,-1,375.000,-1,300.000,300.000,275.000,300.000,-1,475.000,450.000,-1,425.000,700.000,275.000,-1,1,1,2,0,2,0,0,1,0,2,1,1,2,1,0,1,2
147,-4294.649,3870.748,-72.329,31.149,0,0.21011,0.74099,12.607,1.482,225.000,325.000,-1,375.000,-1,300.000,300.000,275.000,300.000,-1,450.000,450.000,-1,425.000,700.000,275.000,-1,1,1,2,0,2,0,0,1,0,2,1,1,2,1,0,1,2
148,-4279.989,3880.133,-70.436,32.628,0,0.29011,0.73951,17.407,1.479,225.000,300.000,-1,375.000,-1,300.000,325.000,275.000,300.000,-1,450.000,400.000,-1,425.000,725.000,275.000,-1,1,1,2,0,2,1,0,1,0,2,1,0,2,1,0,1,2
149,-4261.602,3892.585,-68.072,34.106,0,0.37011,0.73895,22.207,1.478,225.000,300.000,-1,400.000,-1,300.000,325.000,300.000,300.000,-1,450.000,350.000,-1,400.000,725.000,250.000,-1,1,1,2,0,2,1,0,1,0,2,1,0,2,1,0,1,2
150,-4239.638,3908.300,-65.213,35.584,0,0.45011,0.73934,27.007,1.479,225.000,300.000,-1,400.000,-1,300.000,325.000,300.000,300.000,-1,400.000,300.000,-1,400.000,750.000,250.000,-1,1,1,2,0,2,1,0,1,0,2,0,0,2,1,0,1,2
151,-4214.258,3927.471,-61.830,37.066,0,0.53011,0.74069,31.807,1.481,225.000,300.000,-1,400.000,-1,300.000,350.000,300.000,300.000,-1,350.000,250.000,1000.000,400.000,750.000,250.000,-1,1,1,2,0,2,1,0,1,0,2,0,0,0,1,1,1,2
152,-4185.630,3950.285,-57.893,38.552,0,0.61011,0.74306,36.607,1.486,225.000,300.000,-1,425.000,-1,275.000,350.000,300.000,300.000,-1,300.000,200.000,875.000,375.000,750.000,250.000,-1,1,1,2,0,2,1,1,1,0,2,0,0,0,1,1,1,2
153,-4153.932,3976.926,-53.354,40.045,0,0.69011,0.74651,41.407,1.493,225.000,275.000,-1,425.000,-1,275.000,325.000,325.000,300.000,-1,275.000,175.000,775.000,375.000,750.000,250.000,-1,1,1,2,0,2,1,1,1,0,2,0,0,0,1,1,1,2
154,-4119.350,4007.571,-48.135,41.547,0,0.77011,0.75111,46.207,1.502,225.000,275.000,-1,425.000,-1,275.000,325.000,325.000,300.000,-1,225.000,125.000,675.000,375.000,775.000,250.000,-1,1,1,2,1,2,1,1,1,0,2,0,0,0,1,1,1,2
155,-4082.083,4042.398,-42.000,43.061,0,0.85011,0.75697,51.007,1.514,225.000,275.000,-1,400.000,-1,250.000,300.000,325.000,275.000,-1,225.000,100.000,600.000,375.000,875.000,250.000,-1,1,1,2,1,2,1,1,1,0,2,0,0,0,1,1,1,2
156,-4042.340,4081.575,-35.094,44.589,0,0.93011,0.76421,55.807,1.528,225.000,250.000,-1,400.000,-1,250.000,275.000,325.000,275.000,-1,200.000,75.000,525.000,350.000,1000.000,225.000,-1,1,1,2,1,2,1,1,1,0,2,0,0,0,1,0,1,2
157,-4001.149,4124.432,-27.518,46.135,0,0.99070,0.77298,59.442,1.546,225.000,250.000,-1,375.000,-1,225.000,275.000,350.000,275.000,-1,200.000,75.000,450.000,350.000,-1,225.000,-1,1,1,2,1,2,1,1,1,0,2,0,0,0,1,2,1,2
158,-3961.281,4168.249,-19.755,47.702,0,0.98734,0.78314,59.240,1.566,225.000,250.000,-1,375.000,-1,225.000,275.000,350.000,250.000,-1,175.000,50.000,400.000,325.000,-1,225.000,-1,1,1,2,1,2,1,1,1,0,2,0,0,0,1,2,1,2
159,8855.085,-327.966,258.068,-99.036,1,0.00000,0.00000,58.985,1.588,-1,400.000,-1,400.000,-1,325.000,325.000,300.000,300.000,-1,975.000,-1,-1,725.000,775.000,-1,-1,2,0,2,0,2,0,0,0,0,2,0,2,2,0,0,2,2
160,8854.311,-332.703,258.156,-99.276,0,0.08000,-0.12000,4.800,-0.240,-1,400.000,-1,400.000,-1,325.000,325.000,300.000,300.000,-1,975.000,-1,-1,725.000,775.000,-1,-1,2,0,2,0,2,0,0,0,0,2,0,2,2,0,0,2,2
161,8852.691,-342.166,258.337,-99.718,0,0.16000,-0.22120,9.600,-0.442,-1,400.000,-1,400.000,-1,325.000,325.000,300.000,300.000,-1,975.000,-1,-1,725.000,800.000,-1,-1,2,0,2,0,2,0,0,0,0,2,0,2,2,0,0,2,2
162,8850.148,-356.339,258.617,-100.169,0,0.24000,-0.22522,14.400,-0.450,-1,400.000,-1,400.000,-1,325.000,325.000,300.000,300.000,-1,975.000,-1,-1,725.000,800.000,-1,-1,2,0,2,0,2,0,0,0,0,2,0,2,2,0,0,2,2
163,8846.606,-375.210,259.002,-100.631,0,0.32000,-0.23127,19.200,-0.463,-1,400.000,-1,400.000,-1,325.000,325.000,300.000,300.000,-1,975.000,-1,-1,725.000,800.000,-1,-1,2,0,2,0,2,0,0,0,0,2,0,2,2,0,0,2,2
164,8841.982,-398.760,259.495,-101.110,0,0.40000,-0.23934,24.000,-0.479,-1,400.000,-1,400.000,-1,325.000,325.000,300.000,300.000,-1,975.000,-1,-1,725.000,800.000,-1,-1,2,0,2,0,2,0,0,0,0,2,0,2,2,0,0,2,2
165,8836.186,-426.971,260.102,-101.609,0,0.48000,-0.24945,28.800,-0.499,-1,400.000,-1,400.000,-1,325.000,325.000,300.000,300.000,-1,1000.000,-1,-1,725.000,800.000,-1,-1,2,0,2,0,2,0,0,0,0,2,0,2,2,0,0,2,2
166,8829.125,-459.821,260.827,-102.132,0,0.56000,-0.26159,33.600,-0.523,-1,400.000,-1,400.000,-1,325.000,325.000,300.000,300.000,-1,-1,-1,-1,725.000,800.000,-1,-1,2,0,2,0,2,0,0,0,0,2,2,2,2,0,0,2,2
167,8820.698,-497.284,261.674,-102.677,0,0.64000,-0.27254,38.400,-0.545,-1,375.000,-1,400.000,-1,325.000,325.000,300.000,300.000,-1,-1,-1,-1,725.000,800.000,-1,-1,2,0,2,0,2,0,0,0,0,2,2,2,2,0,0,2,2
168,8810.817,-539.339,262.648,-103.222,0,0.72000,-0.27254,43.200,-0.545,-1,375.000,-1,400.000,-1,325.000,325.000,300.000,300.000,-1,-1,-1,-1,725.000,800.000,-1,-1,2,0,2,0,2,0,0,0,0,2,2,2,2,0,0,2,2
169,8799.956,-583.666,263.723,-103.767,0,0.76063,-0.27254,45.638,-0.545,-1,375.000,-1,400.000,-1,325.000,325.000,300.000,300.000,-1,-1,-1,-1,700.000,800.000,-1,-1,2,0,2,0,2,0,0,0,0,2,2,2,2,0,0,2,2
170,8788.652,-627.964,265.007,-104.315,0,0.76197,-0.27419,45.718,-0.548,-1,375.000,-1,400.000,-1,325.000,325.000,300.000,300.000,-1,-1,-1,-1,700.000,800.000,-1,-1,2,0,2,0,2,0,0,0,0,2,2,2,2,0,0,2,2
171,8776.877,-672.310,266.366,-104.871,0,0.76471,-0.27762,45.882,-0.555,-1,375.000,-1,400.000,-1,325.000,325.000,300.000,300.000,-1,-1,-1,-1,700.000,800.000,-1,-1,2,0,2,0,2,0,0,0,0,2,2,2,2,0,0,2,2
172,8764.624,-716.694,267.719,-105.433,0,0.76740,-0.28109,46.044,-0.562,-1,375.000,-1,400.000,-1,325.000,325.000,300.000,300.000,-1,-1,-1,-1,700.000,800.000,-1,-1,2,0,2,0,2,0,0,0,0,2,2,2,2,0,0,2,2
173,8751.887,-761.106,269.114,-106.002,0,0.77004,-0.28460,46.203,-0.569,-1,375.000,-1,400.000,-1,325.000,325.000,300.000,300.000,-1,-1,-1,-1,700.000,775.000,-1,-1,2,0,2,0,2,0,0,0,0,2,2,2,2,0,0,2,2
174,8737.136,-809.929,270.734,-106.811,0,0.85004,-0.40460,51.003,-0.809,-1,375.000,-1,400.000,-1,325.000,325.000,300.000,300.000,-1,-1,-1,-1,700.000,775.000,-1,-1,2,0,2,0,2,0,0,0,0,2,2,2,2,0,0,2,2
175,8720.639,-861.126,272.459,-107.860,0,0.89649,-0.52460,53.789,-1.049,-1,375.000,-1,400.000,-1,325.000,325.000,300.000,300.000,-1,-1,-1,-1,700.000,775.000,-1,-1,2,0,2,0,2,0,0,0,0,2,2,2,2,0,0,2,2
176,8703.125,-912.176,274.210,-108.936,0,0.89952,-0.53770,53.971,-1.075,-1,375.000,-1,400.000,-1,325.000,325.000,300.000,300.000,-1,-1,-1,-1,675.000,775.000,-1,-1,2,0,2,0,2,0,0,0,0,2,2,2,2,0,0,2,2
177,8684.587,-963.056,276.029,-110.019,0,0.90254,-0.54181,54.152,-1.084,-1,375.000,-1,400.000,-1,325.000,325.000,300.000,300.000,-1,-1,-1,-1,675.000,750.000,-1,-1,2,0,2,0,2,0,0,0,0,2,2,2,2,0,0,2,2
178,8665.017,-1013.742,277.864,-111.111,0,0.90555,-0.54594,54.333,-1.092,-1,375.000,-1,400.000,-1,325.000,325.000,300.000,300.000,-1,-1,-1,-1,675.000,750.000,-1,-1,2,0,2,0,2,0,0,0,0,2,2,2,2,0,0,2,2
179,8644.410,-1064.209,279.712,-112.212,0,0.90853,-0.55012,54.512,-1.100,-1,375.000,-1,400.000,-1,325.000,325.000,300.000,300.000,-1,-1,-1,-1,675.000,750.000,-1,-1,2,0,2,0,2,0,0,0,0,2,2,2,2,0,0,2,2
180,8622.760,-1114.430,281.569,-113.320,0,0.91148,-0.55433,54.689,-1.109,-1,375.000,-1,400.000,-1,325.000,325.000,300.000,300.000,-1,-1,-1,-1,675.000,750.000,-1,-1,2,0,2,0,2,0,0,0,0,2,2,2,2,0,0,2,2
181,8600.064,-1164.378,283.434,-114.437,0,0.91439,-0.55860,54.863,-1.117,-1,375.000,-1,400.000,1000.000,325.000,325.000,300.000,300.000,-1,-1,-1,-1,650.000,750.000,-1,-1,2,0,2,0,1,0,0,0,0,2,2,2,2,0,0,2,2
182,8576.315,-1214.026,285.472,-115.563,0,0.91726,-0.56291,55.035,-1.126,-1,375.000,-1,400.000,950.000,300.000,325.000,300.000,300.000,-1,-1,-1,-1,650.000,725.000,-1,-1,2,0,2,0,1,0,0,0,0,2,2,2,2,0,0,2,2
183,8551.513,-1263.345,287.785,-116.698,0,0.92007,-0.56729,55.204,-1.135,-1,375.000,-1,400.000,900.000,300.000,325.000,300.000,300.000,-1,-1,-1,-1,650.000,725.000,-1,-1,2,0,2,0,1,0,0,0,0,2,2,2,2,0,0,2,2
184,8525.654,-1312.305,290.248,-117.841,0,0.92282,-0.57173,55.369,-1.143,-1,375.000,-1,400.000,875.000,300.000,325.000,300.000,300.000,-1,-1,-1,-1,650.000,725.000,-1,-1,2,0,2,0,1,0,0,0,0,2,2,2,2,0,0,2,2
185,8498.738,-1360.876,292.737,-118.994,0,0.92551,-0.57623,55.530,-1.152,-1,375.000,-1,375.000,825.000,300.000,325.000,300.000,300.000,-1,-1,-1,-1,650.000,725.000,-1,1000.000,2,0,2,0,1,0,0,0,0,2,2,2,2,0,0,2,1
186,8470.764,-1409.026,295.337,-120.155,0,0.92810,-0.58082,55.686,-1.162,-1,375.000,-1,375.000,775.000,300.000,300.000,300.000,300.000,-1,-1,-1,-1,650.000,700.000,-1,925.000,2,0,2,0,1,0,0,0,0,2,2,2,2,0,0,2,1
187,8441.734,-1456.722,298.064,-121.326,0,0.93061,-0.58549,55.836,-1.171,-1,375.000,-1,375.000,725.000,300.000,300.000,300.000,300.000,-1,-1,-1,-1,650.000,700.000,-1,875.000,2,0,2,0,1,0,0,0,0,2,2,2,2,0,0,2,1
188,8411.650,-1503.932,300.903,-122.507,0,0.93301,-0.59025,55.980,-1.180,-1,375.000,-1,375.000,675.000,300.000,300.000,300.000,300.000,-1,-1,-1,-1,650.000,700.000,-1,800.000,2,0,2,0,1,0,0,0,0,2,2,2,2,0,0,2,1
189,8380.516,-1550.620,304.127,-123.697,0,0.93528,-0.59510,56.117,-1.190,-1,375.000,-1,375.000,650.000,300.000,300.000,300.000,300.000,-1,-1,-1,-1,675.000,725.000,-1,750.000,2,0,2,0,1,0,0,0,0,2,2,2,2,0,0,2,1
190,8348.338,-1596.752,307.352,-124.897,0,0.93743,-0.60007,56.246,-1.200,-1,375.000,-1,375.000,600.000,300.000,300.000,300.000,300.000,-1,-1,-1,-1,675.000,700.000,-1,700.000,2,0,2,0,1,0,0,0,0,2,2,2,2,0,1,2,1
191,8315.121,-1642.290,310.575,-126.108,0,0.93942,-0.60515,56.365,-1.210,-1,375.000,-1,375.000,550.000,300.000,325.000,300.000,300.000,-1,-1,-1,-1,675.000,675.000,-1,650.000,2,0,2,0,1,0,0,0,0,2,2,2,2,0,1,2,1
192,8280.876,-1687.197,313.791,-127.328,0,0.94125,-0.61035,56.475,-1.221,-1,375.000,-1,400.000,525.000,300.000,325.000,300.000,300.000,-1,-1,-1,-1,700.000,625.000,-1,600.000,2,0,2,0,1,0,0,0,0,2,2,2,2,0,1,2,1
193,8244.997,-1732.614,317.154,-128.309,0,0.96466,-0.49035,57.879,-0.981,-1,375.000,-1,400.000,475.000,325.000,325.000,300.000,300.000,-1,-1,925.000,-1,700.000,600.000,-1,550.000,2,0,2,0,1,0,0,0,0,2,2,0,2,0,1,2,1
194,8208.495,-1777.610,320.836,-129.050,0,0.96566,-0.37035,57.939,-0.741,-1,375.000,-1,400.000,425.000,325.000,325.000,300.000,300.000,-1,-1,875.000,-1,725.000,550.000,-1,500.000,2,0,2,0,1,0,0,0,0,2,2,0,2,0,1,2,1
195,8171.593,-1822.296,324.506,-129.550,0,0.96590,-0.25035,57.954,-0.501,-1,375.000,-1,400.000,400.000,325.000,325.000,300.000,300.000,-1,-1,850.000,-1,725.000,500.000,-1,450.000,2,0,2,0,1,0,0,0,0,2,2,0,2,0,1,2,1
196,8134.511,-1866.786,328.163,-129.811,0,0.96528,-0.13035,57.917,-0.261,-1,375.000,-1,400.000,350.000,325.000,325.000,300.000,300.000,-1,975.000,800.000,-1,725.000,475.000,-1,400.000,2,0,2,0,1,0,0,0,0,2,0,0,2,0,1,2,1
197,8097.475,-1911.188,331.828,-129.832,0,0.96368,-0.01035,57.821,-0.021,-1,400.000,-1,375.000,300.000,325.000,325.000,300.000,300.000,-1,925.000,675.000,-1,750.000,450.000,-1,350.000,2,0,2,1,1,0,0,0,0,2,0,0,2,0,1,2,1
198,8060.692,-1955.593,335.462,-129.636,0,0.96100,0.09765,57.660,0.195,-1,400.000,-1,350.000,275.000,325.000,325.000,300.000,300.000,-1,850.000,600.000,-1,750.000,425.000,-1,300.000,2,0,2,1,1,0,0,0,0,2,0,0,2,0,1,2,1
199,8024.192,-1999.933,339.056,-129.460,0,0.95719,0.08806,57.431,0.176,-1,400.000,-1,325.000,225.000,325.000,325.000,300.000,300.000,-1,750.000,575.000,-1,775.000,400.000,-1,250.000,2,0,2,1,1,0,0,0,0,2,0,0,2,0,1,2,1
200,7986.306,-2046.458,342.825,-129.157,0,1.00000,0.15172,60.000,0.303,-1,400.000,-1,300.000,175.000,325.000,325.000,300.000,300.000,-1,725.000,550.000,-1,825.000,350.000,-1,225.000,2,0,2,1,1,0,1,0,0,2,0,0,2,0,1,2,1
201,7948.651,-2093.172,347.063,-128.872,0,1.00000,0.14253,60.000,0.285,-1,400.000,-1,275.000,150.000,325.000,300.000,300.000,275.000,-1,775.000,625.000,-1,850.000,350.000,-1,175.000,2,0,2,1,1,0,1,0,1,2,0,0,2,0,1,2,1
202,7911.213,-2140.058,356.695,-128.607,0,1.00000,0.13261,60.000,0.265,-1,425.000,-1,275.000,125.000,350.000,300.000,300.000,275.000,-1,475.000,450.000,-1,-1,350.000,-1,150.000,2,0,2,1,1,0,1,0,1,2,0,0,2,2,1,2,1
203,7873.974,-2187.104,368.611,-128.363,0,1.00000,0.12192,60.000,0.244,-1,500.000,-1,300.000,125.000,400.000,325.000,275.000,275.000,1000.000,200.000,375.000,-1,-1,425.000,-1,150.000,2,0,2,1,1,1,1,0,1,0,0,0,2,2,1,2,1
204,7836.918,-2234.293,379.062,-128.142,0,1.00000,0.11040,60.000,0.221,-1,550.000,-1,325.000,125.000,425.000,350.000,250.000,250.000,650.000,125.000,300.000,-1,-1,-1,-1,150.000,2,0,2,1,1,1,1,0,1,0,0,0,2,2,2,2,1
205,7800.023,-2281.609,388.168,-127.946,0,1.00000,0.09803,60.000,0.196,-1,600.000,-1,375.000,125.000,500.000,425.000,250.000,225.000,500.000,75.000,250.000,-1,-1,-1,-1,175.000,2,0,2,1,1,1,1,0,1,0,0,0,2,2,2,2,1
206,7763.268,-2329.033,396.072,-127.776,0,1.00000,0.08477,60.000,0.170,-1,650.000,-1,525.000,125.000,550.000,600.000,250.000,225.000,425.000,50.000,225.000,-1,-1,-1,-1,225.000,2,0,2,1,1,0,0,0,1,0,0,0,2,2,2,2,1
207,7726.630,-2376.548,402.783,-127.635,0,1.00000,0.07061,60.000,0.141,-1,700.000,-1,-1,125.000,600.000,650.000,225.000,200.000,375.000,50.000,225.000,-1,-1,-1,-1,-1,2,0,2,2,1,0,0,0,1,0,0,0,2,2,2,2,2
208,7690.151,-2424.047,408.339,-127.524,0,0.99818,0.05557,59.891,0.111,-1,725.000,-1,-1,150.000,625.000,675.000,225.000,150.000,350.000,50.000,225.000,-1,-1,-1,-1,-1,2,0,2,2,1,0,0,0,1,0,0,0,2,2,2,2,2
209,5575.424,-3607.627,372.704,-81.203,1,0.00000,0.00000,59.409,0.079,-1,425.000,-1,400.000,-1,325.000,325.000,300.000,300.000,600.000,-1,-1,-1,925.000,775.000,-1,-1,2,0,2,0,2,0,0,0,0,1,2,2,2,0,0,2,2
210,5576.138,-3612.374,372.611,-81.443,0,0.08000,-0.12000,4.800,-0.240,-1,425.000,-1,400.000,-1,325.000,325.000,300.000,300.000,625.000,-1,-1,-1,925.000,775.000,-1,-1,2,0,2,0,2,0,0,0,0,1,2,2,2,0,0,2,2
211,5577.487,-3621.878,372.421,-81.923,0,0.16000,-0.24000,9.600,-0.480,-1,425.000,-1,400.000,-1,325.000,325.000,300.000,300.000,625.000,-1,-1,-1,925.000,775.000,-1,-1,2,0,2,0,2,0,0,0,0,1,2,2,2,0,0,2,2
212,5579.331,-3636.160,372.129,-82.643,0,0.24000,-0.36000,14.400,-0.720,-1,425.000,-1,400.000,-1,325.000,325.000,300.000,300.000,650.000,-1,-1,-1,900.000,750.000,-1,-1,2,0,2,0,2,0,0,0,0,1,2,2,2,0,0,2,2
213,5581.470,-3655.240,371.724,-83.603,0,0.32000,-0.48000,19.200,-0.960,-1,425.000,-1,400.000,-1,325.000,325.000,300.000,300.000,675.000,-1,-1,-1,900.000,750.000,-1,-1,2,0,2,0,2,0,0,0,0,1,2,2,2,0,0,2,2
214,5583.644,-3679.142,371.197,-84.803,0,0.40000,-0.60000,24.000,-1.200,-1,425.000,-1,400.000,-1,325.000,325.000,300.000,300.000,725.000,-1,-1,-1,900.000,750.000,-1,-1,2,0,2,0,2,0,0,0,0,1,2,2,2,0,0,2,2
215,5585.618,-3707.874,370.537,-86.070,0,0.48000,-0.63395,28.800,-1.268,-1,425.000,-1,400.000,-1,325.000,325.000,300.000,300.000,775.000,-1,-1,-1,900.000,750.000,-1,-1,2,0,2,0,2,0,0,0,0,1,2,2,2,0,0,2,2
216,5587.174,-3741.438,369.733,-87.347,0,0.56000,-0.63803,33.600,-1.276,-1,425.000,-1,400.000,-1,325.000,325.000,300.000,300.000,850.000,-1,-1,-1,875.000,725.000,-1,-1,2,0,2,0,2,0,0,0,0,1,2,2,2,0,0,2,2
217,5588.090,-3779.827,368.778,-88.632,0,0.64000,-0.64287,38.400,-1.286,-1,400.000,-1,375.000,-1,325.000,325.000,300.000,300.000,925.000,800.000,-1,-1,875.000,725.000,-1,-1,2,0,2,0,2,0,0,0,0,1,1,2,2,0,0,2,2
218,5588.143,-3823.027,367.667,-89.929,0,0.72000,-0.64849,43.200,-1.297,-1,400.000,-1,375.000,-1,325.000,325.000,300.000,300.000,1000.000,750.000,-1,-1,875.000,725.000,-1,-1,2,0,2,0,2,0,0,0,0,1,1,2,2,0,0,2,2
219,5587.105,-3871.016,366.392,-91.239,0,0.80000,-0.65491,48.000,-1.310,-1,400.000,-1,375.000,-1,325.000,325.000,300.000,300.000,-1,775.000,-1,-1,850.000,700.000,-1,-1,2,0,2,0,2,0,0,0,0,2,1,2,2,0,0,2,2
220,5584.775,-3923.074,364.928,-92.563,0,0.86851,-0.66214,52.111,-1.324,-1,400.000,-1,375.000,-1,325.000,325.000,300.000,300.000,-1,800.000,-1,-1,850.000,700.000,-1,-1,2,0,2,0,2,0,0,0,0,2,1,2,2,0,0,2,2
221,5581.205,-3975.384,362.977,-93.904,0,0.87387,-0.67008,52.432,-1.340,-1,400.000,-1,375.000,-1,325.000,325.000,300.000,300.000,-1,825.000,-1,-1,850.000,700.000,-1,-1,2,0,2,0,2,0,0,0,0,2,1,2,2,0,0,2,2
222,5576.368,-4027.935,360.925,-95.260,0,0.87954,-0.67816,52.773,-1.356,-1,400.000,-1,375.000,-1,325.000,325.000,300.000,300.000,-1,875.000,-1,-1,825.000,700.000,-1,-1,2,0,2,0,2,0,0,0,0,2,1,2,2,0,0,2,2
223,5570.231,-4080.710,358.840,-96.633,0,0.88551,-0.68638,53.131,-1.373,-1,400.000,-1,375.000,-1,325.000,325.000,300.000,300.000,-1,900.000,-1,-1,825.000,675.000,-1,-1,2,0,2,0,2,0,0,0,0,2,1,2,2,0,0,2,2
224,5562.764,-4133.690,356.730,-98.022,0,0.89174,-0.69471,53.504,-1.389,-1,400.000,-1,375.000,-1,325.000,325.000,300.000,300.000,-1,950.000,-1,-1,825.000,675.000,-1,-1,2,0,2,0,2,0,0,0,0,2,1,2,2,0,0,2,2
225,5553.936,-4186.854,354.603,-99.428,0,0.89819,-0.70317,53.892,-1.406,-1,400.000,-1,375.000,-1,325.000,325.000,300.000,300.000,-1,1000.000,-1,-1,800.000,675.000,-1,-1,2,0,2,0,2,0,0,0,0,2,1,2,2,0,0,2,2
226,5543.221,-4241.999,352.391,-100.995,0,0.93628,-0.78340,56.177,-1.567,-1,400.000,-1,375.000,-1,325.000,300.000,300.000,300.000,-1,-1,-1,-1,800.000,675.000,-1,-1,2,0,2,0,2,0,0,0,0,2,2,2,2,0,0,2,2
227,5530.996,-4296.847,350.193,-102.566,0,0.93657,-0.78535,56.194,-1.571,-1,400.000,-1,375.000,-1,325.000,300.000,300.000,300.000,-1,-1,-1,-1,800.000,675.000,-1,-1,2,0,2,0,2,0,0,0,0,2,2,2,2,0,0,2,2
228,5517.263,-4351.355,348.019,-104.140,0,0.93685,-0.78730,56.211,-1.575,-1,400.000,-1,375.000,-1,325.000,300.000,325.000,300.000,-1,-1,-1,-1,775.000,650.000,-1,-1,2,0,2,0,2,0,0,0,0,2,2,2,2,0,0,2,2
229,5502.030,-4405.480,345.879,-105.719,0,0.93712,-0.78924,56.227,-1.578,-1,400.000,-1,375.000,-1,325.000,300.000,325.000,325.000,-1,-1,-1,-1,775.000,650.000,-1,-1,2,0,2,0,2,0,0,0,0,2,2,2,2,0,0,2,2
230,5485.304,-4459.178,343.782,-107.301,0,0.93739,-0.79117,56.243,-1.582,-1,400.000,-1,375.000,-1,325.000,300.000,325.000,325.000,-1,-1,-1,-1,775.000,650.000,-1,-1,2,0,2,0,2,0,0,0,0,2,2,2,2,0,0,2,2
231,5467.092,-4512.407,341.692,-108.887,0,0.93764,-0.79309,56.258,-1.586,-1,400.000,-1,375.000,-1,325.000,300.000,325.000,325.000,-1,-1,-1,-1,750.000,650.000,-1,-1,2,0,2,0,2,0,0,0,0,2,2,2,2,0,0,2,2
232,5447.406,-4565.124,339.638,-110.477,0,0.93788,-0.79500,56.273,-1.590,-1,400.000,-1,375.000,-1,300.000,300.000,325.000,325.000,-1,650.000,-1,-1,750.000,650.000,-1,-1,2,0,2,0,2,0,0,0,0,2,0,2,2,0,0,2,2
233,5426.256,-4617.286,337.692,-112.071,0,0.93811,-0.79689,56.286,-1.594,-1,375.000,-1,375.000,-1,300.000,300.000,325.000,325.000,-1,600.000,750.000,-1,725.000,650.000,-1,-1,2,0,2,0,2,0,0,0,0,2,0,0,2,0,0,2,2
234,5405.787,-4664.529,335.998,-113.425,0,0.85811,-0.67689,51.486,-1.354,-1,375.000,-1,375.000,-1,300.000,300.000,325.000,325.000,-1,550.000,700.000,-1,725.000,650.000,-1,-1,2,0,2,0,2,0,0,0,0,2,0,0,2,0,0,2,2
235,5386.391,-4707.015,334.506,-114.539,0,0.77841,-0.55689,46.704,-1.114,-1,375.000,-1,375.000,-1,300.000,300.000,325.000,325.000,-1,525.000,650.000,-1,725.000,650.000,-1,-1,2,0,2,0,2,0,0,0,0,2,0,0,2,0,0,2,2
236,5366.307,-4749.286,333.076,-115.413,0,0.77999,-0.43689,46.799,-0.874,-1,375.000,-1,375.000,1000.000,300.000,300.000,325.000,325.000,-1,500.000,625.000,-1,725.000,650.000,-1,-1,2,0,2,0,1,0,0,0,0,2,0,0,2,0,0,2,2
237,5345.666,-4791.376,331.711,-116.124,0,0.78131,-0.35547,46.879,-0.711,-1,375.000,-1,375.000,975.000,300.000,300.000,325.000,325.000,-1,475.000,600.000,-1,725.000,650.000,-1,-1,2,0,2,0,1,0,0,0,0,2,0,0,2,0,0,2,2
238,5324.469,-4833.262,330.420,-116.842,0,0.78240,-0.35940,46.944,-0.719,-1,375.000,-1,375.000,950.000,300.000,300.000,325.000,325.000,-1,450.000,575.000,-1,725.000,650.000,-1,-1,2,0,2,0,1,0,0,0,0,2,0,0,2,0,0,2,2
239,5302.716,-4874.928,329.207,-117.569,0,0.78338,-0.36336,47.003,-0.727,-1,375.000,-1,375.000,925.000,300.000,300.000,325.000,325.000,-1,425.000,550.000,-1,700.000,650.000,-1,-1,2,0,2,0,1,0,0,0,0,2,0,0,2,0,0,2,2
240,5280.404,-4916.357,328.093,-118.304,0,0.78425,-0.36736,47.055,-0.735,-1,375.000,-1,375.000,900.000,300.000,300.000,325.000,325.000,-1,425.000,525.000,-1,700.000,650.000,-1,-1,2,0,2,0,1,0,0,0,0,2,0,0,2,0,0,2,2
241,5257.536,-4957.534,327.092,-119.047,0,0.78501,-0.37138,47.101,-0.743,-1,375.000,-1,375.000,875.000,300.000,300.000,325.000,325.000,-1,400.000,500.000,-1,700.000,650.000,-1,-1,2,0,2,0,1,0,0,0,0,2,0,0,2,0,0,2,2
242,5234.111,-4998.441,326.170,-119.797,0,0.78565,-0.37544,47.139,-0.751,-1,375.000,-1,375.000,850.000,300.000,300.000,325.000,325.000,-1,400.000,475.000,-1,700.000,650.000,-1,-1,2,0,2,0,1,0,0,0,0,2,0,0,2,0,0,2,2
243,5210.130,-5039.060,325.330,-120.556,0,0.78617,-0.37953,47.170,-0.759,-1,375.000,-1,375.000,825.000,300.000,300.000,325.000,325.000,-1,400.000,450.000,-1,700.000,650.000,-1,-1,2,0,2,0,1,0,0,0,0,2,0,0,2,0,0,2,2
244,5185.596,-5079.375,324.582,-121.324,0,0.78656,-0.38365,47.194,-0.767,-1,375.000,-1,375.000,800.000,300.000,300.000,325.000,325.000,-1,375.000,450.000,-1,700.000,650.000,-1,1000.000,2,0,2,0,1,0,0,0,0,2,0,0,2,0,0,2,1
245,5160.509,-5119.368,323.950,-122.099,0,0.78683,-0.38779,47.210,-0.776,-1,375.000,-1,375.000,775.000,300.000,300.000,325.000,325.000,-1,375.000,450.000,-1,700.000,675.000,-1,975.000,2,0,2,0,1,0,0,0,0,2,0,0,2,0,0,2,1
246,5134.873,-5159.020,323.425,-122.883,0,0.78696,-0.39195,47.218,-0.784,-1,375.000,-1,375.000,750.000,300.000,300.000,325.000,325.000,-1,375.000,450.000,-1,700.000,675.000,-1,950.000,2,0,2,0,1,0,0,0,0,2,0,0,2,0,0,2,1
247,5108.691,-5198.315,323.033,-123.676,0,0.78697,-0.39613,47.218,-0.792,-1,375.000,-1,375.000,725.000,300.000,300.000,325.000,325.000,-1,375.000,425.000,-1,700.000,675.000,-1,925.000,2,0,2,0,1,0,0,0,0,2,0,0,2,0,0,2,1
248,5081.967,-5237.233,322.731,-124.476,0,0.78683,-0.40032,47.210,-0.801,-1,375.000,-1,375.000,700.000,300.000,300.000,325.000,325.000,-1,375.000,425.000,-1,700.000,675.000,-1,925.000,2,0,2,0,1,0,0,0,0,2,0,0,2,0,0,2,1
249,5054.706,-5275.756,322.520,-125.285,0,0.78656,-0.40453,47.194,-0.809,-1,375.000,-1,375.000,675.000,300.000,300.000,325.000,325.000,-1,375.000,425.000,-1,700.000,675.000,-1,900.000,2,0,2,0,1,0,0,0,0,2,0,0,2,0,1,2,1
250,5025.722,-5315.618,322.396,-126.022,0,0.82141,-0.36814,49.285,-0.736,-1,375.000,-1,375.000,650.000,300.000,300.000,325.000,325.000,-1,375.000,425.000,-1,700.000,675.000,-1,875.000,2,0,2,0,1,0,0,0,0,2,0,0,2,0,1,2,1
251,4996.122,-5355.232,322.369,-126.767,0,0.82419,-0.37274,49.451,-0.745,-1,375.000,-1,375.000,625.000,300.000,300.000,325.000,325.000,-1,375.000,425.000,-1,700.000,650.000,-1,900.000,2,0,2,0,1,0,0,0,0,2,0,0,2,0,1,2,1
252,4969.081,-5390.764,322.424,-127.272,0,0.74419,-0.25274,44.651,-0.505,-1,375.000,-1,375.000,600.000,300.000,300.000,325.000,325.000,-1,375.000,425.000,-1,725.000,650.000,-1,-1,2,0,2,0,1,0,0,0,0,2,0,0,2,0,1,2,2
253,4944.690,-5422.278,322.541,-127.739,0,0.66419,-0.23307,39.851,-0.466,-1,375.000,-1,375.000,575.000,300.000,300.000,325.000,325.000,-1,375.000,425.000,-1,725.000,650.000,-1,-1,2,0,2,0,1,0,0,0,0,2,0,0,2,0,1,2,2
254,4923.008,-5449.818,322.698,-128.213,0,0.58419,-0.23741,35.051,-0.475,-1,375.000,-1,375.000,575.000,325.000,300.000,325.000,325.000,-1,375.000,400.000,-1,725.000,650.000,-1,-1,2,0,2,0,1,0,0,0,0,2,0,0,2,0,1,2,2
255,4904.095,-5473.429,322.884,-128.696,0,0.50419,-0.24122,30.251,-0.482,-1,375.000,-1,375.000,550.000,325.000,300.000,325.000,325.000,-1,375.000,425.000,-1,725.000,625.000,-1,-1,2,0,2,0,1,0,0,0,0,2,0,0,2,0,1,2,2
256,4888.014,-5493.156,323.059,-129.185,0,0.42419,-0.24444,25.451,-0.489,-1,375.000,-1,375.000,550.000,325.000,300.000,325.000,325.000,-1,400.000,425.000,-1,725.000,625.000,-1,-1,2,0,2,0,1,0,0,0,0,2,0,0,2,0,1,2,2
257,4874.829,-5509.050,323.217,-129.679,0,0.34419,-0.24703,20.651,-0.494,-1,375.000,-1,375.000,525.000,325.000,300.000,325.000,325.000,-1,400.000,425.000,-1,725.000,625.000,-1,-1,2,0,2,0,1,0,0,0,0,2,0,0,2,0,1,2,2
258,4864.603,-5521.161,323.348,-130.177,0,0.26419,-0.24896,15.851,-0.498,-1,375.000,-1,375.000,525.000,325.000,300.000,325.000,325.000,-1,400.000,425.000,-1,725.000,625.000,-1,-1,2,0,2,0,1,0,0,0,0,2,0,0,2,0,1,2,2
259,4857.399,-5529.542,323.445,-130.677,0,0.18419,-0.25020,11.051,-0.500,-1,375.000,-1,375.000,500.000,325.000,325.000,325.000,325.000,-1,400.000,425.000,-1,725.000,625.000,-1,-1,2,0,2,0,1,0,0,0,0,2,0,0,2,0,1,2,2
260,4853.284,-5534.247,323.502,-131.179,0,0.10419,-0.25074,6.251,-0.501,-1,375.000,-1,375.000,500.000,325.000,325.000,325.000,325.000,-1,400.000,425.000,-1,725.000,625.000,-1,-1,2,0,2,0,1,0,0,0,0,2,0,0,2,0,1,2,2
261,4852.319,-5535.331,323.513,-131.680,0,0.02419,-0.25056,1.451,-0.501,-1,375.000,-1,375.000,500.000,325.000,325.000,325.000,325.000,-1,400.000,425.000,-1,725.000,625.000,-1,-1,2,0,2,0,1,0,0,0,0,2,0,0,2,0,1,2,2
262,4854.567,-5532.849,323.476,-132.179,0,-0.05581,-0.24967,-3.349,-0.499,-1,375.000,-1,375.000,500.000,325.000,325.000,325.000,325.000,-1,400.000,425.000,-1,725.000,625.000,-1,775.000,2,0,2,0,1,0,0,0,0,2,0,0,2,0,1,2,1
263,4860.116,-5526.882,323.387,-132.918,0,-0.13581,-0.36967,-8.149,-0.739,-1,375.000,-1,375.000,500.000,325.000,325.000,325.000,325.000,-1,400.000,400.000,-1,725.000,600.000,-1,700.000,2,0,2,0,1,0,0,0,0,2,0,0,2,0,1,2,1
264,4869.085,-5517.542,323.245,-133.836,0,-0.21581,-0.45901,-12.949,-0.918,-1,375.000,-1,375.000,500.000,325.000,325.000,325.000,325.000,-1,400.000,400.000,-1,725.000,600.000,-1,650.000,2,0,2,0,1,0,0,0,0,2,0,0,2,0,1,2,1
265,4881.579,-5504.936,323.068,-134.747,0,-0.29581,-0.45517,-17.749,-0.910,-1,375.000,-1,375.000,500.000,325.000,300.000,325.000,325.000,-1,400.000,400.000,-1,725.000,600.000,-1,625.000,2,0,2,0,1,0,0,0,0,2,0,0,2,0,1,2,1
266,4895.045,-5491.772,322.888,-135.648,0,-0.31385,-0.45076,-18.831,-0.902,-1,375.000,-1,375.000,500.000,300.000,300.000,325.000,325.000,-1,400.000,400.000,-1,725.000,600.000,-1,625.000,2,0,2,0,1,0,0,0,0,2,0,0,2,0,1,2,1
267,4908.687,-5478.844,322.713,-136.541,0,-0.31324,-0.44633,-18.794,-0.893,-1,375.000,-1,375.000,500.000,300.000,300.000,325.000,325.000,-1,400.000,400.000,-1,725.000,575.000,-1,600.000,2,0,2,0,1,0,0,0,0,2,0,0,2,0,1,2,1
268,4922.509,-5466.146,322.542,-137.425,0,-0.31282,-0.44203,-18.769,-0.884,-1,375.000,-1,375.000,500.000,300.000,300.000,325.000,325.000,-1,400.000,400.000,-1,700.000,575.000,-1,600.000,2,0,2,0,1,0,0,0,0,2,0,0,2,0,1,2,1
269,4936.511,-5453.670,322.376,-138.301,0,-0.31257,-0.43787,-18.754,-0.876,-1,375.000,-1,375.000,525.000,300.000,300.000,325.000,325.000,-1,400.000,375.000,-1,700.000,575.000,-1,600.000,2,0,2,0,1,0,0,0,0,2,0,0,2,0,1,2,1
270,4950.698,-5441.411,322.215,-139.168,0,-0.31250,-0.43384,-18.750,-0.868,-1,375.000,-1,375.000,525.000,300.000,300.000,325.000,325.000,-1,400.000,375.000,-1,700.000,575.000,-1,600.000,2,0,2,0,1,0,0,0,0,2,0,0,2,0,1,2,1
271,4965.072,-5429.362,322.057,-140.028,0,-0.31260,-0.42994,-18.756,-0.860,-1,375.000,-1,375.000,550.000,300.000,300.000,325.000,325.000,-1,400.000,375.000,-1,700.000,575.000,-1,600.000,2,0,2,0,1,0,0,0,0,2,0,0,2,0,1,2,1
272,4979.636,-5417.518,321.904,-140.881,0,-0.31286,-0.42617,-18.771,-0.852,-1,375.000,-1,375.000,575.000,300.000,300.000,325.000,325.000,-1,400.000,375.000,-1,700.000,575.000,-1,600.000,2,0,2,0,1,0,0,0,0,2,0,0,2,0,1,2,1
273,4994.392,-5405.875,321.755,-141.726,0,-0.31327,-0.42252,-18.796,-0.845,-1,375.000,-1,375.000,575.000,300.000,300.000,325.000,325.000,-1,400.000,375.000,-1,700.000,600.000,-1,625.000,2,0,2,0,1,0,0,0,0,2,0,0,2,0,1,2,1
274,5009.343,-5394.429,321.609,-142.564,0,-0.31383,-0.41900,-18.830,-0.838,-1,375.000,-1,375.000,600.000,300.000,300.000,325.000,325.000,-1,400.000,375.000,-1,700.000,600.000,-1,625.000,2,0,2,0,1,0,0,0,0,2,0,0,2,0,1,2,1
275,5024.492,-5383.176,321.465,-143.395,0,-0.31452,-0.41560,-18.871,-0.831,-1,375.000,-1,375.000,625.000,300.000,300.000,325.000,325.000,-1,400.000,375.000,-1,700.000,600.000,-1,625.000,2,0,2,0,1,0,0,0,0,2,0,0,2,0,1,2,1
276,5039.843,-5372.113,321.324,-144.220,0,-0.31535,-0.41232,-18.921,-0.825,-1,375.000,-1,375.000,625.000,300.000,300.000,325.000,325.000,-1,400.000,375.000,-1,700.000,600.000,-1,650.000,2,0,2,0,1,0,0,0,0,2,0,0,2,0,1,2,1
277,5055.396,-5361.238,321.187,-145.038,0,-0.31631,-0.40915,-18.979,-0.818,-1,375.000,-1,375.000,650.000,300.000,300.000,325.000,325.000,-1,400.000,375.000,-1,675.000,600.000,-1,650.000,2,0,2,0,1,0,0,0,0,2,0,0,2,0,1,2,1
278,5071.156,-5350.547,321.054,-145.850,0,-0.31740,-0.40611,-19.044,-0.812,-1,375.000,-1,375.000,675.000,300.000,300.000,325.000,325.000,-1,400.000,375.000,-1,675.000,600.000,-1,675.000,2,0,2,0,1,0,0,0,0,2,0,0,2,0,1,2,1
279,5087.126,-5340.040,320.925,-146.656,0,-0.31860,-0.40317,-19.116,-0.806,-1,375.000,-1,375.000,675.000,300.000,300.000,325.000,325.000,-1,400.000,375.000,-1,675.000,625.000,-1,700.000,2,0,2,0,1,0,0,0,0,2,0,0,2,0,1,2,1
280,5103.307,-5329.715,320.800,-147.457,0,-0.31991,-0.40035,-19.195,-0.801,-1,375.000,-1,375.000,700.000,300.000,300.000,325.000,325.000,-1,400.000,375.000,-1,675.000,625.000,-1,700.000,2,0,2,0,1,0,0,0,0,2,0,0,2,0,1,2,1
281,5119.702,-5319.570,320.679,-148.252,0,-0.32133,-0.39764,-19.280,-0.795,-1,375.000,-1,375.000,725.000,300.000,300.000,325.000,325.000,-1,400.000,375.000,-1,675.000,625.000,-1,725.000,2,0,2,0,1,0,0,0,0,2,0,0,2,0,1,2,1
282,5136.313,-5309.606,320.562,-149.042,0,-0.32285,-0.39504,-19.371,-0.790,-1,375.000,-1,375.000,750.000,300.000,300.000,325.000,325.000,-1,400.000,375.000,-1,675.000,650.000,-1,750.000,2,0,2,0,1,0,0,0,0,2,0,0,2,0,1,2,1
283,5153.144,-5299.821,320.448,-149.828,0,-0.32447,-0.39254,-19.468,-0.785,-1,375.000,-1,375.000,775.000,300.000,300.000,325.000,325.000,-1,400.000,375.000,-1,675.000,650.000,-1,750.000,2,0,2,0,1,0,0,0,0,2,0,0,2,0,1,2,1
284,5170.196,-5290.215,320.354,-150.608,0,-0.32619,-0.39015,-19.571,-0.780,-1,375.000,-1,375.000,775.000,300.000,300.000,325.000,325.000,-1,425.000,375.000,-1,675.000,650.000,-1,775.000,2,0,2,0,1,0,0,0,0,2,0,0,2,0,1,2,1
285,5187.472,-5280.790,320.292,-151.384,0,-0.32799,-0.38787,-19.680,-0.776,-1,375.000,-1,375.000,800.000,300.000,300.000,325.000,325.000,-1,425.000,375.000,-1,675.000,675.000,-1,800.000,2,0,2,0,1,0,0,0,0,2,0,0,2,0,1,2,1
286,5204.973,-5271.545,320.233,-152.155,0,-0.32988,-0.38568,-19.793,-0.771,-1,375.000,-1,375.000,825.000,300.000,300.000,325.000,325.000,-1,425.000,375.000,-1,675.000,675.000,-1,800.000,2,0,2,0,1,0,0,0,0,2,0,0,2,0,1,2,1
287,5222.702,-5262.481,320.178,-152.922,0,-0.33186,-0.38360,-19.911,-0.767,-1,375.000,-1,375.000,850.000,300.000,300.000,325.000,325.000,-1,450.000,400.000,-1,675.000,675.000,-1,825.000,2,0,2,0,1,0,0,0,0,2,0,0,2,0,1,2,1
288,5240.661,-5253.600,320.125,-153.685,0,-0.33391,-0.38161,-20.034,-0.763,-1,375.000,-1,375.000,875.000,300.000,300.000,325.000,325.000,-1,450.000,400.000,-1,675.000,700.000,-1,850.000,2,0,2,0,1,0,0,0,0,2,0,0,2,0,1,2,1
289,5258.850,-5244.903,320.075,-154.445,0,-0.33603,-0.37972,-20.162,-0.759,-1,375.000,-1,375.000,900.000,300.000,300.000,325.000,325.000,-1,475.000,400.000,-1,675.000,700.000,-1,850.000,2,0,2,0,1,0,0,0,0,2,0,0,2,0,1,2,1
290,5277.894,-5236.125,320.025,-155.254,0,-0.34948,-0.40478,-20.969,-0.810,-1,375.000,-1,375.000,925.000,300.000,300.000,325.000,325.000,-1,475.000,400.000,-1,650.000,725.000,-1,875.000,2,0,2,0,1,0,0,0,0,2,0,0,2,0,1,2,1
291,5297.111,-5227.592,319.977,-156.058,0,-0.35045,-0.40193,-21.027,-0.804,-1,375.000,-1,375.000,950.000,300.000,300.000,325.000,325.000,-1,500.000,425.000,-1,650.000,725.000,-1,900.000,2,0,2,0,1,0,0,0,0,2,0,0,2,0,1,2,1
292,5316.506,-5219.302,319.935,-156.857,0,-0.35154,-0.39916,-21.092,-0.798,-1,375.000,-1,375.000,975.000,300.000,300.000,325.000,325.000,-1,500.000,425.000,-1,650.000,725.000,-1,925.000,2,0,2,0,1,0,0,0,0,2,0,0,2,0,0,2,1
293,5336.081,-5211.254,319.934,-157.650,0,-0.35275,-0.39650,-21.165,-0.793,-1,375.000,-1,375.000,1000.000,300.000,300.000,325.000,325.000,-1,525.000,425.000,-1,650.000,725.000,-1,950.000,2,0,2,0,1,0,0,0,0,2,0,0,2,0,0,2,1
294,5351.276,-5205.177,319.938,-158.203,0,-0.27275,-0.27650,-16.365,-0.553,-1,375.000,-1,375.000,-1,300.000,300.000,325.000,325.000,-1,525.000,425.000,-1,650.000,725.000,-1,950.000,2,0,2,0,2,0,0,0,0,2,0,0,2,0,0,2,1
295,5362.038,-5200.941,319.951,-158.516,0,-0.19275,-0.15650,-11.565,-0.313,-1,375.000,-1,375.000,-1,300.000,300.000,325.000,325.000,-1,550.000,450.000,-1,650.000,725.000,-1,975.000,2,0,2,0,2,0,0,0,0,2,0,0,2,0,0,2,1
296,5368.342,-5198.487,319.962,-158.732,0,-0.11275,-0.10799,-6.765,-0.216,-1,375.000,-1,375.000,-1,300.000,300.000,325.000,325.000,-1,550.000,450.000,-1,650.000,725.000,-1,975.000,2,0,2,0,2,0,0,0,0,2,0,0,2,0,0,2,1
297,5370.176,-5197.781,319.964,-158.946,0,-0.03275,-0.10727,-1.965,-0.215,-1,375.000,-1,375.000,-1,300.000,300.000,325.000,325.000,-1,550.000,450.000,-1,650.000,725.000,-1,975.000,2,0,2,0,2,0,0,0,0,2,0,0,2,0,0,2,1
298,5367.527,-5198.790,319.952,-159.160,0,0.04725,-0.10691,2.835,-0.214,-1,375.000,-1,375.000,-1,300.000,300.000,325.000,325.000,-1,550.000,450.000,-1,650.000,725.000,-1,975.000,2,0,2,0,2,0,0,0,0,2,0,0,2,0,0,2,1
299,5360.381,-5201.479,319.930,-159.374,0,0.12725,-0.10692,7.635,-0.214,-1,375.000,-1,375.000,-1,300.000,300.000,325.000,325.000,-1,550.000,450.000,-1,650.000,725.000,-1,975.000,2,0,2,0,2,0,0,0,0,2,0,0,2,0,0,2,1
